<TICKER>,<PER>,<DATE>,<TIME>,<OPEN>,<HIGH>,<LOW>,<CLOSE>,<VOL>,<OPENINT>
1AT_PE,D,20150723,000000,4.8211,4.8211,4.8211,4.8211,0,0
1AT_PE,D,20150724,000000,4.7458,4.8965,4.7458,4.8965,0,0
1AT_PE,D,20150727,000000,4.8965,4.8965,4.8211,4.8211,0,0
1AT_PE,D,20150728,000000,4.8211,4.8211,4.8211,4.8211,0,0
1AT_PE,D,20150729,000000,4.8211,4.8211,4.8211,4.8211,0,0
1AT_PE,D,20150730,000000,4.7458,4.8211,4.7458,4.8211,0,0
1AT_PE,D,20150731,000000,4.8211,4.8211,4.8211,4.8211,0,0
1AT_PE,D,20150803,000000,4.7458,4.7458,4.5951,4.6705,0,0
1AT_PE,D,20150804,000000,4.6705,4.6705,4.6705,4.6705,0,0
1AT_PE,D,20150805,000000,4.6705,4.8211,4.6705,4.8211,0,0
1AT_PE,D,20150806,000000,4.8211,4.8211,4.8211,4.8211,0,0
1AT_PE,D,20150807,000000,4.8211,4.8211,4.8211,4.8211,0,0
1AT_PE,D,20150810,000000,4.8211,4.8211,4.8211,4.8211,0,0
1AT_PE,D,20150811,000000,4.8211,4.8211,4.8211,4.8211,0,0
1AT_PE,D,20150812,000000,4.8211,4.8211,4.6705,4.8211,0,0
1AT_PE,D,20150813,000000,4.8211,4.8211,4.7458,4.7458,0,0
1AT_PE,D,20150814,000000,4.7458,4.8211,4.7458,4.8211,0,0
1AT_PE,D,20150817,000000,4.8211,4.8211,4.8211,4.8211,0,0
1AT_PE,D,20150818,000000,4.8211,4.8211,4.5199,4.8211,0,0
1AT_PE,D,20150819,000000,4.5951,4.8211,4.5951,4.7458,0,0
1AT_PE,D,20150820,000000,4.7458,4.7458,4.6705,4.7458,0,0
1AT_PE,D,20150821,000000,4.7458,4.7458,4.7458,4.7458,0,0
1AT_PE,D,20150824,000000,4.7458,4.7458,4.4445,4.7458,0,0
1AT_PE,D,20150825,000000,4.6705,4.7458,4.6705,4.7458,0,0
1AT_PE,D,20150827,000000,4.6705,4.7458,4.5951,4.7458,0,0
1AT_PE,D,20150828,000000,4.6705,4.7458,4.6705,4.7458,0,0
1AT_PE,D,20150831,000000,4.5199,4.7458,4.5199,4.7458,0,0
1AT_PE,D,20150901,000000,4.7458,4.7458,4.5199,4.7458,0,0
1AT_PE,D,20150902,000000,4.7458,6.2525,4.5951,6.2525,0,0
1AT_PE,D,20150903,000000,6.2525,6.3278,6.1017,6.3278,0,0
1AT_PE,D,20150907,000000,6.3278,6.3278,6.3278,6.3278,0,0
1AT_PE,D,20150908,000000,6.177,6.2525,6.177,6.2525,0,0
1AT_PE,D,20150909,000000,6.2525,6.2525,6.2525,6.2525,0,0
1AT_PE,D,20150910,000000,6.177,6.3278,6.177,6.3278,0,0
1AT_PE,D,20150911,000000,6.3278,6.3278,6.3278,6.3278,0,0
1AT_PE,D,20150914,000000,6.3278,6.3278,6.2525,6.2525,0,0
1AT_PE,D,20150915,000000,6.2525,6.2525,5.8757,5.9511,0,0
1AT_PE,D,20150916,000000,6.1017,6.1017,5.9511,6.0263,0,0
1AT_PE,D,20150917,000000,6.1017,6.1017,6.1017,6.1017,0,0
1AT_PE,D,20150918,000000,6.177,6.177,6.0263,6.0263,0,0
1AT_PE,D,20150921,000000,6.0263,6.1017,6.0263,6.1017,0,0
1AT_PE,D,20150922,000000,6.1017,6.177,6.1017,6.177,0,0
1AT_PE,D,20150923,000000,6.177,6.177,6.177,6.177,0,0
1AT_PE,D,20150924,000000,6.177,6.177,6.177,6.177,0,0
1AT_PE,D,20150928,000000,5.9511,6.1017,5.9511,6.1017,0,0
1AT_PE,D,20150929,000000,6.1017,6.1017,6.1017,6.1017,0,0
1AT_PE,D,20150930,000000,5.8757,6.2525,5.8757,6.2525,0,0
1AT_PE,D,20151001,000000,6.2525,6.2525,6.2525,6.2525,0,0
1AT_PE,D,20151002,000000,6.177,6.177,6.177,6.177,0,0
1AT_PE,D,20151005,000000,6.177,6.177,6.0263,6.177,0,0
1AT_PE,D,20151006,000000,6.2525,6.2525,6.2525,6.2525,0,0
1AT_PE,D,20151007,000000,6.2525,6.2525,6.0263,6.2525,0,0
1AT_PE,D,20151008,000000,6.2525,6.2525,6.1017,6.1017,0,0
1AT_PE,D,20151009,000000,6.177,6.177,6.177,6.177,0,0
1AT_PE,D,20151012,000000,6.177,6.177,6.0263,6.177,0,0
1AT_PE,D,20151013,000000,6.177,6.2525,6.177,6.2525,0,0
1AT_PE,D,20151014,000000,6.1017,6.2525,6.1017,6.2525,0,0
1AT_PE,D,20151015,000000,6.2525,6.2525,6.2525,6.2525,0,0
1AT_PE,D,20151016,000000,6.2525,6.2525,6.2525,6.2525,0,0
1AT_PE,D,20151019,000000,6.2525,6.2525,6.2525,6.2525,0,0
1AT_PE,D,20151020,000000,6.2525,6.2525,6.2525,6.2525,0,0
1AT_PE,D,20151021,000000,6.2525,6.2525,6.2525,6.2525,0,0
1AT_PE,D,20151022,000000,6.2525,6.2525,6.0263,6.2525,0,0
1AT_PE,D,20151023,000000,6.2525,6.2525,6.2525,6.2525,0,0
1AT_PE,D,20151026,000000,6.2525,6.2525,6.2525,6.2525,0,0
1AT_PE,D,20151027,000000,6.2525,6.2525,6.177,6.2525,0,0
1AT_PE,D,20151028,000000,6.2525,6.3278,6.2525,6.3278,0,0
1AT_PE,D,20151029,000000,6.2525,6.3278,6.2525,6.3278,0,0
1AT_PE,D,20151030,000000,6.2525,6.4784,6.2525,6.4784,0,0
1AT_PE,D,20151102,000000,6.4784,6.4784,6.4784,6.4784,0,0
1AT_PE,D,20151103,000000,6.4784,6.4784,6.3278,6.4784,0,0
1AT_PE,D,20151104,000000,6.4784,6.4784,6.3278,6.3278,0,0
1AT_PE,D,20151105,000000,6.3278,6.3278,6.177,6.2525,0,0
1AT_PE,D,20151106,000000,6.3278,6.3278,6.1017,6.177,0,0
1AT_PE,D,20151110,000000,6.177,6.177,6.1017,6.1017,0,0
1AT_PE,D,20151112,000000,6.1017,6.1017,6.1017,6.1017,0,0
1AT_PE,D,20151113,000000,6.1017,6.177,6.1017,6.177,0,0
1AT_PE,D,20151116,000000,6.1017,6.2525,6.1017,6.177,0,0
1AT_PE,D,20151117,000000,6.177,6.177,6.177,6.177,0,0
1AT_PE,D,20151118,000000,6.2525,17.551,6.2525,17.551,0,0
1AT_PE,D,20151119,000000,17.251,17.251,17.251,17.251,0,0
1AT_PE,D,20151120,000000,17.251,17.251,16.724,17.251,0,0
1AT_PE,D,20151123,000000,17.326,17.551,17.326,17.551,0,0
1AT_PE,D,20151124,000000,17.477,17.628,17.025,17.628,0,0
1AT_PE,D,20151125,000000,17.628,17.628,17.175,17.628,0,0
1AT_PE,D,20151126,000000,17.703,17.703,17.401,17.703,0,0
1AT_PE,D,20151127,000000,17.703,17.777,17.551,17.777,0,0
1AT_PE,D,20151130,000000,17.777,17.777,17.477,17.777,0,0
1AT_PE,D,20151201,000000,17.777,17.777,17.777,17.777,0,0
1AT_PE,D,20151202,000000,17.777,17.777,17.777,17.777,0,0
1AT_PE,D,20151203,000000,17.175,17.703,17.175,17.628,0,0
1AT_PE,D,20151204,000000,17.628,17.628,17.1,17.628,0,0
1AT_PE,D,20151207,000000,17.628,17.628,17.628,17.628,0,0
1AT_PE,D,20151208,000000,17.628,17.628,17.251,17.628,0,0
1AT_PE,D,20151209,000000,17.628,17.628,17.401,17.477,0,0
1AT_PE,D,20151210,000000,17.477,17.477,17.1,17.477,0,0
1AT_PE,D,20151211,000000,17.1,17.175,16.799,16.949,0,0
1AT_PE,D,20151214,000000,16.724,17.251,16.724,17.251,0,0
1AT_PE,D,20151215,000000,17.401,17.477,16.423,16.949,0,0
1AT_PE,D,20151216,000000,17.025,17.477,16.121,17.477,0,0
1AT_PE,D,20151217,000000,16.724,17.175,16.648,17.175,0,0
1AT_PE,D,20151218,000000,17.1,17.251,16.874,17.251,0,0
1AT_PE,D,20151221,000000,16.799,16.874,16.799,16.874,0,0
1AT_PE,D,20151222,000000,16.874,16.874,16.648,16.874,0,0
1AT_PE,D,20151223,000000,17.025,17.551,17.025,17.477,0,0
1AT_PE,D,20151228,000000,17.477,17.477,16.648,17.477,0,0
1AT_PE,D,20151229,000000,16.874,17.477,16.874,17.326,0,0
1AT_PE,D,20151230,000000,17.326,17.326,17.326,17.326,0,0
1AT_PE,D,20160104,000000,17.326,17.326,16.799,16.799,0,0
1AT_PE,D,20160105,000000,16.799,16.799,16.799,16.799,0,0
1AT_PE,D,20160107,000000,16.799,16.874,16.573,16.648,0,0
1AT_PE,D,20160108,000000,16.648,16.874,16.347,16.648,0,0
1AT_PE,D,20160111,000000,16.573,16.573,16.347,16.498,0,0
1AT_PE,D,20160112,000000,16.648,16.648,15.744,16.196,0,0
1AT_PE,D,20160113,000000,16.573,16.573,16.045,16.045,0,0
1AT_PE,D,20160114,000000,16.347,16.347,15.744,15.894,0,0
1AT_PE,D,20160115,000000,16.045,16.045,16.045,16.045,0,0
1AT_PE,D,20160118,000000,15.443,15.894,15.292,15.819,0,0
1AT_PE,D,20160119,000000,15.443,15.819,15.443,15.819,0,0
1AT_PE,D,20160120,000000,15.668,15.668,15.518,15.668,0,0
1AT_PE,D,20160121,000000,15.668,15.668,15.443,15.518,0,0
1AT_PE,D,20160122,000000,15.292,15.518,15.292,15.518,0,0
1AT_PE,D,20160125,000000,15.819,15.819,14.841,15.443,0,0
1AT_PE,D,20160126,000000,15.443,16.045,15.141,16.045,0,0
1AT_PE,D,20160127,000000,15.97,16.498,15.97,16.498,0,0
1AT_PE,D,20160128,000000,17.025,17.1,16.347,17.025,0,0
1AT_PE,D,20160129,000000,17.251,17.251,16.498,16.498,0,0
1AT_PE,D,20160201,000000,17.025,17.025,16.724,16.724,0,0
1AT_PE,D,20160202,000000,16.874,16.874,16.648,16.724,0,0
1AT_PE,D,20160203,000000,16.724,16.724,15.97,15.97,0,0
1AT_PE,D,20160204,000000,15.97,16.423,15.97,16.423,0,0
1AT_PE,D,20160205,000000,16.423,16.423,16.347,16.423,0,0
1AT_PE,D,20160208,000000,16.423,16.648,15.593,15.593,0,0
1AT_PE,D,20160209,000000,15.97,15.97,15.292,15.292,0,0
1AT_PE,D,20160210,000000,15.518,15.518,15.292,15.292,0,0
1AT_PE,D,20160211,000000,15.518,15.518,15.366,15.366,0,0
1AT_PE,D,20160212,000000,15.443,15.593,15.443,15.593,0,0
1AT_PE,D,20160215,000000,15.593,15.894,15.443,15.894,0,0
1AT_PE,D,20160216,000000,15.97,15.97,15.366,15.593,0,0
1AT_PE,D,20160217,000000,15.593,16.121,15.593,16.045,0,0
1AT_PE,D,20160218,000000,16.423,16.498,16.423,16.498,0,0
1AT_PE,D,20160219,000000,16.799,16.799,16.121,16.423,0,0
1AT_PE,D,20160222,000000,16.874,16.874,16.498,16.498,0,0
1AT_PE,D,20160223,000000,16.874,16.874,16.498,16.498,0,0
1AT_PE,D,20160224,000000,16.874,16.874,16.648,16.648,0,0
1AT_PE,D,20160225,000000,16.874,16.874,16.196,16.648,0,0
1AT_PE,D,20160226,000000,16.799,16.874,16.196,16.347,0,0
1AT_PE,D,20160229,000000,16.724,16.874,16.271,16.874,0,0
1AT_PE,D,20160301,000000,16.874,17.251,16.498,17.025,0,0
1AT_PE,D,20160302,000000,17.175,17.401,17.175,17.251,0,0
1AT_PE,D,20160303,000000,17.477,17.477,16.949,17.251,0,0
1AT_PE,D,20160304,000000,17.477,17.477,17.477,17.477,0,0
1AT_PE,D,20160307,000000,17.477,17.477,16.874,17.251,0,0
1AT_PE,D,20160308,000000,17.251,17.251,16.874,16.874,0,0
1AT_PE,D,20160309,000000,16.874,16.874,16.724,16.874,0,0
1AT_PE,D,20160310,000000,16.874,16.874,16.874,16.874,0,0
1AT_PE,D,20160311,000000,16.874,16.874,16.271,16.874,0,0
1AT_PE,D,20160314,000000,16.874,17.025,16.874,17.025,0,0
1AT_PE,D,20160315,000000,17.025,17.025,17.025,17.025,0,0
1AT_PE,D,20160316,000000,17.025,17.025,16.874,16.874,0,0
1AT_PE,D,20160317,000000,16.949,16.949,16.949,16.949,0,0
1AT_PE,D,20160318,000000,16.874,16.874,16.648,16.874,0,0
1AT_PE,D,20160321,000000,16.949,17.025,16.949,17.025,0,0
1AT_PE,D,20160322,000000,17.025,17.025,16.874,17.025,0,0
1AT_PE,D,20160323,000000,17.025,17.025,17.025,17.025,0,0
1AT_PE,D,20160324,000000,17.025,17.025,17.025,17.025,0,0
1AT_PE,D,20160329,000000,17.025,17.175,13.183,13.183,0,0
1AT_PE,D,20160330,000000,13.107,13.258,12.655,13.258,0,0
1AT_PE,D,20160331,000000,13.258,13.258,12.807,13.033,0,0
1AT_PE,D,20160401,000000,13.334,13.785,12.731,13.785,0,0
1AT_PE,D,20160404,000000,13.559,13.785,13.559,13.635,0,0
1AT_PE,D,20160405,000000,13.635,13.711,13.107,13.711,0,0
1AT_PE,D,20160406,000000,13.711,13.785,13.484,13.785,0,0
1AT_PE,D,20160407,000000,13.785,13.785,13.785,13.785,0,0
1AT_PE,D,20160408,000000,13.785,13.785,13.785,13.785,0,0
1AT_PE,D,20160411,000000,13.785,13.785,13.711,13.711,0,0
1AT_PE,D,20160412,000000,13.711,13.711,13.711,13.711,0,0
1AT_PE,D,20160413,000000,13.559,13.559,13.559,13.559,0,0
1AT_PE,D,20160414,000000,13.711,13.711,13.635,13.635,0,0
1AT_PE,D,20160415,000000,13.635,13.86,13.409,13.86,0,0
1AT_PE,D,20160418,000000,13.86,13.86,13.86,13.86,0,0
1AT_PE,D,20160419,000000,13.785,13.785,13.711,13.785,0,0
1AT_PE,D,20160420,000000,13.785,14.689,13.711,14.614,0,0
1AT_PE,D,20160421,000000,14.614,14.689,14.162,14.689,0,0
1AT_PE,D,20160422,000000,14.689,14.99,14.539,14.764,0,0
1AT_PE,D,20160425,000000,14.463,14.764,14.463,14.764,0,0
1AT_PE,D,20160426,000000,14.764,15.292,14.764,14.764,0,0
1AT_PE,D,20160427,000000,14.764,14.915,14.764,14.915,0,0
1AT_PE,D,20160428,000000,14.841,15.141,14.614,15.141,0,0
1AT_PE,D,20160429,000000,15.141,15.217,14.841,15.217,0,0
1AT_PE,D,20160502,000000,15.217,15.217,15.217,15.217,0,0
1AT_PE,D,20160504,000000,15.217,15.217,14.915,14.915,0,0
1AT_PE,D,20160505,000000,15.141,15.141,14.614,14.915,0,0
1AT_PE,D,20160506,000000,14.99,14.99,14.764,14.99,0,0
1AT_PE,D,20160509,000000,14.99,15.066,14.841,15.066,0,0
1AT_PE,D,20160510,000000,15.141,15.141,14.99,15.066,0,0
1AT_PE,D,20160511,000000,15.366,15.366,15.141,15.141,0,0
1AT_PE,D,20160512,000000,15.217,15.217,15.141,15.141,0,0
1AT_PE,D,20160513,000000,15.141,15.292,15.141,15.292,0,0
1AT_PE,D,20160516,000000,15.292,15.292,15.292,15.292,0,0
1AT_PE,D,20160517,000000,15.217,15.217,14.915,15.141,0,0
1AT_PE,D,20160518,000000,15.217,15.217,14.99,15.141,0,0
1AT_PE,D,20160519,000000,15.141,15.292,11.977,11.977,0,0
1AT_PE,D,20160520,000000,11.903,12.053,11.903,12.053,0,0
1AT_PE,D,20160523,000000,12.053,12.43,12.053,12.129,0,0
1AT_PE,D,20160524,000000,12.203,12.279,12.053,12.053,0,0
1AT_PE,D,20160525,000000,12.129,12.203,12.053,12.129,0,0
1AT_PE,D,20160527,000000,12.129,12.43,12.129,12.354,0,0
1AT_PE,D,20160530,000000,12.43,12.43,12.203,12.279,0,0
1AT_PE,D,20160531,000000,12.129,12.581,12.129,12.581,0,0
1AT_PE,D,20160601,000000,12.505,12.505,12.129,12.129,0,0
1AT_PE,D,20160602,000000,12.203,12.203,11.827,11.827,0,0
1AT_PE,D,20160603,000000,11.827,11.827,11.374,11.374,0,0
1AT_PE,D,20160606,000000,11.224,11.601,10.998,11.374,0,0
1AT_PE,D,20160607,000000,11.374,11.601,11.299,11.374,0,0
1AT_PE,D,20160608,000000,11.526,11.526,11.072,11.072,0,0
1AT_PE,D,20160609,000000,11.374,11.374,10.923,11.224,0,0
1AT_PE,D,20160610,000000,11.601,11.601,11.374,11.374,0,0
1AT_PE,D,20160613,000000,11.526,11.526,11.374,11.374,0,0
1AT_PE,D,20160614,000000,11.446,11.601,11.446,11.601,0,0
1AT_PE,D,20160615,000000,11.601,11.833,11.601,11.678,0,0
1AT_PE,D,20160616,000000,11.678,11.91,11.678,11.91,0,0
1AT_PE,D,20160617,000000,11.446,11.988,11.446,11.988,0,0
1AT_PE,D,20160620,000000,11.91,12.219,11.368,12.219,0,0
1AT_PE,D,20160621,000000,12.219,12.219,12.219,12.219,0,0
1AT_PE,D,20160622,000000,12.142,12.451,11.91,12.451,0,0
1AT_PE,D,20160623,000000,12.451,12.606,12.219,12.219,0,0
1AT_PE,D,20160624,000000,12.142,12.142,10.982,12.142,0,0
1AT_PE,D,20160627,000000,12.142,12.142,12.142,12.142,0,0
1AT_PE,D,20160628,000000,12.142,12.142,12.142,12.142,0,0
1AT_PE,D,20160629,000000,12.142,12.142,12.142,12.142,0,0
1AT_PE,D,20160630,000000,12.375,12.375,11.91,11.91,0,0
1AT_PE,D,20160701,000000,12.142,12.142,11.678,12.142,0,0
1AT_PE,D,20160704,000000,12.142,12.142,12.142,12.142,0,0
1AT_PE,D,20160705,000000,12.064,12.142,12.064,12.142,0,0
1AT_PE,D,20160706,000000,12.142,12.142,12.142,12.142,0,0
1AT_PE,D,20160707,000000,12.142,12.142,11.833,12.064,0,0
1AT_PE,D,20160708,000000,12.064,12.064,11.833,12.064,0,0
1AT_PE,D,20160711,000000,12.064,12.142,12.064,12.142,0,0
1AT_PE,D,20160712,000000,12.142,12.142,12.142,12.142,0,0
1AT_PE,D,20160713,000000,12.142,12.142,11.988,12.142,0,0
1AT_PE,D,20160714,000000,12.142,12.142,12.142,12.142,0,0
1AT_PE,D,20160715,000000,12.142,12.142,12.142,12.142,0,0
1AT_PE,D,20160718,000000,12.064,12.142,12.064,12.142,0,0
1AT_PE,D,20160719,000000,12.142,12.142,11.833,12.064,0,0
1AT_PE,D,20160720,000000,12.064,12.064,11.988,11.988,0,0
1AT_PE,D,20160721,000000,11.988,11.988,11.833,11.91,0,0
1AT_PE,D,20160722,000000,11.91,11.91,11.91,11.91,0,0
1AT_PE,D,20160725,000000,11.91,12.142,11.601,12.142,0,0
1AT_PE,D,20160726,000000,12.142,12.142,11.833,12.064,0,0
1AT_PE,D,20160727,000000,12.064,12.064,11.678,12.064,0,0
1AT_PE,D,20160728,000000,12.064,12.064,11.91,11.91,0,0
1AT_PE,D,20160729,000000,11.91,11.91,11.678,11.678,0,0
1AT_PE,D,20160801,000000,11.678,11.678,11.601,11.678,0,0
1AT_PE,D,20160802,000000,12.142,12.142,11.833,12.064,0,0
1AT_PE,D,20160803,000000,11.833,11.833,11.833,11.833,0,0
1AT_PE,D,20160804,000000,11.524,11.91,11.524,11.91,0,0
1AT_PE,D,20160805,000000,11.91,11.91,11.678,11.91,0,0
1AT_PE,D,20160808,000000,12.064,12.064,11.91,12.064,0,0
1AT_PE,D,20160809,000000,12.064,12.064,12.064,12.064,0,0
1AT_PE,D,20160810,000000,12.064,12.142,11.755,12.142,0,0
1AT_PE,D,20160811,000000,12.064,12.142,11.833,12.064,0,0
1AT_PE,D,20160812,000000,12.064,12.142,11.833,12.142,0,0
1AT_PE,D,20160816,000000,12.142,12.219,11.91,12.142,0,0
1AT_PE,D,20160817,000000,12.142,12.142,12.064,12.142,0,0
1AT_PE,D,20160818,000000,12.142,12.375,12.142,12.142,0,0
1AT_PE,D,20160819,000000,12.142,12.375,12.142,12.375,0,0
1AT_PE,D,20160822,000000,12.451,12.451,12.451,12.451,0,0
1AT_PE,D,20160823,000000,12.451,12.529,12.451,12.529,0,0
1AT_PE,D,20160824,000000,12.761,12.761,12.451,12.761,0,0
1AT_PE,D,20160825,000000,12.915,13.225,12.915,13.225,0,0
1AT_PE,D,20160826,000000,13.689,13.689,12.915,12.915,0,0
1AT_PE,D,20160829,000000,13.148,13.225,10.286,10.286,0,0
1AT_PE,D,20160830,000000,10.44,10.44,10.208,10.44,0,0
1AT_PE,D,20160831,000000,10.673,10.673,10.44,10.44,0,0
1AT_PE,D,20160901,000000,10.44,10.44,10.208,10.208,0,0
1AT_PE,D,20160902,000000,10.517,10.517,10.517,10.517,0,0
1AT_PE,D,20160905,000000,10.44,10.44,10.44,10.44,0,0
1AT_PE,D,20160906,000000,10.44,10.44,10.286,10.44,0,0
1AT_PE,D,20160907,000000,10.44,10.44,10.208,10.44,0,0
1AT_PE,D,20160908,000000,10.44,10.44,10.131,10.286,0,0
1AT_PE,D,20160909,000000,10.44,10.44,10.286,10.286,0,0
1AT_PE,D,20160912,000000,10.363,10.363,10.208,10.286,0,0
1AT_PE,D,20160913,000000,10.286,10.44,10.131,10.44,0,0
1AT_PE,D,20160914,000000,10.44,10.44,10.363,10.44,0,0
1AT_PE,D,20160915,000000,10.44,10.517,10.44,10.517,0,0
1AT_PE,D,20160916,000000,10.595,10.595,10.517,10.517,0,0
1AT_PE,D,20160919,000000,10.595,10.595,10.595,10.595,0,0
1AT_PE,D,20160920,000000,10.44,10.595,10.363,10.44,0,0
1AT_PE,D,20160921,000000,10.595,10.595,10.208,10.595,0,0
1AT_PE,D,20160922,000000,10.44,10.595,10.44,10.44,0,0
1AT_PE,D,20160923,000000,10.595,10.595,10.595,10.595,0,0
1AT_PE,D,20160926,000000,10.595,10.595,10.595,10.595,0,0
1AT_PE,D,20160927,000000,10.595,10.595,10.44,10.44,0,0
1AT_PE,D,20160928,000000,10.517,10.595,10.208,10.595,0,0
1AT_PE,D,20160929,000000,10.595,10.595,10.517,10.517,0,0
1AT_PE,D,20160930,000000,10.595,10.595,10.595,10.595,0,0
1AT_PE,D,20161003,000000,10.595,10.595,10.208,10.595,0,0
1AT_PE,D,20161004,000000,10.595,10.595,10.286,10.44,0,0
1AT_PE,D,20161005,000000,10.517,10.595,10.44,10.595,0,0
1AT_PE,D,20161006,000000,10.595,11.291,10.286,11.137,0,0
1AT_PE,D,20161007,000000,11.214,11.214,10.75,10.827,0,0
1AT_PE,D,20161010,000000,10.75,10.827,10.673,10.827,0,0
1AT_PE,D,20161011,000000,10.982,11.059,10.827,10.982,0,0
1AT_PE,D,20161012,000000,10.982,11.059,10.827,11.059,0,0
1AT_PE,D,20161013,000000,11.059,11.059,11.059,11.059,0,0
1AT_PE,D,20161014,000000,11.059,11.059,11.059,11.059,0,0
1AT_PE,D,20161017,000000,11.524,11.524,11.214,11.214,0,0
1AT_PE,D,20161018,000000,11.291,11.446,10.904,11.214,0,0
1AT_PE,D,20161019,000000,11.446,11.446,11.214,11.368,0,0
1AT_PE,D,20161020,000000,11.291,11.291,11.137,11.291,0,0
1AT_PE,D,20161021,000000,11.291,11.291,10.904,10.904,0,0
1AT_PE,D,20161024,000000,11.214,11.291,10.904,10.982,0,0
1AT_PE,D,20161025,000000,11.059,11.214,10.904,11.137,0,0
1AT_PE,D,20161026,000000,11.137,11.137,10.982,11.059,0,0
1AT_PE,D,20161027,000000,11.059,11.291,11.059,11.214,0,0
1AT_PE,D,20161028,000000,11.214,11.214,10.982,10.982,0,0
1AT_PE,D,20161031,000000,11.059,11.214,11.059,11.059,0,0
1AT_PE,D,20161102,000000,11.214,11.214,11.214,11.214,0,0
1AT_PE,D,20161103,000000,11.214,11.214,10.827,10.827,0,0
1AT_PE,D,20161104,000000,10.44,10.827,10.44,10.827,0,0
1AT_PE,D,20161107,000000,10.827,10.827,10.827,10.827,0,0
1AT_PE,D,20161108,000000,10.827,10.827,10.827,10.827,0,0
1AT_PE,D,20161109,000000,10.673,10.827,10.673,10.827,0,0
1AT_PE,D,20161110,000000,10.827,10.827,10.827,10.827,0,0
1AT_PE,D,20161114,000000,10.827,10.827,10.827,10.827,0,0
1AT_PE,D,20161115,000000,10.827,10.982,7.7339,7.7339,0,0
1AT_PE,D,20161116,000000,7.8885,7.8885,7.6564,7.7339,0,0
1AT_PE,D,20161117,000000,7.8109,7.8885,7.7339,7.8885,0,0
1AT_PE,D,20161118,000000,7.8885,7.8885,7.8885,7.8885,0,0
1AT_PE,D,20161121,000000,7.9655,7.9655,7.7339,7.8885,0,0
1AT_PE,D,20161122,000000,7.8885,7.8885,7.7339,7.8885,0,0
1AT_PE,D,20161123,000000,7.9655,7.9655,7.8109,7.8885,0,0
1AT_PE,D,20161124,000000,7.9655,7.9655,7.8885,7.8885,0,0
1AT_PE,D,20161125,000000,7.8885,7.8885,7.8885,7.8885,0,0
1AT_PE,D,20161128,000000,7.8885,7.8885,7.5017,7.7339,0,0
1AT_PE,D,20161129,000000,7.8885,7.9655,7.8885,7.9655,0,0
1AT_PE,D,20161130,000000,7.9655,8.0432,7.9655,8.0432,0,0
1AT_PE,D,20161201,000000,8.2754,8.2754,7.9655,7.9655,0,0
1AT_PE,D,20161202,000000,8.12,8.12,7.9655,8.0432,0,0
1AT_PE,D,20161205,000000,8.1978,8.1978,7.9655,8.12,0,0
1AT_PE,D,20161206,000000,8.12,8.8935,8.12,8.8935,0,0
1AT_PE,D,20161207,000000,8.8935,8.8935,8.5066,8.7394,0,0
1AT_PE,D,20161208,000000,8.7394,8.7394,8.4305,8.6615,0,0
1AT_PE,D,20161209,000000,8.7394,9.2034,8.6615,9.1264,0,0
1AT_PE,D,20161212,000000,9.1264,9.1264,9.1264,9.1264,0,0
1AT_PE,D,20161213,000000,9.1264,9.1264,8.9705,8.9705,0,0
1AT_PE,D,20161214,000000,8.9705,8.9705,8.8935,8.9705,0,0
1AT_PE,D,20161215,000000,8.9705,8.9705,8.9705,8.9705,0,0
1AT_PE,D,20161216,000000,8.9705,8.9705,8.8165,8.8165,0,0
1AT_PE,D,20161219,000000,8.7394,8.7394,8.4305,8.6615,0,0
1AT_PE,D,20161220,000000,8.6615,8.6615,8.12,8.5845,0,0
1AT_PE,D,20161221,000000,8.5845,8.5845,8.4305,8.5845,0,0
1AT_PE,D,20161222,000000,8.5845,8.5845,8.1978,8.5845,0,0
1AT_PE,D,20161223,000000,8.4305,8.5845,8.4305,8.5066,0,0
1AT_PE,D,20161227,000000,8.5066,8.5066,8.4305,8.5066,0,0
1AT_PE,D,20161228,000000,8.5066,8.5066,8.5066,8.5066,0,0
1AT_PE,D,20161229,000000,8.5066,8.5066,8.5066,8.5066,0,0
1AT_PE,D,20161230,000000,8.5066,8.5066,8.1978,8.1978,0,0
1AT_PE,D,20170102,000000,8.1978,8.2754,8.0432,8.0432,0,0
1AT_PE,D,20170103,000000,8.2754,8.2754,8.0432,8.1978,0,0
1AT_PE,D,20170104,000000,8.1978,8.3524,8.1978,8.2754,0,0
1AT_PE,D,20170105,000000,8.3524,8.3524,8.12,8.12,0,0
1AT_PE,D,20170109,000000,8.12,8.3524,8.12,8.12,0,0
1AT_PE,D,20170110,000000,8.2754,8.2754,8.1978,8.1978,0,0
1AT_PE,D,20170111,000000,8.2754,8.2754,8.0432,8.0432,0,0
1AT_PE,D,20170112,000000,8.0432,8.0432,7.8885,7.8885,0,0
1AT_PE,D,20170113,000000,7.9655,8.12,7.9655,8.0432,0,0
1AT_PE,D,20170116,000000,8.1978,8.2754,8.1978,8.2754,0,0
1AT_PE,D,20170117,000000,8.5845,8.5845,8.12,8.5845,0,0
1AT_PE,D,20170118,000000,8.5845,8.5845,8.2754,8.3524,0,0
1AT_PE,D,20170119,000000,8.5066,8.5845,8.5066,8.5845,0,0
1AT_PE,D,20170120,000000,8.6615,8.7394,8.6615,8.6615,0,0
1AT_PE,D,20170123,000000,8.7394,8.7394,8.6615,8.6615,0,0
1AT_PE,D,20170124,000000,8.5845,8.5845,8.4305,8.4305,0,0
1AT_PE,D,20170125,000000,8.5066,8.5066,8.1978,8.4305,0,0
1AT_PE,D,20170126,000000,8.4305,8.5845,8.2754,8.2754,0,0
1AT_PE,D,20170127,000000,8.2754,8.2754,8.12,8.1978,0,0
1AT_PE,D,20170130,000000,8.2754,8.2754,8.0432,8.0432,0,0
1AT_PE,D,20170131,000000,8.12,8.8935,8.0432,8.8935,0,0
1AT_PE,D,20170201,000000,8.8935,8.8935,8.5845,8.7394,0,0
1AT_PE,D,20170202,000000,8.8165,8.8165,8.5066,8.5066,0,0
1AT_PE,D,20170203,000000,8.5066,8.5845,8.3524,8.3524,0,0
1AT_PE,D,20170206,000000,8.3524,8.3524,8.1978,8.3524,0,0
1AT_PE,D,20170207,000000,8.3524,8.3524,8.3524,8.3524,0,0
1AT_PE,D,20170208,000000,8.3524,8.6615,8.3524,8.6615,0,0
1AT_PE,D,20170209,000000,8.3524,8.8165,8.3524,8.6615,0,0
1AT_PE,D,20170210,000000,8.7394,8.7394,8.5066,8.6615,0,0
1AT_PE,D,20170213,000000,8.5066,8.8165,8.5066,8.8165,0,0
1AT_PE,D,20170214,000000,8.8165,8.8165,8.6615,8.7394,0,0
1AT_PE,D,20170215,000000,8.5845,8.7394,8.4305,8.5066,0,0
1AT_PE,D,20170216,000000,8.5066,9.0484,8.4305,9.0484,0,0
1AT_PE,D,20170217,000000,8.8935,9.0484,8.7394,8.7394,0,0
1AT_PE,D,20170220,000000,8.7394,8.7394,8.6615,8.7394,0,0
1AT_PE,D,20170221,000000,8.8165,9.1264,8.5066,9.1264,0,0
1AT_PE,D,20170222,000000,9.0484,9.0484,8.8165,8.8165,0,0
1AT_PE,D,20170223,000000,8.8935,8.8935,8.6615,8.7394,0,0
1AT_PE,D,20170224,000000,8.9705,9.0484,8.8165,8.8935,0,0
1AT_PE,D,20170227,000000,9.0484,9.1264,8.7394,9.1264,0,0
1AT_PE,D,20170228,000000,9.1264,9.2034,8.8935,9.2034,0,0
1AT_PE,D,20170301,000000,9.1264,9.1264,8.9705,9.1264,0,0
1AT_PE,D,20170302,000000,9.1264,9.1264,8.9705,9.1264,0,0
1AT_PE,D,20170303,000000,9.1264,9.1264,8.9705,9.1264,0,0
1AT_PE,D,20170306,000000,9.1264,9.1264,9.1264,9.1264,0,0
1AT_PE,D,20170307,000000,9.1264,9.1264,9.0484,9.1264,0,0
1AT_PE,D,20170308,000000,9.1264,9.1264,8.9705,8.9705,0,0
1AT_PE,D,20170309,000000,8.5845,9.0484,8.5845,9.0484,0,0
1AT_PE,D,20170310,000000,9.0484,9.0484,9.0484,9.0484,0,0
1AT_PE,D,20170313,000000,9.0484,9.2034,8.8935,9.2034,0,0
1AT_PE,D,20170314,000000,9.2034,9.2034,9.1264,9.2034,0,0
1AT_PE,D,20170315,000000,9.3574,9.4353,9.3574,9.3574,0,0
1AT_PE,D,20170316,000000,9.3574,9.4353,9.3574,9.3574,0,0
1AT_PE,D,20170317,000000,9.4353,9.512,9.4353,9.512,0,0
1AT_PE,D,20170320,000000,9.512,9.512,8.8935,9.4353,0,0
1AT_PE,D,20170321,000000,9.4353,9.4353,9.2034,9.4353,0,0
1AT_PE,D,20170322,000000,9.2034,9.2034,8.8935,9.1264,0,0
1AT_PE,D,20170323,000000,9.4353,10.904,9.3574,10.904,0,0
1AT_PE,D,20170324,000000,11.059,11.059,10.904,10.982,0,0
1AT_PE,D,20170327,000000,10.982,10.982,10.904,10.982,0,0
1AT_PE,D,20170328,000000,10.827,10.904,10.827,10.904,0,0
1AT_PE,D,20170329,000000,10.982,10.982,10.904,10.904,0,0
1AT_PE,D,20170330,000000,10.827,10.904,10.827,10.904,0,0
1AT_PE,D,20170331,000000,10.982,10.982,10.904,10.982,0,0
1AT_PE,D,20170403,000000,10.982,10.982,10.673,10.75,0,0
1AT_PE,D,20170404,000000,10.982,10.982,10.595,10.827,0,0
1AT_PE,D,20170405,000000,10.827,10.827,10.827,10.827,0,0
1AT_PE,D,20170406,000000,10.904,10.904,10.827,10.904,0,0
1AT_PE,D,20170407,000000,10.982,12.064,10.982,11.678,0,0
1AT_PE,D,20170410,000000,11.678,11.988,11.678,11.833,0,0
1AT_PE,D,20170411,000000,11.833,11.988,11.755,11.91,0,0
1AT_PE,D,20170412,000000,11.91,11.91,11.755,11.91,0,0
1AT_PE,D,20170413,000000,11.91,11.91,11.833,11.91,0,0
1AT_PE,D,20170418,000000,11.833,11.91,11.833,11.91,0,0
1AT_PE,D,20170419,000000,11.91,11.91,11.833,11.833,0,0
1AT_PE,D,20170420,000000,11.91,12.297,11.91,12.219,0,0
1AT_PE,D,20170421,000000,12.297,12.297,12.219,12.297,0,0
1AT_PE,D,20170424,000000,12.451,12.451,12.297,12.451,0,0
1AT_PE,D,20170425,000000,12.451,12.451,12.375,12.451,0,0
1AT_PE,D,20170426,000000,12.529,12.684,12.297,12.451,0,0
1AT_PE,D,20170427,000000,12.529,12.684,12.451,12.606,0,0
1AT_PE,D,20170428,000000,12.789,13.032,12.465,12.87,0,0
1AT_PE,D,20170502,000000,12.87,12.87,12.708,12.789,0,0
1AT_PE,D,20170504,000000,12.627,12.95,12.627,12.95,0,0
1AT_PE,D,20170505,000000,12.95,12.95,12.708,12.789,0,0
1AT_PE,D,20170508,000000,12.87,12.87,12.303,12.384,0,0
1AT_PE,D,20170509,000000,12.708,12.708,12.06,12.627,0,0
1AT_PE,D,20170510,000000,12.627,12.708,12.303,12.708,0,0
1AT_PE,D,20170511,000000,12.708,12.708,12.303,12.627,0,0
1AT_PE,D,20170512,000000,12.708,12.789,12.627,12.789,0,0
1AT_PE,D,20170515,000000,12.789,12.789,12.627,12.627,0,0
1AT_PE,D,20170516,000000,12.95,13.032,10.846,10.846,0,0
1AT_PE,D,20170517,000000,10.846,10.846,10.118,10.685,0,0
1AT_PE,D,20170518,000000,10.685,11.332,10.685,11.008,0,0
1AT_PE,D,20170519,000000,11.008,11.089,10.846,10.927,0,0
1AT_PE,D,20170522,000000,11.008,11.089,11.008,11.089,0,0
1AT_PE,D,20170523,000000,11.089,11.089,10.846,10.846,0,0
1AT_PE,D,20170524,000000,10.927,11.089,10.927,11.089,0,0
1AT_PE,D,20170525,000000,11.17,11.736,11.089,11.736,0,0
1AT_PE,D,20170526,000000,11.736,11.898,11.736,11.818,0,0
1AT_PE,D,20170529,000000,11.979,11.979,11.494,11.818,0,0
1AT_PE,D,20170530,000000,11.818,11.979,11.818,11.818,0,0
1AT_PE,D,20170531,000000,11.818,11.898,11.656,11.898,0,0
1AT_PE,D,20170601,000000,11.898,11.898,11.494,11.656,0,0
1AT_PE,D,20170602,000000,11.898,11.898,11.656,11.898,0,0
1AT_PE,D,20170605,000000,11.898,11.898,11.898,11.898,0,0
1AT_PE,D,20170606,000000,11.898,11.898,11.494,11.574,0,0
1AT_PE,D,20170607,000000,11.494,11.494,10.927,11.089,0,0
1AT_PE,D,20170608,000000,10.927,11.008,10.765,11.008,0,0
1AT_PE,D,20170609,000000,11.089,11.332,10.927,11.17,0,0
1AT_PE,D,20170612,000000,11.17,11.17,11.089,11.17,0,0
1AT_PE,D,20170613,000000,11.17,11.412,11.008,11.008,0,0
1AT_PE,D,20170614,000000,11.332,11.332,10.846,11.089,0,0
1AT_PE,D,20170616,000000,11.089,11.089,10.846,10.927,0,0
1AT_PE,D,20170619,000000,10.927,11.251,10.846,11.251,0,0
1AT_PE,D,20170620,000000,11.251,11.251,11.008,11.089,0,0
1AT_PE,D,20170621,000000,11.089,11.251,11.008,11.251,0,0
1AT_PE,D,20170622,000000,11.251,11.251,11.17,11.251,0,0
1AT_PE,D,20170623,000000,11.17,11.17,11.089,11.089,0,0
1AT_PE,D,20170626,000000,11.089,11.251,10.927,11.008,0,0
1AT_PE,D,20170627,000000,11.089,11.332,11.089,11.089,0,0
1AT_PE,D,20170628,000000,11.089,11.332,11.089,11.251,0,0
1AT_PE,D,20170629,000000,11.251,11.332,11.089,11.089,0,0
1AT_PE,D,20170630,000000,11.089,11.089,11.089,11.089,0,0
1AT_PE,D,20170703,000000,10.927,11.251,10.846,10.846,0,0
1AT_PE,D,20170704,000000,11.008,11.17,11.008,11.008,0,0
1AT_PE,D,20170705,000000,11.008,11.251,10.846,10.846,0,0
1AT_PE,D,20170706,000000,10.846,11.008,10.846,11.008,0,0
1AT_PE,D,20170707,000000,11.008,11.008,10.765,11.008,0,0
1AT_PE,D,20170710,000000,11.008,11.089,10.846,11.008,0,0
1AT_PE,D,20170711,000000,10.685,11.008,10.685,10.765,0,0
1AT_PE,D,20170712,000000,11.008,11.008,10.523,10.685,0,0
1AT_PE,D,20170713,000000,10.685,10.765,10.685,10.685,0,0
1AT_PE,D,20170714,000000,10.765,10.927,10.523,10.927,0,0
1AT_PE,D,20170717,000000,10.765,10.927,10.523,10.927,0,0
1AT_PE,D,20170718,000000,10.765,10.927,10.765,10.927,0,0
1AT_PE,D,20170719,000000,10.603,11.251,10.603,11.251,0,0
1AT_PE,D,20170720,000000,11.251,11.251,11.008,11.089,0,0
1AT_PE,D,20170721,000000,11.089,11.17,11.008,11.008,0,0
1AT_PE,D,20170724,000000,11.251,11.251,11.251,11.251,0,0
1AT_PE,D,20170725,000000,11.251,11.494,11.251,11.251,0,0
1AT_PE,D,20170726,000000,11.412,11.494,11.332,11.412,0,0
1AT_PE,D,20170727,000000,11.412,11.656,11.412,11.656,0,0
1AT_PE,D,20170728,000000,11.494,11.656,11.494,11.574,0,0
1AT_PE,D,20170731,000000,11.574,11.574,11.412,11.574,0,0
1AT_PE,D,20170801,000000,11.656,11.656,11.332,11.412,0,0
1AT_PE,D,20170802,000000,11.574,11.574,11.251,11.412,0,0
1AT_PE,D,20170803,000000,11.494,11.494,11.412,11.494,0,0
1AT_PE,D,20170804,000000,11.494,11.494,11.17,11.17,0,0
1AT_PE,D,20170807,000000,11.332,11.332,11.17,11.17,0,0
1AT_PE,D,20170808,000000,11.17,11.17,11.089,11.089,0,0
1AT_PE,D,20170809,000000,11.089,11.089,10.927,11.089,0,0
1AT_PE,D,20170810,000000,11.089,11.17,11.089,11.089,0,0
1AT_PE,D,20170811,000000,10.765,11.089,10.765,11.089,0,0
1AT_PE,D,20170814,000000,11.089,11.089,10.927,10.927,0,0
1AT_PE,D,20170816,000000,10.927,11.089,10.927,11.089,0,0
1AT_PE,D,20170817,000000,10.846,11.089,10.846,11.089,0,0
1AT_PE,D,20170818,000000,11.089,11.251,10.927,11.251,0,0
1AT_PE,D,20170821,000000,11.251,11.251,11.251,11.251,0,0
1AT_PE,D,20170822,000000,10.927,11.251,10.927,11.251,0,0
1AT_PE,D,20170823,000000,10.927,11.412,10.927,11.412,0,0
1AT_PE,D,20170824,000000,11.412,11.736,11.251,11.656,0,0
1AT_PE,D,20170825,000000,11.656,11.656,11.494,11.494,0,0
1AT_PE,D,20170828,000000,11.494,11.574,11.494,11.574,0,0
1AT_PE,D,20170829,000000,11.574,11.656,11.332,11.656,0,0
1AT_PE,D,20170830,000000,11.656,11.898,11.412,11.898,0,0
1AT_PE,D,20170831,000000,11.898,11.979,11.736,11.818,0,0
1AT_PE,D,20170901,000000,11.898,11.898,11.818,11.818,0,0
1AT_PE,D,20170904,000000,11.818,11.818,11.818,11.818,0,0
1AT_PE,D,20170905,000000,11.736,11.818,11.656,11.656,0,0
1AT_PE,D,20170906,000000,11.656,12.06,9.4699,9.4699,0,0
1AT_PE,D,20170907,000000,9.551,9.632,9.4699,9.632,0,0
1AT_PE,D,20170908,000000,9.632,9.632,9.4699,9.551,0,0
1AT_PE,D,20170911,000000,9.551,9.632,9.551,9.632,0,0
1AT_PE,D,20170912,000000,9.632,9.874,9.632,9.713,0,0
1AT_PE,D,20170913,000000,9.713,9.956,9.551,9.874,0,0
1AT_PE,D,20170914,000000,9.956,10.118,9.956,10.118,0,0
1AT_PE,D,20170915,000000,10.118,10.118,9.956,10.118,0,0
1AT_PE,D,20170918,000000,10.118,10.118,9.874,9.956,0,0
1AT_PE,D,20170919,000000,10.037,10.037,9.713,9.956,0,0
1AT_PE,D,20170920,000000,10.118,10.118,9.713,10.118,0,0
1AT_PE,D,20170921,000000,10.118,10.118,9.956,9.956,0,0
1AT_PE,D,20170922,000000,10.118,10.118,10.118,10.118,0,0
1AT_PE,D,20170925,000000,10.118,10.118,10.118,10.118,0,0
1AT_PE,D,20170926,000000,9.956,10.037,9.956,10.037,0,0
1AT_PE,D,20170927,000000,10.037,10.118,9.956,10.037,0,0
1AT_PE,D,20170928,000000,10.037,10.037,10.037,10.037,0,0
1AT_PE,D,20170929,000000,9.956,9.956,9.956,9.956,0,0
1AT_PE,D,20171002,000000,9.874,9.956,9.874,9.956,0,0
1AT_PE,D,20171003,000000,9.956,9.956,9.551,9.551,0,0
1AT_PE,D,20171004,000000,9.551,9.551,9.2273,9.3079,0,0
1AT_PE,D,20171005,000000,9.4699,9.794,9.4699,9.551,0,0
1AT_PE,D,20171006,000000,9.3893,9.551,9.3079,9.3079,0,0
1AT_PE,D,20171009,000000,9.3079,9.632,9.2273,9.2273,0,0
1AT_PE,D,20171010,000000,9.2273,9.2273,9.0653,9.0653,0,0
1AT_PE,D,20171011,000000,9.2273,9.4699,9.0653,9.4699,0,0
1AT_PE,D,20171012,000000,9.2273,9.2273,9.0653,9.1467,0,0
1AT_PE,D,20171013,000000,9.1467,9.2273,9.0653,9.1467,0,0
1AT_PE,D,20171016,000000,9.2273,9.3079,9.1467,9.3079,0,0
1AT_PE,D,20171017,000000,9.3079,9.632,9.3079,9.632,0,0
1AT_PE,D,20171018,000000,9.632,9.632,9.551,9.551,0,0
1AT_PE,D,20171019,000000,9.551,9.551,9.3893,9.551,0,0
1AT_PE,D,20171020,000000,9.2273,9.874,9.2273,9.794,0,0
1AT_PE,D,20171023,000000,9.874,10.037,9.713,10.037,0,0
1AT_PE,D,20171024,000000,9.956,10.037,9.713,9.956,0,0
1AT_PE,D,20171025,000000,9.956,9.956,9.874,9.956,0,0
1AT_PE,D,20171026,000000,9.956,10.037,9.874,9.874,0,0
1AT_PE,D,20171027,000000,9.956,10.037,9.874,10.037,0,0
1AT_PE,D,20171030,000000,10.037,10.118,9.713,10.118,0,0
1AT_PE,D,20171031,000000,10.199,10.199,10.037,10.118,0,0
1AT_PE,D,20171102,000000,10.28,10.28,9.551,9.551,0,0
1AT_PE,D,20171103,000000,9.551,9.956,9.551,9.874,0,0
1AT_PE,D,20171106,000000,10.037,10.118,9.956,10.118,0,0
1AT_PE,D,20171107,000000,10.118,10.118,9.956,10.118,0,0
1AT_PE,D,20171108,000000,10.199,10.199,9.956,9.956,0,0
1AT_PE,D,20171109,000000,9.956,10.118,9.956,10.118,0,0
1AT_PE,D,20171110,000000,10.118,10.118,9.874,10.037,0,0
1AT_PE,D,20171113,000000,10.037,10.037,9.956,10.037,0,0
1AT_PE,D,20171114,000000,9.956,10.037,9.956,9.956,0,0
1AT_PE,D,20171115,000000,9.874,9.874,9.713,9.874,0,0
1AT_PE,D,20171116,000000,10.037,10.037,9.794,9.956,0,0
1AT_PE,D,20171117,000000,9.874,9.956,9.794,9.794,0,0
1AT_PE,D,20171120,000000,9.713,9.874,9.632,9.874,0,0
1AT_PE,D,20171121,000000,9.874,9.956,9.713,9.956,0,0
1AT_PE,D,20171122,000000,9.956,10.037,9.956,10.037,0,0
1AT_PE,D,20171123,000000,10.199,10.199,10.037,10.118,0,0
1AT_PE,D,20171124,000000,10.118,10.199,9.874,10.037,0,0
1AT_PE,D,20171127,000000,9.794,10.118,9.794,9.794,0,0
1AT_PE,D,20171128,000000,10.037,10.037,9.3893,9.4699,0,0
1AT_PE,D,20171129,000000,9.4699,9.713,9.2273,9.4699,0,0
1AT_PE,D,20171130,000000,9.2273,9.794,9.2273,9.3893,0,0
1AT_PE,D,20171201,000000,9.4699,9.4699,9.2273,9.2273,0,0
1AT_PE,D,20171204,000000,9.2273,9.2273,8.9847,8.9847,0,0
1AT_PE,D,20171205,000000,8.9847,9.3893,8.9847,9.2273,0,0
1AT_PE,D,20171206,000000,9.2273,9.4699,9.2273,9.3079,0,0
1AT_PE,D,20171207,000000,9.3893,9.3893,9.3079,9.3893,0,0
1AT_PE,D,20171208,000000,9.4699,9.4699,9.3893,9.3893,0,0
1AT_PE,D,20171211,000000,9.4699,9.4699,9.3893,9.4699,0,0
1AT_PE,D,20171212,000000,9.4699,9.4699,9.4699,9.4699,0,0
1AT_PE,D,20171213,000000,9.2273,9.551,9.2273,9.4699,0,0
1AT_PE,D,20171214,000000,9.551,9.632,9.551,9.632,0,0
1AT_PE,D,20171215,000000,9.551,9.632,9.551,9.632,0,0
1AT_PE,D,20171218,000000,9.713,9.713,9.551,9.551,0,0
1AT_PE,D,20171219,000000,9.713,9.956,9.551,9.794,0,0
1AT_PE,D,20171220,000000,9.713,9.713,9.4699,9.551,0,0
1AT_PE,D,20171221,000000,9.4699,9.794,9.4699,9.551,0,0
1AT_PE,D,20171222,000000,9.874,9.956,9.551,9.874,0,0
1AT_PE,D,20171227,000000,10.037,10.037,9.713,9.874,0,0
1AT_PE,D,20171228,000000,9.874,9.874,9.713,9.874,0,0
1AT_PE,D,20171229,000000,9.874,10.118,9.874,9.874,0,0
1AT_PE,D,20180103,000000,10.118,10.118,9.794,9.794,0,0
1AT_PE,D,20180104,000000,10.037,10.037,9.794,10.037,0,0
1AT_PE,D,20180105,000000,9.794,10.118,9.794,10.118,0,0
1AT_PE,D,20180108,000000,10.118,10.118,9.874,9.956,0,0
1AT_PE,D,20180109,000000,9.956,10.118,9.713,9.956,0,0
1AT_PE,D,20180110,000000,10.037,10.037,9.874,9.956,0,0
1AT_PE,D,20180111,000000,9.956,9.956,9.956,9.956,0,0
1AT_PE,D,20180112,000000,9.956,9.956,9.956,9.956,0,0
1AT_PE,D,20180115,000000,9.956,9.956,9.713,9.956,0,0
1AT_PE,D,20180116,000000,10.037,10.037,9.713,9.874,0,0
1AT_PE,D,20180117,000000,10.037,10.037,9.632,9.713,0,0
1AT_PE,D,20180118,000000,9.874,9.874,9.4699,9.4699,0,0
1AT_PE,D,20180119,000000,9.794,9.794,9.4699,9.551,0,0
1AT_PE,D,20180122,000000,9.713,9.956,9.4699,9.794,0,0
1AT_PE,D,20180123,000000,9.713,9.713,9.551,9.551,0,0
1AT_PE,D,20180124,000000,9.551,9.551,9.4699,9.551,0,0
1AT_PE,D,20180125,000000,9.551,9.713,9.551,9.713,0,0
1AT_PE,D,20180126,000000,9.713,9.713,9.551,9.551,0,0
1AT_PE,D,20180129,000000,9.632,9.874,9.632,9.874,0,0
1AT_PE,D,20180130,000000,9.956,9.956,9.794,9.874,0,0
1AT_PE,D,20180131,000000,9.632,9.874,9.632,9.874,0,0
1AT_PE,D,20180201,000000,9.874,9.874,9.713,9.794,0,0
1AT_PE,D,20180202,000000,9.794,9.794,9.713,9.794,0,0
1AT_PE,D,20180205,000000,9.713,9.713,9.551,9.632,0,0
1AT_PE,D,20180206,000000,9.1467,9.4699,9.0653,9.4699,0,0
1AT_PE,D,20180207,000000,9.713,9.713,9.551,9.551,0,0
1AT_PE,D,20180208,000000,9.632,9.713,9.3079,9.713,0,0
1AT_PE,D,20180209,000000,9.4699,9.713,9.3079,9.551,0,0
1AT_PE,D,20180212,000000,9.794,9.794,9.632,9.713,0,0
1AT_PE,D,20180213,000000,9.713,9.874,9.551,9.794,0,0
1AT_PE,D,20180214,000000,9.713,9.713,9.632,9.632,0,0
1AT_PE,D,20180215,000000,9.956,9.956,9.713,9.713,0,0
1AT_PE,D,20180216,000000,9.713,9.713,9.632,9.632,0,0
1AT_PE,D,20180219,000000,9.632,9.713,9.632,9.713,0,0
1AT_PE,D,20180220,000000,9.713,9.713,9.632,9.713,0,0
1AT_PE,D,20180221,000000,9.632,9.713,9.632,9.713,0,0
1AT_PE,D,20180222,000000,9.713,9.956,9.713,9.874,0,0
1AT_PE,D,20180223,000000,9.874,9.874,9.632,9.874,0,0
1AT_PE,D,20180226,000000,9.874,9.956,9.874,9.874,0,0
1AT_PE,D,20180227,000000,9.874,9.956,9.874,9.956,0,0
1AT_PE,D,20180228,000000,9.874,10.037,9.632,9.956,0,0
1AT_PE,D,20180301,000000,9.956,10.037,9.794,9.956,0,0
1AT_PE,D,20180302,000000,9.956,10.037,9.956,10.037,0,0
1AT_PE,D,20180305,000000,10.118,10.118,10.037,10.037,0,0
1AT_PE,D,20180306,000000,10.118,10.118,10.037,10.037,0,0
1AT_PE,D,20180307,000000,10.037,10.037,9.956,9.956,0,0
1AT_PE,D,20180308,000000,10.037,10.037,9.956,9.956,0,0
1AT_PE,D,20180309,000000,10.118,10.118,10.037,10.037,0,0
1AT_PE,D,20180312,000000,10.118,10.118,9.794,10.037,0,0
1AT_PE,D,20180313,000000,10.037,10.037,9.874,9.874,0,0
1AT_PE,D,20180314,000000,9.874,9.956,9.874,9.874,0,0
1AT_PE,D,20180315,000000,9.874,10.118,9.874,9.874,0,0
1AT_PE,D,20180316,000000,10.037,10.118,9.794,9.794,0,0
1AT_PE,D,20180319,000000,10.037,10.037,9.794,9.794,0,0
1AT_PE,D,20180320,000000,10.037,10.037,7.8513,7.8513,0,0
1AT_PE,D,20180321,000000,7.9323,7.9323,7.8513,7.8513,0,0
1AT_PE,D,20180322,000000,7.9323,8.0132,7.6894,7.7704,0,0
1AT_PE,D,20180323,000000,8.0132,8.0132,7.7704,7.9323,0,0
1AT_PE,D,20180326,000000,7.9323,7.9323,7.9323,7.9323,0,0
1AT_PE,D,20180327,000000,7.9323,7.9323,7.8513,7.8513,0,0
1AT_PE,D,20180328,000000,7.9323,7.9323,7.6894,7.7704,0,0
1AT_PE,D,20180329,000000,7.6085,7.9323,7.6085,7.8513,0,0
1AT_PE,D,20180403,000000,7.7704,8.0942,7.7704,8.0942,0,0
1AT_PE,D,20180404,000000,8.0942,8.0942,7.8513,7.8513,0,0
1AT_PE,D,20180405,000000,7.9323,7.9323,7.8513,7.9323,0,0
1AT_PE,D,20180406,000000,7.9323,7.9323,7.7704,7.9323,0,0
1AT_PE,D,20180409,000000,8.0132,8.0132,7.8513,7.9323,0,0
1AT_PE,D,20180410,000000,8.0132,8.0132,7.9323,7.9323,0,0
1AT_PE,D,20180411,000000,7.9323,7.9323,7.9323,7.9323,0,0
1AT_PE,D,20180412,000000,7.9323,7.9323,7.9323,7.9323,0,0
1AT_PE,D,20180413,000000,8.0132,8.0132,7.7704,7.8513,0,0
1AT_PE,D,20180416,000000,7.9323,7.9323,7.7704,7.9323,0,0
1AT_PE,D,20180417,000000,7.9323,7.9323,7.9323,7.9323,0,0
1AT_PE,D,20180418,000000,7.9323,7.9323,7.8513,7.9323,0,0
1AT_PE,D,20180419,000000,7.9323,7.9323,7.9323,7.9323,0,0
1AT_PE,D,20180420,000000,8.0132,8.0132,7.9323,8.0132,0,0
1AT_PE,D,20180423,000000,8.0132,8.0132,8.0132,8.0132,0,0
1AT_PE,D,20180424,000000,8.0132,8.0132,8.0132,8.0132,0,0
1AT_PE,D,20180425,000000,8.0132,8.0132,7.7704,8.0132,0,0
1AT_PE,D,20180426,000000,8.0132,8.0132,7.9323,8.0132,0,0
1AT_PE,D,20180427,000000,8.0132,8.0132,8.0132,8.0132,0,0
1AT_PE,D,20180430,000000,8.0132,8.0132,7.9323,8.0132,0,0
1AT_PE,D,20180502,000000,8.0132,8.0132,7.9323,7.9323,0,0
1AT_PE,D,20180504,000000,7.9323,8.0132,7.9323,8.0132,0,0
1AT_PE,D,20180507,000000,8.0132,8.0132,7.8513,7.9323,0,0
1AT_PE,D,20180508,000000,7.7704,7.9323,7.7704,7.8513,0,0
1AT_PE,D,20180509,000000,7.8513,7.9323,7.8513,7.9323,0,0
1AT_PE,D,20180510,000000,7.9323,7.9323,7.8513,7.9323,0,0
1AT_PE,D,20180511,000000,7.9323,7.9323,7.8513,7.9323,0,0
1AT_PE,D,20180514,000000,7.9323,7.9323,7.8513,7.9323,0,0
1AT_PE,D,20180515,000000,7.9323,7.9323,7.8513,7.8513,0,0
1AT_PE,D,20180516,000000,7.8513,7.8513,7.7704,7.7704,0,0
1AT_PE,D,20180517,000000,7.7704,7.7704,7.4466,7.6894,0,0
1AT_PE,D,20180518,000000,7.5276,7.8513,7.5276,7.8513,0,0
1AT_PE,D,20180521,000000,7.8513,7.8513,7.8513,7.8513,0,0
1AT_PE,D,20180522,000000,7.8513,7.8513,7.8513,7.8513,0,0
1AT_PE,D,20180523,000000,7.9323,7.9323,7.0419,7.0419,0,0
1AT_PE,D,20180524,000000,6.961,7.0419,6.7991,7.0419,0,0
1AT_PE,D,20180525,000000,7.0419,7.1229,7.0419,7.1229,0,0
1AT_PE,D,20180528,000000,7.1229,7.2847,6.961,7.2847,0,0
1AT_PE,D,20180529,000000,7.2847,7.2847,7.1229,7.2038,0,0
1AT_PE,D,20180530,000000,7.1229,7.2038,7.1229,7.2038,0,0
1AT_PE,D,20180601,000000,7.2847,7.2847,7.1229,7.2038,0,0
1AT_PE,D,20180604,000000,6.961,7.2038,6.961,7.2038,0,0
1AT_PE,D,20180605,000000,7.2847,7.2847,7.1229,7.1229,0,0
1AT_PE,D,20180606,000000,7.1229,7.2847,7.1229,7.1229,0,0
1AT_PE,D,20180607,000000,7.2038,7.2038,7.1229,7.2038,0,0
1AT_PE,D,20180608,000000,7.2847,7.2847,7.2847,7.2847,0,0
1AT_PE,D,20180611,000000,7.2847,7.2847,7.2847,7.2847,0,0
1AT_PE,D,20180612,000000,7.2038,7.2847,7.2038,7.2847,0,0
1AT_PE,D,20180613,000000,7.2847,7.2847,7.2038,7.2847,0,0
1AT_PE,D,20180614,000000,7.2847,7.2847,7.2847,7.2847,0,0
1AT_PE,D,20180615,000000,7.2847,7.2847,7.2847,7.2847,0,0
1AT_PE,D,20180618,000000,7.2847,7.2847,7.1229,7.2038,0,0
1AT_PE,D,20180619,000000,7.0419,7.1229,7.0419,7.1229,0,0
1AT_PE,D,20180620,000000,7.2038,7.2038,6.961,6.961,0,0
1AT_PE,D,20180621,000000,6.961,7.0419,6.7991,6.7991,0,0
1AT_PE,D,20180622,000000,6.9059,7.0829,6.8173,6.8173,0,0
1AT_PE,D,20180625,000000,6.9059,6.9059,6.7288,6.8173,0,0
1AT_PE,D,20180626,000000,6.7288,6.7288,6.2861,6.3746,0,0
1AT_PE,D,20180627,000000,6.3746,6.3746,6.1976,6.1976,0,0
1AT_PE,D,20180628,000000,6.1976,6.1976,6.109,6.1976,0,0
1AT_PE,D,20180629,000000,6.1976,6.5517,6.1976,6.1976,0,0
1AT_PE,D,20180702,000000,6.1976,6.4632,6.1976,6.4632,0,0
1AT_PE,D,20180703,000000,6.6402,6.6402,6.5517,6.6402,0,0
1AT_PE,D,20180704,000000,6.9944,6.9944,6.5517,6.5517,0,0
1AT_PE,D,20180705,000000,6.9059,6.9059,6.3746,6.5517,0,0
1AT_PE,D,20180706,000000,6.5517,6.5517,6.5517,6.5517,0,0
1AT_PE,D,20180709,000000,6.5517,6.5517,6.2861,6.2861,0,0
1AT_PE,D,20180710,000000,6.2861,6.2861,6.109,6.1976,0,0
1AT_PE,D,20180711,000000,6.1976,6.1976,6.0205,6.0205,0,0
1AT_PE,D,20180712,000000,6.1976,6.3746,5.7549,6.1976,0,0
1AT_PE,D,20180713,000000,6.3746,6.5517,6.0205,6.0205,0,0
1AT_PE,D,20180716,000000,6.2861,6.3746,6.2861,6.2861,0,0
1AT_PE,D,20180717,000000,6.3746,6.4632,6.1976,6.1976,0,0
1AT_PE,D,20180718,000000,6.3746,6.3746,6.1976,6.2861,0,0
1AT_PE,D,20180719,000000,6.3746,6.3746,6.1976,6.1976,0,0
1AT_PE,D,20180720,000000,6.3746,6.3746,6.1976,6.2861,0,0
1AT_PE,D,20180723,000000,6.2861,6.4632,6.2861,6.4632,0,0
1AT_PE,D,20180724,000000,6.7288,6.7288,6.2861,6.3746,0,0
1AT_PE,D,20180725,000000,6.3746,6.6402,6.3746,6.3746,0,0
1AT_PE,D,20180726,000000,6.7288,6.7288,6.3746,6.3746,0,0
1AT_PE,D,20180727,000000,6.4632,6.5517,6.3746,6.5517,0,0
1AT_PE,D,20180730,000000,6.7288,6.7288,6.4632,6.4632,0,0
1AT_PE,D,20180731,000000,6.7288,6.7288,6.2861,6.3746,0,0
1AT_PE,D,20180801,000000,6.4632,6.4632,6.1976,6.1976,0,0
1AT_PE,D,20180802,000000,6.1976,6.1976,6.109,6.1976,0,0
1AT_PE,D,20180803,000000,6.1976,6.1976,6.1976,6.1976,0,0
1AT_PE,D,20180806,000000,6.1976,6.1976,6.1976,6.1976,0,0
1AT_PE,D,20180807,000000,6.109,6.1976,6.109,6.1976,0,0
1AT_PE,D,20180808,000000,6.0205,6.1976,5.8434,5.8434,0,0
1AT_PE,D,20180809,000000,5.932,5.932,5.5778,5.6663,0,0
1AT_PE,D,20180810,000000,5.7549,5.932,5.7549,5.932,0,0
1AT_PE,D,20180813,000000,5.932,5.932,5.932,5.932,0,0
1AT_PE,D,20180814,000000,5.8434,5.932,5.7549,5.8434,0,0
1AT_PE,D,20180816,000000,5.6663,5.932,5.4893,5.5778,0,0
1AT_PE,D,20180817,000000,5.4893,5.5778,5.4893,5.5778,0,0
1AT_PE,D,20180820,000000,5.5778,5.5778,5.5778,5.5778,0,0
1AT_PE,D,20180821,000000,5.5778,5.8434,5.5778,5.8434,0,0
1AT_PE,D,20180822,000000,5.7549,5.8434,5.7549,5.8434,0,0
1AT_PE,D,20180823,000000,5.8434,5.932,5.8434,5.8434,0,0
1AT_PE,D,20180824,000000,5.932,5.932,5.932,5.932,0,0
1AT_PE,D,20180827,000000,5.7549,6.0205,5.6663,5.8434,0,0
1AT_PE,D,20180828,000000,5.7549,5.7549,5.4893,5.4893,0,0
1AT_PE,D,20180829,000000,5.4893,5.932,5.4007,5.932,0,0
1AT_PE,D,20180830,000000,5.932,6.2861,5.7549,6.2861,0,0
1AT_PE,D,20180831,000000,6.2861,6.2861,6.0205,6.1976,0,0
1AT_PE,D,20180903,000000,6.3746,6.3746,5.7549,5.7549,0,0
1AT_PE,D,20180904,000000,5.7549,5.7549,5.5778,5.6663,0,0
1AT_PE,D,20180905,000000,6.0205,6.0205,5.2237,5.2237,0,0
1AT_PE,D,20180906,000000,5.4893,5.4893,4.958,4.958,0,0
1AT_PE,D,20180907,000000,5.2237,5.2237,5.1351,5.2237,0,0
1AT_PE,D,20180910,000000,5.2237,5.2237,5.0466,5.0466,0,0
1AT_PE,D,20180911,000000,5.3122,5.3122,5.0466,5.1351,0,0
1AT_PE,D,20180912,000000,5.1351,5.2237,5.1351,5.2237,0,0
1AT_PE,D,20180913,000000,5.2237,5.2237,5.2237,5.2237,0,0
1AT_PE,D,20180914,000000,5.2237,5.4893,5.2237,5.4007,0,0
1AT_PE,D,20180917,000000,5.5778,5.5778,5.4893,5.4893,0,0
1AT_PE,D,20180918,000000,5.4893,5.5778,5.4893,5.5778,0,0
1AT_PE,D,20180919,000000,5.6663,5.7549,5.5778,5.5778,0,0
1AT_PE,D,20180920,000000,5.7549,5.7549,5.5778,5.6663,0,0
1AT_PE,D,20180921,000000,5.7549,5.7549,5.5778,5.5778,0,0
1AT_PE,D,20180924,000000,5.4007,5.5778,5.4007,5.5778,0,0
1AT_PE,D,20180925,000000,5.7549,5.7549,5.4893,5.4893,0,0
1AT_PE,D,20180926,000000,5.4893,5.4893,5.2237,5.2237,0,0
1AT_PE,D,20180927,000000,5.1351,5.4007,5.1351,5.4007,0,0
1AT_PE,D,20180928,000000,5.4893,5.4893,5.3122,5.3122,0,0
1AT_PE,D,20181001,000000,5.4007,5.4007,5.3122,5.3122,0,0
1AT_PE,D,20181002,000000,5.3122,5.4007,5.2237,5.4007,0,0
1AT_PE,D,20181003,000000,5.4007,5.4007,5.2237,5.2237,0,0
1AT_PE,D,20181004,000000,5.3122,5.3122,5.2237,5.3122,0,0
1AT_PE,D,20181005,000000,5.3122,5.3122,5.3122,5.3122,0,0
1AT_PE,D,20181008,000000,5.3122,5.3122,5.1351,5.1351,0,0
1AT_PE,D,20181009,000000,5.1351,5.1351,5.1351,5.1351,0,0
1AT_PE,D,20181010,000000,5.2237,5.2237,5.0466,5.1351,0,0
1AT_PE,D,20181011,000000,5.1351,5.2237,5.0466,5.1351,0,0
1AT_PE,D,20181012,000000,5.2237,5.2237,4.958,4.958,0,0
1AT_PE,D,20181015,000000,4.958,4.958,4.958,4.958,0,0
1AT_PE,D,20181016,000000,4.958,5.0466,4.958,5.0466,0,0
1AT_PE,D,20181017,000000,4.958,5.1351,4.958,5.1351,0,0
1AT_PE,D,20181018,000000,5.1351,5.1351,5.1351,5.1351,0,0
1AT_PE,D,20181019,000000,5.1351,5.3122,5.0466,5.3122,0,0
1AT_PE,D,20181022,000000,5.2237,5.2237,5.0466,5.2237,0,0
1AT_PE,D,20181023,000000,5.1351,5.2237,5.0466,5.1351,0,0
1AT_PE,D,20181024,000000,5.1351,5.1351,5.0466,5.1351,0,0
1AT_PE,D,20181025,000000,5.1351,5.1351,5.1351,5.1351,0,0
1AT_PE,D,20181026,000000,5.1351,5.2237,5.1351,5.1351,0,0
1AT_PE,D,20181029,000000,5.1351,5.1351,5.0466,5.1351,0,0
1AT_PE,D,20181030,000000,5.1351,5.1351,5.0466,5.1351,0,0
1AT_PE,D,20181031,000000,5.1351,5.1351,5.0466,5.0466,0,0
1AT_PE,D,20181102,000000,5.0466,5.1351,5.0466,5.0466,0,0
1AT_PE,D,20181105,000000,5.1351,5.1351,5.0466,5.0466,0,0
1AT_PE,D,20181106,000000,5.0466,5.1351,5.0466,5.0466,0,0
1AT_PE,D,20181107,000000,5.0466,5.0466,4.958,5.0466,0,0
1AT_PE,D,20181108,000000,5.1351,5.1351,4.958,5.0466,0,0
1AT_PE,D,20181109,000000,5.0466,5.0466,4.958,5.0466,0,0
1AT_PE,D,20181113,000000,5.1351,5.1351,5.0466,5.1351,0,0
1AT_PE,D,20181114,000000,5.1351,5.1351,5.1351,5.1351,0,0
1AT_PE,D,20181115,000000,5.1351,5.1351,5.1351,5.1351,0,0
1AT_PE,D,20181116,000000,5.1351,5.1351,4.958,4.958,0,0
1AT_PE,D,20181119,000000,5.0466,5.0466,4.8695,4.958,0,0
1AT_PE,D,20181120,000000,5.0466,5.0466,4.8695,5.0466,0,0
1AT_PE,D,20181121,000000,5.0466,5.0466,4.8695,4.958,0,0
1AT_PE,D,20181122,000000,5.0466,5.0466,4.958,4.958,0,0
1AT_PE,D,20181123,000000,5.0466,5.0466,4.958,5.0466,0,0
1AT_PE,D,20181126,000000,5.0466,5.2237,5.0466,5.1351,0,0
1AT_PE,D,20181127,000000,5.0466,5.1351,5.0466,5.1351,0,0
1AT_PE,D,20181128,000000,5.1351,5.3122,5.1351,5.3122,0,0
1AT_PE,D,20181129,000000,5.3122,5.4893,5.3122,5.3122,0,0
1AT_PE,D,20181130,000000,5.4893,5.4893,5.3122,5.3122,0,0
1AT_PE,D,20181203,000000,5.3122,5.4007,5.2237,5.2237,0,0
1AT_PE,D,20181204,000000,5.2237,5.2237,5.1351,5.2237,0,0
1AT_PE,D,20181205,000000,5.1351,5.2237,5.1351,5.2237,0,0
1AT_PE,D,20181206,000000,5.1351,5.2237,5.1351,5.2237,0,0
1AT_PE,D,20181207,000000,5.2237,5.2237,4.958,4.958,0,0
1AT_PE,D,20181210,000000,5.0466,5.1351,5.0466,5.0466,0,0
1AT_PE,D,20181211,000000,5.0466,5.0466,4.958,4.958,0,0
1AT_PE,D,20181212,000000,4.8695,4.8695,4.6924,4.6924,0,0
1AT_PE,D,20181213,000000,4.781,5.0466,4.6924,5.0466,0,0
1AT_PE,D,20181214,000000,5.0466,5.0466,4.781,4.781,0,0
1AT_PE,D,20181217,000000,4.8695,4.8695,4.781,4.8695,0,0
1AT_PE,D,20181218,000000,4.8695,4.8695,4.6924,4.781,0,0
1AT_PE,D,20181219,000000,4.6924,4.781,4.6924,4.781,0,0
1AT_PE,D,20181220,000000,4.781,4.781,4.6039,4.6924,0,0
1AT_PE,D,20181221,000000,4.6924,4.8695,4.6039,4.6924,0,0
1AT_PE,D,20181227,000000,4.8695,4.8695,4.6924,4.6924,0,0
1AT_PE,D,20181228,000000,4.781,4.781,4.6039,4.6924,0,0
1AT_PE,D,20190102,000000,4.6924,4.781,4.6924,4.6924,0,0
1AT_PE,D,20190103,000000,4.6924,4.6924,4.6039,4.6039,0,0
1AT_PE,D,20190104,000000,4.6039,4.6039,4.5154,4.6039,0,0
1AT_PE,D,20190107,000000,4.6924,4.6924,4.6039,4.6039,0,0
1AT_PE,D,20190108,000000,4.6039,4.781,4.6039,4.6924,0,0
1AT_PE,D,20190109,000000,4.6924,4.6924,4.6924,4.6924,0,0
1AT_PE,D,20190110,000000,4.6924,4.6924,4.6039,4.6924,0,0
1AT_PE,D,20190111,000000,4.781,4.958,4.781,4.781,0,0
1AT_PE,D,20190114,000000,4.781,4.8695,4.781,4.781,0,0
1AT_PE,D,20190115,000000,4.8695,5.2237,4.8695,5.0466,0,0
1AT_PE,D,20190116,000000,5.0466,5.1351,4.958,5.1351,0,0
1AT_PE,D,20190117,000000,5.1351,5.2237,5.1351,5.2237,0,0
1AT_PE,D,20190118,000000,5.2237,5.4893,5.2237,5.4893,0,0
1AT_PE,D,20190121,000000,5.4893,5.6663,5.4007,5.6663,0,0
1AT_PE,D,20190122,000000,5.6663,5.6663,5.5778,5.5778,0,0
1AT_PE,D,20190123,000000,5.5778,5.8434,5.5778,5.8434,0,0
1AT_PE,D,20190124,000000,5.8434,5.8434,5.7549,5.7549,0,0
1AT_PE,D,20190125,000000,5.8434,6.0205,5.8434,6.0205,0,0
1AT_PE,D,20190128,000000,6.0205,6.0205,5.8434,5.932,0,0
1AT_PE,D,20190129,000000,6.0205,6.0205,5.8434,6.0205,0,0
1AT_PE,D,20190130,000000,6.0205,6.109,5.932,6.0205,0,0
1AT_PE,D,20190131,000000,6.0205,6.109,6.0205,6.109,0,0
1AT_PE,D,20190201,000000,6.109,6.109,6.0205,6.109,0,0
1AT_PE,D,20190204,000000,6.109,6.1976,6.0205,6.109,0,0
1AT_PE,D,20190205,000000,6.109,6.109,5.6663,6.0205,0,0
1AT_PE,D,20190206,000000,6.0205,6.0205,6.0205,6.0205,0,0
1AT_PE,D,20190207,000000,6.109,6.109,6.0205,6.0205,0,0
1AT_PE,D,20190208,000000,6.109,6.109,5.8434,6.0205,0,0
1AT_PE,D,20190211,000000,5.8434,6.109,5.8434,6.0205,0,0
1AT_PE,D,20190212,000000,6.0205,6.109,6.0205,6.0205,0,0
1AT_PE,D,20190213,000000,6.109,6.109,6.0205,6.0205,0,0
1AT_PE,D,20190214,000000,6.109,6.109,6.0205,6.0205,0,0
1AT_PE,D,20190215,000000,6.0205,6.0205,5.932,6.0205,0,0
1AT_PE,D,20190218,000000,6.0205,6.0205,5.8434,6.0205,0,0
1AT_PE,D,20190219,000000,6.0205,6.0205,5.8434,6.0205,0,0
1AT_PE,D,20190220,000000,5.8434,6.0205,5.8434,6.0205,0,0
1AT_PE,D,20190221,000000,5.932,6.0205,5.932,5.932,0,0
1AT_PE,D,20190222,000000,5.932,5.932,5.8434,5.932,0,0
1AT_PE,D,20190225,000000,6.0205,6.0205,5.932,5.932,0,0
1AT_PE,D,20190226,000000,6.0205,6.2861,6.0205,6.1976,0,0
1AT_PE,D,20190227,000000,6.1976,6.3746,6.1976,6.1976,0,0
1AT_PE,D,20190228,000000,6.1976,6.1976,6.0205,6.109,0,0
1AT_PE,D,20190301,000000,6.1976,6.1976,6.0205,6.0205,0,0
1AT_PE,D,20190304,000000,6.109,6.1976,6.0205,6.0205,0,0
1AT_PE,D,20190305,000000,6.0205,6.1976,6.0205,6.0205,0,0
1AT_PE,D,20190306,000000,5.932,6.1976,5.932,6.109,0,0
1AT_PE,D,20190307,000000,6.109,6.2861,6.109,6.2861,0,0
1AT_PE,D,20190308,000000,6.3746,6.3746,6.1976,6.1976,0,0
1AT_PE,D,20190311,000000,6.2861,6.2861,6.1976,6.2861,0,0
1AT_PE,D,20190312,000000,6.2861,6.2861,6.1976,6.2861,0,0
1AT_PE,D,20190313,000000,6.2861,6.2861,6.2861,6.2861,0,0
1AT_PE,D,20190314,000000,6.2861,6.2861,6.109,6.109,0,0
1AT_PE,D,20190315,000000,6.2861,6.2861,6.109,6.1976,0,0
1AT_PE,D,20190318,000000,6.1976,6.1976,6.109,6.1976,0,0
1AT_PE,D,20190319,000000,6.2861,6.2861,6.2861,6.2861,0,0
1AT_PE,D,20190320,000000,6.6402,6.7288,6.5517,6.7288,0,0
1AT_PE,D,20190321,000000,6.8173,6.8173,6.4632,6.6402,0,0
1AT_PE,D,20190322,000000,6.7288,6.7288,6.6402,6.6402,0,0
1AT_PE,D,20190325,000000,6.6402,6.7288,6.5517,6.7288,0,0
1AT_PE,D,20190326,000000,6.7288,6.9944,6.6402,6.9059,0,0
1AT_PE,D,20190327,000000,6.9944,6.9944,6.7288,6.7288,0,0
1AT_PE,D,20190328,000000,6.7288,6.9059,6.7288,6.9059,0,0
1AT_PE,D,20190329,000000,6.8173,6.9059,6.8173,6.8173,0,0
1AT_PE,D,20190401,000000,6.9059,6.9059,6.8173,6.8173,0,0
1AT_PE,D,20190402,000000,6.9944,7.0829,6.9944,6.9944,0,0
1AT_PE,D,20190403,000000,6.9944,7.0829,6.8173,6.8173,0,0
1AT_PE,D,20190404,000000,6.9059,6.9059,6.8173,6.8173,0,0
1AT_PE,D,20190405,000000,6.8173,6.9059,6.7288,6.7288,0,0
1AT_PE,D,20190408,000000,6.9059,6.9059,6.7288,6.9059,0,0
1AT_PE,D,20190409,000000,6.9944,6.9944,6.9059,6.9059,0,0
1AT_PE,D,20190410,000000,6.9059,6.9059,6.7288,6.8173,0,0
1AT_PE,D,20190411,000000,6.9944,6.9944,6.8173,6.9059,0,0
1AT_PE,D,20190412,000000,6.9059,6.9059,6.7288,6.8173,0,0
1AT_PE,D,20190415,000000,6.8173,6.9059,6.6402,6.8173,0,0
1AT_PE,D,20190416,000000,6.8173,6.8173,6.6402,6.8173,0,0
1AT_PE,D,20190417,000000,6.7288,6.8173,6.7288,6.8173,0,0
1AT_PE,D,20190418,000000,6.8173,6.8173,6.7288,6.7288,0,0
1AT_PE,D,20190423,000000,6.7288,6.8173,6.7288,6.8173,0,0
1AT_PE,D,20190424,000000,6.8173,6.8173,6.7288,6.8173,0,0
1AT_PE,D,20190425,000000,6.8173,6.8173,6.8173,6.8173,0,0
1AT_PE,D,20190426,000000,6.8173,6.9059,6.7288,6.8173,0,0
1AT_PE,D,20190429,000000,6.8173,6.9944,6.8173,6.8173,0,0
1AT_PE,D,20190430,000000,6.9059,6.9059,6.8173,6.8173,0,0
1AT_PE,D,20190502,000000,6.9059,6.9059,6.7288,6.8173,0,0
1AT_PE,D,20190506,000000,6.8173,6.8173,6.8173,6.8173,0,0
1AT_PE,D,20190507,000000,6.8173,6.8173,6.7288,6.8173,0,0
1AT_PE,D,20190508,000000,6.8173,6.8173,6.8173,6.8173,0,0
1AT_PE,D,20190509,000000,6.8173,6.8173,6.6402,6.6402,0,0
1AT_PE,D,20190510,000000,6.8173,6.8173,6.5517,6.8173,0,0
1AT_PE,D,20190513,000000,6.8173,6.8173,6.7288,6.7288,0,0
1AT_PE,D,20190514,000000,6.7288,6.8173,6.5517,6.8173,0,0
1AT_PE,D,20190515,000000,6.8173,6.8173,6.6402,6.7288,0,0
1AT_PE,D,20190516,000000,6.8173,6.8173,6.6402,6.7288,0,0
1AT_PE,D,20190517,000000,6.8173,6.8173,6.7288,6.7288,0,0
1AT_PE,D,20190520,000000,6.5517,6.7288,6.5517,6.7288,0,0
1AT_PE,D,20190521,000000,6.6402,6.7288,6.6402,6.7288,0,0
1AT_PE,D,20190522,000000,6.7288,7.1715,6.7288,7.1715,0,0
1AT_PE,D,20190523,000000,7.1715,7.26,7.1715,7.1715,0,0
1AT_PE,D,20190524,000000,7.1715,7.3485,7.1715,7.26,0,0
1AT_PE,D,20190527,000000,7.26,7.5256,7.26,7.5256,0,0
1AT_PE,D,20190528,000000,7.5256,7.5256,7.3485,7.3485,0,0
1AT_PE,D,20190529,000000,7.3485,7.4371,7.26,7.26,0,0
1AT_PE,D,20190530,000000,7.26,7.3485,7.26,7.26,0,0
1AT_PE,D,20190531,000000,7.26,7.3485,7.26,7.26,0,0
1AT_PE,D,20190603,000000,7.3485,7.3485,7.26,7.26,0,0
1AT_PE,D,20190604,000000,7.26,7.3485,7.26,7.26,0,0
1AT_PE,D,20190605,000000,7.4371,7.4371,7.0829,7.0829,0,0
1AT_PE,D,20190606,000000,7.0829,7.3485,7.0829,7.3485,0,0
1AT_PE,D,20190607,000000,7.3485,7.4371,7.3485,7.4371,0,0
1AT_PE,D,20190610,000000,7.4371,7.5256,7.3485,7.5256,0,0
1AT_PE,D,20190611,000000,7.6141,7.6141,7.4371,7.5256,0,0
1AT_PE,D,20190612,000000,7.5256,7.6141,7.4371,7.4371,0,0
1AT_PE,D,20190613,000000,7.3485,7.4371,7.3485,7.4371,0,0
1AT_PE,D,20190614,000000,7.4371,7.5256,7.4371,7.4371,0,0
1AT_PE,D,20190617,000000,7.4371,7.4371,7.4371,7.4371,0,0
1AT_PE,D,20190618,000000,7.4371,7.5256,7.4371,7.4371,0,0
1AT_PE,D,20190619,000000,7.4371,7.7027,7.4371,7.6141,0,0
1AT_PE,D,20190621,000000,7.7027,7.7027,7.6141,7.7027,0,0
1AT_PE,D,20190624,000000,7.7027,7.7027,7.4371,7.4371,0,0
1AT_PE,D,20190625,000000,7.5,7.6,7.3,7.5,0,0
1AT_PE,D,20190626,000000,7.5,7.6,7.4,7.6,0,0
1AT_PE,D,20190627,000000,7.5,7.6,7.5,7.6,0,0
1AT_PE,D,20190628,000000,7.6,7.6,7.5,7.6,0,0
1AT_PE,D,20190701,000000,7.4,7.6,7.4,7.5,0,0
1AT_PE,D,20190702,000000,7.5,7.5,7.4,7.5,0,0
1AT_PE,D,20190703,000000,7.5,7.6,7.5,7.6,0,0
1AT_PE,D,20190704,000000,7.6,7.7,7.6,7.6,0,0
1AT_PE,D,20190705,000000,7.6,7.7,7.5,7.6,0,0
1AT_PE,D,20190708,000000,7.6,7.6,7.6,7.6,0,0
1AT_PE,D,20190709,000000,7.6,7.7,7.6,7.7,0,0
1AT_PE,D,20190710,000000,7.7,7.7,7.6,7.6,0,0
1AT_PE,D,20190711,000000,7.7,7.7,7.5,7.7,0,0
1AT_PE,D,20190712,000000,7.7,7.7,7.6,7.6,0,0
1AT_PE,D,20190715,000000,7.6,7.7,7.5,7.6,0,0
1AT_PE,D,20190716,000000,7.6,7.6,7.5,7.6,0,0
1AT_PE,D,20190717,000000,7.6,7.6,7.6,7.6,0,0
1AT_PE,D,20190718,000000,7.6,7.6,7.4,7.6,0,0
1AT_PE,D,20190719,000000,7.6,7.6,7.6,7.6,0,0
1AT_PE,D,20190722,000000,7.6,7.6,7.5,7.5,0,0
1AT_PE,D,20190723,000000,7.6,7.6,7.4,7.4,0,0
1AT_PE,D,20190724,000000,7.5,7.5,7.4,7.4,0,0
1AT_PE,D,20190725,000000,7.4,7.4,7.3,7.3,0,0
1AT_PE,D,20190726,000000,7.3,7.5,7.2,7.4,0,0
1AT_PE,D,20190729,000000,7.4,7.4,7.3,7.4,0,0
1AT_PE,D,20190730,000000,7.5,7.5,7.4,7.4,0,0
1AT_PE,D,20190731,000000,7.5,7.7,7.4,7.7,0,0
1AT_PE,D,20190801,000000,7.7,7.7,7.4,7.6,0,0
1AT_PE,D,20190802,000000,7.7,7.7,7.6,7.6,0,0
1AT_PE,D,20190805,000000,7.6,7.6,7.4,7.5,0,0
1AT_PE,D,20190806,000000,7.4,7.5,7.4,7.5,0,0
1AT_PE,D,20190807,000000,7.5,7.5,7.3,7.4,0,0
1AT_PE,D,20190808,000000,7.4,7.4,7.3,7.4,0,0
1AT_PE,D,20190809,000000,7.4,7.5,7.3,7.5,0,0
1AT_PE,D,20190812,000000,7.6,7.6,7.3,7.3,0,0
1AT_PE,D,20190813,000000,7.5,7.5,7.1,7.2,0,0
1AT_PE,D,20190814,000000,7.2,7.4,7.1,7.1,0,0
1AT_PE,D,20190816,000000,7.2,7.2,7.2,7.2,0,0
1AT_PE,D,20190819,000000,7.2,7.2,7,7.2,0,0
1AT_PE,D,20190820,000000,7.2,7.2,7,7,0,0
1AT_PE,D,20190821,000000,7,7,6.8,6.8,0,0
1AT_PE,D,20190822,000000,6.8,6.8,6.7,6.7,0,0
1AT_PE,D,20190823,000000,6.7,7.1,6.6,7,0,0
1AT_PE,D,20190826,000000,7,7,7,7,0,0
1AT_PE,D,20190827,000000,7,7,6.8,7,0,0
1AT_PE,D,20190828,000000,7,7.1,7,7.1,0,0
1AT_PE,D,20190829,000000,7.1,7.3,7,7.3,0,0
1AT_PE,D,20190830,000000,7.3,7.4,7.3,7.4,0,0
1AT_PE,D,20190902,000000,7.5,7.6,7.4,7.6,0,0
1AT_PE,D,20190903,000000,7.6,7.6,7.6,7.6,0,0
1AT_PE,D,20190904,000000,7.4,10.4,7.2,10.4,0,0
1AT_PE,D,20190905,000000,10.3,10.4,10.1,10.4,0,0
1AT_PE,D,20190906,000000,10.4,10.4,10.2,10.2,0,0
1AT_PE,D,20190909,000000,10.4,10.5,10.2,10.4,0,0
1AT_PE,D,20190910,000000,10.5,10.8,10.2,10.7,0,0
1AT_PE,D,20190911,000000,10.7,10.8,10.5,10.8,0,0
1AT_PE,D,20190912,000000,10.7,10.7,10.7,10.7,0,0
1AT_PE,D,20190913,000000,10.6,10.8,10.6,10.8,0,0
1AT_PE,D,20190916,000000,10.8,10.8,10.7,10.7,0,0
1AT_PE,D,20190917,000000,10.8,10.8,10.7,10.8,0,0
1AT_PE,D,20190918,000000,10.8,10.8,10.6,10.7,0,0
1AT_PE,D,20190919,000000,10.7,10.8,10.6,10.8,0,0
1AT_PE,D,20190920,000000,10.8,10.8,10.8,10.8,0,0
1AT_PE,D,20190923,000000,10.8,10.8,10.5,10.7,0,0
1AT_PE,D,20190924,000000,10.7,10.7,10.5,10.5,0,0
1AT_PE,D,20190925,000000,10.5,10.6,10.1,10.2,0,0
1AT_PE,D,20190926,000000,10.2,10.4,10.2,10.4,0,0
1AT_PE,D,20190927,000000,10.4,10.4,10.3,10.4,0,0
1AT_PE,D,20190930,000000,10.5,10.5,10.2,10.2,0,0
1AT_PE,D,20191001,000000,10.3,10.3,9.7,9.7,0,0
1AT_PE,D,20191002,000000,10.1,10.5,9.5,10.4,0,0
1AT_PE,D,20191003,000000,10.2,10.2,9.8,10.1,0,0
1AT_PE,D,20191004,000000,10.1,10.1,9.8,10.1,0,0
1AT_PE,D,20191007,000000,10,10.1,9.8,9.8,0,0
1AT_PE,D,20191008,000000,10,10,9.8,9.9,0,0
1AT_PE,D,20191009,000000,9.9,9.9,9.6,9.9,0,0
1AT_PE,D,20191010,000000,9.8,9.9,9.8,9.9,0,0
1AT_PE,D,20191011,000000,9.9,10.2,9.7,10.1,0,0
1AT_PE,D,20191014,000000,10.2,10.2,10.1,10.2,0,0
1AT_PE,D,20191015,000000,10.2,10.2,10.2,10.2,0,0
1AT_PE,D,20191016,000000,10.2,10.2,10,10.1,0,0
1AT_PE,D,20191017,000000,10.1,10.1,10,10,0,0
1AT_PE,D,20191018,000000,10,10,9.9,9.9,0,0
1AT_PE,D,20191021,000000,9.9,9.9,9.7,9.9,0,0
1AT_PE,D,20191022,000000,9.9,9.9,9.9,9.9,0,0
1AT_PE,D,20191023,000000,9.9,9.9,9.8,9.9,0,0
1AT_PE,D,20191024,000000,10,10,9.7,9.8,0,0
1AT_PE,D,20191025,000000,9.9,10.1,9.6,10.1,0,0
1AT_PE,D,20191028,000000,10.1,10.1,9.9,10,0,0
1AT_PE,D,20191029,000000,10.1,10.1,10.1,10.1,0,0
1AT_PE,D,20191030,000000,10.2,10.2,10.1,10.1,0,0
1AT_PE,D,20191031,000000,10.1,10.2,10,10.1,0,0
1AT_PE,D,20191104,000000,10.1,10.1,9.8,10.1,0,0
1AT_PE,D,20191105,000000,10.1,10.2,10.1,10.2,0,0
1AT_PE,D,20191106,000000,10.2,10.6,10.2,10.5,0,0
1AT_PE,D,20191107,000000,10.5,10.5,10.5,10.5,0,0
1AT_PE,D,20191108,000000,10.5,10.5,10.4,10.5,0,0
1AT_PE,D,20191112,000000,10.5,10.5,10.4,10.4,0,0
1AT_PE,D,20191113,000000,10.4,10.4,10.3,10.3,0,0
1AT_PE,D,20191114,000000,10.4,10.4,10.2,10.3,0,0
1AT_PE,D,20191115,000000,10.5,10.5,10.2,10.4,0,0
1AT_PE,D,20191118,000000,10.5,10.5,10.2,10.4,0,0
1AT_PE,D,20191119,000000,10.4,10.4,10.2,10.4,0,0
1AT_PE,D,20191120,000000,10.7,13.6,10.4,13.6,0,0
1AT_PE,D,20191121,000000,13.5,13.7,13.4,13.6,0,0
1AT_PE,D,20191122,000000,13.7,13.7,13.3,13.6,0,0
1AT_PE,D,20191125,000000,13.6,13.6,13.3,13.5,0,0
1AT_PE,D,20191126,000000,13.5,13.8,13.5,13.6,0,0
1AT_PE,D,20191127,000000,13.9,13.9,13.6,13.6,0,0
1AT_PE,D,20191128,000000,13.8,13.8,13.6,13.7,0,0
1AT_PE,D,20191129,000000,13.7,14.2,13.7,13.9,0,0
1AT_PE,D,20191202,000000,13.9,14.1,13.8,14,0,0
1AT_PE,D,20191203,000000,14,14.2,14,14,0,0
1AT_PE,D,20191204,000000,14,14.1,13.8,14.1,0,0
1AT_PE,D,20191205,000000,14.1,14.1,13.8,14,0,0
1AT_PE,D,20191206,000000,14.1,14.1,14,14.1,0,0
1AT_PE,D,20191209,000000,14.1,14.2,14,14,0,0
1AT_PE,D,20191210,000000,14.2,14.2,13.9,13.9,0,0
1AT_PE,D,20191211,000000,14,14,13.2,14,0,0
1AT_PE,D,20191212,000000,14.1,14.3,14.1,14.3,0,0
1AT_PE,D,20191213,000000,14.4,14.5,14.4,14.4,0,0
1AT_PE,D,20191216,000000,14.4,14.6,14.3,14.4,0,0
1AT_PE,D,20191217,000000,14.7,14.7,14.4,14.6,0,0
1AT_PE,D,20191218,000000,14.6,14.6,14.4,14.6,0,0
1AT_PE,D,20191219,000000,14.6,14.9,14.5,14.9,0,0
1AT_PE,D,20191220,000000,14.9,14.9,14.7,14.9,0,0
1AT_PE,D,20191223,000000,15,15,14.5,14.8,0,0
1AT_PE,D,20191227,000000,14.9,14.9,14.7,14.7,0,0
1AT_PE,D,20191230,000000,14.3,15,14.3,14.4,0,0
1AT_PE,D,20200102,000000,14.6,15,14.6,14.9,0,0
1AT_PE,D,20200103,000000,15.1,15.4,14.9,15.3,0,0
1AT_PE,D,20200107,000000,15.3,15.6,15.3,15.5,0,0
1AT_PE,D,20200108,000000,15.6,15.8,15.2,15.8,0,0
1AT_PE,D,20200109,000000,15.8,15.9,15.7,15.8,0,0
1AT_PE,D,20200110,000000,15.8,16,15.7,15.8,0,0
1AT_PE,D,20200113,000000,15.8,16,15.6,15.8,0,0
1AT_PE,D,20200114,000000,15.3,16,15.3,15.6,0,0
1AT_PE,D,20200115,000000,15.8,15.9,15.4,15.9,0,0
1AT_PE,D,20200116,000000,15.9,16.1,15.9,16,0,0
1AT_PE,D,20200117,000000,15.7,16.1,15.7,16.1,0,0
1AT_PE,D,20200120,000000,15.9,16.3,15.9,16.1,0,0
1AT_PE,D,20200121,000000,16.3,16.3,15.8,15.9,0,0
1AT_PE,D,20200122,000000,15.7,16.1,15.7,15.9,0,0
1AT_PE,D,20200123,000000,16.1,16.1,15.5,15.5,0,0
1AT_PE,D,20200124,000000,15.3,15.8,15.3,15.8,0,0
1AT_PE,D,20200127,000000,16.1,16.1,15.4,15.5,0,0
1AT_PE,D,20200128,000000,15.5,15.5,15.3,15.5,0,0
1AT_PE,D,20200129,000000,15.5,16.1,15.4,15.7,0,0
1AT_PE,D,20200130,000000,15.7,15.7,15.4,15.5,0,0
1AT_PE,D,20200131,000000,15.5,15.5,14.9,14.9,0,0
1AT_PE,D,20200203,000000,14.9,15.5,14.4,14.9,0,0
1AT_PE,D,20200204,000000,14.9,15.5,14.8,15,0,0
1AT_PE,D,20200205,000000,15.3,15.3,14.8,15.1,0,0
1AT_PE,D,20200206,000000,14.9,15.1,14.9,15,0,0
1AT_PE,D,20200207,000000,14.9,15,14.8,15,0,0
1AT_PE,D,20200210,000000,15.1,15.1,15,15,0,0
1AT_PE,D,20200211,000000,14.9,14.9,14.6,14.7,0,0
1AT_PE,D,20200212,000000,15,15.2,15,15.1,0,0
1AT_PE,D,20200213,000000,15.2,15.2,15.1,15.2,0,0
1AT_PE,D,20200214,000000,15.2,15.2,15.1,15.1,0,0
1AT_PE,D,20200217,000000,15.1,15.3,15.1,15.1,0,0
1AT_PE,D,20200218,000000,15.3,15.3,15.1,15.1,0,0
1AT_PE,D,20200219,000000,15.1,15.1,14.9,15.1,0,0
1AT_PE,D,20200220,000000,15.1,15.1,14.9,14.9,0,0
1AT_PE,D,20200221,000000,14.9,15.1,14.7,15,0,0
1AT_PE,D,20200224,000000,15,15,14.3,14.5,0,0
1AT_PE,D,20200225,000000,14.5,15.2,14.3,14.7,0,0
1AT_PE,D,20200226,000000,14.7,15.1,14.2,15,0,0
1AT_PE,D,20200227,000000,14.9,14.9,14.3,14.7,0,0
1AT_PE,D,20200228,000000,13.9,14.2,13.3,13.4,0,0
1AT_PE,D,20200302,000000,13.7,14.2,13.6,13.9,0,0
1AT_PE,D,20200303,000000,13.9,14.4,13.9,14.4,0,0
1AT_PE,D,20200304,000000,14.4,14.5,14.1,14.3,0,0
1AT_PE,D,20200305,000000,14.4,14.4,14,14.2,0,0
1AT_PE,D,20200306,000000,14.2,14.4,13.9,14.2,0,0
1AT_PE,D,20200309,000000,13.3,13.6,13.1,13.6,0,0
1AT_PE,D,20200310,000000,13.1,13.6,13.1,13.3,0,0
1AT_PE,D,20200311,000000,13.5,13.5,12.3,12.9,0,0
1AT_PE,D,20200312,000000,11.1,11.8,10.7,11.3,0,0
1AT_PE,D,20200313,000000,11.3,12.4,10.9,11.3,0,0
1AT_PE,D,20200316,000000,10.5,11.2,10.2,10.6,0,0
1AT_PE,D,20200317,000000,10.6,11.2,10.4,10.5,0,0
1AT_PE,D,20200318,000000,10.4,10.4,10.2,10.4,0,0
1AT_PE,D,20200319,000000,10.4,10.4,10.1,10.4,0,0
1AT_PE,D,20200320,000000,9.5,10.4,9,9,0,0
1AT_PE,D,20200323,000000,8.9,8.9,8.5,8.9,0,0
1AT_PE,D,20200324,000000,8.8,8.8,8.4,8.6,0,0
1AT_PE,D,20200325,000000,8.9,8.9,8.1,8.5,0,0
1AT_PE,D,20200326,000000,8.5,8.8,8.3,8.7,0,0
1AT_PE,D,20200327,000000,8.9,9.2,8.9,9,0,0
1AT_PE,D,20200330,000000,9.2,9.2,8.4,8.5,0,0
1AT_PE,D,20200331,000000,8.8,9.1,8.8,8.9,0,0
1AT_PE,D,20200401,000000,8.5,8.8,8.3,8.3,0,0
1AT_PE,D,20200402,000000,8.3,8.6,8.2,8.3,0,0
1AT_PE,D,20200403,000000,8.4,8.9,8.4,8.9,0,0
1AT_PE,D,20200406,000000,9,9.2,8.9,9,0,0
1AT_PE,D,20200407,000000,9,9.2,8.6,9.2,0,0
1AT_PE,D,20200408,000000,9.2,9.6,8.8,9.2,0,0
1AT_PE,D,20200409,000000,9.5,9.5,8.8,8.9,0,0
1AT_PE,D,20200414,000000,8.9,9.9,8.9,9.8,0,0
1AT_PE,D,20200415,000000,10,10,9.5,9.5,0,0
1AT_PE,D,20200416,000000,9.7,9.7,9.6,9.7,0,0
1AT_PE,D,20200417,000000,9.8,9.8,9.6,9.8,0,0
1AT_PE,D,20200420,000000,10.2,10.2,9.5,9.5,0,0
1AT_PE,D,20200421,000000,9.8,9.8,9.3,9.8,0,0
1AT_PE,D,20200422,000000,9.8,9.9,9.6,9.6,0,0
1AT_PE,D,20200423,000000,9.6,9.6,9.5,9.5,0,0
1AT_PE,D,20200424,000000,9.5,9.5,9.5,9.5,0,0
1AT_PE,D,20200427,000000,9.5,9.5,9.5,9.5,0,0
1AT_PE,D,20200428,000000,9.5,9.6,9.5,9.5,0,0
1AT_PE,D,20200429,000000,9.5,9.7,9.5,9.7,0,0
1AT_PE,D,20200430,000000,9.7,9.7,9.5,9.6,0,0
1AT_PE,D,20200504,000000,9.6,9.8,9.6,9.7,0,0
1AT_PE,D,20200505,000000,9.8,9.8,9.5,9.7,0,0
1AT_PE,D,20200506,000000,9.7,9.8,9.2,9.2,0,0
1AT_PE,D,20200507,000000,9.2,9.8,9.2,9.5,0,0
1AT_PE,D,20200508,000000,9.5,9.5,9.3,9.4,0,0
1AT_PE,D,20200511,000000,9.5,9.5,9.1,9.2,0,0
1AT_PE,D,20200512,000000,9.3,9.3,9.2,9.3,0,0
1AT_PE,D,20200513,000000,9.5,9.6,9.4,9.4,0,0
1AT_PE,D,20200514,000000,9.4,9.4,9.3,9.3,0,0
1AT_PE,D,20200515,000000,9.3,9.5,9.3,9.4,0,0
1AT_PE,D,20200518,000000,9.6,9.6,9.3,9.3,0,0
1AT_PE,D,20200519,000000,9.2,9.4,9.2,9.3,0,0
1AT_PE,D,20200520,000000,9.4,9.7,9.3,9.6,0,0
1AT_PE,D,20200521,000000,9.7,9.8,9.5,9.7,0,0
1AT_PE,D,20200522,000000,9.6,12,9.4,12,0,0
1AT_PE,D,20200525,000000,12,12.1,12,12.1,0,0
1AT_PE,D,20200526,000000,12.1,12.3,11.8,12.1,0,0
1AT_PE,D,20200527,000000,12.1,12.6,12.1,12.6,0,0
1AT_PE,D,20200528,000000,12.8,12.9,12.2,12.8,0,0
1AT_PE,D,20200529,000000,13,13.2,12.7,13.2,0,0
1AT_PE,D,20200601,000000,13.6,14.3,13.6,14,0,0
1AT_PE,D,20200602,000000,14.3,14.3,13.9,14.1,0,0
1AT_PE,D,20200603,000000,13.9,14.4,13.7,13.7,0,0
1AT_PE,D,20200604,000000,14.1,14.2,14,14.1,0,0
1AT_PE,D,20200605,000000,14.1,14.2,13.8,14.2,0,0
1AT_PE,D,20200608,000000,14.2,14.2,14.1,14.2,0,0
1AT_PE,D,20200609,000000,14.1,14.1,13.3,13.6,0,0
1AT_PE,D,20200610,000000,13.6,13.6,12.9,13.2,0,0
1AT_PE,D,20200612,000000,13.2,13.6,13.2,13.5,0,0
1AT_PE,D,20200615,000000,13.6,13.6,12.9,13.2,0,0
1AT_PE,D,20200616,000000,13.5,14,13.2,13.7,0,0
1AT_PE,D,20200617,000000,14.1,14.1,13.6,13.6,0,0
1AT_PE,D,20200618,000000,14,14,13.3,13.7,0,0
1AT_PE,D,20200619,000000,14,14,13.2,13.6,0,0
1AT_PE,D,20200622,000000,13.6,13.6,13.3,13.6,0,0
1AT_PE,D,20200623,000000,13.6,13.6,13.1,13.4,0,0
1AT_PE,D,20200624,000000,13.6,13.6,13.2,13.4,0,0
1AT_PE,D,20200625,000000,13.4,13.4,12.9,13.2,0,0
1AT_PE,D,20200626,000000,13.2,13.8,13.2,13.5,0,0
1AT_PE,D,20200629,000000,13.6,13.9,13.6,13.7,0,0
1AT_PE,D,20200630,000000,13.7,13.7,13.3,13.3,0,0
1AT_PE,D,20200701,000000,13.6,13.9,13.6,13.9,0,0
1AT_PE,D,20200702,000000,13.9,14.2,13.7,14.2,0,0
1AT_PE,D,20200703,000000,14.2,14.2,13.7,14.2,0,0
1AT_PE,D,20200706,000000,14.2,14.3,13.9,14.2,0,0
1AT_PE,D,20200707,000000,14.2,14.3,13.8,14.3,0,0
1AT_PE,D,20200708,000000,14.1,14.3,13.7,14,0,0
1AT_PE,D,20200709,000000,14,14,13.6,13.7,0,0
1AT_PE,D,20200710,000000,13.9,13.9,13.5,13.9,0,0
1AT_PE,D,20200713,000000,13.7,14.1,13.7,13.9,0,0
1AT_PE,D,20200714,000000,14.1,14.1,13.9,14,0,0
1AT_PE,D,20200715,000000,14,14.1,13.7,14,0,0
1AT_PE,D,20200716,000000,14,14,13.6,13.7,0,0
1AT_PE,D,20200717,000000,14,14.1,13.5,13.8,0,0
1AT_PE,D,20200720,000000,14,14.1,13.8,14.1,0,0
1AT_PE,D,20200721,000000,14,14.1,13.8,14.1,0,0
1AT_PE,D,20200722,000000,14.1,15.1,14.1,14.9,0,0
1AT_PE,D,20200723,000000,15,15.5,15,15.5,0,0
1AT_PE,D,20200724,000000,15.4,15.4,14.6,15.3,0,0
1AT_PE,D,20200727,000000,15.4,15.4,14.7,15.2,0,0
1AT_PE,D,20200728,000000,15.2,15.2,14.8,15.1,0,0
1AT_PE,D,20200729,000000,15.1,15.1,14.8,14.9,0,0
1AT_PE,D,20200730,000000,15,15,14.1,14.3,0,0
1AT_PE,D,20200731,000000,14.5,14.6,14.3,14.3,0,0
1AT_PE,D,20200803,000000,14.3,14.5,14.1,14.5,0,0
1AT_PE,D,20200804,000000,14.6,14.8,14.5,14.7,0,0
1AT_PE,D,20200805,000000,14.9,15.2,14.5,15.2,0,0
1AT_PE,D,20200806,000000,14.9,15.2,14.9,15.2,0,0
1AT_PE,D,20200807,000000,15,15,14.9,14.9,0,0
1AT_PE,D,20200810,000000,15.2,15.2,15.2,15.2,0,0
1AT_PE,D,20200811,000000,15.2,15.2,14.8,15.1,0,0
1AT_PE,D,20200812,000000,14.7,15.1,14.5,15.1,0,0
1AT_PE,D,20200813,000000,14.2,15,14.2,14.3,0,0
1AT_PE,D,20200814,000000,15,15,14.6,14.7,0,0
1AT_PE,D,20200817,000000,14.9,14.9,14.2,14.6,0,0
1AT_PE,D,20200818,000000,14.5,14.5,14.4,14.5,0,0
1AT_PE,D,20200819,000000,14.5,14.5,14.5,14.5,0,0
1AT_PE,D,20200820,000000,14.9,14.9,13.9,14.6,0,0
1AT_PE,D,20200821,000000,13.8,14.5,13.8,14.5,0,0
