<TICKER>,<PER>,<DATE>,<TIME>,<OPEN>,<HIGH>,<LOW>,<CLOSE>,<VOL>,<OPENINT>
ALG_PE,D,20130108,000000,30.4,30.4,30.4,30.4,0,0
ALG_PE,D,20130109,000000,25.3,30.4,24.3,30.4,0,0
ALG_PE,D,20130110,000000,30.4,30.6,30.4,30.4,0,0
ALG_PE,D,20130111,000000,33.8,33.8,33.8,33.8,0,0
ALG_PE,D,20130115,000000,32.1,33.8,32.1,33.8,0,0
ALG_PE,D,20130218,000000,32.1,32.1,32.1,32.1,0,0
ALG_PE,D,20130222,000000,43.9,43.9,39,43.9,0,0
ALG_PE,D,20130225,000000,39,43.9,39,43.9,0,0
ALG_PE,D,20130226,000000,48.7,48.7,43.9,46.3,0,0
ALG_PE,D,20130227,000000,46.1,46.1,46.1,46.1,0,0
ALG_PE,D,20130306,000000,46.3,46.3,46.3,46.3,0,0
ALG_PE,D,20130307,000000,43.9,43.9,43.9,43.9,0,0
ALG_PE,D,20130308,000000,43.9,46.3,43.9,46.3,0,0
ALG_PE,D,20130311,000000,43.9,46.3,43.9,46.3,0,0
ALG_PE,D,20130315,000000,48.7,48.8,48.7,48.8,0,0
ALG_PE,D,20130319,000000,48.1,48.1,48.1,48.1,0,0
ALG_PE,D,20130320,000000,48.1,48.8,48.1,48.8,0,0
ALG_PE,D,20130321,000000,48.3,48.3,48.3,48.3,0,0
ALG_PE,D,20130322,000000,48.8,48.8,48.8,48.8,0,0
ALG_PE,D,20130325,000000,48.8,49.3,48.8,49.3,0,0
ALG_PE,D,20130326,000000,48.3,49.5,48.3,49.5,0,0
ALG_PE,D,20130328,000000,49.3,49.8,49.3,49.7,0,0
ALG_PE,D,20130405,000000,50.2,50.7,50.2,50.7,0,0
ALG_PE,D,20130411,000000,53.1,53.2,53.1,53.2,0,0
ALG_PE,D,20130412,000000,52.2,52.2,52.2,52.2,0,0
ALG_PE,D,20130419,000000,53.6,53.6,53.6,53.6,0,0
ALG_PE,D,20130426,000000,53.6,53.6,53.6,53.6,0,0
ALG_PE,D,20130429,000000,53.6,54.6,53.6,54.6,0,0
ALG_PE,D,20130430,000000,54.4,54.4,54.4,54.4,0,0
ALG_PE,D,20130502,000000,54.6,54.6,54.6,54.6,0,0
ALG_PE,D,20130507,000000,54.6,54.7,54.6,54.6,0,0
ALG_PE,D,20130508,000000,55.8,55.8,55.8,55.8,0,0
ALG_PE,D,20130509,000000,56,56,56,56,0,0
ALG_PE,D,20130510,000000,56,56.6,56,56.6,0,0
ALG_PE,D,20130513,000000,56.6,56.6,56.6,56.6,0,0
ALG_PE,D,20130514,000000,56.4,58.3,56.4,58.3,0,0
ALG_PE,D,20130515,000000,58.3,58.5,58.3,58.5,0,0
ALG_PE,D,20130516,000000,56.1,57.8,56.1,57.8,0,0
ALG_PE,D,20130517,000000,58.8,58.8,58.8,58.8,0,0
ALG_PE,D,20130520,000000,58.6,58.6,58.5,58.5,0,0
ALG_PE,D,20130521,000000,58.7,58.7,58.7,58.7,0,0
ALG_PE,D,20130523,000000,58.5,58.5,58.5,58.5,0,0
ALG_PE,D,20130524,000000,58.5,58.5,57.5,57.6,0,0
ALG_PE,D,20130527,000000,56.1,56.1,56.1,56.1,0,0
ALG_PE,D,20130528,000000,57.6,57.6,57.6,57.6,0,0
ALG_PE,D,20130529,000000,58.6,58.7,58.6,58.6,0,0
ALG_PE,D,20130531,000000,58.7,73.3,58.7,73.3,0,0
ALG_PE,D,20130603,000000,73.3,73.3,68.2,68.2,0,0
ALG_PE,D,20130604,000000,72.6,72.6,72.6,72.6,0,0
ALG_PE,D,20130605,000000,73.2,73.3,73.2,73.3,0,0
ALG_PE,D,20130606,000000,73.2,73.2,73.2,73.2,0,0
ALG_PE,D,20130607,000000,73.3,73.6,73.3,73.6,0,0
ALG_PE,D,20130610,000000,73.6,73.6,73.6,73.6,0,0
ALG_PE,D,20130611,000000,73.5,73.5,73.5,73.5,0,0
ALG_PE,D,20130612,000000,73.5,73.5,73.5,73.5,0,0
ALG_PE,D,20130613,000000,73.5,73.5,73.5,73.5,0,0
ALG_PE,D,20130614,000000,73.5,73.5,73.5,73.5,0,0
ALG_PE,D,20130617,000000,73.7,73.8,73.7,73.8,0,0
ALG_PE,D,20130619,000000,73.8,73.8,73.8,73.8,0,0
ALG_PE,D,20130620,000000,73.9,73.9,73.9,73.9,0,0
ALG_PE,D,20130621,000000,73.9,74.1,73.9,74.1,0,0
ALG_PE,D,20130624,000000,74.2,74.2,74.2,74.2,0,0
ALG_PE,D,20130625,000000,73,73,72.9,72.9,0,0
ALG_PE,D,20130627,000000,75.9,76,75.9,76,0,0
ALG_PE,D,20130628,000000,76.6,76.6,76.6,76.6,0,0
ALG_PE,D,20130702,000000,76.3,76.3,76.3,76.3,0,0
ALG_PE,D,20130703,000000,76.3,76.3,76.3,76.3,0,0
ALG_PE,D,20130704,000000,71.4,76.6,71.4,76.6,0,0
ALG_PE,D,20130708,000000,71.3,72.5,71.3,72.5,0,0
ALG_PE,D,20130709,000000,73.1,73.1,73.1,73.1,0,0
ALG_PE,D,20130710,000000,68,68,67.8,67.8,0,0
ALG_PE,D,20130711,000000,67.8,67.8,67.8,67.8,0,0
ALG_PE,D,20130716,000000,63.4,63.4,63.4,63.4,0,0
ALG_PE,D,20130717,000000,64,64,64,64,0,0
ALG_PE,D,20130725,000000,63.3,63.3,63.3,63.3,0,0
ALG_PE,D,20130805,000000,59.6,59.6,59.6,59.6,0,0
ALG_PE,D,20130806,000000,59.6,59.6,59.3,59.3,0,0
ALG_PE,D,20130808,000000,59.3,59.3,59.3,59.3,0,0
ALG_PE,D,20130813,000000,59.3,59.3,59.3,59.3,0,0
ALG_PE,D,20130819,000000,59,59,59,59,0,0
ALG_PE,D,20130820,000000,59,59,59,59,0,0
ALG_PE,D,20130821,000000,59,59,59,59,0,0
ALG_PE,D,20130822,000000,59,59,59,59,0,0
ALG_PE,D,20130823,000000,59.3,59.3,59.3,59.3,0,0
ALG_PE,D,20130826,000000,59.3,59.3,59.3,59.3,0,0
ALG_PE,D,20130827,000000,59.3,59.3,59.3,59.3,0,0
ALG_PE,D,20130829,000000,55.3,56.5,55.3,56.5,0,0
ALG_PE,D,20130830,000000,52.6,56.5,52.6,56.5,0,0
ALG_PE,D,20130902,000000,49,52.6,49,52.6,0,0
ALG_PE,D,20130906,000000,47.4,48,47.4,48,0,0
ALG_PE,D,20130909,000000,44.7,45.2,44.7,45.2,0,0
ALG_PE,D,20130910,000000,40.8,41,40.8,41,0,0
ALG_PE,D,20130911,000000,41,41.1,41,41.1,0,0
ALG_PE,D,20130912,000000,41.2,41.2,41.2,41.2,0,0
ALG_PE,D,20130913,000000,41.3,41.4,41.3,41.4,0,0
ALG_PE,D,20130916,000000,41.5,41.5,41.4,41.4,0,0
ALG_PE,D,20130917,000000,44.5,44.6,44.5,44.6,0,0
ALG_PE,D,20130918,000000,41.5,222.3,41.5,222.3,0,0
ALG_PE,D,20130919,000000,222.9,222.9,222.9,222.9,0,0
ALG_PE,D,20130920,000000,225.6,225.6,225.6,225.6,0,0
ALG_PE,D,20130923,000000,225.6,226.3,225.6,226.3,0,0
ALG_PE,D,20130924,000000,218.9,218.9,218.9,218.9,0,0
ALG_PE,D,20130927,000000,218.9,218.9,218.9,218.9,0,0
ALG_PE,D,20130930,000000,218.9,218.9,218.9,218.9,0,0
ALG_PE,D,20131004,000000,218.9,218.9,218.9,218.9,0,0
ALG_PE,D,20131016,000000,218.9,218.9,218.9,218.9,0,0
ALG_PE,D,20131021,000000,218.9,225.6,218.9,225.6,0,0
ALG_PE,D,20131022,000000,218.9,218.9,218.9,218.9,0,0
ALG_PE,D,20131023,000000,225.6,235.7,225.6,235.7,0,0
ALG_PE,D,20131025,000000,235.7,235.7,235.7,235.7,0,0
ALG_PE,D,20131028,000000,235.7,235.7,235.7,235.7,0,0
ALG_PE,D,20131030,000000,235.7,235.7,235.7,235.7,0,0
ALG_PE,D,20131119,000000,235.7,235.7,235.7,235.7,0,0
ALG_PE,D,20131120,000000,235.7,252.6,235.7,252.6,0,0
ALG_PE,D,20131121,000000,252.5,252.5,252.5,252.5,0,0
ALG_PE,D,20131126,000000,252.5,252.6,252.5,252.6,0,0
ALG_PE,D,20131127,000000,252.5,252.6,252.5,252.6,0,0
ALG_PE,D,20131203,000000,252.5,252.6,252.5,252.6,0,0
ALG_PE,D,20131204,000000,252.5,252.6,252.5,252.6,0,0
ALG_PE,D,20131205,000000,252.5,252.6,252.5,252.6,0,0
ALG_PE,D,20131206,000000,252.5,252.6,252.5,252.6,0,0
ALG_PE,D,20131209,000000,252.5,286.2,252.5,286.2,0,0
ALG_PE,D,20131211,000000,269.4,269.4,269.4,269.4,0,0
ALG_PE,D,20131212,000000,269.4,269.4,269.4,269.4,0,0
ALG_PE,D,20131216,000000,235.7,269.4,235.7,269.4,0,0
ALG_PE,D,20140627,000000,1381.3,1381.3,1381.3,1381.3,0,0
ALG_PE,D,20140701,000000,1347.8,1347.8,1346.6,1346.6,0,0
ALG_PE,D,20140714,000000,3613.6,3613.6,3580.8,3580.8,0,0
ALG_PE,D,20140715,000000,3613.6,3613.6,3580.8,3580.8,0,0
ALG_PE,D,20140717,000000,3613.6,3613.6,3580.8,3580.8,0,0
ALG_PE,D,20140718,000000,3613.6,3636.4,3603.3,3603.3,0,0
ALG_PE,D,20140805,000000,3404.5,3613.6,3404.5,3580.8,0,0
ALG_PE,D,20140818,000000,3363.6,3522.7,3363.6,3490.7,0,0
ALG_PE,D,20140829,000000,352.9,352.9,352.9,352.9,0,0
ALG_PE,D,20140902,000000,355.3,355.3,355.3,355.3,0,0
ALG_PE,D,20140903,000000,355.3,355.3,355.3,355.3,0,0
ALG_PE,D,20140904,000000,357.6,357.6,357.6,357.6,0,0
ALG_PE,D,20140908,000000,348.2,348.2,348.2,348.2,0,0
ALG_PE,D,20140909,000000,357.6,357.6,357.6,357.6,0,0
ALG_PE,D,20140910,000000,357.6,357.6,357.6,357.6,0,0
ALG_PE,D,20140911,000000,357.6,357.6,357.6,357.6,0,0
ALG_PE,D,20140912,000000,357.6,357.6,357.6,357.6,0,0
ALG_PE,D,20140915,000000,348.2,358.8,348.2,358.8,0,0
ALG_PE,D,20140926,000000,345.9,374.1,345.9,374.1,0,0
ALG_PE,D,20140929,000000,375.3,375.3,375.3,375.3,0,0
ALG_PE,D,20141007,000000,352.9,352.9,352.9,352.9,0,0
ALG_PE,D,20141008,000000,352.9,352.9,352.9,352.9,0,0
ALG_PE,D,20141010,000000,362.4,362.4,362.3,362.3,0,0
ALG_PE,D,20141014,000000,352.9,352.9,352.9,352.9,0,0
ALG_PE,D,20141015,000000,362.4,362.4,362.3,362.3,0,0
ALG_PE,D,20141017,000000,362.4,362.4,362.3,362.3,0,0
ALG_PE,D,20141027,000000,362.4,362.4,362.3,362.3,0,0
ALG_PE,D,20141112,000000,362.4,362.4,362.3,362.3,0,0
ALG_PE,D,20141117,000000,362.4,362.4,362.3,362.3,0,0
ALG_PE,D,20141211,000000,338.8,361.3,338.8,361.3,0,0
ALG_PE,D,20141230,000000,338.8,362,338.8,362,0,0
ALG_PE,D,20150102,000000,327.1,327.4,327.1,327.4,0,0
ALG_PE,D,20150105,000000,347.4,347.8,347.4,347.8,0,0
ALG_PE,D,20150108,000000,350.5,350.8,350.5,350.8,0,0
ALG_PE,D,20150109,000000,354,354.3,354,354.3,0,0
ALG_PE,D,20150112,000000,333.6,359,333.6,359,0,0
ALG_PE,D,20150121,000000,341.6,341.9,341.6,341.9,0,0
ALG_PE,D,20150210,000000,327.1,327.4,327.1,327.4,0,0
ALG_PE,D,20150216,000000,320.6,344.7,320.6,344.7,0,0
ALG_PE,D,20150410,000000,6,6,6,6,0,0
ALG_PE,D,20150413,000000,6.2,6.3,6.2,6.3,0,0
ALG_PE,D,20150415,000000,6.3,6.3,6.3,6.3,0,0
ALG_PE,D,20150526,000000,6.1,6.1,6.1,6.1,0,0
ALG_PE,D,20150601,000000,6.2,6.2,6.2,6.2,0,0
ALG_PE,D,20150623,000000,6,6.2,6,6.1,0,0
ALG_PE,D,20150624,000000,6.1,6.2,6.1,6.2,0,0
ALG_PE,D,20150625,000000,6.2,6.2,6.2,6.2,0,0
ALG_PE,D,20150731,000000,5.5,6.3,5.5,6.3,0,0
ALG_PE,D,20150817,000000,5.3,5.7,5.3,5.7,0,0
ALG_PE,D,20150819,000000,5.1,5.5,5.1,5.5,0,0
ALG_PE,D,20150921,000000,4.9,5.7,4.9,5.7,0,0
ALG_PE,D,20150928,000000,5.7,6.7,5.7,6.7,0,0
ALG_PE,D,20151007,000000,7.1,7.1,7.1,7.1,0,0
ALG_PE,D,20151012,000000,7.5,7.5,7.4,7.4,0,0
ALG_PE,D,20151013,000000,7.6,7.7,7.6,7.7,0,0
ALG_PE,D,20151016,000000,7.8,7.8,7.8,7.8,0,0
ALG_PE,D,20151026,000000,7.8,8.1,7.8,8.1,0,0
ALG_PE,D,20151221,000000,7.2,7.5,7.2,7.5,0,0
ALG_PE,D,20151222,000000,6.7,7.2,6.7,7.2,0,0
ALG_PE,D,20160104,000000,7.3,7.3,6.7,6.7,0,0
ALG_PE,D,20160111,000000,6.6,6.7,6.6,6.7,0,0
ALG_PE,D,20160122,000000,6.7,7.2,6.7,7.2,0,0
ALG_PE,D,20160126,000000,7.1,7.1,7.1,7.1,0,0
ALG_PE,D,20160127,000000,6.7,7.3,6.7,7.3,0,0
ALG_PE,D,20160128,000000,6.8,6.8,6.8,6.8,0,0
ALG_PE,D,20160129,000000,6.7,7.5,6.3,7.5,0,0
ALG_PE,D,20160216,000000,7.2,7.2,7.2,7.2,0,0
ALG_PE,D,20160218,000000,7.2,7.2,7.2,7.2,0,0
ALG_PE,D,20160222,000000,7.2,7.2,7.2,7.2,0,0
ALG_PE,D,20170928,000000,7.2,7.2,7.2,7.2,0,0
ALG_PE,D,20191002,000000,20.8,20.8,20.8,20.8,0,0
ALG_PE,D,20191003,000000,22.6,23.3,19.6,19.6,0,0
ALG_PE,D,20191004,000000,19.7,19.7,19.4,19.6,0,0
ALG_PE,D,20191007,000000,18.8,19.6,17.3,18.5,0,0
ALG_PE,D,20191008,000000,17,18.7,16.8,17.7,0,0
ALG_PE,D,20191009,000000,17.6,17.9,17.6,17.8,0,0
ALG_PE,D,20191010,000000,17.3,18.1,15.6,18.1,0,0
ALG_PE,D,20191011,000000,18.2,18.8,17.9,17.9,0,0
ALG_PE,D,20191014,000000,17.7,17.9,17.7,17.7,0,0
ALG_PE,D,20191015,000000,17.9,17.9,17.5,17.9,0,0
ALG_PE,D,20191016,000000,17.5,17.5,15.6,15.6,0,0
ALG_PE,D,20191017,000000,16.7,16.8,15.6,16.7,0,0
ALG_PE,D,20191018,000000,16.7,16.7,16.1,16.5,0,0
ALG_PE,D,20191021,000000,16.7,18.6,16.7,18.6,0,0
ALG_PE,D,20191022,000000,18.9,20.8,18.9,19.8,0,0
ALG_PE,D,20191023,000000,19.7,20,18.6,19.9,0,0
ALG_PE,D,20191024,000000,19.7,19.7,18.7,19.6,0,0
ALG_PE,D,20191025,000000,19.4,19.9,17.9,19.6,0,0
ALG_PE,D,20191028,000000,19.6,19.7,18.6,19.7,0,0
ALG_PE,D,20191029,000000,19.7,19.7,18.6,19.2,0,0
ALG_PE,D,20191030,000000,19,20,19,19.9,0,0
ALG_PE,D,20191031,000000,19.7,20.1,19.2,19.8,0,0
ALG_PE,D,20191104,000000,19.2,19.9,18.8,19.9,0,0
ALG_PE,D,20191105,000000,19.2,19.8,19,19.6,0,0
ALG_PE,D,20191106,000000,18.8,19.6,18.8,19.3,0,0
ALG_PE,D,20191107,000000,19.2,19.5,19.2,19.5,0,0
ALG_PE,D,20191108,000000,19.5,19.5,19.2,19.2,0,0
ALG_PE,D,20191112,000000,19.2,19.4,18.6,19.2,0,0
ALG_PE,D,20191113,000000,19.4,19.4,18.4,19.2,0,0
ALG_PE,D,20191114,000000,18.5,20,18.4,19.9,0,0
ALG_PE,D,20191115,000000,19.8,20.1,19,20.1,0,0
ALG_PE,D,20191118,000000,20,21.2,20,21.2,0,0
ALG_PE,D,20191119,000000,21.2,22.4,21,22.2,0,0
ALG_PE,D,20191120,000000,22,22.8,21.4,22.6,0,0
ALG_PE,D,20191121,000000,22.6,22.9,22.4,22.9,0,0
ALG_PE,D,20191122,000000,22.9,22.9,22.5,22.9,0,0
ALG_PE,D,20191125,000000,22.7,22.7,22.1,22.6,0,0
ALG_PE,D,20191126,000000,22.1,22.6,22,22.5,0,0
ALG_PE,D,20191127,000000,22.5,22.7,21.8,22.3,0,0
ALG_PE,D,20191128,000000,22.1,22.3,21.2,21.5,0,0
ALG_PE,D,20191129,000000,21,22,21,21.6,0,0
ALG_PE,D,20191202,000000,22.1,22.1,21.1,21.5,0,0
ALG_PE,D,20191203,000000,21.5,21.5,21.2,21.5,0,0
ALG_PE,D,20191204,000000,21.5,21.5,21.1,21.5,0,0
ALG_PE,D,20191205,000000,21.1,21.1,20.8,21,0,0
ALG_PE,D,20191206,000000,20.8,21.2,20.7,21.2,0,0
ALG_PE,D,20191209,000000,21.2,21.2,21.2,21.2,0,0
ALG_PE,D,20191210,000000,20.7,21.3,20.6,21.3,0,0
ALG_PE,D,20191211,000000,21.3,22,21.3,22,0,0
ALG_PE,D,20191212,000000,21.8,21.8,21.8,21.8,0,0
ALG_PE,D,20191213,000000,21.7,21.7,21.2,21.4,0,0
ALG_PE,D,20191216,000000,21.2,21.4,20.9,21,0,0
ALG_PE,D,20191217,000000,21.4,21.4,19.9,20,0,0
ALG_PE,D,20191218,000000,21.1,21.4,21.1,21.4,0,0
ALG_PE,D,20191219,000000,21.4,21.7,21.2,21.4,0,0
ALG_PE,D,20191220,000000,20.5,21.8,20.4,21.8,0,0
ALG_PE,D,20191223,000000,21,21.7,21,21.4,0,0
ALG_PE,D,20191227,000000,21.4,21.6,20.6,20.7,0,0
ALG_PE,D,20191230,000000,20.6,21.2,20.6,21.2,0,0
ALG_PE,D,20200102,000000,21.2,21.2,20.6,21.2,0,0
ALG_PE,D,20200103,000000,21.2,21.8,21.2,21.8,0,0
ALG_PE,D,20200107,000000,22.2,22.9,21.8,22.9,0,0
ALG_PE,D,20200108,000000,22.9,24.8,22.9,22.9,0,0
ALG_PE,D,20200109,000000,24.8,24.8,24,24.4,0,0
ALG_PE,D,20200110,000000,24,24.7,23.2,24.4,0,0
ALG_PE,D,20200113,000000,24.1,24.7,23.5,24.7,0,0
ALG_PE,D,20200114,000000,24.5,24.9,24.3,24.8,0,0
ALG_PE,D,20200115,000000,24.4,25.6,24.4,25.6,0,0
ALG_PE,D,20200116,000000,25.6,27.5,25.2,27.5,0,0
ALG_PE,D,20200117,000000,27.5,29,27.5,28.9,0,0
ALG_PE,D,20200120,000000,29.1,33.5,29.1,32.9,0,0
ALG_PE,D,20200121,000000,34.4,35.7,32.4,34.1,0,0
ALG_PE,D,20200122,000000,34.3,34.6,32.7,34.2,0,0
ALG_PE,D,20200123,000000,34,35.9,33.6,35.7,0,0
ALG_PE,D,20200124,000000,35.7,37.5,35.7,37.3,0,0
ALG_PE,D,20200127,000000,37.4,37.4,30.3,31.8,0,0
ALG_PE,D,20200128,000000,31,35.7,31,35.4,0,0
ALG_PE,D,20200129,000000,35.5,35.6,34,35.4,0,0
ALG_PE,D,20200130,000000,34.4,35.2,31,31.6,0,0
ALG_PE,D,20200131,000000,32.8,33.4,31.7,32.8,0,0
ALG_PE,D,20200203,000000,32.8,32.8,30.9,32.3,0,0
ALG_PE,D,20200204,000000,32.4,32.8,31.3,32.4,0,0
ALG_PE,D,20200205,000000,32.8,34.3,32.4,34.1,0,0
ALG_PE,D,20200206,000000,34.6,34.7,32.1,33.4,0,0
ALG_PE,D,20200207,000000,32.9,34,32.5,33.8,0,0
ALG_PE,D,20200210,000000,36.1,36.6,33.8,36.6,0,0
ALG_PE,D,20200211,000000,37.1,37.2,35.2,35.5,0,0
ALG_PE,D,20200212,000000,36.1,36.6,35.9,36.6,0,0
ALG_PE,D,20200213,000000,35.9,37.1,35.9,37,0,0
ALG_PE,D,20200214,000000,37.1,46.6,37.1,46.6,0,0
ALG_PE,D,20200217,000000,53.5,53.5,48.5,50,0,0
ALG_PE,D,20200218,000000,50.6,51.1,47.9,50,0,0
ALG_PE,D,20200219,000000,49,50,47.5,47.5,0,0
ALG_PE,D,20200220,000000,47.7,48.6,42,48.3,0,0
ALG_PE,D,20200221,000000,48.5,48.9,45.4,47,0,0
ALG_PE,D,20200224,000000,45.1,45.1,42.4,43.5,0,0
ALG_PE,D,20200225,000000,41.8,41.8,37.6,40.1,0,0
ALG_PE,D,20200226,000000,40.1,40.5,33.5,39.1,0,0
ALG_PE,D,20200227,000000,38.2,38.2,34,34,0,0
ALG_PE,D,20200228,000000,31.7,31.7,26.4,29,0,0
ALG_PE,D,20200302,000000,31.3,34.7,31.3,34.7,0,0
ALG_PE,D,20200303,000000,36.2,41.8,36.2,40.5,0,0
ALG_PE,D,20200304,000000,39.9,40.1,37.8,39.3,0,0
ALG_PE,D,20200305,000000,41.4,43.9,39.3,39.7,0,0
ALG_PE,D,20200306,000000,38.5,39.7,36.3,37.8,0,0
ALG_PE,D,20200309,000000,34,35.6,30.7,30.7,0,0
ALG_PE,D,20200310,000000,33.2,34.4,32.4,32.4,0,0
ALG_PE,D,20200311,000000,32.4,32.4,26.3,28.1,0,0
ALG_PE,D,20200312,000000,21,24,21,22.8,0,0
ALG_PE,D,20200313,000000,22.5,27.1,22.5,24.9,0,0
ALG_PE,D,20200316,000000,23.1,27.9,23,27.7,0,0
ALG_PE,D,20200317,000000,27.1,32.7,26.7,32.6,0,0
ALG_PE,D,20200318,000000,32.1,32.1,28.9,29.3,0,0
ALG_PE,D,20200319,000000,29.3,31.7,29.3,30.9,0,0
ALG_PE,D,20200320,000000,31.2,33.2,30.1,31.3,0,0
ALG_PE,D,20200323,000000,28.7,30.2,26.4,29.7,0,0
ALG_PE,D,20200324,000000,29.7,30.7,28.1,29.8,0,0
ALG_PE,D,20200325,000000,30.2,30.3,28.4,29.4,0,0
ALG_PE,D,20200326,000000,29.4,30.2,29,30,0,0
ALG_PE,D,20200327,000000,30.1,30.2,28.5,28.9,0,0
ALG_PE,D,20200330,000000,28.3,28.9,27.1,28.3,0,0
ALG_PE,D,20200331,000000,28.9,29,27.1,28.1,0,0
