<TICKER>,<PER>,<DATE>,<TIME>,<OPEN>,<HIGH>,<LOW>,<CLOSE>,<VOL>,<OPENINT>
ALI_PE,D,20140828,000000,10.139,10.139,10.139,10.139,0,0
ALI_PE,D,20140829,000000,9.664,10.139,9.664,10.139,0,0
ALI_PE,D,20140901,000000,9.743,9.902,9.664,9.822,0,0
ALI_PE,D,20140902,000000,9.743,10.06,9.664,9.743,0,0
ALI_PE,D,20140903,000000,9.822,9.822,9.584,9.822,0,0
ALI_PE,D,20140904,000000,9.664,10.218,9.664,10.218,0,0
ALI_PE,D,20140905,000000,10.06,10.218,9.98,10.06,0,0
ALI_PE,D,20140908,000000,10.06,10.218,9.98,10.139,0,0
ALI_PE,D,20140909,000000,10.218,10.298,10.06,10.139,0,0
ALI_PE,D,20140910,000000,10.06,10.298,10.06,10.298,0,0
ALI_PE,D,20140911,000000,10.298,10.298,10.06,10.218,0,0
ALI_PE,D,20140912,000000,10.218,10.218,10.139,10.218,0,0
ALI_PE,D,20140915,000000,10.06,10.218,10.06,10.139,0,0
ALI_PE,D,20140916,000000,10.06,10.139,9.98,9.98,0,0
ALI_PE,D,20140917,000000,9.98,10.06,9.98,10.06,0,0
ALI_PE,D,20140918,000000,9.98,10.298,9.98,10.218,0,0
ALI_PE,D,20140919,000000,10.139,10.298,9.902,10.298,0,0
ALI_PE,D,20140922,000000,10.139,10.377,10.139,10.377,0,0
ALI_PE,D,20140923,000000,10.377,10.377,10.218,10.377,0,0
ALI_PE,D,20140924,000000,10.377,10.377,9.98,10.298,0,0
ALI_PE,D,20140925,000000,10.298,10.377,10.06,10.298,0,0
ALI_PE,D,20140926,000000,10.456,10.456,10.139,10.377,0,0
ALI_PE,D,20140929,000000,10.377,10.456,10.377,10.377,0,0
ALI_PE,D,20140930,000000,10.377,10.456,10.218,10.377,0,0
ALI_PE,D,20141001,000000,10.377,10.377,10.218,10.298,0,0
ALI_PE,D,20141002,000000,10.298,10.456,10.139,10.456,0,0
ALI_PE,D,20141003,000000,10.456,10.456,10.456,10.456,0,0
ALI_PE,D,20141006,000000,10.456,10.456,10.456,10.456,0,0
ALI_PE,D,20141007,000000,10.456,10.456,10.298,10.456,0,0
ALI_PE,D,20141008,000000,10.377,10.456,10.298,10.456,0,0
ALI_PE,D,20141009,000000,10.456,10.456,10.456,10.456,0,0
ALI_PE,D,20141010,000000,10.456,10.456,10.377,10.456,0,0
ALI_PE,D,20141013,000000,10.377,10.456,10.218,10.377,0,0
ALI_PE,D,20141014,000000,10.456,10.456,10.298,10.298,0,0
ALI_PE,D,20141015,000000,10.218,10.298,10.139,10.298,0,0
ALI_PE,D,20141016,000000,10.377,10.377,10.298,10.298,0,0
ALI_PE,D,20141017,000000,10.298,10.298,10.218,10.298,0,0
ALI_PE,D,20141020,000000,10.218,10.377,10.218,10.377,0,0
ALI_PE,D,20141021,000000,10.456,10.456,10.298,10.377,0,0
ALI_PE,D,20141022,000000,10.377,10.456,10.298,10.456,0,0
ALI_PE,D,20141023,000000,10.456,10.456,10.298,10.456,0,0
ALI_PE,D,20141024,000000,10.456,10.456,10.456,10.456,0,0
ALI_PE,D,20141027,000000,10.377,10.377,9.902,9.902,0,0
ALI_PE,D,20141028,000000,9.98,9.98,9.98,9.98,0,0
ALI_PE,D,20141029,000000,9.98,9.98,9.664,9.822,0,0
ALI_PE,D,20141030,000000,9.98,9.98,9.664,9.664,0,0
ALI_PE,D,20141031,000000,9.584,9.902,9.584,9.822,0,0
ALI_PE,D,20141103,000000,9.822,9.822,9.822,9.822,0,0
ALI_PE,D,20141104,000000,9.822,9.902,9.822,9.902,0,0
ALI_PE,D,20141105,000000,9.822,9.902,9.822,9.902,0,0
ALI_PE,D,20141106,000000,9.664,10.139,9.664,10.139,0,0
ALI_PE,D,20141107,000000,10.139,10.139,10.139,10.139,0,0
ALI_PE,D,20141110,000000,9.98,10.139,9.98,10.139,0,0
ALI_PE,D,20141112,000000,10.06,10.139,10.06,10.06,0,0
ALI_PE,D,20141113,000000,10.06,10.06,10.06,10.06,0,0
ALI_PE,D,20141114,000000,10.06,10.06,9.109,9.109,0,0
ALI_PE,D,20141117,000000,9.2677,9.2677,9.0305,9.109,0,0
ALI_PE,D,20141118,000000,9.2677,9.2677,9.1883,9.2677,0,0
ALI_PE,D,20141119,000000,9.109,9.2677,9.109,9.2677,0,0
ALI_PE,D,20141120,000000,9.2677,9.2677,9.1883,9.1883,0,0
ALI_PE,D,20141121,000000,9.1883,9.1883,8.9511,8.9511,0,0
ALI_PE,D,20141124,000000,9.109,9.1883,9.109,9.1883,0,0
ALI_PE,D,20141125,000000,9.109,9.109,9.109,9.109,0,0
ALI_PE,D,20141126,000000,9.0305,9.1883,8.8717,8.8717,0,0
ALI_PE,D,20141127,000000,8.9511,9.2677,8.8717,9.2677,0,0
ALI_PE,D,20141128,000000,9.1883,9.2677,9.1883,9.2677,0,0
ALI_PE,D,20141201,000000,9.2677,9.2677,9.109,9.109,0,0
ALI_PE,D,20141202,000000,9.109,9.2677,9.109,9.2677,0,0
ALI_PE,D,20141203,000000,9.2677,9.2677,9.1883,9.1883,0,0
ALI_PE,D,20141204,000000,9.1883,9.1883,9.0305,9.109,0,0
ALI_PE,D,20141205,000000,8.9511,9.1883,8.9511,9.1883,0,0
ALI_PE,D,20141208,000000,9.1883,9.1883,9.109,9.1883,0,0
ALI_PE,D,20141209,000000,9.109,9.1883,9.0305,9.1883,0,0
ALI_PE,D,20141210,000000,9.0305,9.1883,9.0305,9.1883,0,0
ALI_PE,D,20141211,000000,9.109,9.1883,9.109,9.1883,0,0
ALI_PE,D,20141212,000000,9.1883,9.1883,9.1883,9.1883,0,0
ALI_PE,D,20141215,000000,9.1883,9.1883,9.109,9.109,0,0
ALI_PE,D,20141216,000000,9.109,9.109,8.9511,9.0305,0,0
ALI_PE,D,20141217,000000,8.9511,9.109,8.9511,9.109,0,0
ALI_PE,D,20141218,000000,8.9511,9.109,8.9511,9.109,0,0
ALI_PE,D,20141219,000000,9.109,9.109,9.0305,9.0305,0,0
ALI_PE,D,20141222,000000,8.9511,9.0305,8.9511,9.0305,0,0
ALI_PE,D,20141223,000000,8.9511,9.109,8.9511,9.0305,0,0
ALI_PE,D,20141229,000000,9.0305,9.109,9.0305,9.109,0,0
ALI_PE,D,20141230,000000,9.0305,9.109,9.0305,9.109,0,0
ALI_PE,D,20150102,000000,9.0305,9.1883,9.0305,9.1883,0,0
ALI_PE,D,20150105,000000,9.1883,9.3471,9.1883,9.3471,0,0
ALI_PE,D,20150107,000000,9.109,9.3471,9.109,9.2677,0,0
ALI_PE,D,20150108,000000,9.2677,9.2677,9.109,9.2677,0,0
ALI_PE,D,20150109,000000,9.2677,9.2677,9.109,9.1883,0,0
ALI_PE,D,20150112,000000,9.1883,9.1883,9.0305,9.109,0,0
ALI_PE,D,20150113,000000,9.109,9.109,8.9511,9.109,0,0
ALI_PE,D,20150114,000000,9.0305,9.109,8.9511,9.109,0,0
ALI_PE,D,20150115,000000,9.109,9.109,9.0305,9.109,0,0
ALI_PE,D,20150116,000000,9.0305,9.109,8.713,8.713,0,0
ALI_PE,D,20150119,000000,8.8717,9.0305,8.713,8.9511,0,0
ALI_PE,D,20150120,000000,8.9511,9.1883,8.8717,9.0305,0,0
ALI_PE,D,20150121,000000,9.0305,9.109,8.8717,8.8717,0,0
ALI_PE,D,20150122,000000,8.8717,9.0305,8.8717,9.0305,0,0
ALI_PE,D,20150123,000000,9.0305,9.109,8.9511,9.0305,0,0
ALI_PE,D,20150126,000000,9.0305,9.0305,9.0305,9.0305,0,0
ALI_PE,D,20150127,000000,9.109,9.109,9.0305,9.109,0,0
ALI_PE,D,20150128,000000,9.109,9.1883,9.0305,9.0305,0,0
ALI_PE,D,20150129,000000,9.0305,9.0305,8.9511,9.0305,0,0
ALI_PE,D,20150130,000000,9.0305,9.109,9.0305,9.109,0,0
ALI_PE,D,20150202,000000,9.1883,9.506,9.109,9.1883,0,0
ALI_PE,D,20150203,000000,9.2677,9.3471,9.2677,9.3471,0,0
ALI_PE,D,20150204,000000,9.3471,9.4264,9.2677,9.3471,0,0
ALI_PE,D,20150205,000000,9.3471,9.4264,9.3471,9.4264,0,0
ALI_PE,D,20150206,000000,9.3471,9.4264,9.3471,9.4264,0,0
ALI_PE,D,20150209,000000,9.4264,9.506,9.4264,9.4264,0,0
ALI_PE,D,20150210,000000,9.506,9.584,9.4264,9.506,0,0
ALI_PE,D,20150211,000000,9.506,9.584,9.4264,9.506,0,0
ALI_PE,D,20150212,000000,9.506,9.584,9.506,9.584,0,0
ALI_PE,D,20150213,000000,9.584,9.902,9.584,9.822,0,0
ALI_PE,D,20150216,000000,9.822,9.902,9.664,9.822,0,0
ALI_PE,D,20150217,000000,9.743,9.743,9.664,9.664,0,0
ALI_PE,D,20150218,000000,9.664,9.743,9.584,9.743,0,0
ALI_PE,D,20150219,000000,9.743,9.902,9.743,9.743,0,0
ALI_PE,D,20150220,000000,9.743,9.822,9.664,9.743,0,0
ALI_PE,D,20150223,000000,9.743,9.822,9.743,9.822,0,0
ALI_PE,D,20150224,000000,9.902,9.902,9.822,9.822,0,0
ALI_PE,D,20150225,000000,9.822,10.06,9.822,10.06,0,0
ALI_PE,D,20150226,000000,9.98,12.991,9.98,12.991,0,0
ALI_PE,D,20150227,000000,12.991,13.466,12.991,13.387,0,0
ALI_PE,D,20150302,000000,13.466,13.942,13.466,13.466,0,0
ALI_PE,D,20150303,000000,13.545,13.624,13.466,13.466,0,0
ALI_PE,D,20150304,000000,13.466,13.704,13.308,13.704,0,0
ALI_PE,D,20150305,000000,13.704,13.704,13.545,13.624,0,0
ALI_PE,D,20150306,000000,13.624,13.704,13.387,13.387,0,0
ALI_PE,D,20150309,000000,13.387,13.466,12.912,13.149,0,0
ALI_PE,D,20150310,000000,13.149,13.228,12.991,12.991,0,0
ALI_PE,D,20150311,000000,12.991,12.991,12.832,12.991,0,0
ALI_PE,D,20150312,000000,12.991,13.308,12.991,13.308,0,0
ALI_PE,D,20150313,000000,13.308,13.466,13.228,13.228,0,0
ALI_PE,D,20150316,000000,13.387,13.783,13.308,13.704,0,0
ALI_PE,D,20150317,000000,13.783,13.783,13.624,13.624,0,0
ALI_PE,D,20150318,000000,13.545,13.704,13.545,13.704,0,0
ALI_PE,D,20150319,000000,13.704,14.02,13.704,14.02,0,0
ALI_PE,D,20150320,000000,14.02,14.1,13.942,14.02,0,0
ALI_PE,D,20150323,000000,14.02,14.654,14.02,14.258,0,0
ALI_PE,D,20150324,000000,14.258,14.495,14.179,14.258,0,0
ALI_PE,D,20150325,000000,14.258,14.495,14.1,14.338,0,0
ALI_PE,D,20150326,000000,14.338,14.416,14.338,14.338,0,0
ALI_PE,D,20150327,000000,14.179,14.179,14.1,14.179,0,0
ALI_PE,D,20150330,000000,14.1,14.258,13.942,14.258,0,0
ALI_PE,D,20150331,000000,14.1,14.338,14.02,14.02,0,0
ALI_PE,D,20150401,000000,14.416,14.416,13.624,13.942,0,0
ALI_PE,D,20150402,000000,13.942,14.179,13.862,14.02,0,0
ALI_PE,D,20150407,000000,14.02,14.258,14.02,14.258,0,0
ALI_PE,D,20150408,000000,14.179,14.416,14.1,14.338,0,0
ALI_PE,D,20150409,000000,14.495,14.654,14.416,14.495,0,0
ALI_PE,D,20150410,000000,14.495,14.734,14.495,14.734,0,0
ALI_PE,D,20150413,000000,14.734,14.813,14.575,14.813,0,0
ALI_PE,D,20150414,000000,14.813,14.813,14.495,14.654,0,0
ALI_PE,D,20150415,000000,14.654,14.734,14.495,14.734,0,0
ALI_PE,D,20150416,000000,14.813,14.813,14.575,14.575,0,0
ALI_PE,D,20150417,000000,14.575,14.891,14.416,14.416,0,0
ALI_PE,D,20150420,000000,14.495,15.287,14.495,15.13,0,0
ALI_PE,D,20150421,000000,15.13,15.446,15.13,15.13,0,0
ALI_PE,D,20150422,000000,15.13,15.367,14.734,14.971,0,0
ALI_PE,D,20150423,000000,15.05,15.13,14.891,14.971,0,0
ALI_PE,D,20150424,000000,15.05,15.526,15.05,15.526,0,0
ALI_PE,D,20150427,000000,15.605,15.763,15.367,15.684,0,0
ALI_PE,D,20150428,000000,15.763,15.763,15.526,15.684,0,0
ALI_PE,D,20150429,000000,15.605,15.684,15.05,15.684,0,0
ALI_PE,D,20150430,000000,15.684,15.684,15.209,15.367,0,0
ALI_PE,D,20150504,000000,15.367,15.684,15.367,15.684,0,0
ALI_PE,D,20150505,000000,15.684,16.16,15.367,16.08,0,0
ALI_PE,D,20150506,000000,16.08,16.08,15.763,15.921,0,0
ALI_PE,D,20150507,000000,16.001,16.08,15.921,16.08,0,0
ALI_PE,D,20150508,000000,16.08,16.08,16.001,16.08,0,0
ALI_PE,D,20150511,000000,16.001,16.317,16.001,16.238,0,0
ALI_PE,D,20150512,000000,16.238,16.238,16.16,16.16,0,0
ALI_PE,D,20150513,000000,16.238,16.238,15.763,15.763,0,0
ALI_PE,D,20150514,000000,15.367,15.763,15.367,15.763,0,0
ALI_PE,D,20150515,000000,15.605,15.842,14.495,14.495,0,0
ALI_PE,D,20150518,000000,14.338,14.338,13.862,14.1,0,0
ALI_PE,D,20150519,000000,13.942,14.02,13.783,13.942,0,0
ALI_PE,D,20150520,000000,13.862,14.179,13.862,14.179,0,0
ALI_PE,D,20150521,000000,14.179,14.179,13.942,14.179,0,0
ALI_PE,D,20150522,000000,14.258,14.258,14.179,14.179,0,0
ALI_PE,D,20150525,000000,14.1,14.1,13.942,13.942,0,0
ALI_PE,D,20150526,000000,13.942,14.02,13.862,13.942,0,0
ALI_PE,D,20150527,000000,13.862,13.862,13.783,13.783,0,0
ALI_PE,D,20150528,000000,13.783,13.862,13.783,13.862,0,0
ALI_PE,D,20150529,000000,13.862,13.942,13.783,13.942,0,0
ALI_PE,D,20150601,000000,13.862,14.1,13.862,14.02,0,0
ALI_PE,D,20150602,000000,14.02,14.258,13.862,14.258,0,0
ALI_PE,D,20150603,000000,14.258,14.575,14.258,14.575,0,0
ALI_PE,D,20150605,000000,14.495,14.495,14.179,14.258,0,0
ALI_PE,D,20150608,000000,14.179,14.258,14.02,14.258,0,0
ALI_PE,D,20150609,000000,14.02,14.02,13.942,14.02,0,0
ALI_PE,D,20150610,000000,14.02,14.1,13.783,14.02,0,0
ALI_PE,D,20150611,000000,13.783,14.02,13.783,14.02,0,0
ALI_PE,D,20150612,000000,14.02,14.02,13.704,14.02,0,0
ALI_PE,D,20150615,000000,13.624,13.942,13.624,13.704,0,0
ALI_PE,D,20150616,000000,13.624,13.624,13.308,13.624,0,0
ALI_PE,D,20150617,000000,13.387,13.466,13.387,13.466,0,0
ALI_PE,D,20150618,000000,13.228,13.387,13.149,13.387,0,0
ALI_PE,D,20150619,000000,13.228,13.545,13.228,13.387,0,0
ALI_PE,D,20150622,000000,13.149,13.624,13.149,13.624,0,0
ALI_PE,D,20150623,000000,13.624,13.624,13.545,13.545,0,0
ALI_PE,D,20150624,000000,13.704,14.338,13.704,13.942,0,0
ALI_PE,D,20150625,000000,13.942,14.179,13.862,14.179,0,0
ALI_PE,D,20150626,000000,14.179,14.179,14.1,14.1,0,0
ALI_PE,D,20150629,000000,12.912,13.704,12.912,13.704,0,0
ALI_PE,D,20150630,000000,13.545,13.704,13.308,13.624,0,0
ALI_PE,D,20150701,000000,13.783,13.783,13.545,13.624,0,0
ALI_PE,D,20150702,000000,13.545,13.704,13.466,13.624,0,0
ALI_PE,D,20150703,000000,13.545,13.624,13.466,13.545,0,0
ALI_PE,D,20150706,000000,13.228,13.387,13.228,13.387,0,0
ALI_PE,D,20150707,000000,13.228,13.228,12.912,12.912,0,0
ALI_PE,D,20150708,000000,13.069,13.069,12.674,12.753,0,0
ALI_PE,D,20150709,000000,12.832,12.832,12.12,12.278,0,0
ALI_PE,D,20150710,000000,12.516,12.674,12.516,12.674,0,0
ALI_PE,D,20150713,000000,12.674,13.466,12.674,13.308,0,0
ALI_PE,D,20150714,000000,13.308,13.308,12.991,12.991,0,0
ALI_PE,D,20150715,000000,12.991,13.228,12.753,12.832,0,0
ALI_PE,D,20150716,000000,13.228,13.466,13.069,13.387,0,0
ALI_PE,D,20150717,000000,13.387,13.624,13.149,13.149,0,0
ALI_PE,D,20150720,000000,13.308,13.308,13.149,13.149,0,0
ALI_PE,D,20150721,000000,13.308,13.466,13.149,13.308,0,0
ALI_PE,D,20150722,000000,13.149,13.228,12.991,13.228,0,0
ALI_PE,D,20150723,000000,13.228,13.466,13.149,13.466,0,0
ALI_PE,D,20150724,000000,13.466,13.545,12.991,13.545,0,0
ALI_PE,D,20150727,000000,13.149,13.387,13.149,13.149,0,0
ALI_PE,D,20150728,000000,13.149,13.466,13.149,13.387,0,0
ALI_PE,D,20150729,000000,13.228,13.308,13.228,13.308,0,0
ALI_PE,D,20150730,000000,13.228,13.228,13.149,13.149,0,0
ALI_PE,D,20150803,000000,12.991,13.149,12.991,13.149,0,0
ALI_PE,D,20150804,000000,12.991,13.069,12.753,13.069,0,0
ALI_PE,D,20150805,000000,12.832,12.912,12.832,12.912,0,0
ALI_PE,D,20150806,000000,12.832,12.832,12.595,12.753,0,0
ALI_PE,D,20150807,000000,12.436,12.674,12.436,12.674,0,0
ALI_PE,D,20150810,000000,12.516,12.753,12.516,12.674,0,0
ALI_PE,D,20150811,000000,12.753,12.753,12.595,12.674,0,0
ALI_PE,D,20150812,000000,12.674,12.674,12.595,12.674,0,0
ALI_PE,D,20150813,000000,12.674,12.832,12.674,12.753,0,0
ALI_PE,D,20150814,000000,12.753,12.753,12.674,12.753,0,0
ALI_PE,D,20150817,000000,12.674,12.753,12.674,12.674,0,0
ALI_PE,D,20150818,000000,12.595,12.753,12.516,12.753,0,0
ALI_PE,D,20150819,000000,12.674,12.832,12.674,12.832,0,0
ALI_PE,D,20150820,000000,12.912,12.912,12.674,12.832,0,0
ALI_PE,D,20150821,000000,12.832,12.832,12.595,12.674,0,0
ALI_PE,D,20150824,000000,12.436,12.436,11.01,11.644,0,0
ALI_PE,D,20150825,000000,11.09,11.565,11.09,11.248,0,0
ALI_PE,D,20150826,000000,11.327,11.486,11.327,11.486,0,0
ALI_PE,D,20150827,000000,11.644,11.644,11.486,11.565,0,0
ALI_PE,D,20150828,000000,11.644,11.961,11.565,11.961,0,0
ALI_PE,D,20150831,000000,11.961,12.12,10.852,10.852,0,0
ALI_PE,D,20150901,000000,10.852,10.852,10.694,10.852,0,0
ALI_PE,D,20150902,000000,10.694,10.773,10.614,10.614,0,0
ALI_PE,D,20150903,000000,10.614,10.931,10.614,10.852,0,0
ALI_PE,D,20150904,000000,10.694,10.852,10.694,10.852,0,0
ALI_PE,D,20150907,000000,10.773,10.852,10.773,10.852,0,0
ALI_PE,D,20150908,000000,10.931,10.931,10.852,10.852,0,0
ALI_PE,D,20150909,000000,10.931,11.169,10.931,11.09,0,0
ALI_PE,D,20150910,000000,11.01,11.09,11.01,11.09,0,0
ALI_PE,D,20150911,000000,11.09,11.248,11.09,11.09,0,0
ALI_PE,D,20150914,000000,11.724,12.516,11.724,12.198,0,0
ALI_PE,D,20150915,000000,12.436,12.832,12.436,12.595,0,0
ALI_PE,D,20150916,000000,12.595,12.595,12.04,12.198,0,0
ALI_PE,D,20150917,000000,12.12,12.12,11.802,11.961,0,0
ALI_PE,D,20150918,000000,11.961,11.961,11.802,11.882,0,0
ALI_PE,D,20150921,000000,11.882,11.961,11.802,11.961,0,0
ALI_PE,D,20150922,000000,11.961,12.436,11.486,11.882,0,0
ALI_PE,D,20150923,000000,11.802,11.882,11.644,11.882,0,0
ALI_PE,D,20150924,000000,11.882,11.961,11.644,11.882,0,0
ALI_PE,D,20150925,000000,11.802,11.882,11.802,11.882,0,0
ALI_PE,D,20150928,000000,11.644,11.802,11.565,11.802,0,0
ALI_PE,D,20150929,000000,11.724,11.961,11.644,11.961,0,0
ALI_PE,D,20150930,000000,11.882,11.961,11.724,11.961,0,0
ALI_PE,D,20151001,000000,11.882,11.961,11.248,11.565,0,0
ALI_PE,D,20151002,000000,11.406,11.565,11.248,11.406,0,0
ALI_PE,D,20151005,000000,11.248,11.406,11.248,11.406,0,0
ALI_PE,D,20151006,000000,11.327,11.406,11.248,11.406,0,0
ALI_PE,D,20151007,000000,11.406,11.724,11.327,11.724,0,0
ALI_PE,D,20151008,000000,11.724,11.724,11.644,11.644,0,0
ALI_PE,D,20151009,000000,11.644,11.961,11.644,11.882,0,0
ALI_PE,D,20151012,000000,11.724,11.961,11.724,11.961,0,0
ALI_PE,D,20151013,000000,11.961,11.961,11.802,11.882,0,0
ALI_PE,D,20151014,000000,11.882,11.961,11.724,11.724,0,0
ALI_PE,D,20151015,000000,11.961,11.961,11.565,11.961,0,0
ALI_PE,D,20151016,000000,11.961,12.04,11.802,11.802,0,0
ALI_PE,D,20151019,000000,11.724,11.882,11.724,11.802,0,0
ALI_PE,D,20151020,000000,11.724,11.724,11.565,11.644,0,0
ALI_PE,D,20151021,000000,11.644,11.802,11.644,11.802,0,0
ALI_PE,D,20151022,000000,11.724,12.357,11.724,12.278,0,0
ALI_PE,D,20151023,000000,12.198,12.278,12.12,12.12,0,0
ALI_PE,D,20151026,000000,12.12,12.278,12.12,12.278,0,0
ALI_PE,D,20151027,000000,12.278,12.516,12.278,12.357,0,0
ALI_PE,D,20151028,000000,12.357,12.436,12.357,12.357,0,0
ALI_PE,D,20151029,000000,12.357,12.357,12.12,12.357,0,0
ALI_PE,D,20151030,000000,12.357,12.436,12.198,12.357,0,0
ALI_PE,D,20151102,000000,12.12,12.278,12.12,12.278,0,0
ALI_PE,D,20151103,000000,12.436,12.436,12.12,12.12,0,0
ALI_PE,D,20151104,000000,11.961,12.198,11.961,12.12,0,0
ALI_PE,D,20151105,000000,12.198,12.198,11.961,12.198,0,0
ALI_PE,D,20151106,000000,12.04,12.198,11.961,11.961,0,0
ALI_PE,D,20151109,000000,11.961,12.198,11.961,12.04,0,0
ALI_PE,D,20151110,000000,12.04,13.228,12.04,12.516,0,0
ALI_PE,D,20151112,000000,12.674,13.069,12.12,12.198,0,0
ALI_PE,D,20151113,000000,12.516,12.516,11.248,11.248,0,0
ALI_PE,D,20151116,000000,11.169,11.169,10.773,11.01,0,0
ALI_PE,D,20151117,000000,11.01,11.248,11.01,11.169,0,0
ALI_PE,D,20151118,000000,11.169,11.248,11.169,11.248,0,0
ALI_PE,D,20151119,000000,11.169,11.169,10.931,11.01,0,0
ALI_PE,D,20151120,000000,11.01,11.09,10.852,10.931,0,0
ALI_PE,D,20151123,000000,10.931,10.931,10.773,10.773,0,0
ALI_PE,D,20151124,000000,10.773,10.773,10.535,10.614,0,0
ALI_PE,D,20151125,000000,10.614,10.773,10.614,10.773,0,0
ALI_PE,D,20151126,000000,10.773,11.09,10.773,11.09,0,0
ALI_PE,D,20151127,000000,11.486,11.486,10.852,10.852,0,0
ALI_PE,D,20151130,000000,10.852,11.248,10.852,11.248,0,0
ALI_PE,D,20151201,000000,11.248,11.248,10.852,10.931,0,0
ALI_PE,D,20151202,000000,10.931,10.931,10.852,10.852,0,0
ALI_PE,D,20151203,000000,10.773,10.852,10.773,10.852,0,0
ALI_PE,D,20151204,000000,11.248,11.248,10.694,11.09,0,0
ALI_PE,D,20151208,000000,11.09,11.169,10.931,10.931,0,0
ALI_PE,D,20151209,000000,10.773,10.773,10.694,10.694,0,0
ALI_PE,D,20151210,000000,10.298,10.852,10.298,10.852,0,0
ALI_PE,D,20151211,000000,11.01,11.01,10.456,10.535,0,0
ALI_PE,D,20151214,000000,10.218,10.535,10.218,10.535,0,0
ALI_PE,D,20151217,000000,10.535,10.535,10.456,10.456,0,0
ALI_PE,D,20151218,000000,10.535,10.773,10.535,10.773,0,0
ALI_PE,D,20151221,000000,10.694,10.694,10.377,10.377,0,0
ALI_PE,D,20151222,000000,10.377,10.852,10.06,10.535,0,0
ALI_PE,D,20151223,000000,10.694,10.852,10.535,10.852,0,0
ALI_PE,D,20151228,000000,10.852,10.852,10.535,10.852,0,0
ALI_PE,D,20151229,000000,10.852,11.406,10.773,11.406,0,0
ALI_PE,D,20151230,000000,11.327,11.724,11.327,11.724,0,0
ALI_PE,D,20160104,000000,11.327,11.486,11.248,11.248,0,0
ALI_PE,D,20160105,000000,11.169,11.406,11.169,11.248,0,0
ALI_PE,D,20160107,000000,10.773,11.01,10.456,10.456,0,0
ALI_PE,D,20160108,000000,10.456,10.773,10.298,10.377,0,0
ALI_PE,D,20160111,000000,10.298,10.773,10.298,10.298,0,0
ALI_PE,D,20160112,000000,10.614,10.614,10.298,10.298,0,0
ALI_PE,D,20160113,000000,10.298,10.298,10.298,10.298,0,0
ALI_PE,D,20160114,000000,10.298,10.298,9.98,10.06,0,0
ALI_PE,D,20160115,000000,9.98,10.535,9.98,10.535,0,0
ALI_PE,D,20160118,000000,10.06,10.218,10.06,10.139,0,0
ALI_PE,D,20160119,000000,10.377,10.377,10.139,10.377,0,0
ALI_PE,D,20160120,000000,10.218,10.218,9.4264,10.06,0,0
ALI_PE,D,20160121,000000,10.06,10.139,9.902,10.06,0,0
ALI_PE,D,20160122,000000,10.139,10.139,10.06,10.06,0,0
ALI_PE,D,20160125,000000,10.218,10.218,10.218,10.218,0,0
ALI_PE,D,20160127,000000,9.98,9.98,9.902,9.902,0,0
ALI_PE,D,20160128,000000,10.139,10.456,10.139,10.298,0,0
ALI_PE,D,20160129,000000,10.139,10.218,10.139,10.218,0,0
ALI_PE,D,20160201,000000,10.139,10.139,10.06,10.06,0,0
ALI_PE,D,20160202,000000,10.139,10.139,10.139,10.139,0,0
ALI_PE,D,20160203,000000,10.06,10.06,10.06,10.06,0,0
ALI_PE,D,20160204,000000,10.06,10.139,10.06,10.06,0,0
ALI_PE,D,20160205,000000,10.06,10.06,10.06,10.06,0,0
ALI_PE,D,20160208,000000,10.06,10.139,10.06,10.139,0,0
ALI_PE,D,20160209,000000,10.218,10.456,10.218,10.456,0,0
ALI_PE,D,20160210,000000,10.218,10.456,10.218,10.456,0,0
ALI_PE,D,20160211,000000,10.456,10.456,10.298,10.377,0,0
ALI_PE,D,20160212,000000,10.298,10.456,10.218,10.456,0,0
ALI_PE,D,20160215,000000,10.456,10.456,10.298,10.456,0,0
ALI_PE,D,20160216,000000,10.298,10.456,10.298,10.456,0,0
ALI_PE,D,20160217,000000,10.298,10.456,10.298,10.377,0,0
ALI_PE,D,20160218,000000,10.298,10.614,10.298,10.535,0,0
ALI_PE,D,20160219,000000,10.456,10.694,10.456,10.694,0,0
ALI_PE,D,20160222,000000,10.852,11.248,10.852,11.169,0,0
ALI_PE,D,20160223,000000,11.248,11.248,10.614,11.248,0,0
ALI_PE,D,20160225,000000,11.248,11.248,11.169,11.169,0,0
ALI_PE,D,20160226,000000,11.248,11.486,11.169,11.406,0,0
ALI_PE,D,20160229,000000,11.406,11.644,11.327,11.486,0,0
ALI_PE,D,20160301,000000,11.644,11.644,11.327,11.565,0,0
ALI_PE,D,20160302,000000,11.644,11.802,11.486,11.724,0,0
ALI_PE,D,20160303,000000,11.724,11.802,11.724,11.802,0,0
ALI_PE,D,20160304,000000,11.802,11.882,11.724,11.882,0,0
ALI_PE,D,20160307,000000,11.882,11.961,11.644,11.644,0,0
ALI_PE,D,20160308,000000,11.644,11.961,11.644,11.724,0,0
ALI_PE,D,20160309,000000,11.724,11.724,11.565,11.644,0,0
ALI_PE,D,20160310,000000,11.644,11.724,11.565,11.644,0,0
ALI_PE,D,20160311,000000,11.644,11.802,11.644,11.802,0,0
ALI_PE,D,20160314,000000,11.882,11.961,11.802,11.961,0,0
ALI_PE,D,20160315,000000,11.802,11.961,11.802,11.961,0,0
ALI_PE,D,20160316,000000,11.802,11.882,11.802,11.802,0,0
ALI_PE,D,20160317,000000,11.802,11.882,11.802,11.882,0,0
ALI_PE,D,20160318,000000,12.357,12.436,9.1883,9.1883,0,0
ALI_PE,D,20160321,000000,9.0305,9.3471,9.0305,9.109,0,0
ALI_PE,D,20160322,000000,9.0305,9.109,8.9511,9.0305,0,0
ALI_PE,D,20160323,000000,9.109,9.109,8.7924,9.109,0,0
ALI_PE,D,20160324,000000,9.109,9.109,8.9511,8.9511,0,0
ALI_PE,D,20160329,000000,8.9511,9.2677,8.8717,9.2677,0,0
ALI_PE,D,20160330,000000,9.2677,9.4264,9.109,9.3471,0,0
ALI_PE,D,20160331,000000,9.1883,9.4264,9.1883,9.4264,0,0
ALI_PE,D,20160401,000000,9.4264,9.584,9.3471,9.584,0,0
ALI_PE,D,20160404,000000,9.664,9.902,9.584,9.902,0,0
ALI_PE,D,20160405,000000,9.822,9.98,9.743,9.902,0,0
ALI_PE,D,20160406,000000,9.902,9.98,9.822,9.98,0,0
ALI_PE,D,20160407,000000,10.06,10.298,9.98,10.218,0,0
ALI_PE,D,20160408,000000,10.139,10.218,10.06,10.06,0,0
ALI_PE,D,20160411,000000,9.98,10.218,9.98,10.139,0,0
ALI_PE,D,20160412,000000,10.218,10.218,10.139,10.139,0,0
ALI_PE,D,20160413,000000,10.218,10.218,10.139,10.139,0,0
ALI_PE,D,20160414,000000,10.139,10.139,10.06,10.139,0,0
ALI_PE,D,20160415,000000,10.139,10.139,9.98,10.139,0,0
ALI_PE,D,20160418,000000,10.139,10.218,10.139,10.218,0,0
ALI_PE,D,20160419,000000,10.218,10.298,10.218,10.218,0,0
ALI_PE,D,20160420,000000,10.218,10.218,10.06,10.139,0,0
ALI_PE,D,20160421,000000,10.139,10.218,10.139,10.218,0,0
ALI_PE,D,20160422,000000,10.218,10.298,10.218,10.218,0,0
ALI_PE,D,20160425,000000,10.218,10.614,10.218,10.456,0,0
ALI_PE,D,20160426,000000,10.456,10.694,10.456,10.535,0,0
ALI_PE,D,20160427,000000,10.535,10.694,10.456,10.535,0,0
ALI_PE,D,20160428,000000,10.535,10.614,10.456,10.535,0,0
ALI_PE,D,20160429,000000,10.614,10.694,10.535,10.694,0,0
ALI_PE,D,20160502,000000,10.773,10.852,10.694,10.773,0,0
ALI_PE,D,20160504,000000,10.773,10.852,10.773,10.852,0,0
ALI_PE,D,20160505,000000,10.852,10.852,10.377,10.535,0,0
ALI_PE,D,20160506,000000,10.456,10.773,10.298,10.377,0,0
ALI_PE,D,20160509,000000,10.535,10.535,10.218,10.218,0,0
ALI_PE,D,20160510,000000,10.218,10.218,9.98,10.06,0,0
ALI_PE,D,20160511,000000,9.98,10.139,9.98,10.139,0,0
ALI_PE,D,20160512,000000,10.377,10.377,9.584,9.584,0,0
ALI_PE,D,20160513,000000,9.584,9.902,9.584,9.902,0,0
ALI_PE,D,20160516,000000,9.902,9.902,9.664,9.822,0,0
ALI_PE,D,20160517,000000,9.822,9.822,9.743,9.822,0,0
ALI_PE,D,20160518,000000,9.822,9.822,9.664,9.664,0,0
ALI_PE,D,20160519,000000,9.664,9.743,9.584,9.584,0,0
ALI_PE,D,20160520,000000,9.664,9.664,9.664,9.664,0,0
ALI_PE,D,20160523,000000,9.664,9.664,9.664,9.664,0,0
ALI_PE,D,20160524,000000,9.506,9.664,9.506,9.664,0,0
ALI_PE,D,20160525,000000,9.664,9.98,9.664,9.98,0,0
ALI_PE,D,20160527,000000,9.98,10.218,9.98,9.98,0,0
ALI_PE,D,20160530,000000,9.98,10.218,9.98,10.139,0,0
ALI_PE,D,20160531,000000,10.218,10.218,10.06,10.218,0,0
ALI_PE,D,20160601,000000,10.218,10.218,9.822,9.98,0,0
ALI_PE,D,20160602,000000,9.98,9.98,9.743,9.902,0,0
ALI_PE,D,20160603,000000,9.98,10.139,9.98,10.139,0,0
ALI_PE,D,20160606,000000,10.298,10.377,10.139,10.218,0,0
ALI_PE,D,20160607,000000,10.377,10.377,10.218,10.298,0,0
ALI_PE,D,20160608,000000,10.218,10.298,10.218,10.298,0,0
ALI_PE,D,20160609,000000,10.298,10.298,10.218,10.218,0,0
ALI_PE,D,20160610,000000,10.139,10.139,9.902,9.902,0,0
ALI_PE,D,20160613,000000,9.902,9.902,9.664,9.822,0,0
ALI_PE,D,20160614,000000,9.822,9.822,9.664,9.743,0,0
ALI_PE,D,20160615,000000,9.743,9.902,9.743,9.902,0,0
ALI_PE,D,20160616,000000,9.822,9.822,9.3471,9.3471,0,0
ALI_PE,D,20160617,000000,9.3471,9.743,9.3471,9.664,0,0
ALI_PE,D,20160620,000000,9.664,9.822,9.664,9.664,0,0
ALI_PE,D,20160621,000000,9.664,9.98,9.664,9.98,0,0
ALI_PE,D,20160622,000000,9.98,9.98,9.822,9.822,0,0
ALI_PE,D,20160623,000000,9.902,9.902,9.664,9.902,0,0
ALI_PE,D,20160624,000000,9.0305,9.506,8.713,9.506,0,0
ALI_PE,D,20160627,000000,9.584,9.584,9.3471,9.3471,0,0
ALI_PE,D,20160628,000000,9.3471,9.584,9.1883,9.2677,0,0
ALI_PE,D,20160629,000000,9.2677,9.664,9.2677,9.664,0,0
ALI_PE,D,20160630,000000,9.98,9.98,9.664,9.743,0,0
ALI_PE,D,20160701,000000,9.743,9.822,9.743,9.822,0,0
ALI_PE,D,20160704,000000,9.584,9.743,9.584,9.743,0,0
ALI_PE,D,20160705,000000,9.664,9.743,9.664,9.664,0,0
ALI_PE,D,20160706,000000,9.664,9.664,9.584,9.664,0,0
ALI_PE,D,20160707,000000,9.743,9.743,9.584,9.664,0,0
ALI_PE,D,20160708,000000,9.664,9.743,9.664,9.664,0,0
ALI_PE,D,20160711,000000,9.743,9.743,9.584,9.664,0,0
ALI_PE,D,20160712,000000,9.584,10.298,9.584,10.298,0,0
ALI_PE,D,20160713,000000,10.298,10.298,9.902,9.902,0,0
ALI_PE,D,20160714,000000,10.218,10.218,9.743,10.06,0,0
ALI_PE,D,20160715,000000,10.06,10.218,9.822,10.06,0,0
ALI_PE,D,20160718,000000,10.218,10.218,9.98,9.98,0,0
ALI_PE,D,20160719,000000,9.98,10.139,9.902,9.98,0,0
ALI_PE,D,20160720,000000,10.06,10.139,10.06,10.139,0,0
ALI_PE,D,20160721,000000,10.139,10.139,10.06,10.139,0,0
ALI_PE,D,20160722,000000,10.139,10.218,10.139,10.218,0,0
ALI_PE,D,20160725,000000,10.218,10.298,10.218,10.298,0,0
ALI_PE,D,20160726,000000,10.377,11.09,10.377,10.852,0,0
ALI_PE,D,20160727,000000,10.931,10.931,10.694,10.694,0,0
ALI_PE,D,20160728,000000,10.773,10.852,10.773,10.773,0,0
ALI_PE,D,20160729,000000,10.852,10.852,10.456,10.694,0,0
ALI_PE,D,20160801,000000,10.694,10.694,10.456,10.456,0,0
ALI_PE,D,20160802,000000,10.535,10.773,10.456,10.773,0,0
ALI_PE,D,20160803,000000,10.773,10.773,10.456,10.694,0,0
ALI_PE,D,20160804,000000,10.535,10.614,10.535,10.535,0,0
ALI_PE,D,20160805,000000,10.614,10.614,10.535,10.614,0,0
ALI_PE,D,20160808,000000,10.535,10.852,10.535,10.694,0,0
ALI_PE,D,20160809,000000,10.694,10.694,10.614,10.694,0,0
ALI_PE,D,20160810,000000,10.614,10.694,10.535,10.535,0,0
ALI_PE,D,20160811,000000,10.614,10.614,10.377,10.456,0,0
ALI_PE,D,20160812,000000,10.456,10.456,10.139,10.218,0,0
ALI_PE,D,20160816,000000,10.218,10.377,10.139,10.139,0,0
ALI_PE,D,20160817,000000,10.06,10.139,9.902,10.06,0,0
ALI_PE,D,20160818,000000,9.98,10.06,9.98,10.06,0,0
ALI_PE,D,20160819,000000,10.139,10.139,9.98,10.06,0,0
ALI_PE,D,20160822,000000,10.06,10.298,10.06,10.298,0,0
ALI_PE,D,20160823,000000,10.06,10.218,10.06,10.218,0,0
ALI_PE,D,20160824,000000,10.218,10.218,10.139,10.139,0,0
ALI_PE,D,20160825,000000,10.06,10.298,10.06,10.06,0,0
ALI_PE,D,20160826,000000,10.06,10.218,10.06,10.218,0,0
ALI_PE,D,20160829,000000,10.218,10.377,9.3471,9.3471,0,0
ALI_PE,D,20160830,000000,9.4264,9.4264,9.2677,9.3471,0,0
ALI_PE,D,20160831,000000,9.3471,9.584,9.3471,9.506,0,0
ALI_PE,D,20160901,000000,9.584,9.584,9.4264,9.4264,0,0
ALI_PE,D,20160902,000000,9.4264,9.584,9.4264,9.584,0,0
ALI_PE,D,20160905,000000,9.584,9.584,9.506,9.506,0,0
ALI_PE,D,20160906,000000,9.664,9.664,9.506,9.584,0,0
ALI_PE,D,20160907,000000,9.584,9.584,9.4264,9.584,0,0
ALI_PE,D,20160908,000000,9.584,9.584,9.506,9.584,0,0
ALI_PE,D,20160909,000000,9.584,9.584,9.506,9.506,0,0
ALI_PE,D,20160912,000000,9.4264,9.584,9.4264,9.584,0,0
ALI_PE,D,20160913,000000,9.584,9.584,9.584,9.584,0,0
ALI_PE,D,20160914,000000,9.584,9.664,9.584,9.664,0,0
ALI_PE,D,20160915,000000,9.664,9.664,9.584,9.584,0,0
ALI_PE,D,20160916,000000,9.506,9.506,9.506,9.506,0,0
ALI_PE,D,20160919,000000,9.506,9.506,9.506,9.506,0,0
ALI_PE,D,20160920,000000,9.584,9.584,9.2677,9.506,0,0
ALI_PE,D,20160921,000000,9.4264,9.4264,9.4264,9.4264,0,0
ALI_PE,D,20160922,000000,9.4264,9.4264,9.3471,9.4264,0,0
ALI_PE,D,20160923,000000,9.4264,9.4264,9.4264,9.4264,0,0
ALI_PE,D,20160926,000000,9.3471,9.4264,9.2677,9.4264,0,0
ALI_PE,D,20160927,000000,9.3471,9.3471,9.2677,9.3471,0,0
ALI_PE,D,20160928,000000,9.2677,9.3471,9.2677,9.3471,0,0
ALI_PE,D,20160929,000000,9.2677,9.3471,9.2677,9.3471,0,0
ALI_PE,D,20160930,000000,9.2677,9.2677,9.2677,9.2677,0,0
ALI_PE,D,20161003,000000,9.2677,9.3471,9.2677,9.3471,0,0
ALI_PE,D,20161004,000000,9.3471,9.4264,9.3471,9.4264,0,0
ALI_PE,D,20161005,000000,9.3471,9.3471,9.2677,9.2677,0,0
ALI_PE,D,20161006,000000,9.2677,9.2677,9.2677,9.2677,0,0
ALI_PE,D,20161007,000000,9.2677,9.2677,9.2677,9.2677,0,0
ALI_PE,D,20161011,000000,9.2677,9.4264,9.2677,9.4264,0,0
ALI_PE,D,20161012,000000,9.3471,9.4264,9.3471,9.3471,0,0
ALI_PE,D,20161013,000000,9.2677,9.3471,9.2677,9.3471,0,0
ALI_PE,D,20161014,000000,9.3471,9.3471,9.2677,9.3471,0,0
ALI_PE,D,20161017,000000,9.4264,9.506,9.4264,9.4264,0,0
ALI_PE,D,20161018,000000,9.4264,9.506,9.4264,9.506,0,0
ALI_PE,D,20161019,000000,9.4264,9.506,9.4264,9.506,0,0
ALI_PE,D,20161020,000000,9.506,9.584,9.506,9.584,0,0
ALI_PE,D,20161021,000000,9.506,9.584,9.506,9.584,0,0
ALI_PE,D,20161024,000000,9.584,9.584,9.584,9.584,0,0
ALI_PE,D,20161025,000000,9.4264,9.584,9.4264,9.506,0,0
ALI_PE,D,20161026,000000,9.506,9.584,9.506,9.584,0,0
ALI_PE,D,20161027,000000,9.4264,9.664,9.4264,9.664,0,0
ALI_PE,D,20161028,000000,9.664,9.664,9.506,9.506,0,0
ALI_PE,D,20161031,000000,9.506,9.584,9.506,9.584,0,0
ALI_PE,D,20161102,000000,9.4264,9.4264,8.9511,9.109,0,0
ALI_PE,D,20161103,000000,8.8717,8.9511,8.8717,8.8717,0,0
ALI_PE,D,20161104,000000,8.7924,9.4264,8.7924,9.4264,0,0
ALI_PE,D,20161107,000000,9.664,9.902,8.5551,8.5551,0,0
ALI_PE,D,20161108,000000,8.5551,8.5551,8.3964,8.3964,0,0
ALI_PE,D,20161109,000000,8.0796,8.5551,8.0003,8.4758,0,0
ALI_PE,D,20161110,000000,8.5551,8.5551,8.5551,8.5551,0,0
ALI_PE,D,20161114,000000,8.6345,8.6345,8.4758,8.6345,0,0
ALI_PE,D,20161115,000000,8.5551,8.5551,8.4758,8.4758,0,0
ALI_PE,D,20161116,000000,8.4758,8.4758,8.4758,8.4758,0,0
ALI_PE,D,20161117,000000,8.4758,8.4758,8.3964,8.3964,0,0
ALI_PE,D,20161118,000000,8.317,8.3964,8.317,8.3964,0,0
ALI_PE,D,20161121,000000,8.3964,8.3964,8.0796,8.0796,0,0
ALI_PE,D,20161122,000000,8.3964,8.3964,8.2377,8.2377,0,0
ALI_PE,D,20161123,000000,8.2377,8.3964,8.0796,8.3964,0,0
ALI_PE,D,20161124,000000,8.3964,8.3964,8.1588,8.3964,0,0
ALI_PE,D,20161125,000000,8.3964,8.3964,8.317,8.317,0,0
ALI_PE,D,20161128,000000,8.2377,8.2377,8.1588,8.2377,0,0
ALI_PE,D,20161129,000000,8.0796,8.2377,8.0796,8.2377,0,0
ALI_PE,D,20161130,000000,8.2377,8.2377,8.2377,8.2377,0,0
ALI_PE,D,20161201,000000,8.1588,8.317,8.1588,8.317,0,0
ALI_PE,D,20161202,000000,8.2377,8.5551,8.2377,8.5551,0,0
ALI_PE,D,20161205,000000,8.317,8.5551,8.317,8.5551,0,0
ALI_PE,D,20161206,000000,8.5551,8.5551,8.317,8.4758,0,0
ALI_PE,D,20161207,000000,8.3964,8.4758,8.2377,8.2377,0,0
ALI_PE,D,20161208,000000,8.3964,8.3964,8.2377,8.317,0,0
ALI_PE,D,20161209,000000,8.317,8.317,8.1588,8.2377,0,0
ALI_PE,D,20161212,000000,8.2377,8.2377,8.2377,8.2377,0,0
ALI_PE,D,20161213,000000,8.2377,8.317,8.1588,8.317,0,0
ALI_PE,D,20161214,000000,8.317,8.317,8.2377,8.2377,0,0
ALI_PE,D,20161215,000000,8.2377,8.2377,8.1588,8.2377,0,0
ALI_PE,D,20161216,000000,8.2377,8.317,8.2377,8.2377,0,0
ALI_PE,D,20161219,000000,8.2377,8.317,8.2377,8.2377,0,0
ALI_PE,D,20161220,000000,8.2377,8.317,8.2377,8.2377,0,0
ALI_PE,D,20161221,000000,8.2377,8.317,8.2377,8.2377,0,0
ALI_PE,D,20161222,000000,8.1588,8.1588,8.1588,8.1588,0,0
ALI_PE,D,20161223,000000,8.2377,8.2377,8.1588,8.2377,0,0
ALI_PE,D,20161227,000000,8.2377,8.317,8.2377,8.2377,0,0
ALI_PE,D,20161228,000000,8.1588,8.317,8.1588,8.2377,0,0
ALI_PE,D,20161229,000000,8.317,8.317,8.1588,8.317,0,0
ALI_PE,D,20161230,000000,8.317,8.317,8.1588,8.317,0,0
ALI_PE,D,20170102,000000,8.1588,8.2377,8.1588,8.2377,0,0
ALI_PE,D,20170103,000000,8.2377,8.2377,8.0796,8.0796,0,0
ALI_PE,D,20170104,000000,8.1588,8.1588,8.1588,8.1588,0,0
ALI_PE,D,20170105,000000,8.0003,8.0796,7.7628,8.0796,0,0
ALI_PE,D,20170109,000000,8.0796,8.1588,7.9211,8.1588,0,0
ALI_PE,D,20170110,000000,8.0796,8.0796,8.0003,8.0003,0,0
ALI_PE,D,20170111,000000,8.0003,8.0003,8.0003,8.0003,0,0
ALI_PE,D,20170112,000000,8.0003,8.0796,7.9211,8.0796,0,0
ALI_PE,D,20170113,000000,7.842,8.0003,7.6836,7.6836,0,0
ALI_PE,D,20170116,000000,7.6836,7.9211,7.6836,7.9211,0,0
ALI_PE,D,20170117,000000,7.842,7.842,7.842,7.842,0,0
ALI_PE,D,20170118,000000,7.842,8.0003,7.842,7.842,0,0
ALI_PE,D,20170119,000000,7.842,7.842,7.3667,7.6836,0,0
ALI_PE,D,20170120,000000,7.6836,7.6836,7.3667,7.5251,0,0
ALI_PE,D,20170123,000000,7.5251,7.842,7.5251,7.7628,0,0
ALI_PE,D,20170124,000000,7.7628,7.9211,7.6043,7.9211,0,0
ALI_PE,D,20170125,000000,7.9211,8.0796,7.9211,8.0003,0,0
ALI_PE,D,20170126,000000,8.2377,8.2377,7.9211,8.1588,0,0
ALI_PE,D,20170127,000000,8.1588,8.1588,7.842,7.842,0,0
ALI_PE,D,20170130,000000,8.0003,8.1588,7.842,8.1588,0,0
ALI_PE,D,20170131,000000,8.0003,8.1588,8.0003,8.0796,0,0
ALI_PE,D,20170201,000000,8.1588,8.2377,8.0796,8.0796,0,0
ALI_PE,D,20170202,000000,8.0796,8.0796,8.0003,8.0003,0,0
ALI_PE,D,20170203,000000,8.0003,8.0003,7.7628,7.842,0,0
ALI_PE,D,20170206,000000,7.7628,8.1588,7.7628,8.0796,0,0
ALI_PE,D,20170207,000000,8.0796,8.0796,8.0003,8.0003,0,0
ALI_PE,D,20170208,000000,7.9211,8.1588,7.9211,8.1588,0,0
ALI_PE,D,20170209,000000,8.0003,8.1588,8.0003,8.1588,0,0
ALI_PE,D,20170210,000000,8.1588,8.1588,8.0796,8.0796,0,0
ALI_PE,D,20170213,000000,8.0796,8.1588,8.0003,8.0003,0,0
ALI_PE,D,20170214,000000,8.0003,8.0003,7.9211,7.9211,0,0
ALI_PE,D,20170215,000000,7.9211,8.0796,7.6836,7.7628,0,0
ALI_PE,D,20170216,000000,7.842,7.842,7.6836,7.7628,0,0
ALI_PE,D,20170217,000000,7.7628,7.7628,7.4459,7.5251,0,0
ALI_PE,D,20170220,000000,7.6836,7.6836,7.2874,7.4459,0,0
ALI_PE,D,20170221,000000,7.6836,7.7628,7.6043,7.6836,0,0
ALI_PE,D,20170222,000000,7.9211,8.0003,7.6043,7.6836,0,0
ALI_PE,D,20170223,000000,7.7628,7.9211,7.7628,7.842,0,0
ALI_PE,D,20170224,000000,7.9211,7.9211,7.7628,7.9211,0,0
ALI_PE,D,20170227,000000,7.9211,7.9211,7.6836,7.6836,0,0
ALI_PE,D,20170228,000000,7.6836,7.842,7.6836,7.842,0,0
ALI_PE,D,20170301,000000,7.842,7.842,7.6836,7.842,0,0
ALI_PE,D,20170302,000000,7.842,8.0003,7.842,8.0003,0,0
ALI_PE,D,20170303,000000,8.0003,8.0003,7.9211,7.9211,0,0
ALI_PE,D,20170306,000000,7.9211,7.9211,7.842,7.9211,0,0
ALI_PE,D,20170307,000000,7.9211,7.9211,7.4459,7.7628,0,0
ALI_PE,D,20170308,000000,7.6836,7.7628,7.6836,7.7628,0,0
ALI_PE,D,20170309,000000,7.7628,7.7628,7.7628,7.7628,0,0
ALI_PE,D,20170310,000000,7.7628,7.7628,7.6836,7.6836,0,0
ALI_PE,D,20170313,000000,7.6836,7.7628,7.6836,7.6836,0,0
ALI_PE,D,20170314,000000,7.7628,7.7628,7.6836,7.7628,0,0
ALI_PE,D,20170315,000000,7.7628,7.7628,7.6836,7.7628,0,0
ALI_PE,D,20170316,000000,7.6836,7.9211,7.6836,7.9211,0,0
ALI_PE,D,20170317,000000,7.9211,8.0796,7.9211,8.0003,0,0
ALI_PE,D,20170320,000000,8.0003,8.0003,7.842,7.9211,0,0
ALI_PE,D,20170321,000000,8.0003,8.5551,7.842,8.5551,0,0
ALI_PE,D,20170322,000000,8.5551,8.6345,8.4758,8.5551,0,0
ALI_PE,D,20170323,000000,8.5551,8.6345,8.5551,8.5551,0,0
ALI_PE,D,20170324,000000,8.5551,8.6345,8.5551,8.5551,0,0
ALI_PE,D,20170327,000000,8.5551,8.5551,8.4758,8.4758,0,0
ALI_PE,D,20170328,000000,8.4758,8.5551,8.4758,8.5551,0,0
ALI_PE,D,20170329,000000,8.5551,8.6345,8.4758,8.5551,0,0
ALI_PE,D,20170330,000000,8.5551,8.6345,8.4758,8.4758,0,0
ALI_PE,D,20170331,000000,8.4758,8.4758,8.317,8.3964,0,0
ALI_PE,D,20170403,000000,8.5551,8.6345,8.3964,8.6345,0,0
ALI_PE,D,20170404,000000,8.6345,8.6345,8.4758,8.6345,0,0
ALI_PE,D,20170405,000000,8.4758,8.6345,8.4758,8.6345,0,0
ALI_PE,D,20170406,000000,9.0305,9.4264,8.9511,9.3471,0,0
ALI_PE,D,20170407,000000,9.109,9.4264,9.109,9.3471,0,0
ALI_PE,D,20170410,000000,9.4264,9.4264,9.3471,9.4264,0,0
ALI_PE,D,20170411,000000,9.4264,9.743,9.4264,9.584,0,0
ALI_PE,D,20170412,000000,9.584,9.664,9.506,9.664,0,0
ALI_PE,D,20170413,000000,9.584,9.664,9.584,9.664,0,0
ALI_PE,D,20170418,000000,9.506,9.822,9.506,9.664,0,0
ALI_PE,D,20170419,000000,9.664,9.664,9.584,9.664,0,0
ALI_PE,D,20170420,000000,9.664,9.822,9.664,9.664,0,0
ALI_PE,D,20170421,000000,9.743,9.743,9.664,9.743,0,0
ALI_PE,D,20170424,000000,9.743,9.743,9.743,9.743,0,0
ALI_PE,D,20170425,000000,9.822,10.06,9.743,9.743,0,0
ALI_PE,D,20170426,000000,9.98,9.98,9.664,9.664,0,0
ALI_PE,D,20170427,000000,9.664,9.743,9.664,9.743,0,0
ALI_PE,D,20170428,000000,9.743,9.98,9.743,9.98,0,0
ALI_PE,D,20170502,000000,9.98,10.06,9.743,9.822,0,0
ALI_PE,D,20170504,000000,9.743,9.98,9.743,9.743,0,0
ALI_PE,D,20170505,000000,9.902,9.98,9.743,9.98,0,0
ALI_PE,D,20170508,000000,9.98,10.139,9.98,10.139,0,0
ALI_PE,D,20170509,000000,10.139,10.298,9.743,9.743,0,0
ALI_PE,D,20170510,000000,9.743,9.743,9.743,9.743,0,0
ALI_PE,D,20170511,000000,9.743,9.743,9.584,9.743,0,0
ALI_PE,D,20170512,000000,9.743,9.743,9.664,9.664,0,0
ALI_PE,D,20170515,000000,9.743,9.743,9.584,9.584,0,0
ALI_PE,D,20170516,000000,9.584,9.584,9.584,9.584,0,0
ALI_PE,D,20170517,000000,9.584,9.584,9.584,9.584,0,0
ALI_PE,D,20170518,000000,9.4264,9.506,7.3667,7.3667,0,0
ALI_PE,D,20170519,000000,7.2082,7.4459,7.2082,7.3667,0,0
ALI_PE,D,20170522,000000,7.2082,7.3667,7.2082,7.3667,0,0
ALI_PE,D,20170524,000000,7.2082,7.2874,7.2082,7.2874,0,0
ALI_PE,D,20170525,000000,7.2082,7.3667,7.2082,7.3667,0,0
ALI_PE,D,20170526,000000,7.3667,7.4459,7.2874,7.4459,0,0
ALI_PE,D,20170529,000000,7.4459,7.4459,7.3667,7.4459,0,0
ALI_PE,D,20170530,000000,7.3667,7.3667,7.2874,7.2874,0,0
ALI_PE,D,20170531,000000,7.2874,7.3667,7.2082,7.3667,0,0
ALI_PE,D,20170601,000000,7.2874,7.2874,7.2082,7.2874,0,0
ALI_PE,D,20170602,000000,7.2874,7.2874,7.2874,7.2874,0,0
ALI_PE,D,20170605,000000,7.5251,7.7628,7.5251,7.7628,0,0
ALI_PE,D,20170606,000000,7.7628,7.9211,7.7628,7.842,0,0
ALI_PE,D,20170607,000000,7.7628,7.842,7.6836,7.842,0,0
ALI_PE,D,20170608,000000,7.842,7.842,7.842,7.842,0,0
ALI_PE,D,20170609,000000,7.842,7.842,7.842,7.842,0,0
ALI_PE,D,20170612,000000,7.842,7.842,7.6836,7.7628,0,0
ALI_PE,D,20170613,000000,7.7628,7.7628,7.6043,7.6043,0,0
ALI_PE,D,20170614,000000,7.6836,7.6836,7.6043,7.6836,0,0
ALI_PE,D,20170616,000000,7.6836,7.842,7.6836,7.842,0,0
ALI_PE,D,20170619,000000,7.9211,7.9211,7.842,7.842,0,0
ALI_PE,D,20170620,000000,7.7628,7.842,7.7628,7.842,0,0
ALI_PE,D,20170621,000000,7.842,7.9211,7.7628,7.7628,0,0
ALI_PE,D,20170622,000000,7.7628,7.842,7.7628,7.842,0,0
ALI_PE,D,20170623,000000,7.842,7.9211,7.842,7.842,0,0
ALI_PE,D,20170626,000000,8.0796,8.0796,7.9211,7.9211,0,0
ALI_PE,D,20170627,000000,8.0003,8.0003,7.7628,7.842,0,0
ALI_PE,D,20170628,000000,7.842,7.842,7.6836,7.7628,0,0
ALI_PE,D,20170629,000000,7.7628,8.0003,7.7628,7.9211,0,0
ALI_PE,D,20170630,000000,7.9211,7.9211,7.7628,7.842,0,0
ALI_PE,D,20170703,000000,7.842,7.9211,7.842,7.9211,0,0
ALI_PE,D,20170704,000000,7.9211,7.9211,7.842,7.9211,0,0
ALI_PE,D,20170705,000000,7.9211,8.2377,7.9211,8.0003,0,0
ALI_PE,D,20170706,000000,8.0796,8.0796,8.0003,8.0796,0,0
ALI_PE,D,20170707,000000,8.0796,8.0796,8.0003,8.0003,0,0
ALI_PE,D,20170710,000000,8.0796,8.0796,8.0003,8.0003,0,0
ALI_PE,D,20170711,000000,7.9366,8.0229,7.8503,7.8503,0,0
ALI_PE,D,20170712,000000,7.9366,7.9366,7.8503,7.9366,0,0
ALI_PE,D,20170713,000000,7.9366,7.9366,7.6778,7.9366,0,0
ALI_PE,D,20170714,000000,7.9366,7.9366,7.8503,7.8503,0,0
ALI_PE,D,20170717,000000,7.6778,7.9366,7.6778,7.9366,0,0
ALI_PE,D,20170718,000000,7.7641,7.8503,7.7641,7.8503,0,0
ALI_PE,D,20170719,000000,7.8503,7.8503,7.7641,7.7641,0,0
ALI_PE,D,20170720,000000,7.8503,7.9366,7.8503,7.8503,0,0
ALI_PE,D,20170721,000000,7.7641,7.7641,7.7641,7.7641,0,0
ALI_PE,D,20170724,000000,7.6778,8.0229,7.6778,7.9366,0,0
ALI_PE,D,20170725,000000,7.9366,7.9366,7.7641,7.8503,0,0
ALI_PE,D,20170726,000000,7.7641,7.7641,7.7641,7.7641,0,0
ALI_PE,D,20170727,000000,7.7641,7.9366,7.7641,7.7641,0,0
ALI_PE,D,20170728,000000,7.6778,7.7641,7.6778,7.7641,0,0
ALI_PE,D,20170731,000000,7.7641,7.8503,7.6778,7.8503,0,0
ALI_PE,D,20170801,000000,7.6778,7.8503,7.6778,7.8503,0,0
ALI_PE,D,20170802,000000,7.8503,7.8503,7.7641,7.7641,0,0
ALI_PE,D,20170803,000000,7.7641,7.7641,7.6778,7.7641,0,0
ALI_PE,D,20170804,000000,7.6778,7.7641,7.6778,7.6778,0,0
ALI_PE,D,20170807,000000,7.7641,7.7641,7.6778,7.6778,0,0
ALI_PE,D,20170808,000000,7.6778,7.8503,7.6778,7.8503,0,0
ALI_PE,D,20170809,000000,7.9366,7.9366,7.2465,7.2465,0,0
ALI_PE,D,20170810,000000,7.2465,7.2465,7.0739,7.0739,0,0
ALI_PE,D,20170811,000000,7.0739,7.0739,6.9876,7.0739,0,0
ALI_PE,D,20170814,000000,7.0739,7.1602,6.9876,7.0739,0,0
ALI_PE,D,20170816,000000,7.0739,7.0739,6.9876,7.0739,0,0
ALI_PE,D,20170818,000000,7.0739,7.0739,6.9876,7.0739,0,0
ALI_PE,D,20170821,000000,6.9876,7.1602,6.9876,7.1602,0,0
ALI_PE,D,20170822,000000,7.1602,7.1602,7.0739,7.0739,0,0
ALI_PE,D,20170823,000000,6.9876,7.0739,6.9876,7.0739,0,0
ALI_PE,D,20170824,000000,7.0739,7.0739,7.0739,7.0739,0,0
ALI_PE,D,20170825,000000,7.0739,7.0739,6.9014,7.0739,0,0
ALI_PE,D,20170828,000000,7.0739,7.2465,6.9876,7.1602,0,0
ALI_PE,D,20170829,000000,7.1602,7.1602,6.9876,7.0739,0,0
ALI_PE,D,20170830,000000,7.2465,7.2465,7.0739,7.0739,0,0
ALI_PE,D,20170831,000000,7.0739,7.0739,6.9876,7.0739,0,0
ALI_PE,D,20170901,000000,7.0739,7.1602,6.9876,7.0739,0,0
ALI_PE,D,20170904,000000,6.9876,7.1602,6.9876,7.1602,0,0
ALI_PE,D,20170905,000000,7.1602,7.1602,7.0739,7.1602,0,0
ALI_PE,D,20170906,000000,7.1602,7.1602,6.9876,6.9876,0,0
ALI_PE,D,20170907,000000,6.9876,7.0739,6.9014,6.9876,0,0
ALI_PE,D,20170908,000000,6.9014,6.9876,6.9014,6.9876,0,0
ALI_PE,D,20170911,000000,6.9876,6.9876,6.9014,6.9014,0,0
ALI_PE,D,20170912,000000,6.9014,6.9876,6.9014,6.9876,0,0
ALI_PE,D,20170913,000000,6.9876,7.0739,6.9876,6.9876,0,0
ALI_PE,D,20170914,000000,6.9876,7.0739,6.9876,7.0739,0,0
ALI_PE,D,20170915,000000,6.9876,7.0739,6.9876,6.9876,0,0
ALI_PE,D,20170918,000000,6.9876,6.9876,6.9014,6.9876,0,0
ALI_PE,D,20170919,000000,6.9014,6.9014,6.9014,6.9014,0,0
ALI_PE,D,20170920,000000,6.9876,6.9876,6.9014,6.9014,0,0
ALI_PE,D,20170921,000000,6.9014,6.9014,6.9014,6.9014,0,0
ALI_PE,D,20170922,000000,6.9014,7.0739,6.9014,7.0739,0,0
ALI_PE,D,20170925,000000,7.1602,7.1602,6.9014,7.0739,0,0
ALI_PE,D,20170926,000000,6.9014,7.0739,6.9014,6.9876,0,0
ALI_PE,D,20170927,000000,6.9876,7.0739,6.9876,6.9876,0,0
ALI_PE,D,20170928,000000,6.9876,6.9876,6.9876,6.9876,0,0
ALI_PE,D,20170929,000000,6.9014,6.9014,6.9014,6.9014,0,0
ALI_PE,D,20171002,000000,6.9014,6.9876,6.9014,6.9876,0,0
ALI_PE,D,20171003,000000,6.9014,6.9014,6.8151,6.9014,0,0
ALI_PE,D,20171004,000000,6.9876,6.9876,6.8151,6.8151,0,0
ALI_PE,D,20171005,000000,6.9876,6.9876,6.6426,6.6426,0,0
ALI_PE,D,20171006,000000,6.5563,6.7288,6.5563,6.6426,0,0
ALI_PE,D,20171009,000000,6.6426,6.7288,6.5563,6.7288,0,0
ALI_PE,D,20171010,000000,6.7288,6.7288,6.6426,6.6426,0,0
ALI_PE,D,20171011,000000,6.6426,6.7288,6.5563,6.7288,0,0
ALI_PE,D,20171012,000000,6.7288,6.7288,6.6426,6.6426,0,0
ALI_PE,D,20171013,000000,6.6426,6.6426,6.5563,6.6426,0,0
ALI_PE,D,20171016,000000,6.5563,6.5563,6.47,6.47,0,0
ALI_PE,D,20171017,000000,6.5563,6.5563,6.47,6.5563,0,0
ALI_PE,D,20171018,000000,6.6426,6.6426,6.47,6.47,0,0
ALI_PE,D,20171019,000000,6.47,6.5563,6.3838,6.5563,0,0
ALI_PE,D,20171020,000000,6.5563,6.6426,6.5563,6.6426,0,0
ALI_PE,D,20171023,000000,6.6426,6.6426,6.3838,6.47,0,0
ALI_PE,D,20171024,000000,6.3838,6.3838,6.2975,6.2975,0,0
ALI_PE,D,20171025,000000,6.2975,6.2975,6.2112,6.2975,0,0
ALI_PE,D,20171026,000000,6.5563,6.5563,6.2975,6.47,0,0
ALI_PE,D,20171027,000000,6.47,6.6426,6.47,6.47,0,0
ALI_PE,D,20171030,000000,6.7288,6.7288,6.47,6.5563,0,0
ALI_PE,D,20171031,000000,6.5563,6.7288,6.5563,6.5563,0,0
ALI_PE,D,20171102,000000,6.5563,6.5563,6.47,6.47,0,0
ALI_PE,D,20171103,000000,6.47,6.47,6.3838,6.47,0,0
ALI_PE,D,20171106,000000,6.47,6.47,6.3838,6.3838,0,0
ALI_PE,D,20171107,000000,6.3838,6.5563,6.3838,6.47,0,0
ALI_PE,D,20171108,000000,6.47,6.47,6.3838,6.47,0,0
ALI_PE,D,20171109,000000,6.47,6.47,6.3838,6.47,0,0
ALI_PE,D,20171110,000000,6.47,6.47,6.47,6.47,0,0
ALI_PE,D,20171113,000000,6.3838,6.47,6.3838,6.47,0,0
ALI_PE,D,20171114,000000,6.5563,6.5563,5.6074,5.6074,0,0
ALI_PE,D,20171115,000000,5.6074,5.6074,5.4348,5.4348,0,0
ALI_PE,D,20171116,000000,5.4348,5.4348,5.2623,5.2623,0,0
ALI_PE,D,20171117,000000,5.2623,5.2623,5.0898,5.2623,0,0
ALI_PE,D,20171120,000000,5.2623,5.6074,5.2623,5.4348,0,0
ALI_PE,D,20171121,000000,5.5211,5.5211,5.5211,5.5211,0,0
ALI_PE,D,20171122,000000,5.5211,5.5211,5.5211,5.5211,0,0
ALI_PE,D,20171123,000000,5.6074,5.6074,5.5211,5.5211,0,0
ALI_PE,D,20171124,000000,5.6074,5.6074,5.5211,5.5211,0,0
ALI_PE,D,20171127,000000,5.5211,5.6074,5.5211,5.6074,0,0
ALI_PE,D,20171128,000000,5.6074,5.6074,5.6074,5.6074,0,0
ALI_PE,D,20171129,000000,5.6074,5.6074,5.6074,5.6074,0,0
ALI_PE,D,20171130,000000,5.6074,5.6074,5.5211,5.5211,0,0
ALI_PE,D,20171201,000000,5.5211,5.6074,5.4348,5.4348,0,0
ALI_PE,D,20171204,000000,5.5211,5.5211,5.3486,5.4348,0,0
ALI_PE,D,20171205,000000,5.3486,5.4348,5.3486,5.4348,0,0
ALI_PE,D,20171206,000000,5.4348,5.4348,5.4348,5.4348,0,0
ALI_PE,D,20171207,000000,5.4348,5.4348,5.3486,5.3486,0,0
ALI_PE,D,20171208,000000,5.3486,5.5211,5.3486,5.4348,0,0
ALI_PE,D,20171211,000000,5.3486,5.4348,5.2623,5.4348,0,0
ALI_PE,D,20171212,000000,5.3486,5.4348,5.2623,5.3486,0,0
ALI_PE,D,20171213,000000,5.4348,5.4348,5.3486,5.3486,0,0
ALI_PE,D,20171214,000000,5.4348,5.5211,5.4348,5.5211,0,0
ALI_PE,D,20171215,000000,5.5211,5.5211,5.4348,5.4348,0,0
ALI_PE,D,20171218,000000,5.5211,5.6074,5.4348,5.6074,0,0
ALI_PE,D,20171219,000000,5.4348,5.6074,5.4348,5.6074,0,0
ALI_PE,D,20171220,000000,5.6074,5.6074,5.5211,5.5211,0,0
ALI_PE,D,20171221,000000,5.5211,5.5211,5.4348,5.5211,0,0
ALI_PE,D,20171222,000000,5.5211,5.6074,5.4348,5.5211,0,0
ALI_PE,D,20171227,000000,5.4348,5.6074,5.4348,5.6074,0,0
ALI_PE,D,20171228,000000,5.5211,5.6074,5.4348,5.4348,0,0
ALI_PE,D,20171229,000000,5.4348,5.6074,5.3486,5.6074,0,0
ALI_PE,D,20180103,000000,5.6936,5.8662,5.5211,5.6074,0,0
ALI_PE,D,20180104,000000,5.6074,5.6936,5.5211,5.6936,0,0
ALI_PE,D,20180105,000000,5.6936,5.6936,5.6074,5.6074,0,0
ALI_PE,D,20180108,000000,5.6936,5.7799,5.6074,5.6936,0,0
ALI_PE,D,20180109,000000,5.6074,5.7799,5.6074,5.6936,0,0
ALI_PE,D,20180110,000000,5.6936,5.6936,5.6074,5.6936,0,0
ALI_PE,D,20180111,000000,5.6936,5.7799,5.6074,5.6936,0,0
ALI_PE,D,20180112,000000,5.6936,5.8662,5.6936,5.8662,0,0
ALI_PE,D,20180115,000000,5.7799,5.7799,5.6936,5.6936,0,0
ALI_PE,D,20180116,000000,5.6936,5.6936,5.6074,5.6074,0,0
ALI_PE,D,20180117,000000,5.6074,5.6074,5.5211,5.5211,0,0
ALI_PE,D,20180118,000000,5.5211,5.6936,5.5211,5.6936,0,0
ALI_PE,D,20180119,000000,5.6936,5.6936,5.5211,5.5211,0,0
ALI_PE,D,20180122,000000,5.6074,5.6074,5.4348,5.5211,0,0
ALI_PE,D,20180123,000000,5.5211,5.6936,5.5211,5.6936,0,0
ALI_PE,D,20180124,000000,5.6936,5.7799,5.6936,5.6936,0,0
ALI_PE,D,20180125,000000,5.6936,5.6936,5.6074,5.6074,0,0
ALI_PE,D,20180126,000000,5.6936,5.6936,5.6074,5.6936,0,0
ALI_PE,D,20180129,000000,5.6936,5.6936,5.5211,5.5211,0,0
ALI_PE,D,20180130,000000,5.5211,5.5211,5.3486,5.4348,0,0
ALI_PE,D,20180131,000000,5.5211,5.5211,5.3486,5.4348,0,0
ALI_PE,D,20180201,000000,5.4348,5.4348,5.3486,5.3486,0,0
ALI_PE,D,20180202,000000,5.3486,5.3486,5.2623,5.2623,0,0
ALI_PE,D,20180205,000000,5.2623,5.3486,5.176,5.2623,0,0
ALI_PE,D,20180206,000000,5.176,5.3486,5.0898,5.3486,0,0
ALI_PE,D,20180207,000000,5.3486,5.5211,5.3486,5.3486,0,0
ALI_PE,D,20180208,000000,5.3486,5.4348,5.3486,5.4348,0,0
ALI_PE,D,20180209,000000,5.2623,5.6936,5.2623,5.6936,0,0
ALI_PE,D,20180212,000000,5.6074,5.6074,5.4348,5.4348,0,0
ALI_PE,D,20180213,000000,5.4348,5.5211,5.4348,5.5211,0,0
ALI_PE,D,20180214,000000,5.4348,5.6074,5.4348,5.6074,0,0
ALI_PE,D,20180215,000000,5.5211,5.6074,5.4348,5.6074,0,0
ALI_PE,D,20180216,000000,5.6074,5.6936,5.5211,5.6936,0,0
ALI_PE,D,20180219,000000,5.6936,5.6936,5.5211,5.6936,0,0
ALI_PE,D,20180220,000000,5.6936,5.6936,5.4348,5.4348,0,0
ALI_PE,D,20180221,000000,5.4348,5.4348,5.3486,5.4348,0,0
ALI_PE,D,20180222,000000,5.4348,5.4348,5.4348,5.4348,0,0
ALI_PE,D,20180223,000000,5.4348,5.6074,5.4348,5.6074,0,0
ALI_PE,D,20180226,000000,5.5211,5.6936,5.5211,5.6074,0,0
ALI_PE,D,20180227,000000,5.5211,5.6074,5.5211,5.6074,0,0
ALI_PE,D,20180228,000000,5.6074,5.6074,5.6074,5.6074,0,0
ALI_PE,D,20180301,000000,5.6074,5.8662,5.4348,5.8662,0,0
ALI_PE,D,20180302,000000,5.8662,5.9524,5.8662,5.8662,0,0
ALI_PE,D,20180305,000000,5.9524,5.9524,5.8662,5.8662,0,0
ALI_PE,D,20180306,000000,5.9524,5.9524,5.8662,5.8662,0,0
ALI_PE,D,20180307,000000,5.8662,5.8662,5.7799,5.7799,0,0
ALI_PE,D,20180308,000000,5.8662,5.8662,5.7799,5.7799,0,0
ALI_PE,D,20180309,000000,5.7799,5.8662,5.6936,5.7799,0,0
ALI_PE,D,20180312,000000,5.7799,5.8662,5.7799,5.8662,0,0
ALI_PE,D,20180313,000000,5.8662,5.8662,5.7799,5.8662,0,0
ALI_PE,D,20180314,000000,5.8662,5.8662,5.7799,5.8662,0,0
ALI_PE,D,20180315,000000,5.8662,5.8662,5.7799,5.7799,0,0
ALI_PE,D,20180316,000000,5.7799,5.8662,5.7799,5.8662,0,0
ALI_PE,D,20180319,000000,5.7799,5.8662,5.7799,5.7799,0,0
ALI_PE,D,20180320,000000,5.7799,5.7799,5.7799,5.7799,0,0
ALI_PE,D,20180321,000000,5.7799,5.7799,5.7799,5.7799,0,0
ALI_PE,D,20180322,000000,5.7799,5.7799,5.7799,5.7799,0,0
ALI_PE,D,20180323,000000,5.7799,5.7799,5.6074,5.6074,0,0
ALI_PE,D,20180326,000000,5.5211,5.6074,5.4348,5.6074,0,0
ALI_PE,D,20180327,000000,5.6936,5.6936,5.6074,5.6936,0,0
ALI_PE,D,20180328,000000,5.6074,5.7799,5.5211,5.5211,0,0
ALI_PE,D,20180329,000000,5.6936,5.6936,5.5211,5.6074,0,0
ALI_PE,D,20180403,000000,5.6074,5.6936,5.5211,5.5211,0,0
ALI_PE,D,20180404,000000,5.5211,5.5211,5.5211,5.5211,0,0
ALI_PE,D,20180405,000000,5.6074,5.6074,5.5211,5.5211,0,0
ALI_PE,D,20180406,000000,5.5211,5.5211,5.5211,5.5211,0,0
ALI_PE,D,20180409,000000,5.6074,5.6936,5.5211,5.6074,0,0
ALI_PE,D,20180410,000000,5.6074,5.6936,5.6074,5.6074,0,0
ALI_PE,D,20180411,000000,5.6074,5.6074,5.5211,5.6074,0,0
ALI_PE,D,20180412,000000,5.6074,5.6074,5.6074,5.6074,0,0
ALI_PE,D,20180413,000000,5.6074,5.6074,5.5211,5.5211,0,0
ALI_PE,D,20180416,000000,5.5211,5.5211,5.4348,5.4348,0,0
ALI_PE,D,20180417,000000,5.3486,5.3486,5.176,5.2623,0,0
ALI_PE,D,20180418,000000,5.4348,5.4348,5.4348,5.4348,0,0
ALI_PE,D,20180419,000000,5.3486,5.3486,5.2623,5.2623,0,0
ALI_PE,D,20180420,000000,5.2623,5.2623,4.9172,5.0035,0,0
ALI_PE,D,20180423,000000,5.0035,5.2623,5.0035,5.176,0,0
ALI_PE,D,20180424,000000,5.176,5.2623,5.0898,5.176,0,0
ALI_PE,D,20180425,000000,5.176,5.2623,5.176,5.176,0,0
ALI_PE,D,20180426,000000,5.2623,5.3486,5.0898,5.0898,0,0
ALI_PE,D,20180427,000000,5.0898,5.176,5.0898,5.0898,0,0
ALI_PE,D,20180430,000000,4.9172,5.0898,4.9172,5.0898,0,0
ALI_PE,D,20180502,000000,5.0035,5.176,5.0035,5.176,0,0
ALI_PE,D,20180504,000000,5.0898,5.176,5.0898,5.0898,0,0
ALI_PE,D,20180507,000000,5.0035,5.0898,4.9172,5.0898,0,0
ALI_PE,D,20180508,000000,5.0898,5.0898,5.0035,5.0035,0,0
ALI_PE,D,20180509,000000,5.0035,5.0035,4.9172,5.0035,0,0
ALI_PE,D,20180510,000000,5.0035,5.0035,4.9172,5.0035,0,0
ALI_PE,D,20180511,000000,4.9172,5.0035,4.9172,5.0035,0,0
ALI_PE,D,20180514,000000,5.0035,5.0035,4.9172,5.0035,0,0
ALI_PE,D,20180515,000000,5.3486,5.3486,5.176,5.176,0,0
ALI_PE,D,20180516,000000,5.2623,5.2623,5.0898,5.176,0,0
ALI_PE,D,20180517,000000,5.176,5.176,5.0898,5.176,0,0
ALI_PE,D,20180518,000000,5.176,5.176,5.0035,5.176,0,0
ALI_PE,D,20180521,000000,5.0898,5.0898,4.831,4.9172,0,0
ALI_PE,D,20180522,000000,4.831,4.9172,4.831,4.9172,0,0
ALI_PE,D,20180523,000000,4.9172,4.9172,4.831,4.9172,0,0
ALI_PE,D,20180524,000000,4.9172,4.9172,4.831,4.831,0,0
ALI_PE,D,20180525,000000,4.831,4.831,4.831,4.831,0,0
ALI_PE,D,20180528,000000,4.831,4.831,4.7447,4.831,0,0
ALI_PE,D,20180529,000000,4.7447,4.831,4.5722,4.831,0,0
ALI_PE,D,20180530,000000,4.7447,4.7447,4.6584,4.7447,0,0
ALI_PE,D,20180601,000000,4.7447,4.7447,4.5722,4.5722,0,0
ALI_PE,D,20180604,000000,4.4859,4.4859,4.3996,4.3996,0,0
ALI_PE,D,20180605,000000,4.3996,4.3996,4.2271,4.3996,0,0
ALI_PE,D,20180606,000000,4.4859,4.6584,4.3996,4.4859,0,0
ALI_PE,D,20180607,000000,4.4859,4.4859,4.4859,4.4859,0,0
ALI_PE,D,20180608,000000,4.4859,4.5722,4.4859,4.4859,0,0
ALI_PE,D,20180611,000000,4.5722,4.5722,4.4859,4.4859,0,0
ALI_PE,D,20180612,000000,4.4859,4.4859,4.4859,4.4859,0,0
ALI_PE,D,20180613,000000,4.4859,4.4859,4.3996,4.3996,0,0
ALI_PE,D,20180614,000000,4.3996,4.3996,4.2271,4.2271,0,0
ALI_PE,D,20180615,000000,4.2,4.4,4.2,4.4,0,0
ALI_PE,D,20180618,000000,4.3,4.3,4.1,4.2,0,0
ALI_PE,D,20180619,000000,4.2,4.3,4,4.2,0,0
ALI_PE,D,20180620,000000,4.2,4.2,4.1,4.1,0,0
ALI_PE,D,20180621,000000,4.1,4.1,3.9,3.9,0,0
ALI_PE,D,20180622,000000,3.9,3.9,3.7,3.8,0,0
ALI_PE,D,20180625,000000,3.8,3.8,3.7,3.7,0,0
ALI_PE,D,20180626,000000,3.7,3.7,3.3,3.4,0,0
ALI_PE,D,20180627,000000,3.3,3.5,3.2,3.4,0,0
ALI_PE,D,20180628,000000,3.4,3.4,3.2,3.3,0,0
ALI_PE,D,20180629,000000,3.3,3.4,3.2,3.4,0,0
ALI_PE,D,20180702,000000,3.3,3.4,3.3,3.3,0,0
ALI_PE,D,20180703,000000,3.3,3.5,3.3,3.5,0,0
ALI_PE,D,20180704,000000,3.5,3.6,3.5,3.5,0,0
ALI_PE,D,20180705,000000,3.5,3.5,3.5,3.5,0,0
ALI_PE,D,20180706,000000,3.5,3.5,3.5,3.5,0,0
ALI_PE,D,20180709,000000,3.5,3.6,3.5,3.5,0,0
ALI_PE,D,20180710,000000,3.5,3.6,3.5,3.6,0,0
ALI_PE,D,20180711,000000,3.6,3.6,3.6,3.6,0,0
ALI_PE,D,20180712,000000,3.6,3.7,3.6,3.6,0,0
ALI_PE,D,20180713,000000,3.6,3.6,3.6,3.6,0,0
ALI_PE,D,20180716,000000,3.6,3.8,3.6,3.8,0,0
ALI_PE,D,20180717,000000,3.8,4,3.8,3.9,0,0
ALI_PE,D,20180718,000000,4,4.3,4,4.1,0,0
ALI_PE,D,20180719,000000,4.1,4.1,4,4.1,0,0
ALI_PE,D,20180720,000000,4.1,4.2,4.1,4.1,0,0
ALI_PE,D,20180723,000000,4,4,3.8,3.9,0,0
ALI_PE,D,20180724,000000,4.1,4.1,3.9,4,0,0
ALI_PE,D,20180725,000000,4,4,3.9,4,0,0
ALI_PE,D,20180726,000000,4,4,3.9,3.9,0,0
ALI_PE,D,20180727,000000,3.9,4,3.9,3.9,0,0
ALI_PE,D,20180730,000000,3.8,3.8,3.5,3.6,0,0
ALI_PE,D,20180731,000000,3.6,3.7,3.5,3.6,0,0
ALI_PE,D,20180801,000000,3.6,3.7,3.6,3.6,0,0
ALI_PE,D,20180802,000000,3.7,3.7,3.6,3.6,0,0
ALI_PE,D,20180803,000000,3.6,3.6,3.6,3.6,0,0
ALI_PE,D,20180806,000000,3.7,3.7,3.6,3.6,0,0
ALI_PE,D,20180807,000000,3.6,3.6,3.5,3.6,0,0
ALI_PE,D,20180808,000000,3.6,3.7,3.6,3.6,0,0
ALI_PE,D,20180809,000000,3.6,3.6,3.6,3.6,0,0
ALI_PE,D,20180810,000000,3.6,3.6,3.4,3.5,0,0
ALI_PE,D,20180813,000000,3.5,3.5,3.4,3.5,0,0
ALI_PE,D,20180814,000000,3.5,3.5,3.4,3.4,0,0
ALI_PE,D,20180816,000000,3.4,3.4,3.4,3.4,0,0
ALI_PE,D,20180817,000000,3.4,3.4,3.4,3.4,0,0
ALI_PE,D,20180820,000000,3.4,3.4,3.3,3.4,0,0
ALI_PE,D,20180821,000000,3.4,3.7,3.3,3.7,0,0
ALI_PE,D,20180822,000000,3.6,3.7,3.6,3.7,0,0
ALI_PE,D,20180823,000000,3.7,3.7,3.7,3.7,0,0
ALI_PE,D,20180824,000000,3.7,3.7,3.6,3.7,0,0
ALI_PE,D,20180827,000000,3.7,3.7,3.6,3.7,0,0
ALI_PE,D,20180828,000000,3.6,3.7,3.6,3.7,0,0
ALI_PE,D,20180829,000000,3.7,3.7,3.6,3.6,0,0
ALI_PE,D,20180830,000000,3.5,3.6,3.4,3.6,0,0
ALI_PE,D,20180831,000000,3,3,2.4,2.4,0,0
ALI_PE,D,20180903,000000,2.2,2.4,2.2,2.3,0,0
ALI_PE,D,20180904,000000,2.1,2.1,1.7,1.7,0,0
ALI_PE,D,20180905,000000,1.7,2,1.5,1.5,0,0
ALI_PE,D,20180906,000000,1.2,1.2,0.9,0.9,0,0
ALI_PE,D,20180907,000000,1.1,1.1,0.7,0.7,0,0
ALI_PE,D,20180910,000000,0.7,0.7,0.6,0.6,0,0
ALI_PE,D,20180911,000000,0.6,0.7,0.6,0.7,0,0
ALI_PE,D,20180912,000000,0.7,1,0.7,1,0,0
ALI_PE,D,20180913,000000,1.1,1.3,1.1,1.3,0,0
ALI_PE,D,20180914,000000,1.3,1.5,1.2,1.2,0,0
ALI_PE,D,20180917,000000,1.3,1.3,1.2,1.3,0,0
ALI_PE,D,20180918,000000,1.3,1.3,1.1,1.2,0,0
ALI_PE,D,20180919,000000,1.2,1.2,1,1,0,0
ALI_PE,D,20180920,000000,1,1.3,1,1.3,0,0
ALI_PE,D,20180921,000000,1.3,1.3,1.2,1.2,0,0
ALI_PE,D,20180924,000000,1.2,1.4,1.1,1.4,0,0
ALI_PE,D,20180925,000000,1.4,1.6,1.3,1.4,0,0
ALI_PE,D,20180926,000000,1.4,1.5,1.3,1.3,0,0
ALI_PE,D,20180927,000000,1.3,1.4,1.2,1.3,0,0
ALI_PE,D,20180928,000000,1.3,1.3,1.2,1.2,0,0
ALI_PE,D,20181001,000000,1.1,1.1,1.1,1.1,0,0
ALI_PE,D,20181002,000000,1.1,1.2,1.1,1.1,0,0
ALI_PE,D,20181003,000000,1.1,1.1,1.1,1.1,0,0
ALI_PE,D,20181004,000000,1.1,1.1,1,1,0,0
ALI_PE,D,20181005,000000,0.9,1,0.9,1,0,0
ALI_PE,D,20181008,000000,1,1,1,1,0,0
ALI_PE,D,20181009,000000,1,1,1,1,0,0
ALI_PE,D,20181010,000000,1,1.2,0.9,1.1,0,0
ALI_PE,D,20181011,000000,1.1,1.2,1.1,1.1,0,0
ALI_PE,D,20181012,000000,1.1,1.1,1.1,1.1,0,0
ALI_PE,D,20181015,000000,1.1,1.1,1,1.1,0,0
ALI_PE,D,20181016,000000,1.1,1.1,1.1,1.1,0,0
ALI_PE,D,20181017,000000,1.1,1.1,1.1,1.1,0,0
ALI_PE,D,20181018,000000,1.1,1.2,1.1,1.1,0,0
ALI_PE,D,20181019,000000,1.1,1.2,1.1,1.1,0,0
ALI_PE,D,20181022,000000,1.1,1.1,1,1,0,0
ALI_PE,D,20181023,000000,1,1,1,1,0,0
ALI_PE,D,20181024,000000,1,1,0.9,0.9,0,0
ALI_PE,D,20181025,000000,0.9,0.9,0.8,0.9,0,0
ALI_PE,D,20181026,000000,0.9,1,0.9,1,0,0
ALI_PE,D,20181029,000000,1,1.1,1,1,0,0
ALI_PE,D,20181030,000000,1,1.1,1,1.1,0,0
ALI_PE,D,20181031,000000,1.1,1.1,1,1,0,0
ALI_PE,D,20181102,000000,1,1,1,1,0,0
ALI_PE,D,20181105,000000,1,1,1,1,0,0
ALI_PE,D,20181106,000000,1,1,1,1,0,0
ALI_PE,D,20181107,000000,1,1,1,1,0,0
ALI_PE,D,20181108,000000,1,1,1,1,0,0
ALI_PE,D,20181109,000000,1,1,1,1,0,0
ALI_PE,D,20181113,000000,1,1.4,1,1.4,0,0
ALI_PE,D,20181114,000000,1.4,1.4,1.3,1.4,0,0
ALI_PE,D,20181115,000000,1.4,1.4,1.4,1.4,0,0
ALI_PE,D,20181116,000000,1.4,1.4,1.4,1.4,0,0
ALI_PE,D,20181119,000000,1.4,1.4,1.4,1.4,0,0
ALI_PE,D,20181120,000000,1.4,1.4,1.4,1.4,0,0
ALI_PE,D,20181121,000000,1.4,1.4,1.3,1.4,0,0
ALI_PE,D,20181122,000000,1.4,1.4,1.3,1.3,0,0
ALI_PE,D,20181123,000000,1.3,1.4,1.3,1.3,0,0
ALI_PE,D,20181126,000000,1.3,1.4,1.3,1.4,0,0
ALI_PE,D,20181127,000000,1.4,1.9,1.4,1.7,0,0
ALI_PE,D,20181128,000000,1.8,1.8,1.7,1.7,0,0
ALI_PE,D,20181129,000000,1.7,1.7,1.6,1.7,0,0
ALI_PE,D,20181130,000000,1.7,1.7,1.5,1.5,0,0
ALI_PE,D,20181203,000000,1.5,1.6,1.5,1.6,0,0
ALI_PE,D,20181204,000000,1.6,1.6,1.5,1.5,0,0
ALI_PE,D,20181205,000000,1.5,1.5,1.5,1.5,0,0
ALI_PE,D,20181206,000000,1.5,1.6,1.5,1.6,0,0
ALI_PE,D,20181207,000000,1.5,1.6,1.5,1.5,0,0
ALI_PE,D,20181210,000000,1.5,1.5,1.5,1.5,0,0
ALI_PE,D,20181211,000000,1.5,1.5,1.5,1.5,0,0
ALI_PE,D,20181212,000000,1.5,1.6,1.5,1.5,0,0
ALI_PE,D,20181213,000000,1.5,1.5,1.5,1.5,0,0
ALI_PE,D,20181214,000000,1.5,1.5,1.5,1.5,0,0
ALI_PE,D,20181217,000000,1.5,1.5,1.5,1.5,0,0
ALI_PE,D,20181218,000000,1.5,1.5,1.5,1.5,0,0
ALI_PE,D,20181219,000000,1.5,1.5,1.5,1.5,0,0
ALI_PE,D,20181220,000000,1.5,1.5,1.5,1.5,0,0
ALI_PE,D,20181221,000000,1.5,1.6,1.5,1.5,0,0
ALI_PE,D,20181227,000000,1.6,1.6,1.5,1.5,0,0
ALI_PE,D,20181228,000000,1.5,1.5,1.5,1.5,0,0
ALI_PE,D,20190102,000000,1.5,1.5,1.5,1.5,0,0
ALI_PE,D,20190103,000000,1.5,1.5,1.5,1.5,0,0
ALI_PE,D,20190104,000000,1.5,1.5,1.5,1.5,0,0
ALI_PE,D,20190107,000000,1.5,1.6,1.5,1.6,0,0
ALI_PE,D,20190108,000000,1.6,1.7,1.6,1.7,0,0
ALI_PE,D,20190109,000000,1.7,2,1.7,1.9,0,0
ALI_PE,D,20190110,000000,1.9,1.9,1.8,1.8,0,0
ALI_PE,D,20190111,000000,1.8,1.8,1.7,1.8,0,0
ALI_PE,D,20190114,000000,1.8,1.8,1.8,1.8,0,0
ALI_PE,D,20190115,000000,1.8,1.8,1.8,1.8,0,0
ALI_PE,D,20190116,000000,1.8,1.8,1.8,1.8,0,0
ALI_PE,D,20190117,000000,1.8,1.8,1.8,1.8,0,0
ALI_PE,D,20190118,000000,1.8,1.8,1.7,1.7,0,0
ALI_PE,D,20190121,000000,1.7,1.8,1.7,1.8,0,0
ALI_PE,D,20190122,000000,1.8,1.9,1.5,1.5,0,0
ALI_PE,D,20190123,000000,1.5,1.6,1.5,1.6,0,0
ALI_PE,D,20190124,000000,1.6,1.7,1.6,1.6,0,0
ALI_PE,D,20190125,000000,1.6,1.6,1.6,1.6,0,0
ALI_PE,D,20190128,000000,1.6,1.6,1.5,1.5,0,0
ALI_PE,D,20190129,000000,1.5,1.5,1.5,1.5,0,0
ALI_PE,D,20190130,000000,1.5,1.5,1.5,1.5,0,0
ALI_PE,D,20190131,000000,1.5,1.6,1.5,1.6,0,0
ALI_PE,D,20190201,000000,1.6,1.6,1.6,1.6,0,0
ALI_PE,D,20190204,000000,1.6,1.6,1.6,1.6,0,0
ALI_PE,D,20190205,000000,1.6,1.6,1.5,1.6,0,0
ALI_PE,D,20190206,000000,1.6,1.6,1.5,1.5,0,0
ALI_PE,D,20190207,000000,1.5,1.8,1.5,1.8,0,0
ALI_PE,D,20190208,000000,1.8,2.1,1.7,2,0,0
ALI_PE,D,20190211,000000,2.2,2.5,2.2,2.3,0,0
ALI_PE,D,20190212,000000,2.3,2.4,2.1,2.2,0,0
ALI_PE,D,20190213,000000,2.2,2.6,2.2,2.5,0,0
ALI_PE,D,20190214,000000,2.6,2.8,2.4,2.4,0,0
ALI_PE,D,20190215,000000,2.5,2.6,2.4,2.5,0,0
ALI_PE,D,20190218,000000,2.5,2.6,2.4,2.4,0,0
ALI_PE,D,20190219,000000,2.4,2.5,2.4,2.4,0,0
ALI_PE,D,20190220,000000,2.4,2.4,2.3,2.4,0,0
ALI_PE,D,20190221,000000,2.4,2.5,2.4,2.4,0,0
ALI_PE,D,20190222,000000,2.4,2.4,2.3,2.4,0,0
ALI_PE,D,20190225,000000,2.4,2.4,2.2,2.4,0,0
ALI_PE,D,20190226,000000,2.4,2.4,2.3,2.3,0,0
ALI_PE,D,20190227,000000,2.3,2.3,2.2,2.3,0,0
ALI_PE,D,20190228,000000,2.3,2.3,2.1,2.2,0,0
ALI_PE,D,20190301,000000,2.2,2.7,2,2.7,0,0
ALI_PE,D,20190304,000000,2.6,2.6,2.5,2.5,0,0
ALI_PE,D,20190305,000000,2.5,2.7,2.5,2.6,0,0
ALI_PE,D,20190306,000000,2.6,2.8,2.6,2.7,0,0
ALI_PE,D,20190307,000000,2.7,3.1,2.7,2.9,0,0
ALI_PE,D,20190308,000000,2.9,2.9,2.7,2.7,0,0
ALI_PE,D,20190311,000000,2.7,2.8,2.7,2.8,0,0
ALI_PE,D,20190312,000000,2.8,2.9,2.8,2.8,0,0
ALI_PE,D,20190313,000000,2.8,2.8,2.7,2.7,0,0
ALI_PE,D,20190314,000000,2.7,2.8,2.7,2.7,0,0
ALI_PE,D,20190315,000000,2.8,2.8,2.7,2.8,0,0
ALI_PE,D,20190318,000000,2.8,2.8,2.7,2.7,0,0
ALI_PE,D,20190319,000000,2.7,2.8,2.7,2.7,0,0
ALI_PE,D,20190320,000000,2.7,2.7,2.7,2.7,0,0
ALI_PE,D,20190321,000000,2.7,2.7,2.6,2.6,0,0
ALI_PE,D,20190322,000000,2.6,2.6,2.4,2.5,0,0
ALI_PE,D,20190325,000000,2.4,2.5,2.4,2.4,0,0
ALI_PE,D,20190326,000000,2.4,2.5,2.4,2.5,0,0
ALI_PE,D,20190327,000000,2.5,2.6,2.5,2.5,0,0
ALI_PE,D,20190328,000000,2.5,2.5,2.4,2.4,0,0
ALI_PE,D,20190329,000000,2.4,2.4,2.3,2.3,0,0
ALI_PE,D,20190401,000000,2.3,2.4,2.3,2.4,0,0
ALI_PE,D,20190402,000000,2.4,2.4,2.3,2.3,0,0
ALI_PE,D,20190403,000000,2.3,2.3,2.1,2.2,0,0
ALI_PE,D,20190404,000000,2.2,2.3,2.2,2.2,0,0
ALI_PE,D,20190405,000000,2.2,2.2,2.1,2.2,0,0
ALI_PE,D,20190408,000000,2.2,2.2,2,2.1,0,0
ALI_PE,D,20190409,000000,2,2,2,2,0,0
ALI_PE,D,20190410,000000,2,2.6,2,2.6,0,0
ALI_PE,D,20190411,000000,2.6,2.6,2.3,2.3,0,0
ALI_PE,D,20190412,000000,2.3,2.5,2.3,2.4,0,0
ALI_PE,D,20190415,000000,2.4,2.4,2.3,2.3,0,0
ALI_PE,D,20190416,000000,2.3,2.4,2.2,2.2,0,0
ALI_PE,D,20190417,000000,2.2,2.2,2.1,2.1,0,0
ALI_PE,D,20190418,000000,2.1,2.2,2.1,2.2,0,0
ALI_PE,D,20190423,000000,2.2,2.3,2.2,2.2,0,0
ALI_PE,D,20190424,000000,2.1,2.2,2.1,2.2,0,0
ALI_PE,D,20190425,000000,2.1,2.2,2.1,2.2,0,0
ALI_PE,D,20190426,000000,2.1,2.2,2.1,2.2,0,0
ALI_PE,D,20190429,000000,2.2,2.2,2.1,2.1,0,0
ALI_PE,D,20190430,000000,2.1,2.1,2,2,0,0
ALI_PE,D,20190502,000000,2,2.1,2,2.1,0,0
ALI_PE,D,20190506,000000,2.1,2.1,2,2,0,0
ALI_PE,D,20190507,000000,2,2.1,2,2.1,0,0
ALI_PE,D,20190508,000000,2.1,2.1,2,2.1,0,0
ALI_PE,D,20190509,000000,2.1,2.2,2.1,2.1,0,0
ALI_PE,D,20190510,000000,2.1,2.2,2.1,2.2,0,0
ALI_PE,D,20190513,000000,2.2,3.6,2.1,3.6,0,0
ALI_PE,D,20190514,000000,3.6,3.6,3.5,3.5,0,0
ALI_PE,D,20190515,000000,3.5,3.7,3.5,3.5,0,0
ALI_PE,D,20190516,000000,3.5,3.6,3.5,3.5,0,0
ALI_PE,D,20190517,000000,3.5,3.5,3.4,3.4,0,0
ALI_PE,D,20190520,000000,3.5,3.5,3.4,3.5,0,0
ALI_PE,D,20190521,000000,3.4,3.4,3.3,3.3,0,0
ALI_PE,D,20190522,000000,3.3,3.4,3.3,3.4,0,0
ALI_PE,D,20190523,000000,3.5,3.5,3.4,3.4,0,0
ALI_PE,D,20190524,000000,3.4,3.4,3.4,3.4,0,0
ALI_PE,D,20190527,000000,3.4,3.4,3.4,3.4,0,0
ALI_PE,D,20190528,000000,3.4,3.4,3.4,3.4,0,0
ALI_PE,D,20190529,000000,3.5,3.5,3.4,3.4,0,0
ALI_PE,D,20190530,000000,3.5,3.5,3.3,3.5,0,0
ALI_PE,D,20190531,000000,3.4,3.5,3.4,3.4,0,0
ALI_PE,D,20190603,000000,3.4,3.4,3.3,3.3,0,0
ALI_PE,D,20190604,000000,3.1,3.2,2.9,3.1,0,0
ALI_PE,D,20190605,000000,3.1,3.2,3.1,3.1,0,0
ALI_PE,D,20190606,000000,3.1,3.2,3,3.1,0,0
ALI_PE,D,20190607,000000,3,3.2,3,3.1,0,0
ALI_PE,D,20190610,000000,3.1,3.5,3.1,3.3,0,0
ALI_PE,D,20190611,000000,3.2,3.2,3.2,3.2,0,0
ALI_PE,D,20190612,000000,3.5,4.4,3.4,4.2,0,0
ALI_PE,D,20190613,000000,4.2,4.4,4,4.1,0,0
ALI_PE,D,20190614,000000,4.2,4.2,3.7,3.8,0,0
ALI_PE,D,20190617,000000,3.8,3.8,3.4,3.4,0,0
ALI_PE,D,20190618,000000,3.5,3.8,3.5,3.6,0,0
ALI_PE,D,20190619,000000,3.5,3.7,3.4,3.4,0,0
ALI_PE,D,20190621,000000,3.6,3.6,3.4,3.6,0,0
ALI_PE,D,20190624,000000,3.6,3.7,3.5,3.5,0,0
ALI_PE,D,20190625,000000,3.6,3.7,3.5,3.6,0,0
ALI_PE,D,20190626,000000,3.5,3.5,3.5,3.5,0,0
ALI_PE,D,20190627,000000,3.6,3.7,3.5,3.6,0,0
ALI_PE,D,20190628,000000,3.6,3.6,3.5,3.6,0,0
ALI_PE,D,20190701,000000,3.6,3.6,3.5,3.6,0,0
ALI_PE,D,20190702,000000,3.5,3.6,3.5,3.6,0,0
ALI_PE,D,20190703,000000,3.6,3.8,3.6,3.7,0,0
ALI_PE,D,20190704,000000,3.7,3.9,3.7,3.9,0,0
ALI_PE,D,20190705,000000,3.9,3.9,3.7,3.8,0,0
ALI_PE,D,20190708,000000,3.6,3.7,3.6,3.7,0,0
ALI_PE,D,20190709,000000,3.7,3.8,3.6,3.6,0,0
ALI_PE,D,20190710,000000,3.6,3.7,3.5,3.6,0,0
ALI_PE,D,20190711,000000,3.6,3.7,3.6,3.7,0,0
ALI_PE,D,20190712,000000,3.7,3.7,3.7,3.7,0,0
ALI_PE,D,20190715,000000,3.7,3.8,3.6,3.8,0,0
ALI_PE,D,20190716,000000,3.8,3.8,3.7,3.8,0,0
ALI_PE,D,20190717,000000,3.7,3.8,3.7,3.7,0,0
ALI_PE,D,20190718,000000,3.7,3.9,3.7,3.9,0,0
ALI_PE,D,20190719,000000,3.8,4,3.8,3.8,0,0
ALI_PE,D,20190722,000000,3.8,3.8,3.7,3.8,0,0
ALI_PE,D,20190723,000000,3.6,3.8,3.6,3.7,0,0
ALI_PE,D,20190724,000000,3.7,3.7,3.7,3.7,0,0
ALI_PE,D,20190725,000000,3.7,3.7,3.7,3.7,0,0
ALI_PE,D,20190726,000000,3.7,3.7,3.7,3.7,0,0
ALI_PE,D,20190729,000000,3.7,3.7,3.7,3.7,0,0
ALI_PE,D,20190730,000000,3.7,3.7,3.6,3.6,0,0
ALI_PE,D,20190731,000000,3.5,3.5,3.5,3.5,0,0
ALI_PE,D,20190801,000000,3.5,3.5,3.3,3.4,0,0
ALI_PE,D,20190802,000000,3.4,3.4,3.4,3.4,0,0
ALI_PE,D,20190805,000000,3.4,3.4,3.3,3.3,0,0
ALI_PE,D,20190806,000000,3.2,3.3,3.2,3.3,0,0
ALI_PE,D,20190807,000000,3.3,3.3,3.1,3.2,0,0
ALI_PE,D,20190808,000000,3.2,3.4,3.1,3.4,0,0
ALI_PE,D,20190809,000000,3.4,3.4,3.4,3.4,0,0
ALI_PE,D,20190812,000000,3.4,3.4,3.2,3.3,0,0
ALI_PE,D,20190813,000000,3.3,3.4,3.3,3.4,0,0
ALI_PE,D,20190814,000000,3.3,3.4,3.3,3.3,0,0
ALI_PE,D,20190816,000000,3.3,3.5,3.3,3.5,0,0
ALI_PE,D,20190819,000000,3.5,3.5,3.5,3.5,0,0
ALI_PE,D,20190820,000000,3.4,3.5,3.3,3.3,0,0
ALI_PE,D,20190821,000000,3.3,3.4,3.2,3.4,0,0
ALI_PE,D,20190822,000000,3.3,3.4,3.1,3.3,0,0
ALI_PE,D,20190823,000000,3.2,3.3,3.2,3.2,0,0
ALI_PE,D,20190826,000000,3.1,3.2,3.1,3.2,0,0
ALI_PE,D,20190827,000000,3.3,3.3,3.2,3.2,0,0
ALI_PE,D,20190828,000000,3.2,3.2,3.1,3.2,0,0
ALI_PE,D,20190829,000000,3.1,3.2,3.1,3.2,0,0
ALI_PE,D,20190830,000000,3.2,6.4,3.2,6.4,0,0
ALI_PE,D,20190902,000000,6.4,6.4,6.2,6.4,0,0
ALI_PE,D,20190903,000000,6.5,6.5,6.2,6.2,0,0
ALI_PE,D,20190904,000000,6.2,6.2,6.2,6.2,0,0
ALI_PE,D,20190905,000000,6.2,6.3,6.2,6.2,0,0
ALI_PE,D,20190906,000000,6.2,6.2,6.2,6.2,0,0
ALI_PE,D,20190909,000000,6.4,6.4,6.2,6.2,0,0
ALI_PE,D,20190910,000000,6.2,6.2,6.2,6.2,0,0
ALI_PE,D,20190911,000000,6.1,6.2,5.8,6.1,0,0
ALI_PE,D,20190912,000000,5.9,6,5.9,6,0,0
ALI_PE,D,20190913,000000,6.1,6.3,6.1,6.3,0,0
ALI_PE,D,20190916,000000,6,6.2,6,6.1,0,0
ALI_PE,D,20190917,000000,6.1,6.1,6,6.1,0,0
ALI_PE,D,20190918,000000,6.1,6.4,6,6.4,0,0
ALI_PE,D,20190919,000000,6.2,6.2,5.9,6.1,0,0
ALI_PE,D,20190920,000000,6.1,6.1,6,6.1,0,0
ALI_PE,D,20190923,000000,6,6.1,5.7,5.9,0,0
ALI_PE,D,20190924,000000,5.7,5.8,5.4,5.5,0,0
ALI_PE,D,20190925,000000,5.4,5.5,5.2,5.3,0,0
ALI_PE,D,20190926,000000,5.1,5.5,5.1,5.2,0,0
ALI_PE,D,20190927,000000,5.5,5.5,5.2,5.4,0,0
ALI_PE,D,20190930,000000,5.3,5.3,5.2,5.2,0,0
ALI_PE,D,20191001,000000,5.3,5.4,5,5.3,0,0
ALI_PE,D,20191002,000000,5.1,5.9,5.1,5.2,0,0
ALI_PE,D,20191003,000000,5.2,5.7,5.2,5.5,0,0
ALI_PE,D,20191004,000000,5.1,5.5,5.1,5.5,0,0
ALI_PE,D,20191008,000000,5.5,5.6,5.5,5.5,0,0
ALI_PE,D,20191009,000000,5.3,5.5,5.3,5.3,0,0
ALI_PE,D,20191010,000000,5.3,5.5,5.2,5.5,0,0
ALI_PE,D,20191011,000000,5.3,5.5,5.2,5.3,0,0
ALI_PE,D,20191014,000000,5.2,5.3,5.1,5.2,0,0
ALI_PE,D,20191015,000000,5.4,5.4,4.9,5.1,0,0
ALI_PE,D,20191016,000000,4.9,5.2,4.9,5,0,0
ALI_PE,D,20191017,000000,5,5,4.7,4.8,0,0
ALI_PE,D,20191018,000000,4.6,4.8,4.4,4.4,0,0
ALI_PE,D,20191021,000000,4.5,4.6,4.4,4.4,0,0
ALI_PE,D,20191022,000000,4.4,4.4,4,4.3,0,0
ALI_PE,D,20191023,000000,4.3,4.5,4.2,4.2,0,0
ALI_PE,D,20191024,000000,4.4,4.4,4,4.1,0,0
ALI_PE,D,20191025,000000,4.1,4.2,4,4,0,0
ALI_PE,D,20191028,000000,4,4.4,4,4.1,0,0
ALI_PE,D,20191029,000000,4.2,4.3,4,4.2,0,0
ALI_PE,D,20191030,000000,4.2,4.3,4.2,4.3,0,0
ALI_PE,D,20191031,000000,4.4,4.4,4.2,4.3,0,0
ALI_PE,D,20191104,000000,4.3,4.3,4.2,4.2,0,0
ALI_PE,D,20191105,000000,4.2,4.3,4.2,4.3,0,0
ALI_PE,D,20191106,000000,4.2,4.3,4.1,4.2,0,0
ALI_PE,D,20191107,000000,4.3,4.3,4.2,4.3,0,0
ALI_PE,D,20191108,000000,4.3,4.3,4.2,4.3,0,0
ALI_PE,D,20191112,000000,4.3,4.3,4.2,4.2,0,0
ALI_PE,D,20191113,000000,4.3,8.6,4.1,8.6,0,0
ALI_PE,D,20191114,000000,8.6,9,8.6,9,0,0
ALI_PE,D,20191115,000000,9,9.1,8.9,9,0,0
ALI_PE,D,20191118,000000,9,9.7,9,9.5,0,0
ALI_PE,D,20191119,000000,9.5,10.1,9,10.1,0,0
ALI_PE,D,20191120,000000,10.2,10.4,9.8,9.8,0,0
ALI_PE,D,20191121,000000,9.8,9.9,9.6,9.6,0,0
ALI_PE,D,20191122,000000,9.8,10.2,9.8,10.1,0,0
ALI_PE,D,20191125,000000,10,10.2,9.9,10.1,0,0
ALI_PE,D,20191126,000000,10.1,10.1,10.1,10.1,0,0
ALI_PE,D,20191127,000000,10.1,10.1,9.8,10,0,0
ALI_PE,D,20191128,000000,10,10,9.9,10,0,0
ALI_PE,D,20191129,000000,10,10.1,10,10,0,0
ALI_PE,D,20191202,000000,9.3,10,9.2,9.3,0,0
ALI_PE,D,20191203,000000,9.3,10,9.3,9.3,0,0
ALI_PE,D,20191204,000000,9.9,9.9,9.5,9.5,0,0
ALI_PE,D,20191205,000000,9.9,9.9,9.5,9.8,0,0
ALI_PE,D,20191206,000000,9.9,10,9.6,9.9,0,0
ALI_PE,D,20191209,000000,9.9,10.1,9.8,10,0,0
ALI_PE,D,20191210,000000,10,10,9.7,9.9,0,0
ALI_PE,D,20191211,000000,9.8,10,9.8,9.8,0,0
ALI_PE,D,20191212,000000,9.8,9.9,9.5,9.9,0,0
ALI_PE,D,20191213,000000,9.9,10,9.6,10,0,0
ALI_PE,D,20191216,000000,10,10,9.7,9.7,0,0
ALI_PE,D,20191217,000000,9.7,10,9.7,9.9,0,0
ALI_PE,D,20191218,000000,9.9,10.1,9.5,10.1,0,0
ALI_PE,D,20191219,000000,9.7,10,9.4,9.8,0,0
ALI_PE,D,20191220,000000,9.6,9.6,9.4,9.6,0,0
ALI_PE,D,20191223,000000,9.6,9.8,9.6,9.6,0,0
ALI_PE,D,20191227,000000,9.8,9.8,9.8,9.8,0,0
ALI_PE,D,20191230,000000,9.6,9.8,9.4,9.4,0,0
ALI_PE,D,20200102,000000,9.9,9.9,9.4,9.8,0,0
ALI_PE,D,20200103,000000,9.5,9.8,9.5,9.8,0,0
ALI_PE,D,20200107,000000,9.8,9.8,9.4,9.8,0,0
ALI_PE,D,20200109,000000,9.6,9.6,9.5,9.5,0,0
ALI_PE,D,20200110,000000,9.5,9.6,9,9.1,0,0
ALI_PE,D,20200113,000000,9.1,9.6,9.1,9.5,0,0
ALI_PE,D,20200114,000000,9.6,9.8,9.3,9.5,0,0
ALI_PE,D,20200115,000000,9.3,9.6,9.3,9.6,0,0
ALI_PE,D,20200116,000000,9.6,9.6,9.6,9.6,0,0
ALI_PE,D,20200117,000000,9.4,9.6,9.4,9.6,0,0
ALI_PE,D,20200120,000000,9.6,9.7,9.4,9.7,0,0
ALI_PE,D,20200121,000000,9.8,12.1,9.8,11.5,0,0
ALI_PE,D,20200122,000000,12.5,14.7,10.5,14.7,0,0
ALI_PE,D,20200123,000000,13.9,13.9,12.6,12.6,0,0
ALI_PE,D,20200124,000000,12.9,12.9,12.3,12.6,0,0
ALI_PE,D,20200127,000000,12.7,13.7,12.3,13.6,0,0
ALI_PE,D,20200128,000000,13.2,13.5,12.8,13,0,0
ALI_PE,D,20200129,000000,13.3,13.3,12.9,12.9,0,0
ALI_PE,D,20200130,000000,12.7,12.7,12.6,12.6,0,0
ALI_PE,D,20200131,000000,12.7,12.7,12.2,12.2,0,0
ALI_PE,D,20200203,000000,12.6,12.6,12.2,12.6,0,0
ALI_PE,D,20200204,000000,12.6,12.6,11.5,12.3,0,0
ALI_PE,D,20200205,000000,11.9,14.4,11,13.6,0,0
ALI_PE,D,20200206,000000,13.4,14.5,13.1,14.3,0,0
ALI_PE,D,20200207,000000,14.1,14.6,14.1,14.5,0,0
ALI_PE,D,20200210,000000,14.2,14.5,13.5,14.1,0,0
ALI_PE,D,20200211,000000,13.8,14.1,13.4,13.8,0,0
ALI_PE,D,20200212,000000,14,14.1,13.2,13.5,0,0
ALI_PE,D,20200213,000000,13.4,13.9,13.4,13.8,0,0
ALI_PE,D,20200214,000000,13.8,14.2,13.7,13.7,0,0
ALI_PE,D,20200217,000000,13.5,14.1,13.5,14,0,0
ALI_PE,D,20200218,000000,13.9,14,13.6,13.8,0,0
ALI_PE,D,20200219,000000,13.6,14.2,13.6,13.7,0,0
ALI_PE,D,20200220,000000,14,14,13.4,13.8,0,0
ALI_PE,D,20200221,000000,13.4,13.7,13.4,13.6,0,0
ALI_PE,D,20200224,000000,13.5,13.5,12.6,13.3,0,0
ALI_PE,D,20200225,000000,13.3,15.2,13.3,14,0,0
ALI_PE,D,20200226,000000,14.3,14.3,13.7,13.8,0,0
ALI_PE,D,20200227,000000,13.5,15.5,12.7,13.9,0,0
ALI_PE,D,20200228,000000,13.3,13.6,12.9,13,0,0
ALI_PE,D,20200302,000000,12.8,13.4,12.8,13.2,0,0
ALI_PE,D,20200303,000000,13.4,13.8,13.2,13.2,0,0
ALI_PE,D,20200304,000000,13,13.7,13,13.2,0,0
ALI_PE,D,20200305,000000,14.5,14.5,13.1,13.2,0,0
ALI_PE,D,20200306,000000,12.9,13.3,12.9,13.3,0,0
ALI_PE,D,20200309,000000,13.2,13.2,12.3,13,0,0
ALI_PE,D,20200310,000000,13.1,13.3,12.8,13.2,0,0
ALI_PE,D,20200311,000000,13.2,13.2,12.1,12.3,0,0
ALI_PE,D,20200312,000000,12.3,12.9,9.6,10.8,0,0
ALI_PE,D,20200313,000000,10.8,10.8,8,8,0,0
ALI_PE,D,20200316,000000,7.9,7.9,6.4,6.4,0,0
ALI_PE,D,20200317,000000,4.5,5.6,4.5,4.8,0,0
ALI_PE,D,20200318,000000,4.9,5.3,4.9,5.1,0,0
ALI_PE,D,20200319,000000,5.5,5.5,5,5.3,0,0
ALI_PE,D,20200320,000000,5.3,5.3,5,5,0,0
ALI_PE,D,20200323,000000,5.1,5.1,4.6,5,0,0
ALI_PE,D,20200324,000000,4.9,4.9,4.5,4.8,0,0
ALI_PE,D,20200325,000000,4.8,4.8,4.6,4.8,0,0
ALI_PE,D,20200326,000000,4.9,5,4.7,5,0,0
ALI_PE,D,20200327,000000,5,5.1,4.9,5,0,0
ALI_PE,D,20200330,000000,4.9,5,4.6,4.8,0,0
ALI_PE,D,20200331,000000,4.8,5.1,4.8,5.1,0,0
ALI_PE,D,20200401,000000,5,5.2,4.6,4.8,0,0
ALI_PE,D,20200402,000000,4.8,4.8,4.6,4.8,0,0
ALI_PE,D,20200403,000000,4.8,4.8,4.4,4.7,0,0
ALI_PE,D,20200406,000000,4.5,4.7,4.3,4.7,0,0
ALI_PE,D,20200407,000000,4.6,4.7,4.5,4.6,0,0
ALI_PE,D,20200408,000000,4.6,4.6,4.5,4.6,0,0
ALI_PE,D,20200409,000000,4.5,4.8,4.5,4.8,0,0
ALI_PE,D,20200414,000000,4.9,5.1,4.7,5,0,0
ALI_PE,D,20200415,000000,5,5,4.8,5,0,0
ALI_PE,D,20200416,000000,4.9,5,4.8,5,0,0
ALI_PE,D,20200417,000000,4.9,4.9,4.6,4.6,0,0
ALI_PE,D,20200420,000000,4.7,4.7,4.5,4.5,0,0
ALI_PE,D,20200421,000000,4.5,4.5,4.3,4.3,0,0
ALI_PE,D,20200422,000000,4.2,4.5,4,4.3,0,0
ALI_PE,D,20200423,000000,4.3,4.3,4.3,4.3,0,0
ALI_PE,D,20200424,000000,4.3,4.3,4.1,4.3,0,0
ALI_PE,D,20200427,000000,4.1,4.2,4.1,4.2,0,0
ALI_PE,D,20200428,000000,4.1,25.3,4.1,25.3,0,0
ALI_PE,D,20200429,000000,26,26,25.2,25.3,0,0
ALI_PE,D,20200430,000000,25.7,25.7,25.1,25.3,0,0
ALI_PE,D,20200504,000000,25,25.7,25,25.3,0,0
ALI_PE,D,20200505,000000,25.3,26.5,25.3,25.3,0,0
ALI_PE,D,20200506,000000,24.9,25.3,24.9,25.3,0,0
ALI_PE,D,20200507,000000,25.3,25.4,25,25.3,0,0
ALI_PE,D,20200508,000000,25.5,25.7,25.1,25.3,0,0
ALI_PE,D,20200511,000000,25.3,26.4,25.3,25.8,0,0
ALI_PE,D,20200512,000000,25.8,31.6,25.8,30.9,0,0
