<TICKER>,<PER>,<DATE>,<TIME>,<OPEN>,<HIGH>,<LOW>,<CLOSE>,<VOL>,<OPENINT>
AML_PE,D,20140717,000000,8.3964,8.3964,8.3964,8.3964,0,0
AML_PE,D,20140718,000000,8.4714,8.4714,8.4714,8.4714,0,0
AML_PE,D,20140721,000000,8.4714,8.4714,8.4714,8.4714,0,0
AML_PE,D,20140722,000000,8.4714,8.4714,8.3215,8.3215,0,0
AML_PE,D,20140723,000000,8.3215,8.3964,8.3215,8.3964,0,0
AML_PE,D,20140724,000000,8.4714,8.4714,8.0218,8.1715,0,0
AML_PE,D,20140725,000000,8.1715,8.2464,8.1715,8.2464,0,0
AML_PE,D,20140728,000000,8.3215,8.4714,8.2464,8.3964,0,0
AML_PE,D,20140729,000000,8.3964,8.3964,8.3215,8.3964,0,0
AML_PE,D,20140730,000000,8.3964,8.3964,8.2464,8.3964,0,0
AML_PE,D,20140731,000000,8.3215,8.3964,8.3215,8.3964,0,0
AML_PE,D,20140801,000000,8.3964,8.3964,8.0957,8.0957,0,0
AML_PE,D,20140804,000000,8.1715,8.3215,8.0957,8.0957,0,0
AML_PE,D,20140805,000000,8.0957,8.2464,8.0957,8.2464,0,0
AML_PE,D,20140806,000000,8.2464,8.3964,8.1715,8.3964,0,0
AML_PE,D,20140807,000000,8.2464,8.3964,8.1715,8.2464,0,0
AML_PE,D,20140808,000000,8.2464,8.3215,8.1715,8.3215,0,0
AML_PE,D,20140811,000000,8.2464,8.3215,8.2464,8.3215,0,0
AML_PE,D,20140812,000000,8.3215,8.3215,8.2464,8.3215,0,0
AML_PE,D,20140813,000000,8.2464,8.3215,8.2464,8.3215,0,0
AML_PE,D,20140814,000000,8.1715,8.3215,8.1715,8.3215,0,0
AML_PE,D,20140818,000000,8.3215,8.3215,8.3215,8.3215,0,0
AML_PE,D,20140819,000000,8.3215,8.3215,8.1715,8.3215,0,0
AML_PE,D,20140820,000000,8.3215,8.3215,8.2464,8.3215,0,0
AML_PE,D,20140821,000000,8.3964,8.6209,8.3964,8.6209,0,0
AML_PE,D,20140822,000000,8.6209,8.7702,8.6209,8.6209,0,0
AML_PE,D,20140825,000000,8.6956,8.6956,8.5462,8.6209,0,0
AML_PE,D,20140826,000000,8.5462,8.7702,8.5462,8.7702,0,0
AML_PE,D,20140827,000000,8.7702,8.9951,8.7702,8.9951,0,0
AML_PE,D,20140828,000000,8.9951,9.2209,8.6956,8.9213,0,0
AML_PE,D,20140829,000000,8.9213,9.1462,8.8467,8.9951,0,0
AML_PE,D,20140901,000000,8.9951,9.1462,8.9951,9.0716,0,0
AML_PE,D,20140902,000000,9.1462,9.4449,9.0716,9.4449,0,0
AML_PE,D,20140903,000000,9.521,9.746,9.521,9.595,0,0
AML_PE,D,20140904,000000,9.595,9.595,9.4449,9.521,0,0
AML_PE,D,20140905,000000,9.521,9.746,9.521,9.746,0,0
AML_PE,D,20140908,000000,9.67,9.746,8.6209,8.6209,0,0
AML_PE,D,20140909,000000,8.6209,8.6209,8.4714,8.4714,0,0
AML_PE,D,20140910,000000,8.3964,8.3964,8.3215,8.3964,0,0
AML_PE,D,20140911,000000,8.3215,8.3964,8.3215,8.3964,0,0
AML_PE,D,20140912,000000,8.3964,8.6209,8.3964,8.6209,0,0
AML_PE,D,20140915,000000,8.6209,8.6209,8.4714,8.6209,0,0
AML_PE,D,20140916,000000,8.6209,8.6209,8.4714,8.4714,0,0
AML_PE,D,20140917,000000,8.4714,8.5462,8.4714,8.5462,0,0
AML_PE,D,20140918,000000,8.5462,8.5462,8.4714,8.5462,0,0
AML_PE,D,20140919,000000,8.5462,8.6209,8.5462,8.6209,0,0
AML_PE,D,20140922,000000,8.6209,8.6956,8.6209,8.6209,0,0
AML_PE,D,20140923,000000,8.5462,8.5462,8.4714,8.5462,0,0
AML_PE,D,20140924,000000,8.5462,8.5462,8.4714,8.4714,0,0
AML_PE,D,20140925,000000,8.4714,8.5462,8.4714,8.5462,0,0
AML_PE,D,20140926,000000,8.5462,8.5462,8.4714,8.4714,0,0
AML_PE,D,20140929,000000,8.4714,8.5462,8.4714,8.5462,0,0
AML_PE,D,20140930,000000,8.4714,8.6209,8.4714,8.6209,0,0
AML_PE,D,20141001,000000,8.6209,8.9213,8.6209,8.7702,0,0
AML_PE,D,20141002,000000,8.7702,8.8467,8.6956,8.8467,0,0
AML_PE,D,20141003,000000,8.7702,8.7702,8.6209,8.6956,0,0
AML_PE,D,20141006,000000,8.7702,8.7702,8.6209,8.6956,0,0
AML_PE,D,20141007,000000,8.6209,8.6956,8.6209,8.6956,0,0
AML_PE,D,20141008,000000,8.6209,8.6956,8.5462,8.6209,0,0
AML_PE,D,20141009,000000,8.6209,8.6209,8.5462,8.5462,0,0
AML_PE,D,20141010,000000,8.5462,8.5462,8.3215,8.5462,0,0
AML_PE,D,20141013,000000,8.4714,8.6209,8.4714,8.6209,0,0
AML_PE,D,20141014,000000,8.6209,8.6209,8.5462,8.5462,0,0
AML_PE,D,20141015,000000,8.5462,8.9213,8.5462,8.6956,0,0
AML_PE,D,20141016,000000,8.6956,8.8467,8.6209,8.7702,0,0
AML_PE,D,20141017,000000,8.7702,8.8467,8.7702,8.8467,0,0
AML_PE,D,20141020,000000,8.8467,8.9951,8.8467,8.9951,0,0
AML_PE,D,20141021,000000,8.9951,9.0716,8.9213,9.0716,0,0
AML_PE,D,20141022,000000,9.0716,9.2209,9.0716,9.2209,0,0
AML_PE,D,20141023,000000,9.1462,9.2964,8.9213,9.1462,0,0
AML_PE,D,20141024,000000,9.1462,9.2209,9.1462,9.2209,0,0
AML_PE,D,20141027,000000,9.1462,9.1462,8.9951,9.1462,0,0
AML_PE,D,20141028,000000,9.1462,9.1462,8.9951,9.1462,0,0
AML_PE,D,20141029,000000,9.1462,9.1462,8.9951,9.0716,0,0
AML_PE,D,20141030,000000,9.0716,9.1462,8.8467,8.8467,0,0
AML_PE,D,20141031,000000,8.8467,8.9213,8.8467,8.9213,0,0
AML_PE,D,20141103,000000,8.9213,9.0716,8.9213,9.0716,0,0
AML_PE,D,20141104,000000,9.0716,9.1462,9.0716,9.0716,0,0
AML_PE,D,20141105,000000,9.0716,9.0716,8.9951,9.0716,0,0
AML_PE,D,20141106,000000,9.0716,9.0716,8.9951,8.9951,0,0
AML_PE,D,20141107,000000,8.9951,9.0716,8.9951,8.9951,0,0
AML_PE,D,20141110,000000,8.9951,8.9951,8.9951,8.9951,0,0
AML_PE,D,20141112,000000,8.9951,8.9951,8.9213,8.9213,0,0
AML_PE,D,20141113,000000,8.9213,8.9213,8.6956,8.8467,0,0
AML_PE,D,20141114,000000,8.8467,8.8467,8.6209,8.6956,0,0
AML_PE,D,20141117,000000,8.6209,8.6956,8.5462,8.5462,0,0
AML_PE,D,20141118,000000,8.5462,8.5462,8.3964,8.4714,0,0
AML_PE,D,20141119,000000,8.4714,8.6956,8.4714,8.6209,0,0
AML_PE,D,20141120,000000,8.6956,8.6956,8.5462,8.6209,0,0
AML_PE,D,20141121,000000,8.6956,8.8467,8.6209,8.8467,0,0
AML_PE,D,20141124,000000,8.8467,8.8467,8.7702,8.8467,0,0
AML_PE,D,20141125,000000,8.8467,8.8467,8.7702,8.8467,0,0
AML_PE,D,20141126,000000,8.7702,8.8467,8.7702,8.8467,0,0
AML_PE,D,20141127,000000,8.8467,8.8467,8.7702,8.8467,0,0
AML_PE,D,20141128,000000,8.7702,8.7702,8.6956,8.6956,0,0
AML_PE,D,20141201,000000,8.6956,8.6956,8.4714,8.4714,0,0
AML_PE,D,20141202,000000,8.4714,8.6209,8.3215,8.6209,0,0
AML_PE,D,20141203,000000,8.6209,8.6956,8.4714,8.6956,0,0
AML_PE,D,20141204,000000,8.6209,8.6209,8.6209,8.6209,0,0
AML_PE,D,20141205,000000,8.5462,8.8467,8.4714,8.8467,0,0
AML_PE,D,20141208,000000,8.8467,8.8467,8.6209,8.8467,0,0
AML_PE,D,20141210,000000,8.6209,8.7702,8.6209,8.6209,0,0
AML_PE,D,20141211,000000,8.4714,8.7702,8.3964,8.6209,0,0
AML_PE,D,20141212,000000,8.7702,8.7702,8.4714,8.6956,0,0
AML_PE,D,20141215,000000,8.3964,8.7702,8.3964,8.7702,0,0
AML_PE,D,20141216,000000,8.5462,8.8467,8.5462,8.7702,0,0
AML_PE,D,20141217,000000,8.6209,8.8467,8.6209,8.8467,0,0
AML_PE,D,20141218,000000,8.7702,8.9213,8.7702,8.9213,0,0
AML_PE,D,20141219,000000,8.7702,8.9213,8.7702,8.9213,0,0
AML_PE,D,20141222,000000,8.9213,8.9951,8.9213,8.9951,0,0
AML_PE,D,20141223,000000,8.9213,9.1462,8.9213,9.1462,0,0
AML_PE,D,20141229,000000,9.1462,9.2209,9.0716,9.1462,0,0
AML_PE,D,20141230,000000,9.0716,9.4449,9.0716,9.3702,0,0
AML_PE,D,20150102,000000,9.4449,9.4449,9.3702,9.3702,0,0
AML_PE,D,20150105,000000,9.2209,9.2209,9.0716,9.1462,0,0
AML_PE,D,20150107,000000,9.2209,9.2209,9.1462,9.1462,0,0
AML_PE,D,20150108,000000,9.1462,9.2209,9.1462,9.1462,0,0
AML_PE,D,20150109,000000,9.1462,9.1462,8.8467,9.0716,0,0
AML_PE,D,20150112,000000,9.0716,9.0716,8.9213,9.0716,0,0
AML_PE,D,20150113,000000,8.9213,9.2209,8.9213,9.1462,0,0
AML_PE,D,20150114,000000,9.2209,9.2209,9.1462,9.1462,0,0
AML_PE,D,20150115,000000,9.1462,9.2209,9.0716,9.2209,0,0
AML_PE,D,20150116,000000,9.0716,9.2964,8.9951,9.2964,0,0
AML_PE,D,20150119,000000,9.1462,9.2964,9.1462,9.1462,0,0
AML_PE,D,20150120,000000,9.1462,9.1462,9.1462,9.1462,0,0
AML_PE,D,20150121,000000,9.1462,9.2209,9.1462,9.1462,0,0
AML_PE,D,20150122,000000,9.2209,9.4449,9.2209,9.3702,0,0
AML_PE,D,20150123,000000,9.3702,9.521,9.3702,9.521,0,0
AML_PE,D,20150126,000000,9.595,9.595,9.4449,9.4449,0,0
AML_PE,D,20150127,000000,9.4449,9.4449,9.3702,9.3702,0,0
AML_PE,D,20150128,000000,9.2964,9.595,9.2964,9.595,0,0
AML_PE,D,20150129,000000,9.67,9.971,9.67,9.821,0,0
AML_PE,D,20150130,000000,9.821,9.896,9.746,9.821,0,0
AML_PE,D,20150202,000000,9.746,9.821,9.746,9.821,0,0
AML_PE,D,20150203,000000,9.746,9.821,9.67,9.67,0,0
AML_PE,D,20150204,000000,9.746,9.821,9.67,9.746,0,0
AML_PE,D,20150205,000000,9.67,9.821,9.67,9.746,0,0
AML_PE,D,20150206,000000,9.746,9.746,9.67,9.746,0,0
AML_PE,D,20150209,000000,9.746,9.746,9.521,9.521,0,0
AML_PE,D,20150210,000000,9.4449,9.4449,9.2209,9.2209,0,0
AML_PE,D,20150211,000000,9.2209,9.2209,9.0716,9.1462,0,0
AML_PE,D,20150212,000000,9.1462,9.3702,9.1462,9.3702,0,0
AML_PE,D,20150213,000000,9.4449,9.67,9.2964,9.3702,0,0
AML_PE,D,20150216,000000,9.3702,9.3702,9.2964,9.2964,0,0
AML_PE,D,20150217,000000,9.2964,9.2964,9.2964,9.2964,0,0
AML_PE,D,20150218,000000,9.2209,9.3702,9.2209,9.3702,0,0
AML_PE,D,20150219,000000,9.3702,9.67,9.3702,9.67,0,0
AML_PE,D,20150220,000000,9.67,9.67,9.521,9.595,0,0
AML_PE,D,20150223,000000,9.67,9.896,9.67,9.821,0,0
AML_PE,D,20150224,000000,9.821,9.896,9.821,9.896,0,0
AML_PE,D,20150225,000000,9.896,10.195,9.821,10.045,0,0
AML_PE,D,20150226,000000,10.195,10.195,10.12,10.12,0,0
AML_PE,D,20150227,000000,10.195,10.27,10.12,10.12,0,0
AML_PE,D,20150302,000000,10.12,10.495,10.12,10.495,0,0
AML_PE,D,20150303,000000,10.495,10.795,10.495,10.646,0,0
AML_PE,D,20150304,000000,10.87,11.169,10.87,11.095,0,0
AML_PE,D,20150305,000000,11.169,11.169,10.87,10.87,0,0
AML_PE,D,20150306,000000,10.944,10.944,10.795,10.87,0,0
AML_PE,D,20150309,000000,10.87,10.87,10.719,10.87,0,0
AML_PE,D,20150310,000000,10.87,11.169,10.87,11.021,0,0
AML_PE,D,20150311,000000,10.87,11.095,10.87,10.87,0,0
AML_PE,D,20150312,000000,11.095,11.095,10.944,11.021,0,0
AML_PE,D,20150313,000000,11.169,11.92,10.944,10.944,0,0
AML_PE,D,20150316,000000,11.246,12.07,11.246,11.32,0,0
AML_PE,D,20150317,000000,11.32,11.32,10.944,11.095,0,0
AML_PE,D,20150318,000000,11.246,11.246,11.021,11.169,0,0
AML_PE,D,20150319,000000,11.246,11.32,11.246,11.32,0,0
AML_PE,D,20150320,000000,11.32,11.544,11.169,11.32,0,0
AML_PE,D,20150323,000000,11.544,11.62,11.32,11.62,0,0
AML_PE,D,20150324,000000,11.695,11.695,11.394,11.394,0,0
AML_PE,D,20150325,000000,11.394,11.394,11.021,11.169,0,0
AML_PE,D,20150326,000000,11.169,11.169,10.719,10.795,0,0
AML_PE,D,20150327,000000,10.795,11.021,10.795,10.795,0,0
AML_PE,D,20150330,000000,10.944,11.169,10.495,10.495,0,0
AML_PE,D,20150331,000000,10.571,10.719,10.195,10.345,0,0
AML_PE,D,20150401,000000,10.345,10.646,10.195,10.345,0,0
AML_PE,D,20150402,000000,10.345,10.345,10.345,10.345,0,0
AML_PE,D,20150407,000000,10.421,10.571,10.421,10.421,0,0
AML_PE,D,20150408,000000,10.646,10.646,10.421,10.571,0,0
AML_PE,D,20150409,000000,10.646,10.646,10.571,10.646,0,0
AML_PE,D,20150410,000000,10.795,11.095,10.795,11.021,0,0
AML_PE,D,20150413,000000,11.095,11.169,11.095,11.095,0,0
AML_PE,D,20150414,000000,11.095,11.169,11.095,11.095,0,0
AML_PE,D,20150415,000000,11.095,11.544,11.095,11.544,0,0
AML_PE,D,20150416,000000,11.544,11.92,11.544,11.695,0,0
AML_PE,D,20150417,000000,11.769,11.769,11.695,11.695,0,0
AML_PE,D,20150420,000000,11.695,11.695,11.544,11.544,0,0
AML_PE,D,20150421,000000,11.932,11.932,11.003,11.312,0,0
AML_PE,D,20150422,000000,11.312,11.7,11.234,11.234,0,0
AML_PE,D,20150423,000000,11.312,11.467,11.312,11.467,0,0
AML_PE,D,20150424,000000,11.544,11.622,11.467,11.467,0,0
AML_PE,D,20150427,000000,11.544,11.622,11.003,11.08,0,0
AML_PE,D,20150428,000000,11.544,11.544,11.157,11.234,0,0
AML_PE,D,20150429,000000,11.157,11.312,11.003,11.08,0,0
AML_PE,D,20150430,000000,11.312,11.312,11.08,11.08,0,0
AML_PE,D,20150504,000000,11.157,11.39,11.157,11.312,0,0
AML_PE,D,20150505,000000,11.312,11.622,11.312,11.39,0,0
AML_PE,D,20150506,000000,11.234,11.544,11.08,11.544,0,0
AML_PE,D,20150507,000000,11.544,11.622,11.467,11.544,0,0
AML_PE,D,20150508,000000,11.467,11.7,11.467,11.622,0,0
AML_PE,D,20150511,000000,11.7,11.7,11.39,11.467,0,0
AML_PE,D,20150512,000000,10.77,12.474,10.77,12.474,0,0
AML_PE,D,20150513,000000,12.397,12.397,12.088,12.242,0,0
AML_PE,D,20150514,000000,12.242,12.242,12.009,12.164,0,0
AML_PE,D,20150515,000000,12.242,12.474,12.242,12.474,0,0
AML_PE,D,20150518,000000,12.552,12.707,12.009,12.242,0,0
AML_PE,D,20150519,000000,12.242,12.242,11.777,11.855,0,0
AML_PE,D,20150520,000000,11.777,12.009,11.7,12.009,0,0
AML_PE,D,20150521,000000,11.7,12.164,11.7,12.164,0,0
AML_PE,D,20150522,000000,12.164,12.164,12.088,12.088,0,0
AML_PE,D,20150525,000000,11.777,12.009,11.777,11.855,0,0
AML_PE,D,20150526,000000,11.855,12.009,11.855,11.932,0,0
AML_PE,D,20150527,000000,12.009,12.164,12.009,12.164,0,0
AML_PE,D,20150528,000000,12.164,12.164,12.009,12.009,0,0
AML_PE,D,20150529,000000,12.009,12.088,11.855,11.932,0,0
AML_PE,D,20150601,000000,11.777,12.242,11.777,12.242,0,0
AML_PE,D,20150602,000000,12.242,12.242,11.932,12.009,0,0
AML_PE,D,20150603,000000,12.009,12.32,12.009,12.32,0,0
AML_PE,D,20150605,000000,12.397,12.397,12.242,12.242,0,0
AML_PE,D,20150608,000000,12.552,13.018,12.397,13.018,0,0
AML_PE,D,20150609,000000,12.939,12.939,12.784,12.784,0,0
AML_PE,D,20150610,000000,13.018,13.018,12.784,12.939,0,0
AML_PE,D,20150611,000000,12.939,13.018,12.63,12.63,0,0
AML_PE,D,20150612,000000,12.63,12.63,12.397,12.397,0,0
AML_PE,D,20150615,000000,12.164,12.397,12.164,12.242,0,0
AML_PE,D,20150616,000000,12.242,12.32,12.164,12.164,0,0
AML_PE,D,20150617,000000,12.242,12.242,12.088,12.088,0,0
AML_PE,D,20150618,000000,12.088,12.164,11.855,12.164,0,0
AML_PE,D,20150619,000000,12.164,12.164,12.088,12.164,0,0
AML_PE,D,20150622,000000,12.088,12.164,12.088,12.164,0,0
AML_PE,D,20150623,000000,12.164,12.707,12.164,12.707,0,0
AML_PE,D,20150624,000000,12.707,12.862,12.164,12.397,0,0
AML_PE,D,20150625,000000,12.397,12.552,12.397,12.474,0,0
AML_PE,D,20150626,000000,12.474,12.784,12.474,12.63,0,0
AML_PE,D,20150629,000000,12.009,12.552,11.622,12.397,0,0
AML_PE,D,20150630,000000,12.088,12.862,12.088,12.862,0,0
AML_PE,D,20150701,000000,12.63,12.784,12.397,12.552,0,0
AML_PE,D,20150702,000000,12.862,12.939,12.63,12.939,0,0
AML_PE,D,20150703,000000,13.018,13.172,12.862,13.018,0,0
AML_PE,D,20150706,000000,12.939,12.939,12.707,12.862,0,0
AML_PE,D,20150707,000000,12.939,12.939,12.784,12.862,0,0
AML_PE,D,20150708,000000,13.018,13.018,12.784,12.862,0,0
AML_PE,D,20150709,000000,12.784,12.784,12.552,12.63,0,0
AML_PE,D,20150710,000000,12.552,12.939,12.552,12.63,0,0
AML_PE,D,20150713,000000,12.63,13.094,12.63,13.018,0,0
AML_PE,D,20150714,000000,13.018,13.094,12.784,13.018,0,0
AML_PE,D,20150715,000000,13.018,13.404,13.018,13.25,0,0
AML_PE,D,20150716,000000,13.327,13.327,13.172,13.327,0,0
AML_PE,D,20150717,000000,13.327,13.327,13.25,13.327,0,0
AML_PE,D,20150720,000000,13.25,13.25,12.939,13.018,0,0
AML_PE,D,20150721,000000,13.094,13.25,12.939,13.25,0,0
AML_PE,D,20150722,000000,13.25,13.25,12.63,12.63,0,0
AML_PE,D,20150723,000000,12.784,13.094,12.552,13.018,0,0
AML_PE,D,20150724,000000,13.25,13.25,13.018,13.25,0,0
AML_PE,D,20150727,000000,13.327,13.327,12.939,13.018,0,0
AML_PE,D,20150728,000000,12.939,13.327,12.939,13.327,0,0
AML_PE,D,20150729,000000,13.327,13.327,13.094,13.094,0,0
AML_PE,D,20150730,000000,13.094,13.094,12.707,12.707,0,0
AML_PE,D,20150731,000000,13.094,13.094,12.088,12.242,0,0
AML_PE,D,20150803,000000,12.242,12.474,11.932,12.009,0,0
AML_PE,D,20150804,000000,12.009,12.397,12.009,12.397,0,0
AML_PE,D,20150805,000000,12.397,13.018,12.397,13.018,0,0
AML_PE,D,20150806,000000,13.018,13.094,12.862,13.018,0,0
AML_PE,D,20150807,000000,12.784,13.094,12.552,13.018,0,0
AML_PE,D,20150810,000000,13.094,13.094,12.784,12.862,0,0
AML_PE,D,20150811,000000,13.094,13.172,12.862,13.018,0,0
AML_PE,D,20150812,000000,13.094,13.094,12.707,12.862,0,0
AML_PE,D,20150813,000000,12.862,13.172,12.862,12.939,0,0
AML_PE,D,20150814,000000,12.862,12.939,12.707,12.707,0,0
AML_PE,D,20150817,000000,12.63,12.939,12.63,12.939,0,0
AML_PE,D,20150818,000000,13.094,13.094,10.615,10.615,0,0
AML_PE,D,20150819,000000,10.615,10.615,10.538,10.538,0,0
AML_PE,D,20150820,000000,10.692,10.692,10.227,10.305,0,0
AML_PE,D,20150821,000000,10.305,10.305,9.841,9.841,0,0
AML_PE,D,20150824,000000,9.763,9.763,8.7549,8.7549,0,0
AML_PE,D,20150825,000000,8.445,9.4529,8.445,9.2982,0,0
AML_PE,D,20150826,000000,9.1426,9.4529,9.0653,9.0653,0,0
AML_PE,D,20150827,000000,9.0653,9.53,9.0653,9.3756,0,0
AML_PE,D,20150828,000000,9.4529,9.841,9.4529,9.841,0,0
AML_PE,D,20150831,000000,9.841,9.841,9.763,9.763,0,0
AML_PE,D,20150901,000000,9.763,9.763,9.53,9.685,0,0
AML_PE,D,20150902,000000,9.685,9.763,9.4529,9.53,0,0
AML_PE,D,20150903,000000,9.685,9.685,9.607,9.685,0,0
AML_PE,D,20150904,000000,9.685,9.685,9.22,9.3756,0,0
AML_PE,D,20150907,000000,9.3756,9.3756,9.2982,9.2982,0,0
AML_PE,D,20150908,000000,9.1426,9.2982,9.0653,9.0653,0,0
AML_PE,D,20150909,000000,9.2982,9.2982,9.0653,9.22,0,0
AML_PE,D,20150910,000000,9.22,9.22,9.0653,9.0653,0,0
AML_PE,D,20150911,000000,9.22,9.22,8.9114,8.9879,0,0
AML_PE,D,20150914,000000,9.0653,9.0653,8.8323,8.8323,0,0
AML_PE,D,20150915,000000,8.8323,8.8323,8.5234,8.8323,0,0
AML_PE,D,20150916,000000,8.9114,9.22,8.9114,9.1426,0,0
AML_PE,D,20150917,000000,8.9879,9.2982,8.9879,9.22,0,0
AML_PE,D,20150918,000000,9.22,9.22,8.9114,8.9879,0,0
AML_PE,D,20150921,000000,8.9879,9.1426,8.9879,9.1426,0,0
AML_PE,D,20150922,000000,8.9879,9.1426,8.9879,8.9879,0,0
AML_PE,D,20150923,000000,8.9879,9.1426,8.9114,9.0653,0,0
AML_PE,D,20150924,000000,8.9114,9.1426,8.9114,9.1426,0,0
AML_PE,D,20150925,000000,9.1426,9.1426,9.0653,9.0653,0,0
AML_PE,D,20150928,000000,9.22,9.2982,8.9879,9.0653,0,0
AML_PE,D,20150929,000000,8.9114,9.1426,8.8323,9.1426,0,0
AML_PE,D,20150930,000000,9.1426,9.2982,9.0653,9.2982,0,0
AML_PE,D,20151001,000000,9.22,9.22,9.0653,9.1426,0,0
AML_PE,D,20151002,000000,9.1426,9.1426,8.9879,9.0653,0,0
AML_PE,D,20151005,000000,9.0653,9.1426,8.9879,8.9879,0,0
AML_PE,D,20151006,000000,8.9879,8.9879,8.9114,8.9879,0,0
AML_PE,D,20151007,000000,9.0653,9.0653,8.6776,8.6776,0,0
AML_PE,D,20151008,000000,8.6776,8.9114,8.6776,8.6776,0,0
AML_PE,D,20151009,000000,8.6776,8.8323,8.6776,8.6776,0,0
AML_PE,D,20151012,000000,8.6776,8.6776,8.6776,8.6776,0,0
AML_PE,D,20151013,000000,8.6776,8.8323,8.5234,8.8323,0,0
AML_PE,D,20151014,000000,8.8323,8.9114,8.6776,8.8323,0,0
AML_PE,D,20151015,000000,8.9114,8.9114,8.6776,8.9114,0,0
AML_PE,D,20151016,000000,8.8323,9.0653,8.8323,8.9879,0,0
AML_PE,D,20151019,000000,9.0653,9.0653,8.9879,8.9879,0,0
AML_PE,D,20151020,000000,8.9879,9.2982,8.9879,9.2982,0,0
AML_PE,D,20151021,000000,9.3756,9.685,9.2982,9.53,0,0
AML_PE,D,20151022,000000,9.607,9.685,9.22,9.53,0,0
AML_PE,D,20151023,000000,9.4529,9.53,9.4529,9.53,0,0
AML_PE,D,20151026,000000,9.53,9.841,9.53,9.841,0,0
AML_PE,D,20151027,000000,9.841,10.073,9.841,9.994,0,0
AML_PE,D,20151028,000000,9.994,9.994,9.841,9.917,0,0
AML_PE,D,20151029,000000,9.841,9.841,9.685,9.685,0,0
AML_PE,D,20151030,000000,9.53,9.917,9.53,9.917,0,0
AML_PE,D,20151102,000000,10.073,10.073,9.685,9.917,0,0
AML_PE,D,20151103,000000,10.073,10.151,9.994,10.073,0,0
AML_PE,D,20151104,000000,10.073,10.151,9.917,9.917,0,0
AML_PE,D,20151105,000000,9.994,9.994,7.9803,7.9803,0,0
AML_PE,D,20151106,000000,7.9803,8.1357,7.9803,8.0584,0,0
AML_PE,D,20151109,000000,8.0584,8.1357,7.9803,8.0584,0,0
AML_PE,D,20151110,000000,8.0584,8.1357,7.8256,7.8256,0,0
AML_PE,D,20151112,000000,7.9029,8.0584,7.7483,7.9029,0,0
AML_PE,D,20151113,000000,7.9803,7.9803,7.8256,7.9803,0,0
AML_PE,D,20151116,000000,7.9029,7.9029,7.8256,7.9029,0,0
AML_PE,D,20151117,000000,7.9029,7.9029,7.7483,7.9029,0,0
AML_PE,D,20151118,000000,7.7483,7.9029,7.7483,7.9029,0,0
AML_PE,D,20151119,000000,7.9803,7.9803,7.8256,7.9803,0,0
AML_PE,D,20151120,000000,7.9803,7.9803,7.9029,7.9029,0,0
AML_PE,D,20151123,000000,7.9029,7.9029,7.5931,7.8256,0,0
AML_PE,D,20151124,000000,7.9029,7.9029,7.5157,7.5931,0,0
AML_PE,D,20151125,000000,7.5931,7.8256,7.5931,7.7483,0,0
AML_PE,D,20151126,000000,7.7483,7.9029,7.6707,7.6707,0,0
AML_PE,D,20151127,000000,7.5931,7.6707,7.5157,7.6707,0,0
AML_PE,D,20151130,000000,7.6707,7.8256,7.6707,7.8256,0,0
AML_PE,D,20151201,000000,7.9029,7.9803,7.8256,7.9029,0,0
AML_PE,D,20151202,000000,7.9803,7.9803,7.5931,7.8256,0,0
AML_PE,D,20151203,000000,7.8256,7.8256,7.6707,7.6707,0,0
AML_PE,D,20151204,000000,7.6707,7.6707,7.2832,7.5931,0,0
AML_PE,D,20151207,000000,7.5931,7.6707,7.4381,7.4381,0,0
AML_PE,D,20151208,000000,7.3607,7.4381,7.2832,7.2832,0,0
AML_PE,D,20151209,000000,7.2832,7.2832,6.9734,6.9734,0,0
AML_PE,D,20151210,000000,6.9734,7.2832,6.8958,6.9734,0,0
AML_PE,D,20151211,000000,6.9734,7.2058,6.5085,6.5085,0,0
AML_PE,D,20151214,000000,6.5859,6.6634,6.276,6.5085,0,0
AML_PE,D,20151215,000000,6.5085,7.0508,6.5085,7.0508,0,0
AML_PE,D,20151216,000000,7.1283,7.2832,7.1283,7.2058,0,0
AML_PE,D,20151217,000000,7.2832,7.3607,7.2832,7.2832,0,0
AML_PE,D,20151218,000000,7.2832,7.3607,7.2832,7.2832,0,0
AML_PE,D,20151221,000000,7.2832,7.3607,7.1283,7.3607,0,0
AML_PE,D,20151222,000000,7.3607,7.3607,7.2832,7.2832,0,0
AML_PE,D,20151223,000000,7.3607,7.4381,7.3607,7.4381,0,0
AML_PE,D,20151228,000000,7.4381,7.4381,7.1283,7.2832,0,0
AML_PE,D,20151229,000000,7.2832,7.7483,7.2832,7.7483,0,0
AML_PE,D,20151230,000000,7.8256,7.9029,7.2832,7.9029,0,0
AML_PE,D,20160104,000000,7.7483,7.7483,7.4381,7.5157,0,0
AML_PE,D,20160105,000000,7.5157,7.5157,7.4381,7.5157,0,0
AML_PE,D,20160107,000000,7.4381,7.4381,7.1283,7.2832,0,0
AML_PE,D,20160108,000000,7.2832,7.4381,7.2832,7.2832,0,0
AML_PE,D,20160111,000000,7.2832,7.2832,7.1283,7.1283,0,0
AML_PE,D,20160112,000000,7.1283,7.3607,7.1283,7.3607,0,0
AML_PE,D,20160113,000000,7.3607,7.3607,7.1283,7.2058,0,0
AML_PE,D,20160114,000000,7.1283,7.2058,7.0508,7.1283,0,0
AML_PE,D,20160115,000000,7.0508,7.2058,7.0508,7.2058,0,0
AML_PE,D,20160118,000000,7.1283,7.1283,7.1283,7.1283,0,0
AML_PE,D,20160119,000000,7.1283,7.2058,7.1283,7.2058,0,0
AML_PE,D,20160120,000000,7.2058,7.2832,7.2058,7.2832,0,0
AML_PE,D,20160121,000000,7.2832,7.3607,7.2832,7.2832,0,0
AML_PE,D,20160122,000000,7.3607,7.4381,7.2832,7.4381,0,0
AML_PE,D,20160125,000000,7.5931,7.6707,7.5931,7.6707,0,0
AML_PE,D,20160126,000000,7.5931,7.6707,7.4381,7.6707,0,0
AML_PE,D,20160127,000000,7.5157,7.6707,7.5157,7.5931,0,0
AML_PE,D,20160128,000000,7.5157,7.6707,7.5157,7.5157,0,0
AML_PE,D,20160129,000000,7.5157,7.6707,7.5157,7.6707,0,0
AML_PE,D,20160201,000000,7.5157,7.7483,7.5157,7.7483,0,0
AML_PE,D,20160202,000000,7.7483,7.7483,7.5931,7.6707,0,0
AML_PE,D,20160203,000000,7.6707,7.6707,7.5931,7.5931,0,0
AML_PE,D,20160204,000000,7.6707,7.6707,7.5157,7.5157,0,0
AML_PE,D,20160205,000000,7.5157,7.6707,7.4381,7.5157,0,0
AML_PE,D,20160208,000000,7.4381,7.4381,7.4381,7.4381,0,0
AML_PE,D,20160209,000000,7.4381,7.5157,7.3607,7.3607,0,0
AML_PE,D,20160210,000000,7.4381,7.5157,7.4381,7.4381,0,0
AML_PE,D,20160211,000000,7.5931,7.5931,7.2832,7.3607,0,0
AML_PE,D,20160212,000000,7.5157,7.5157,7.4381,7.4381,0,0
AML_PE,D,20160215,000000,7.4381,7.4381,7.4381,7.4381,0,0
AML_PE,D,20160216,000000,7.5157,7.5157,7.4381,7.4381,0,0
AML_PE,D,20160217,000000,7.2832,7.5157,7.2832,7.4381,0,0
AML_PE,D,20160218,000000,7.4381,7.5931,7.4381,7.5157,0,0
AML_PE,D,20160219,000000,7.5931,7.5931,7.4381,7.5157,0,0
AML_PE,D,20160222,000000,7.5157,7.5931,7.4381,7.5931,0,0
AML_PE,D,20160223,000000,7.5931,7.5931,7.5157,7.5931,0,0
AML_PE,D,20160224,000000,7.4381,7.5931,7.4381,7.5157,0,0
AML_PE,D,20160225,000000,7.5157,7.7483,7.5157,7.6707,0,0
AML_PE,D,20160226,000000,7.6707,7.6707,7.6707,7.6707,0,0
AML_PE,D,20160229,000000,7.6707,7.7483,7.6707,7.6707,0,0
AML_PE,D,20160301,000000,7.6707,7.7483,7.6707,7.6707,0,0
AML_PE,D,20160302,000000,7.6707,7.7483,7.6707,7.6707,0,0
AML_PE,D,20160303,000000,7.6707,7.9803,7.6707,7.9029,0,0
AML_PE,D,20160304,000000,7.9803,8.2132,7.9029,7.9029,0,0
AML_PE,D,20160307,000000,7.9029,7.9029,7.5931,7.6707,0,0
AML_PE,D,20160308,000000,7.6707,7.6707,7.5931,7.5931,0,0
AML_PE,D,20160309,000000,7.4381,7.4381,7.2832,7.4381,0,0
AML_PE,D,20160310,000000,7.4381,7.4381,7.3607,7.3607,0,0
AML_PE,D,20160311,000000,7.2832,7.5157,7.2832,7.3607,0,0
AML_PE,D,20160314,000000,7.4381,7.5931,7.4381,7.5931,0,0
AML_PE,D,20160315,000000,7.7483,7.9029,7.6707,7.6707,0,0
AML_PE,D,20160316,000000,7.6707,7.7483,7.6707,7.7483,0,0
AML_PE,D,20160317,000000,7.7483,7.7483,7.6707,7.7483,0,0
AML_PE,D,20160318,000000,7.7483,7.9029,7.7483,7.8256,0,0
AML_PE,D,20160321,000000,7.8256,7.8256,7.8256,7.8256,0,0
AML_PE,D,20160322,000000,7.8256,7.8256,7.7483,7.8256,0,0
AML_PE,D,20160323,000000,7.7483,7.8256,7.7483,7.8256,0,0
AML_PE,D,20160324,000000,7.8256,7.9029,7.7483,7.9029,0,0
AML_PE,D,20160329,000000,7.7483,7.9803,7.7483,7.9803,0,0
AML_PE,D,20160330,000000,7.9803,8.1357,7.9803,8.1357,0,0
AML_PE,D,20160331,000000,8.1357,8.2132,8.1357,8.1357,0,0
AML_PE,D,20160401,000000,8.1357,8.1357,7.9029,7.9803,0,0
AML_PE,D,20160404,000000,7.9803,8.0584,7.9803,8.0584,0,0
AML_PE,D,20160405,000000,8.0584,8.0584,7.9029,7.9029,0,0
AML_PE,D,20160406,000000,7.9029,7.9029,7.5157,7.5157,0,0
AML_PE,D,20160407,000000,7.0508,7.5157,7.0508,7.4381,0,0
AML_PE,D,20160408,000000,7.5157,7.5157,7.2832,7.3607,0,0
AML_PE,D,20160411,000000,7.4381,7.5931,7.3607,7.3607,0,0
AML_PE,D,20160412,000000,7.4381,7.5157,7.3607,7.3607,0,0
AML_PE,D,20160413,000000,7.5157,7.5157,7.3607,7.3607,0,0
AML_PE,D,20160414,000000,7.4381,7.4381,7.3607,7.3607,0,0
AML_PE,D,20160415,000000,7.3607,7.3607,7.2058,7.2832,0,0
AML_PE,D,20160418,000000,7.3607,7.5931,7.3607,7.5931,0,0
AML_PE,D,20160419,000000,7.7483,7.7483,7.6707,7.6707,0,0
AML_PE,D,20160420,000000,7.7483,7.8256,7.7483,7.8256,0,0
AML_PE,D,20160421,000000,7.8256,7.8256,7.5931,7.5931,0,0
AML_PE,D,20160422,000000,7.5931,7.7483,7.5931,7.7483,0,0
AML_PE,D,20160425,000000,7.7483,7.8256,7.5931,7.6707,0,0
AML_PE,D,20160426,000000,7.6707,7.7483,7.5931,7.6707,0,0
AML_PE,D,20160427,000000,7.6707,7.7483,7.6707,7.7483,0,0
AML_PE,D,20160428,000000,7.7483,7.8256,7.7483,7.7483,0,0
AML_PE,D,20160429,000000,7.7483,7.8256,7.7483,7.7483,0,0
AML_PE,D,20160502,000000,7.8256,7.8256,7.7483,7.7483,0,0
AML_PE,D,20160504,000000,7.7483,7.7483,7.5931,7.7483,0,0
AML_PE,D,20160505,000000,7.7483,7.7483,7.6707,7.6707,0,0
AML_PE,D,20160506,000000,7.6707,7.6707,7.5931,7.6707,0,0
AML_PE,D,20160509,000000,7.6707,7.6707,7.5931,7.5931,0,0
AML_PE,D,20160510,000000,7.5931,7.5931,7.5157,7.5931,0,0
AML_PE,D,20160511,000000,7.5157,7.5931,7.4381,7.5157,0,0
AML_PE,D,20160512,000000,7.5931,7.5931,7.4381,7.5157,0,0
AML_PE,D,20160513,000000,7.9029,8.0584,7.8256,7.9029,0,0
AML_PE,D,20160516,000000,7.9029,8.0584,7.9029,8.0584,0,0
AML_PE,D,20160517,000000,8.0584,8.2132,8.0584,8.1357,0,0
AML_PE,D,20160518,000000,8.1357,8.1357,8.0584,8.0584,0,0
AML_PE,D,20160519,000000,8.0584,8.3027,8.0584,8.2209,0,0
AML_PE,D,20160520,000000,8.2209,8.3027,6.6747,6.6747,0,0
AML_PE,D,20160523,000000,6.5932,6.6747,6.5932,6.6747,0,0
AML_PE,D,20160524,000000,6.6747,6.9188,6.6747,6.8374,0,0
AML_PE,D,20160525,000000,6.9188,7.1631,6.9188,7.0817,0,0
AML_PE,D,20160527,000000,7.0003,7.0817,7.0003,7.0817,0,0
AML_PE,D,20160530,000000,7.0817,7.0817,7.0003,7.0003,0,0
AML_PE,D,20160531,000000,7.0003,7.0817,6.8374,6.9188,0,0
AML_PE,D,20160601,000000,6.8374,6.8374,6.6747,6.756,0,0
AML_PE,D,20160602,000000,6.8374,7.0003,6.8374,7.0003,0,0
AML_PE,D,20160603,000000,7.0003,7.0817,7.0003,7.0003,0,0
AML_PE,D,20160606,000000,7.0003,7.0817,7.0003,7.0817,0,0
AML_PE,D,20160607,000000,7.0817,7.2444,7.0817,7.2444,0,0
AML_PE,D,20160608,000000,7.1631,7.2444,7.0817,7.1631,0,0
AML_PE,D,20160609,000000,7.1631,7.2444,7.0817,7.1631,0,0
AML_PE,D,20160610,000000,7.1631,7.1631,7.0817,7.1631,0,0
AML_PE,D,20160613,000000,7.1631,7.1631,6.9188,6.9188,0,0
AML_PE,D,20160614,000000,6.9188,7.0003,6.9188,7.0003,0,0
AML_PE,D,20160615,000000,7.0003,7.0817,7.0003,7.0003,0,0
AML_PE,D,20160616,000000,7.0003,7.0003,6.756,7.0003,0,0
AML_PE,D,20160617,000000,7.0003,7.0003,6.8374,6.9188,0,0
AML_PE,D,20160620,000000,6.9188,7.0003,6.8374,7.0003,0,0
AML_PE,D,20160621,000000,7.0817,7.0817,7.0817,7.0817,0,0
AML_PE,D,20160622,000000,7.0817,7.2444,7.0817,7.1631,0,0
AML_PE,D,20160623,000000,7.1631,7.1631,6.9188,7.1631,0,0
AML_PE,D,20160624,000000,6.6747,7.1631,6.6747,6.9188,0,0
AML_PE,D,20160627,000000,6.8374,6.8374,6.8374,6.8374,0,0
AML_PE,D,20160628,000000,6.8374,7.0003,6.8374,7.0003,0,0
AML_PE,D,20160629,000000,7.0003,7.0817,7.0003,7.0817,0,0
AML_PE,D,20160630,000000,7.1631,7.1631,7.0003,7.1631,0,0
AML_PE,D,20160701,000000,7.1631,7.4886,7.0817,7.4073,0,0
AML_PE,D,20160704,000000,7.4073,7.4073,7.1631,7.3259,0,0
AML_PE,D,20160705,000000,7.3259,7.4073,7.1631,7.1631,0,0
AML_PE,D,20160706,000000,7.1631,7.4073,7.1631,7.4073,0,0
AML_PE,D,20160707,000000,7.2444,7.4073,7.2444,7.3259,0,0
AML_PE,D,20160708,000000,7.3259,7.3259,7.3259,7.3259,0,0
AML_PE,D,20160711,000000,7.3259,7.3259,7.2444,7.2444,0,0
AML_PE,D,20160712,000000,7.2444,7.2444,7.1631,7.1631,0,0
AML_PE,D,20160713,000000,7.1631,7.1631,7.0817,7.1631,0,0
AML_PE,D,20160714,000000,7.0817,7.1631,7.0817,7.1631,0,0
AML_PE,D,20160715,000000,7.1631,7.2444,7.0817,7.1631,0,0
AML_PE,D,20160718,000000,7.1631,7.3259,7.1631,7.3259,0,0
AML_PE,D,20160719,000000,7.3259,7.3259,7.2444,7.2444,0,0
AML_PE,D,20160720,000000,7.2444,7.3259,7.2444,7.3259,0,0
AML_PE,D,20160721,000000,7.3259,7.3259,7.2444,7.2444,0,0
AML_PE,D,20160722,000000,7.2444,7.4886,7.1631,7.4886,0,0
AML_PE,D,20160725,000000,7.4886,7.6514,7.4073,7.6514,0,0
AML_PE,D,20160726,000000,7.6514,7.8142,7.6514,7.8142,0,0
AML_PE,D,20160727,000000,7.7329,7.977,7.7329,7.977,0,0
AML_PE,D,20160728,000000,7.8956,7.977,7.8956,7.977,0,0
AML_PE,D,20160729,000000,7.977,8.1399,7.977,8.1399,0,0
AML_PE,D,20160801,000000,8.1399,8.3027,8.1399,8.2209,0,0
AML_PE,D,20160802,000000,8.2209,8.3027,8.2209,8.3027,0,0
AML_PE,D,20160803,000000,8.3027,8.3027,8.0584,8.1399,0,0
AML_PE,D,20160804,000000,8.0584,8.1399,7.977,7.977,0,0
AML_PE,D,20160805,000000,7.8956,8.1399,7.8956,8.0584,0,0
AML_PE,D,20160808,000000,8.1399,8.3027,8.1399,8.3027,0,0
AML_PE,D,20160809,000000,8.3027,8.3836,8.3027,8.3027,0,0
AML_PE,D,20160810,000000,8.3027,8.3836,8.2209,8.3836,0,0
AML_PE,D,20160811,000000,8.3836,8.3836,8.3027,8.3027,0,0
AML_PE,D,20160812,000000,8.3836,8.5471,8.3836,8.5471,0,0
AML_PE,D,20160816,000000,8.5471,8.5471,8.3836,8.3836,0,0
AML_PE,D,20160817,000000,8.3836,8.4654,8.3836,8.4654,0,0
AML_PE,D,20160818,000000,8.4654,8.5471,8.4654,8.5471,0,0
AML_PE,D,20160819,000000,8.6281,8.6281,7.8142,7.8142,0,0
AML_PE,D,20160822,000000,7.7329,7.7329,7.2444,7.4886,0,0
AML_PE,D,20160823,000000,7.4073,7.7329,7.4073,7.7329,0,0
AML_PE,D,20160824,000000,7.7329,7.977,7.7329,7.977,0,0
AML_PE,D,20160825,000000,7.8956,7.977,7.8142,7.8142,0,0
AML_PE,D,20160826,000000,7.7329,7.8956,7.7329,7.8956,0,0
AML_PE,D,20160829,000000,7.8142,7.8956,7.6514,7.6514,0,0
AML_PE,D,20160830,000000,7.5701,7.7329,7.5701,7.7329,0,0
AML_PE,D,20160831,000000,7.6514,7.8142,7.6514,7.8142,0,0
AML_PE,D,20160901,000000,7.6514,7.8142,7.5701,7.6514,0,0
AML_PE,D,20160902,000000,7.6514,7.8142,7.6514,7.7329,0,0
AML_PE,D,20160905,000000,7.7329,7.7329,7.6514,7.7329,0,0
AML_PE,D,20160906,000000,7.7329,7.7329,7.5701,7.5701,0,0
AML_PE,D,20160907,000000,7.5701,7.6514,7.4886,7.5701,0,0
AML_PE,D,20160908,000000,7.5701,7.5701,7.3259,7.4073,0,0
AML_PE,D,20160909,000000,7.3259,7.3259,7.1631,7.3259,0,0
AML_PE,D,20160912,000000,7.2444,7.6514,7.2444,7.6514,0,0
AML_PE,D,20160913,000000,7.6514,7.7329,7.4886,7.6514,0,0
AML_PE,D,20160914,000000,7.5701,7.5701,7.5701,7.5701,0,0
AML_PE,D,20160915,000000,7.5701,7.8142,7.4886,7.6514,0,0
AML_PE,D,20160916,000000,7.7329,7.8142,7.7329,7.8142,0,0
AML_PE,D,20160919,000000,7.8142,7.8956,7.7329,7.8956,0,0
AML_PE,D,20160920,000000,7.8956,8.0584,7.8956,7.977,0,0
AML_PE,D,20160921,000000,8.0584,8.0584,7.8956,7.977,0,0
AML_PE,D,20160922,000000,7.977,7.977,7.8142,7.977,0,0
AML_PE,D,20160923,000000,7.977,8.1399,7.8956,7.977,0,0
AML_PE,D,20160926,000000,7.977,7.977,7.8956,7.977,0,0
AML_PE,D,20160927,000000,7.977,8.1399,7.8956,8.1399,0,0
AML_PE,D,20160928,000000,8.1399,8.1399,8.0584,8.1399,0,0
AML_PE,D,20160929,000000,8.1399,8.1399,8.0584,8.0584,0,0
AML_PE,D,20160930,000000,8.1399,8.2209,8.0584,8.2209,0,0
AML_PE,D,20161003,000000,8.3027,8.3027,8.1399,8.2209,0,0
AML_PE,D,20161004,000000,8.1399,8.1399,7.8956,7.977,0,0
AML_PE,D,20161005,000000,7.977,7.977,7.8142,7.8956,0,0
AML_PE,D,20161006,000000,7.8956,7.8956,7.7329,7.8142,0,0
AML_PE,D,20161007,000000,7.8956,7.8956,7.6514,7.6514,0,0
AML_PE,D,20161010,000000,7.6514,7.7329,7.5701,7.7329,0,0
AML_PE,D,20161011,000000,7.8142,7.8142,7.7329,7.7329,0,0
AML_PE,D,20161012,000000,7.7329,7.7329,7.6514,7.6514,0,0
AML_PE,D,20161013,000000,7.6514,7.7329,7.5701,7.6514,0,0
AML_PE,D,20161014,000000,7.6514,7.7329,7.5701,7.7329,0,0
AML_PE,D,20161017,000000,7.7329,7.7329,7.6514,7.6514,0,0
AML_PE,D,20161018,000000,7.6514,7.7329,7.6514,7.7329,0,0
AML_PE,D,20161019,000000,7.7329,7.7329,7.6514,7.6514,0,0
AML_PE,D,20161020,000000,7.7329,7.7329,7.6514,7.6514,0,0
AML_PE,D,20161021,000000,7.7329,7.7329,7.5701,7.6514,0,0
AML_PE,D,20161024,000000,7.6514,7.6514,7.4886,7.4886,0,0
AML_PE,D,20161025,000000,7.4886,7.4886,7.2444,7.2444,0,0
AML_PE,D,20161026,000000,7.2444,7.3259,7.1631,7.2444,0,0
AML_PE,D,20161027,000000,7.2444,7.3259,7.1631,7.2444,0,0
AML_PE,D,20161028,000000,7.2444,7.3259,7.2444,7.2444,0,0
AML_PE,D,20161031,000000,7.2444,7.4886,7.2444,7.4886,0,0
AML_PE,D,20161102,000000,7.4073,7.6514,7.4073,7.5701,0,0
AML_PE,D,20161103,000000,7.5701,7.6514,7.4886,7.6514,0,0
AML_PE,D,20161104,000000,7.4073,7.8956,7.1631,7.8956,0,0
AML_PE,D,20161107,000000,7.8956,7.8956,7.8956,7.8956,0,0
AML_PE,D,20161108,000000,7.8956,7.8956,7.8142,7.8956,0,0
AML_PE,D,20161109,000000,7.8956,7.977,7.7329,7.977,0,0
AML_PE,D,20161110,000000,7.977,8.3836,7.977,8.1399,0,0
AML_PE,D,20161114,000000,8.2209,8.2209,8.0584,8.0584,0,0
AML_PE,D,20161115,000000,8.0584,8.1399,7.977,8.1399,0,0
AML_PE,D,20161116,000000,8.1399,8.1399,7.8142,7.8956,0,0
AML_PE,D,20161117,000000,7.8956,7.977,7.8142,7.8142,0,0
AML_PE,D,20161118,000000,7.8142,7.8142,7.7329,7.7329,0,0
AML_PE,D,20161121,000000,7.8142,7.8142,7.7329,7.8142,0,0
AML_PE,D,20161122,000000,7.8142,7.8142,7.6514,7.8142,0,0
AML_PE,D,20161123,000000,7.7329,7.977,7.6514,7.8956,0,0
AML_PE,D,20161124,000000,7.8142,7.977,7.8142,7.8956,0,0
AML_PE,D,20161125,000000,7.8956,7.977,7.8956,7.977,0,0
AML_PE,D,20161128,000000,7.977,7.977,7.7329,7.7329,0,0
AML_PE,D,20161129,000000,7.7329,7.8142,7.7329,7.8142,0,0
AML_PE,D,20161130,000000,7.8142,7.8142,7.6514,7.7329,0,0
AML_PE,D,20161201,000000,7.7329,7.7329,7.7329,7.7329,0,0
AML_PE,D,20161202,000000,7.7329,7.8142,7.6514,7.8142,0,0
AML_PE,D,20161205,000000,7.8142,7.977,7.8142,7.8956,0,0
AML_PE,D,20161206,000000,7.977,7.977,7.8956,7.977,0,0
AML_PE,D,20161207,000000,7.8956,8.1399,7.8956,7.977,0,0
AML_PE,D,20161208,000000,8.0584,8.1399,7.977,8.1399,0,0
AML_PE,D,20161209,000000,8.2209,8.3027,7.8956,8.1399,0,0
AML_PE,D,20161212,000000,8.1399,8.1399,7.8956,7.8956,0,0
AML_PE,D,20161213,000000,7.8956,7.8956,7.8142,7.8142,0,0
AML_PE,D,20161214,000000,7.8142,7.8142,7.7329,7.7329,0,0
AML_PE,D,20161215,000000,7.7329,7.8956,7.7329,7.8142,0,0
AML_PE,D,20161216,000000,7.8142,7.8956,7.8142,7.8142,0,0
AML_PE,D,20161219,000000,7.8142,7.8956,7.6514,7.7329,0,0
AML_PE,D,20161220,000000,7.7329,7.7329,7.5701,7.7329,0,0
AML_PE,D,20161221,000000,7.6514,7.7329,7.6514,7.7329,0,0
AML_PE,D,20161222,000000,7.7329,7.8142,7.7329,7.8142,0,0
AML_PE,D,20161223,000000,7.7329,7.8956,7.7329,7.8956,0,0
AML_PE,D,20161227,000000,7.8142,7.8956,7.8142,7.8956,0,0
AML_PE,D,20161228,000000,7.8956,8.1399,7.8956,8.1399,0,0
AML_PE,D,20161229,000000,8.2209,8.3027,8.0584,8.2209,0,0
AML_PE,D,20161230,000000,8.2209,8.3027,8.2209,8.3027,0,0
AML_PE,D,20170102,000000,8.3836,8.3836,7.977,7.977,0,0
AML_PE,D,20170103,000000,8.0584,8.2209,8.0584,8.2209,0,0
AML_PE,D,20170104,000000,8.2209,8.3027,8.1399,8.1399,0,0
AML_PE,D,20170105,000000,8.1399,8.2209,8.1399,8.1399,0,0
AML_PE,D,20170109,000000,8.2209,8.2209,8.1399,8.1399,0,0
AML_PE,D,20170110,000000,8.2209,8.2209,8.1399,8.1399,0,0
AML_PE,D,20170111,000000,8.2209,8.3027,8.2209,8.3027,0,0
AML_PE,D,20170112,000000,8.3027,8.4654,8.3027,8.4654,0,0
AML_PE,D,20170113,000000,8.4654,8.5471,8.4654,8.4654,0,0
AML_PE,D,20170116,000000,8.4654,8.71,8.4654,8.6281,0,0
AML_PE,D,20170117,000000,8.71,8.71,8.4654,8.5471,0,0
AML_PE,D,20170118,000000,8.6281,8.71,8.5471,8.5471,0,0
AML_PE,D,20170119,000000,8.5471,8.5471,8.3027,8.5471,0,0
AML_PE,D,20170120,000000,8.5471,8.6281,8.3836,8.5471,0,0
AML_PE,D,20170123,000000,8.5471,8.6281,8.4654,8.4654,0,0
AML_PE,D,20170124,000000,8.5471,8.71,8.4654,8.5471,0,0
AML_PE,D,20170125,000000,8.5471,8.9537,8.5471,8.7909,0,0
AML_PE,D,20170126,000000,8.7909,8.9537,8.7909,8.9537,0,0
AML_PE,D,20170127,000000,8.9537,9.0356,8.8728,8.9537,0,0
AML_PE,D,20170130,000000,8.9537,9.0356,8.9537,8.9537,0,0
AML_PE,D,20170131,000000,8.9537,8.9537,8.8728,8.9537,0,0
AML_PE,D,20170201,000000,8.9537,9.0356,8.8728,8.9537,0,0
AML_PE,D,20170202,000000,8.9537,8.9537,8.7909,8.8728,0,0
AML_PE,D,20170203,000000,8.8728,8.9537,8.7909,8.7909,0,0
AML_PE,D,20170206,000000,8.7909,8.9537,8.7909,8.7909,0,0
AML_PE,D,20170207,000000,8.8728,8.8728,8.3836,8.3836,0,0
AML_PE,D,20170208,000000,7.8956,8.4654,7.8956,8.4654,0,0
AML_PE,D,20170209,000000,8.4654,8.5471,8.4654,8.4654,0,0
AML_PE,D,20170210,000000,8.4654,8.4654,8.3027,8.3836,0,0
AML_PE,D,20170213,000000,8.3836,8.3836,8.3027,8.3836,0,0
AML_PE,D,20170214,000000,8.3836,8.3836,8.2209,8.3027,0,0
AML_PE,D,20170215,000000,8.3836,8.3836,8.2209,8.3027,0,0
AML_PE,D,20170216,000000,8.3027,8.3836,8.3027,8.3836,0,0
AML_PE,D,20170217,000000,8.5471,8.5471,8.2209,8.2209,0,0
AML_PE,D,20170220,000000,8.2209,8.2209,8.2209,8.2209,0,0
AML_PE,D,20170221,000000,8.2209,8.3027,8.1399,8.3027,0,0
AML_PE,D,20170222,000000,8.3027,8.3027,8.3027,8.3027,0,0
AML_PE,D,20170223,000000,8.3027,8.3836,8.3027,8.3836,0,0
AML_PE,D,20170224,000000,8.3836,8.3836,8.2209,8.3027,0,0
AML_PE,D,20170227,000000,8.3027,8.3836,8.2209,8.2209,0,0
AML_PE,D,20170228,000000,8.3027,8.3027,8.1399,8.2209,0,0
AML_PE,D,20170301,000000,8.1399,8.5471,8.1399,8.5471,0,0
AML_PE,D,20170302,000000,8.5471,8.5471,8.4654,8.4654,0,0
AML_PE,D,20170303,000000,8.4654,8.4654,8.3836,8.3836,0,0
AML_PE,D,20170306,000000,8.3836,8.3836,8.2209,8.2209,0,0
AML_PE,D,20170307,000000,8.2209,8.2209,8.1399,8.2209,0,0
AML_PE,D,20170308,000000,8.2209,8.2209,8.0584,8.0584,0,0
AML_PE,D,20170309,000000,8.0584,8.2209,8.0584,8.1399,0,0
AML_PE,D,20170310,000000,8.1399,8.2209,8.1399,8.1399,0,0
AML_PE,D,20170313,000000,8.2209,8.2209,8.1399,8.1399,0,0
AML_PE,D,20170314,000000,8.0584,8.1399,8.0584,8.1399,0,0
AML_PE,D,20170315,000000,8.1399,8.1399,7.977,8.0584,0,0
AML_PE,D,20170316,000000,8.0584,8.1399,7.977,8.1399,0,0
AML_PE,D,20170317,000000,8.1399,8.3027,8.1399,8.2209,0,0
AML_PE,D,20170320,000000,8.2209,8.2209,8.0584,8.1399,0,0
AML_PE,D,20170321,000000,8.1399,8.1399,8.0584,8.0584,0,0
AML_PE,D,20170322,000000,8.0584,8.1399,7.977,8.0584,0,0
AML_PE,D,20170323,000000,8.0584,8.1399,8.0584,8.1399,0,0
AML_PE,D,20170324,000000,8.0584,8.1399,7.977,8.1399,0,0
AML_PE,D,20170327,000000,7.977,8.1399,7.977,8.1399,0,0
AML_PE,D,20170328,000000,8.1399,8.1399,8.0584,8.0584,0,0
AML_PE,D,20170329,000000,8.0584,8.1399,8.0584,8.1399,0,0
AML_PE,D,20170330,000000,8.1399,8.2209,8.0584,8.1399,0,0
AML_PE,D,20170331,000000,8.1399,8.3027,8.1399,8.2209,0,0
AML_PE,D,20170403,000000,8.2209,8.2209,8.0584,8.1399,0,0
AML_PE,D,20170404,000000,8.1399,8.6281,8.1399,8.3836,0,0
AML_PE,D,20170405,000000,8.4654,8.4654,8.3027,8.3027,0,0
AML_PE,D,20170406,000000,8.3027,8.6281,8.3027,8.6281,0,0
AML_PE,D,20170407,000000,8.71,8.8728,8.6281,8.7909,0,0
AML_PE,D,20170410,000000,8.7909,8.8728,8.7909,8.8728,0,0
AML_PE,D,20170411,000000,8.8728,8.8728,8.7909,8.7909,0,0
AML_PE,D,20170412,000000,8.7909,8.7909,8.7909,8.7909,0,0
AML_PE,D,20170413,000000,8.7909,8.8728,8.71,8.71,0,0
AML_PE,D,20170418,000000,8.7909,8.7909,8.7909,8.7909,0,0
AML_PE,D,20170419,000000,8.7909,8.7909,8.7909,8.7909,0,0
AML_PE,D,20170420,000000,8.7909,8.9537,8.7909,8.9537,0,0
AML_PE,D,20170421,000000,8.9537,8.9537,8.8728,8.9537,0,0
AML_PE,D,20170424,000000,8.9537,8.9537,8.9537,8.9537,0,0
AML_PE,D,20170425,000000,8.9537,9.0356,8.9537,8.9537,0,0
AML_PE,D,20170426,000000,8.9537,8.9537,8.71,8.7909,0,0
AML_PE,D,20170427,000000,8.8728,8.9537,8.8728,8.8728,0,0
AML_PE,D,20170428,000000,8.8728,8.9537,8.8728,8.9537,0,0
AML_PE,D,20170502,000000,8.9537,9.1165,8.8728,9.1165,0,0
AML_PE,D,20170504,000000,9.1165,9.1984,9.1165,9.1984,0,0
AML_PE,D,20170505,000000,9.1984,9.1984,9.0356,9.1984,0,0
AML_PE,D,20170508,000000,9.1984,9.2793,9.1984,9.2793,0,0
AML_PE,D,20170509,000000,9.2793,9.4422,9.2793,9.3612,0,0
AML_PE,D,20170510,000000,9.4422,9.4422,9.1984,9.2793,0,0
AML_PE,D,20170511,000000,9.2793,9.3612,9.1984,9.1984,0,0
AML_PE,D,20170512,000000,9.1984,9.2793,9.1165,9.2793,0,0
AML_PE,D,20170515,000000,9.2793,9.2793,9.1984,9.2793,0,0
AML_PE,D,20170516,000000,8.6281,10.337,8.6281,10.337,0,0
AML_PE,D,20170517,000000,10.337,10.5,10.337,10.337,0,0
AML_PE,D,20170518,000000,10.256,10.419,10.256,10.419,0,0
AML_PE,D,20170519,000000,10.337,10.5,10.337,10.5,0,0
AML_PE,D,20170522,000000,10.5,10.5,10.5,10.5,0,0
AML_PE,D,20170523,000000,10.65,10.65,10.565,10.65,0,0
AML_PE,D,20170524,000000,10.565,10.65,10.565,10.565,0,0
AML_PE,D,20170525,000000,10.565,10.565,10.565,10.565,0,0
AML_PE,D,20170526,000000,10.565,10.565,10.479,10.565,0,0
AML_PE,D,20170529,000000,10.565,10.565,10.479,10.565,0,0
AML_PE,D,20170530,000000,10.565,10.565,10.395,10.565,0,0
AML_PE,D,20170531,000000,10.565,10.565,10.479,10.565,0,0
AML_PE,D,20170601,000000,10.565,10.565,10.479,10.565,0,0
AML_PE,D,20170602,000000,10.565,10.565,10.565,10.565,0,0
AML_PE,D,20170605,000000,10.565,10.565,10.395,10.395,0,0
AML_PE,D,20170606,000000,10.395,10.395,10.309,10.395,0,0
AML_PE,D,20170607,000000,10.395,10.395,10.224,10.309,0,0
AML_PE,D,20170608,000000,10.224,10.395,10.224,10.395,0,0
AML_PE,D,20170609,000000,10.309,10.395,10.309,10.395,0,0
AML_PE,D,20170612,000000,10.395,10.479,10.395,10.395,0,0
AML_PE,D,20170613,000000,10.565,10.565,10.395,10.565,0,0
AML_PE,D,20170614,000000,10.565,10.565,10.395,10.395,0,0
AML_PE,D,20170616,000000,10.395,10.479,10.054,10.054,0,0
AML_PE,D,20170619,000000,10.054,10.224,10.054,10.224,0,0
AML_PE,D,20170620,000000,10.224,10.395,10.224,10.309,0,0
AML_PE,D,20170621,000000,10.309,10.309,10.224,10.224,0,0
AML_PE,D,20170622,000000,10.309,10.309,10.138,10.138,0,0
AML_PE,D,20170623,000000,10.138,10.309,10.138,10.309,0,0
AML_PE,D,20170626,000000,10.309,10.395,10.224,10.395,0,0
AML_PE,D,20170627,000000,10.309,10.309,10.224,10.309,0,0
AML_PE,D,20170628,000000,10.309,10.479,10.224,10.479,0,0
AML_PE,D,20170629,000000,10.479,10.479,10.309,10.479,0,0
AML_PE,D,20170630,000000,10.479,10.479,10.395,10.479,0,0
AML_PE,D,20170703,000000,10.479,10.479,10.309,10.395,0,0
AML_PE,D,20170704,000000,10.309,10.309,10.138,10.138,0,0
AML_PE,D,20170705,000000,10.138,10.224,10.054,10.138,0,0
AML_PE,D,20170706,000000,10.138,10.138,10.054,10.138,0,0
AML_PE,D,20170707,000000,10.138,10.138,10.054,10.054,0,0
AML_PE,D,20170710,000000,10.054,10.138,10.054,10.054,0,0
AML_PE,D,20170711,000000,10.054,10.054,10.054,10.054,0,0
AML_PE,D,20170712,000000,10.054,10.054,9.883,9.968,0,0
AML_PE,D,20170713,000000,9.968,9.968,9.798,9.968,0,0
AML_PE,D,20170714,000000,9.968,9.968,9.798,9.883,0,0
AML_PE,D,20170717,000000,9.627,9.627,8.4347,8.4347,0,0
AML_PE,D,20170718,000000,8.6047,8.6902,8.4347,8.4347,0,0
AML_PE,D,20170719,000000,8.4347,8.4347,8.3495,8.4347,0,0
AML_PE,D,20170720,000000,8.4347,8.4347,8.2643,8.3495,0,0
AML_PE,D,20170721,000000,8.2643,8.2643,8.0088,8.094,0,0
AML_PE,D,20170724,000000,8.094,8.094,7.8383,7.9235,0,0
AML_PE,D,20170725,000000,7.9235,7.9235,7.8383,7.9235,0,0
AML_PE,D,20170726,000000,7.9235,8.1792,7.9235,8.094,0,0
AML_PE,D,20170727,000000,8.094,8.094,7.9235,8.0088,0,0
AML_PE,D,20170728,000000,8.0088,8.0088,7.8383,7.9235,0,0
AML_PE,D,20170731,000000,7.9235,7.9235,7.5828,7.5828,0,0
AML_PE,D,20170801,000000,7.5828,7.7531,7.5828,7.7531,0,0
AML_PE,D,20170802,000000,7.8383,7.9235,7.8383,7.8383,0,0
AML_PE,D,20170803,000000,7.9235,8.1792,7.9235,8.1792,0,0
AML_PE,D,20170804,000000,8.1792,8.1792,8.1792,8.1792,0,0
AML_PE,D,20170807,000000,8.1792,8.2643,8.1792,8.2643,0,0
AML_PE,D,20170808,000000,8.3495,8.4347,8.2643,8.2643,0,0
AML_PE,D,20170809,000000,8.2643,8.2643,8.1792,8.2643,0,0
AML_PE,D,20170810,000000,8.2643,8.3495,8.2643,8.2643,0,0
AML_PE,D,20170811,000000,8.1792,8.2643,8.1792,8.2643,0,0
AML_PE,D,20170814,000000,8.2643,8.3495,8.2643,8.3495,0,0
AML_PE,D,20170816,000000,8.3495,8.3495,8.3495,8.3495,0,0
AML_PE,D,20170817,000000,8.3495,8.3495,8.2643,8.2643,0,0
AML_PE,D,20170818,000000,8.2643,8.2643,8.1792,8.2643,0,0
AML_PE,D,20170821,000000,8.2643,8.2643,8.2643,8.2643,0,0
AML_PE,D,20170822,000000,8.1792,10.82,8.1792,10.82,0,0
AML_PE,D,20170823,000000,10.906,10.991,10.65,10.65,0,0
AML_PE,D,20170824,000000,10.65,10.735,10.65,10.65,0,0
AML_PE,D,20170825,000000,10.65,10.65,10.65,10.65,0,0
AML_PE,D,20170828,000000,10.65,10.735,10.65,10.65,0,0
AML_PE,D,20170829,000000,10.65,10.65,10.565,10.565,0,0
AML_PE,D,20170830,000000,10.565,10.65,10.565,10.65,0,0
AML_PE,D,20170831,000000,10.65,10.735,10.565,10.565,0,0
AML_PE,D,20170901,000000,10.565,10.565,10.395,10.479,0,0
AML_PE,D,20170904,000000,10.395,10.395,10.395,10.395,0,0
AML_PE,D,20170905,000000,10.309,10.479,10.309,10.395,0,0
AML_PE,D,20170906,000000,10.479,10.565,10.309,10.395,0,0
AML_PE,D,20170907,000000,10.395,10.479,10.309,10.395,0,0
AML_PE,D,20170908,000000,10.395,10.395,10.309,10.395,0,0
AML_PE,D,20170911,000000,10.395,10.395,10.309,10.309,0,0
AML_PE,D,20170912,000000,10.309,10.309,10.224,10.309,0,0
AML_PE,D,20170913,000000,10.309,10.395,10.309,10.395,0,0
AML_PE,D,20170914,000000,10.395,10.395,10.224,10.224,0,0
AML_PE,D,20170915,000000,10.309,10.309,10.224,10.224,0,0
AML_PE,D,20170918,000000,10.309,10.479,10.224,10.395,0,0
AML_PE,D,20170919,000000,10.309,10.906,10.309,10.906,0,0
AML_PE,D,20170920,000000,10.82,10.906,10.82,10.82,0,0
AML_PE,D,20170921,000000,10.82,11.247,10.82,11.161,0,0
AML_PE,D,20170922,000000,11.161,11.331,10.991,11.076,0,0
AML_PE,D,20170925,000000,11.076,11.076,10.735,10.82,0,0
AML_PE,D,20170926,000000,10.735,10.735,10.479,10.565,0,0
AML_PE,D,20170927,000000,10.65,10.65,10.395,10.479,0,0
AML_PE,D,20170928,000000,10.479,10.479,10.479,10.479,0,0
AML_PE,D,20170929,000000,10.991,10.991,10.991,10.991,0,0
AML_PE,D,20171002,000000,10.991,11.076,10.991,11.076,0,0
AML_PE,D,20171003,000000,11.161,11.161,10.82,10.82,0,0
AML_PE,D,20171004,000000,10.82,11.076,10.735,10.735,0,0
AML_PE,D,20171005,000000,10.735,10.82,10.65,10.735,0,0
AML_PE,D,20171006,000000,10.82,10.906,10.735,10.82,0,0
AML_PE,D,20171009,000000,10.82,11.076,10.82,10.991,0,0
AML_PE,D,20171010,000000,11.076,11.247,11.076,11.076,0,0
AML_PE,D,20171011,000000,11.161,11.417,11.161,11.417,0,0
AML_PE,D,20171012,000000,11.417,11.672,11.331,11.587,0,0
AML_PE,D,20171013,000000,11.587,11.672,11.587,11.672,0,0
AML_PE,D,20171016,000000,11.587,11.672,11.417,11.417,0,0
AML_PE,D,20171017,000000,11.331,11.502,11.076,11.331,0,0
AML_PE,D,20171018,000000,11.247,11.247,10.991,11.161,0,0
AML_PE,D,20171019,000000,11.161,11.161,10.991,11.076,0,0
AML_PE,D,20171020,000000,11.076,11.331,10.991,11.076,0,0
AML_PE,D,20171023,000000,11.161,11.161,10.82,10.906,0,0
AML_PE,D,20171024,000000,10.906,10.991,10.735,10.735,0,0
AML_PE,D,20171025,000000,10.65,10.65,10.565,10.565,0,0
AML_PE,D,20171026,000000,10.479,10.565,10.479,10.565,0,0
AML_PE,D,20171027,000000,10.565,10.991,10.565,10.991,0,0
AML_PE,D,20171030,000000,10.991,11.331,10.906,11.247,0,0
AML_PE,D,20171031,000000,11.247,11.331,11.161,11.247,0,0
AML_PE,D,20171102,000000,11.247,11.247,11.076,11.247,0,0
AML_PE,D,20171103,000000,11.247,11.247,10.991,11.076,0,0
AML_PE,D,20171106,000000,11.247,11.247,11.076,11.161,0,0
AML_PE,D,20171107,000000,11.076,11.076,10.991,10.991,0,0
AML_PE,D,20171108,000000,10.906,10.991,10.65,10.65,0,0
AML_PE,D,20171109,000000,10.65,10.735,10.565,10.565,0,0
AML_PE,D,20171110,000000,10.65,10.65,10.309,10.395,0,0
AML_PE,D,20171113,000000,10.395,10.395,10.224,10.309,0,0
AML_PE,D,20171114,000000,10.309,10.395,10.224,10.395,0,0
AML_PE,D,20171115,000000,10.65,10.65,10.309,10.395,0,0
AML_PE,D,20171116,000000,10.479,10.565,10.309,10.395,0,0
AML_PE,D,20171117,000000,10.224,11.417,10.224,11.417,0,0
AML_PE,D,20171120,000000,11.331,12.013,11.331,11.757,0,0
AML_PE,D,20171121,000000,11.757,11.757,11.417,11.672,0,0
AML_PE,D,20171122,000000,11.672,11.672,11.247,11.502,0,0
AML_PE,D,20171123,000000,11.502,11.502,11.417,11.417,0,0
AML_PE,D,20171124,000000,11.502,11.502,11.331,11.502,0,0
AML_PE,D,20171127,000000,11.502,11.502,11.331,11.331,0,0
AML_PE,D,20171128,000000,11.331,11.417,11.247,11.331,0,0
AML_PE,D,20171129,000000,11.331,11.331,11.247,11.331,0,0
AML_PE,D,20171130,000000,11.331,11.331,11.161,11.331,0,0
AML_PE,D,20171201,000000,11.331,11.331,11.161,11.331,0,0
AML_PE,D,20171204,000000,11.331,11.587,11.247,11.502,0,0
AML_PE,D,20171205,000000,11.502,11.502,11.331,11.502,0,0
AML_PE,D,20171206,000000,11.331,11.417,11.331,11.331,0,0
AML_PE,D,20171207,000000,11.331,11.331,11.247,11.331,0,0
AML_PE,D,20171208,000000,11.331,11.331,11.247,11.247,0,0
AML_PE,D,20171211,000000,11.247,11.331,11.161,11.331,0,0
AML_PE,D,20171212,000000,11.331,11.331,11.247,11.247,0,0
AML_PE,D,20171213,000000,11.247,11.417,11.247,11.331,0,0
AML_PE,D,20171214,000000,11.417,11.502,11.331,11.502,0,0
AML_PE,D,20171215,000000,11.417,11.587,11.417,11.502,0,0
AML_PE,D,20171218,000000,11.502,11.587,11.502,11.502,0,0
AML_PE,D,20171219,000000,11.502,11.587,11.502,11.502,0,0
AML_PE,D,20171220,000000,11.502,11.672,11.417,11.587,0,0
AML_PE,D,20171221,000000,11.502,11.672,11.417,11.502,0,0
AML_PE,D,20171222,000000,11.417,11.587,11.417,11.417,0,0
AML_PE,D,20171227,000000,11.417,11.417,11.247,11.417,0,0
AML_PE,D,20171228,000000,11.417,11.672,11.331,11.672,0,0
AML_PE,D,20171229,000000,11.672,11.757,11.587,11.757,0,0
AML_PE,D,20180103,000000,11.927,12.098,11.757,12.098,0,0
AML_PE,D,20180104,000000,12.098,12.098,11.843,12.013,0,0
AML_PE,D,20180105,000000,12.013,12.098,11.672,11.672,0,0
AML_PE,D,20180108,000000,11.672,11.757,11.587,11.757,0,0
AML_PE,D,20180109,000000,11.672,11.757,11.672,11.672,0,0
AML_PE,D,20180110,000000,11.672,11.672,11.502,11.587,0,0
AML_PE,D,20180111,000000,11.672,11.672,11.502,11.672,0,0
AML_PE,D,20180112,000000,11.672,11.672,11.587,11.672,0,0
AML_PE,D,20180115,000000,11.672,11.672,11.587,11.672,0,0
AML_PE,D,20180116,000000,11.672,11.843,11.587,11.843,0,0
AML_PE,D,20180117,000000,11.843,11.927,11.757,11.927,0,0
AML_PE,D,20180118,000000,12.013,12.013,11.757,11.927,0,0
AML_PE,D,20180119,000000,11.927,11.927,11.843,11.927,0,0
AML_PE,D,20180122,000000,12.013,12.354,11.927,12.184,0,0
AML_PE,D,20180123,000000,12.184,12.354,12.184,12.354,0,0
AML_PE,D,20180124,000000,12.354,12.439,12.184,12.439,0,0
AML_PE,D,20180125,000000,12.354,12.354,12.184,12.354,0,0
AML_PE,D,20180126,000000,12.268,12.439,12.184,12.354,0,0
AML_PE,D,20180129,000000,12.268,12.524,12.268,12.439,0,0
AML_PE,D,20180130,000000,12.439,12.439,12.184,12.354,0,0
AML_PE,D,20180131,000000,12.354,12.439,12.268,12.439,0,0
AML_PE,D,20180201,000000,12.439,12.439,12.268,12.354,0,0
AML_PE,D,20180202,000000,12.354,12.439,12.098,12.354,0,0
AML_PE,D,20180205,000000,12.098,12.268,12.013,12.268,0,0
AML_PE,D,20180206,000000,12.013,12.184,11.927,12.098,0,0
AML_PE,D,20180207,000000,12.013,12.184,12.013,12.098,0,0
AML_PE,D,20180208,000000,12.098,12.098,11.587,11.587,0,0
AML_PE,D,20180209,000000,11.587,11.672,11.502,11.587,0,0
AML_PE,D,20180212,000000,11.502,12.098,11.502,12.098,0,0
AML_PE,D,20180213,000000,12.098,12.609,12.098,12.524,0,0
AML_PE,D,20180214,000000,12.609,12.78,12.524,12.78,0,0
AML_PE,D,20180215,000000,12.78,12.78,12.524,12.524,0,0
AML_PE,D,20180216,000000,12.524,12.609,12.439,12.439,0,0
AML_PE,D,20180219,000000,12.439,12.439,12.354,12.354,0,0
AML_PE,D,20180220,000000,12.354,12.439,11.843,12.013,0,0
AML_PE,D,20180221,000000,12.013,12.013,11.502,11.502,0,0
AML_PE,D,20180222,000000,11.502,11.672,11.502,11.672,0,0
AML_PE,D,20180223,000000,11.587,11.757,11.417,11.587,0,0
AML_PE,D,20180226,000000,11.587,11.672,11.331,11.587,0,0
AML_PE,D,20180227,000000,11.587,11.587,11.417,11.417,0,0
AML_PE,D,20180228,000000,11.502,11.587,11.331,11.331,0,0
AML_PE,D,20180301,000000,11.247,11.417,11.076,11.331,0,0
AML_PE,D,20180302,000000,11.161,11.587,11.161,11.587,0,0
AML_PE,D,20180305,000000,11.502,11.757,11.502,11.672,0,0
AML_PE,D,20180306,000000,11.417,11.672,11.331,11.502,0,0
AML_PE,D,20180307,000000,11.331,11.672,11.331,11.587,0,0
AML_PE,D,20180308,000000,11.587,11.587,11.331,11.502,0,0
AML_PE,D,20180309,000000,11.331,11.843,11.331,11.757,0,0
AML_PE,D,20180312,000000,11.672,11.672,11.417,11.587,0,0
AML_PE,D,20180313,000000,11.417,11.502,11.417,11.417,0,0
AML_PE,D,20180314,000000,11.331,11.587,11.331,11.587,0,0
AML_PE,D,20180315,000000,11.417,11.502,11.417,11.502,0,0
AML_PE,D,20180316,000000,11.502,11.927,11.417,11.927,0,0
AML_PE,D,20180319,000000,11.843,11.843,11.843,11.843,0,0
AML_PE,D,20180320,000000,11.587,11.843,11.587,11.757,0,0
AML_PE,D,20180321,000000,11.757,11.843,11.502,11.843,0,0
AML_PE,D,20180322,000000,11.672,11.672,11.502,11.502,0,0
AML_PE,D,20180323,000000,11.502,11.587,11.502,11.587,0,0
AML_PE,D,20180326,000000,11.587,11.757,11.587,11.757,0,0
AML_PE,D,20180327,000000,11.672,12.013,11.672,11.927,0,0
AML_PE,D,20180328,000000,11.927,12.013,11.672,12.013,0,0
AML_PE,D,20180329,000000,12.013,12.184,11.843,12.013,0,0
AML_PE,D,20180403,000000,12.013,12.013,11.843,12.013,0,0
AML_PE,D,20180404,000000,12.013,12.013,11.672,11.672,0,0
AML_PE,D,20180405,000000,11.757,11.757,11.672,11.757,0,0
AML_PE,D,20180406,000000,11.757,11.843,11.757,11.757,0,0
AML_PE,D,20180409,000000,11.757,12.184,11.757,12.184,0,0
AML_PE,D,20180410,000000,12.184,12.354,10.479,10.479,0,0
AML_PE,D,20180411,000000,10.479,10.565,10.224,10.479,0,0
AML_PE,D,20180412,000000,10.224,10.309,10.224,10.309,0,0
AML_PE,D,20180413,000000,10.309,10.309,10.138,10.224,0,0
AML_PE,D,20180416,000000,10.224,10.395,10.054,10.395,0,0
AML_PE,D,20180417,000000,10.224,10.479,10.224,10.224,0,0
AML_PE,D,20180418,000000,10.309,10.309,10.224,10.224,0,0
AML_PE,D,20180419,000000,10.224,10.309,10.054,10.309,0,0
AML_PE,D,20180420,000000,10.309,10.309,10.054,10.224,0,0
AML_PE,D,20180423,000000,10.224,10.479,10.054,10.479,0,0
AML_PE,D,20180424,000000,10.479,10.65,10.309,10.479,0,0
AML_PE,D,20180425,000000,10.395,10.65,10.395,10.395,0,0
AML_PE,D,20180426,000000,10.395,10.395,10.224,10.224,0,0
AML_PE,D,20180427,000000,10.479,10.479,10.224,10.224,0,0
AML_PE,D,20180430,000000,10.395,10.395,9.968,10.054,0,0
AML_PE,D,20180502,000000,10.138,10.224,10.054,10.224,0,0
AML_PE,D,20180504,000000,10.224,10.224,10.224,10.224,0,0
AML_PE,D,20180507,000000,10.224,10.224,10.138,10.138,0,0
AML_PE,D,20180508,000000,10.224,10.224,9.968,10.224,0,0
AML_PE,D,20180509,000000,10.054,10.479,10.054,10.479,0,0
AML_PE,D,20180510,000000,10.309,10.735,10.309,10.65,0,0
AML_PE,D,20180511,000000,10.65,10.82,10.479,10.82,0,0
AML_PE,D,20180514,000000,10.82,10.82,10.65,10.65,0,0
AML_PE,D,20180515,000000,10.65,10.82,10.565,10.735,0,0
AML_PE,D,20180516,000000,10.735,10.735,10.565,10.65,0,0
AML_PE,D,20180517,000000,10.65,10.65,10.65,10.65,0,0
AML_PE,D,20180518,000000,10.65,10.65,10.224,10.65,0,0
AML_PE,D,20180521,000000,10.479,10.565,10.479,10.565,0,0
AML_PE,D,20180522,000000,10.565,10.65,10.565,10.565,0,0
AML_PE,D,20180523,000000,10.479,10.479,9.202,9.202,0,0
AML_PE,D,20180524,000000,9.372,9.372,9.202,9.372,0,0
AML_PE,D,20180525,000000,9.4574,9.4574,9.202,9.202,0,0
AML_PE,D,20180528,000000,9.202,9.2865,9.202,9.2865,0,0
AML_PE,D,20180529,000000,9.2865,9.2865,9.0311,9.2865,0,0
AML_PE,D,20180530,000000,9.202,9.202,9.202,9.202,0,0
AML_PE,D,20180601,000000,9.1165,9.1165,9.0311,9.1165,0,0
AML_PE,D,20180604,000000,9.1165,9.1165,9.1165,9.1165,0,0
AML_PE,D,20180605,000000,9.1165,9.1165,9.0311,9.1165,0,0
AML_PE,D,20180606,000000,9.175,9.265,9.085,9.085,0,0
AML_PE,D,20180607,000000,9.085,9.3549,9.085,9.265,0,0
AML_PE,D,20180608,000000,9.265,9.265,9.085,9.175,0,0
AML_PE,D,20180611,000000,9.175,9.175,9.085,9.085,0,0
AML_PE,D,20180612,000000,9.085,9.265,8.6353,9.265,0,0
AML_PE,D,20180613,000000,9.3549,9.3549,9.085,9.265,0,0
AML_PE,D,20180614,000000,9.175,9.175,9.175,9.175,0,0
AML_PE,D,20180615,000000,8.9951,9.175,8.9951,9.085,0,0
AML_PE,D,20180618,000000,8.9051,8.9051,8.5453,8.7252,0,0
AML_PE,D,20180619,000000,8.7252,8.7252,8.3654,8.4554,0,0
AML_PE,D,20180620,000000,8.4554,8.4554,8.0956,8.2755,0,0
AML_PE,D,20180621,000000,8.0056,8.1855,8.0056,8.0956,0,0
AML_PE,D,20180622,000000,8.0956,8.3654,8.0056,8.3654,0,0
AML_PE,D,20180625,000000,8.0956,8.8152,8.0956,8.8152,0,0
AML_PE,D,20180626,000000,8.4554,8.4554,8.2755,8.3654,0,0
AML_PE,D,20180627,000000,8.2755,8.5453,8.2755,8.3654,0,0
AML_PE,D,20180628,000000,8.2755,8.3654,8.1855,8.2755,0,0
AML_PE,D,20180629,000000,8.2755,8.3654,8.1855,8.2755,0,0
AML_PE,D,20180702,000000,8.1855,8.1855,8.0956,8.0956,0,0
AML_PE,D,20180703,000000,8.0956,8.2755,8.0956,8.2755,0,0
AML_PE,D,20180704,000000,8.2755,8.2755,8.1855,8.1855,0,0
AML_PE,D,20180705,000000,8.1855,8.1855,8.0956,8.1855,0,0
AML_PE,D,20180706,000000,8.1855,8.1855,8.0956,8.1855,0,0
AML_PE,D,20180709,000000,8.1855,8.1855,8.0956,8.0956,0,0
AML_PE,D,20180710,000000,8.0956,8.0956,8.0956,8.0956,0,0
AML_PE,D,20180711,000000,8.0956,8.1855,7.9157,7.9157,0,0
AML_PE,D,20180712,000000,7.9157,8.1855,7.9157,8.0956,0,0
AML_PE,D,20180713,000000,7.9157,8.0056,7.8257,8.0056,0,0
AML_PE,D,20180716,000000,8.0056,8.0056,7.9157,8.0056,0,0
AML_PE,D,20180717,000000,8.2755,8.2755,8.1855,8.1855,0,0
AML_PE,D,20180718,000000,8.2755,8.2755,8.1855,8.1855,0,0
AML_PE,D,20180719,000000,8.0956,8.3654,8.0056,8.3654,0,0
AML_PE,D,20180720,000000,8.3654,8.3654,8.3654,8.3654,0,0
AML_PE,D,20180723,000000,8.2755,8.2755,8.0956,8.2755,0,0
AML_PE,D,20180724,000000,8.1855,8.3654,8.1855,8.2755,0,0
AML_PE,D,20180725,000000,8.2755,8.2755,8.2755,8.2755,0,0
AML_PE,D,20180726,000000,8.2755,8.3654,8.1855,8.1855,0,0
AML_PE,D,20180727,000000,8.1855,8.1855,8.1855,8.1855,0,0
AML_PE,D,20180730,000000,8.2755,8.2755,8.1855,8.1855,0,0
AML_PE,D,20180731,000000,8.2755,8.4554,8.2755,8.4554,0,0
AML_PE,D,20180801,000000,8.4554,8.6353,8.4554,8.5453,0,0
AML_PE,D,20180802,000000,8.4554,8.5453,8.4554,8.4554,0,0
AML_PE,D,20180803,000000,8.4554,8.4554,8.4554,8.4554,0,0
AML_PE,D,20180806,000000,8.4554,8.4554,8.3654,8.4554,0,0
AML_PE,D,20180807,000000,8.3654,8.4554,8.3654,8.4554,0,0
AML_PE,D,20180808,000000,8.4554,8.4554,8.2755,8.3654,0,0
AML_PE,D,20180809,000000,8.5453,8.6353,8.4554,8.5453,0,0
AML_PE,D,20180810,000000,8.5453,8.5453,8.4554,8.4554,0,0
AML_PE,D,20180813,000000,8.4554,8.6353,8.4554,8.6353,0,0
AML_PE,D,20180814,000000,8.6353,8.7252,8.6353,8.6353,0,0
AML_PE,D,20180816,000000,8.6353,8.6353,8.4554,8.6353,0,0
AML_PE,D,20180817,000000,8.4554,8.6353,8.0956,8.5453,0,0
AML_PE,D,20180820,000000,8.5453,8.6353,8.4554,8.6353,0,0
AML_PE,D,20180821,000000,8.3654,8.6353,8.3654,8.6353,0,0
AML_PE,D,20180822,000000,8.9051,8.9951,7.8257,7.8257,0,0
AML_PE,D,20180823,000000,7.8257,7.8257,7.7358,7.8257,0,0
AML_PE,D,20180824,000000,7.8257,7.8257,7.7358,7.8257,0,0
AML_PE,D,20180827,000000,7.8257,7.8257,7.6458,7.6458,0,0
AML_PE,D,20180828,000000,7.6458,7.6458,7.6458,7.6458,0,0
AML_PE,D,20180829,000000,7.6458,7.6458,7.5559,7.6458,0,0
AML_PE,D,20180830,000000,7.6458,7.6458,7.5559,7.6458,0,0
AML_PE,D,20180831,000000,7.6458,7.6458,7.6458,7.6458,0,0
AML_PE,D,20180903,000000,7.6458,7.6458,7.4659,7.4659,0,0
AML_PE,D,20180904,000000,7.4659,7.4659,7.1961,7.1961,0,0
AML_PE,D,20180905,000000,7.1961,7.1961,7.1061,7.1061,0,0
AML_PE,D,20180906,000000,7.286,7.286,6.5664,7.0162,0,0
AML_PE,D,20180907,000000,6.7463,6.9262,6.7463,6.9262,0,0
AML_PE,D,20180910,000000,6.9262,6.9262,6.7463,6.7463,0,0
AML_PE,D,20180911,000000,6.8363,6.8363,6.6564,6.6564,0,0
AML_PE,D,20180912,000000,6.7463,6.7463,6.6564,6.7463,0,0
AML_PE,D,20180913,000000,6.8363,7.0162,6.7463,6.8363,0,0
AML_PE,D,20180914,000000,6.8363,6.9262,6.7463,6.7463,0,0
AML_PE,D,20180917,000000,6.7463,6.8363,6.7463,6.7463,0,0
AML_PE,D,20180918,000000,6.7463,6.8363,6.7463,6.8363,0,0
AML_PE,D,20180919,000000,6.8363,7.1061,6.7463,6.7463,0,0
AML_PE,D,20180920,000000,6.8363,6.9262,6.7463,6.8363,0,0
AML_PE,D,20180921,000000,6.9262,7.1961,6.9262,7.1961,0,0
AML_PE,D,20180924,000000,7.1961,7.1961,6.8363,6.8363,0,0
AML_PE,D,20180925,000000,6.7463,6.9262,6.7463,6.8363,0,0
AML_PE,D,20180926,000000,6.8363,6.9262,6.8363,6.9262,0,0
AML_PE,D,20180927,000000,6.9262,7.0162,6.8363,6.9262,0,0
AML_PE,D,20180928,000000,6.8363,7.0162,6.7463,6.8363,0,0
AML_PE,D,20181001,000000,6.9262,7.0162,6.8363,6.8363,0,0
AML_PE,D,20181002,000000,6.8363,6.8363,6.8363,6.8363,0,0
AML_PE,D,20181003,000000,6.8363,6.9262,6.7463,6.7463,0,0
AML_PE,D,20181004,000000,6.8363,6.8363,6.6564,6.7463,0,0
AML_PE,D,20181005,000000,6.7463,6.7463,6.7463,6.7463,0,0
AML_PE,D,20181008,000000,6.7463,6.7463,6.7463,6.7463,0,0
AML_PE,D,20181009,000000,6.7463,6.9262,6.7463,6.9262,0,0
AML_PE,D,20181010,000000,6.9262,6.9262,6.7463,6.7463,0,0
AML_PE,D,20181011,000000,6.7463,6.8363,6.7463,6.8363,0,0
AML_PE,D,20181012,000000,6.9262,6.9262,6.5664,6.5664,0,0
AML_PE,D,20181015,000000,6.6564,6.6564,6.6564,6.6564,0,0
AML_PE,D,20181016,000000,6.7463,6.8363,6.6564,6.7463,0,0
AML_PE,D,20181017,000000,6.8363,6.8363,6.8363,6.8363,0,0
AML_PE,D,20181018,000000,6.8363,6.8363,6.7463,6.8363,0,0
AML_PE,D,20181019,000000,6.7463,6.7463,6.6564,6.6564,0,0
AML_PE,D,20181022,000000,6.6564,6.7463,6.6564,6.7463,0,0
AML_PE,D,20181023,000000,6.5664,6.8363,6.5664,6.8363,0,0
AML_PE,D,20181024,000000,6.8363,6.9262,6.6564,6.9262,0,0
AML_PE,D,20181025,000000,6.6564,6.9262,6.6564,6.8363,0,0
AML_PE,D,20181026,000000,6.7463,6.8363,6.6564,6.7463,0,0
AML_PE,D,20181029,000000,6.8363,6.8363,6.6564,6.8363,0,0
AML_PE,D,20181030,000000,6.8363,6.8363,6.7463,6.7463,0,0
AML_PE,D,20181031,000000,6.7463,6.7463,6.5664,6.6564,0,0
AML_PE,D,20181102,000000,6.7463,6.8363,6.7463,6.8363,0,0
AML_PE,D,20181105,000000,6.9262,6.9262,6.8363,6.8363,0,0
AML_PE,D,20181106,000000,6.9262,6.9262,6.6564,6.6564,0,0
AML_PE,D,20181107,000000,6.5664,6.5664,6.4765,6.5664,0,0
AML_PE,D,20181108,000000,6.5664,6.5664,6.3865,6.3865,0,0
AML_PE,D,20181109,000000,6.4765,6.5664,6.2966,6.3865,0,0
AML_PE,D,20181113,000000,6.2966,6.3865,6.2966,6.3865,0,0
AML_PE,D,20181114,000000,6.6564,6.6564,6.1167,6.1167,0,0
AML_PE,D,20181115,000000,6.1167,6.2066,6.1167,6.1167,0,0
AML_PE,D,20181116,000000,6.2066,6.2066,6.0267,6.1167,0,0
AML_PE,D,20181119,000000,6.1167,6.1167,6.1167,6.1167,0,0
AML_PE,D,20181120,000000,6.1167,6.2966,6.1167,6.1167,0,0
AML_PE,D,20181121,000000,6.0267,6.2966,6.0267,6.2066,0,0
AML_PE,D,20181122,000000,6.2066,6.3865,6.2066,6.2066,0,0
AML_PE,D,20181123,000000,6.1167,6.3865,6.1167,6.3865,0,0
AML_PE,D,20181126,000000,6.3865,6.3865,6.1167,6.3865,0,0
AML_PE,D,20181127,000000,6.3865,6.4765,6.3865,6.4765,0,0
AML_PE,D,20181128,000000,6.3865,6.5664,6.3865,6.4765,0,0
AML_PE,D,20181129,000000,6.4765,6.6564,6.4765,6.6564,0,0
AML_PE,D,20181130,000000,6.6564,6.6564,6.4765,6.5664,0,0
AML_PE,D,20181203,000000,6.5664,6.5664,6.3865,6.3865,0,0
AML_PE,D,20181204,000000,6.3865,6.3865,6.2066,6.3865,0,0
AML_PE,D,20181205,000000,6.2966,6.2966,6.2066,6.2066,0,0
AML_PE,D,20181206,000000,6.1167,6.2066,6.0267,6.2066,0,0
AML_PE,D,20181207,000000,6.2066,6.2066,6.1167,6.2066,0,0
AML_PE,D,20181210,000000,6.0267,6.1167,6.0267,6.1167,0,0
AML_PE,D,20181211,000000,6.0267,6.1167,6.0267,6.1167,0,0
AML_PE,D,20181212,000000,6.1167,6.3865,6.1167,6.3865,0,0
AML_PE,D,20181213,000000,6.2966,6.5664,6.2966,6.5664,0,0
AML_PE,D,20181214,000000,6.4765,6.5664,6.3865,6.3865,0,0
AML_PE,D,20181217,000000,6.3865,6.3865,6.2966,6.3865,0,0
AML_PE,D,20181218,000000,6.2066,6.2966,6.2066,6.2066,0,0
AML_PE,D,20181219,000000,6.2966,6.2966,6.1167,6.2066,0,0
AML_PE,D,20181220,000000,6.1167,6.2966,6.0267,6.1167,0,0
AML_PE,D,20181221,000000,6.0267,6.0267,6.0267,6.0267,0,0
AML_PE,D,20181227,000000,5.9368,6.0267,5.9368,6.0267,0,0
AML_PE,D,20181228,000000,6.0267,6.2066,6.0267,6.2066,0,0
AML_PE,D,20190102,000000,6.2066,6.2066,5.9368,6.0267,0,0
AML_PE,D,20190103,000000,6.2066,6.2066,5.8468,5.9368,0,0
AML_PE,D,20190104,000000,6.1167,6.1167,5.7569,5.7569,0,0
AML_PE,D,20190107,000000,5.7569,5.7569,5.577,5.7569,0,0
AML_PE,D,20190108,000000,5.8468,5.8468,5.7569,5.7569,0,0
AML_PE,D,20190109,000000,5.7569,5.8468,5.6669,5.6669,0,0
AML_PE,D,20190110,000000,5.6669,5.6669,5.577,5.6669,0,0
AML_PE,D,20190111,000000,5.6669,5.7569,5.6669,5.6669,0,0
AML_PE,D,20190114,000000,5.6669,5.6669,5.6669,5.6669,0,0
AML_PE,D,20190115,000000,5.6669,5.6669,5.577,5.577,0,0
AML_PE,D,20190116,000000,5.6669,5.8468,5.6669,5.8468,0,0
AML_PE,D,20190117,000000,5.8468,5.9368,5.6669,5.7569,0,0
AML_PE,D,20190118,000000,5.7569,5.7569,5.6669,5.6669,0,0
AML_PE,D,20190121,000000,5.6669,5.6669,5.577,5.6669,0,0
AML_PE,D,20190122,000000,5.6669,5.6669,5.6669,5.6669,0,0
AML_PE,D,20190123,000000,5.6669,5.7569,5.6669,5.6669,0,0
AML_PE,D,20190124,000000,5.7569,5.7569,5.6669,5.6669,0,0
AML_PE,D,20190125,000000,5.7569,5.7569,5.6669,5.6669,0,0
AML_PE,D,20190128,000000,5.7569,5.7569,5.6669,5.7569,0,0
AML_PE,D,20190129,000000,5.7569,5.7569,5.6669,5.7569,0,0
AML_PE,D,20190130,000000,5.7569,5.7569,5.6669,5.6669,0,0
AML_PE,D,20190131,000000,5.6669,5.8468,5.6669,5.8468,0,0
AML_PE,D,20190201,000000,5.8468,6.1167,5.8468,6.1167,0,0
AML_PE,D,20190204,000000,6.1167,6.2966,6.1167,6.2066,0,0
AML_PE,D,20190205,000000,6.2966,6.3865,6.2966,6.3865,0,0
AML_PE,D,20190206,000000,6.3865,6.3865,6.2066,6.3865,0,0
AML_PE,D,20190207,000000,6.3865,6.3865,6.2066,6.2066,0,0
AML_PE,D,20190208,000000,6.2066,6.2066,6.1167,6.1167,0,0
AML_PE,D,20190211,000000,6.2066,6.3865,6.1167,6.2966,0,0
AML_PE,D,20190212,000000,6.2966,6.3865,6.2066,6.2066,0,0
AML_PE,D,20190213,000000,6.2966,6.3865,6.0267,6.1167,0,0
AML_PE,D,20190214,000000,6.1167,6.2066,6.1167,6.1167,0,0
AML_PE,D,20190215,000000,6.1167,6.2066,6.0267,6.2066,0,0
AML_PE,D,20190218,000000,6.2066,6.2066,6.0267,6.0267,0,0
AML_PE,D,20190219,000000,6.0267,6.0267,5.9368,6.0267,0,0
AML_PE,D,20190220,000000,6.0267,6.2066,6.0267,6.1167,0,0
AML_PE,D,20190221,000000,6.1167,6.1167,5.9368,6.0267,0,0
AML_PE,D,20190222,000000,6.0267,6.2066,6.0267,6.1167,0,0
AML_PE,D,20190225,000000,6.1167,6.2966,6.1167,6.2066,0,0
AML_PE,D,20190226,000000,6.2066,6.2066,6.1167,6.1167,0,0
AML_PE,D,20190227,000000,6.1167,6.2066,6.1167,6.2066,0,0
AML_PE,D,20190228,000000,6.2066,6.2066,6.2066,6.2066,0,0
AML_PE,D,20190301,000000,6.2966,6.3865,6.2066,6.2966,0,0
AML_PE,D,20190304,000000,6.2966,6.2966,6.2066,6.2966,0,0
AML_PE,D,20190305,000000,6.2966,6.3865,6.2066,6.2066,0,0
AML_PE,D,20190306,000000,6.2066,6.2966,6.2066,6.2966,0,0
AML_PE,D,20190307,000000,6.2966,6.2966,6.2066,6.2066,0,0
AML_PE,D,20190308,000000,6.2066,6.2966,6.2066,6.2966,0,0
AML_PE,D,20190311,000000,6.2966,6.2966,6.2966,6.2966,0,0
AML_PE,D,20190312,000000,6.2966,6.2966,6.2966,6.2966,0,0
AML_PE,D,20190313,000000,6.2966,6.6564,6.2966,6.5664,0,0
AML_PE,D,20190314,000000,6.5664,6.6564,6.4765,6.4765,0,0
AML_PE,D,20190315,000000,6.4765,6.4765,6.4765,6.4765,0,0
AML_PE,D,20190318,000000,6.4765,6.4765,6.4765,6.4765,0,0
AML_PE,D,20190319,000000,6.4765,6.5664,6.4765,6.4765,0,0
AML_PE,D,20190320,000000,6.5664,6.5664,6.4765,6.5664,0,0
AML_PE,D,20190321,000000,6.5664,6.6564,6.5664,6.6564,0,0
AML_PE,D,20190322,000000,6.8363,8.4554,6.4765,8.4554,0,0
AML_PE,D,20190325,000000,8.4554,8.4554,8.2755,8.3654,0,0
AML_PE,D,20190326,000000,8.3654,8.5453,8.3654,8.4554,0,0
AML_PE,D,20190327,000000,8.5453,8.6353,8.4554,8.4554,0,0
AML_PE,D,20190328,000000,8.4554,8.5453,8.3654,8.3654,0,0
AML_PE,D,20190329,000000,8.3654,8.3654,8.2755,8.3654,0,0
AML_PE,D,20190401,000000,8.4554,8.5453,8.2755,8.3654,0,0
AML_PE,D,20190402,000000,8.3654,8.3654,8.2755,8.2755,0,0
AML_PE,D,20190403,000000,8.1855,8.3654,8.1855,8.3654,0,0
AML_PE,D,20190404,000000,8.3654,8.3654,8.1855,8.3654,0,0
AML_PE,D,20190405,000000,8.3654,8.3654,8.2755,8.2755,0,0
AML_PE,D,20190408,000000,8.2755,8.3654,8.1855,8.3654,0,0
AML_PE,D,20190409,000000,8.3654,8.3654,8.3654,8.3654,0,0
AML_PE,D,20190410,000000,8.3654,8.4554,8.2755,8.4554,0,0
AML_PE,D,20190411,000000,8.4554,8.5453,8.3654,8.5453,0,0
AML_PE,D,20190412,000000,8.6353,8.7252,8.5453,8.6353,0,0
AML_PE,D,20190415,000000,8.6353,8.7252,8.5453,8.6353,0,0
AML_PE,D,20190416,000000,8.7252,8.7252,8.5453,8.6353,0,0
AML_PE,D,20190417,000000,8.6353,8.8152,8.6353,8.7252,0,0
AML_PE,D,20190418,000000,8.7252,8.7252,8.6353,8.7252,0,0
AML_PE,D,20190423,000000,8.7252,8.7252,8.6353,8.7252,0,0
AML_PE,D,20190424,000000,8.7252,8.7252,8.6353,8.6353,0,0
AML_PE,D,20190425,000000,8.6353,8.6353,8.5453,8.6353,0,0
AML_PE,D,20190426,000000,8.6353,8.6353,8.5453,8.5453,0,0
AML_PE,D,20190429,000000,8.5453,8.7252,8.5453,8.6353,0,0
AML_PE,D,20190430,000000,8.6353,8.6353,8.5453,8.5453,0,0
AML_PE,D,20190502,000000,8.6353,8.6353,8.6353,8.6353,0,0
AML_PE,D,20190506,000000,8.6353,8.6353,8.3654,8.3654,0,0
AML_PE,D,20190507,000000,8.3654,8.3654,8.1855,8.2755,0,0
AML_PE,D,20190508,000000,8.2755,8.2755,7.9157,8.0056,0,0
AML_PE,D,20190509,000000,7.9157,8.0056,7.8257,7.8257,0,0
AML_PE,D,20190510,000000,7.8257,8.0056,7.8257,7.9157,0,0
AML_PE,D,20190513,000000,7.9157,8.1855,7.9157,8.0956,0,0
AML_PE,D,20190514,000000,8.0056,8.0956,8.0056,8.0056,0,0
AML_PE,D,20190515,000000,8.0056,8.0956,7.9157,7.9157,0,0
AML_PE,D,20190516,000000,7.9157,7.9157,7.8257,7.8257,0,0
AML_PE,D,20190517,000000,7.7358,8.5453,7.286,8.5453,0,0
AML_PE,D,20190520,000000,8.6353,8.6353,8.2755,8.2755,0,0
AML_PE,D,20190521,000000,8.3654,8.3654,8.2755,8.2755,0,0
AML_PE,D,20190522,000000,8.3654,8.3654,8.2755,8.2755,0,0
AML_PE,D,20190523,000000,8.3654,8.6353,8.3654,8.5453,0,0
AML_PE,D,20190524,000000,8.5453,9.085,8.5453,9.085,0,0
AML_PE,D,20190527,000000,9.085,9.265,8.9951,9.175,0,0
AML_PE,D,20190528,000000,9.175,10.164,9.175,9.265,0,0
AML_PE,D,20190529,000000,9.265,9.3549,8.9951,9.085,0,0
AML_PE,D,20190530,000000,9.085,9.175,9.085,9.085,0,0
AML_PE,D,20190531,000000,9.085,9.085,8.9051,8.9051,0,0
AML_PE,D,20190603,000000,8.9951,9.085,8.9051,8.9951,0,0
AML_PE,D,20190604,000000,9.085,9.085,8.9051,8.9951,0,0
AML_PE,D,20190605,000000,8.9951,8.9951,8.9051,8.9051,0,0
AML_PE,D,20190606,000000,9.3,9.3,9.1,9.3,0,0
AML_PE,D,20190607,000000,9.3,9.3,9.1,9.1,0,0
AML_PE,D,20190610,000000,9.1,9.1,8.7,8.8,0,0
AML_PE,D,20190611,000000,8.8,8.8,8.6,8.8,0,0
AML_PE,D,20190612,000000,8.9,8.9,8.9,8.9,0,0
AML_PE,D,20190613,000000,9,9,8.9,9,0,0
AML_PE,D,20190614,000000,9,9.2,9,9.1,0,0
AML_PE,D,20190617,000000,9.2,9.2,9,9.1,0,0
AML_PE,D,20190618,000000,9.1,9.1,9,9.1,0,0
AML_PE,D,20190619,000000,9,9.1,9,9,0,0
AML_PE,D,20190621,000000,9,9,8.9,9,0,0
AML_PE,D,20190624,000000,9,9.1,9,9,0,0
AML_PE,D,20190625,000000,8.9,9,8.9,9,0,0
AML_PE,D,20190626,000000,9,9,8.8,8.8,0,0
AML_PE,D,20190627,000000,8.8,9,8.8,9,0,0
AML_PE,D,20190628,000000,9.1,9.1,8.9,9,0,0
AML_PE,D,20190701,000000,9,9.1,9,9,0,0
AML_PE,D,20190702,000000,9.1,9.1,9,9,0,0
AML_PE,D,20190703,000000,9.1,9.1,9,9,0,0
AML_PE,D,20190704,000000,9,9,8.7,8.7,0,0
AML_PE,D,20190705,000000,8.7,8.8,8.6,8.7,0,0
AML_PE,D,20190708,000000,8.7,8.7,8.5,8.6,0,0
AML_PE,D,20190709,000000,8.6,8.6,8.5,8.6,0,0
AML_PE,D,20190710,000000,8.6,8.8,8.6,8.8,0,0
AML_PE,D,20190711,000000,8.8,8.9,8.8,8.9,0,0
AML_PE,D,20190712,000000,8.9,9,8.8,9,0,0
AML_PE,D,20190715,000000,9,9,8.8,8.8,0,0
AML_PE,D,20190716,000000,8.8,8.9,8.8,8.9,0,0
AML_PE,D,20190717,000000,8.9,9,8.9,9,0,0
AML_PE,D,20190718,000000,8.8,9,8.8,9,0,0
AML_PE,D,20190719,000000,9,9,9,9,0,0
AML_PE,D,20190722,000000,9,9,9,9,0,0
AML_PE,D,20190723,000000,9,9,9,9,0,0
AML_PE,D,20190724,000000,9,9.1,9,9.1,0,0
AML_PE,D,20190725,000000,9.1,9.2,9.1,9.2,0,0
AML_PE,D,20190726,000000,9.3,9.3,9.1,9.2,0,0
AML_PE,D,20190729,000000,9.2,9.2,9,9.1,0,0
AML_PE,D,20190730,000000,9.1,9.1,9,9,0,0
AML_PE,D,20190731,000000,9,9.2,9,9.2,0,0
AML_PE,D,20190801,000000,9.2,9.2,9.1,9.2,0,0
AML_PE,D,20190802,000000,9,9.1,8.9,9,0,0
AML_PE,D,20190805,000000,9,9.1,8.8,8.9,0,0
AML_PE,D,20190806,000000,8.7,8.9,8.7,8.8,0,0
AML_PE,D,20190807,000000,8.7,8.8,8.6,8.8,0,0
AML_PE,D,20190808,000000,8.8,8.8,8.7,8.7,0,0
AML_PE,D,20190809,000000,8.7,8.8,8.7,8.8,0,0
AML_PE,D,20190812,000000,8.7,8.8,8.7,8.7,0,0
AML_PE,D,20190813,000000,8.7,8.7,8.6,8.7,0,0
AML_PE,D,20190814,000000,8.7,8.7,8.5,8.6,0,0
AML_PE,D,20190816,000000,8.6,8.7,8.5,8.7,0,0
AML_PE,D,20190819,000000,8.7,8.7,8.6,8.6,0,0
AML_PE,D,20190820,000000,8.6,10.5,8.5,10.5,0,0
AML_PE,D,20190821,000000,10.5,10.7,10.5,10.5,0,0
AML_PE,D,20190822,000000,10.5,10.6,10.5,10.6,0,0
AML_PE,D,20190823,000000,10.6,10.6,10.4,10.6,0,0
AML_PE,D,20190826,000000,10.6,10.6,10.4,10.5,0,0
AML_PE,D,20190827,000000,10.5,10.6,10.4,10.6,0,0
AML_PE,D,20190828,000000,10.6,10.6,10.4,10.5,0,0
AML_PE,D,20190829,000000,10.4,10.5,10.1,10.3,0,0
AML_PE,D,20190830,000000,10.5,10.5,10.2,10.3,0,0
AML_PE,D,20190902,000000,10.3,10.5,10.3,10.5,0,0
AML_PE,D,20190903,000000,10.5,10.5,10.4,10.4,0,0
AML_PE,D,20190904,000000,10.5,10.5,10.3,10.4,0,0
AML_PE,D,20190905,000000,10.4,10.5,10.3,10.5,0,0
AML_PE,D,20190906,000000,10.4,10.4,10.3,10.4,0,0
AML_PE,D,20190909,000000,10.5,10.5,10.4,10.4,0,0
AML_PE,D,20190910,000000,10.5,10.7,10.5,10.6,0,0
AML_PE,D,20190911,000000,10.6,10.8,10.6,10.8,0,0
AML_PE,D,20190912,000000,10.8,10.8,10.5,10.5,0,0
AML_PE,D,20190913,000000,10.6,10.6,10.3,10.4,0,0
AML_PE,D,20190916,000000,10.4,10.4,10.3,10.4,0,0
AML_PE,D,20190917,000000,10.6,10.6,10.3,10.4,0,0
AML_PE,D,20190918,000000,10.4,10.4,10.2,10.3,0,0
AML_PE,D,20190919,000000,10.3,10.3,10.2,10.3,0,0
AML_PE,D,20190920,000000,10.3,10.3,10.2,10.3,0,0
AML_PE,D,20190923,000000,10.3,10.3,10.2,10.3,0,0
AML_PE,D,20190924,000000,10.3,10.4,10.3,10.4,0,0
AML_PE,D,20190925,000000,10.4,10.4,10.2,10.3,0,0
AML_PE,D,20190926,000000,10.4,10.4,10.2,10.4,0,0
AML_PE,D,20190927,000000,10.4,10.4,10.2,10.4,0,0
AML_PE,D,20190930,000000,10.4,10.4,10.2,10.2,0,0
AML_PE,D,20191001,000000,10.3,10.3,10,10.1,0,0
AML_PE,D,20191002,000000,10,10.3,9.7,10.3,0,0
AML_PE,D,20191003,000000,10.1,10.5,10.1,10.4,0,0
AML_PE,D,20191004,000000,10.5,10.5,10.4,10.5,0,0
AML_PE,D,20191007,000000,10.4,10.5,10.3,10.5,0,0
AML_PE,D,20191008,000000,10.4,10.4,10.3,10.4,0,0
AML_PE,D,20191009,000000,10.4,10.4,10.3,10.4,0,0
AML_PE,D,20191010,000000,10.4,10.4,10.4,10.4,0,0
AML_PE,D,20191011,000000,10.4,10.4,10.3,10.4,0,0
AML_PE,D,20191014,000000,10.3,10.4,10.3,10.4,0,0
AML_PE,D,20191015,000000,10.4,10.4,10.3,10.4,0,0
AML_PE,D,20191016,000000,10.4,10.4,10.4,10.4,0,0
AML_PE,D,20191017,000000,10.4,10.5,10.3,10.5,0,0
AML_PE,D,20191018,000000,10.5,10.5,10.3,10.4,0,0
AML_PE,D,20191021,000000,10.4,10.4,10.3,10.3,0,0
AML_PE,D,20191022,000000,10.4,10.5,10.3,10.5,0,0
AML_PE,D,20191023,000000,10.5,10.5,10.4,10.4,0,0
AML_PE,D,20191024,000000,10.4,10.4,10.3,10.4,0,0
AML_PE,D,20191025,000000,10.4,10.4,10.3,10.4,0,0
AML_PE,D,20191028,000000,10.4,10.5,10.3,10.4,0,0
AML_PE,D,20191029,000000,10.5,10.5,10.4,10.4,0,0
AML_PE,D,20191030,000000,10.4,10.4,10.4,10.4,0,0
AML_PE,D,20191031,000000,10.4,10.4,10.3,10.4,0,0
AML_PE,D,20191104,000000,10.3,10.9,10.3,10.7,0,0
AML_PE,D,20191105,000000,10.8,10.9,10.5,10.9,0,0
AML_PE,D,20191106,000000,10.9,11.2,10.9,11.1,0,0
AML_PE,D,20191107,000000,11.1,11.2,10.9,11.1,0,0
AML_PE,D,20191108,000000,11.1,11.1,10.9,11.1,0,0
AML_PE,D,20191112,000000,11.2,11.2,11,11.1,0,0
AML_PE,D,20191113,000000,11.2,11.2,10.8,10.9,0,0
AML_PE,D,20191114,000000,10.9,10.9,10.6,10.8,0,0
AML_PE,D,20191115,000000,10.9,10.9,10.8,10.8,0,0
AML_PE,D,20191118,000000,10.8,11,10.7,10.7,0,0
AML_PE,D,20191119,000000,10.6,13.5,10.6,13.5,0,0
AML_PE,D,20191120,000000,13.6,13.9,13.5,13.8,0,0
AML_PE,D,20191121,000000,13.8,13.9,13.7,13.8,0,0
AML_PE,D,20191122,000000,14,14.2,13.8,13.8,0,0
AML_PE,D,20191125,000000,14,14,13.8,14,0,0
AML_PE,D,20191126,000000,14.1,14.1,13.8,13.8,0,0
AML_PE,D,20191127,000000,13.8,13.9,13.8,13.8,0,0
AML_PE,D,20191128,000000,13.9,14.1,13.9,14.1,0,0
AML_PE,D,20191129,000000,14.1,15,14.1,14.8,0,0
AML_PE,D,20191202,000000,14.9,15.2,14.8,14.8,0,0
AML_PE,D,20191203,000000,15,15,14.7,14.8,0,0
AML_PE,D,20191204,000000,14.8,14.8,14.5,14.5,0,0
AML_PE,D,20191205,000000,14.5,14.8,14.5,14.8,0,0
AML_PE,D,20191206,000000,14.7,14.9,14.7,14.9,0,0
AML_PE,D,20191209,000000,15,15,14.2,14.6,0,0
AML_PE,D,20191210,000000,14.6,14.6,14.6,14.6,0,0
AML_PE,D,20191211,000000,14.7,14.7,14.3,14.5,0,0
AML_PE,D,20191212,000000,14.4,14.8,14.4,14.6,0,0
AML_PE,D,20191213,000000,14.8,14.9,14.7,14.8,0,0
AML_PE,D,20191216,000000,14.8,14.8,14.5,14.8,0,0
AML_PE,D,20191217,000000,14.7,14.8,14.5,14.8,0,0
AML_PE,D,20191218,000000,14.4,14.8,14.4,14.6,0,0
AML_PE,D,20191219,000000,14.5,14.6,14.5,14.6,0,0
AML_PE,D,20191220,000000,14.6,14.6,14.5,14.5,0,0
AML_PE,D,20191223,000000,14.4,14.5,14.4,14.4,0,0
AML_PE,D,20191227,000000,14.4,14.6,14.4,14.4,0,0
AML_PE,D,20191230,000000,14.4,14.8,14.4,14.8,0,0
AML_PE,D,20200102,000000,14.8,15.4,14.7,15.4,0,0
AML_PE,D,20200103,000000,15.4,16.1,15.2,16.1,0,0
AML_PE,D,20200107,000000,16.1,16.1,15.7,15.9,0,0
AML_PE,D,20200108,000000,15.9,16,15.9,15.9,0,0
AML_PE,D,20200109,000000,16,16,15.9,15.9,0,0
AML_PE,D,20200110,000000,15.8,16.1,15.8,16.1,0,0
AML_PE,D,20200113,000000,16.1,16.2,16.1,16.2,0,0
AML_PE,D,20200114,000000,16.2,16.7,16.2,16.6,0,0
AML_PE,D,20200115,000000,16.2,16.6,16.2,16.4,0,0
AML_PE,D,20200116,000000,16.4,16.6,16.4,16.6,0,0
AML_PE,D,20200117,000000,16.6,16.6,16.3,16.6,0,0
AML_PE,D,20200120,000000,16.5,16.5,15.9,15.9,0,0
AML_PE,D,20200121,000000,16,16.5,15.8,16.5,0,0
AML_PE,D,20200122,000000,16.5,16.5,16.1,16.3,0,0
AML_PE,D,20200123,000000,16.3,16.3,15.5,15.6,0,0
AML_PE,D,20200124,000000,15.7,15.9,15.4,15.9,0,0
AML_PE,D,20200127,000000,15.9,16,15.6,15.7,0,0
AML_PE,D,20200128,000000,15.6,15.8,15.6,15.8,0,0
AML_PE,D,20200129,000000,15.8,15.8,15.7,15.8,0,0
AML_PE,D,20200130,000000,15.8,15.9,15.5,15.8,0,0
AML_PE,D,20200131,000000,15.8,16.2,15.8,16.2,0,0
AML_PE,D,20200203,000000,16.3,16.4,16.2,16.4,0,0
AML_PE,D,20200204,000000,16.5,16.7,16.3,16.7,0,0
AML_PE,D,20200205,000000,16.7,16.8,16.7,16.8,0,0
AML_PE,D,20200206,000000,16.9,16.9,16.8,16.8,0,0
AML_PE,D,20200207,000000,16.8,16.9,16.6,16.6,0,0
AML_PE,D,20200210,000000,16.6,16.6,16.4,16.5,0,0
AML_PE,D,20200211,000000,16.4,16.8,16.4,16.8,0,0
AML_PE,D,20200212,000000,16.8,16.8,16.2,16.2,0,0
AML_PE,D,20200213,000000,16.4,16.4,16.2,16.2,0,0
AML_PE,D,20200214,000000,16.6,16.6,16.3,16.3,0,0
AML_PE,D,20200217,000000,16.3,17.1,16.2,17.1,0,0
AML_PE,D,20200218,000000,17.2,17.2,16.9,16.9,0,0
AML_PE,D,20200219,000000,17,17.3,17,17.1,0,0
AML_PE,D,20200220,000000,17.1,17.3,17,17.2,0,0
AML_PE,D,20200221,000000,17.2,17.3,16.9,17,0,0
AML_PE,D,20200224,000000,17,17,15.5,15.9,0,0
AML_PE,D,20200225,000000,16,16.6,15.6,16.1,0,0
AML_PE,D,20200226,000000,16.1,16.2,15.7,16.1,0,0
AML_PE,D,20200227,000000,16.1,16.1,14.8,14.8,0,0
AML_PE,D,20200228,000000,14.5,14.8,13.5,14.4,0,0
AML_PE,D,20200302,000000,13.8,15,13.8,14.1,0,0
AML_PE,D,20200303,000000,14.2,14.8,14.2,14.8,0,0
AML_PE,D,20200304,000000,14.7,14.8,14.4,14.6,0,0
AML_PE,D,20200305,000000,15.1,15.1,14.3,14.6,0,0
AML_PE,D,20200306,000000,14.7,14.7,14.1,14.2,0,0
AML_PE,D,20200309,000000,13.6,13.7,13.1,13.7,0,0
AML_PE,D,20200310,000000,13.4,14,13.4,13.9,0,0
AML_PE,D,20200311,000000,13.6,13.8,12.8,12.9,0,0
AML_PE,D,20200312,000000,12.4,12.4,11.8,12.1,0,0
AML_PE,D,20200313,000000,11.4,12.8,11.4,12.8,0,0
AML_PE,D,20200316,000000,11.4,11.9,10.4,11.4,0,0
AML_PE,D,20200317,000000,11.4,11.7,11.4,11.5,0,0
AML_PE,D,20200318,000000,11.4,11.4,10.8,10.9,0,0
AML_PE,D,20200319,000000,10.9,11.5,10.9,11.2,0,0
AML_PE,D,20200320,000000,11.3,11.8,11.1,11.1,0,0
AML_PE,D,20200323,000000,12.2,12.2,11.1,11.1,0,0
AML_PE,D,20200324,000000,11.1,12,9.9,9.9,0,0
AML_PE,D,20200325,000000,10.1,10.2,9.9,10.1,0,0
AML_PE,D,20200326,000000,9.9,10.4,9.9,10.4,0,0
AML_PE,D,20200327,000000,10.4,10.5,10.3,10.5,0,0
AML_PE,D,20200330,000000,10.5,10.5,10.1,10.4,0,0
AML_PE,D,20200331,000000,10.5,10.7,10.5,10.6,0,0
AML_PE,D,20200401,000000,10.4,10.6,10.3,10.4,0,0
AML_PE,D,20200402,000000,10.4,10.5,10.3,10.4,0,0
AML_PE,D,20200403,000000,10.4,10.4,10.2,10.2,0,0
AML_PE,D,20200406,000000,10.4,10.7,10.4,10.5,0,0
AML_PE,D,20200407,000000,10.6,11,10.6,10.8,0,0
AML_PE,D,20200408,000000,10.8,11.1,10.8,10.8,0,0
AML_PE,D,20200409,000000,10.9,11.4,10.9,11.2,0,0
AML_PE,D,20200414,000000,11.5,12,11.2,11.4,0,0
AML_PE,D,20200415,000000,11.4,11.7,10.8,11,0,0
AML_PE,D,20200416,000000,11,11,10.6,11,0,0
AML_PE,D,20200417,000000,10.9,11.4,10.9,11.4,0,0
AML_PE,D,20200420,000000,11.4,11.6,11.3,11.3,0,0
AML_PE,D,20200421,000000,11.3,11.3,10.9,10.9,0,0
AML_PE,D,20200422,000000,10.9,11.3,10.9,11.3,0,0
AML_PE,D,20200423,000000,10.9,11.4,10.7,11.4,0,0
AML_PE,D,20200424,000000,11.2,11.4,11.1,11.1,0,0
AML_PE,D,20200427,000000,11.1,11.3,11.1,11.1,0,0
AML_PE,D,20200428,000000,11.1,11.3,11.1,11.3,0,0
AML_PE,D,20200429,000000,11.3,12.3,11.3,11.7,0,0
AML_PE,D,20200430,000000,12.3,12.3,12,12,0,0
AML_PE,D,20200504,000000,12.2,12.2,11.7,11.7,0,0
AML_PE,D,20200505,000000,12,12,11.5,11.6,0,0
AML_PE,D,20200506,000000,11.7,11.7,11.5,11.7,0,0
AML_PE,D,20200507,000000,11.7,12.2,11.5,12,0,0
AML_PE,D,20200508,000000,12,12,12,12,0,0
AML_PE,D,20200511,000000,11.9,12,11.9,12,0,0
AML_PE,D,20200512,000000,12,12,11.8,12,0,0
AML_PE,D,20200513,000000,12,12,11.7,11.7,0,0
AML_PE,D,20200514,000000,11.7,11.7,11.5,11.7,0,0
AML_PE,D,20200515,000000,11.5,11.5,10.4,11.5,0,0
AML_PE,D,20200518,000000,11.6,12.1,11.6,12.1,0,0
AML_PE,D,20200519,000000,12.1,12.2,12,12.1,0,0
AML_PE,D,20200520,000000,12.1,12.1,12,12.1,0,0
AML_PE,D,20200521,000000,11.8,12.3,11.8,12.1,0,0
AML_PE,D,20200522,000000,12.1,12.7,12.1,12.6,0,0
AML_PE,D,20200525,000000,12.5,12.5,12.2,12.4,0,0
AML_PE,D,20200526,000000,12.4,12.5,12.4,12.5,0,0
AML_PE,D,20200527,000000,12.5,12.5,12.3,12.5,0,0
AML_PE,D,20200528,000000,12.3,12.5,12.3,12.3,0,0
AML_PE,D,20200529,000000,12.3,12.6,12.2,12.6,0,0
AML_PE,D,20200601,000000,12.6,12.7,12.4,12.6,0,0
AML_PE,D,20200602,000000,12.6,13,12.6,12.8,0,0
AML_PE,D,20200603,000000,12.8,13.7,12.8,13.3,0,0
AML_PE,D,20200604,000000,13.4,13.4,13.2,13.3,0,0
AML_PE,D,20200605,000000,13.2,13.5,13.2,13.3,0,0
AML_PE,D,20200608,000000,13.1,13.2,13,13.1,0,0
AML_PE,D,20200609,000000,13.1,13.3,13.1,13.2,0,0
AML_PE,D,20200610,000000,13.1,13.2,13.1,13.1,0,0
AML_PE,D,20200612,000000,12.8,13.1,12.7,13,0,0
AML_PE,D,20200615,000000,12.9,12.9,12.8,12.8,0,0
AML_PE,D,20200616,000000,12.8,13.1,12.8,13,0,0
AML_PE,D,20200617,000000,13,13.3,13,13.3,0,0
AML_PE,D,20200618,000000,13.3,13.3,13.1,13.3,0,0
AML_PE,D,20200619,000000,13.1,13.3,13.1,13.1,0,0
AML_PE,D,20200622,000000,13.3,13.3,13,13.1,0,0
AML_PE,D,20200623,000000,13.1,13.3,13,13.3,0,0
AML_PE,D,20200624,000000,13.4,13.4,13.1,13.3,0,0
AML_PE,D,20200625,000000,13.1,13.1,13,13.1,0,0
AML_PE,D,20200626,000000,13.2,13.2,13.1,13.2,0,0
AML_PE,D,20200629,000000,13,13.1,12.6,13,0,0
AML_PE,D,20200630,000000,12.8,12.8,12.6,12.8,0,0
AML_PE,D,20200701,000000,12.8,12.8,12.5,12.8,0,0
AML_PE,D,20200702,000000,12.5,12.7,12.5,12.6,0,0
AML_PE,D,20200703,000000,12.6,12.8,12.6,12.6,0,0
AML_PE,D,20200706,000000,12.6,13.1,12.6,13.1,0,0
AML_PE,D,20200707,000000,13.1,13.3,12.7,12.8,0,0
AML_PE,D,20200708,000000,12.8,12.9,12.6,12.6,0,0
AML_PE,D,20200709,000000,12.6,12.7,12.6,12.7,0,0
AML_PE,D,20200710,000000,12.9,12.9,12.6,12.7,0,0
AML_PE,D,20200713,000000,12.7,13.2,12.7,13.1,0,0
AML_PE,D,20200714,000000,13.1,13.1,12.6,12.7,0,0
AML_PE,D,20200715,000000,12.7,12.9,12.7,12.8,0,0
AML_PE,D,20200716,000000,12.9,12.9,12.9,12.9,0,0
AML_PE,D,20200717,000000,12.9,12.9,12.8,12.8,0,0
AML_PE,D,20200720,000000,12.8,12.8,12.6,12.8,0,0
AML_PE,D,20200721,000000,12.8,12.9,12.7,12.8,0,0
AML_PE,D,20200722,000000,12.7,12.9,12.7,12.7,0,0
AML_PE,D,20200723,000000,12.6,12.6,12.6,12.6,0,0
AML_PE,D,20200724,000000,12.9,12.9,12.5,12.8,0,0
AML_PE,D,20200727,000000,12.8,12.9,12.6,12.6,0,0
AML_PE,D,20200728,000000,12.6,12.6,12.5,12.5,0,0
AML_PE,D,20200729,000000,12.5,12.6,12.5,12.5,0,0
AML_PE,D,20200730,000000,12.6,12.7,12.1,12.6,0,0
AML_PE,D,20200731,000000,11.9,12.3,11.9,12.3,0,0
AML_PE,D,20200803,000000,12.4,12.7,12,12.5,0,0
AML_PE,D,20200804,000000,12.5,12.7,12.2,12.4,0,0
AML_PE,D,20200805,000000,12.4,12.5,12.2,12.3,0,0
AML_PE,D,20200806,000000,12.4,12.7,12.1,12.2,0,0
AML_PE,D,20200807,000000,12.2,12.7,11.9,12.7,0,0
AML_PE,D,20200810,000000,12,12.3,12,12.3,0,0
AML_PE,D,20200811,000000,12.4,12.4,12.1,12.3,0,0
AML_PE,D,20200812,000000,12.1,12.1,11.6,11.9,0,0
AML_PE,D,20200813,000000,11.7,11.8,11.7,11.8,0,0
AML_PE,D,20200814,000000,11.8,12,11.7,12,0,0
AML_PE,D,20200817,000000,12,12,11.8,12,0,0
AML_PE,D,20200818,000000,12,12,11.9,11.9,0,0
AML_PE,D,20200819,000000,11.9,12.1,11.9,12.1,0,0
AML_PE,D,20200820,000000,12.1,12.1,12,12,0,0
AML_PE,D,20200821,000000,12,12,12,12,0,0
