<TICKER>,<PER>,<DATE>,<TIME>,<OPEN>,<HIGH>,<LOW>,<CLOSE>,<VOL>,<OPENINT>
APE_PE,D,20130808,000000,13.73,13.73,13.73,13.73,0,0
APE_PE,D,20130809,000000,13.637,13.637,12.547,12.547,0,0
APE_PE,D,20130813,000000,12.818,12.818,12.547,12.547,0,0
APE_PE,D,20130814,000000,12.183,12.183,10.909,12.183,0,0
APE_PE,D,20130816,000000,11.82,12.547,11.82,12.547,0,0
APE_PE,D,20130819,000000,12.183,12.183,11.365,11.365,0,0
APE_PE,D,20130820,000000,11.547,12.547,11.365,11.547,0,0
APE_PE,D,20130821,000000,11.547,11.728,11.365,11.728,0,0
APE_PE,D,20130822,000000,12.456,12.91,12.456,12.818,0,0
APE_PE,D,20130823,000000,12.818,12.818,12.818,12.818,0,0
APE_PE,D,20130826,000000,12.818,12.818,12.183,12.183,0,0
APE_PE,D,20130827,000000,12.183,12.183,12.183,12.183,0,0
APE_PE,D,20130828,000000,11.456,12.183,11.456,12.183,0,0
APE_PE,D,20130902,000000,12.002,12.002,11.365,11.365,0,0
APE_PE,D,20130903,000000,11.456,11.456,11.456,11.456,0,0
APE_PE,D,20130906,000000,12.002,12.002,12.002,12.002,0,0
APE_PE,D,20130909,000000,12.002,12.002,12.002,12.002,0,0
APE_PE,D,20130911,000000,11.82,11.82,11.82,11.82,0,0
APE_PE,D,20130919,000000,101.01,101.1,101.01,101.1,0,0
APE_PE,D,20130923,000000,101.01,101.1,101.01,101.1,0,0
APE_PE,D,20130926,000000,101.01,101.1,101.01,101.1,0,0
APE_PE,D,20131001,000000,95.461,95.555,95.461,95.555,0,0
APE_PE,D,20131009,000000,100.74,100.83,100.74,100.83,0,0
APE_PE,D,20131010,000000,101.01,101.1,96.106,101.1,0,0
APE_PE,D,20131022,000000,99.382,99.382,97.746,97.91,0,0
APE_PE,D,20131023,000000,96.106,96.284,96.106,96.284,0,0
APE_PE,D,20131025,000000,96.106,96.106,95.461,95.555,0,0
APE_PE,D,20131030,000000,95.461,95.555,95.461,95.555,0,0
APE_PE,D,20131031,000000,101.01,101.1,101.01,101.1,0,0
APE_PE,D,20131104,000000,101.01,101.1,101.01,101.1,0,0
APE_PE,D,20131105,000000,97.746,97.91,97.746,97.91,0,0
APE_PE,D,20131107,000000,99.101,99.189,99.101,99.189,0,0
APE_PE,D,20131108,000000,97.746,97.91,97.746,97.91,0,0
APE_PE,D,20131113,000000,99.101,99.189,99.101,99.189,0,0
APE_PE,D,20131115,000000,99.101,99.189,99.101,99.189,0,0
APE_PE,D,20131118,000000,96.106,96.284,96.106,96.284,0,0
APE_PE,D,20131119,000000,99.101,101.1,99.101,101.1,0,0
APE_PE,D,20131120,000000,101.01,101.1,98.094,101.1,0,0
APE_PE,D,20131121,000000,101.01,101.01,101.01,101.01,0,0
APE_PE,D,20131122,000000,99.382,99.382,95.461,95.555,0,0
APE_PE,D,20131125,000000,98.375,101.1,98.375,101.1,0,0
APE_PE,D,20131126,000000,101.01,101.01,99.382,99.55,0,0
APE_PE,D,20131127,000000,100.74,100.83,100.74,100.83,0,0
APE_PE,D,20131129,000000,100.74,101.1,100.74,101.1,0,0
APE_PE,D,20131202,000000,101.01,101.1,101.01,101.1,0,0
APE_PE,D,20131203,000000,101.01,101.1,101.01,101.1,0,0
APE_PE,D,20131205,000000,99.73,99.83,99.73,99.83,0,0
APE_PE,D,20131206,000000,99.73,99.83,99.73,99.83,0,0
APE_PE,D,20131209,000000,99.73,99.83,97.746,99.83,0,0
APE_PE,D,20131210,000000,99.382,101.01,99.382,100.47,0,0
APE_PE,D,20131211,000000,99.382,99.55,99.382,99.55,0,0
APE_PE,D,20131212,000000,101.01,101.1,101.01,101.1,0,0
APE_PE,D,20131213,000000,99.382,99.382,97.746,97.91,0,0
APE_PE,D,20131216,000000,98.094,98.191,98.094,98.191,0,0
APE_PE,D,20131219,000000,25.639,25.639,25.094,25.094,0,0
APE_PE,D,20131220,000000,25.729,25.911,25.185,25.185,0,0
APE_PE,D,20131223,000000,25.821,25.911,25.821,25.911,0,0
APE_PE,D,20131230,000000,25.911,25.911,25.911,25.911,0,0
APE_PE,D,20140103,000000,26.821,26.913,25.911,25.911,0,0
APE_PE,D,20140107,000000,25.911,25.911,25.911,25.911,0,0
APE_PE,D,20140108,000000,25.911,25.911,25.911,25.911,0,0
APE_PE,D,20140109,000000,25.911,25.911,25.911,25.911,0,0
APE_PE,D,20140113,000000,27.184,29.276,27.184,29.185,0,0
APE_PE,D,20140114,000000,29.185,32.458,29.185,32.367,0,0
APE_PE,D,20140115,000000,31.731,32.185,31.275,32.185,0,0
APE_PE,D,20140116,000000,31.095,32.185,31.095,32.185,0,0
APE_PE,D,20140117,000000,31.731,31.731,31.731,31.731,0,0
APE_PE,D,20140120,000000,31.731,31.731,31.731,31.731,0,0
APE_PE,D,20140121,000000,31.731,33.003,31.731,33.003,0,0
APE_PE,D,20140122,000000,31.731,31.731,31.731,31.731,0,0
APE_PE,D,20140124,000000,31.731,31.731,31.731,31.731,0,0
APE_PE,D,20140127,000000,31.731,32.367,31.731,32.367,0,0
APE_PE,D,20140128,000000,31.731,31.731,31.731,31.731,0,0
APE_PE,D,20140129,000000,31.731,31.731,31.731,31.731,0,0
APE_PE,D,20140131,000000,31.731,31.731,31.731,31.731,0,0
APE_PE,D,20140203,000000,31.275,32.548,31.275,32.548,0,0
APE_PE,D,20140204,000000,32.548,32.548,32.548,32.548,0,0
APE_PE,D,20140205,000000,33.003,33.003,33.003,33.003,0,0
APE_PE,D,20140206,000000,32.912,33.458,32.548,33.277,0,0
APE_PE,D,20140207,000000,32.64,33.184,32.64,33.184,0,0
APE_PE,D,20140210,000000,33.184,34.277,33.184,33.458,0,0
APE_PE,D,20140211,000000,33.549,33.912,33.458,33.822,0,0
APE_PE,D,20140212,000000,33.822,33.822,33.822,33.822,0,0
APE_PE,D,20140213,000000,33.822,33.822,33.822,33.822,0,0
APE_PE,D,20140214,000000,33.731,33.731,33.458,33.458,0,0
APE_PE,D,20140217,000000,33.458,34.639,33.367,34.639,0,0
APE_PE,D,20140218,000000,35.912,36.276,35.458,35.458,0,0
APE_PE,D,20140219,000000,34.367,35.458,33.458,34.458,0,0
APE_PE,D,20140220,000000,34.185,35.458,33.367,35.458,0,0
APE_PE,D,20140221,000000,35.004,35.094,35.004,35.094,0,0
APE_PE,D,20140224,000000,34.912,36.276,34.912,36.276,0,0
APE_PE,D,20140225,000000,35.094,36.185,34.094,35.458,0,0
APE_PE,D,20140226,000000,33.912,35.458,33.912,35.458,0,0
APE_PE,D,20140227,000000,35.186,35.186,34.004,35.004,0,0
APE_PE,D,20140228,000000,35.004,35.367,34.004,35.367,0,0
APE_PE,D,20140303,000000,34.277,34.277,31.912,33.277,0,0
APE_PE,D,20140304,000000,33.367,33.549,31.275,33.458,0,0
APE_PE,D,20140305,000000,32.822,33.731,32.458,33.277,0,0
APE_PE,D,20140306,000000,32.458,33.277,31.185,33.277,0,0
APE_PE,D,20140307,000000,32.002,32.822,31.275,32.822,0,0
APE_PE,D,20140310,000000,32.822,33.277,31.185,32.548,0,0
APE_PE,D,20140311,000000,31.095,31.185,29.458,31.185,0,0
APE_PE,D,20140312,000000,29.639,29.639,26.913,28.185,0,0
APE_PE,D,20140313,000000,27.367,28.638,26.913,27.367,0,0
APE_PE,D,20140314,000000,26.729,26.729,22.73,25.003,0,0
APE_PE,D,20140317,000000,25.547,29.912,24.547,29.912,0,0
APE_PE,D,20140318,000000,27.003,27.003,26.913,26.913,0,0
APE_PE,D,20140319,000000,26.913,26.913,26.913,26.913,0,0
APE_PE,D,20140321,000000,26.913,26.913,26.913,26.913,0,0
APE_PE,D,20140324,000000,27.276,29.639,26.913,29.003,0,0
APE_PE,D,20140325,000000,27.003,27.003,26.913,26.913,0,0
APE_PE,D,20140326,000000,25.458,26.913,25.458,26.274,0,0
APE_PE,D,20140327,000000,26.093,26.093,26.093,26.093,0,0
APE_PE,D,20140328,000000,26.093,26.913,25.275,26.913,0,0
APE_PE,D,20140331,000000,26.913,26.913,26.913,26.913,0,0
APE_PE,D,20140401,000000,27.094,29.093,27.094,27.822,0,0
APE_PE,D,20140402,000000,27.822,28.275,27.003,28.185,0,0
APE_PE,D,20140403,000000,27.73,28.004,27.367,28.004,0,0
APE_PE,D,20140404,000000,27.548,27.548,12.183,12.183,0,0
APE_PE,D,20140407,000000,12.183,12.183,11.82,12.183,0,0
APE_PE,D,20140408,000000,12.091,12.091,11.91,12.002,0,0
APE_PE,D,20140409,000000,11.91,11.91,11.91,11.91,0,0
APE_PE,D,20140410,000000,11.91,11.91,11.91,11.91,0,0
APE_PE,D,20140411,000000,11.91,12.365,11.91,12.365,0,0
APE_PE,D,20140414,000000,12.638,12.638,12.456,12.456,0,0
APE_PE,D,20140415,000000,12.456,12.456,12.456,12.456,0,0
APE_PE,D,20140417,000000,12.456,12.456,12.456,12.456,0,0
APE_PE,D,20140423,000000,11.91,12.456,11.91,12.456,0,0
APE_PE,D,20140424,000000,12.002,12.547,12.002,12.456,0,0
APE_PE,D,20140425,000000,11.91,12.091,11.91,12.091,0,0
APE_PE,D,20140428,000000,12.091,12.183,11.91,12.183,0,0
APE_PE,D,20140430,000000,12.002,12.183,12.002,12.183,0,0
APE_PE,D,20140505,000000,12.091,12.183,12.091,12.183,0,0
APE_PE,D,20140506,000000,11.91,12.183,11.91,12.183,0,0
APE_PE,D,20140507,000000,11.456,12.183,11.365,12.002,0,0
APE_PE,D,20140509,000000,12.002,12.183,11.82,12.091,0,0
APE_PE,D,20140513,000000,11.82,12.275,11.82,12.183,0,0
APE_PE,D,20140514,000000,11.728,12.091,11.274,12.091,0,0
APE_PE,D,20140515,000000,12.091,12.547,11.184,12.456,0,0
APE_PE,D,20140516,000000,12.091,12.638,12.002,12.547,0,0
APE_PE,D,20140519,000000,12.365,12.638,12.365,12.638,0,0
APE_PE,D,20140520,000000,12.183,12.638,12.183,12.638,0,0
APE_PE,D,20140522,000000,12.547,13.092,12.547,13.092,0,0
APE_PE,D,20140523,000000,12.638,14.82,12.638,14.82,0,0
APE_PE,D,20140526,000000,14.638,14.638,14.274,14.274,0,0
APE_PE,D,20140527,000000,14,14.457,13.911,13.911,0,0
APE_PE,D,20140528,000000,13.911,14.457,13.911,14.365,0,0
APE_PE,D,20140530,000000,14.274,15.002,14.274,15.002,0,0
APE_PE,D,20140603,000000,13.365,14,13.001,14,0,0
APE_PE,D,20140605,000000,13.547,13.911,13.547,13.911,0,0
APE_PE,D,20140606,000000,13.911,14.638,13.911,14.638,0,0
APE_PE,D,20140609,000000,14.274,14.274,13.637,14.274,0,0
APE_PE,D,20140610,000000,14.457,14.457,14.457,14.457,0,0
APE_PE,D,20140611,000000,14.457,15.275,14.457,15.275,0,0
APE_PE,D,20140612,000000,15.275,15.275,14.457,15.002,0,0
APE_PE,D,20140613,000000,14.457,14.457,14.457,14.457,0,0
APE_PE,D,20140616,000000,15.002,15.002,14,15.002,0,0
APE_PE,D,20140620,000000,12.729,13.183,12.547,13.001,0,0
APE_PE,D,20140623,000000,12.547,12.547,12.456,12.456,0,0
APE_PE,D,20140624,000000,12.638,13.001,12.638,12.638,0,0
APE_PE,D,20140625,000000,12.275,13.001,12.275,13.001,0,0
APE_PE,D,20140627,000000,13.001,13.455,13.001,13.455,0,0
APE_PE,D,20140630,000000,13.455,13.455,12.547,13.455,0,0
APE_PE,D,20140701,000000,13.547,13.547,13.455,13.455,0,0
APE_PE,D,20140702,000000,12.818,13.365,12.818,13.365,0,0
APE_PE,D,20140704,000000,12.818,13.365,12.818,13.365,0,0
APE_PE,D,20140707,000000,13.365,13.365,13.365,13.365,0,0
APE_PE,D,20140708,000000,13.101,13.376,12.368,13.376,0,0
APE_PE,D,20140710,000000,13.008,13.466,13.008,13.466,0,0
APE_PE,D,20140711,000000,12.277,13.466,12.277,13.376,0,0
APE_PE,D,20140715,000000,13.376,13.376,13.376,13.376,0,0
APE_PE,D,20140716,000000,13.376,13.466,12.551,13.466,0,0
APE_PE,D,20140718,000000,12.643,13.466,12.643,13.376,0,0
APE_PE,D,20140722,000000,12.46,13.283,11.909,13.283,0,0
APE_PE,D,20140725,000000,12.368,13.101,12.368,13.101,0,0
APE_PE,D,20140728,000000,12.277,13.192,12.277,13.192,0,0
APE_PE,D,20140729,000000,12.46,13.101,11.726,13.101,0,0
APE_PE,D,20140731,000000,12.277,12.825,12.277,12.735,0,0
APE_PE,D,20140801,000000,12.643,12.735,10.902,12.185,0,0
APE_PE,D,20140804,000000,11.543,11.634,11.543,11.634,0,0
APE_PE,D,20140805,000000,11.634,11.909,11.361,11.909,0,0
APE_PE,D,20140806,000000,11.543,11.909,10.811,11.909,0,0
APE_PE,D,20140807,000000,11.085,12.277,10.902,11.819,0,0
APE_PE,D,20140808,000000,10.444,12.185,10.444,12.185,0,0
APE_PE,D,20140812,000000,10.536,12.092,10.536,12.092,0,0
APE_PE,D,20140813,000000,11.268,12.002,10.902,12.002,0,0
APE_PE,D,20140818,000000,11.909,12.092,11.909,12.092,0,0
APE_PE,D,20140819,000000,11.451,11.909,11.451,11.909,0,0
APE_PE,D,20140821,000000,11.451,11.909,11.361,11.726,0,0
APE_PE,D,20140822,000000,11.451,11.909,11.451,11.909,0,0
APE_PE,D,20140825,000000,11.909,11.909,11.909,11.909,0,0
APE_PE,D,20140828,000000,11.543,11.634,11.543,11.543,0,0
APE_PE,D,20140829,000000,11.543,11.819,11.177,11.819,0,0
APE_PE,D,20140901,000000,11.819,11.909,11.819,11.909,0,0
APE_PE,D,20140903,000000,11.268,11.909,11.268,11.268,0,0
APE_PE,D,20140904,000000,11.819,11.909,11.819,11.909,0,0
APE_PE,D,20140905,000000,11.268,11.909,11.268,11.909,0,0
APE_PE,D,20140908,000000,11.909,11.909,9.711,9.711,0,0
APE_PE,D,20140909,000000,9.711,9.711,9.711,9.711,0,0
APE_PE,D,20140910,000000,9.711,9.711,9.711,9.711,0,0
APE_PE,D,20140915,000000,9.161,9.711,9.161,9.711,0,0
APE_PE,D,20140917,000000,9.4366,9.711,9.4366,9.711,0,0
APE_PE,D,20140918,000000,9.4366,9.711,9.161,9.711,0,0
APE_PE,D,20140919,000000,9.161,9.161,9.161,9.161,0,0
APE_PE,D,20140922,000000,9.161,9.3446,8.7031,9.3446,0,0
APE_PE,D,20140924,000000,9.3446,9.803,9.3446,9.711,0,0
APE_PE,D,20140925,000000,9.711,9.711,9.711,9.711,0,0
APE_PE,D,20140929,000000,9.711,9.711,9.711,9.711,0,0
APE_PE,D,20140930,000000,9.711,9.711,9.711,9.711,0,0
APE_PE,D,20141006,000000,9.711,9.711,9.711,9.711,0,0
APE_PE,D,20141007,000000,9.711,9.711,9.711,9.711,0,0
APE_PE,D,20141008,000000,9.3446,9.711,9.161,9.62,0,0
APE_PE,D,20141010,000000,9.62,9.62,9.161,9.62,0,0
APE_PE,D,20141015,000000,9.4366,9.711,9.4366,9.711,0,0
APE_PE,D,20141016,000000,9.711,9.711,9.711,9.711,0,0
APE_PE,D,20141021,000000,9.161,9.711,9.161,9.711,0,0
APE_PE,D,20141029,000000,9.2536,9.2536,9.2536,9.2536,0,0
APE_PE,D,20141030,000000,9.2536,9.62,9.2536,9.62,0,0
APE_PE,D,20141031,000000,9.62,9.711,9.62,9.62,0,0
APE_PE,D,20141104,000000,9.528,9.528,9.528,9.528,0,0
APE_PE,D,20141105,000000,9.528,9.62,9.161,9.62,0,0
APE_PE,D,20141106,000000,9.62,9.62,9.62,9.62,0,0
APE_PE,D,20141107,000000,9.62,9.62,9.161,9.528,0,0
APE_PE,D,20141110,000000,9.711,9.711,9.62,9.62,0,0
APE_PE,D,20141112,000000,8.8862,9.62,8.8862,9.62,0,0
APE_PE,D,20141113,000000,9.4366,9.4366,8.8862,9.4366,0,0
APE_PE,D,20141114,000000,9.4366,9.62,8.8862,9.62,0,0
APE_PE,D,20141117,000000,9.62,9.62,9.528,9.62,0,0
APE_PE,D,20141118,000000,9.711,9.711,9.0704,9.62,0,0
APE_PE,D,20141119,000000,9.62,9.62,9.0704,9.0704,0,0
APE_PE,D,20141120,000000,9.0704,9.0704,8.9788,9.0704,0,0
APE_PE,D,20141121,000000,9.528,9.528,9.528,9.528,0,0
APE_PE,D,20141124,000000,9.528,9.528,9.3446,9.3446,0,0
APE_PE,D,20141125,000000,9.528,9.528,8.7031,8.7031,0,0
APE_PE,D,20141126,000000,9.0704,9.161,9.0704,9.161,0,0
APE_PE,D,20141127,000000,8.7944,9.4366,8.7944,9.4366,0,0
APE_PE,D,20141128,000000,9.4366,9.62,9.4366,9.62,0,0
APE_PE,D,20141201,000000,9.62,9.62,8.52,9.161,0,0
APE_PE,D,20141202,000000,9.2536,9.3446,8.52,8.52,0,0
APE_PE,D,20141203,000000,9.2536,9.2536,8.6116,8.6116,0,0
APE_PE,D,20141204,000000,9.161,9.3446,8.52,8.52,0,0
APE_PE,D,20141205,000000,8.8862,9.3446,8.8862,9.0704,0,0
APE_PE,D,20141208,000000,9.0704,9.0704,9.0704,9.0704,0,0
APE_PE,D,20141209,000000,9.0704,9.0704,8.4284,9.0704,0,0
APE_PE,D,20141210,000000,9.0704,9.0704,9.0704,9.0704,0,0
APE_PE,D,20141211,000000,9.0704,9.0704,9.0704,9.0704,0,0
APE_PE,D,20141215,000000,8.52,9.2536,8.4284,8.7944,0,0
APE_PE,D,20141216,000000,9.0704,9.0704,8.4284,8.7031,0,0
APE_PE,D,20141217,000000,8.9788,8.9788,8.1534,8.8862,0,0
APE_PE,D,20141218,000000,8.4284,8.4284,8.1534,8.1534,0,0
APE_PE,D,20141219,000000,8.1534,8.1534,7.9702,8.1534,0,0
APE_PE,D,20141222,000000,8.2452,8.3368,8.2452,8.3368,0,0
APE_PE,D,20141223,000000,8.3368,8.3368,8.3368,8.3368,0,0
APE_PE,D,20141230,000000,8.4284,8.4284,8.4284,8.4284,0,0
APE_PE,D,20150102,000000,8.6116,8.6116,8.6116,8.6116,0,0
APE_PE,D,20150105,000000,8.6116,8.6116,8.6116,8.6116,0,0
APE_PE,D,20150107,000000,8.6116,8.6116,8.1534,8.6116,0,0
APE_PE,D,20150108,000000,8.6116,8.6116,8.6116,8.6116,0,0
APE_PE,D,20150109,000000,8.6116,8.6116,8.6116,8.6116,0,0
APE_PE,D,20150112,000000,8.52,8.52,8.1534,8.52,0,0
APE_PE,D,20150113,000000,8.52,8.52,8.1534,8.52,0,0
APE_PE,D,20150114,000000,8.52,8.52,8.52,8.52,0,0
APE_PE,D,20150115,000000,8.52,8.52,8.52,8.52,0,0
APE_PE,D,20150116,000000,8.52,8.52,8.52,8.52,0,0
APE_PE,D,20150119,000000,8.52,8.52,8.52,8.52,0,0
APE_PE,D,20150120,000000,8.52,8.52,8.0618,8.52,0,0
APE_PE,D,20150121,000000,8.52,8.52,8.0618,8.52,0,0
APE_PE,D,20150122,000000,8.52,8.52,8.0618,8.0618,0,0
APE_PE,D,20150123,000000,8.1534,8.2452,8.1534,8.1534,0,0
APE_PE,D,20150126,000000,8.1534,8.1534,8.1534,8.1534,0,0
APE_PE,D,20150127,000000,8.1534,8.1534,8.1534,8.1534,0,0
APE_PE,D,20150128,000000,8.1534,8.1534,8.1534,8.1534,0,0
APE_PE,D,20150129,000000,8.1534,8.1534,8.1534,8.1534,0,0
APE_PE,D,20150130,000000,8.1534,8.1534,8.1534,8.1534,0,0
APE_PE,D,20150202,000000,8.1534,8.2452,8.1534,8.2452,0,0
APE_PE,D,20150203,000000,8.0618,8.0618,8.0618,8.0618,0,0
APE_PE,D,20150204,000000,8.0618,8.0618,8.0618,8.0618,0,0
APE_PE,D,20150205,000000,8.0618,8.0618,8.0618,8.0618,0,0
APE_PE,D,20150206,000000,8.0618,8.0618,7.8787,8.0618,0,0
APE_PE,D,20150209,000000,8.0618,8.0618,8.0618,8.0618,0,0
APE_PE,D,20150210,000000,8.0618,8.0618,7.6954,8.0618,0,0
APE_PE,D,20150211,000000,8.0618,8.0618,7.9702,7.9702,0,0
APE_PE,D,20150212,000000,8.0618,8.0618,7.6038,8.0618,0,0
APE_PE,D,20150213,000000,8.0618,8.0618,8.0618,8.0618,0,0
APE_PE,D,20150216,000000,8.1534,8.3368,7.3289,7.3289,0,0
APE_PE,D,20150217,000000,7.3289,8.2452,7.3289,8.2452,0,0
APE_PE,D,20150218,000000,8.3368,8.8862,8.3368,8.52,0,0
APE_PE,D,20150219,000000,8.7031,9.2536,8.7031,9.161,0,0
APE_PE,D,20150220,000000,8.9788,9.0704,8.9788,9.0704,0,0
APE_PE,D,20150223,000000,9.0704,9.894,9.0704,9.894,0,0
APE_PE,D,20150224,000000,9.803,10.352,9.3446,10.352,0,0
APE_PE,D,20150225,000000,10.261,10.719,9.803,10.628,0,0
APE_PE,D,20150226,000000,10.628,10.628,9.803,10.628,0,0
APE_PE,D,20150227,000000,9.894,10.628,9.894,10.628,0,0
APE_PE,D,20150302,000000,10.536,10.902,10.261,10.902,0,0
APE_PE,D,20150303,000000,10.902,10.902,10.902,10.902,0,0
APE_PE,D,20150304,000000,10.628,10.628,10.628,10.628,0,0
APE_PE,D,20150305,000000,10.628,10.628,9.2536,10.261,0,0
APE_PE,D,20150306,000000,9.528,9.62,9.528,9.62,0,0
APE_PE,D,20150309,000000,9.894,10.719,9.803,10.444,0,0
APE_PE,D,20150310,000000,9.3446,9.62,9.3446,9.4366,0,0
APE_PE,D,20150311,000000,9.711,9.711,9.62,9.62,0,0
APE_PE,D,20150312,000000,9.803,9.803,9.528,9.803,0,0
APE_PE,D,20150313,000000,9.803,9.803,9.803,9.803,0,0
APE_PE,D,20150316,000000,9.803,9.803,9.803,9.803,0,0
APE_PE,D,20150317,000000,9.62,9.803,9.62,9.803,0,0
APE_PE,D,20150318,000000,9.803,9.803,9.803,9.803,0,0
APE_PE,D,20150319,000000,9.711,9.803,9.711,9.803,0,0
APE_PE,D,20150323,000000,9.803,9.803,9.803,9.803,0,0
APE_PE,D,20150325,000000,9.2536,9.803,9.2536,9.711,0,0
APE_PE,D,20150326,000000,9.711,9.711,9.711,9.711,0,0
APE_PE,D,20150327,000000,9.711,9.711,9.161,9.528,0,0
APE_PE,D,20150330,000000,9.2536,9.528,9.2536,9.528,0,0
APE_PE,D,20150331,000000,9.528,9.528,9.2536,9.528,0,0
APE_PE,D,20150402,000000,9.528,9.528,9.528,9.528,0,0
APE_PE,D,20150407,000000,9.528,9.986,9.3446,9.62,0,0
APE_PE,D,20150408,000000,9.62,10.077,9.3446,10.077,0,0
APE_PE,D,20150410,000000,9.528,9.986,9.528,9.986,0,0
APE_PE,D,20150413,000000,9.986,9.986,9.986,9.986,0,0
APE_PE,D,20150415,000000,9.986,9.986,9.528,9.803,0,0
APE_PE,D,20150423,000000,9.161,9.803,9.161,9.803,0,0
APE_PE,D,20150428,000000,9.711,10.077,9.711,10.077,0,0
APE_PE,D,20150430,000000,10.077,10.902,10.077,10.902,0,0
APE_PE,D,20150504,000000,10.628,10.719,10.628,10.719,0,0
APE_PE,D,20150507,000000,10.536,10.719,10.536,10.719,0,0
APE_PE,D,20150508,000000,10.628,11.268,10.628,11.268,0,0
APE_PE,D,20150511,000000,10.628,11.268,10.628,11.268,0,0
APE_PE,D,20150512,000000,11.361,11.361,10.536,11.268,0,0
APE_PE,D,20150513,000000,11.085,11.268,11.085,11.268,0,0
APE_PE,D,20150514,000000,11.361,11.361,11.361,11.361,0,0
APE_PE,D,20150515,000000,11.361,11.361,11.361,11.361,0,0
APE_PE,D,20150519,000000,11.361,11.361,11.361,11.361,0,0
APE_PE,D,20150520,000000,11.268,11.268,11.268,11.268,0,0
APE_PE,D,20150521,000000,11.361,11.361,11.268,11.268,0,0
APE_PE,D,20150522,000000,11.361,11.361,11.361,11.361,0,0
APE_PE,D,20150525,000000,11.361,11.361,11.361,11.361,0,0
APE_PE,D,20150526,000000,11.361,11.361,11.361,11.361,0,0
APE_PE,D,20150527,000000,11.451,11.634,11.361,11.634,0,0
APE_PE,D,20150528,000000,11.634,11.634,11.634,11.634,0,0
APE_PE,D,20150529,000000,11.634,11.634,11.634,11.634,0,0
APE_PE,D,20150601,000000,11.634,12.185,11.634,12.185,0,0
APE_PE,D,20150602,000000,11.819,12.185,11.819,12.185,0,0
APE_PE,D,20150603,000000,12.185,12.185,12.185,12.185,0,0
APE_PE,D,20150605,000000,12.185,12.185,12.185,12.185,0,0
APE_PE,D,20150608,000000,12.185,12.185,12.185,12.185,0,0
APE_PE,D,20150610,000000,11.634,12.185,11.634,12.185,0,0
APE_PE,D,20150611,000000,12.185,12.185,12.185,12.185,0,0
APE_PE,D,20150612,000000,12.301,12.301,11.745,12.301,0,0
APE_PE,D,20150615,000000,12.022,12.301,12.022,12.301,0,0
APE_PE,D,20150616,000000,12.301,12.301,12.301,12.301,0,0
APE_PE,D,20150617,000000,12.301,12.301,12.208,12.208,0,0
APE_PE,D,20150619,000000,11.375,12.208,11.375,12.208,0,0
APE_PE,D,20150622,000000,12.208,12.208,12.208,12.208,0,0
APE_PE,D,20150623,000000,12.208,12.208,12.208,12.208,0,0
APE_PE,D,20150624,000000,12.208,12.208,12.208,12.208,0,0
APE_PE,D,20150630,000000,12.208,12.208,12.208,12.208,0,0
APE_PE,D,20150708,000000,12.208,12.208,11.375,12.208,0,0
APE_PE,D,20150715,000000,12.208,12.208,12.208,12.208,0,0
APE_PE,D,20150716,000000,12.208,12.208,12.208,12.208,0,0
APE_PE,D,20150717,000000,12.208,12.208,12.208,12.208,0,0
APE_PE,D,20150722,000000,12.208,12.208,12.208,12.208,0,0
APE_PE,D,20150727,000000,11.468,12.208,11.468,12.208,0,0
APE_PE,D,20150728,000000,11.468,12.208,11.468,12.208,0,0
APE_PE,D,20150731,000000,12.116,12.208,12.116,12.208,0,0
APE_PE,D,20150803,000000,12.208,12.208,12.208,12.208,0,0
APE_PE,D,20150804,000000,12.208,12.393,12.208,12.393,0,0
APE_PE,D,20150805,000000,12.393,12.67,12.393,12.67,0,0
APE_PE,D,20150806,000000,12.67,12.67,12.67,12.67,0,0
APE_PE,D,20150807,000000,12.67,12.67,11.93,12.67,0,0
APE_PE,D,20150810,000000,12.578,12.578,12.578,12.578,0,0
APE_PE,D,20150811,000000,12.67,12.67,11.56,11.56,0,0
APE_PE,D,20150812,000000,11.653,12.67,11.283,12.67,0,0
APE_PE,D,20150813,000000,12.67,12.67,12.67,12.67,0,0
APE_PE,D,20150814,000000,12.67,12.67,12.301,12.578,0,0
APE_PE,D,20150817,000000,12.855,12.855,12.855,12.855,0,0
APE_PE,D,20150818,000000,12.855,12.949,12.855,12.949,0,0
APE_PE,D,20150819,000000,12.949,13.04,12.949,13.04,0,0
APE_PE,D,20150820,000000,12.764,12.764,12.764,12.764,0,0
APE_PE,D,20150821,000000,11.838,12.764,11.838,12.764,0,0
APE_PE,D,20150824,000000,12.486,12.486,12.486,12.486,0,0
APE_PE,D,20150825,000000,12.208,12.208,12.208,12.208,0,0
APE_PE,D,20150826,000000,12.208,12.208,12.208,12.208,0,0
APE_PE,D,20150827,000000,12.208,12.208,12.208,12.208,0,0
APE_PE,D,20150828,000000,12.208,12.208,12.208,12.208,0,0
APE_PE,D,20150831,000000,12.486,12.764,12.486,12.764,0,0
APE_PE,D,20150901,000000,12.764,12.764,12.764,12.764,0,0
APE_PE,D,20150902,000000,12.764,13.318,12.393,13.225,0,0
APE_PE,D,20150903,000000,13.225,13.225,12.764,13.225,0,0
APE_PE,D,20150904,000000,13.225,13.78,13.225,13.78,0,0
APE_PE,D,20150907,000000,13.873,13.966,13.133,13.133,0,0
APE_PE,D,20150908,000000,13.225,13.225,12.393,13.133,0,0
APE_PE,D,20150909,000000,13.133,13.225,13.133,13.225,0,0
APE_PE,D,20150910,000000,13.225,13.225,13.225,13.225,0,0
APE_PE,D,20150911,000000,13.225,13.225,13.225,13.225,0,0
APE_PE,D,20150914,000000,13.225,13.225,13.225,13.225,0,0
APE_PE,D,20150915,000000,13.225,13.225,13.225,13.225,0,0
APE_PE,D,20150916,000000,13.133,13.133,13.04,13.133,0,0
APE_PE,D,20150917,000000,13.133,13.133,13.133,13.133,0,0
APE_PE,D,20150918,000000,13.133,13.133,13.133,13.133,0,0
APE_PE,D,20150921,000000,13.04,13.04,12.393,13.04,0,0
APE_PE,D,20150922,000000,13.04,13.04,12.393,12.67,0,0
APE_PE,D,20150923,000000,12.949,12.949,12.301,12.949,0,0
APE_PE,D,20150924,000000,12.855,12.855,11.838,11.838,0,0
APE_PE,D,20150925,000000,11.838,13.688,11.838,13.688,0,0
APE_PE,D,20150928,000000,13.688,13.688,13.596,13.688,0,0
APE_PE,D,20150929,000000,13.688,13.78,13.688,13.78,0,0
APE_PE,D,20150930,000000,13.78,13.78,13.596,13.78,0,0
APE_PE,D,20151001,000000,13.78,13.78,13.318,13.503,0,0
APE_PE,D,20151002,000000,13.688,13.688,13.688,13.688,0,0
APE_PE,D,20151005,000000,13.688,13.688,13.688,13.688,0,0
APE_PE,D,20151006,000000,13.503,13.503,13.503,13.503,0,0
APE_PE,D,20151007,000000,13.503,14.612,13.503,14.612,0,0
APE_PE,D,20151008,000000,14.797,14.982,14.612,14.612,0,0
APE_PE,D,20151009,000000,14.612,14.889,14.612,14.889,0,0
APE_PE,D,20151012,000000,14.889,16.369,14.705,16.369,0,0
APE_PE,D,20151013,000000,16.463,16.74,16.184,16.184,0,0
APE_PE,D,20151014,000000,16.184,16.184,15.167,16.093,0,0
APE_PE,D,20151015,000000,16.093,16.278,15.536,16.184,0,0
APE_PE,D,20151016,000000,16.184,16.184,15.26,15.63,0,0
APE_PE,D,20151019,000000,15.63,15.63,14.243,15.63,0,0
APE_PE,D,20151020,000000,15.536,15.536,15.167,15.445,0,0
APE_PE,D,20151021,000000,15.445,15.445,15.445,15.445,0,0
APE_PE,D,20151022,000000,15.445,15.445,14.151,15.445,0,0
APE_PE,D,20151023,000000,15.351,15.351,14.705,15.26,0,0
APE_PE,D,20151026,000000,15.26,15.26,14.705,14.705,0,0
APE_PE,D,20151027,000000,15.26,15.445,14.889,15.351,0,0
APE_PE,D,20151028,000000,15.351,15.351,14.889,15.351,0,0
APE_PE,D,20151029,000000,15.351,15.351,15.167,15.167,0,0
APE_PE,D,20151030,000000,15.351,15.351,14.889,15.167,0,0
APE_PE,D,20151102,000000,14.889,14.889,14.797,14.797,0,0
APE_PE,D,20151103,000000,14.797,14.797,14.428,14.797,0,0
APE_PE,D,20151104,000000,14.797,14.797,14.52,14.705,0,0
APE_PE,D,20151105,000000,14.797,14.797,13.688,14.705,0,0
APE_PE,D,20151106,000000,14.797,14.797,14.705,14.797,0,0
APE_PE,D,20151109,000000,15.26,15.26,14.52,15.075,0,0
APE_PE,D,20151110,000000,15.075,15.075,14.705,14.705,0,0
APE_PE,D,20151112,000000,15.075,15.075,14.705,14.705,0,0
APE_PE,D,20151113,000000,15.075,15.075,14.982,14.982,0,0
APE_PE,D,20151116,000000,14.428,21.086,13.225,21.086,0,0
APE_PE,D,20151117,000000,21.086,21.18,21.086,21.18,0,0
APE_PE,D,20151118,000000,21.18,21.18,20.069,20.069,0,0
APE_PE,D,20151119,000000,20.069,20.069,16.278,18.036,0,0
APE_PE,D,20151120,000000,18.127,18.127,17.388,18.127,0,0
APE_PE,D,20151123,000000,18.127,19.607,18.127,19.607,0,0
APE_PE,D,20151124,000000,19.607,19.607,19.607,19.607,0,0
APE_PE,D,20151125,000000,19.607,19.607,18.036,19.051,0,0
APE_PE,D,20151126,000000,19.699,19.699,18.127,19.607,0,0
APE_PE,D,20151127,000000,19.607,19.607,19.144,19.237,0,0
APE_PE,D,20151130,000000,19.699,19.699,19.607,19.607,0,0
APE_PE,D,20151201,000000,19.607,19.607,19.607,19.607,0,0
APE_PE,D,20151202,000000,19.607,19.607,18.959,19.051,0,0
APE_PE,D,20151203,000000,19.699,19.699,19.237,19.607,0,0
APE_PE,D,20151204,000000,19.607,19.607,19.144,19.237,0,0
APE_PE,D,20151207,000000,19.422,19.699,18.405,19.607,0,0
APE_PE,D,20151208,000000,19.607,19.607,19.144,19.237,0,0
APE_PE,D,20151209,000000,19.237,19.237,18.497,18.497,0,0
APE_PE,D,20151210,000000,18.497,20.069,17.665,20.069,0,0
APE_PE,D,20151211,000000,20.069,20.069,20.069,20.069,0,0
APE_PE,D,20151214,000000,20.069,20.069,20.069,20.069,0,0
APE_PE,D,20151215,000000,20.069,20.069,20.069,20.069,0,0
APE_PE,D,20151216,000000,19.884,19.884,17.48,18.959,0,0
APE_PE,D,20151217,000000,19.051,19.051,18.036,18.036,0,0
APE_PE,D,20151218,000000,18.589,18.589,17.48,18.22,0,0
APE_PE,D,20151221,000000,18.589,18.589,17.388,17.48,0,0
APE_PE,D,20151222,000000,18.589,18.589,17.202,17.388,0,0
APE_PE,D,20151223,000000,17.388,17.85,17.388,17.85,0,0
APE_PE,D,20151228,000000,17.85,18.589,17.017,18.127,0,0
APE_PE,D,20151229,000000,18.127,18.22,17.388,18.22,0,0
APE_PE,D,20151230,000000,18.312,18.312,18.22,18.22,0,0
APE_PE,D,20160104,000000,19.884,19.884,18.127,18.127,0,0
APE_PE,D,20160105,000000,18.22,18.312,18.22,18.22,0,0
APE_PE,D,20160107,000000,18.22,18.22,17.388,17.665,0,0
APE_PE,D,20160108,000000,17.665,17.665,17.665,17.665,0,0
APE_PE,D,20160111,000000,17.757,17.757,17.017,17.757,0,0
APE_PE,D,20160113,000000,17.757,17.757,17.757,17.757,0,0
APE_PE,D,20160114,000000,17.757,17.757,17.665,17.665,0,0
APE_PE,D,20160115,000000,19.422,19.422,17.757,19.422,0,0
APE_PE,D,20160118,000000,19.422,19.422,17.48,17.573,0,0
APE_PE,D,20160119,000000,17.573,17.573,17.202,17.202,0,0
APE_PE,D,20160120,000000,17.665,17.665,17.665,17.665,0,0
APE_PE,D,20160121,000000,17.665,17.665,17.665,17.665,0,0
APE_PE,D,20160122,000000,17.665,17.665,16.647,17.665,0,0
APE_PE,D,20160125,000000,17.757,17.757,17.665,17.665,0,0
APE_PE,D,20160126,000000,17.757,17.757,16.555,16.555,0,0
APE_PE,D,20160127,000000,16.555,16.555,16.555,16.555,0,0
APE_PE,D,20160128,000000,16.555,17.757,16.555,17.665,0,0
APE_PE,D,20160129,000000,17.665,17.665,17.017,17.665,0,0
APE_PE,D,20160201,000000,17.665,17.665,16.647,17.665,0,0
APE_PE,D,20160202,000000,17.665,17.665,17.665,17.665,0,0
APE_PE,D,20160203,000000,17.665,17.665,17.665,17.665,0,0
APE_PE,D,20160204,000000,17.665,17.665,17.665,17.665,0,0
APE_PE,D,20160205,000000,17.665,17.665,17.665,17.665,0,0
APE_PE,D,20160208,000000,16.832,17.665,16.832,17.665,0,0
APE_PE,D,20160209,000000,17.665,17.665,17.665,17.665,0,0
APE_PE,D,20160210,000000,17.665,17.85,17.665,17.85,0,0
APE_PE,D,20160211,000000,17.017,17.85,17.017,17.85,0,0
APE_PE,D,20160212,000000,17.942,17.942,17.85,17.85,0,0
APE_PE,D,20160216,000000,17.942,17.942,17.017,17.665,0,0
APE_PE,D,20160217,000000,17.665,17.665,17.665,17.665,0,0
APE_PE,D,20160218,000000,17.665,17.665,17.665,17.665,0,0
APE_PE,D,20160219,000000,17.665,17.665,17.665,17.665,0,0
APE_PE,D,20160222,000000,17.665,17.665,17.665,17.665,0,0
APE_PE,D,20160223,000000,17.85,17.85,17.85,17.85,0,0
APE_PE,D,20160224,000000,17.85,17.85,16.74,17.85,0,0
APE_PE,D,20160225,000000,17.85,17.85,17.85,17.85,0,0
APE_PE,D,20160226,000000,17.85,17.85,17.85,17.85,0,0
APE_PE,D,20160229,000000,17.85,17.85,17.665,17.85,0,0
APE_PE,D,20160301,000000,17.85,17.85,17.85,17.85,0,0
APE_PE,D,20160302,000000,17.85,17.85,17.85,17.85,0,0
APE_PE,D,20160303,000000,17.85,17.85,17.85,17.85,0,0
APE_PE,D,20160304,000000,17.85,17.85,17.85,17.85,0,0
APE_PE,D,20160307,000000,17.85,17.85,17.85,17.85,0,0
APE_PE,D,20160308,000000,17.85,17.85,17.85,17.85,0,0
APE_PE,D,20160309,000000,17.757,17.757,17.757,17.757,0,0
APE_PE,D,20160310,000000,17.757,17.757,17.757,17.757,0,0
APE_PE,D,20160311,000000,17.757,17.757,17.757,17.757,0,0
APE_PE,D,20160314,000000,17.85,17.85,16.74,17.85,0,0
APE_PE,D,20160315,000000,17.85,17.85,15.999,16.093,0,0
APE_PE,D,20160316,000000,16.093,16.74,16.093,16.184,0,0
APE_PE,D,20160317,000000,16.184,16.184,16.184,16.184,0,0
APE_PE,D,20160318,000000,16.184,16.184,16.184,16.184,0,0
APE_PE,D,20160321,000000,15.445,16.184,15.445,16.184,0,0
APE_PE,D,20160322,000000,13.966,14.705,13.133,14.058,0,0
APE_PE,D,20160323,000000,14.058,14.058,13.78,14.058,0,0
APE_PE,D,20160324,000000,14.058,14.058,13.503,13.503,0,0
APE_PE,D,20160329,000000,14.058,27.098,14.058,27.098,0,0
APE_PE,D,20160330,000000,28.855,30.058,28.855,30.058,0,0
APE_PE,D,20160331,000000,29.872,29.872,29.872,29.872,0,0
APE_PE,D,20160401,000000,30.891,30.891,29.872,29.872,0,0
APE_PE,D,20160404,000000,30.891,30.891,29.872,30.891,0,0
APE_PE,D,20160405,000000,30.891,30.891,29.41,29.41,0,0
APE_PE,D,20160406,000000,29.966,30.058,29.318,30.058,0,0
APE_PE,D,20160407,000000,30.058,30.058,30.058,30.058,0,0
APE_PE,D,20160408,000000,30.058,30.058,29.41,30.058,0,0
APE_PE,D,20160411,000000,29.966,29.966,29.41,29.966,0,0
APE_PE,D,20160412,000000,29.966,30.058,29.966,30.058,0,0
APE_PE,D,20160413,000000,30.058,30.058,30.058,30.058,0,0
APE_PE,D,20160414,000000,30.058,30.058,30.058,30.058,0,0
APE_PE,D,20160415,000000,30.058,30.058,30.058,30.058,0,0
APE_PE,D,20160418,000000,30.613,30.613,30.613,30.613,0,0
APE_PE,D,20160419,000000,30.891,30.891,30.428,30.428,0,0
APE_PE,D,20160420,000000,30.428,30.428,30.335,30.335,0,0
APE_PE,D,20160421,000000,30.335,30.335,29.966,30.058,0,0
APE_PE,D,20160422,000000,30.428,30.428,30.15,30.15,0,0
APE_PE,D,20160425,000000,30.15,30.15,30.15,30.15,0,0
APE_PE,D,20160426,000000,30.335,30.335,29.966,30.15,0,0
APE_PE,D,20160427,000000,30.797,30.797,29.41,30.705,0,0
APE_PE,D,20160428,000000,30.058,30.058,30.058,30.058,0,0
APE_PE,D,20160429,000000,30.891,30.891,30.797,30.891,0,0
APE_PE,D,20160502,000000,30.891,30.891,30.891,30.891,0,0
APE_PE,D,20160504,000000,30.891,30.891,30.891,30.891,0,0
APE_PE,D,20160505,000000,30.891,32.554,30.891,31.075,0,0
APE_PE,D,20160506,000000,35.421,35.421,34.868,34.868,0,0
APE_PE,D,20160509,000000,34.868,34.868,34.126,34.126,0,0
APE_PE,D,20160510,000000,33.85,33.85,33.757,33.757,0,0
APE_PE,D,20160511,000000,34.311,34.311,33.757,33.757,0,0
APE_PE,D,20160512,000000,34.22,34.22,33.017,33.017,0,0
APE_PE,D,20160513,000000,33.48,33.48,29.872,29.872,0,0
APE_PE,D,20160516,000000,31.723,31.723,31.629,31.629,0,0
APE_PE,D,20160517,000000,31.629,31.629,29.966,30.058,0,0
APE_PE,D,20160518,000000,31.352,31.352,29.596,30.058,0,0
APE_PE,D,20160519,000000,31.259,31.259,30.797,30.797,0,0
APE_PE,D,20160520,000000,31.259,65.386,28.023,65.386,0,0
APE_PE,D,20160523,000000,65.386,65.386,59.838,61.41,0,0
APE_PE,D,20160524,000000,61.225,61.225,58.82,60.577,0,0
APE_PE,D,20160525,000000,60.392,65.386,57.987,65.386,0,0
APE_PE,D,20160527,000000,65.756,67.607,62.797,62.797,0,0
APE_PE,D,20160530,000000,64.554,64.554,64.554,64.554,0,0
APE_PE,D,20160531,000000,64.554,64.554,64.554,64.554,0,0
APE_PE,D,20160601,000000,64.554,64.739,64.554,64.739,0,0
APE_PE,D,20160602,000000,64.554,64.554,61.78,64.554,0,0
APE_PE,D,20160603,000000,64.554,64.554,64.554,64.554,0,0
APE_PE,D,20160606,000000,61.964,64.554,61.78,64.554,0,0
APE_PE,D,20160607,000000,64.554,64.554,64.554,64.554,0,0
APE_PE,D,20160608,000000,64.554,64.554,61.78,64.554,0,0
APE_PE,D,20160609,000000,64.554,64.554,64.554,64.554,0,0
APE_PE,D,20160610,000000,64.554,64.554,64.554,64.554,0,0
APE_PE,D,20160613,000000,64.554,64.554,61.78,61.78,0,0
APE_PE,D,20160614,000000,60.392,61.964,60.392,61.964,0,0
APE_PE,D,20160615,000000,61.964,61.964,59.005,59.005,0,0
APE_PE,D,20160616,000000,62.611,65.571,62.611,65.571,0,0
APE_PE,D,20160617,000000,70.751,70.751,70.751,70.751,0,0
APE_PE,D,20160620,000000,69.548,69.548,69.548,69.548,0,0
APE_PE,D,20160621,000000,69.548,69.548,69.548,69.548,0,0
APE_PE,D,20160622,000000,69.548,69.548,69.178,69.178,0,0
APE_PE,D,20160623,000000,69.548,69.548,62.797,65.756,0,0
APE_PE,D,20160624,000000,70.566,70.566,63.629,67.144,0,0
APE_PE,D,20160627,000000,69.918,69.918,65.756,66.774,0,0
APE_PE,D,20160628,000000,69.548,70.566,63.629,70.566,0,0
APE_PE,D,20160629,000000,70.566,70.566,69.734,69.734,0,0
APE_PE,D,20160630,000000,70.566,70.566,65.571,70.566,0,0
APE_PE,D,20160701,000000,70.566,70.566,70.566,70.566,0,0
APE_PE,D,20160704,000000,70.381,70.381,68.715,68.715,0,0
APE_PE,D,20160705,000000,70.566,70.566,69.734,69.734,0,0
APE_PE,D,20160706,000000,69.734,69.734,69.178,69.178,0,0
APE_PE,D,20160707,000000,69.734,69.734,65.756,68.53,0,0
APE_PE,D,20160708,000000,68.53,68.53,68.53,68.53,0,0
APE_PE,D,20160711,000000,68.53,68.53,68.53,68.53,0,0
APE_PE,D,20160712,000000,68.53,68.53,68.53,68.53,0,0
APE_PE,D,20160713,000000,68.53,68.53,68.53,68.53,0,0
APE_PE,D,20160714,000000,69.211,69.211,66.141,69.117,0,0
APE_PE,D,20160715,000000,69.211,69.211,69.117,69.117,0,0
APE_PE,D,20160718,000000,69.211,69.211,66.141,69.117,0,0
APE_PE,D,20160719,000000,69.955,69.955,69.955,69.955,0,0
APE_PE,D,20160720,000000,69.955,69.955,69.955,69.955,0,0
APE_PE,D,20160721,000000,69.955,69.955,69.955,69.955,0,0
APE_PE,D,20160722,000000,69.955,69.955,69.955,69.955,0,0
APE_PE,D,20160725,000000,69.955,70.793,69.955,70.793,0,0
APE_PE,D,20160726,000000,69.955,69.955,69.955,69.955,0,0
APE_PE,D,20160727,000000,69.955,69.955,69.955,69.955,0,0
APE_PE,D,20160728,000000,69.955,69.955,69.117,69.117,0,0
APE_PE,D,20160729,000000,69.955,69.955,66.141,66.141,0,0
APE_PE,D,20160801,000000,66.141,66.141,62.979,65.955,0,0
APE_PE,D,20160802,000000,65.955,70.793,61.118,69.955,0,0
APE_PE,D,20160803,000000,69.955,69.955,69.769,69.769,0,0
APE_PE,D,20160804,000000,70.793,70.793,69.955,69.955,0,0
APE_PE,D,20160805,000000,69.955,69.955,69.955,69.955,0,0
APE_PE,D,20160808,000000,69.955,69.955,63.351,65.118,0,0
APE_PE,D,20160809,000000,70.141,70.141,70.141,70.141,0,0
APE_PE,D,20160810,000000,70.141,70.141,66.141,70.141,0,0
APE_PE,D,20160811,000000,70.141,70.141,70.141,70.141,0,0
APE_PE,D,20160812,000000,70.141,70.141,70.141,70.141,0,0
APE_PE,D,20160816,000000,70.141,70.141,66.792,66.792,0,0
APE_PE,D,20160817,000000,70.141,70.141,66.792,70.141,0,0
APE_PE,D,20160818,000000,70.141,70.141,66.141,70.141,0,0
APE_PE,D,20160819,000000,70.141,70.141,69.397,69.397,0,0
APE_PE,D,20160822,000000,69.397,69.397,66.792,69.397,0,0
APE_PE,D,20160823,000000,69.397,69.397,69.397,69.397,0,0
APE_PE,D,20160824,000000,69.397,69.397,69.397,69.397,0,0
APE_PE,D,20160825,000000,69.397,69.397,69.211,69.397,0,0
APE_PE,D,20160826,000000,69.397,69.397,61.769,61.769,0,0
APE_PE,D,20160829,000000,61.583,63.165,61.304,63.165,0,0
APE_PE,D,20160830,000000,61.583,61.583,61.304,61.304,0,0
APE_PE,D,20160831,000000,59.722,61.583,58.7,60.374,0,0
APE_PE,D,20160901,000000,59.164,63.165,59.164,61.955,0,0
APE_PE,D,20160902,000000,62.141,62.141,62.141,62.141,0,0
APE_PE,D,20160905,000000,66.606,66.606,63.165,66.513,0,0
APE_PE,D,20160906,000000,66.606,66.606,66.606,66.606,0,0
APE_PE,D,20170328,000000,44.838,44.838,44.838,44.838,0,0
APE_PE,D,20170329,000000,45.675,45.675,44.373,45.396,0,0
APE_PE,D,20170330,000000,46.419,46.419,45.675,45.675,0,0
APE_PE,D,20170331,000000,46.885,46.885,44.28,44.466,0,0
APE_PE,D,20170403,000000,45.396,45.396,45.303,45.303,0,0
APE_PE,D,20170404,000000,45.396,45.396,41.024,43.443,0,0
APE_PE,D,20170405,000000,45.396,45.396,44.373,44.373,0,0
APE_PE,D,20170406,000000,43.815,43.815,43.349,43.349,0,0
APE_PE,D,20170407,000000,43.349,43.349,41.676,41.676,0,0
APE_PE,D,20170410,000000,42.606,43.349,39.629,43.349,0,0
APE_PE,D,20170411,000000,43.815,43.815,43.815,43.815,0,0
APE_PE,D,20170412,000000,44.001,44.001,38.605,41.582,0,0
APE_PE,D,20170413,000000,44.466,46.327,43.722,46.233,0,0
APE_PE,D,20170418,000000,45.955,45.955,45.582,45.582,0,0
APE_PE,D,20170419,000000,45.303,45.303,44.932,45.025,0,0
APE_PE,D,20170420,000000,44.838,45.675,43.908,45.582,0,0
APE_PE,D,20170421,000000,45.582,45.861,45.582,45.861,0,0
APE_PE,D,20170424,000000,45.861,45.861,45.582,45.582,0,0
APE_PE,D,20170425,000000,45.582,45.582,43.815,45.489,0,0
APE_PE,D,20170426,000000,45.489,45.489,45.396,45.396,0,0
APE_PE,D,20170427,000000,45.396,45.396,45.396,45.396,0,0
APE_PE,D,20170428,000000,45.489,45.489,45.396,45.396,0,0
APE_PE,D,20170502,000000,45.489,45.489,43.815,44.373,0,0
APE_PE,D,20170504,000000,45.489,45.489,43.815,45.489,0,0
APE_PE,D,20170505,000000,45.489,45.489,44.838,44.838,0,0
APE_PE,D,20170508,000000,45.489,45.489,45.025,45.118,0,0
APE_PE,D,20170509,000000,44.932,44.932,43.815,44.838,0,0
APE_PE,D,20170510,000000,44.838,44.838,44.838,44.838,0,0
APE_PE,D,20170511,000000,44.838,44.838,43.815,44.838,0,0
APE_PE,D,20170512,000000,44.838,44.838,44.652,44.652,0,0
APE_PE,D,20170515,000000,45.396,45.396,45.118,45.211,0,0
APE_PE,D,20170516,000000,45.211,45.396,45.211,45.396,0,0
APE_PE,D,20170517,000000,45.861,45.861,45.675,45.675,0,0
APE_PE,D,20170518,000000,45.768,45.768,44.838,44.838,0,0
APE_PE,D,20170519,000000,45.675,45.675,45.396,45.396,0,0
APE_PE,D,20170522,000000,45.768,45.768,37.675,37.675,0,0
APE_PE,D,20170523,000000,37.675,38.141,37.675,38.141,0,0
APE_PE,D,20170524,000000,37.675,37.675,36.838,37.211,0,0
APE_PE,D,20170525,000000,37.211,37.211,36.745,37.211,0,0
APE_PE,D,20170526,000000,37.211,37.211,37.117,37.117,0,0
APE_PE,D,20170529,000000,38.048,38.048,37.675,37.675,0,0
APE_PE,D,20170530,000000,37.675,37.675,37.675,37.675,0,0
APE_PE,D,20170531,000000,37.675,37.675,37.675,37.675,0,0
APE_PE,D,20170601,000000,37.675,37.675,36.745,37.211,0,0
APE_PE,D,20170602,000000,36.745,37.675,36.745,37.675,0,0
APE_PE,D,20170605,000000,37.675,37.675,37.675,37.675,0,0
APE_PE,D,20170606,000000,37.675,37.675,36.651,37.675,0,0
APE_PE,D,20170607,000000,37.675,37.675,37.675,37.675,0,0
APE_PE,D,20170608,000000,37.675,37.675,37.675,37.675,0,0
APE_PE,D,20170609,000000,37.583,37.583,37.583,37.583,0,0
APE_PE,D,20170612,000000,37.397,37.397,36.651,37.397,0,0
APE_PE,D,20170613,000000,37.675,37.675,36.745,36.838,0,0
APE_PE,D,20170614,000000,37.014,37.014,34.491,37.014,0,0
APE_PE,D,20170616,000000,39.632,39.632,39.632,39.632,0,0
APE_PE,D,20170619,000000,39.445,39.445,37.014,37.014,0,0
APE_PE,D,20170620,000000,39.445,39.445,34.397,34.397,0,0
APE_PE,D,20170621,000000,34.491,34.491,34.397,34.491,0,0
APE_PE,D,20170622,000000,35.519,36.08,34.397,36.08,0,0
APE_PE,D,20170623,000000,37.295,37.295,37.201,37.201,0,0
APE_PE,D,20170626,000000,37.201,37.201,37.201,37.201,0,0
APE_PE,D,20170627,000000,36.92,36.92,32.995,36.08,0,0
APE_PE,D,20170628,000000,37.201,37.201,36.92,37.014,0,0
APE_PE,D,20170629,000000,37.201,37.201,37.107,37.107,0,0
APE_PE,D,20170630,000000,36.92,36.92,36.827,36.92,0,0
APE_PE,D,20170703,000000,36.734,36.734,34.584,36.547,0,0
APE_PE,D,20170704,000000,36.641,36.641,36.641,36.641,0,0
APE_PE,D,20170705,000000,36.547,36.547,36.547,36.547,0,0
APE_PE,D,20170706,000000,36.547,36.547,35.238,35.238,0,0
APE_PE,D,20170707,000000,36.547,36.547,35.144,35.144,0,0
APE_PE,D,20170710,000000,33.93,35.238,33.369,35.238,0,0
APE_PE,D,20170711,000000,36.734,36.734,34.771,34.771,0,0
APE_PE,D,20170712,000000,36.734,36.734,36.734,36.734,0,0
APE_PE,D,20170713,000000,36.734,36.734,34.397,35.238,0,0
APE_PE,D,20170714,000000,36.734,36.734,35.052,35.144,0,0
APE_PE,D,20170717,000000,35.144,35.144,35.144,35.144,0,0
APE_PE,D,20170718,000000,35.144,35.144,34.397,35.052,0,0
APE_PE,D,20170719,000000,35.144,35.144,35.144,35.144,0,0
APE_PE,D,20170720,000000,35.144,35.144,34.397,34.678,0,0
APE_PE,D,20170721,000000,35.144,35.144,35.144,35.144,0,0
APE_PE,D,20170724,000000,35.144,35.144,35.144,35.144,0,0
APE_PE,D,20170725,000000,35.144,35.144,35.144,35.144,0,0
APE_PE,D,20170726,000000,35.144,35.144,35.144,35.144,0,0
APE_PE,D,20170727,000000,35.144,35.144,35.144,35.144,0,0
APE_PE,D,20170728,000000,35.144,35.144,35.144,35.144,0,0
APE_PE,D,20170731,000000,35.144,35.144,35.144,35.144,0,0
APE_PE,D,20170801,000000,34.023,36.08,34.023,36.08,0,0
APE_PE,D,20170802,000000,36.08,36.08,36.08,36.08,0,0
APE_PE,D,20170803,000000,36.08,36.08,35.986,35.986,0,0
APE_PE,D,20170804,000000,35.986,35.986,35.893,35.893,0,0
APE_PE,D,20170807,000000,35.893,35.893,35.893,35.893,0,0
APE_PE,D,20170808,000000,35.799,35.799,35.799,35.799,0,0
APE_PE,D,20170809,000000,35.799,35.799,35.612,35.612,0,0
APE_PE,D,20170810,000000,35.612,35.612,35.519,35.519,0,0
APE_PE,D,20170811,000000,35.519,35.519,35.519,35.519,0,0
APE_PE,D,20170814,000000,35.519,35.519,35.519,35.519,0,0
APE_PE,D,20170816,000000,35.519,35.519,35.519,35.519,0,0
APE_PE,D,20170817,000000,36.641,36.641,36.08,36.08,0,0
APE_PE,D,20170818,000000,36.641,36.641,35.238,35.238,0,0
APE_PE,D,20170821,000000,35.986,35.986,35.893,35.893,0,0
APE_PE,D,20170822,000000,35.893,37.014,35.144,37.014,0,0
APE_PE,D,20170823,000000,37.482,37.482,35.799,37.014,0,0
APE_PE,D,20170824,000000,37.014,37.014,37.014,37.014,0,0
APE_PE,D,20170825,000000,37.014,37.014,37.014,37.014,0,0
APE_PE,D,20170828,000000,35.612,37.856,35.612,37.388,0,0
APE_PE,D,20170829,000000,38.603,38.603,30.752,30.752,0,0
APE_PE,D,20170830,000000,31.5,31.5,30.378,30.378,0,0
APE_PE,D,20170831,000000,29.35,29.35,29.35,29.35,0,0
APE_PE,D,20170901,000000,28.882,30.471,28.882,30.471,0,0
APE_PE,D,20170905,000000,29.163,29.163,29.163,29.163,0,0
APE_PE,D,20170906,000000,31.126,31.126,28.602,28.602,0,0
APE_PE,D,20170907,000000,28.882,29.63,28.135,29.63,0,0
APE_PE,D,20170908,000000,29.443,29.443,29.443,29.443,0,0
APE_PE,D,20170912,000000,28.602,28.602,28.602,28.602,0,0
APE_PE,D,20170921,000000,28.415,28.415,28.228,28.228,0,0
APE_PE,D,20170922,000000,28.228,28.228,28.228,28.228,0,0
APE_PE,D,20170925,000000,28.228,28.228,28.228,28.228,0,0
APE_PE,D,20170926,000000,28.228,28.228,28.228,28.228,0,0
APE_PE,D,20170927,000000,28.228,28.228,28.042,28.135,0,0
APE_PE,D,20170928,000000,28.135,28.135,28.135,28.135,0,0
APE_PE,D,20170929,000000,29.256,29.256,29.256,29.256,0,0
APE_PE,D,20171002,000000,28.135,28.135,28.135,28.135,0,0
APE_PE,D,20171003,000000,28.135,28.135,28.135,28.135,0,0
APE_PE,D,20171004,000000,28.135,29.163,28.135,29.163,0,0
APE_PE,D,20171005,000000,28.135,29.163,28.135,29.163,0,0
APE_PE,D,20171006,000000,29.163,29.163,29.163,29.163,0,0
APE_PE,D,20171009,000000,29.163,29.163,29.163,29.163,0,0
APE_PE,D,20171010,000000,28.135,28.135,28.135,28.135,0,0
APE_PE,D,20171011,000000,28.135,28.135,28.135,28.135,0,0
APE_PE,D,20171012,000000,28.042,28.042,28.042,28.042,0,0
APE_PE,D,20171013,000000,27.948,28.042,27.948,28.042,0,0
APE_PE,D,20171016,000000,28.602,28.602,28.602,28.602,0,0
APE_PE,D,20171017,000000,28.789,28.789,28.789,28.789,0,0
APE_PE,D,20171018,000000,28.789,28.789,28.789,28.789,0,0
APE_PE,D,20171019,000000,27.013,27.013,27.013,27.013,0,0
APE_PE,D,20171020,000000,27.013,27.013,27.013,27.013,0,0
APE_PE,D,20171023,000000,27.013,27.013,26.266,26.266,0,0
APE_PE,D,20171024,000000,26.545,26.639,26.545,26.639,0,0
APE_PE,D,20171025,000000,26.639,26.639,26.266,26.266,0,0
APE_PE,D,20171026,000000,26.266,26.266,26.266,26.266,0,0
APE_PE,D,20171027,000000,26.266,26.266,26.266,26.266,0,0
APE_PE,D,20171030,000000,26.266,26.266,25.517,25.517,0,0
APE_PE,D,20171031,000000,26.266,26.266,25.517,26.266,0,0
APE_PE,D,20171107,000000,24.583,24.583,24.583,24.583,0,0
APE_PE,D,20171108,000000,24.583,24.583,24.583,24.583,0,0
APE_PE,D,20171109,000000,24.583,24.583,24.583,24.583,0,0
APE_PE,D,20171110,000000,24.583,24.583,24.583,24.583,0,0
APE_PE,D,20171113,000000,25.143,25.143,22.807,22.807,0,0
APE_PE,D,20171114,000000,22.62,106.46,22.62,106.46,0,0
APE_PE,D,20171115,000000,105.15,105.15,105.06,105.06,0,0
APE_PE,D,20171116,000000,105.81,105.81,102.26,102.26,0,0
APE_PE,D,20171120,000000,102.26,104.03,102.26,104.03,0,0
APE_PE,D,20171121,000000,104.03,105.15,103.38,103.38,0,0
APE_PE,D,20171122,000000,103,103.38,103,103,0,0
APE_PE,D,20171123,000000,103.38,108.24,103.38,108.24,0,0
APE_PE,D,20171127,000000,107.21,107.21,107.21,107.21,0,0
APE_PE,D,20171129,000000,109.73,109.73,105.43,105.43,0,0
APE_PE,D,20171130,000000,105.43,105.43,105.43,105.43,0,0
APE_PE,D,20171205,000000,110.01,110.01,105.43,105.43,0,0
APE_PE,D,20171208,000000,105.43,105.43,105.43,105.43,0,0
APE_PE,D,20171211,000000,105.43,105.43,105.43,105.43,0,0
APE_PE,D,20171212,000000,105.43,105.43,102.26,102.26,0,0
APE_PE,D,20171214,000000,102.26,102.26,102.26,102.26,0,0
APE_PE,D,20171215,000000,105.43,105.43,105.43,105.43,0,0
APE_PE,D,20171218,000000,107.21,107.21,102.63,102.63,0,0
APE_PE,D,20171220,000000,102.63,106.56,102.63,106.46,0,0
APE_PE,D,20171221,000000,104.78,104.78,104.78,104.78,0,0
APE_PE,D,20171222,000000,104.78,104.78,104.78,104.78,0,0
APE_PE,D,20171227,000000,104.78,104.78,104.78,104.78,0,0
APE_PE,D,20171228,000000,104.78,104.78,104.03,104.03,0,0
APE_PE,D,20171229,000000,104.03,104.78,100.48,104.78,0,0
APE_PE,D,20180103,000000,100.48,100.48,100.48,100.48,0,0
APE_PE,D,20180104,000000,100.85,101.98,100.48,101.88,0,0
APE_PE,D,20180105,000000,104.41,104.41,94.499,94.499,0,0
APE_PE,D,20180108,000000,95.246,95.246,95.246,95.246,0,0
APE_PE,D,20180109,000000,100.2,100.2,100.2,100.2,0,0
APE_PE,D,20180110,000000,100.2,100.2,100.2,100.2,0,0
APE_PE,D,20180111,000000,100.2,100.2,100.2,100.2,0,0
APE_PE,D,20180118,000000,105.15,106.18,105.15,106.18,0,0
APE_PE,D,20180119,000000,105.81,112.91,105.81,112.82,0,0
APE_PE,D,20180122,000000,114.6,114.97,114.31,114.31,0,0
APE_PE,D,20180123,000000,113.94,113.94,113.94,113.94,0,0
APE_PE,D,20180126,000000,114.31,114.31,114.31,114.31,0,0
APE_PE,D,20180129,000000,114.31,114.31,114.31,114.31,0,0
APE_PE,D,20180130,000000,114.31,114.31,114.31,114.31,0,0
APE_PE,D,20180131,000000,114.31,114.31,114.31,114.31,0,0
APE_PE,D,20180201,000000,113.94,113.94,113.94,113.94,0,0
APE_PE,D,20180202,000000,112.91,112.91,112.82,112.82,0,0
APE_PE,D,20180206,000000,106.56,106.56,104.03,105.81,0,0
APE_PE,D,20180209,000000,105.81,105.81,100.48,100.48,0,0
APE_PE,D,20180212,000000,101.98,101.98,100.48,100.48,0,0
APE_PE,D,20180214,000000,101.98,101.98,101.88,101.88,0,0
APE_PE,D,20180215,000000,101.98,101.98,101.88,101.88,0,0
APE_PE,D,20180216,000000,101.98,101.98,101.6,101.6,0,0
APE_PE,D,20180219,000000,97.019,101.88,97.019,101.88,0,0
APE_PE,D,20180220,000000,101.98,101.98,101.88,101.88,0,0
APE_PE,D,20180221,000000,101.98,101.98,101.88,101.88,0,0
APE_PE,D,20180222,000000,101.98,101.98,101.88,101.88,0,0
APE_PE,D,20180223,000000,101.98,101.98,99.45,101.23,0,0
APE_PE,D,20180226,000000,101.23,101.23,101.23,101.23,0,0
APE_PE,D,20180227,000000,101.23,101.23,101.23,101.23,0,0
APE_PE,D,20180228,000000,101.6,101.6,101.23,101.6,0,0
APE_PE,D,20180301,000000,101.6,101.6,101.6,101.6,0,0
APE_PE,D,20180302,000000,101.6,101.6,97.678,97.678,0,0
APE_PE,D,20180305,000000,101.6,101.6,97.019,97.019,0,0
APE_PE,D,20180306,000000,101.6,101.6,93.47,93.47,0,0
APE_PE,D,20180307,000000,96.275,96.275,93.47,94.873,0,0
APE_PE,D,20180308,000000,94.873,94.873,91.321,91.321,0,0
APE_PE,D,20180309,000000,89.918,89.918,89.545,89.545,0,0
APE_PE,D,20180312,000000,88.143,88.143,88.143,88.143,0,0
APE_PE,D,20180313,000000,88.143,88.143,86.367,86.367,0,0
APE_PE,D,20180314,000000,85.713,85.713,85.713,85.713,0,0
APE_PE,D,20180315,000000,87.488,87.488,87.114,87.114,0,0
APE_PE,D,20180316,000000,87.488,87.488,87.488,87.488,0,0
APE_PE,D,20180319,000000,87.488,87.488,87.488,87.488,0,0
APE_PE,D,20180320,000000,87.488,87.488,87.488,87.488,0,0
APE_PE,D,20180321,000000,87.488,87.488,87.488,87.488,0,0
APE_PE,D,20180322,000000,87.488,87.488,87.488,87.488,0,0
APE_PE,D,20180323,000000,87.488,87.488,84.685,84.685,0,0
APE_PE,D,20180326,000000,85.713,85.713,77.207,77.581,0,0
APE_PE,D,20180327,000000,76.179,76.179,70.57,70.57,0,0
APE_PE,D,20180328,000000,70.196,70.57,70.196,70.57,0,0
APE_PE,D,20180329,000000,70.57,71.972,69.448,70.57,0,0
APE_PE,D,20180403,000000,71.224,71.224,68.794,68.794,0,0
APE_PE,D,20180521,000000,26.172,26.172,26.172,26.172,0,0
APE_PE,D,20180522,000000,25.891,26.172,25.424,26.172,0,0
APE_PE,D,20180523,000000,26.639,26.639,26.266,26.266,0,0
APE_PE,D,20180524,000000,26.266,26.545,26.266,26.545,0,0
APE_PE,D,20180525,000000,25.237,26.079,25.237,26.079,0,0
APE_PE,D,20180528,000000,26.453,26.545,25.33,26.545,0,0
APE_PE,D,20180529,000000,26.826,27.48,26.826,27.48,0,0
APE_PE,D,20180601,000000,27.48,27.48,27.48,27.48,0,0
APE_PE,D,20180604,000000,27.387,27.48,27.387,27.48,0,0
APE_PE,D,20180605,000000,27.48,28.042,26.639,27.574,0,0
APE_PE,D,20180607,000000,28.976,28.976,28.976,28.976,0,0
APE_PE,D,20180608,000000,27.574,27.854,27.574,27.854,0,0
APE_PE,D,20180611,000000,28.976,28.976,28.976,28.976,0,0
APE_PE,D,20180612,000000,28.789,28.789,28.789,28.789,0,0
APE_PE,D,20180613,000000,28.789,28.789,28.789,28.789,0,0
APE_PE,D,20180614,000000,28.789,28.789,28.789,28.789,0,0
APE_PE,D,20180615,000000,28.789,28.789,28.789,28.789,0,0
APE_PE,D,20180618,000000,28.976,28.976,28.976,28.976,0,0
APE_PE,D,20180619,000000,28.976,28.976,28.976,28.976,0,0
APE_PE,D,20180620,000000,28.976,28.976,28.976,28.976,0,0
APE_PE,D,20180621,000000,28.882,28.882,24.77,24.77,0,0
APE_PE,D,20180622,000000,25.798,25.798,23.835,24.77,0,0
APE_PE,D,20180625,000000,24.677,24.677,24.209,24.209,0,0
APE_PE,D,20180626,000000,24.115,24.115,23.18,23.18,0,0
APE_PE,D,20180702,000000,23.18,23.18,23.18,23.18,0,0
APE_PE,D,20180704,000000,23.18,23.18,23.18,23.18,0,0
APE_PE,D,20180712,000000,23.18,25.237,23.18,24.022,0,0
APE_PE,D,20180717,000000,24.209,24.583,24.209,24.583,0,0
APE_PE,D,20180726,000000,24.583,25.704,24.583,25.704,0,0
APE_PE,D,20180727,000000,25.33,26.453,25.33,26.453,0,0
APE_PE,D,20180730,000000,26.639,26.639,26.639,26.639,0,0
APE_PE,D,20180731,000000,27.948,27.948,26.826,26.826,0,0
APE_PE,D,20180801,000000,28.135,28.135,28.042,28.042,0,0
APE_PE,D,20180802,000000,28.228,28.228,28.228,28.228,0,0
APE_PE,D,20180803,000000,27.854,27.854,27.854,27.854,0,0
APE_PE,D,20180806,000000,27.854,27.854,27.854,27.854,0,0
APE_PE,D,20180807,000000,27.854,27.854,27.854,27.854,0,0
APE_PE,D,20180808,000000,27.854,27.854,26.639,26.639,0,0
APE_PE,D,20180809,000000,27.854,27.854,27.854,27.854,0,0
APE_PE,D,20180810,000000,27.854,27.854,27.854,27.854,0,0
APE_PE,D,20180813,000000,27.574,27.854,27.574,27.574,0,0
APE_PE,D,20180814,000000,27.574,27.574,27.574,27.574,0,0
APE_PE,D,20180816,000000,27.574,29.443,25.891,25.985,0,0
APE_PE,D,20180817,000000,26.919,26.919,26.919,26.919,0,0
APE_PE,D,20180820,000000,27.574,27.574,26.172,27.574,0,0
APE_PE,D,20180821,000000,27.574,27.574,27.574,27.574,0,0
APE_PE,D,20180822,000000,27.574,27.574,27.574,27.574,0,0
APE_PE,D,20180823,000000,27.574,27.574,27.574,27.574,0,0
APE_PE,D,20180824,000000,27.574,27.574,27.574,27.574,0,0
APE_PE,D,20180827,000000,27.574,27.574,27.574,27.574,0,0
APE_PE,D,20180828,000000,27.574,27.574,27.574,27.574,0,0
APE_PE,D,20180829,000000,27.293,27.293,27.293,27.293,0,0
APE_PE,D,20180830,000000,27.293,27.293,27.293,27.293,0,0
APE_PE,D,20180831,000000,27.293,27.293,27.293,27.293,0,0
APE_PE,D,20180903,000000,27.574,27.574,27.2,27.574,0,0
APE_PE,D,20180904,000000,27.574,35.799,27.574,35.799,0,0
APE_PE,D,20180905,000000,34.958,34.958,34.865,34.865,0,0
APE_PE,D,20180906,000000,35.144,35.144,35.144,35.144,0,0
APE_PE,D,20180907,000000,35.144,35.144,33.462,33.462,0,0
APE_PE,D,20180910,000000,33.369,33.369,30.658,30.752,0,0
APE_PE,D,20180911,000000,30.097,31.406,30.097,31.406,0,0
APE_PE,D,20180912,000000,30.378,30.378,30.378,30.378,0,0
APE_PE,D,20180913,000000,30.004,30.004,30.004,30.004,0,0
APE_PE,D,20180914,000000,30.004,30.004,30.004,30.004,0,0
APE_PE,D,20180917,000000,30.004,30.004,30.004,30.004,0,0
APE_PE,D,20180918,000000,30.004,30.004,30.004,30.004,0,0
APE_PE,D,20180919,000000,30.004,30.004,30.004,30.004,0,0
APE_PE,D,20180920,000000,30.004,30.004,30.004,30.004,0,0
APE_PE,D,20180921,000000,31.219,31.219,31.219,31.219,0,0
APE_PE,D,20180924,000000,31.219,31.219,31.219,31.219,0,0
APE_PE,D,20180925,000000,29.911,30.845,29.911,30.845,0,0
APE_PE,D,20181011,000000,30.752,30.752,29.443,29.443,0,0
APE_PE,D,20181106,000000,29.537,29.63,29.537,29.63,0,0
APE_PE,D,20181114,000000,29.537,29.537,28.228,28.228,0,0
APE_PE,D,20181116,000000,28.228,28.228,27.761,27.761,0,0
APE_PE,D,20181122,000000,14.114,14.114,13.834,13.834,0,0
APE_PE,D,20181126,000000,14.114,14.114,14.021,14.021,0,0
APE_PE,D,20181129,000000,14.674,14.768,14.674,14.768,0,0
APE_PE,D,20181130,000000,14.768,14.768,14.768,14.768,0,0
APE_PE,D,20181203,000000,15.61,15.61,15.61,15.61,0,0
APE_PE,D,20181204,000000,14.861,14.861,14.861,14.861,0,0
APE_PE,D,20181205,000000,14.674,14.674,14.674,14.674,0,0
APE_PE,D,20181206,000000,14.581,14.581,14.581,14.581,0,0
APE_PE,D,20181207,000000,14.674,14.674,14.581,14.581,0,0
APE_PE,D,20181210,000000,14.581,14.581,13.834,13.834,0,0
APE_PE,D,20181211,000000,14.581,14.581,14.581,14.581,0,0
APE_PE,D,20181212,000000,14.581,14.581,14.581,14.581,0,0
APE_PE,D,20181213,000000,14.581,14.581,14.581,14.581,0,0
APE_PE,D,20181214,000000,14.581,14.581,14.581,14.581,0,0
APE_PE,D,20181217,000000,14.581,14.581,14.581,14.581,0,0
APE_PE,D,20181218,000000,14.581,14.581,13.834,13.834,0,0
APE_PE,D,20181219,000000,14.581,14.581,14.581,14.581,0,0
APE_PE,D,20181220,000000,13.927,13.927,13.834,13.927,0,0
APE_PE,D,20181221,000000,13.927,13.927,13.927,13.927,0,0
APE_PE,D,20181227,000000,13.927,13.927,13.927,13.927,0,0
APE_PE,D,20181228,000000,13.927,13.927,13.927,13.927,0,0
APE_PE,D,20190109,000000,14.021,14.021,13.74,13.74,0,0
APE_PE,D,20190118,000000,14.021,14.021,13.46,13.46,0,0
APE_PE,D,20190121,000000,13.366,13.366,12.898,12.898,0,0
APE_PE,D,20190123,000000,13.179,13.179,12.806,12.898,0,0
APE_PE,D,20190124,000000,13.273,13.273,13.273,13.273,0,0
APE_PE,D,20190204,000000,12.898,12.898,12.898,12.898,0,0
APE_PE,D,20190205,000000,12.898,13.366,12.898,13.273,0,0
APE_PE,D,20190206,000000,13.366,13.46,13.366,13.46,0,0
APE_PE,D,20190207,000000,13.74,13.74,13.273,13.273,0,0
APE_PE,D,20190211,000000,13.273,13.273,13.273,13.273,0,0
APE_PE,D,20190212,000000,13.086,13.086,13.086,13.086,0,0
APE_PE,D,20190213,000000,13.086,13.086,13.086,13.086,0,0
APE_PE,D,20190214,000000,13.086,13.086,13.086,13.086,0,0
APE_PE,D,20190215,000000,13.179,13.179,12.806,13.179,0,0
APE_PE,D,20190219,000000,12.898,13.179,12.898,13.179,0,0
APE_PE,D,20190220,000000,13.46,13.647,13.46,13.647,0,0
APE_PE,D,20190221,000000,13.74,13.74,13.74,13.74,0,0
APE_PE,D,20190225,000000,13.834,13.834,13.834,13.834,0,0
APE_PE,D,20190227,000000,13.74,13.834,13.74,13.834,0,0
APE_PE,D,20190306,000000,13.834,13.834,13.834,13.834,0,0
APE_PE,D,20190307,000000,13.834,14.021,13.74,14.021,0,0
APE_PE,D,20190308,000000,14.021,14.021,14.021,14.021,0,0
APE_PE,D,20190312,000000,14.021,15.329,14.021,15.329,0,0
APE_PE,D,20190313,000000,15.423,16.918,15.423,16.077,0,0
APE_PE,D,20190314,000000,16.171,16.171,15.61,15.61,0,0
APE_PE,D,20190315,000000,15.61,15.797,15.049,15.797,0,0
APE_PE,D,20190319,000000,15.89,15.89,15.049,15.049,0,0
APE_PE,D,20190321,000000,15.89,15.89,15.89,15.89,0,0
APE_PE,D,20190322,000000,15.89,15.89,15.89,15.89,0,0
APE_PE,D,20190325,000000,15.89,15.89,15.89,15.89,0,0
APE_PE,D,20190326,000000,16.171,16.171,16.171,16.171,0,0
APE_PE,D,20190327,000000,16.171,16.171,16.171,16.171,0,0
APE_PE,D,20190328,000000,16.171,16.171,16.171,16.171,0,0
APE_PE,D,20190329,000000,16.171,16.171,15.89,15.89,0,0
APE_PE,D,20190401,000000,16.171,16.171,9.627,9.627,0,0
APE_PE,D,20190402,000000,10.001,10.375,9.721,9.721,0,0
APE_PE,D,20190404,000000,10.001,10.001,10.001,10.001,0,0
APE_PE,D,20190405,000000,10.375,11.216,10.375,10.749,0,0
APE_PE,D,20190408,000000,10.749,10.749,10.282,10.282,0,0
APE_PE,D,20190409,000000,10.282,10.282,10.282,10.282,0,0
APE_PE,D,20190410,000000,10.282,10.282,9.908,9.908,0,0
APE_PE,D,20190411,000000,10.282,10.282,10.095,10.095,0,0
APE_PE,D,20190412,000000,10.282,10.282,9.908,9.908,0,0
APE_PE,D,20190415,000000,9.908,10.095,9.908,10.095,0,0
APE_PE,D,20190416,000000,10.095,10.095,9.814,9.814,0,0
APE_PE,D,20190417,000000,9.627,9.627,9.627,9.627,0,0
APE_PE,D,20190418,000000,9.627,9.627,9.627,9.627,0,0
APE_PE,D,20190423,000000,9.908,9.908,9.627,9.627,0,0
APE_PE,D,20190424,000000,9.814,9.814,9.627,9.627,0,0
APE_PE,D,20190425,000000,9.814,9.814,9.814,9.814,0,0
APE_PE,D,20190426,000000,9.814,9.814,9.534,9.814,0,0
APE_PE,D,20190429,000000,9.814,9.814,9.814,9.814,0,0
APE_PE,D,20190430,000000,10.188,10.749,9.908,10.188,0,0
APE_PE,D,20190502,000000,10.188,10.282,10.188,10.282,0,0
APE_PE,D,20190506,000000,10.188,10.188,9.814,10.001,0,0
APE_PE,D,20190508,000000,10.001,10.001,9.627,10.001,0,0
APE_PE,D,20190509,000000,10.555,10.555,10.168,10.168,0,0
APE_PE,D,20190510,000000,10.361,10.361,9.684,9.684,0,0
APE_PE,D,20190513,000000,9.684,9.78,9.684,9.78,0,0
APE_PE,D,20190514,000000,9.393,9.587,9.393,9.587,0,0
APE_PE,D,20190515,000000,9.587,9.587,9.587,9.587,0,0
APE_PE,D,20190516,000000,9.78,9.78,9.0057,9.0057,0,0
APE_PE,D,20190517,000000,9.0057,9.0057,9.0057,9.0057,0,0
APE_PE,D,20190520,000000,8.9089,8.9089,8.3278,8.7152,0,0
APE_PE,D,20190521,000000,8.7152,46.384,8.7152,46.384,0,0
APE_PE,D,20190522,000000,47.643,47.643,46.191,46.191,0,0
APE_PE,D,20190523,000000,47.643,47.643,46.191,46.191,0,0
APE_PE,D,20190524,000000,46.384,46.384,46.384,46.384,0,0
APE_PE,D,20190527,000000,47.643,47.643,47.643,47.643,0,0
APE_PE,D,20190528,000000,48.708,48.708,47.643,47.643,0,0
APE_PE,D,20190529,000000,47.643,47.643,47.643,47.643,0,0
APE_PE,D,20190530,000000,48.321,48.321,47.449,47.449,0,0
APE_PE,D,20190531,000000,48.321,48.321,45.803,45.803,0,0
APE_PE,D,20190603,000000,47.449,47.449,47.449,47.449,0,0
APE_PE,D,20190604,000000,48.708,48.708,47.062,47.062,0,0
APE_PE,D,20190605,000000,47.449,47.449,45.803,45.803,0,0
APE_PE,D,20190610,000000,47.643,47.643,47.643,47.643,0,0
APE_PE,D,20190611,000000,45.319,45.319,45.319,45.319,0,0
APE_PE,D,20190617,000000,46.384,46.384,46.384,46.384,0,0
APE_PE,D,20190618,000000,45.803,45.803,45.803,45.803,0,0
APE_PE,D,20190619,000000,44.544,44.544,44.544,44.544,0,0
APE_PE,D,20190621,000000,44.544,44.738,44.254,44.254,0,0
APE_PE,D,20190626,000000,43.479,43.479,41.349,41.349,0,0
APE_PE,D,20190627,000000,42.995,42.995,41.155,41.155,0,0
APE_PE,D,20190701,000000,42.511,42.511,42.414,42.414,0,0
APE_PE,D,20190708,000000,42.414,42.414,42.414,42.414,0,0
APE_PE,D,20190709,000000,44.544,44.544,42.608,42.608,0,0
APE_PE,D,20190710,000000,42.414,42.414,42.414,42.414,0,0
APE_PE,D,20190711,000000,44.544,44.544,42.317,42.317,0,0
APE_PE,D,20190715,000000,43.189,43.189,43.189,43.189,0,0
APE_PE,D,20190718,000000,42.995,42.995,42.995,42.995,0,0
APE_PE,D,20190719,000000,42.995,42.995,42.414,42.414,0,0
APE_PE,D,20190722,000000,44.544,44.544,42.414,44.544,0,0
APE_PE,D,20190723,000000,44.544,44.544,44.544,44.544,0,0
APE_PE,D,20190724,000000,42.995,43.673,42.995,43.673,0,0
APE_PE,D,20190725,000000,44.544,44.544,42.123,42.123,0,0
APE_PE,D,20190726,000000,41.93,42.123,41.93,41.93,0,0
APE_PE,D,20190729,000000,44.544,44.544,44.544,44.544,0,0
APE_PE,D,20190730,000000,44.544,44.544,44.544,44.544,0,0
APE_PE,D,20190731,000000,44.544,44.544,41.542,41.542,0,0
APE_PE,D,20190805,000000,41.542,41.542,41.542,41.542,0,0
APE_PE,D,20190806,000000,41.155,41.155,41.155,41.155,0,0
APE_PE,D,20190807,000000,41.155,41.155,41.155,41.155,0,0
APE_PE,D,20190808,000000,41.155,41.155,41.155,41.155,0,0
APE_PE,D,20190809,000000,41.639,41.639,41.542,41.542,0,0
APE_PE,D,20190812,000000,40.961,41.542,40.961,40.961,0,0
APE_PE,D,20190814,000000,41.252,41.252,41.155,41.155,0,0
APE_PE,D,20190816,000000,41.155,41.155,41.155,41.155,0,0
APE_PE,D,20190819,000000,41.155,41.155,41.155,41.155,0,0
APE_PE,D,20190820,000000,41.155,41.155,41.155,41.155,0,0
APE_PE,D,20190821,000000,41.155,41.155,41.155,41.155,0,0
APE_PE,D,20190822,000000,41.155,41.155,41.155,41.155,0,0
APE_PE,D,20190823,000000,41.155,41.155,40.865,40.865,0,0
APE_PE,D,20190826,000000,40.865,40.865,40.671,40.865,0,0
APE_PE,D,20190827,000000,40.865,40.865,40.284,40.865,0,0
APE_PE,D,20190828,000000,40.865,40.865,40.865,40.865,0,0
APE_PE,D,20190829,000000,40.865,41.155,40.865,41.155,0,0
APE_PE,D,20190830,000000,41.446,52.678,41.446,52.678,0,0
APE_PE,D,20190902,000000,54.131,54.131,53.841,53.841,0,0
APE_PE,D,20190903,000000,53.937,54.034,53.937,54.034,0,0
APE_PE,D,20190904,000000,54.131,54.131,54.034,54.034,0,0
APE_PE,D,20190905,000000,54.131,54.131,54.034,54.034,0,0
APE_PE,D,20190906,000000,52.775,52.775,52.678,52.678,0,0
APE_PE,D,20190909,000000,54.131,54.131,51.323,51.323,0,0
APE_PE,D,20190910,000000,54.131,54.131,54.034,54.034,0,0
APE_PE,D,20190911,000000,54.131,54.131,53.841,53.841,0,0
APE_PE,D,20190912,000000,53.937,54.034,53.937,54.034,0,0
APE_PE,D,20190913,000000,54.131,54.131,54.034,54.034,0,0
APE_PE,D,20190916,000000,54.131,54.131,54.034,54.034,0,0
APE_PE,D,20190917,000000,54.131,54.131,54.034,54.034,0,0
APE_PE,D,20190918,000000,52.775,52.775,49.677,49.677,0,0
APE_PE,D,20190924,000000,51.226,51.323,51.226,51.323,0,0
APE_PE,D,20190925,000000,51.42,51.42,51.323,51.323,0,0
APE_PE,D,20190926,000000,49.483,52.194,49.483,52.097,0,0
APE_PE,D,20190927,000000,51.226,51.323,49.386,51.323,0,0
APE_PE,D,20190930,000000,51.42,52.775,51.42,52.678,0,0
APE_PE,D,20191001,000000,52.775,52.775,52.678,52.678,0,0
APE_PE,D,20191002,000000,52.775,52.775,52.678,52.678,0,0
APE_PE,D,20191003,000000,51.42,51.42,51.323,51.323,0,0
APE_PE,D,20191004,000000,52.775,52.775,51.323,52.678,0,0
APE_PE,D,20191007,000000,51.71,52.775,51.71,52.678,0,0
APE_PE,D,20191008,000000,52.775,52.775,52.678,52.678,0,0
APE_PE,D,20191009,000000,52.775,52.775,52.678,52.678,0,0
APE_PE,D,20191010,000000,51.42,51.42,51.323,51.323,0,0
APE_PE,D,20191011,000000,52.775,52.775,52.678,52.678,0,0
APE_PE,D,20191015,000000,55.487,55.487,51.516,51.516,0,0
APE_PE,D,20191016,000000,52.485,52.485,49.87,49.967,0,0
APE_PE,D,20191018,000000,52.582,52.678,52.582,52.678,0,0
APE_PE,D,20191021,000000,52.775,52.775,52.678,52.678,0,0
APE_PE,D,20191023,000000,54.131,54.131,54.034,54.034,0,0
APE_PE,D,20191024,000000,52.775,54.131,52.775,54.034,0,0
APE_PE,D,20191025,000000,52.775,52.775,52.678,52.678,0,0
APE_PE,D,20191028,000000,54.131,54.131,52.678,54.034,0,0
APE_PE,D,20191029,000000,54.131,54.131,54.034,54.034,0,0
APE_PE,D,20191030,000000,54.131,54.131,54.034,54.034,0,0
APE_PE,D,20191031,000000,54.131,54.131,54.034,54.034,0,0
APE_PE,D,20191104,000000,52.775,52.775,52.678,52.678,0,0
APE_PE,D,20191105,000000,54.131,54.131,54.034,54.034,0,0
APE_PE,D,20191106,000000,54.131,54.615,54.034,54.518,0,0
APE_PE,D,20191107,000000,54.518,54.518,54.518,54.518,0,0
APE_PE,D,20191108,000000,54.518,54.518,51.904,52.001,0,0
APE_PE,D,20191112,000000,54.615,54.615,52.678,52.678,0,0
APE_PE,D,20191113,000000,54.615,54.615,54.518,54.518,0,0
APE_PE,D,20191114,000000,54.518,54.518,54.518,54.518,0,0
APE_PE,D,20191115,000000,56.649,56.649,12.395,12.395,0,0
APE_PE,D,20191118,000000,12.976,13.073,12.976,13.073,0,0
APE_PE,D,20191119,000000,13.073,13.073,12.492,13.073,0,0
APE_PE,D,20191120,000000,13.073,13.073,13.073,13.073,0,0
APE_PE,D,20191121,000000,13.073,13.073,13.073,13.073,0,0
APE_PE,D,20191122,000000,13.073,13.073,13.073,13.073,0,0
APE_PE,D,20191125,000000,12.492,12.492,12.395,12.395,0,0
APE_PE,D,20191126,000000,12.395,12.395,12.104,12.104,0,0
APE_PE,D,20191127,000000,12.395,12.395,11.427,12.008,0,0
APE_PE,D,20191128,000000,11.814,12.104,11.814,11.814,0,0
APE_PE,D,20191129,000000,12.395,12.395,12.395,12.395,0,0
APE_PE,D,20191202,000000,12.492,12.492,12.008,12.104,0,0
APE_PE,D,20191203,000000,12.298,12.298,12.201,12.201,0,0
APE_PE,D,20191204,000000,12.201,12.201,12.201,12.201,0,0
APE_PE,D,20191205,000000,12.201,12.395,12.201,12.395,0,0
APE_PE,D,20191206,000000,12.104,12.104,12.104,12.104,0,0
APE_PE,D,20191209,000000,12.395,12.395,12.104,12.395,0,0
APE_PE,D,20191210,000000,12.395,12.395,12.395,12.395,0,0
APE_PE,D,20191211,000000,11.814,11.814,11.523,11.523,0,0
APE_PE,D,20191212,000000,11.911,11.911,11.911,11.911,0,0
APE_PE,D,20191213,000000,12.492,12.492,12.395,12.395,0,0
APE_PE,D,20191216,000000,12.104,12.395,12.104,12.104,0,0
APE_PE,D,20191217,000000,12.395,12.395,12.395,12.395,0,0
APE_PE,D,20191218,000000,12.395,12.395,12.395,12.395,0,0
APE_PE,D,20191219,000000,12.395,12.395,12.395,12.395,0,0
APE_PE,D,20191220,000000,12.298,12.298,12.298,12.298,0,0
APE_PE,D,20191223,000000,12.395,12.395,12.395,12.395,0,0
APE_PE,D,20191227,000000,12.492,12.492,12.395,12.395,0,0
APE_PE,D,20191230,000000,12.395,12.395,12.395,12.395,0,0
APE_PE,D,20200102,000000,12.589,12.589,12.201,12.201,0,0
APE_PE,D,20200103,000000,12.395,12.395,12.395,12.395,0,0
APE_PE,D,20200107,000000,12.395,12.395,12.395,12.395,0,0
APE_PE,D,20200108,000000,12.395,12.395,12.395,12.395,0,0
APE_PE,D,20200109,000000,12.395,12.395,12.008,12.395,0,0
APE_PE,D,20200110,000000,12.395,12.395,12.395,12.395,0,0
APE_PE,D,20200113,000000,12.395,12.589,12.395,12.589,0,0
APE_PE,D,20200115,000000,12.589,13.557,12.589,13.266,0,0
APE_PE,D,20200116,000000,13.944,14.235,13.654,14.235,0,0
APE_PE,D,20200117,000000,14.138,14.138,14.138,14.138,0,0
APE_PE,D,20200120,000000,13.944,13.944,13.847,13.847,0,0
APE_PE,D,20200121,000000,13.751,14.235,13.751,14.235,0,0
APE_PE,D,20200122,000000,13.944,14.235,13.751,14.138,0,0
APE_PE,D,20200123,000000,14.235,14.235,13.751,14.041,0,0
APE_PE,D,20200124,000000,14.138,14.138,13.46,13.46,0,0
APE_PE,D,20200127,000000,13.46,14.041,13.46,13.944,0,0
APE_PE,D,20200128,000000,14.041,14.041,14.041,14.041,0,0
APE_PE,D,20200129,000000,13.944,14.235,13.654,13.654,0,0
APE_PE,D,20200130,000000,14.235,14.235,13.363,13.46,0,0
APE_PE,D,20200131,000000,14.235,14.235,13.46,13.847,0,0
APE_PE,D,20200203,000000,13.751,13.751,13.266,13.654,0,0
APE_PE,D,20200204,000000,14.235,14.235,13.751,13.847,0,0
APE_PE,D,20200205,000000,14.332,14.332,13.847,14.235,0,0
APE_PE,D,20200206,000000,14.235,14.235,14.235,14.235,0,0
APE_PE,D,20200207,000000,13.944,13.944,13.944,13.944,0,0
APE_PE,D,20200210,000000,13.363,15.3,13.363,14.428,0,0
APE_PE,D,20200211,000000,14.332,14.719,14.138,14.235,0,0
APE_PE,D,20200212,000000,14.138,14.138,14.138,14.138,0,0
APE_PE,D,20200213,000000,13.654,14.332,13.654,14.235,0,0
APE_PE,D,20200214,000000,14.332,14.332,14.235,14.235,0,0
APE_PE,D,20200217,000000,13.944,13.944,13.944,13.944,0,0
APE_PE,D,20200218,000000,13.944,13.944,13.944,13.944,0,0
APE_PE,D,20200219,000000,13.944,13.944,13.847,13.944,0,0
APE_PE,D,20200220,000000,13.944,13.944,13.944,13.944,0,0
APE_PE,D,20200221,000000,14.041,14.041,13.944,13.944,0,0
APE_PE,D,20200224,000000,13.944,14.041,13.944,14.041,0,0
APE_PE,D,20200225,000000,13.654,15.009,13.654,14.041,0,0
APE_PE,D,20200226,000000,14.332,14.332,13.654,13.654,0,0
APE_PE,D,20200227,000000,13.751,13.751,12.492,13.073,0,0
APE_PE,D,20200228,000000,12.782,13.363,12.201,12.201,0,0
APE_PE,D,20200302,000000,12.782,12.782,12.492,12.589,0,0
APE_PE,D,20200303,000000,12.492,12.492,12.492,12.492,0,0
APE_PE,D,20200305,000000,12.492,12.492,12.492,12.492,0,0
APE_PE,D,20200306,000000,12.492,12.492,12.201,12.201,0,0
APE_PE,D,20200309,000000,12.008,12.008,10.846,10.942,0,0
APE_PE,D,20200310,000000,11.523,11.523,11.523,11.523,0,0
APE_PE,D,20200311,000000,11.233,11.233,10.846,10.846,0,0
APE_PE,D,20200312,000000,11.136,11.136,9.587,9.587,0,0
APE_PE,D,20200313,000000,9.684,9.684,9.0057,9.2962,0,0
APE_PE,D,20200316,000000,9.4899,9.4899,9.393,9.4899,0,0
APE_PE,D,20200317,000000,9.4899,10.168,9.4899,10.168,0,0
APE_PE,D,20200318,000000,10.168,10.168,9.4899,9.4899,0,0
APE_PE,D,20200319,000000,9.2962,9.4899,8.7152,8.7152,0,0
APE_PE,D,20200320,000000,9.393,9.684,8.7152,9.684,0,0
APE_PE,D,20200323,000000,10.168,10.168,10.071,10.168,0,0
APE_PE,D,20200324,000000,10.168,10.846,10.168,10.265,0,0
APE_PE,D,20200325,000000,10.555,10.846,10.265,10.846,0,0
APE_PE,D,20200326,000000,10.846,11.33,10.846,11.33,0,0
APE_PE,D,20200327,000000,11.911,11.911,11.717,11.814,0,0
APE_PE,D,20200330,000000,11.911,11.911,11.33,11.814,0,0
APE_PE,D,20200331,000000,11.911,11.911,10.555,10.555,0,0
APE_PE,D,20200401,000000,10.555,10.555,10.071,10.168,0,0
APE_PE,D,20200402,000000,10.168,10.168,10.071,10.071,0,0
APE_PE,D,20200403,000000,10.071,10.071,10.071,10.071,0,0
APE_PE,D,20200406,000000,10.071,10.846,4.4544,4.4544,0,0
APE_PE,D,20200407,000000,4.4544,4.4544,4.0671,4.0671,0,0
APE_PE,D,20200408,000000,4.0671,4.0671,3.6797,3.7766,0,0
APE_PE,D,20200409,000000,3.8734,3.9703,3.5829,3.5829,0,0
APE_PE,D,20200414,000000,3.7766,3.8734,3.6797,3.7766,0,0
APE_PE,D,20200415,000000,3.7766,3.7766,3.6797,3.7766,0,0
APE_PE,D,20200416,000000,3.7766,3.7766,3.6797,3.6797,0,0
APE_PE,D,20200417,000000,3.7766,3.7766,3.7766,3.7766,0,0
APE_PE,D,20200420,000000,3.7766,3.8734,3.6797,3.7766,0,0
APE_PE,D,20200421,000000,3.7766,3.7766,3.6797,3.7766,0,0
APE_PE,D,20200422,000000,3.7766,3.7766,3.5829,3.7766,0,0
APE_PE,D,20200423,000000,3.7766,3.7766,3.6797,3.6797,0,0
APE_PE,D,20200424,000000,3.7766,3.7766,3.6797,3.7766,0,0
APE_PE,D,20200427,000000,3.7766,3.8734,3.6797,3.6797,0,0
APE_PE,D,20200428,000000,3.7766,3.7766,3.7766,3.7766,0,0
APE_PE,D,20200429,000000,3.7766,3.7766,3.5829,3.6797,0,0
APE_PE,D,20200430,000000,3.6797,3.6797,3.5829,3.5829,0,0
APE_PE,D,20200504,000000,3.6797,3.6797,3.4861,3.6797,0,0
APE_PE,D,20200505,000000,3.6797,3.6797,3.4861,3.5829,0,0
APE_PE,D,20200506,000000,3.5829,3.6797,3.5829,3.5829,0,0
APE_PE,D,20200507,000000,3.5829,3.5829,3.4861,3.5829,0,0
APE_PE,D,20200508,000000,3.5829,3.6797,3.5829,3.5829,0,0
APE_PE,D,20200511,000000,3.7766,3.8734,3.6797,3.7766,0,0
APE_PE,D,20200512,000000,3.7766,4.0671,3.7766,3.8734,0,0
APE_PE,D,20200513,000000,4.1639,4.1639,4.0671,4.0671,0,0
APE_PE,D,20200514,000000,4.3,4.3,3.8,3.8,0,0
APE_PE,D,20200515,000000,3.8,3.9,3.8,3.9,0,0
APE_PE,D,20200518,000000,4,4,3.8,3.9,0,0
APE_PE,D,20200519,000000,4,4.2,4,4,0,0
APE_PE,D,20200520,000000,4.2,4.2,3.9,4,0,0
APE_PE,D,20200521,000000,4,4,3.9,4,0,0
APE_PE,D,20200522,000000,4,4.1,3.9,4.1,0,0
APE_PE,D,20200525,000000,4.1,4.1,4,4.1,0,0
APE_PE,D,20200526,000000,4.1,4.1,4,4,0,0
APE_PE,D,20200527,000000,4.1,4.7,4.1,4.7,0,0
APE_PE,D,20200528,000000,4.7,4.8,4.5,4.5,0,0
APE_PE,D,20200529,000000,4.6,4.6,4.3,4.5,0,0
APE_PE,D,20200601,000000,4.5,4.5,4.4,4.5,0,0
APE_PE,D,20200602,000000,4.5,4.6,4.5,4.5,0,0
APE_PE,D,20200603,000000,4.7,4.7,4.5,4.6,0,0
APE_PE,D,20200604,000000,4.7,5.2,4.7,5.1,0,0
APE_PE,D,20200605,000000,6.1,6.3,5.8,6,0,0
APE_PE,D,20200608,000000,6,6,5.5,5.6,0,0
APE_PE,D,20200609,000000,6.8,8.5,6.4,8.5,0,0
APE_PE,D,20200610,000000,9,10.9,8.8,9,0,0
APE_PE,D,20200612,000000,8.8,9.3,8.4,9,0,0
APE_PE,D,20200615,000000,9,9,8.1,8.2,0,0
APE_PE,D,20200616,000000,8.5,8.5,7.6,7.7,0,0
APE_PE,D,20200617,000000,7.1,13.6,7,13.6,0,0
APE_PE,D,20200618,000000,13.4,13.4,12.1,13.1,0,0
APE_PE,D,20200619,000000,13,13,12.4,13,0,0
APE_PE,D,20200622,000000,13.1,13.1,12.5,12.8,0,0
APE_PE,D,20200623,000000,12.8,12.8,12.2,12.3,0,0
APE_PE,D,20200624,000000,12.3,12.6,12.1,12.6,0,0
APE_PE,D,20200625,000000,12.5,16.1,12.3,16.1,0,0
APE_PE,D,20200626,000000,16.8,16.8,14.2,14.4,0,0
APE_PE,D,20200629,000000,14.4,14.8,13.4,14,0,0
APE_PE,D,20200630,000000,13.7,13.8,12.9,12.9,0,0
APE_PE,D,20200701,000000,13.6,14.6,12.7,14.4,0,0
APE_PE,D,20200702,000000,14.3,14.3,13.3,14.1,0,0
APE_PE,D,20200703,000000,14.1,14.1,13.4,14.1,0,0
APE_PE,D,20200706,000000,14,14,13.2,13.5,0,0
APE_PE,D,20200707,000000,13.8,13.8,13,13.5,0,0
APE_PE,D,20200708,000000,10.8,12,10.8,11.7,0,0
APE_PE,D,20200709,000000,11.7,12.2,11.3,11.6,0,0
APE_PE,D,20200710,000000,11.7,11.7,10.6,10.7,0,0
APE_PE,D,20200713,000000,10.7,10.7,9.6,9.7,0,0
APE_PE,D,20200714,000000,9.7,10.4,9.7,9.9,0,0
APE_PE,D,20200715,000000,9.9,9.9,9.4,9.6,0,0
APE_PE,D,20200716,000000,10,11.8,9.9,11.2,0,0
APE_PE,D,20200717,000000,11.2,11.2,10.5,11,0,0
APE_PE,D,20200720,000000,11,11,10.3,10.7,0,0
APE_PE,D,20200721,000000,10.7,10.7,10.2,10.2,0,0
APE_PE,D,20200722,000000,10.3,10.3,9.8,10.1,0,0
APE_PE,D,20200723,000000,10.1,10.1,9.5,9.9,0,0
APE_PE,D,20200724,000000,9.9,9.9,9.5,9.9,0,0
APE_PE,D,20200727,000000,9.5,9.7,9.4,9.6,0,0
APE_PE,D,20200728,000000,9.7,10.4,9.5,9.9,0,0
APE_PE,D,20200729,000000,10,10,9.4,9.6,0,0
APE_PE,D,20200730,000000,9.6,9.6,7.8,8.5,0,0
APE_PE,D,20200731,000000,8.3,9.5,8.3,8.8,0,0
APE_PE,D,20200803,000000,9.1,9.3,9,9.1,0,0
APE_PE,D,20200804,000000,9.5,9.5,8.8,9.4,0,0
APE_PE,D,20200805,000000,9.4,9.6,9.1,9.6,0,0
APE_PE,D,20200806,000000,9.6,9.9,9.4,9.6,0,0
APE_PE,D,20200807,000000,9.7,9.9,8.8,9.2,0,0
APE_PE,D,20200810,000000,9.7,9.9,9.3,9.6,0,0
APE_PE,D,20200811,000000,9.5,9.5,9.1,9.1,0,0
APE_PE,D,20200812,000000,9.1,9.1,8.3,8.5,0,0
APE_PE,D,20200813,000000,8.5,8.8,8.3,8.7,0,0
APE_PE,D,20200814,000000,8.9,8.9,8.7,8.8,0,0
APE_PE,D,20200817,000000,8.8,10.1,8.8,9.6,0,0
APE_PE,D,20200818,000000,9.8,9.9,9.3,9.3,0,0
APE_PE,D,20200819,000000,9.5,9.6,9,9.4,0,0
APE_PE,D,20200820,000000,9.4,9.4,9.1,9.1,0,0
APE_PE,D,20200821,000000,9.3,9.5,9,9.5,0,0
