<TICKER>,<PER>,<DATE>,<TIME>,<OPEN>,<HIGH>,<LOW>,<CLOSE>,<VOL>,<OPENINT>
APR_PE,D,20160606,000000,13.639,13.639,13.639,13.639,0,0
APR_PE,D,20160607,000000,13.739,14.137,13.44,13.739,0,0
APR_PE,D,20160608,000000,14.336,14.336,13.838,14.236,0,0
APR_PE,D,20160609,000000,14.834,14.834,13.938,13.938,0,0
APR_PE,D,20160610,000000,14.336,14.336,13.838,14.037,0,0
APR_PE,D,20160613,000000,14.037,14.635,14.037,14.535,0,0
APR_PE,D,20160614,000000,14.635,14.834,14.635,14.834,0,0
APR_PE,D,20160615,000000,16.028,16.028,15.033,15.132,0,0
APR_PE,D,20160616,000000,16.526,16.526,15.531,15.531,0,0
APR_PE,D,20160617,000000,15.531,15.829,15.132,15.829,0,0
APR_PE,D,20160620,000000,17.124,17.124,16.128,16.228,0,0
APR_PE,D,20160621,000000,17.124,17.124,16.128,16.825,0,0
APR_PE,D,20160622,000000,16.825,18.219,16.825,18.02,0,0
APR_PE,D,20160623,000000,18.219,18.318,17.223,17.422,0,0
APR_PE,D,20160624,000000,16.028,16.526,15.63,16.526,0,0
APR_PE,D,20160627,000000,17.024,17.124,16.626,17.024,0,0
APR_PE,D,20160628,000000,17.024,17.024,16.327,16.626,0,0
APR_PE,D,20160629,000000,18.219,18.219,16.825,17.82,0,0
APR_PE,D,20160630,000000,18.119,18.119,17.522,17.82,0,0
APR_PE,D,20160701,000000,18.02,18.02,17.223,17.721,0,0
APR_PE,D,20160704,000000,17.422,17.621,16.626,16.924,0,0
APR_PE,D,20160705,000000,17.124,17.124,16.626,16.924,0,0
APR_PE,D,20160706,000000,17.124,17.124,16.327,16.526,0,0
APR_PE,D,20160707,000000,16.725,16.725,16.228,16.526,0,0
APR_PE,D,20160708,000000,16.526,21.205,16.327,21.205,0,0
APR_PE,D,20160711,000000,21.205,22.4,21.205,22.3,0,0
APR_PE,D,20160712,000000,22.201,22.798,22.101,22.5,0,0
APR_PE,D,20160713,000000,22.599,23.495,22.201,23.495,0,0
APR_PE,D,20160714,000000,23.495,25.188,23.495,24.789,0,0
APR_PE,D,20160715,000000,24.889,24.889,24.092,24.292,0,0
APR_PE,D,20160718,000000,24.292,24.59,23.993,24.59,0,0
APR_PE,D,20160719,000000,24.69,24.69,24.092,24.092,0,0
APR_PE,D,20160720,000000,24.092,24.491,23.694,24.491,0,0
APR_PE,D,20160721,000000,24.192,24.391,23.595,23.993,0,0
APR_PE,D,20160722,000000,23.993,24.491,23.893,24.491,0,0
APR_PE,D,20160725,000000,24.391,24.391,23.893,24.391,0,0
APR_PE,D,20160726,000000,24.391,24.391,23.993,24.192,0,0
APR_PE,D,20160727,000000,24.192,24.192,23.794,24.192,0,0
APR_PE,D,20160728,000000,23.893,24.292,23.893,24.192,0,0
APR_PE,D,20160729,000000,24.192,25.088,23.893,24.988,0,0
APR_PE,D,20160801,000000,24.889,25.486,24.889,25.287,0,0
APR_PE,D,20160802,000000,25.387,25.486,25.088,25.287,0,0
APR_PE,D,20160803,000000,25.188,25.287,24.988,24.988,0,0
APR_PE,D,20160804,000000,25.287,25.486,25.088,25.486,0,0
APR_PE,D,20160805,000000,25.287,27.079,25.287,26.98,0,0
APR_PE,D,20160808,000000,27.378,27.378,26.581,26.78,0,0
APR_PE,D,20160809,000000,26.78,26.98,25.586,26.482,0,0
APR_PE,D,20160810,000000,26.482,26.681,26.283,26.681,0,0
APR_PE,D,20160811,000000,26.88,26.88,26.581,26.681,0,0
APR_PE,D,20160812,000000,26.78,26.78,26.382,26.581,0,0
APR_PE,D,20160816,000000,26.78,26.78,26.382,26.382,0,0
APR_PE,D,20160817,000000,26.78,26.78,25.486,25.884,0,0
APR_PE,D,20160818,000000,26.084,26.283,25.785,25.884,0,0
APR_PE,D,20160819,000000,25.884,26.283,25.785,25.884,0,0
APR_PE,D,20160822,000000,25.884,25.984,25.785,25.785,0,0
APR_PE,D,20160823,000000,25.884,25.984,25.685,25.785,0,0
APR_PE,D,20160824,000000,25.984,25.984,25.586,25.984,0,0
APR_PE,D,20160825,000000,25.984,25.984,24.889,25.586,0,0
APR_PE,D,20160826,000000,25.685,25.785,25.088,25.586,0,0
APR_PE,D,20160829,000000,25.486,25.586,24.988,25.387,0,0
APR_PE,D,20160830,000000,25.486,25.486,24.988,25.287,0,0
APR_PE,D,20160831,000000,25.685,25.685,25.088,25.486,0,0
APR_PE,D,20160901,000000,25.685,25.685,24.789,24.789,0,0
APR_PE,D,20160902,000000,24.491,25.486,24.391,25.486,0,0
APR_PE,D,20160905,000000,25.586,25.685,25.287,25.486,0,0
APR_PE,D,20160906,000000,25.586,26.681,25.387,26.681,0,0
APR_PE,D,20160907,000000,27.278,29.966,18.219,18.219,0,0
APR_PE,D,20160908,000000,18.617,18.617,17.721,17.92,0,0
APR_PE,D,20160909,000000,17.82,18.418,17.621,17.721,0,0
APR_PE,D,20160912,000000,17.92,18.219,17.82,18.02,0,0
APR_PE,D,20160913,000000,18.02,18.816,18.02,18.716,0,0
APR_PE,D,20160914,000000,18.617,19.214,18.418,18.816,0,0
APR_PE,D,20160915,000000,19.015,19.413,18.916,19.015,0,0
APR_PE,D,20160916,000000,19.214,19.314,18.816,19.015,0,0
APR_PE,D,20160919,000000,19.015,19.115,18.716,18.916,0,0
APR_PE,D,20160920,000000,18.916,18.916,18.716,18.716,0,0
APR_PE,D,20160921,000000,18.716,18.716,18.617,18.716,0,0
APR_PE,D,20160922,000000,18.816,18.816,18.318,18.418,0,0
APR_PE,D,20160923,000000,18.517,18.816,18.219,18.716,0,0
APR_PE,D,20160926,000000,18.716,19.214,18.716,19.115,0,0
APR_PE,D,20160927,000000,19.314,19.314,18.816,19.115,0,0
APR_PE,D,20160928,000000,19.115,19.214,18.816,19.214,0,0
APR_PE,D,20160929,000000,19.214,19.214,18.916,19.115,0,0
APR_PE,D,20160930,000000,19.214,19.214,18.916,19.015,0,0
APR_PE,D,20161003,000000,19.015,19.314,18.916,19.314,0,0
APR_PE,D,20161004,000000,19.314,19.314,19.115,19.115,0,0
APR_PE,D,20161005,000000,19.115,19.115,18.916,18.916,0,0
APR_PE,D,20161006,000000,18.916,19.015,18.617,18.716,0,0
APR_PE,D,20161007,000000,18.916,18.916,18.716,18.816,0,0
APR_PE,D,20161010,000000,18.816,18.916,18.716,18.816,0,0
APR_PE,D,20161011,000000,18.816,18.816,18.318,18.418,0,0
APR_PE,D,20161012,000000,18.916,18.916,17.721,18.418,0,0
APR_PE,D,20161013,000000,18.716,19.115,18.517,18.816,0,0
APR_PE,D,20161014,000000,19.214,19.214,18.816,18.816,0,0
APR_PE,D,20161017,000000,18.816,18.816,18.517,18.716,0,0
APR_PE,D,20161018,000000,18.716,18.716,18.119,18.716,0,0
APR_PE,D,20161019,000000,18.617,18.716,18.318,18.418,0,0
APR_PE,D,20161020,000000,18.617,18.617,18.318,18.617,0,0
APR_PE,D,20161021,000000,18.418,18.716,18.219,18.318,0,0
APR_PE,D,20161024,000000,18.318,18.318,18.219,18.219,0,0
APR_PE,D,20161025,000000,18.219,18.418,18.219,18.318,0,0
APR_PE,D,20161026,000000,18.418,18.418,18.318,18.418,0,0
APR_PE,D,20161027,000000,18.617,18.617,18.219,18.617,0,0
APR_PE,D,20161028,000000,18.617,19.115,18.418,18.418,0,0
APR_PE,D,20161031,000000,18.716,19.115,18.418,19.115,0,0
APR_PE,D,20161102,000000,19.115,19.115,18.02,18.418,0,0
APR_PE,D,20161103,000000,18.418,18.617,17.92,18.02,0,0
APR_PE,D,20161104,000000,18.318,18.318,18.02,18.219,0,0
APR_PE,D,20161107,000000,18.617,18.617,18.02,18.318,0,0
APR_PE,D,20161108,000000,18.318,18.318,17.92,18.219,0,0
APR_PE,D,20161109,000000,17.223,18.219,17.223,18.119,0,0
APR_PE,D,20161110,000000,18.517,19.413,18.119,18.916,0,0
APR_PE,D,20161114,000000,19.214,19.214,18.219,18.816,0,0
APR_PE,D,20161115,000000,18.318,18.816,18.318,18.716,0,0
APR_PE,D,20161116,000000,18.816,19.015,18.418,18.716,0,0
APR_PE,D,20161117,000000,18.517,18.517,18.02,18.219,0,0
APR_PE,D,20161118,000000,18.219,18.418,16.128,16.128,0,0
APR_PE,D,20161121,000000,16.128,16.128,15.829,16.028,0,0
APR_PE,D,20161122,000000,16.028,16.228,15.73,16.028,0,0
APR_PE,D,20161123,000000,16.028,16.228,15.829,16.128,0,0
APR_PE,D,20161124,000000,16.128,16.526,15.929,16.128,0,0
APR_PE,D,20161125,000000,16.327,16.526,16.128,16.526,0,0
APR_PE,D,20161128,000000,16.526,16.725,16.327,16.427,0,0
APR_PE,D,20161129,000000,16.626,16.626,16.228,16.327,0,0
APR_PE,D,20161130,000000,16.327,16.526,16.128,16.526,0,0
APR_PE,D,20161201,000000,16.526,16.526,16.327,16.526,0,0
APR_PE,D,20161202,000000,16.526,16.526,16.028,16.327,0,0
APR_PE,D,20161205,000000,16.526,16.526,16.028,16.427,0,0
APR_PE,D,20161206,000000,16.427,16.427,16.228,16.427,0,0
APR_PE,D,20161207,000000,16.427,16.427,16.327,16.427,0,0
APR_PE,D,20161208,000000,16.327,16.427,16.128,16.327,0,0
APR_PE,D,20161209,000000,16.327,16.327,16.228,16.327,0,0
APR_PE,D,20161212,000000,16.526,17.124,16.526,17.024,0,0
APR_PE,D,20161213,000000,17.024,17.223,16.825,17.024,0,0
APR_PE,D,20161214,000000,17.124,17.124,16.526,16.626,0,0
APR_PE,D,20161215,000000,16.626,16.924,16.626,16.924,0,0
APR_PE,D,20161216,000000,17.024,17.124,16.924,17.024,0,0
APR_PE,D,20161219,000000,17.024,17.024,16.725,16.924,0,0
APR_PE,D,20161220,000000,16.924,17.024,16.725,16.725,0,0
APR_PE,D,20161221,000000,16.924,16.924,16.725,16.924,0,0
APR_PE,D,20161222,000000,16.825,16.924,16.725,16.725,0,0
APR_PE,D,20161223,000000,16.924,16.924,16.626,16.725,0,0
APR_PE,D,20161227,000000,16.825,16.825,16.427,16.725,0,0
APR_PE,D,20161228,000000,16.725,16.725,16.427,16.526,0,0
APR_PE,D,20161229,000000,16.626,16.924,16.427,16.825,0,0
APR_PE,D,20161230,000000,16.825,16.924,16.526,16.924,0,0
APR_PE,D,20170102,000000,17.024,17.124,16.825,16.825,0,0
APR_PE,D,20170103,000000,16.924,17.124,16.825,17.124,0,0
APR_PE,D,20170104,000000,17.223,17.223,17.024,17.223,0,0
APR_PE,D,20170105,000000,17.323,18.517,17.323,17.92,0,0
APR_PE,D,20170109,000000,18.119,18.318,17.721,17.92,0,0
APR_PE,D,20170110,000000,18.02,18.02,17.522,17.721,0,0
APR_PE,D,20170111,000000,17.82,17.82,17.422,17.621,0,0
APR_PE,D,20170112,000000,17.621,17.92,17.223,17.621,0,0
APR_PE,D,20170113,000000,17.92,17.92,17.621,17.82,0,0
APR_PE,D,20170116,000000,17.82,17.82,17.621,17.721,0,0
APR_PE,D,20170117,000000,17.82,17.92,17.522,17.522,0,0
APR_PE,D,20170118,000000,17.522,17.522,16.228,16.427,0,0
APR_PE,D,20170119,000000,16.626,16.924,16.228,16.725,0,0
APR_PE,D,20170120,000000,16.725,17.621,16.725,17.621,0,0
APR_PE,D,20170123,000000,17.621,17.92,17.621,17.92,0,0
APR_PE,D,20170124,000000,17.92,19.115,17.92,18.916,0,0
APR_PE,D,20170125,000000,19.115,19.214,18.517,18.716,0,0
APR_PE,D,20170126,000000,19.214,19.214,18.517,18.916,0,0
APR_PE,D,20170127,000000,18.916,18.916,18.517,18.716,0,0
APR_PE,D,20170130,000000,18.517,18.816,18.418,18.716,0,0
APR_PE,D,20170131,000000,18.816,19.115,18.517,18.517,0,0
APR_PE,D,20170201,000000,18.716,18.816,18.418,18.816,0,0
APR_PE,D,20170202,000000,18.816,19.115,18.816,18.916,0,0
APR_PE,D,20170203,000000,19.115,19.115,18.617,18.816,0,0
APR_PE,D,20170206,000000,18.816,18.816,18.617,18.617,0,0
APR_PE,D,20170207,000000,18.517,18.517,18.219,18.219,0,0
APR_PE,D,20170208,000000,18.219,18.219,17.721,18.119,0,0
APR_PE,D,20170209,000000,18.219,18.716,18.119,18.219,0,0
APR_PE,D,20170210,000000,18.219,18.617,18.219,18.517,0,0
APR_PE,D,20170213,000000,18.617,18.716,18.418,18.517,0,0
APR_PE,D,20170214,000000,18.517,18.716,18.418,18.517,0,0
APR_PE,D,20170215,000000,18.517,18.716,18.418,18.418,0,0
APR_PE,D,20170216,000000,18.716,18.716,18.418,18.517,0,0
APR_PE,D,20170217,000000,18.517,18.517,18.219,18.219,0,0
APR_PE,D,20170220,000000,18.517,18.716,18.517,18.517,0,0
APR_PE,D,20170221,000000,18.716,18.716,18.318,18.517,0,0
APR_PE,D,20170222,000000,18.517,18.617,18.318,18.517,0,0
APR_PE,D,20170223,000000,18.318,18.716,18.318,18.517,0,0
APR_PE,D,20170224,000000,18.617,18.617,18.318,18.418,0,0
APR_PE,D,20170227,000000,18.716,18.716,18.219,18.517,0,0
APR_PE,D,20170228,000000,18.517,18.517,17.92,18.119,0,0
APR_PE,D,20170301,000000,18.318,18.318,17.82,17.82,0,0
APR_PE,D,20170302,000000,17.82,18.219,17.621,18.119,0,0
APR_PE,D,20170303,000000,18.02,18.02,17.82,18.02,0,0
APR_PE,D,20170306,000000,18.02,18.02,17.82,17.92,0,0
APR_PE,D,20170307,000000,17.92,18.219,17.92,18.02,0,0
APR_PE,D,20170308,000000,18.119,18.119,17.92,18.02,0,0
APR_PE,D,20170309,000000,17.92,18.02,17.522,17.522,0,0
APR_PE,D,20170310,000000,17.522,18.219,17.323,18.219,0,0
APR_PE,D,20170313,000000,18.517,18.916,18.517,18.617,0,0
APR_PE,D,20170314,000000,18.816,18.816,18.517,18.617,0,0
APR_PE,D,20170315,000000,18.816,19.115,18.617,19.115,0,0
APR_PE,D,20170316,000000,19.115,20.508,19.015,20.11,0,0
APR_PE,D,20170317,000000,20.11,20.309,19.911,20.21,0,0
APR_PE,D,20170320,000000,20.409,20.508,20.011,20.508,0,0
APR_PE,D,20170321,000000,20.608,21.205,20.11,20.11,0,0
APR_PE,D,20170322,000000,20.11,20.11,19.612,19.911,0,0
APR_PE,D,20170323,000000,20.508,21.106,20.409,20.807,0,0
APR_PE,D,20170324,000000,21.006,21.006,20.21,20.907,0,0
APR_PE,D,20170327,000000,20.409,20.907,20.409,20.807,0,0
APR_PE,D,20170328,000000,20.807,20.807,20.309,20.608,0,0
APR_PE,D,20170329,000000,20.309,20.309,19.612,19.812,0,0
APR_PE,D,20170330,000000,19.612,20.309,19.513,20.011,0,0
APR_PE,D,20170331,000000,19.513,20.309,19.513,20.11,0,0
APR_PE,D,20170403,000000,19.612,20.508,19.612,20.309,0,0
APR_PE,D,20170404,000000,20.309,20.807,20.309,20.409,0,0
APR_PE,D,20170405,000000,21.205,21.205,18.418,18.418,0,0
APR_PE,D,20170406,000000,17.92,17.92,16.924,17.024,0,0
APR_PE,D,20170407,000000,17.024,17.223,16.924,17.024,0,0
APR_PE,D,20170410,000000,17.024,17.223,16.825,17.024,0,0
APR_PE,D,20170411,000000,17.024,17.124,16.825,17.024,0,0
APR_PE,D,20170412,000000,17.024,17.024,16.725,17.024,0,0
APR_PE,D,20170413,000000,16.924,17.024,16.825,16.825,0,0
APR_PE,D,20170418,000000,16.825,16.825,16.327,16.626,0,0
APR_PE,D,20170419,000000,16.626,17.223,16.626,17.124,0,0
APR_PE,D,20170420,000000,17.124,17.124,16.725,17.024,0,0
APR_PE,D,20170421,000000,17.024,17.124,16.725,17.124,0,0
APR_PE,D,20170424,000000,17.124,17.422,16.924,17.422,0,0
APR_PE,D,20170425,000000,17.721,17.82,17.522,17.721,0,0
APR_PE,D,20170426,000000,17.82,17.82,17.323,17.621,0,0
APR_PE,D,20170427,000000,17.721,17.721,17.323,17.721,0,0
APR_PE,D,20170428,000000,17.721,17.92,17.522,17.92,0,0
APR_PE,D,20170502,000000,17.721,18.119,17.721,18.02,0,0
APR_PE,D,20170504,000000,18.119,18.517,17.92,18.119,0,0
APR_PE,D,20170505,000000,18.219,18.219,18.02,18.219,0,0
APR_PE,D,20170508,000000,18.318,18.418,18.119,18.219,0,0
APR_PE,D,20170509,000000,18.219,18.219,17.92,17.92,0,0
APR_PE,D,20170510,000000,17.82,18.119,17.422,18.02,0,0
APR_PE,D,20170511,000000,18.02,18.219,17.721,18.219,0,0
APR_PE,D,20170512,000000,18.119,18.318,17.92,18.318,0,0
APR_PE,D,20170515,000000,18.418,18.418,18.02,18.02,0,0
APR_PE,D,20170516,000000,18.119,18.119,17.621,18.02,0,0
APR_PE,D,20170517,000000,18.02,18.02,17.422,17.522,0,0
APR_PE,D,20170518,000000,17.323,18.02,17.024,18.02,0,0
APR_PE,D,20170519,000000,17.82,18.119,17.82,18.02,0,0
APR_PE,D,20170522,000000,18.119,18.119,17.82,17.92,0,0
APR_PE,D,20170523,000000,18.119,18.119,17.721,17.721,0,0
APR_PE,D,20170524,000000,17.721,18.418,17.721,18.418,0,0
APR_PE,D,20170525,000000,18.418,18.816,18.418,18.816,0,0
APR_PE,D,20170526,000000,18.916,18.916,18.716,18.916,0,0
APR_PE,D,20170529,000000,18.916,18.916,18.716,18.916,0,0
APR_PE,D,20170530,000000,19.015,19.314,17.422,17.422,0,0
APR_PE,D,20170531,000000,17.522,17.522,17.024,17.522,0,0
APR_PE,D,20170601,000000,17.522,17.522,17.323,17.522,0,0
APR_PE,D,20170602,000000,17.92,17.92,17.621,17.721,0,0
APR_PE,D,20170605,000000,17.721,18.02,17.621,17.721,0,0
APR_PE,D,20170606,000000,17.721,18.02,17.721,17.82,0,0
APR_PE,D,20170607,000000,18.119,18.119,17.422,17.422,0,0
APR_PE,D,20170608,000000,17.621,17.721,17.422,17.721,0,0
APR_PE,D,20170609,000000,17.721,17.82,17.621,17.721,0,0
APR_PE,D,20170612,000000,17.92,17.92,17.522,17.522,0,0
APR_PE,D,20170613,000000,17.621,17.621,17.422,17.621,0,0
APR_PE,D,20170614,000000,17.721,17.92,17.621,17.721,0,0
APR_PE,D,20170616,000000,17.721,17.82,17.522,17.721,0,0
APR_PE,D,20170619,000000,17.721,17.82,17.721,17.721,0,0
APR_PE,D,20170620,000000,17.522,17.82,17.522,17.621,0,0
APR_PE,D,20170621,000000,17.621,17.82,17.522,17.721,0,0
APR_PE,D,20170622,000000,17.721,17.721,17.522,17.522,0,0
APR_PE,D,20170623,000000,17.721,17.721,17.422,17.522,0,0
APR_PE,D,20170626,000000,17.522,19.612,17.522,19.612,0,0
APR_PE,D,20170627,000000,19.612,19.712,19.612,19.612,0,0
APR_PE,D,20170628,000000,19.712,19.812,19.413,19.413,0,0
APR_PE,D,20170629,000000,19.513,19.513,18.816,19.314,0,0
APR_PE,D,20170630,000000,19.314,19.314,18.916,19.115,0,0
APR_PE,D,20170703,000000,18.916,19.314,18.916,19.314,0,0
APR_PE,D,20170704,000000,19.413,19.413,19.015,19.314,0,0
APR_PE,D,20170705,000000,19.314,19.314,18.816,18.916,0,0
APR_PE,D,20170706,000000,18.916,18.916,18.517,18.816,0,0
APR_PE,D,20170707,000000,18.617,19.314,18.617,19.015,0,0
APR_PE,D,20170710,000000,18.916,19.314,18.916,19.214,0,0
APR_PE,D,20170711,000000,19.015,19.214,19.015,19.115,0,0
APR_PE,D,20170712,000000,19.214,19.314,18.816,19.115,0,0
APR_PE,D,20170713,000000,19.214,19.314,19.015,19.115,0,0
APR_PE,D,20170714,000000,19.015,19.214,18.916,19.214,0,0
APR_PE,D,20170717,000000,19.214,19.214,19.115,19.115,0,0
APR_PE,D,20170718,000000,19.214,19.214,18.617,18.916,0,0
APR_PE,D,20170719,000000,19.015,19.015,18.318,18.517,0,0
APR_PE,D,20170720,000000,18.517,18.816,18.219,18.816,0,0
APR_PE,D,20170721,000000,18.816,18.816,18.617,18.617,0,0
APR_PE,D,20170724,000000,18.617,18.716,18.119,18.517,0,0
APR_PE,D,20170725,000000,18.517,18.517,18.119,18.119,0,0
APR_PE,D,20170726,000000,18.219,18.219,17.721,17.92,0,0
APR_PE,D,20170727,000000,17.92,18.119,17.522,18.119,0,0
APR_PE,D,20170728,000000,18.119,18.219,17.82,17.82,0,0
APR_PE,D,20170731,000000,17.82,18.02,17.124,17.124,0,0
APR_PE,D,20170801,000000,17.223,17.82,16.825,17.82,0,0
APR_PE,D,20170802,000000,18.02,18.119,17.82,18.119,0,0
APR_PE,D,20170803,000000,18.119,18.119,18.02,18.119,0,0
APR_PE,D,20170804,000000,18.02,18.119,17.92,18.119,0,0
APR_PE,D,20170807,000000,18.119,18.119,17.621,18.119,0,0
APR_PE,D,20170808,000000,18.02,18.02,17.82,18.02,0,0
APR_PE,D,20170809,000000,18.02,18.02,17.82,17.82,0,0
APR_PE,D,20170810,000000,18.02,18.517,17.82,18.318,0,0
APR_PE,D,20170811,000000,18.219,18.318,17.82,18.219,0,0
APR_PE,D,20170814,000000,18.219,18.219,18.119,18.119,0,0
APR_PE,D,20170816,000000,18.318,18.318,17.82,17.82,0,0
APR_PE,D,20170817,000000,18.119,18.119,17.721,17.92,0,0
APR_PE,D,20170818,000000,18.119,18.119,17.621,17.82,0,0
APR_PE,D,20170821,000000,17.721,17.92,17.721,17.82,0,0
APR_PE,D,20170822,000000,17.721,18.02,17.721,18.02,0,0
APR_PE,D,20170823,000000,17.82,18.219,17.82,17.92,0,0
APR_PE,D,20170824,000000,18.119,18.119,17.82,18.02,0,0
APR_PE,D,20170825,000000,18.119,18.119,17.721,17.721,0,0
APR_PE,D,20170828,000000,18.02,18.02,17.621,17.82,0,0
APR_PE,D,20170829,000000,17.82,18.119,17.82,18.119,0,0
APR_PE,D,20170830,000000,18.119,18.716,17.82,18.716,0,0
APR_PE,D,20170831,000000,18.716,18.716,18.517,18.716,0,0
APR_PE,D,20170901,000000,18.716,19.115,18.716,19.115,0,0
APR_PE,D,20170904,000000,19.314,19.314,18.617,18.617,0,0
APR_PE,D,20170905,000000,18.716,18.716,18.219,18.219,0,0
APR_PE,D,20170906,000000,18.219,18.219,18.02,18.119,0,0
APR_PE,D,20170907,000000,18.418,18.418,17.92,18.318,0,0
APR_PE,D,20170908,000000,18.318,18.418,18.02,18.418,0,0
APR_PE,D,20170911,000000,18.418,18.418,18.119,18.418,0,0
APR_PE,D,20170912,000000,18.418,18.418,18.318,18.418,0,0
APR_PE,D,20170913,000000,18.418,18.418,18.119,18.219,0,0
APR_PE,D,20170914,000000,18.219,18.318,18.02,18.318,0,0
APR_PE,D,20170915,000000,18.219,18.318,18.02,18.02,0,0
APR_PE,D,20170918,000000,18.02,18.219,18.02,18.219,0,0
APR_PE,D,20170919,000000,18.219,18.418,18.219,18.318,0,0
APR_PE,D,20170920,000000,18.02,18.318,17.621,18.318,0,0
APR_PE,D,20170921,000000,18.517,18.617,18.318,18.418,0,0
APR_PE,D,20170922,000000,18.617,18.617,18.219,18.617,0,0
APR_PE,D,20170925,000000,18.517,18.517,18.418,18.517,0,0
APR_PE,D,20170926,000000,18.517,18.517,18.219,18.318,0,0
APR_PE,D,20170927,000000,18.318,18.318,17.92,18.318,0,0
APR_PE,D,20170928,000000,18.318,18.318,18.318,18.318,0,0
APR_PE,D,20170929,000000,19.214,19.214,19.214,19.214,0,0
APR_PE,D,20171002,000000,19.214,19.314,18.517,18.716,0,0
APR_PE,D,20171003,000000,18.716,18.716,18.318,18.517,0,0
APR_PE,D,20171004,000000,18.517,18.617,18.318,18.318,0,0
APR_PE,D,20171005,000000,18.219,18.418,18.219,18.418,0,0
APR_PE,D,20171006,000000,18.418,18.517,18.219,18.517,0,0
APR_PE,D,20171009,000000,18.517,18.517,18.318,18.318,0,0
APR_PE,D,20171010,000000,18.517,18.517,18.318,18.318,0,0
APR_PE,D,20171011,000000,18.318,18.418,18.318,18.318,0,0
APR_PE,D,20171012,000000,18.318,18.318,17.92,18.119,0,0
APR_PE,D,20171013,000000,18.318,18.418,18.119,18.119,0,0
APR_PE,D,20171016,000000,18.318,18.318,18.02,18.119,0,0
APR_PE,D,20171017,000000,18.119,18.119,17.422,17.422,0,0
APR_PE,D,20171018,000000,17.82,17.82,16.825,17.721,0,0
APR_PE,D,20171019,000000,17.721,17.721,17.223,17.522,0,0
APR_PE,D,20171020,000000,17.522,17.522,17.323,17.522,0,0
APR_PE,D,20171023,000000,17.522,17.522,17.024,17.323,0,0
APR_PE,D,20171024,000000,17.323,17.323,16.825,17.024,0,0
APR_PE,D,20171025,000000,17.024,17.323,16.626,17.323,0,0
APR_PE,D,20171026,000000,17.422,17.522,17.223,17.522,0,0
APR_PE,D,20171027,000000,17.522,17.621,17.323,17.522,0,0
APR_PE,D,20171030,000000,17.721,17.721,16.825,16.825,0,0
APR_PE,D,20171031,000000,16.825,17.223,16.825,17.223,0,0
APR_PE,D,20171102,000000,17.422,17.422,16.626,16.626,0,0
APR_PE,D,20171103,000000,16.526,16.526,15.929,16.526,0,0
APR_PE,D,20171106,000000,16.327,16.526,16.327,16.427,0,0
APR_PE,D,20171107,000000,16.526,16.626,16.327,16.526,0,0
APR_PE,D,20171108,000000,16.427,16.526,16.228,16.327,0,0
APR_PE,D,20171109,000000,16.327,16.327,16.128,16.228,0,0
APR_PE,D,20171110,000000,16.327,16.327,16.128,16.128,0,0
APR_PE,D,20171113,000000,16.128,16.427,15.929,16.128,0,0
APR_PE,D,20171114,000000,16.128,16.327,16.028,16.128,0,0
APR_PE,D,20171115,000000,16.128,16.626,15.63,16.626,0,0
APR_PE,D,20171116,000000,16.626,17.422,16.427,16.427,0,0
APR_PE,D,20171117,000000,16.725,16.725,16.028,16.526,0,0
APR_PE,D,20171120,000000,16.526,16.526,16.228,16.427,0,0
APR_PE,D,20171121,000000,16.526,16.526,16.028,16.526,0,0
APR_PE,D,20171122,000000,16.725,16.725,16.327,16.725,0,0
APR_PE,D,20171123,000000,16.725,16.725,16.427,16.725,0,0
APR_PE,D,20171124,000000,16.725,16.924,16.725,16.825,0,0
APR_PE,D,20171127,000000,16.626,17.323,16.626,17.323,0,0
APR_PE,D,20171128,000000,17.323,17.522,17.323,17.522,0,0
APR_PE,D,20171129,000000,17.522,17.82,17.522,17.621,0,0
APR_PE,D,20171130,000000,17.621,17.621,16.725,16.924,0,0
APR_PE,D,20171201,000000,16.924,17.124,16.725,17.124,0,0
APR_PE,D,20171204,000000,17.223,17.323,16.825,17.323,0,0
APR_PE,D,20171205,000000,17.422,17.82,17.223,17.82,0,0
APR_PE,D,20171206,000000,17.323,17.721,17.323,17.721,0,0
APR_PE,D,20171207,000000,17.721,17.721,17.522,17.621,0,0
APR_PE,D,20171208,000000,17.721,17.721,17.124,17.422,0,0
APR_PE,D,20171211,000000,17.422,17.422,17.124,17.422,0,0
APR_PE,D,20171212,000000,17.422,17.422,17.024,17.223,0,0
APR_PE,D,20171213,000000,17.323,17.522,17.024,17.323,0,0
APR_PE,D,20171214,000000,17.422,17.92,17.422,17.92,0,0
APR_PE,D,20171215,000000,18.02,18.318,18.02,18.119,0,0
APR_PE,D,20171218,000000,18.119,18.119,18.02,18.02,0,0
APR_PE,D,20171219,000000,16.327,18.02,16.028,16.128,0,0
APR_PE,D,20171220,000000,16.228,16.626,16.028,16.028,0,0
APR_PE,D,20171221,000000,16.128,16.128,15.829,15.929,0,0
APR_PE,D,20171222,000000,16.327,16.327,15.929,16.028,0,0
APR_PE,D,20171227,000000,16.028,16.128,15.73,15.829,0,0
APR_PE,D,20171228,000000,15.829,16.327,15.73,16.327,0,0
APR_PE,D,20171229,000000,15.929,16.228,15.829,15.929,0,0
APR_PE,D,20180103,000000,16.228,16.427,16.228,16.427,0,0
APR_PE,D,20180104,000000,16.427,16.825,16.427,16.725,0,0
APR_PE,D,20180105,000000,16.825,16.924,16.526,16.924,0,0
APR_PE,D,20180108,000000,16.924,16.924,16.626,16.825,0,0
APR_PE,D,20180109,000000,16.924,16.924,16.725,16.725,0,0
APR_PE,D,20180110,000000,16.725,16.725,16.228,16.626,0,0
APR_PE,D,20180111,000000,16.725,16.725,16.427,16.427,0,0
APR_PE,D,20180112,000000,16.626,16.626,16.427,16.526,0,0
APR_PE,D,20180115,000000,16.526,16.825,16.427,16.825,0,0
APR_PE,D,20180116,000000,16.825,16.825,16.626,16.626,0,0
APR_PE,D,20180117,000000,16.626,16.725,16.427,16.526,0,0
APR_PE,D,20180118,000000,16.526,16.725,16.427,16.725,0,0
APR_PE,D,20180119,000000,16.825,16.825,16.626,16.725,0,0
APR_PE,D,20180122,000000,16.924,16.924,16.427,16.427,0,0
APR_PE,D,20180123,000000,16.725,16.725,16.228,16.327,0,0
APR_PE,D,20180124,000000,16.526,16.526,15.73,16.327,0,0
APR_PE,D,20180125,000000,16.526,16.725,16.526,16.725,0,0
APR_PE,D,20180126,000000,16.725,16.825,16.725,16.825,0,0
APR_PE,D,20180129,000000,16.825,16.825,16.725,16.825,0,0
APR_PE,D,20180130,000000,16.825,16.825,16.526,16.725,0,0
APR_PE,D,20180131,000000,16.725,16.725,16.526,16.626,0,0
APR_PE,D,20180201,000000,16.725,16.825,16.526,16.526,0,0
APR_PE,D,20180202,000000,16.526,16.626,16.228,16.626,0,0
APR_PE,D,20180205,000000,16.725,16.725,16.427,16.526,0,0
APR_PE,D,20180206,000000,15.73,16.228,15.63,15.929,0,0
APR_PE,D,20180207,000000,16.028,16.327,16.028,16.228,0,0
APR_PE,D,20180208,000000,16.427,16.427,16.028,16.228,0,0
APR_PE,D,20180209,000000,16.028,16.228,16.028,16.228,0,0
APR_PE,D,20180212,000000,16.327,16.327,15.929,16.128,0,0
APR_PE,D,20180213,000000,16.128,16.526,16.028,16.427,0,0
APR_PE,D,20180214,000000,16.427,17.223,16.427,17.223,0,0
APR_PE,D,20180215,000000,17.323,17.522,17.223,17.422,0,0
APR_PE,D,20180216,000000,17.422,17.621,17.223,17.323,0,0
APR_PE,D,20180219,000000,17.522,17.522,17.024,17.323,0,0
APR_PE,D,20180220,000000,17.323,17.323,16.626,16.626,0,0
APR_PE,D,20180221,000000,16.924,17.024,16.427,16.626,0,0
APR_PE,D,20180222,000000,16.526,16.924,16.427,16.626,0,0
APR_PE,D,20180223,000000,16.825,16.825,16.526,16.725,0,0
APR_PE,D,20180226,000000,16.825,16.924,16.626,16.725,0,0
APR_PE,D,20180227,000000,16.825,16.825,16.626,16.825,0,0
APR_PE,D,20180228,000000,16.825,16.825,16.427,16.427,0,0
APR_PE,D,20180301,000000,16.427,16.427,16.327,16.427,0,0
APR_PE,D,20180302,000000,15.431,15.829,15.132,15.232,0,0
APR_PE,D,20180305,000000,15.332,15.531,15.132,15.232,0,0
APR_PE,D,20180306,000000,15.332,15.63,15.232,15.431,0,0
APR_PE,D,20180307,000000,15.431,15.531,15.132,15.232,0,0
APR_PE,D,20180308,000000,15.431,15.531,15.033,15.232,0,0
APR_PE,D,20180309,000000,15.232,15.232,15.033,15.232,0,0
APR_PE,D,20180312,000000,15.332,15.431,15.232,15.232,0,0
APR_PE,D,20180313,000000,15.332,15.332,15.132,15.232,0,0
APR_PE,D,20180314,000000,15.232,15.431,15.232,15.232,0,0
APR_PE,D,20180315,000000,15.332,15.431,15.132,15.431,0,0
APR_PE,D,20180316,000000,15.431,15.431,15.132,15.232,0,0
APR_PE,D,20180319,000000,15.232,15.232,15.033,15.132,0,0
APR_PE,D,20180320,000000,15.132,15.232,15.033,15.232,0,0
APR_PE,D,20180321,000000,15.232,15.232,15.033,15.033,0,0
APR_PE,D,20180322,000000,15.332,15.332,14.933,15.132,0,0
APR_PE,D,20180323,000000,14.933,15.132,14.336,14.734,0,0
APR_PE,D,20180326,000000,14.734,15.232,14.734,15.232,0,0
APR_PE,D,20180327,000000,15.232,15.232,14.734,14.933,0,0
APR_PE,D,20180328,000000,15.132,15.132,14.137,14.236,0,0
APR_PE,D,20180329,000000,14.336,14.535,14.037,14.436,0,0
APR_PE,D,20180403,000000,14.436,14.933,14.436,14.834,0,0
APR_PE,D,20180404,000000,14.834,14.834,14.535,14.635,0,0
APR_PE,D,20180405,000000,14.834,15.929,14.734,15.929,0,0
APR_PE,D,20180406,000000,16.128,16.725,16.028,16.725,0,0
APR_PE,D,20180409,000000,17.522,17.721,17.024,17.024,0,0
APR_PE,D,20180410,000000,17.024,17.024,16.626,16.725,0,0
APR_PE,D,20180411,000000,17.024,17.024,16.427,16.427,0,0
APR_PE,D,20180412,000000,16.825,16.825,16.228,16.725,0,0
APR_PE,D,20180413,000000,16.725,17.323,16.725,17.223,0,0
APR_PE,D,20180416,000000,17.422,17.422,16.825,17.422,0,0
APR_PE,D,20180417,000000,17.422,17.422,17.124,17.223,0,0
APR_PE,D,20180418,000000,17.223,17.223,16.825,17.223,0,0
APR_PE,D,20180419,000000,17.223,17.223,16.924,17.124,0,0
APR_PE,D,20180420,000000,17.124,17.124,16.924,17.124,0,0
APR_PE,D,20180423,000000,16.924,17.124,16.725,16.725,0,0
APR_PE,D,20180424,000000,16.825,16.924,16.327,16.825,0,0
APR_PE,D,20180425,000000,16.825,16.825,15.929,15.929,0,0
APR_PE,D,20180426,000000,15.929,16.526,15.929,16.228,0,0
APR_PE,D,20180427,000000,16.327,16.327,15.829,15.929,0,0
APR_PE,D,20180430,000000,16.028,16.626,15.929,16.626,0,0
APR_PE,D,20180502,000000,16.626,16.626,16.128,16.128,0,0
APR_PE,D,20180504,000000,16.427,16.427,15.63,15.829,0,0
APR_PE,D,20180507,000000,16.028,16.725,15.829,16.327,0,0
APR_PE,D,20180508,000000,16.427,16.924,16.028,16.327,0,0
APR_PE,D,20180509,000000,16.626,16.626,16.128,16.128,0,0
APR_PE,D,20180510,000000,16.526,16.526,16.228,16.526,0,0
APR_PE,D,20180511,000000,16.526,16.626,16.526,16.626,0,0
APR_PE,D,20180514,000000,16.327,16.626,16.128,16.526,0,0
APR_PE,D,20180515,000000,16.626,16.725,16.228,16.725,0,0
APR_PE,D,20180516,000000,16.825,16.924,16.327,16.725,0,0
APR_PE,D,20180517,000000,16.725,17.024,16.526,16.626,0,0
APR_PE,D,20180518,000000,16.725,16.725,16.228,16.327,0,0
APR_PE,D,20180521,000000,16.626,16.626,16.128,16.228,0,0
APR_PE,D,20180522,000000,16.626,16.626,15.829,16.327,0,0
APR_PE,D,20180523,000000,16.626,16.725,15.73,15.73,0,0
APR_PE,D,20180524,000000,15.73,15.73,15.531,15.73,0,0
APR_PE,D,20180525,000000,15.73,15.73,15.531,15.63,0,0
APR_PE,D,20180528,000000,15.73,15.73,15.332,15.431,0,0
APR_PE,D,20180529,000000,15.431,15.431,15.232,15.431,0,0
APR_PE,D,20180530,000000,15.232,15.431,15.033,15.033,0,0
APR_PE,D,20180601,000000,14.834,15.033,14.834,15.033,0,0
APR_PE,D,20180604,000000,15.033,15.73,14.734,14.734,0,0
APR_PE,D,20180605,000000,15.132,15.132,14.834,15.132,0,0
APR_PE,D,20180606,000000,15.531,15.531,15.132,15.232,0,0
APR_PE,D,20180607,000000,15.431,15.431,15.332,15.332,0,0
APR_PE,D,20180608,000000,15.431,15.531,15.232,15.531,0,0
APR_PE,D,20180611,000000,15.63,15.63,15.63,15.63,0,0
APR_PE,D,20180612,000000,15.531,15.531,15.332,15.531,0,0
APR_PE,D,20180613,000000,15.531,15.531,15.332,15.431,0,0
APR_PE,D,20180614,000000,15.431,15.531,15.431,15.431,0,0
APR_PE,D,20180615,000000,15.431,15.531,14.933,15.431,0,0
APR_PE,D,20180618,000000,14.933,15.332,14.734,15.033,0,0
APR_PE,D,20180619,000000,15.232,15.232,14.635,14.734,0,0
APR_PE,D,20180620,000000,14.336,15.132,14.336,15.033,0,0
APR_PE,D,20180621,000000,15.132,15.132,14.236,14.336,0,0
APR_PE,D,20180622,000000,14.535,14.535,13.938,14.037,0,0
APR_PE,D,20180625,000000,14.037,14.037,13.938,14.037,0,0
APR_PE,D,20180626,000000,14.037,14.037,13.44,13.838,0,0
APR_PE,D,20180627,000000,13.838,13.838,13.639,13.739,0,0
APR_PE,D,20180628,000000,14.834,14.834,13.54,13.54,0,0
APR_PE,D,20180629,000000,13.54,14.336,13.54,13.838,0,0
APR_PE,D,20180702,000000,14.037,14.734,13.44,14.734,0,0
APR_PE,D,20180703,000000,14.834,14.933,14.236,14.535,0,0
APR_PE,D,20180704,000000,14.933,14.933,14.137,14.933,0,0
APR_PE,D,20180705,000000,15.033,15.033,14.635,14.933,0,0
APR_PE,D,20180706,000000,14.933,14.933,14.635,14.933,0,0
APR_PE,D,20180709,000000,14.933,14.933,14.535,14.734,0,0
APR_PE,D,20180710,000000,14.834,14.834,14.336,14.834,0,0
APR_PE,D,20180711,000000,14.734,14.734,14.436,14.635,0,0
APR_PE,D,20180712,000000,14.635,14.635,14.236,14.236,0,0
APR_PE,D,20180713,000000,14.236,14.336,14.236,14.236,0,0
APR_PE,D,20180716,000000,14.236,14.535,13.54,14.336,0,0
APR_PE,D,20180717,000000,14.336,14.336,13.938,14.336,0,0
APR_PE,D,20180718,000000,14.336,14.336,13.938,14.137,0,0
APR_PE,D,20180719,000000,13.54,14.236,13.54,14.037,0,0
APR_PE,D,20180720,000000,14.037,14.535,14.037,14.336,0,0
APR_PE,D,20180723,000000,14.436,14.436,14.336,14.336,0,0
APR_PE,D,20180724,000000,14.436,14.933,14.436,14.834,0,0
APR_PE,D,20180725,000000,14.834,15.033,14.635,14.734,0,0
APR_PE,D,20180726,000000,15.132,15.132,14.933,15.033,0,0
APR_PE,D,20180727,000000,15.332,15.332,14.635,15.033,0,0
APR_PE,D,20180730,000000,15.033,15.232,14.635,15.033,0,0
APR_PE,D,20180731,000000,15.332,15.73,15.332,15.73,0,0
APR_PE,D,20180801,000000,15.63,15.63,15.132,15.232,0,0
APR_PE,D,20180802,000000,15.332,15.332,15.033,15.033,0,0
APR_PE,D,20180803,000000,15.232,15.232,15.033,15.033,0,0
APR_PE,D,20180806,000000,15.132,15.132,15.033,15.033,0,0
APR_PE,D,20180807,000000,15.132,15.132,14.834,14.933,0,0
APR_PE,D,20180808,000000,15.132,15.132,14.933,15.132,0,0
APR_PE,D,20180809,000000,15.132,15.132,14.834,14.834,0,0
APR_PE,D,20180810,000000,15.132,15.132,15.132,15.132,0,0
APR_PE,D,20180813,000000,15.132,15.132,15.033,15.033,0,0
APR_PE,D,20180814,000000,15.033,15.033,15.033,15.033,0,0
APR_PE,D,20180816,000000,15.033,15.033,14.436,14.933,0,0
APR_PE,D,20180817,000000,14.933,14.933,14.535,14.933,0,0
APR_PE,D,20180820,000000,14.933,14.933,14.436,14.734,0,0
APR_PE,D,20180821,000000,14.734,14.834,14.535,14.535,0,0
APR_PE,D,20180822,000000,14.635,14.635,14.535,14.535,0,0
APR_PE,D,20180823,000000,14.834,14.834,14.635,14.734,0,0
APR_PE,D,20180824,000000,14.436,14.834,14.436,14.734,0,0
APR_PE,D,20180827,000000,14.734,14.734,14.734,14.734,0,0
APR_PE,D,20180828,000000,14.734,14.734,14.436,14.635,0,0
APR_PE,D,20180829,000000,14.635,14.635,14.535,14.535,0,0
APR_PE,D,20180830,000000,14.336,14.635,14.336,14.635,0,0
APR_PE,D,20180831,000000,14.635,14.734,14.436,14.734,0,0
APR_PE,D,20180903,000000,14.734,14.734,14.336,14.336,0,0
APR_PE,D,20180904,000000,14.236,14.336,13.739,14.037,0,0
APR_PE,D,20180905,000000,13.838,14.236,13.54,13.639,0,0
APR_PE,D,20180906,000000,13.639,13.739,13.042,13.141,0,0
APR_PE,D,20180907,000000,13.44,13.54,13.042,13.141,0,0
APR_PE,D,20180910,000000,12.743,13.54,12.743,13.141,0,0
APR_PE,D,20180911,000000,13.44,13.639,13.042,13.042,0,0
APR_PE,D,20180912,000000,13.739,14.336,11.349,11.349,0,0
APR_PE,D,20180913,000000,11.449,11.648,11.349,11.449,0,0
APR_PE,D,20180914,000000,11.748,11.748,11.15,11.15,0,0
APR_PE,D,20180917,000000,11.449,11.449,11.15,11.15,0,0
APR_PE,D,20180918,000000,11.051,11.748,11.051,11.748,0,0
APR_PE,D,20180919,000000,11.748,11.748,11.648,11.748,0,0
APR_PE,D,20180920,000000,11.748,11.748,11.548,11.648,0,0
APR_PE,D,20180921,000000,11.648,11.648,11.349,11.548,0,0
APR_PE,D,20180924,000000,11.548,11.548,11.449,11.449,0,0
APR_PE,D,20180925,000000,11.548,11.548,11.25,11.449,0,0
APR_PE,D,20180926,000000,11.449,11.449,11.15,11.349,0,0
APR_PE,D,20180927,000000,11.25,11.449,10.951,10.951,0,0
APR_PE,D,20180928,000000,11.349,11.349,10.951,11.349,0,0
APR_PE,D,20181001,000000,11.449,11.449,10.951,11.25,0,0
APR_PE,D,20181002,000000,11.25,11.25,11.051,11.15,0,0
APR_PE,D,20181003,000000,11.15,11.25,11.051,11.15,0,0
APR_PE,D,20181004,000000,11.25,11.548,11.15,11.349,0,0
APR_PE,D,20181005,000000,11.349,11.449,11.25,11.449,0,0
APR_PE,D,20181008,000000,11.349,11.349,11.051,11.051,0,0
APR_PE,D,20181009,000000,11.15,11.449,11.15,11.449,0,0
APR_PE,D,20181010,000000,11.548,12.245,11.449,11.748,0,0
APR_PE,D,20181011,000000,11.349,11.847,11.349,11.648,0,0
APR_PE,D,20181012,000000,11.748,11.748,11.449,11.449,0,0
APR_PE,D,20181015,000000,11.648,11.648,11.25,11.25,0,0
APR_PE,D,20181016,000000,11.648,11.648,11.051,11.15,0,0
APR_PE,D,20181017,000000,11.449,11.449,11.051,11.051,0,0
APR_PE,D,20181018,000000,11.349,11.349,11.15,11.15,0,0
APR_PE,D,20181019,000000,11.349,11.548,11.15,11.548,0,0
APR_PE,D,20181022,000000,11.648,11.648,11.15,11.15,0,0
APR_PE,D,20181023,000000,11.449,11.449,11.051,11.051,0,0
APR_PE,D,20181024,000000,11.15,11.25,11.15,11.25,0,0
APR_PE,D,20181025,000000,11.25,11.25,10.852,11.051,0,0
APR_PE,D,20181026,000000,11.051,11.051,10.951,11.051,0,0
APR_PE,D,20181029,000000,11.15,11.15,10.852,10.852,0,0
APR_PE,D,20181030,000000,10.752,10.951,10.652,10.852,0,0
APR_PE,D,20181031,000000,10.852,10.951,10.852,10.852,0,0
APR_PE,D,20181102,000000,10.852,10.852,10.852,10.852,0,0
APR_PE,D,20181105,000000,10.852,11.051,10.752,10.752,0,0
APR_PE,D,20181106,000000,10.752,10.852,10.652,10.852,0,0
APR_PE,D,20181107,000000,10.852,10.951,10.752,10.852,0,0
APR_PE,D,20181108,000000,10.852,10.852,10.752,10.852,0,0
APR_PE,D,20181109,000000,10.852,10.852,10.752,10.852,0,0
APR_PE,D,20181113,000000,10.951,10.951,10.852,10.852,0,0
APR_PE,D,20181114,000000,10.752,10.752,10.752,10.752,0,0
APR_PE,D,20181115,000000,10.852,10.852,10.752,10.852,0,0
APR_PE,D,20181116,000000,10.852,10.852,10.553,10.852,0,0
APR_PE,D,20181119,000000,10.852,10.852,10.752,10.852,0,0
APR_PE,D,20181120,000000,10.852,10.852,10.453,10.553,0,0
APR_PE,D,20181121,000000,10.553,10.752,10.453,10.752,0,0
APR_PE,D,20181122,000000,10.752,10.752,10.752,10.752,0,0
APR_PE,D,20181123,000000,10.752,10.752,10.553,10.553,0,0
APR_PE,D,20181126,000000,10.652,10.852,10.553,10.752,0,0
APR_PE,D,20181127,000000,10.652,10.752,10.453,10.553,0,0
APR_PE,D,20181128,000000,10.553,10.852,10.553,10.752,0,0
APR_PE,D,20181129,000000,10.951,11.051,9.657,9.657,0,0
APR_PE,D,20181130,000000,9.657,9.756,9.557,9.657,0,0
APR_PE,D,20181203,000000,9.856,9.956,9.756,9.756,0,0
APR_PE,D,20181204,000000,9.856,9.856,9.557,9.657,0,0
APR_PE,D,20181205,000000,9.657,9.657,9.557,9.657,0,0
APR_PE,D,20181206,000000,9.657,9.657,9.557,9.657,0,0
APR_PE,D,20181207,000000,9.756,9.756,9.557,9.657,0,0
APR_PE,D,20181210,000000,9.657,9.657,9.557,9.557,0,0
APR_PE,D,20181211,000000,9.657,9.657,9.2587,9.2587,0,0
APR_PE,D,20181212,000000,9.3582,9.657,9.1591,9.657,0,0
APR_PE,D,20181213,000000,9.756,9.756,9.557,9.657,0,0
APR_PE,D,20181214,000000,9.756,10.254,9.657,10.254,0,0
APR_PE,D,20181217,000000,10.254,10.553,10.155,10.155,0,0
APR_PE,D,20181218,000000,10.155,10.254,10.055,10.155,0,0
APR_PE,D,20181219,000000,10.254,10.254,10.055,10.254,0,0
APR_PE,D,20181220,000000,10.254,10.254,10.155,10.254,0,0
APR_PE,D,20181221,000000,10.254,10.254,10.055,10.055,0,0
APR_PE,D,20181227,000000,10.155,10.155,10.155,10.155,0,0
APR_PE,D,20181228,000000,10.254,10.354,10.055,10.055,0,0
APR_PE,D,20190102,000000,10.055,10.155,9.956,10.055,0,0
APR_PE,D,20190103,000000,10.254,10.254,9.856,9.856,0,0
APR_PE,D,20190104,000000,9.856,10.155,9.756,9.956,0,0
APR_PE,D,20190107,000000,9.956,10.155,9.856,10.055,0,0
APR_PE,D,20190108,000000,10.254,10.254,9.956,9.956,0,0
APR_PE,D,20190109,000000,9.756,10.155,9.756,10.155,0,0
APR_PE,D,20190110,000000,9.956,10.155,9.956,10.155,0,0
APR_PE,D,20190111,000000,9.956,10.155,9.956,10.155,0,0
APR_PE,D,20190114,000000,10.055,10.752,9.956,10.453,0,0
APR_PE,D,20190115,000000,10.553,10.652,10.553,10.553,0,0
APR_PE,D,20190116,000000,10.553,10.652,10.553,10.553,0,0
APR_PE,D,20190117,000000,10.553,10.652,10.254,10.453,0,0
APR_PE,D,20190118,000000,10.453,10.453,10.254,10.254,0,0
APR_PE,D,20190121,000000,10.354,10.453,10.254,10.254,0,0
APR_PE,D,20190122,000000,10.354,10.354,9.956,10.155,0,0
APR_PE,D,20190123,000000,10.254,10.354,10.155,10.354,0,0
APR_PE,D,20190124,000000,10.354,10.354,10.155,10.254,0,0
APR_PE,D,20190125,000000,10.155,10.254,9.956,10.155,0,0
APR_PE,D,20190128,000000,10.354,10.354,9.956,10.155,0,0
APR_PE,D,20190129,000000,10.254,10.254,9.956,9.956,0,0
APR_PE,D,20190130,000000,9.956,10.254,9.856,9.956,0,0
APR_PE,D,20190131,000000,10.155,10.254,10.055,10.254,0,0
APR_PE,D,20190201,000000,10.254,10.254,10.055,10.254,0,0
APR_PE,D,20190204,000000,10.553,10.553,10.354,10.453,0,0
APR_PE,D,20190205,000000,10.553,10.553,10.354,10.453,0,0
APR_PE,D,20190206,000000,10.553,10.553,10.354,10.354,0,0
APR_PE,D,20190207,000000,10.354,10.354,10.055,10.155,0,0
APR_PE,D,20190208,000000,10.055,10.254,10.055,10.155,0,0
APR_PE,D,20190211,000000,10.354,10.354,10.055,10.354,0,0
APR_PE,D,20190212,000000,10.354,10.354,10.254,10.254,0,0
APR_PE,D,20190213,000000,10.354,10.354,10.155,10.155,0,0
APR_PE,D,20190214,000000,10.155,10.254,10.055,10.254,0,0
APR_PE,D,20190215,000000,10.254,10.254,10.155,10.254,0,0
APR_PE,D,20190218,000000,10.354,10.354,10.254,10.254,0,0
APR_PE,D,20190219,000000,10.254,10.254,10.155,10.254,0,0
APR_PE,D,20190220,000000,10.254,10.453,10.254,10.453,0,0
APR_PE,D,20190221,000000,10.453,10.453,10.155,10.254,0,0
APR_PE,D,20190222,000000,10.254,10.951,10.254,10.951,0,0
APR_PE,D,20190225,000000,10.852,11.15,10.852,10.951,0,0
APR_PE,D,20190226,000000,11.051,11.051,10.752,10.852,0,0
APR_PE,D,20190227,000000,10.951,11.051,10.852,10.951,0,0
APR_PE,D,20190228,000000,11.051,11.648,11.051,11.25,0,0
APR_PE,D,20190301,000000,11.25,11.349,11.051,11.051,0,0
APR_PE,D,20190304,000000,11.25,11.25,10.852,10.951,0,0
APR_PE,D,20190305,000000,10.951,11.15,10.852,11.15,0,0
APR_PE,D,20190306,000000,11.25,11.648,11.15,11.449,0,0
APR_PE,D,20190307,000000,11.449,11.548,11.349,11.449,0,0
APR_PE,D,20190308,000000,11.449,11.449,11.349,11.449,0,0
APR_PE,D,20190311,000000,11.449,11.449,11.349,11.449,0,0
APR_PE,D,20190312,000000,11.449,11.449,11.15,11.15,0,0
APR_PE,D,20190313,000000,11.15,11.25,11.15,11.25,0,0
APR_PE,D,20190314,000000,11.349,11.349,11.051,11.15,0,0
APR_PE,D,20190315,000000,11.15,11.548,11.15,11.449,0,0
APR_PE,D,20190318,000000,11.548,11.548,11.349,11.449,0,0
APR_PE,D,20190319,000000,11.449,11.449,11.349,11.449,0,0
APR_PE,D,20190320,000000,11.449,11.648,11.449,11.449,0,0
APR_PE,D,20190321,000000,11.548,11.548,11.449,11.548,0,0
APR_PE,D,20190322,000000,11.548,11.548,11.349,11.449,0,0
APR_PE,D,20190325,000000,11.449,11.648,11.449,11.449,0,0
APR_PE,D,20190326,000000,11.449,11.449,11.25,11.25,0,0
APR_PE,D,20190327,000000,11.349,11.449,11.15,11.15,0,0
APR_PE,D,20190328,000000,11.15,11.449,11.15,11.449,0,0
APR_PE,D,20190329,000000,11.349,11.548,11.349,11.449,0,0
APR_PE,D,20190401,000000,11.648,11.748,11.449,11.748,0,0
APR_PE,D,20190402,000000,11.847,11.847,11.349,11.748,0,0
APR_PE,D,20190403,000000,11.847,11.847,11.648,11.748,0,0
APR_PE,D,20190404,000000,12.345,12.743,10.652,10.652,0,0
APR_PE,D,20190405,000000,10.752,11.051,10.652,10.752,0,0
APR_PE,D,20190408,000000,10.752,11.051,10.553,10.752,0,0
APR_PE,D,20190409,000000,10.852,10.951,10.752,10.752,0,0
APR_PE,D,20190410,000000,10.752,10.852,10.553,10.652,0,0
APR_PE,D,20190411,000000,10.752,10.752,10.354,10.354,0,0
APR_PE,D,20190412,000000,10.254,10.453,10.155,10.354,0,0
APR_PE,D,20190415,000000,10.155,10.652,10.155,10.652,0,0
APR_PE,D,20190416,000000,10.652,10.652,10.553,10.553,0,0
APR_PE,D,20190417,000000,10.553,10.652,10.553,10.553,0,0
APR_PE,D,20190418,000000,10.553,10.553,10.453,10.553,0,0
APR_PE,D,20190423,000000,10.553,10.553,10.553,10.553,0,0
APR_PE,D,20190424,000000,10.553,10.652,10.354,10.553,0,0
APR_PE,D,20190425,000000,10.553,10.553,10.354,10.553,0,0
APR_PE,D,20190426,000000,10.652,10.652,10.354,10.354,0,0
APR_PE,D,20190429,000000,10.354,10.553,10.354,10.553,0,0
APR_PE,D,20190430,000000,10.553,10.752,10.553,10.752,0,0
APR_PE,D,20190502,000000,10.652,10.852,10.652,10.752,0,0
APR_PE,D,20190506,000000,10.752,10.752,10.553,10.752,0,0
APR_PE,D,20190507,000000,10.652,10.752,10.553,10.752,0,0
APR_PE,D,20190508,000000,10.752,10.752,10.553,10.752,0,0
APR_PE,D,20190509,000000,10.752,10.752,10.453,10.453,0,0
APR_PE,D,20190510,000000,10.453,10.652,10.453,10.652,0,0
APR_PE,D,20190513,000000,10.553,10.652,10.553,10.553,0,0
APR_PE,D,20190514,000000,10.652,10.652,10.553,10.652,0,0
APR_PE,D,20190515,000000,10.752,10.752,10.553,10.553,0,0
APR_PE,D,20190516,000000,10.553,10.553,10.453,10.553,0,0
APR_PE,D,20190517,000000,10.553,10.553,10.453,10.553,0,0
APR_PE,D,20190520,000000,10.354,10.553,10.354,10.354,0,0
APR_PE,D,20190521,000000,10.354,10.553,10.354,10.453,0,0
APR_PE,D,20190522,000000,10.652,10.652,9.956,9.956,0,0
APR_PE,D,20190523,000000,9.956,9.956,9.856,9.956,0,0
APR_PE,D,20190524,000000,9.956,9.956,9.756,9.856,0,0
APR_PE,D,20190527,000000,9.756,9.756,9.4578,9.756,0,0
APR_PE,D,20190528,000000,9.756,9.756,9.4578,9.657,0,0
APR_PE,D,20190529,000000,9.756,9.756,9.3582,9.3582,0,0
APR_PE,D,20190530,000000,9.2587,9.657,9.2587,9.557,0,0
APR_PE,D,20190531,000000,9.8,9.8,9.6,9.8,0,0
APR_PE,D,20190603,000000,9.8,9.8,9.6,9.8,0,0
APR_PE,D,20190604,000000,9.8,9.9,9.7,9.9,0,0
APR_PE,D,20190605,000000,9.9,9.9,9.9,9.9,0,0
APR_PE,D,20190606,000000,9.9,9.9,9.7,9.9,0,0
APR_PE,D,20190607,000000,9.9,10,9.7,9.9,0,0
APR_PE,D,20190610,000000,9.8,9.9,9.8,9.8,0,0
APR_PE,D,20190611,000000,9.8,9.8,9.8,9.8,0,0
APR_PE,D,20190612,000000,9.8,9.8,9.7,9.8,0,0
APR_PE,D,20190613,000000,9.8,9.8,9.6,9.7,0,0
APR_PE,D,20190614,000000,9.7,9.9,9.6,9.9,0,0
APR_PE,D,20190617,000000,9.6,9.9,9.6,9.7,0,0
APR_PE,D,20190618,000000,9.7,10.1,9.7,9.9,0,0
APR_PE,D,20190619,000000,9.9,10.1,9.9,9.9,0,0
APR_PE,D,20190621,000000,10,10,9.9,9.9,0,0
APR_PE,D,20190624,000000,10,10,9.9,10,0,0
APR_PE,D,20190625,000000,10,10,9.8,9.9,0,0
APR_PE,D,20190626,000000,9.9,9.9,9.8,9.9,0,0
APR_PE,D,20190627,000000,9.9,10.1,9.8,10,0,0
APR_PE,D,20190628,000000,10,10.1,9.8,10.1,0,0
APR_PE,D,20190701,000000,10.1,10.3,10,10.1,0,0
APR_PE,D,20190702,000000,10.1,10.2,10,10.2,0,0
APR_PE,D,20190703,000000,10.2,10.2,10.1,10.2,0,0
APR_PE,D,20190704,000000,10.2,10.2,10.2,10.2,0,0
APR_PE,D,20190705,000000,10.2,10.2,10.1,10.2,0,0
APR_PE,D,20190708,000000,10.2,10.2,10,10.2,0,0
APR_PE,D,20190709,000000,10.3,11,10.3,10.7,0,0
APR_PE,D,20190710,000000,10.7,10.7,10.5,10.7,0,0
APR_PE,D,20190711,000000,10.7,11.1,10.7,10.9,0,0
APR_PE,D,20190712,000000,10.9,11,10.6,10.7,0,0
APR_PE,D,20190715,000000,10.9,10.9,10.7,10.8,0,0
APR_PE,D,20190716,000000,10.9,10.9,10.8,10.9,0,0
APR_PE,D,20190717,000000,10.9,10.9,10.7,10.8,0,0
APR_PE,D,20190718,000000,10.8,10.8,10.6,10.8,0,0
APR_PE,D,20190719,000000,10.8,10.8,10.5,10.6,0,0
APR_PE,D,20190722,000000,10.6,10.6,10.5,10.6,0,0
APR_PE,D,20190723,000000,10.6,10.7,10.6,10.7,0,0
APR_PE,D,20190724,000000,10.7,10.7,10.7,10.7,0,0
APR_PE,D,20190725,000000,10.8,10.9,10.7,10.8,0,0
APR_PE,D,20190726,000000,10.8,10.8,10.7,10.7,0,0
APR_PE,D,20190729,000000,10.8,10.8,10.6,10.7,0,0
APR_PE,D,20190730,000000,10.8,10.8,10.3,10.5,0,0
APR_PE,D,20190731,000000,10.6,10.8,10.5,10.8,0,0
APR_PE,D,20190801,000000,10.8,10.8,10.6,10.7,0,0
APR_PE,D,20190802,000000,10.7,10.7,10.4,10.6,0,0
APR_PE,D,20190805,000000,10.7,10.8,10.5,10.6,0,0
APR_PE,D,20190806,000000,10.8,10.8,10.6,10.6,0,0
APR_PE,D,20190807,000000,10.6,10.6,10.4,10.5,0,0
APR_PE,D,20190808,000000,10.5,10.5,10.5,10.5,0,0
APR_PE,D,20190809,000000,10.5,10.5,10.4,10.4,0,0
APR_PE,D,20190812,000000,10.4,10.5,10.4,10.5,0,0
APR_PE,D,20190813,000000,10.5,10.8,10.5,10.7,0,0
APR_PE,D,20190814,000000,10.7,10.7,10.4,10.6,0,0
APR_PE,D,20190816,000000,10.6,10.6,10.4,10.6,0,0
APR_PE,D,20190819,000000,10.6,10.6,10.5,10.5,0,0
APR_PE,D,20190820,000000,10.5,10.5,10,10,0,0
APR_PE,D,20190821,000000,10.1,10.3,10,10.1,0,0
APR_PE,D,20190822,000000,10.2,10.3,10.2,10.2,0,0
APR_PE,D,20190823,000000,10.3,10.5,10.1,10.1,0,0
APR_PE,D,20190826,000000,10,10.4,10,10.4,0,0
APR_PE,D,20190827,000000,10.4,10.4,10.2,10.4,0,0
APR_PE,D,20190828,000000,10.4,10.4,10.2,10.4,0,0
APR_PE,D,20190829,000000,10.1,10.4,10.1,10.4,0,0
APR_PE,D,20190830,000000,10.4,10.4,10.4,10.4,0,0
APR_PE,D,20190902,000000,10.4,10.6,10.3,10.4,0,0
APR_PE,D,20190903,000000,10.6,10.6,10.1,10.2,0,0
APR_PE,D,20190904,000000,10,10.6,10,10.5,0,0
APR_PE,D,20190905,000000,10.5,10.5,10.4,10.5,0,0
APR_PE,D,20190906,000000,10.7,10.9,10.5,10.5,0,0
APR_PE,D,20190909,000000,10.6,10.9,10.5,10.6,0,0
APR_PE,D,20190910,000000,10.9,10.9,10.6,10.6,0,0
APR_PE,D,20190911,000000,9.9,10.6,9,9,0,0
APR_PE,D,20190912,000000,9.2,9.3,8.6,8.7,0,0
APR_PE,D,20190913,000000,8.8,8.9,8.8,8.8,0,0
APR_PE,D,20190916,000000,9,9,8.6,8.7,0,0
APR_PE,D,20190917,000000,8.7,9.7,8.6,9.7,0,0
APR_PE,D,20190918,000000,9.7,9.8,9.5,9.6,0,0
APR_PE,D,20190919,000000,9.5,9.7,9.2,9.7,0,0
APR_PE,D,20190920,000000,9.7,9.7,9.5,9.7,0,0
APR_PE,D,20190923,000000,9.7,9.8,9.6,9.7,0,0
APR_PE,D,20190924,000000,9.6,9.7,9.6,9.7,0,0
APR_PE,D,20190925,000000,9.7,9.9,9.7,9.7,0,0
APR_PE,D,20190926,000000,9.7,9.8,9.7,9.8,0,0
APR_PE,D,20190927,000000,9.8,9.8,9.6,9.7,0,0
APR_PE,D,20190930,000000,9.7,9.8,9.6,9.8,0,0
APR_PE,D,20191001,000000,9.7,9.9,9.6,9.8,0,0
APR_PE,D,20191002,000000,9.8,9.8,9.6,9.6,0,0
APR_PE,D,20191003,000000,9.7,9.7,9.5,9.7,0,0
APR_PE,D,20191004,000000,9.7,9.7,9.5,9.6,0,0
APR_PE,D,20191007,000000,9.6,10.1,9.6,9.6,0,0
APR_PE,D,20191008,000000,9.8,9.9,9.8,9.9,0,0
APR_PE,D,20191009,000000,10,10,9.7,9.7,0,0
APR_PE,D,20191010,000000,9.7,9.9,9.7,9.9,0,0
APR_PE,D,20191011,000000,9.9,9.9,9.7,9.7,0,0
APR_PE,D,20191014,000000,9.9,9.9,9.7,9.9,0,0
APR_PE,D,20191015,000000,9.9,9.9,9.8,9.8,0,0
APR_PE,D,20191016,000000,9.8,9.8,9.6,9.7,0,0
APR_PE,D,20191017,000000,9.8,9.9,9.7,9.9,0,0
APR_PE,D,20191018,000000,9.9,10,9.8,9.9,0,0
APR_PE,D,20191021,000000,9.8,9.9,9.7,9.8,0,0
APR_PE,D,20191022,000000,9.9,10,9.7,9.9,0,0
APR_PE,D,20191023,000000,9.8,9.9,9.7,9.9,0,0
APR_PE,D,20191024,000000,9.9,9.9,9.7,9.7,0,0
APR_PE,D,20191025,000000,9.7,9.8,9.6,9.7,0,0
APR_PE,D,20191028,000000,9.7,9.8,9.6,9.7,0,0
APR_PE,D,20191029,000000,9.7,9.8,9.6,9.7,0,0
APR_PE,D,20191030,000000,9.7,9.8,9.7,9.7,0,0
APR_PE,D,20191031,000000,9.7,9.7,9.7,9.7,0,0
APR_PE,D,20191104,000000,9.7,9.9,9.7,9.9,0,0
APR_PE,D,20191105,000000,9.7,9.9,9.7,9.8,0,0
APR_PE,D,20191106,000000,9.6,10,9.6,9.9,0,0
APR_PE,D,20191107,000000,10,10,9.8,9.9,0,0
APR_PE,D,20191108,000000,9.8,9.9,9.8,9.8,0,0
APR_PE,D,20191112,000000,9.8,9.8,9.5,9.5,0,0
APR_PE,D,20191113,000000,9.5,9.7,9.3,9.6,0,0
APR_PE,D,20191114,000000,9.4,9.8,9.4,9.8,0,0
APR_PE,D,20191115,000000,9.8,9.8,9.5,9.6,0,0
APR_PE,D,20191118,000000,9.6,9.8,9.6,9.8,0,0
APR_PE,D,20191119,000000,9.8,9.9,9.6,9.9,0,0
APR_PE,D,20191120,000000,9.9,10,9.7,10,0,0
APR_PE,D,20191121,000000,10,10.3,9.9,10.2,0,0
APR_PE,D,20191122,000000,10.3,10.3,9.8,10,0,0
APR_PE,D,20191125,000000,10.2,10.3,10,10.3,0,0
APR_PE,D,20191126,000000,10.1,10.3,9.7,10.1,0,0
APR_PE,D,20191127,000000,10.2,10.2,10,10.1,0,0
APR_PE,D,20191128,000000,10.1,10.2,10.1,10.1,0,0
APR_PE,D,20191129,000000,10.1,10.1,10.1,10.1,0,0
APR_PE,D,20191202,000000,10.1,10.7,10.1,10.6,0,0
APR_PE,D,20191203,000000,10.6,10.7,10.5,10.5,0,0
APR_PE,D,20191204,000000,10.2,10.5,10.2,10.5,0,0
APR_PE,D,20191205,000000,10.5,10.5,10.4,10.5,0,0
APR_PE,D,20191206,000000,10.4,10.6,10.3,10.3,0,0
APR_PE,D,20191209,000000,10.2,10.6,10.2,10.3,0,0
APR_PE,D,20191210,000000,10.3,10.6,10.2,10.6,0,0
APR_PE,D,20191211,000000,10.6,10.6,10.4,10.5,0,0
APR_PE,D,20191212,000000,10.5,10.6,10.5,10.6,0,0
APR_PE,D,20191213,000000,10.6,10.7,10.6,10.7,0,0
APR_PE,D,20191216,000000,10.6,10.7,10.3,10.6,0,0
APR_PE,D,20191217,000000,10.6,10.6,10.4,10.5,0,0
APR_PE,D,20191218,000000,10.5,10.6,10.2,10.6,0,0
APR_PE,D,20191219,000000,10.6,10.8,10.6,10.8,0,0
APR_PE,D,20191220,000000,10.6,10.8,10.6,10.7,0,0
APR_PE,D,20191223,000000,10.7,10.9,10.7,10.8,0,0
APR_PE,D,20191227,000000,10.8,10.8,10.4,10.6,0,0
APR_PE,D,20191230,000000,10.6,10.8,10.6,10.6,0,0
APR_PE,D,20200102,000000,10.9,10.9,10.4,10.7,0,0
APR_PE,D,20200103,000000,10.5,10.8,10.5,10.8,0,0
APR_PE,D,20200107,000000,10.6,10.8,10.6,10.7,0,0
APR_PE,D,20200108,000000,10.7,10.7,10.5,10.6,0,0
APR_PE,D,20200109,000000,10.5,10.7,10.5,10.6,0,0
APR_PE,D,20200110,000000,10.7,10.7,10.5,10.7,0,0
APR_PE,D,20200113,000000,10.7,10.9,10.6,10.9,0,0
APR_PE,D,20200114,000000,11,11,10.8,10.8,0,0
APR_PE,D,20200115,000000,11,11,10.6,10.7,0,0
APR_PE,D,20200116,000000,10.8,11,10.8,11,0,0
APR_PE,D,20200117,000000,11,11.1,11,11,0,0
APR_PE,D,20200120,000000,11.1,11.3,11,11.3,0,0
APR_PE,D,20200121,000000,11.3,11.3,11.2,11.3,0,0
APR_PE,D,20200122,000000,11.3,11.4,11.3,11.4,0,0
APR_PE,D,20200123,000000,11.4,11.6,11.4,11.6,0,0
APR_PE,D,20200124,000000,11.6,12.3,11.6,12,0,0
APR_PE,D,20200127,000000,11.8,12,11.8,12,0,0
APR_PE,D,20200128,000000,12,12.3,12,12.3,0,0
APR_PE,D,20200129,000000,12.4,12.4,12.3,12.3,0,0
APR_PE,D,20200130,000000,12.2,12.3,12,12.2,0,0
APR_PE,D,20200131,000000,11.8,12.3,11.8,12.2,0,0
APR_PE,D,20200203,000000,12,12.2,12,12.1,0,0
APR_PE,D,20200204,000000,12.1,12.2,11.8,12.2,0,0
APR_PE,D,20200205,000000,12.2,12.3,12,12.2,0,0
APR_PE,D,20200206,000000,12.1,12.5,11.9,12,0,0
APR_PE,D,20200207,000000,12.2,12.4,11.9,11.9,0,0
APR_PE,D,20200210,000000,11.9,12.2,11.9,12.2,0,0
APR_PE,D,20200211,000000,12.2,12.2,12,12.2,0,0
APR_PE,D,20200212,000000,12.4,12.4,12,12,0,0
APR_PE,D,20200213,000000,12.5,12.5,12,12,0,0
APR_PE,D,20200214,000000,12.3,12.4,12,12.4,0,0
APR_PE,D,20200217,000000,12.4,12.6,12.3,12.5,0,0
APR_PE,D,20200218,000000,12.6,12.6,12.4,12.5,0,0
APR_PE,D,20200219,000000,12.6,12.6,12.4,12.4,0,0
APR_PE,D,20200220,000000,12.4,12.4,12,12.1,0,0
APR_PE,D,20200221,000000,12.1,12.2,12,12.2,0,0
APR_PE,D,20200224,000000,12,12,11.3,11.8,0,0
APR_PE,D,20200225,000000,11.6,12,11.6,11.8,0,0
APR_PE,D,20200226,000000,11.5,11.9,11.1,11.8,0,0
APR_PE,D,20200227,000000,11.9,11.9,10.8,10.9,0,0
APR_PE,D,20200228,000000,10.2,11,10,10.7,0,0
APR_PE,D,20200302,000000,10.5,11.5,10.5,10.9,0,0
APR_PE,D,20200303,000000,11,11.6,11,11.6,0,0
APR_PE,D,20200304,000000,11.4,11.5,11.3,11.3,0,0
APR_PE,D,20200305,000000,11.3,11.9,11.3,11.8,0,0
APR_PE,D,20200306,000000,11.8,11.9,11.3,11.6,0,0
APR_PE,D,20200309,000000,10.9,11,10.6,10.7,0,0
APR_PE,D,20200310,000000,10.8,11.5,10.8,11.2,0,0
APR_PE,D,20200311,000000,11.2,11.3,10.5,10.5,0,0
APR_PE,D,20200312,000000,10.1,10.1,8.9,8.9,0,0
APR_PE,D,20200313,000000,8.9,9.5,8.9,9.2,0,0
APR_PE,D,20200316,000000,9.1,9.1,8.2,8.5,0,0
APR_PE,D,20200317,000000,8.7,8.8,8.5,8.8,0,0
APR_PE,D,20200318,000000,8.8,9,8.7,9,0,0
APR_PE,D,20200319,000000,8.8,9,8.8,9,0,0
APR_PE,D,20200320,000000,9,9.2,8.8,9.1,0,0
APR_PE,D,20200323,000000,8.6,8.6,8.2,8.3,0,0
APR_PE,D,20200324,000000,8.2,8.4,8,8.1,0,0
APR_PE,D,20200325,000000,8.1,8.1,7.4,7.7,0,0
APR_PE,D,20200326,000000,7.9,7.9,7.6,7.8,0,0
APR_PE,D,20200327,000000,7.9,7.9,7.8,7.9,0,0
APR_PE,D,20200330,000000,8,8.1,7.9,8.1,0,0
APR_PE,D,20200331,000000,8.3,8.5,8.2,8.5,0,0
APR_PE,D,20200401,000000,8.3,8.5,8.1,8.1,0,0
APR_PE,D,20200402,000000,8.1,8.1,7.9,7.9,0,0
APR_PE,D,20200403,000000,8.1,8.1,8,8,0,0
APR_PE,D,20200406,000000,8.2,8.6,8.1,8.6,0,0
APR_PE,D,20200407,000000,8.8,8.8,8.3,8.3,0,0
APR_PE,D,20200408,000000,8.7,8.7,8.2,8.4,0,0
APR_PE,D,20200409,000000,8.7,8.8,8.4,8.8,0,0
APR_PE,D,20200414,000000,8.9,9.5,8.9,9.5,0,0
APR_PE,D,20200415,000000,9.8,9.8,9.3,9.4,0,0
APR_PE,D,20200416,000000,9.3,9.4,9.2,9.3,0,0
APR_PE,D,20200417,000000,9.4,9.5,9.3,9.5,0,0
APR_PE,D,20200420,000000,9.5,9.9,9.5,9.8,0,0
APR_PE,D,20200421,000000,9.8,9.8,9.1,9.4,0,0
APR_PE,D,20200422,000000,9.7,9.7,9.2,9.3,0,0
APR_PE,D,20200423,000000,9.4,9.7,9.4,9.5,0,0
APR_PE,D,20200424,000000,9.6,9.6,9.3,9.5,0,0
APR_PE,D,20200427,000000,9.6,10,9.5,9.9,0,0
APR_PE,D,20200428,000000,10,10.3,9.9,9.9,0,0
APR_PE,D,20200429,000000,10.1,10.1,9.6,10,0,0
APR_PE,D,20200430,000000,10.2,10.6,10,10.2,0,0
APR_PE,D,20200504,000000,10.4,10.4,9.8,9.8,0,0
APR_PE,D,20200505,000000,10,10,9.7,9.8,0,0
APR_PE,D,20200506,000000,9.8,10.2,9.6,9.9,0,0
APR_PE,D,20200507,000000,10.1,10.3,10,10,0,0
APR_PE,D,20200508,000000,10,10.4,10,10.4,0,0
APR_PE,D,20200511,000000,10.5,10.6,10.2,10.5,0,0
APR_PE,D,20200512,000000,10.5,10.9,10.4,10.8,0,0
APR_PE,D,20200513,000000,10.9,11.3,10.8,10.9,0,0
APR_PE,D,20200514,000000,10.9,10.9,10.7,10.7,0,0
APR_PE,D,20200515,000000,10.7,10.8,10.5,10.6,0,0
APR_PE,D,20200518,000000,10.6,10.8,10.4,10.6,0,0
APR_PE,D,20200519,000000,10.7,11.5,10.7,11.5,0,0
APR_PE,D,20200520,000000,11.5,11.8,11.3,11.8,0,0
APR_PE,D,20200521,000000,11.8,12.4,11.8,12.4,0,0
APR_PE,D,20200522,000000,12.2,12.5,11.8,12.4,0,0
APR_PE,D,20200525,000000,12.4,12.4,12.1,12.3,0,0
APR_PE,D,20200526,000000,12.3,12.4,12.3,12.3,0,0
APR_PE,D,20200527,000000,12.4,12.4,12.1,12.2,0,0
APR_PE,D,20200528,000000,12.2,12.2,11.1,11.4,0,0
APR_PE,D,20200529,000000,11.7,11.8,11.5,11.5,0,0
APR_PE,D,20200601,000000,12.1,12.1,11.6,11.8,0,0
APR_PE,D,20200602,000000,11.8,11.8,11.7,11.8,0,0
APR_PE,D,20200603,000000,11.7,12.3,11.7,12.3,0,0
APR_PE,D,20200604,000000,12.3,12.4,12,12.4,0,0
APR_PE,D,20200605,000000,12.5,12.5,11.9,12.4,0,0
APR_PE,D,20200608,000000,12.3,12.3,11.9,12,0,0
APR_PE,D,20200609,000000,12.1,12.1,11.9,12.1,0,0
APR_PE,D,20200610,000000,12.2,12.2,11.9,12.2,0,0
APR_PE,D,20200612,000000,11.8,11.9,11.7,11.8,0,0
APR_PE,D,20200615,000000,11.5,11.8,11.5,11.7,0,0
APR_PE,D,20200616,000000,11.6,12,11.6,12,0,0
APR_PE,D,20200617,000000,11.9,11.9,11.8,11.9,0,0
APR_PE,D,20200618,000000,11.5,11.9,11.5,11.9,0,0
APR_PE,D,20200619,000000,11.9,12.1,11.6,12,0,0
APR_PE,D,20200622,000000,12,12,11.7,11.9,0,0
APR_PE,D,20200623,000000,11.6,11.9,11.6,11.9,0,0
APR_PE,D,20200624,000000,12,12,11.7,11.7,0,0
APR_PE,D,20200625,000000,11.7,11.9,11.7,11.9,0,0
APR_PE,D,20200626,000000,11.9,12,11.7,12,0,0
APR_PE,D,20200629,000000,11.8,12.3,11.8,12.3,0,0
APR_PE,D,20200630,000000,12.3,12.3,11.8,12.3,0,0
APR_PE,D,20200701,000000,12.3,12.3,11.7,12.1,0,0
APR_PE,D,20200702,000000,12,12.4,12,12.4,0,0
APR_PE,D,20200703,000000,12.2,12.4,12.2,12.4,0,0
APR_PE,D,20200706,000000,12.4,12.4,12.2,12.3,0,0
APR_PE,D,20200707,000000,12.4,12.9,12.4,12.9,0,0
APR_PE,D,20200708,000000,12.7,12.9,12.6,12.7,0,0
APR_PE,D,20200709,000000,12.6,13.3,12.6,13.3,0,0
APR_PE,D,20200710,000000,13.3,13.3,13.2,13.3,0,0
APR_PE,D,20200713,000000,13.2,13.8,13.2,13.5,0,0
APR_PE,D,20200714,000000,13.6,13.6,13.1,13.1,0,0
APR_PE,D,20200715,000000,13.1,13.4,13.1,13.3,0,0
APR_PE,D,20200716,000000,13.3,13.4,13,13.3,0,0
APR_PE,D,20200717,000000,13.5,13.5,13.3,13.5,0,0
APR_PE,D,20200720,000000,13.5,13.8,13.4,13.7,0,0
APR_PE,D,20200721,000000,13.6,14.4,13.6,14.3,0,0
APR_PE,D,20200722,000000,14.3,14.3,14.1,14.1,0,0
APR_PE,D,20200723,000000,14.2,14.3,14.1,14.3,0,0
APR_PE,D,20200724,000000,14.3,14.3,14.1,14.3,0,0
APR_PE,D,20200727,000000,14.5,14.5,14.3,14.3,0,0
APR_PE,D,20200728,000000,14.3,15,14.3,14.9,0,0
APR_PE,D,20200729,000000,14.9,14.9,14.7,14.9,0,0
APR_PE,D,20200730,000000,14.9,14.9,13.6,14,0,0
APR_PE,D,20200731,000000,14,14.6,14,14.6,0,0
APR_PE,D,20200803,000000,14.7,15.2,14.7,15.2,0,0
APR_PE,D,20200804,000000,17.1,17.8,16.6,16.7,0,0
APR_PE,D,20200805,000000,17,17,16.4,16.6,0,0
APR_PE,D,20200806,000000,16.3,16.5,15.8,16.3,0,0
APR_PE,D,20200807,000000,16.2,16.2,15.7,15.7,0,0
APR_PE,D,20200810,000000,15.7,16.5,15.4,16.4,0,0
APR_PE,D,20200811,000000,16.4,17.5,16.4,17.5,0,0
APR_PE,D,20200812,000000,17.4,17.5,16.8,17.4,0,0
APR_PE,D,20200813,000000,17.5,17.5,17.1,17.5,0,0
APR_PE,D,20200814,000000,17.3,17.7,17.3,17.3,0,0
APR_PE,D,20200817,000000,17.1,17.5,16.8,17.1,0,0
APR_PE,D,20200818,000000,17.4,17.4,17,17.3,0,0
APR_PE,D,20200819,000000,17.3,17.3,16.6,16.7,0,0
APR_PE,D,20200820,000000,16.7,16.9,16.4,16.4,0,0
APR_PE,D,20200821,000000,16.6,16.6,16.4,16.5,0,0
