<TICKER>,<PER>,<DATE>,<TIME>,<OPEN>,<HIGH>,<LOW>,<CLOSE>,<VOL>,<OPENINT>
ARH_PE,D,20160509,000000,9.621,9.621,9.621,9.621,0,0
ARH_PE,D,20160510,000000,9.621,9.691,9.621,9.691,0,0
ARH_PE,D,20160511,000000,9.691,9.973,9.691,9.973,0,0
ARH_PE,D,20160512,000000,9.973,9.973,9.832,9.904,0,0
ARH_PE,D,20160513,000000,9.904,9.904,9.904,9.904,0,0
ARH_PE,D,20160516,000000,9.973,9.973,9.904,9.973,0,0
ARH_PE,D,20160517,000000,9.973,9.973,9.904,9.904,0,0
ARH_PE,D,20160518,000000,9.904,9.904,9.904,9.904,0,0
ARH_PE,D,20160519,000000,9.832,9.973,9.832,9.973,0,0
ARH_PE,D,20160520,000000,10.044,14.501,10.044,14.501,0,0
ARH_PE,D,20160523,000000,14.29,14.29,14.218,14.218,0,0
ARH_PE,D,20160524,000000,14.43,14.501,14.43,14.43,0,0
ARH_PE,D,20160525,000000,14.501,14.501,14.501,14.501,0,0
ARH_PE,D,20160530,000000,14.43,14.43,14.218,14.43,0,0
ARH_PE,D,20160531,000000,14.36,14.43,14.218,14.43,0,0
ARH_PE,D,20160601,000000,14.29,14.29,14.007,14.007,0,0
ARH_PE,D,20160602,000000,14.007,14.501,13.935,14.501,0,0
ARH_PE,D,20160603,000000,14.501,14.501,14.501,14.501,0,0
ARH_PE,D,20160606,000000,14.501,14.501,14.148,14.148,0,0
ARH_PE,D,20160607,000000,14.148,14.501,14.148,14.501,0,0
ARH_PE,D,20160608,000000,14.076,14.218,14.076,14.218,0,0
ARH_PE,D,20160609,000000,14.218,14.218,14.218,14.218,0,0
ARH_PE,D,20160610,000000,14.148,14.148,14.148,14.148,0,0
ARH_PE,D,20160614,000000,14.148,14.148,13.935,13.935,0,0
ARH_PE,D,20160615,000000,13.935,13.935,13.935,13.935,0,0
ARH_PE,D,20160616,000000,13.865,13.865,13.652,13.652,0,0
ARH_PE,D,20160620,000000,13.652,13.652,13.652,13.652,0,0
ARH_PE,D,20160621,000000,13.299,13.299,13.299,13.299,0,0
ARH_PE,D,20160622,000000,13.652,13.865,13.652,13.865,0,0
ARH_PE,D,20160624,000000,13.299,13.511,12.591,13.44,0,0
ARH_PE,D,20160627,000000,13.902,13.902,13.825,13.902,0,0
ARH_PE,D,20160628,000000,13.902,13.902,13.902,13.902,0,0
ARH_PE,D,20160629,000000,13.825,14.355,13.825,14.355,0,0
ARH_PE,D,20160630,000000,14.052,14.128,14.052,14.128,0,0
ARH_PE,D,20160701,000000,14.052,14.052,13.977,13.977,0,0
ARH_PE,D,20160704,000000,14.052,14.052,13.675,13.675,0,0
ARH_PE,D,20160705,000000,13.751,13.751,13.22,13.22,0,0
ARH_PE,D,20160706,000000,13.147,13.22,13.147,13.22,0,0
ARH_PE,D,20160707,000000,13.22,13.297,13.22,13.297,0,0
ARH_PE,D,20160712,000000,13.373,13.373,13.373,13.373,0,0
ARH_PE,D,20160713,000000,13.297,13.297,13.297,13.297,0,0
ARH_PE,D,20160714,000000,13.07,13.147,13.07,13.147,0,0
ARH_PE,D,20160715,000000,13.448,13.448,13.448,13.448,0,0
ARH_PE,D,20160718,000000,13.448,13.448,13.22,13.22,0,0
ARH_PE,D,20160719,000000,13.22,13.22,13.147,13.147,0,0
ARH_PE,D,20160720,000000,13.147,13.524,13.147,13.524,0,0
ARH_PE,D,20160721,000000,13.524,13.524,13.147,13.147,0,0
ARH_PE,D,20160722,000000,13.675,13.675,13.675,13.675,0,0
ARH_PE,D,20160725,000000,13.902,14.43,13.373,14.43,0,0
ARH_PE,D,20160726,000000,14.43,14.582,14.43,14.582,0,0
ARH_PE,D,20160727,000000,14.582,14.582,14.582,14.582,0,0
ARH_PE,D,20160728,000000,14.43,14.43,14.43,14.43,0,0
ARH_PE,D,20160729,000000,14.43,14.884,14.43,14.884,0,0
ARH_PE,D,20160801,000000,14.355,14.355,14.355,14.355,0,0
ARH_PE,D,20160804,000000,14.733,14.733,14.733,14.733,0,0
ARH_PE,D,20160808,000000,14.355,14.355,14.355,14.355,0,0
ARH_PE,D,20160809,000000,14.43,14.43,14.355,14.355,0,0
ARH_PE,D,20160810,000000,14.355,14.355,14.279,14.355,0,0
ARH_PE,D,20160811,000000,14.43,14.43,14.43,14.43,0,0
ARH_PE,D,20160812,000000,14.506,14.884,14.506,14.884,0,0
ARH_PE,D,20160816,000000,14.43,14.884,14.355,14.884,0,0
ARH_PE,D,20160817,000000,14.355,14.884,14.355,14.884,0,0
ARH_PE,D,20160818,000000,14.884,14.884,14.884,14.884,0,0
ARH_PE,D,20160824,000000,14.733,14.733,14.279,14.656,0,0
ARH_PE,D,20160829,000000,14.279,14.582,14.279,14.582,0,0
ARH_PE,D,20160830,000000,14.355,14.355,14.279,14.279,0,0
ARH_PE,D,20160831,000000,14.582,14.959,14.355,14.884,0,0
ARH_PE,D,20160901,000000,14.884,14.884,14.884,14.884,0,0
ARH_PE,D,20160902,000000,14.884,14.884,14.355,14.808,0,0
ARH_PE,D,20160905,000000,14.808,14.808,7.706,7.706,0,0
ARH_PE,D,20160906,000000,7.5549,7.7818,7.5549,7.7818,0,0
ARH_PE,D,20160907,000000,7.7818,7.8575,7.7818,7.8575,0,0
ARH_PE,D,20160908,000000,7.8575,7.9332,7.7818,7.9332,0,0
ARH_PE,D,20160909,000000,7.8575,8.0838,7.8575,7.9332,0,0
ARH_PE,D,20160912,000000,7.7818,7.7818,7.706,7.706,0,0
ARH_PE,D,20160913,000000,7.706,7.706,7.706,7.706,0,0
ARH_PE,D,20160914,000000,7.631,7.631,7.631,7.631,0,0
ARH_PE,D,20160915,000000,7.631,8.0088,7.631,8.0088,0,0
ARH_PE,D,20160916,000000,8.0088,8.0088,8.0088,8.0088,0,0
ARH_PE,D,20160919,000000,8.0088,8.0088,8.0088,8.0088,0,0
ARH_PE,D,20160920,000000,7.9332,8.0088,7.8575,7.8575,0,0
ARH_PE,D,20160921,000000,7.8575,8.0088,7.8575,8.0088,0,0
ARH_PE,D,20160923,000000,8.0088,8.0088,8.0088,8.0088,0,0
ARH_PE,D,20160926,000000,8.0088,8.0838,7.7818,8.0838,0,0
ARH_PE,D,20160927,000000,7.9332,8.0838,7.9332,8.0838,0,0
ARH_PE,D,20160928,000000,7.9332,8.0838,7.8575,8.0838,0,0
ARH_PE,D,20160929,000000,8.0838,8.1594,8.0838,8.1594,0,0
ARH_PE,D,20160930,000000,8.1594,8.2351,8.1594,8.1594,0,0
ARH_PE,D,20161003,000000,8.1594,8.1594,8.0838,8.1594,0,0
ARH_PE,D,20161004,000000,8.1594,8.2351,8.0088,8.0838,0,0
ARH_PE,D,20161006,000000,8.0088,8.0838,8.0088,8.0838,0,0
ARH_PE,D,20161007,000000,8.0838,8.1594,8.0838,8.1594,0,0
ARH_PE,D,20161010,000000,8.1594,8.1594,8.0088,8.0838,0,0
ARH_PE,D,20161011,000000,8.0838,8.0838,8.0838,8.0838,0,0
ARH_PE,D,20161012,000000,8.0838,8.0838,8.0088,8.0088,0,0
ARH_PE,D,20161013,000000,8.0088,8.1594,8.0088,8.1594,0,0
ARH_PE,D,20161014,000000,8.0838,8.0838,8.0838,8.0838,0,0
ARH_PE,D,20161017,000000,8.0088,8.1594,8.0088,8.0838,0,0
ARH_PE,D,20161018,000000,8.0838,8.0838,8.0838,8.0838,0,0
ARH_PE,D,20161019,000000,8.1594,8.1594,8.1594,8.1594,0,0
ARH_PE,D,20161021,000000,8.0838,8.0838,8.0838,8.0838,0,0
ARH_PE,D,20161024,000000,8.0838,8.0838,8.0088,8.0088,0,0
ARH_PE,D,20161025,000000,8.1594,8.1594,8.1594,8.1594,0,0
ARH_PE,D,20161027,000000,8.0088,8.0838,7.8575,7.9332,0,0
ARH_PE,D,20161028,000000,7.9332,7.9332,7.9332,7.9332,0,0
ARH_PE,D,20161031,000000,7.9332,8.0838,7.9332,8.0838,0,0
ARH_PE,D,20161103,000000,7.7818,7.8575,7.7818,7.8575,0,0
ARH_PE,D,20161104,000000,7.8575,8.0088,7.8575,8.0088,0,0
ARH_PE,D,20161107,000000,7.7818,7.8575,7.7818,7.8575,0,0
ARH_PE,D,20161109,000000,7.9332,8.0838,7.9332,8.0838,0,0
ARH_PE,D,20161110,000000,7.8575,8.0088,7.8575,7.8575,0,0
ARH_PE,D,20161114,000000,7.7818,7.9332,7.7818,7.8575,0,0
ARH_PE,D,20161115,000000,7.8575,7.9332,7.8575,7.8575,0,0
ARH_PE,D,20161116,000000,7.7818,7.7818,7.7818,7.7818,0,0
ARH_PE,D,20161117,000000,7.9332,7.9332,7.9332,7.9332,0,0
ARH_PE,D,20161118,000000,7.9332,8.0088,7.1018,7.1018,0,0
ARH_PE,D,20161121,000000,7.1775,7.1775,7.1775,7.1775,0,0
ARH_PE,D,20161122,000000,7.0262,7.1775,7.0262,7.1775,0,0
ARH_PE,D,20161123,000000,7.1775,7.253,7.1775,7.1775,0,0
ARH_PE,D,20161124,000000,7.1775,7.1775,7.0262,7.0262,0,0
ARH_PE,D,20161125,000000,7.0262,7.0262,7.0262,7.0262,0,0
ARH_PE,D,20161128,000000,6.9507,7.1775,6.9507,7.1775,0,0
ARH_PE,D,20161129,000000,7.1775,7.1775,7.1775,7.1775,0,0
ARH_PE,D,20161130,000000,7.1775,7.1775,7.0262,7.1775,0,0
ARH_PE,D,20161201,000000,7.1775,7.1775,7.1775,7.1775,0,0
ARH_PE,D,20161202,000000,7.1775,7.1775,7.0262,7.0262,0,0
ARH_PE,D,20161205,000000,7.1775,7.1775,7.0262,7.0262,0,0
ARH_PE,D,20161206,000000,7.0262,7.0262,6.9507,7.0262,0,0
ARH_PE,D,20161207,000000,6.9507,6.9507,6.7995,6.9507,0,0
ARH_PE,D,20161208,000000,6.9507,6.9507,6.9507,6.9507,0,0
ARH_PE,D,20161212,000000,6.6485,6.9507,6.6485,6.9507,0,0
ARH_PE,D,20161213,000000,7.1018,7.1775,7.1018,7.1775,0,0
ARH_PE,D,20161214,000000,7.1775,7.3285,7.1775,7.3285,0,0
ARH_PE,D,20161215,000000,7.3285,7.4797,7.3285,7.4797,0,0
ARH_PE,D,20161216,000000,7.4797,7.631,7.4797,7.5549,0,0
ARH_PE,D,20161219,000000,7.5549,7.5549,7.1775,7.5549,0,0
ARH_PE,D,20161220,000000,7.4797,7.4797,7.404,7.404,0,0
ARH_PE,D,20161221,000000,7.4797,7.4797,7.253,7.404,0,0
ARH_PE,D,20161223,000000,7.4797,7.4797,7.4797,7.4797,0,0
ARH_PE,D,20161227,000000,7.4797,7.4797,7.4797,7.4797,0,0
ARH_PE,D,20161228,000000,7.404,7.404,7.404,7.404,0,0
ARH_PE,D,20161229,000000,7.404,7.404,7.253,7.3285,0,0
ARH_PE,D,20161230,000000,7.253,7.253,7.253,7.253,0,0
ARH_PE,D,20170102,000000,7.253,7.3285,7.253,7.3285,0,0
ARH_PE,D,20170103,000000,7.4797,7.631,7.1775,7.3285,0,0
ARH_PE,D,20170104,000000,7.3285,7.3285,7.1775,7.1775,0,0
ARH_PE,D,20170105,000000,7.1775,7.1775,6.9507,7.0262,0,0
ARH_PE,D,20170109,000000,7.253,7.3285,7.253,7.3285,0,0
ARH_PE,D,20170110,000000,7.1775,7.1775,7.1775,7.1775,0,0
ARH_PE,D,20170111,000000,7.3285,7.3285,7.3285,7.3285,0,0
ARH_PE,D,20170112,000000,7.3285,7.4797,7.3285,7.4797,0,0
ARH_PE,D,20170113,000000,7.4797,7.4797,7.253,7.3285,0,0
ARH_PE,D,20170116,000000,7.4797,7.4797,7.3285,7.3285,0,0
ARH_PE,D,20170117,000000,7.404,7.4797,7.404,7.4797,0,0
ARH_PE,D,20170118,000000,7.4797,7.4797,7.404,7.404,0,0
ARH_PE,D,20170119,000000,7.404,7.404,7.253,7.3285,0,0
ARH_PE,D,20170120,000000,7.253,7.404,7.1775,7.1775,0,0
ARH_PE,D,20170123,000000,7.1018,7.404,7.1018,7.404,0,0
ARH_PE,D,20170124,000000,7.404,7.4797,7.1775,7.4797,0,0
ARH_PE,D,20170125,000000,7.4797,7.4797,7.1775,7.4797,0,0
ARH_PE,D,20170126,000000,7.404,7.404,7.404,7.404,0,0
ARH_PE,D,20170127,000000,7.404,7.404,7.404,7.404,0,0
ARH_PE,D,20170130,000000,7.4797,7.5549,7.4797,7.5549,0,0
ARH_PE,D,20170131,000000,7.5549,7.5549,7.4797,7.4797,0,0
ARH_PE,D,20170201,000000,7.4797,7.4797,7.4797,7.4797,0,0
ARH_PE,D,20170202,000000,7.404,7.404,7.1775,7.1775,0,0
ARH_PE,D,20170203,000000,7.4797,7.4797,7.404,7.404,0,0
ARH_PE,D,20170207,000000,7.404,7.4797,7.404,7.4797,0,0
ARH_PE,D,20170208,000000,7.404,7.404,7.404,7.404,0,0
ARH_PE,D,20170209,000000,7.4797,7.4797,7.404,7.404,0,0
ARH_PE,D,20170210,000000,7.3285,7.4797,7.3285,7.4797,0,0
ARH_PE,D,20170213,000000,7.3285,7.4797,7.3285,7.4797,0,0
ARH_PE,D,20170214,000000,7.1775,7.1775,7.1775,7.1775,0,0
ARH_PE,D,20170215,000000,7.1775,7.1775,7.1775,7.1775,0,0
ARH_PE,D,20170216,000000,7.1775,7.1775,7.1775,7.1775,0,0
ARH_PE,D,20170217,000000,7.1775,7.253,6.8752,6.8752,0,0
ARH_PE,D,20170220,000000,7.1775,7.1775,6.9507,7.1775,0,0
ARH_PE,D,20170221,000000,7.1775,7.1775,7.1775,7.1775,0,0
ARH_PE,D,20170222,000000,7.1775,7.1775,7.1775,7.1775,0,0
ARH_PE,D,20170223,000000,7.0262,7.1775,7.0262,7.1775,0,0
ARH_PE,D,20170224,000000,7.1775,7.1775,7.0262,7.0262,0,0
ARH_PE,D,20170227,000000,7.1775,7.1775,7.1018,7.1775,0,0
ARH_PE,D,20170228,000000,7.253,7.253,7.1775,7.1775,0,0
ARH_PE,D,20170301,000000,7.1775,7.1775,7.1775,7.1775,0,0
ARH_PE,D,20170302,000000,7.1775,7.1775,7.1775,7.1775,0,0
ARH_PE,D,20170303,000000,7.1775,7.253,7.1775,7.253,0,0
ARH_PE,D,20170306,000000,7.1775,7.3285,7.0262,7.3285,0,0
ARH_PE,D,20170307,000000,7.253,7.253,7.1775,7.1775,0,0
ARH_PE,D,20170308,000000,7.1018,7.1018,7.1018,7.1018,0,0
ARH_PE,D,20170309,000000,7.1775,7.1775,7.1775,7.1775,0,0
ARH_PE,D,20170310,000000,7.1775,7.1775,7.1775,7.1775,0,0
ARH_PE,D,20170313,000000,7.253,7.253,7.1775,7.1775,0,0
ARH_PE,D,20170314,000000,7.253,7.253,7.253,7.253,0,0
ARH_PE,D,20170315,000000,7.253,7.253,7.1018,7.1018,0,0
ARH_PE,D,20170316,000000,7.253,7.253,7.0262,7.1775,0,0
ARH_PE,D,20170317,000000,7.1775,7.253,7.1775,7.253,0,0
ARH_PE,D,20170320,000000,7.253,7.3285,7.1018,7.3285,0,0
ARH_PE,D,20170322,000000,7.1018,7.3285,7.1018,7.253,0,0
ARH_PE,D,20170323,000000,7.1775,7.253,7.1775,7.253,0,0
ARH_PE,D,20170324,000000,7.253,7.253,7.1775,7.1775,0,0
ARH_PE,D,20170327,000000,7.1775,7.1775,7.1775,7.1775,0,0
ARH_PE,D,20170328,000000,7.1775,7.1775,7.1018,7.1775,0,0
ARH_PE,D,20170329,000000,7.253,7.253,7.253,7.253,0,0
ARH_PE,D,20170330,000000,7.253,7.253,7.253,7.253,0,0
ARH_PE,D,20170331,000000,7.253,7.3285,7.253,7.3285,0,0
ARH_PE,D,20170404,000000,7.3285,7.4797,7.3285,7.4797,0,0
ARH_PE,D,20170405,000000,7.404,7.404,7.3285,7.3285,0,0
ARH_PE,D,20170406,000000,7.4797,7.4797,7.4797,7.4797,0,0
ARH_PE,D,20170407,000000,7.4797,7.5549,7.4797,7.4797,0,0
ARH_PE,D,20170410,000000,7.5549,7.5549,7.5549,7.5549,0,0
ARH_PE,D,20170411,000000,7.4797,7.5549,7.4797,7.5549,0,0
ARH_PE,D,20170412,000000,7.5549,7.9332,7.5549,7.5549,0,0
ARH_PE,D,20170413,000000,7.7818,7.7818,7.3285,7.631,0,0
ARH_PE,D,20170418,000000,7.4797,7.631,7.4797,7.631,0,0
ARH_PE,D,20170419,000000,7.5549,7.631,7.5549,7.631,0,0
ARH_PE,D,20170420,000000,7.631,7.7818,7.631,7.7818,0,0
ARH_PE,D,20170421,000000,7.9332,7.9332,7.8575,7.8575,0,0
ARH_PE,D,20170424,000000,7.9332,8.0088,7.9332,8.0088,0,0
ARH_PE,D,20170425,000000,8.0088,8.0088,7.9332,8.0088,0,0
ARH_PE,D,20170426,000000,8.0088,8.0088,7.8575,8.0088,0,0
ARH_PE,D,20170427,000000,8.0088,8.0088,7.9332,7.9332,0,0
ARH_PE,D,20170428,000000,7.706,7.9332,7.5549,7.9332,0,0
ARH_PE,D,20170502,000000,7.7818,7.9332,7.7818,7.9332,0,0
ARH_PE,D,20170504,000000,7.9332,7.9332,7.9332,7.9332,0,0
ARH_PE,D,20170505,000000,7.7818,7.9332,7.631,7.706,0,0
ARH_PE,D,20170508,000000,7.706,7.706,7.631,7.631,0,0
ARH_PE,D,20170509,000000,7.706,7.706,7.3285,7.3285,0,0
ARH_PE,D,20170510,000000,7.3285,7.3285,7.253,7.253,0,0
ARH_PE,D,20170511,000000,7.253,7.4797,7.253,7.404,0,0
ARH_PE,D,20170512,000000,7.404,7.404,7.404,7.404,0,0
ARH_PE,D,20170515,000000,7.3285,7.4797,7.1775,7.4797,0,0
ARH_PE,D,20170516,000000,7.3285,7.3285,7.3285,7.3285,0,0
ARH_PE,D,20170517,000000,7.4797,7.4797,7.3285,7.4797,0,0
ARH_PE,D,20170518,000000,7.3285,7.3285,7.3285,7.3285,0,0
ARH_PE,D,20170519,000000,7.631,7.631,7.3285,7.5549,0,0
ARH_PE,D,20170522,000000,7.5549,7.706,7.4797,7.4797,0,0
ARH_PE,D,20170523,000000,7.7818,7.8575,7.4797,7.7818,0,0
ARH_PE,D,20170524,000000,7.7818,7.8575,7.706,7.706,0,0
ARH_PE,D,20170525,000000,7.706,7.9332,7.706,7.9332,0,0
ARH_PE,D,20170526,000000,7.8575,7.9332,7.8575,7.8575,0,0
ARH_PE,D,20170529,000000,8.0088,8.0088,7.9332,8.0088,0,0
ARH_PE,D,20170530,000000,8.0088,8.0088,7.8575,7.8575,0,0
ARH_PE,D,20170601,000000,8.0926,8.0926,7.458,7.458,0,0
ARH_PE,D,20170602,000000,7.2201,7.2993,7.1406,7.2201,0,0
ARH_PE,D,20170605,000000,7.2993,7.3787,7.2993,7.3787,0,0
ARH_PE,D,20170606,000000,7.3787,7.3787,7.2993,7.3787,0,0
ARH_PE,D,20170607,000000,7.458,7.458,7.2993,7.2993,0,0
ARH_PE,D,20170608,000000,7.2201,7.5374,7.1406,7.5374,0,0
ARH_PE,D,20170609,000000,7.5374,7.6167,7.3787,7.5374,0,0
ARH_PE,D,20170612,000000,7.5374,7.5374,7.3787,7.3787,0,0
ARH_PE,D,20170613,000000,7.2993,7.3787,7.2993,7.3787,0,0
ARH_PE,D,20170614,000000,7.2993,7.3787,7.2201,7.2993,0,0
ARH_PE,D,20170616,000000,7.2993,7.3787,7.2993,7.3787,0,0
ARH_PE,D,20170619,000000,7.3787,7.3787,7.2993,7.2993,0,0
ARH_PE,D,20170620,000000,7.2993,7.2993,7.2201,7.2201,0,0
ARH_PE,D,20170621,000000,7.2201,7.2201,7.2201,7.2201,0,0
ARH_PE,D,20170622,000000,7.2201,7.2201,7.2201,7.2201,0,0
ARH_PE,D,20170626,000000,7.2201,7.2993,7.2201,7.2201,0,0
ARH_PE,D,20170627,000000,7.2201,7.2201,7.2201,7.2201,0,0
ARH_PE,D,20170628,000000,7.2201,7.2201,7.2201,7.2201,0,0
ARH_PE,D,20170629,000000,7.1406,7.2201,7.1406,7.2201,0,0
ARH_PE,D,20170630,000000,7.2201,7.2201,7.1406,7.2201,0,0
ARH_PE,D,20170703,000000,7.1406,7.1406,7.0613,7.0613,0,0
ARH_PE,D,20170704,000000,7.0613,7.0613,7.0613,7.0613,0,0
ARH_PE,D,20170705,000000,6.8233,7.1406,6.8233,7.1406,0,0
ARH_PE,D,20170707,000000,7.0613,7.0613,7.0613,7.0613,0,0
ARH_PE,D,20170710,000000,7.0613,7.0613,6.982,6.982,0,0
ARH_PE,D,20170711,000000,7.0613,7.0613,6.982,6.982,0,0
ARH_PE,D,20170712,000000,6.982,6.982,6.8233,6.9026,0,0
ARH_PE,D,20170713,000000,7.1406,7.1406,7.0613,7.0613,0,0
ARH_PE,D,20170714,000000,7.0613,7.0613,7.0613,7.0613,0,0
ARH_PE,D,20170718,000000,7.1406,7.2201,7.1406,7.2201,0,0
ARH_PE,D,20170719,000000,7.2201,7.2993,7.2201,7.2993,0,0
ARH_PE,D,20170720,000000,6.982,7.2993,6.982,7.2993,0,0
ARH_PE,D,20170721,000000,6.982,7.1406,6.3472,7.1406,0,0
ARH_PE,D,20170724,000000,6.982,7.2201,6.982,7.1406,0,0
ARH_PE,D,20170725,000000,6.9026,7.1406,6.9026,7.1406,0,0
ARH_PE,D,20170727,000000,7.2201,7.2201,7.1406,7.1406,0,0
ARH_PE,D,20170728,000000,7.1406,7.1406,7.0613,7.1406,0,0
ARH_PE,D,20170731,000000,6.982,7.1406,6.982,7.1406,0,0
ARH_PE,D,20170801,000000,7.1406,7.2201,7.1406,7.2201,0,0
ARH_PE,D,20170804,000000,7.1406,7.1406,7.0613,7.0613,0,0
ARH_PE,D,20170807,000000,6.9026,6.9026,6.9026,6.9026,0,0
ARH_PE,D,20170808,000000,6.8233,6.9026,6.7439,6.9026,0,0
ARH_PE,D,20170809,000000,6.7439,6.9026,6.7439,6.9026,0,0
ARH_PE,D,20170810,000000,6.9026,6.9026,6.9026,6.9026,0,0
ARH_PE,D,20170811,000000,6.9026,6.9026,6.6646,6.9026,0,0
ARH_PE,D,20170814,000000,6.982,6.982,6.982,6.982,0,0
ARH_PE,D,20170816,000000,6.982,6.982,6.982,6.982,0,0
ARH_PE,D,20170817,000000,6.7439,6.982,6.7439,6.982,0,0
ARH_PE,D,20170818,000000,6.982,6.982,6.982,6.982,0,0
ARH_PE,D,20170822,000000,6.982,6.982,6.9026,6.9026,0,0
ARH_PE,D,20170824,000000,6.9026,6.9026,6.9026,6.9026,0,0
ARH_PE,D,20170825,000000,6.9026,6.9026,6.9026,6.9026,0,0
ARH_PE,D,20170828,000000,6.7439,6.982,6.7439,6.982,0,0
ARH_PE,D,20170829,000000,6.7439,6.8233,6.7439,6.8233,0,0
ARH_PE,D,20170830,000000,6.9026,6.9026,6.9026,6.9026,0,0
ARH_PE,D,20170831,000000,6.982,6.982,6.8233,6.8233,0,0
ARH_PE,D,20170901,000000,6.8233,6.8233,6.8233,6.8233,0,0
ARH_PE,D,20170904,000000,6.9026,6.982,6.9026,6.982,0,0
ARH_PE,D,20170905,000000,6.982,6.982,6.9026,6.9026,0,0
ARH_PE,D,20170906,000000,6.8233,6.8233,6.7439,6.7439,0,0
ARH_PE,D,20170907,000000,6.7439,6.7439,6.6646,6.6646,0,0
ARH_PE,D,20170908,000000,6.6646,6.6646,6.6646,6.6646,0,0
ARH_PE,D,20170911,000000,6.6646,6.6646,6.4266,6.6646,0,0
ARH_PE,D,20170912,000000,6.6646,6.6646,6.6646,6.6646,0,0
ARH_PE,D,20170913,000000,6.4266,6.5852,6.4266,6.4266,0,0
ARH_PE,D,20170914,000000,6.506,6.6646,6.506,6.6646,0,0
ARH_PE,D,20170915,000000,6.6646,7.7753,6.6646,7.7753,0,0
ARH_PE,D,20170918,000000,7.7753,7.7753,7.7753,7.7753,0,0
ARH_PE,D,20170919,000000,7.7753,7.7753,7.7753,7.7753,0,0
ARH_PE,D,20170920,000000,7.7753,7.7753,7.6167,7.7753,0,0
ARH_PE,D,20170921,000000,7.7753,7.8551,7.7753,7.8551,0,0
ARH_PE,D,20170922,000000,7.8551,7.8551,7.458,7.5374,0,0
ARH_PE,D,20170925,000000,7.5374,7.5374,7.5374,7.5374,0,0
ARH_PE,D,20170926,000000,7.5374,7.5374,7.3787,7.458,0,0
ARH_PE,D,20170927,000000,7.5374,7.7753,7.5374,7.7753,0,0
ARH_PE,D,20170928,000000,7.7753,7.7753,7.7753,7.7753,0,0
ARH_PE,D,20170929,000000,7.6167,7.6167,7.6167,7.6167,0,0
ARH_PE,D,20171004,000000,7.6167,7.6167,7.6167,7.6167,0,0
ARH_PE,D,20171005,000000,7.6964,7.6964,7.6964,7.6964,0,0
ARH_PE,D,20171006,000000,7.7753,7.7753,7.7753,7.7753,0,0
ARH_PE,D,20171009,000000,7.8551,7.8551,7.8551,7.8551,0,0
ARH_PE,D,20171010,000000,8.0137,8.0137,7.934,7.934,0,0
ARH_PE,D,20171011,000000,8.0137,8.0137,8.0137,8.0137,0,0
ARH_PE,D,20171012,000000,8.0137,8.0137,8.0137,8.0137,0,0
ARH_PE,D,20171013,000000,8.0137,8.0137,7.934,7.934,0,0
ARH_PE,D,20171016,000000,7.934,7.934,7.934,7.934,0,0
ARH_PE,D,20171017,000000,7.934,8.0137,7.934,8.0137,0,0
ARH_PE,D,20171018,000000,7.934,7.934,7.934,7.934,0,0
ARH_PE,D,20171019,000000,7.934,7.934,7.6964,7.6964,0,0
ARH_PE,D,20171020,000000,7.7753,7.7753,7.7753,7.7753,0,0
ARH_PE,D,20171023,000000,7.7753,7.7753,7.7753,7.7753,0,0
ARH_PE,D,20171024,000000,7.7753,7.7753,7.7753,7.7753,0,0
ARH_PE,D,20171025,000000,7.7753,7.7753,7.6167,7.6964,0,0
ARH_PE,D,20171026,000000,7.6964,7.6964,7.6964,7.6964,0,0
ARH_PE,D,20171027,000000,7.6964,7.7753,7.6964,7.7753,0,0
ARH_PE,D,20171030,000000,7.6964,7.7753,7.6964,7.6964,0,0
ARH_PE,D,20171031,000000,7.934,8.6485,7.6964,8.6485,0,0
ARH_PE,D,20171102,000000,8.5688,8.5688,8.4098,8.5688,0,0
ARH_PE,D,20171108,000000,8.4098,8.5688,8.4098,8.4098,0,0
ARH_PE,D,20171109,000000,8.4098,8.4098,8.2513,8.4098,0,0
ARH_PE,D,20171110,000000,8.3309,8.3309,8.2513,8.2513,0,0
ARH_PE,D,20171113,000000,8.3309,8.3309,8.2513,8.2513,0,0
ARH_PE,D,20171114,000000,8.2513,8.2513,8.2513,8.2513,0,0
ARH_PE,D,20171115,000000,8.1723,8.2513,8.1723,8.2513,0,0
ARH_PE,D,20171116,000000,8.1723,8.4098,8.1723,8.4098,0,0
ARH_PE,D,20171117,000000,8.3309,8.4098,8.1723,8.4098,0,0
ARH_PE,D,20171120,000000,8.4899,8.4899,8.1723,8.1723,0,0
ARH_PE,D,20171121,000000,8.1723,8.2513,8.1723,8.2513,0,0
ARH_PE,D,20171122,000000,8.2513,8.3309,8.2513,8.2513,0,0
ARH_PE,D,20171123,000000,8.2513,8.2513,8.1723,8.2513,0,0
ARH_PE,D,20171124,000000,8.2513,8.2513,8.1723,8.2513,0,0
ARH_PE,D,20171127,000000,8.4899,8.4899,8.1723,8.1723,0,0
ARH_PE,D,20171128,000000,8.1723,8.4899,8.1723,8.4098,0,0
ARH_PE,D,20171129,000000,8.0926,8.2513,8.0926,8.1723,0,0
ARH_PE,D,20171130,000000,8.3744,8.7769,5.073,5.073,0,0
ARH_PE,D,20171201,000000,5.1535,5.234,5.1535,5.234,0,0
ARH_PE,D,20171204,000000,5.234,5.3951,5.234,5.3951,0,0
ARH_PE,D,20171205,000000,5.3145,5.3145,5.3145,5.3145,0,0
ARH_PE,D,20171206,000000,5.3145,5.3951,5.3145,5.3951,0,0
ARH_PE,D,20171207,000000,5.3951,5.3951,5.3951,5.3951,0,0
ARH_PE,D,20171208,000000,5.3951,5.3951,5.3951,5.3951,0,0
ARH_PE,D,20171211,000000,5.3951,5.3951,5.3145,5.3145,0,0
ARH_PE,D,20171212,000000,5.3145,5.3145,5.3145,5.3145,0,0
ARH_PE,D,20171213,000000,5.3145,5.3145,5.3145,5.3145,0,0
ARH_PE,D,20171214,000000,5.3145,5.4756,5.3145,5.4756,0,0
ARH_PE,D,20171215,000000,5.4756,5.7171,5.4756,5.7171,0,0
ARH_PE,D,20171218,000000,5.7171,5.8782,5.7171,5.7977,0,0
ARH_PE,D,20171219,000000,5.6366,5.7977,5.6366,5.7977,0,0
ARH_PE,D,20171220,000000,5.6366,5.8782,5.6366,5.7171,0,0
ARH_PE,D,20171221,000000,5.5561,5.7171,5.5561,5.6366,0,0
ARH_PE,D,20171222,000000,5.6366,5.7171,5.6366,5.7171,0,0
ARH_PE,D,20171227,000000,5.5561,5.5561,5.5561,5.5561,0,0
ARH_PE,D,20171228,000000,5.5561,5.6366,5.3951,5.6366,0,0
ARH_PE,D,20171229,000000,5.4756,5.7171,5.4756,5.7171,0,0
ARH_PE,D,20180103,000000,5.6366,5.7171,5.5561,5.7171,0,0
ARH_PE,D,20180104,000000,5.6366,5.6366,5.5561,5.5561,0,0
ARH_PE,D,20180105,000000,5.5561,5.5561,5.5561,5.5561,0,0
ARH_PE,D,20180108,000000,5.5561,5.5561,5.4756,5.5561,0,0
ARH_PE,D,20180109,000000,5.6366,5.6366,5.5561,5.5561,0,0
ARH_PE,D,20180110,000000,5.5561,5.5561,5.5561,5.5561,0,0
ARH_PE,D,20180111,000000,5.5561,5.6366,5.5561,5.6366,0,0
ARH_PE,D,20180112,000000,5.6366,5.6366,5.4756,5.6366,0,0
ARH_PE,D,20180115,000000,5.6366,5.6366,5.6366,5.6366,0,0
ARH_PE,D,20180116,000000,5.6366,5.6366,5.5561,5.6366,0,0
ARH_PE,D,20180117,000000,5.5561,5.6366,5.5561,5.5561,0,0
ARH_PE,D,20180118,000000,5.5561,5.5561,5.4756,5.4756,0,0
ARH_PE,D,20180119,000000,5.4756,5.4756,5.4756,5.4756,0,0
ARH_PE,D,20180122,000000,5.4756,5.4756,5.3951,5.3951,0,0
ARH_PE,D,20180123,000000,5.3951,5.4756,5.3951,5.4756,0,0
ARH_PE,D,20180124,000000,5.3951,5.4756,5.3951,5.4756,0,0
ARH_PE,D,20180125,000000,5.4756,5.4756,5.3951,5.4756,0,0
ARH_PE,D,20180126,000000,5.4756,5.4756,5.4756,5.4756,0,0
ARH_PE,D,20180129,000000,5.4756,5.4756,5.4756,5.4756,0,0
ARH_PE,D,20180130,000000,5.4756,5.4756,5.3951,5.3951,0,0
ARH_PE,D,20180131,000000,5.3951,5.3951,5.234,5.3951,0,0
ARH_PE,D,20180201,000000,5.3951,5.3951,5.3951,5.3951,0,0
ARH_PE,D,20180202,000000,5.3951,5.3951,5.3145,5.3145,0,0
ARH_PE,D,20180205,000000,5.3145,5.3145,5.3145,5.3145,0,0
ARH_PE,D,20180206,000000,5.234,5.3951,5.073,5.3951,0,0
ARH_PE,D,20180207,000000,5.3951,5.4756,5.234,5.3951,0,0
ARH_PE,D,20180208,000000,5.3145,5.4756,5.3145,5.4756,0,0
ARH_PE,D,20180209,000000,5.4756,5.4756,5.3951,5.4756,0,0
ARH_PE,D,20180212,000000,5.4756,5.4756,5.3145,5.3951,0,0
ARH_PE,D,20180213,000000,5.3951,5.3951,5.3951,5.3951,0,0
ARH_PE,D,20180214,000000,5.234,5.3951,5.234,5.3951,0,0
ARH_PE,D,20180215,000000,5.3951,5.3951,5.3951,5.3951,0,0
ARH_PE,D,20180216,000000,5.3951,5.3951,5.3951,5.3951,0,0
ARH_PE,D,20180219,000000,5.3951,5.3951,5.3951,5.3951,0,0
ARH_PE,D,20180220,000000,5.3951,5.3951,5.3951,5.3951,0,0
ARH_PE,D,20180221,000000,5.3951,5.3951,5.3951,5.3951,0,0
ARH_PE,D,20180222,000000,5.3951,5.3951,5.3951,5.3951,0,0
ARH_PE,D,20180223,000000,5.3951,5.5561,5.3951,5.4756,0,0
ARH_PE,D,20180226,000000,5.3145,5.6366,5.3145,5.6366,0,0
ARH_PE,D,20180227,000000,5.6366,5.6366,5.5561,5.5561,0,0
ARH_PE,D,20180228,000000,5.5561,5.5561,5.3951,5.5561,0,0
ARH_PE,D,20180301,000000,5.5561,5.5561,5.3951,5.5561,0,0
ARH_PE,D,20180302,000000,5.5561,5.5561,5.4756,5.4756,0,0
ARH_PE,D,20180305,000000,5.4756,5.4756,5.4756,5.4756,0,0
ARH_PE,D,20180306,000000,5.4756,5.4756,5.3145,5.4756,0,0
ARH_PE,D,20180307,000000,5.3145,5.4756,5.234,5.3951,0,0
ARH_PE,D,20180308,000000,5.4756,5.4756,5.3951,5.4756,0,0
ARH_PE,D,20180309,000000,5.4756,5.4756,5.4756,5.4756,0,0
ARH_PE,D,20180312,000000,5.4756,5.4756,5.3951,5.4756,0,0
ARH_PE,D,20180314,000000,5.4756,5.4756,5.4756,5.4756,0,0
ARH_PE,D,20180315,000000,5.4756,5.4756,5.3951,5.4756,0,0
ARH_PE,D,20180319,000000,5.3951,5.4756,5.3951,5.4756,0,0
ARH_PE,D,20180320,000000,5.3951,5.4756,5.3951,5.4756,0,0
ARH_PE,D,20180321,000000,5.3951,5.5561,5.3951,5.5561,0,0
ARH_PE,D,20180322,000000,5.5561,5.5561,5.4756,5.5561,0,0
ARH_PE,D,20180323,000000,5.4756,5.5561,5.4756,5.4756,0,0
ARH_PE,D,20180326,000000,5.4756,5.5561,5.3951,5.5561,0,0
ARH_PE,D,20180327,000000,5.5561,5.5561,5.3951,5.5561,0,0
ARH_PE,D,20180328,000000,5.5561,5.5561,5.4756,5.4756,0,0
ARH_PE,D,20180329,000000,5.3951,5.5561,5.3951,5.5561,0,0
ARH_PE,D,20180403,000000,5.5561,5.5561,5.3145,5.3951,0,0
ARH_PE,D,20180404,000000,5.3951,5.3951,5.3145,5.3951,0,0
ARH_PE,D,20180406,000000,5.3145,5.6366,5.234,5.6366,0,0
ARH_PE,D,20180410,000000,5.4756,5.6366,5.4756,5.6366,0,0
ARH_PE,D,20180411,000000,5.6366,5.6366,5.6366,5.6366,0,0
ARH_PE,D,20180412,000000,5.6366,5.6366,5.6366,5.6366,0,0
ARH_PE,D,20180413,000000,5.6366,5.6366,5.4756,5.5561,0,0
ARH_PE,D,20180416,000000,5.4756,5.6366,5.4756,5.6366,0,0
ARH_PE,D,20180417,000000,5.5561,5.5561,5.5561,5.5561,0,0
ARH_PE,D,20180418,000000,5.5561,5.5561,5.4756,5.4756,0,0
ARH_PE,D,20180419,000000,5.4756,5.4756,5.234,5.4756,0,0
ARH_PE,D,20180420,000000,5.4756,5.6366,5.4756,5.6366,0,0
ARH_PE,D,20180423,000000,5.4756,5.4756,5.3951,5.4756,0,0
ARH_PE,D,20180424,000000,5.6366,5.6366,5.4756,5.5561,0,0
ARH_PE,D,20180425,000000,5.4756,5.6366,5.4756,5.5561,0,0
ARH_PE,D,20180426,000000,5.5561,5.5561,5.5561,5.5561,0,0
ARH_PE,D,20180427,000000,5.5561,5.5561,5.4756,5.4756,0,0
ARH_PE,D,20180430,000000,5.4756,5.5561,5.4756,5.5561,0,0
ARH_PE,D,20180502,000000,5.5561,5.5561,5.5561,5.5561,0,0
ARH_PE,D,20180504,000000,5.5561,5.5561,5.5561,5.5561,0,0
ARH_PE,D,20180507,000000,5.5561,5.5561,5.5561,5.5561,0,0
ARH_PE,D,20180508,000000,5.5561,5.5561,5.5561,5.5561,0,0
ARH_PE,D,20180509,000000,5.5561,5.5561,5.5561,5.5561,0,0
ARH_PE,D,20180511,000000,5.5561,5.5561,5.4756,5.5561,0,0
ARH_PE,D,20180514,000000,5.5561,5.6366,5.5561,5.6366,0,0
ARH_PE,D,20180515,000000,5.6366,5.7171,5.5561,5.7171,0,0
ARH_PE,D,20180516,000000,5.7171,5.7977,5.6366,5.7977,0,0
ARH_PE,D,20180517,000000,5.7977,5.7977,5.7171,5.7977,0,0
ARH_PE,D,20180518,000000,5.5561,5.7977,5.5561,5.7977,0,0
ARH_PE,D,20180521,000000,5.5561,5.7977,5.5561,5.7977,0,0
ARH_PE,D,20180523,000000,5.6366,5.7977,5.5561,5.7977,0,0
ARH_PE,D,20180524,000000,5.6366,5.7171,5.6366,5.6366,0,0
ARH_PE,D,20180525,000000,5.6366,5.7977,5.6366,5.7977,0,0
ARH_PE,D,20180528,000000,5.7171,5.8782,5.7171,5.7977,0,0
ARH_PE,D,20180529,000000,5.7977,5.7977,5.7977,5.7977,0,0
ARH_PE,D,20180530,000000,5.7171,5.7977,5.4756,5.4756,0,0
ARH_PE,D,20180601,000000,5.4756,5.4756,5.3951,5.4756,0,0
ARH_PE,D,20180604,000000,5.7574,5.7574,5.4031,5.4917,0,0
ARH_PE,D,20180605,000000,5.5802,5.5802,5.4917,5.4917,0,0
ARH_PE,D,20180606,000000,5.4917,5.4917,5.3145,5.4031,0,0
ARH_PE,D,20180607,000000,5.4031,5.4031,5.4031,5.4031,0,0
ARH_PE,D,20180608,000000,5.4031,5.4031,5.4031,5.4031,0,0
ARH_PE,D,20180611,000000,5.4031,5.6689,5.4031,5.6689,0,0
ARH_PE,D,20180612,000000,5.6689,5.8459,5.4917,5.8459,0,0
ARH_PE,D,20180613,000000,5.8459,5.8459,5.6689,5.8459,0,0
ARH_PE,D,20180618,000000,5.6689,5.8459,5.6689,5.8459,0,0
ARH_PE,D,20180619,000000,5.5802,5.8459,5.5802,5.8459,0,0
ARH_PE,D,20180620,000000,5.8459,5.8459,5.8459,5.8459,0,0
ARH_PE,D,20180621,000000,5.8459,5.8459,5.6689,5.6689,0,0
ARH_PE,D,20180622,000000,5.7574,5.8459,5.7574,5.8459,0,0
ARH_PE,D,20180626,000000,5.8459,5.8459,5.6689,5.7574,0,0
ARH_PE,D,20180627,000000,5.7574,5.7574,5.6689,5.7574,0,0
ARH_PE,D,20180628,000000,5.7574,5.7574,5.7574,5.7574,0,0
ARH_PE,D,20180629,000000,5.7574,5.7574,5.7574,5.7574,0,0
ARH_PE,D,20180702,000000,5.7574,5.7574,5.7574,5.7574,0,0
ARH_PE,D,20180703,000000,5.7574,5.7574,5.7574,5.7574,0,0
ARH_PE,D,20180704,000000,5.7574,5.7574,5.7574,5.7574,0,0
ARH_PE,D,20180705,000000,5.7574,5.7574,5.6689,5.6689,0,0
ARH_PE,D,20180706,000000,5.7574,5.7574,5.7574,5.7574,0,0
ARH_PE,D,20180709,000000,5.7574,5.7574,5.5802,5.7574,0,0
ARH_PE,D,20180710,000000,5.4917,5.7574,5.4917,5.7574,0,0
ARH_PE,D,20180712,000000,5.6689,5.6689,5.6689,5.6689,0,0
ARH_PE,D,20180713,000000,5.6689,5.6689,5.6689,5.6689,0,0
ARH_PE,D,20180716,000000,5.6689,5.7574,5.5802,5.6689,0,0
ARH_PE,D,20180717,000000,5.6689,5.6689,5.6689,5.6689,0,0
ARH_PE,D,20180718,000000,5.6689,5.6689,5.6689,5.6689,0,0
ARH_PE,D,20180719,000000,5.6689,5.6689,5.6689,5.6689,0,0
ARH_PE,D,20180720,000000,5.6689,5.6689,5.6689,5.6689,0,0
ARH_PE,D,20180723,000000,5.5802,5.6689,5.5802,5.5802,0,0
ARH_PE,D,20180724,000000,5.6689,5.6689,5.5802,5.5802,0,0
ARH_PE,D,20180725,000000,5.6689,5.6689,5.5802,5.6689,0,0
ARH_PE,D,20180726,000000,5.5802,5.5802,5.4917,5.4917,0,0
ARH_PE,D,20180727,000000,5.4917,5.5802,5.4917,5.5802,0,0
ARH_PE,D,20180730,000000,5.5802,5.5802,5.5802,5.5802,0,0
ARH_PE,D,20180731,000000,5.5802,5.6689,5.5802,5.6689,0,0
ARH_PE,D,20180801,000000,5.6689,5.6689,5.6689,5.6689,0,0
ARH_PE,D,20180802,000000,5.6689,5.6689,5.6689,5.6689,0,0
ARH_PE,D,20180803,000000,5.6689,5.6689,5.5802,5.5802,0,0
ARH_PE,D,20180806,000000,5.5802,5.5802,5.4917,5.4917,0,0
ARH_PE,D,20180807,000000,5.4917,5.4917,5.4917,5.4917,0,0
ARH_PE,D,20180808,000000,5.4917,5.4917,5.2259,5.4917,0,0
ARH_PE,D,20180809,000000,5.4917,5.4917,5.3145,5.4031,0,0
ARH_PE,D,20180810,000000,5.3145,5.4031,5.2259,5.3145,0,0
ARH_PE,D,20180813,000000,5.3145,5.3145,5.2259,5.2259,0,0
ARH_PE,D,20180814,000000,5.2259,5.2259,5.2259,5.2259,0,0
ARH_PE,D,20180816,000000,5.2259,5.2259,5.2259,5.2259,0,0
ARH_PE,D,20180821,000000,5.2259,5.2259,5.2259,5.2259,0,0
ARH_PE,D,20180822,000000,5.2259,5.3145,5.2259,5.3145,0,0
ARH_PE,D,20180827,000000,5.1374,5.3145,5.1374,5.3145,0,0
ARH_PE,D,20180828,000000,5.1374,5.1374,4.8717,4.9602,0,0
ARH_PE,D,20180829,000000,4.9602,4.9602,4.9602,4.9602,0,0
ARH_PE,D,20180830,000000,5.0489,5.0489,5.0489,5.0489,0,0
ARH_PE,D,20180831,000000,5.0489,5.0489,5.0489,5.0489,0,0
ARH_PE,D,20180903,000000,5.0489,5.0489,5.0489,5.0489,0,0
ARH_PE,D,20180905,000000,5.0489,5.0489,5.0489,5.0489,0,0
ARH_PE,D,20180906,000000,5.0489,5.0489,5.0489,5.0489,0,0
ARH_PE,D,20180907,000000,5.0489,5.0489,5.0489,5.0489,0,0
ARH_PE,D,20180910,000000,5.0489,5.0489,5.0489,5.0489,0,0
ARH_PE,D,20180911,000000,5.0489,5.0489,5.0489,5.0489,0,0
ARH_PE,D,20180912,000000,5.0489,5.0489,5.0489,5.0489,0,0
ARH_PE,D,20180914,000000,5.0489,5.7574,4.8717,5.7574,0,0
ARH_PE,D,20180917,000000,5.5802,5.7574,5.5802,5.7574,0,0
ARH_PE,D,20180918,000000,5.7574,5.7574,5.7574,5.7574,0,0
ARH_PE,D,20180919,000000,5.6689,5.7574,5.6689,5.7574,0,0
ARH_PE,D,20180920,000000,5.7574,5.7574,5.6689,5.6689,0,0
ARH_PE,D,20180921,000000,5.6689,5.6689,5.6689,5.6689,0,0
ARH_PE,D,20180924,000000,5.6689,5.6689,5.5802,5.5802,0,0
ARH_PE,D,20180925,000000,5.5802,5.5802,5.4917,5.4917,0,0
ARH_PE,D,20180927,000000,5.6689,5.6689,5.5802,5.6689,0,0
ARH_PE,D,20180928,000000,5.6689,5.7574,5.6689,5.6689,0,0
ARH_PE,D,20181001,000000,5.6689,5.6689,5.6689,5.6689,0,0
ARH_PE,D,20181002,000000,5.4917,5.4917,5.4031,5.4917,0,0
ARH_PE,D,20181003,000000,5.4917,5.4917,5.2259,5.2259,0,0
ARH_PE,D,20181008,000000,5.2259,5.2259,5.0489,5.1374,0,0
ARH_PE,D,20181009,000000,5.1374,5.1374,5.0489,5.0489,0,0
ARH_PE,D,20181010,000000,5.0489,5.0489,5.0489,5.0489,0,0
ARH_PE,D,20181011,000000,5.0489,5.0489,4.8717,4.8717,0,0
ARH_PE,D,20181012,000000,4.8717,4.8717,4.8717,4.8717,0,0
ARH_PE,D,20181015,000000,5.0489,5.0489,4.9602,4.9602,0,0
ARH_PE,D,20181016,000000,4.9602,4.9602,4.8717,4.8717,0,0
ARH_PE,D,20181018,000000,4.9602,4.9602,4.9602,4.9602,0,0
ARH_PE,D,20181019,000000,4.9602,4.9602,4.9602,4.9602,0,0
ARH_PE,D,20181022,000000,4.9602,4.9602,4.9602,4.9602,0,0
ARH_PE,D,20181023,000000,4.9602,4.9602,4.9602,4.9602,0,0
ARH_PE,D,20181024,000000,4.9602,4.9602,4.9602,4.9602,0,0
ARH_PE,D,20181025,000000,4.9602,5.0489,4.9602,5.0489,0,0
ARH_PE,D,20181026,000000,4.9602,4.9602,4.7831,4.8717,0,0
ARH_PE,D,20181029,000000,5.0489,5.0489,4.8717,5.0489,0,0
ARH_PE,D,20181030,000000,5.0489,5.0489,5.0489,5.0489,0,0
ARH_PE,D,20181031,000000,4.9602,5.0489,4.8717,4.8717,0,0
ARH_PE,D,20181102,000000,4.8717,4.8717,4.8717,4.8717,0,0
ARH_PE,D,20181105,000000,4.9602,4.9602,4.9602,4.9602,0,0
ARH_PE,D,20181106,000000,4.8717,4.8717,4.8717,4.8717,0,0
ARH_PE,D,20181107,000000,5.0489,5.0489,4.9602,4.9602,0,0
ARH_PE,D,20181108,000000,5.0489,5.0489,5.0489,5.0489,0,0
ARH_PE,D,20181114,000000,5.0489,5.0489,5.0489,5.0489,0,0
ARH_PE,D,20181116,000000,5.0489,5.0489,5.0489,5.0489,0,0
ARH_PE,D,20181119,000000,5.0489,5.1374,5.0489,5.1374,0,0
ARH_PE,D,20181120,000000,5.2259,5.4031,5.2259,5.4031,0,0
ARH_PE,D,20181122,000000,5.4031,5.4031,5.4031,5.4031,0,0
ARH_PE,D,20181123,000000,5.3145,5.3145,5.2259,5.2259,0,0
ARH_PE,D,20181128,000000,5.2259,5.4031,5.1374,5.4031,0,0
ARH_PE,D,20181129,000000,5.1374,11.692,5.1374,11.692,0,0
ARH_PE,D,20181130,000000,11.692,11.781,11.692,11.781,0,0
ARH_PE,D,20181203,000000,11.781,11.781,11.781,11.781,0,0
ARH_PE,D,20181204,000000,11.781,11.781,11.692,11.692,0,0
ARH_PE,D,20181205,000000,11.692,11.692,11.692,11.692,0,0
ARH_PE,D,20181206,000000,11.692,11.692,11.604,11.604,0,0
ARH_PE,D,20181207,000000,11.692,11.692,11.692,11.692,0,0
ARH_PE,D,20181210,000000,11.692,11.692,11.338,11.338,0,0
ARH_PE,D,20181211,000000,11.427,11.427,11.427,11.427,0,0
ARH_PE,D,20181212,000000,11.692,11.692,11.692,11.692,0,0
ARH_PE,D,20181213,000000,11.692,11.692,11.604,11.692,0,0
ARH_PE,D,20181214,000000,11.692,11.692,11.515,11.515,0,0
ARH_PE,D,20181217,000000,11.338,11.604,11.338,11.604,0,0
ARH_PE,D,20181218,000000,11.515,11.515,11.249,11.249,0,0
ARH_PE,D,20181219,000000,11.16,11.16,10.894,10.983,0,0
ARH_PE,D,20181220,000000,10.983,10.983,10.806,10.983,0,0
ARH_PE,D,20181221,000000,10.806,10.983,10.629,10.983,0,0
ARH_PE,D,20181227,000000,10.983,10.983,10.983,10.983,0,0
ARH_PE,D,20181228,000000,10.983,11.338,10.894,11.338,0,0
ARH_PE,D,20190102,000000,11.692,11.692,11.249,11.249,0,0
ARH_PE,D,20190103,000000,10.983,11.072,10.983,11.072,0,0
ARH_PE,D,20190104,000000,11.249,11.249,11.249,11.249,0,0
ARH_PE,D,20190107,000000,11.072,11.072,11.072,11.072,0,0
ARH_PE,D,20190108,000000,11.072,11.072,10.806,10.806,0,0
ARH_PE,D,20190109,000000,10.806,11.604,10.806,11.604,0,0
ARH_PE,D,20190110,000000,11.604,11.604,11.604,11.604,0,0
ARH_PE,D,20190111,000000,11.16,11.604,11.16,11.604,0,0
ARH_PE,D,20190114,000000,11.072,11.604,11.072,11.604,0,0
ARH_PE,D,20190115,000000,11.072,11.515,11.072,11.515,0,0
ARH_PE,D,20190116,000000,11.338,11.427,11.338,11.427,0,0
ARH_PE,D,20190117,000000,11.427,11.515,11.427,11.515,0,0
ARH_PE,D,20190118,000000,11.515,11.515,11.515,11.515,0,0
ARH_PE,D,20190121,000000,11.427,11.692,11.427,11.692,0,0
ARH_PE,D,20190122,000000,11.338,11.781,11.338,11.692,0,0
ARH_PE,D,20190123,000000,11.338,11.692,11.338,11.604,0,0
ARH_PE,D,20190124,000000,11.604,11.604,11.427,11.427,0,0
ARH_PE,D,20190125,000000,11.338,11.604,11.072,11.338,0,0
ARH_PE,D,20190128,000000,11.427,11.869,11.249,11.869,0,0
ARH_PE,D,20190129,000000,11.869,12.312,11.869,12.223,0,0
ARH_PE,D,20190130,000000,12.046,12.312,12.046,12.312,0,0
ARH_PE,D,20190131,000000,12.312,13.197,12.312,12.755,0,0
ARH_PE,D,20190201,000000,12.755,12.755,12.401,12.755,0,0
ARH_PE,D,20190204,000000,12.755,13.02,12.755,12.932,0,0
ARH_PE,D,20190205,000000,12.932,12.932,12.932,12.932,0,0
ARH_PE,D,20190206,000000,12.932,13.552,12.932,13.286,0,0
ARH_PE,D,20190207,000000,13.286,13.286,12.932,13.286,0,0
ARH_PE,D,20190208,000000,13.286,13.286,12.932,13.286,0,0
ARH_PE,D,20190213,000000,13.197,13.197,13.197,13.197,0,0
ARH_PE,D,20190214,000000,12.932,12.932,12.932,12.932,0,0
ARH_PE,D,20190215,000000,13.02,13.02,13.02,13.02,0,0
ARH_PE,D,20190218,000000,13.02,13.02,13.02,13.02,0,0
ARH_PE,D,20190219,000000,13.109,13.109,13.02,13.02,0,0
ARH_PE,D,20190220,000000,13.02,13.02,13.02,13.02,0,0
ARH_PE,D,20190222,000000,12.578,13.02,12.578,13.02,0,0
ARH_PE,D,20190225,000000,13.02,13.02,13.02,13.02,0,0
ARH_PE,D,20190226,000000,13.02,13.02,13.02,13.02,0,0
ARH_PE,D,20190301,000000,13.02,13.197,12.755,13.197,0,0
ARH_PE,D,20190304,000000,13.109,13.109,13.02,13.109,0,0
ARH_PE,D,20190305,000000,13.286,13.286,13.286,13.286,0,0
ARH_PE,D,20190306,000000,12.755,12.755,12.755,12.755,0,0
ARH_PE,D,20190307,000000,12.755,12.843,12.755,12.755,0,0
ARH_PE,D,20190308,000000,12.755,12.755,12.223,12.401,0,0
ARH_PE,D,20190311,000000,12.401,12.401,12.401,12.401,0,0
ARH_PE,D,20190312,000000,12.135,12.401,12.135,12.401,0,0
ARH_PE,D,20190313,000000,12.312,12.401,12.312,12.401,0,0
ARH_PE,D,20190314,000000,12.046,12.223,11.869,12.223,0,0
ARH_PE,D,20190315,000000,12.223,12.578,12.046,12.578,0,0
ARH_PE,D,20190318,000000,12.578,12.578,12.312,12.578,0,0
ARH_PE,D,20190319,000000,12.666,12.666,12.578,12.578,0,0
ARH_PE,D,20190320,000000,12.489,12.578,12.489,12.489,0,0
ARH_PE,D,20190321,000000,12.489,12.578,12.489,12.578,0,0
ARH_PE,D,20190322,000000,12.312,12.932,12.223,12.932,0,0
ARH_PE,D,20190325,000000,12.223,12.932,12.223,12.932,0,0
ARH_PE,D,20190326,000000,12.932,13.109,12.843,12.843,0,0
ARH_PE,D,20190327,000000,12.843,13.286,12.843,13.109,0,0
ARH_PE,D,20190328,000000,13.109,13.464,13.109,13.464,0,0
ARH_PE,D,20190329,000000,13.73,13.818,13.464,13.818,0,0
ARH_PE,D,20190401,000000,13.818,14.172,13.818,14.172,0,0
ARH_PE,D,20190402,000000,14.172,14.172,14.172,14.172,0,0
ARH_PE,D,20190403,000000,14.172,14.172,13.73,13.73,0,0
ARH_PE,D,20190404,000000,13.73,13.818,13.73,13.818,0,0
ARH_PE,D,20190405,000000,13.464,13.464,13.375,13.375,0,0
ARH_PE,D,20190408,000000,13.375,13.375,13.375,13.375,0,0
ARH_PE,D,20190409,000000,13.641,13.907,6.1117,6.1117,0,0
ARH_PE,D,20190410,000000,6.1117,6.1117,6.1117,6.1117,0,0
ARH_PE,D,20190411,000000,6.0231,6.0231,5.9346,6.0231,0,0
ARH_PE,D,20190412,000000,6.0231,6.0231,6.0231,6.0231,0,0
ARH_PE,D,20190415,000000,6.0231,6.0231,6.0231,6.0231,0,0
ARH_PE,D,20190417,000000,6.0231,6.0231,5.9346,6.0231,0,0
ARH_PE,D,20190423,000000,5.9346,5.9346,5.9346,5.9346,0,0
ARH_PE,D,20190425,000000,5.8459,6.0231,5.8459,6.0231,0,0
ARH_PE,D,20190426,000000,6.0231,6.2003,6.0231,6.2003,0,0
ARH_PE,D,20190429,000000,5.9346,6.2889,5.9346,6.2003,0,0
ARH_PE,D,20190430,000000,5.9346,6.2003,5.9346,6.2003,0,0
ARH_PE,D,20190502,000000,5.8459,6.2003,5.8459,6.2003,0,0
ARH_PE,D,20190507,000000,5.9346,6.2003,5.9346,6.2003,0,0
ARH_PE,D,20190508,000000,5.9346,5.9346,5.9346,5.9346,0,0
ARH_PE,D,20190509,000000,5.9346,5.9346,5.9346,5.9346,0,0
ARH_PE,D,20190514,000000,6.2003,6.2003,6.2003,6.2003,0,0
ARH_PE,D,20190515,000000,6.2003,6.2003,6.0231,6.0231,0,0
ARH_PE,D,20190517,000000,6.0231,6.0231,5.9346,5.9346,0,0
ARH_PE,D,20190520,000000,6.0231,6.0231,5.9346,6.0231,0,0
ARH_PE,D,20190521,000000,6.0231,6.0231,5.9346,5.9346,0,0
ARH_PE,D,20190522,000000,6.0231,6.0231,6.0231,6.0231,0,0
ARH_PE,D,20190523,000000,6.1117,6.1117,6.1117,6.1117,0,0
ARH_PE,D,20190524,000000,6.1117,6.2003,6.1117,6.2003,0,0
ARH_PE,D,20190527,000000,6.2003,6.3774,6.2003,6.3774,0,0
ARH_PE,D,20190529,000000,6.1117,6.7318,6.1117,6.7318,0,0
ARH_PE,D,20190530,000000,6.466,6.7318,6.466,6.5546,0,0
ARH_PE,D,20190531,000000,6.8203,6.8203,6.8203,6.8203,0,0
ARH_PE,D,20190603,000000,6.8203,6.9089,6.8203,6.8203,0,0
ARH_PE,D,20190606,000000,6.9975,6.9975,6.9089,6.9089,0,0
ARH_PE,D,20190612,000000,6.9975,6.9975,6.9089,6.9089,0,0
ARH_PE,D,20190614,000000,6.9089,6.9089,6.9089,6.9089,0,0
ARH_PE,D,20190617,000000,6.9089,6.9089,6.9089,6.9089,0,0
ARH_PE,D,20190618,000000,6.9089,6.9089,6.9089,6.9089,0,0
ARH_PE,D,20190619,000000,6.9975,6.9975,6.9089,6.9089,0,0
ARH_PE,D,20190621,000000,6.9089,6.9089,6.9089,6.9089,0,0
ARH_PE,D,20190624,000000,7.086,7.086,6.9975,6.9975,0,0
ARH_PE,D,20190625,000000,6.9975,7.2632,6.9975,7.1746,0,0
ARH_PE,D,20190626,000000,7.086,7.086,6.9975,7.086,0,0
ARH_PE,D,20190627,000000,7.086,7.2632,7.086,7.086,0,0
ARH_PE,D,20190628,000000,6.9878,7.3707,6.9878,7.275,0,0
ARH_PE,D,20190701,000000,6.9878,6.9878,6.7964,6.7964,0,0
ARH_PE,D,20190702,000000,7.0836,7.0836,7.0836,7.0836,0,0
ARH_PE,D,20190703,000000,7.1793,7.1793,7.0836,7.0836,0,0
ARH_PE,D,20190704,000000,7.1793,7.1793,6.9878,6.9878,0,0
ARH_PE,D,20190705,000000,6.8921,6.8921,6.8921,6.8921,0,0
ARH_PE,D,20190708,000000,6.8921,6.8921,6.8921,6.8921,0,0
ARH_PE,D,20190709,000000,6.8921,6.8921,6.8921,6.8921,0,0
ARH_PE,D,20190710,000000,6.8921,7.0836,6.8921,7.0836,0,0
ARH_PE,D,20190711,000000,7.1793,7.1793,7.1793,7.1793,0,0
ARH_PE,D,20190712,000000,7.1793,7.1793,7.1793,7.1793,0,0
ARH_PE,D,20190715,000000,7.1793,7.1793,7.0836,7.0836,0,0
ARH_PE,D,20190716,000000,7.0836,7.0836,7.0836,7.0836,0,0
ARH_PE,D,20190717,000000,6.9878,6.9878,6.9878,6.9878,0,0
ARH_PE,D,20190718,000000,6.9878,6.9878,6.8921,6.8921,0,0
ARH_PE,D,20190719,000000,6.7007,6.7007,6.7007,6.7007,0,0
ARH_PE,D,20190722,000000,6.5092,6.7007,6.5092,6.6049,0,0
ARH_PE,D,20190723,000000,6.5092,6.5092,6.4135,6.4135,0,0
ARH_PE,D,20190724,000000,6.4135,6.4135,6.3178,6.4135,0,0
ARH_PE,D,20190725,000000,6.4135,6.7964,6.4135,6.7964,0,0
ARH_PE,D,20190726,000000,6.7964,6.7964,6.7964,6.7964,0,0
ARH_PE,D,20190729,000000,6.7964,6.7964,6.7964,6.7964,0,0
ARH_PE,D,20190730,000000,6.5092,6.7964,6.5092,6.7964,0,0
ARH_PE,D,20190731,000000,6.5092,6.5092,6.5092,6.5092,0,0
ARH_PE,D,20190801,000000,6.7964,6.8921,6.7964,6.8921,0,0
ARH_PE,D,20190802,000000,6.8921,6.8921,6.8921,6.8921,0,0
ARH_PE,D,20190805,000000,6.8921,6.8921,6.8921,6.8921,0,0
ARH_PE,D,20190806,000000,6.8921,6.8921,6.8921,6.8921,0,0
ARH_PE,D,20190808,000000,6.7964,6.8921,6.7964,6.8921,0,0
ARH_PE,D,20190809,000000,6.8921,6.8921,6.8921,6.8921,0,0
ARH_PE,D,20190812,000000,6.8921,6.8921,6.7964,6.7964,0,0
ARH_PE,D,20190813,000000,6.7007,6.7964,6.7007,6.7964,0,0
ARH_PE,D,20190819,000000,6.7964,6.7964,6.7007,6.7007,0,0
ARH_PE,D,20190820,000000,6.6049,6.7007,6.6049,6.7007,0,0
ARH_PE,D,20190821,000000,6.7007,6.7007,6.7007,6.7007,0,0
ARH_PE,D,20190822,000000,6.8921,6.9878,6.8921,6.9878,0,0
ARH_PE,D,20190823,000000,6.7964,6.8921,6.7964,6.8921,0,0
ARH_PE,D,20190826,000000,6.7007,6.8921,6.7007,6.8921,0,0
ARH_PE,D,20190828,000000,6.7007,6.7007,6.6049,6.6049,0,0
ARH_PE,D,20190902,000000,6.6049,6.6049,6.6049,6.6049,0,0
ARH_PE,D,20190903,000000,6.6049,6.6049,6.6049,6.6049,0,0
ARH_PE,D,20190906,000000,6.6049,6.6049,6.5092,6.5092,0,0
ARH_PE,D,20190909,000000,6.6049,6.6049,6.5092,6.5092,0,0
ARH_PE,D,20190910,000000,6.5092,6.7007,6.4135,6.6049,0,0
ARH_PE,D,20190911,000000,6.3178,6.6049,6.3178,6.5092,0,0
ARH_PE,D,20190912,000000,6.4135,6.7007,6.4135,6.7007,0,0
ARH_PE,D,20190913,000000,6.9878,7.1793,3.5418,3.5418,0,0
ARH_PE,D,20190916,000000,3.5418,3.6375,3.4461,3.6375,0,0
ARH_PE,D,20190917,000000,3.6375,3.7332,3.5418,3.6375,0,0
ARH_PE,D,20190918,000000,3.6375,3.6375,3.6375,3.6375,0,0
ARH_PE,D,20190919,000000,3.6375,3.6375,3.6375,3.6375,0,0
ARH_PE,D,20190920,000000,3.6375,3.6375,3.6375,3.6375,0,0
ARH_PE,D,20190923,000000,3.5418,3.6375,3.5418,3.6375,0,0
ARH_PE,D,20190924,000000,3.6375,3.6375,3.6375,3.6375,0,0
ARH_PE,D,20190926,000000,3.6375,3.6375,3.6375,3.6375,0,0
ARH_PE,D,20190927,000000,3.6375,3.6375,3.5418,3.6375,0,0
ARH_PE,D,20190930,000000,3.6375,3.6375,3.6375,3.6375,0,0
ARH_PE,D,20191001,000000,3.6375,3.6375,3.6375,3.6375,0,0
ARH_PE,D,20191002,000000,3.6375,3.6375,3.5418,3.5418,0,0
ARH_PE,D,20191003,000000,3.6375,3.6375,3.5418,3.6375,0,0
ARH_PE,D,20191004,000000,3.6375,3.6375,3.6375,3.6375,0,0
ARH_PE,D,20191007,000000,3.6375,3.6375,3.6375,3.6375,0,0
ARH_PE,D,20191008,000000,3.6375,3.6375,3.6375,3.6375,0,0
ARH_PE,D,20191009,000000,3.6375,3.6375,3.6375,3.6375,0,0
ARH_PE,D,20191010,000000,3.6375,3.6375,3.6375,3.6375,0,0
ARH_PE,D,20191011,000000,3.6375,3.6375,3.6375,3.6375,0,0
ARH_PE,D,20191014,000000,3.6375,3.6375,3.6375,3.6375,0,0
ARH_PE,D,20191015,000000,3.6375,3.6375,3.6375,3.6375,0,0
ARH_PE,D,20191016,000000,3.6375,3.6375,3.6375,3.6375,0,0
ARH_PE,D,20191017,000000,3.6375,3.7332,3.6375,3.6375,0,0
ARH_PE,D,20191018,000000,3.6375,3.7332,3.6375,3.6375,0,0
ARH_PE,D,20191021,000000,3.6375,3.6375,3.6375,3.6375,0,0
ARH_PE,D,20191022,000000,3.6375,3.6375,3.6375,3.6375,0,0
ARH_PE,D,20191023,000000,3.7332,3.7332,3.7332,3.7332,0,0
ARH_PE,D,20191024,000000,3.7332,3.7332,3.7332,3.7332,0,0
ARH_PE,D,20191025,000000,3.7332,3.7332,3.6375,3.7332,0,0
ARH_PE,D,20191028,000000,3.7332,3.7332,3.6375,3.6375,0,0
ARH_PE,D,20191029,000000,3.7,3.7,3.7,3.7,0,0
ARH_PE,D,20191030,000000,3.7,3.8,3.7,3.8,0,0
ARH_PE,D,20191031,000000,3.9,3.9,3.8,3.8,0,0
ARH_PE,D,20191104,000000,3.8,3.8,3.7,3.7,0,0
ARH_PE,D,20191105,000000,3.8,3.8,3.8,3.8,0,0
ARH_PE,D,20191106,000000,3.8,3.8,3.7,3.8,0,0
ARH_PE,D,20191107,000000,3.8,3.8,3.7,3.8,0,0
ARH_PE,D,20191108,000000,3.8,3.8,3.8,3.8,0,0
ARH_PE,D,20191112,000000,3.8,3.8,3.8,3.8,0,0
ARH_PE,D,20191113,000000,3.8,3.9,3.8,3.8,0,0
ARH_PE,D,20191114,000000,3.8,3.8,3.8,3.8,0,0
ARH_PE,D,20191115,000000,3.8,3.8,3.8,3.8,0,0
ARH_PE,D,20191118,000000,3.8,3.8,3.8,3.8,0,0
ARH_PE,D,20191120,000000,3.9,3.9,3.8,3.8,0,0
ARH_PE,D,20191122,000000,3.9,3.9,3.8,3.8,0,0
ARH_PE,D,20191125,000000,3.8,3.8,3.8,3.8,0,0
ARH_PE,D,20191126,000000,3.8,3.8,3.8,3.8,0,0
ARH_PE,D,20191127,000000,3.9,3.9,3.8,3.8,0,0
ARH_PE,D,20191128,000000,3.9,3.9,3.2,3.2,0,0
ARH_PE,D,20191129,000000,3.2,3.2,3.2,3.2,0,0
ARH_PE,D,20191202,000000,3.2,3.2,3.2,3.2,0,0
ARH_PE,D,20191203,000000,3.2,3.2,3.2,3.2,0,0
ARH_PE,D,20191204,000000,3.2,3.2,3.2,3.2,0,0
ARH_PE,D,20191205,000000,3.2,3.2,3.2,3.2,0,0
ARH_PE,D,20191206,000000,3.2,3.3,3.2,3.3,0,0
ARH_PE,D,20191209,000000,3.3,3.4,3.2,3.3,0,0
ARH_PE,D,20191210,000000,3.3,3.5,3.3,3.5,0,0
ARH_PE,D,20191211,000000,3.5,3.6,3.5,3.6,0,0
ARH_PE,D,20191212,000000,3.6,3.6,3.5,3.5,0,0
ARH_PE,D,20191213,000000,3.6,3.6,3.5,3.6,0,0
ARH_PE,D,20191216,000000,3.6,3.6,3.6,3.6,0,0
ARH_PE,D,20191217,000000,3.6,3.6,3.5,3.6,0,0
ARH_PE,D,20191218,000000,3.6,3.6,3.6,3.6,0,0
ARH_PE,D,20191219,000000,3.6,3.6,3.5,3.5,0,0
ARH_PE,D,20191220,000000,3.5,3.5,3.5,3.5,0,0
ARH_PE,D,20191223,000000,3.5,3.6,3.5,3.5,0,0
ARH_PE,D,20191227,000000,3.5,3.6,3.5,3.6,0,0
ARH_PE,D,20191230,000000,3.6,3.7,3.6,3.7,0,0
ARH_PE,D,20200102,000000,3.7,4,3.7,3.9,0,0
ARH_PE,D,20200103,000000,3.9,3.9,3.8,3.9,0,0
ARH_PE,D,20200107,000000,3.9,3.9,3.8,3.9,0,0
ARH_PE,D,20200108,000000,3.9,3.9,3.8,3.8,0,0
ARH_PE,D,20200109,000000,3.8,3.9,3.8,3.8,0,0
ARH_PE,D,20200110,000000,3.8,3.9,3.8,3.9,0,0
ARH_PE,D,20200113,000000,3.9,3.9,3.9,3.9,0,0
ARH_PE,D,20200114,000000,3.9,4,3.9,3.9,0,0
ARH_PE,D,20200115,000000,3.9,4,3.9,3.9,0,0
ARH_PE,D,20200116,000000,4,4,3.9,3.9,0,0
ARH_PE,D,20200117,000000,3.9,4,3.9,3.9,0,0
ARH_PE,D,20200120,000000,3.8,4,3.8,3.9,0,0
ARH_PE,D,20200121,000000,4,4.1,4,4,0,0
ARH_PE,D,20200122,000000,4,4.2,4,4.1,0,0
ARH_PE,D,20200123,000000,4.1,4.2,4,4,0,0
ARH_PE,D,20200124,000000,4,4.2,4,4.1,0,0
ARH_PE,D,20200127,000000,4.1,4.1,3.8,3.9,0,0
ARH_PE,D,20200128,000000,3.9,4.2,3.9,4,0,0
ARH_PE,D,20200129,000000,4,4,4,4,0,0
ARH_PE,D,20200130,000000,4.1,4.1,4,4.1,0,0
ARH_PE,D,20200131,000000,4.1,4.1,4,4,0,0
ARH_PE,D,20200203,000000,4,4.2,4,4.2,0,0
ARH_PE,D,20200204,000000,4.2,4.2,4.1,4.1,0,0
ARH_PE,D,20200205,000000,4,4.2,4,4.2,0,0
ARH_PE,D,20200206,000000,4.2,4.2,4.1,4.1,0,0
ARH_PE,D,20200207,000000,4.1,4.1,4,4,0,0
ARH_PE,D,20200210,000000,4,4.1,4,4.1,0,0
ARH_PE,D,20200211,000000,4.1,4.2,4.1,4.1,0,0
ARH_PE,D,20200212,000000,4.2,4.2,4.1,4.2,0,0
ARH_PE,D,20200213,000000,4.2,4.2,4.1,4.1,0,0
ARH_PE,D,20200214,000000,4.1,4.2,4.1,4.2,0,0
ARH_PE,D,20200217,000000,4.2,4.2,4.2,4.2,0,0
ARH_PE,D,20200218,000000,4.2,4.2,4.2,4.2,0,0
ARH_PE,D,20200219,000000,4.2,4.2,4,4.1,0,0
ARH_PE,D,20200220,000000,4.1,4.2,4.1,4.1,0,0
ARH_PE,D,20200221,000000,4.1,4.1,4.1,4.1,0,0
ARH_PE,D,20200224,000000,4.1,4.1,4,4,0,0
ARH_PE,D,20200225,000000,4,4,3.9,3.9,0,0
ARH_PE,D,20200226,000000,3.8,3.9,3.7,3.9,0,0
ARH_PE,D,20200227,000000,3.9,3.9,3.7,3.7,0,0
ARH_PE,D,20200228,000000,3.6,3.7,3.2,3.6,0,0
ARH_PE,D,20200302,000000,3.4,3.9,3.4,3.6,0,0
ARH_PE,D,20200303,000000,3.8,3.8,3.8,3.8,0,0
ARH_PE,D,20200304,000000,3.8,3.9,3.6,3.9,0,0
ARH_PE,D,20200305,000000,3.9,4.1,3.8,3.8,0,0
ARH_PE,D,20200306,000000,3.8,3.8,3.6,3.7,0,0
ARH_PE,D,20200309,000000,3.6,3.6,3.4,3.5,0,0
ARH_PE,D,20200310,000000,3.5,3.6,3.5,3.5,0,0
ARH_PE,D,20200311,000000,3.6,3.6,3.3,3.3,0,0
ARH_PE,D,20200312,000000,3.2,3.2,2.9,2.9,0,0
ARH_PE,D,20200313,000000,3.2,3.2,2.6,2.6,0,0
ARH_PE,D,20200316,000000,2.4,2.6,2.3,2.3,0,0
ARH_PE,D,20200317,000000,2.5,2.8,2.5,2.7,0,0
ARH_PE,D,20200318,000000,2.9,2.9,2.6,2.8,0,0
ARH_PE,D,20200319,000000,2.6,3.3,2.6,3.3,0,0
ARH_PE,D,20200320,000000,3.1,3.3,3,3.1,0,0
ARH_PE,D,20200323,000000,3,3,3,3,0,0
ARH_PE,D,20200324,000000,3,3,2.7,2.7,0,0
ARH_PE,D,20200325,000000,2.7,2.8,2.7,2.8,0,0
ARH_PE,D,20200326,000000,2.8,3,2.7,3,0,0
ARH_PE,D,20200327,000000,2.9,2.9,2.9,2.9,0,0
ARH_PE,D,20200330,000000,3,3,2.7,2.8,0,0
ARH_PE,D,20200331,000000,2.8,2.9,2.8,2.8,0,0
ARH_PE,D,20200401,000000,2.8,2.8,2.7,2.8,0,0
ARH_PE,D,20200402,000000,2.7,2.8,2.7,2.7,0,0
ARH_PE,D,20200403,000000,2.7,2.7,2.7,2.7,0,0
ARH_PE,D,20200406,000000,2.7,2.7,2.5,2.5,0,0
ARH_PE,D,20200407,000000,2.7,3.2,2.5,3.2,0,0
ARH_PE,D,20200408,000000,3.2,3.2,3.1,3.2,0,0
ARH_PE,D,20200409,000000,3.2,3.2,3.2,3.2,0,0
ARH_PE,D,20200414,000000,3.2,3.4,3.1,3.3,0,0
ARH_PE,D,20200415,000000,3.4,3.5,3.3,3.4,0,0
ARH_PE,D,20200416,000000,3.5,3.5,3.5,3.5,0,0
ARH_PE,D,20200417,000000,3.5,3.6,3.5,3.5,0,0
ARH_PE,D,20200420,000000,3.5,3.6,3.5,3.6,0,0
ARH_PE,D,20200421,000000,3.7,3.7,3.4,3.5,0,0
ARH_PE,D,20200422,000000,3.5,3.5,3.5,3.5,0,0
ARH_PE,D,20200423,000000,3.5,3.5,3.4,3.5,0,0
ARH_PE,D,20200424,000000,3.4,3.4,3.4,3.4,0,0
ARH_PE,D,20200427,000000,3.4,3.4,3.3,3.4,0,0
ARH_PE,D,20200428,000000,3.3,3.4,3.3,3.4,0,0
ARH_PE,D,20200429,000000,3.4,3.4,3.3,3.4,0,0
ARH_PE,D,20200430,000000,3.4,3.5,3.4,3.4,0,0
ARH_PE,D,20200504,000000,3.3,3.3,3.2,3.2,0,0
ARH_PE,D,20200505,000000,3.2,3.3,3.2,3.3,0,0
ARH_PE,D,20200506,000000,3.3,3.3,3.2,3.2,0,0
ARH_PE,D,20200507,000000,3.3,3.5,3.2,3.4,0,0
ARH_PE,D,20200508,000000,3.3,3.4,3.3,3.4,0,0
ARH_PE,D,20200511,000000,3.4,3.5,3.4,3.4,0,0
ARH_PE,D,20200512,000000,3.4,4,3.4,3.7,0,0
ARH_PE,D,20200513,000000,3.9,3.9,3.7,3.8,0,0
ARH_PE,D,20200514,000000,3.8,3.8,3.7,3.8,0,0
ARH_PE,D,20200515,000000,3.8,3.8,3.7,3.8,0,0
ARH_PE,D,20200518,000000,3.8,3.8,3.7,3.7,0,0
ARH_PE,D,20200519,000000,3.7,3.7,3.6,3.7,0,0
ARH_PE,D,20200520,000000,3.8,3.8,3.6,3.6,0,0
ARH_PE,D,20200521,000000,3.6,3.8,3.6,3.8,0,0
ARH_PE,D,20200522,000000,3.8,3.9,3.8,3.9,0,0
ARH_PE,D,20200525,000000,3.9,4,3.9,3.9,0,0
ARH_PE,D,20200526,000000,3.9,4.1,3.8,4,0,0
ARH_PE,D,20200527,000000,4,4.1,4,4,0,0
ARH_PE,D,20200528,000000,4.1,4.2,4.1,4.1,0,0
ARH_PE,D,20200529,000000,4.2,4.2,3.3,3.3,0,0
ARH_PE,D,20200601,000000,3.3,3.5,3.3,3.5,0,0
ARH_PE,D,20200602,000000,3.2,3.6,3.2,3.6,0,0
ARH_PE,D,20200603,000000,3.6,3.8,3.6,3.8,0,0
ARH_PE,D,20200604,000000,3.8,4,3.8,3.8,0,0
ARH_PE,D,20200605,000000,3.8,3.9,3.7,3.9,0,0
ARH_PE,D,20200608,000000,3.9,3.9,3.8,3.8,0,0
ARH_PE,D,20200609,000000,3.7,3.8,3.6,3.8,0,0
ARH_PE,D,20200610,000000,3.7,3.7,3.5,3.6,0,0
ARH_PE,D,20200612,000000,3.5,3.5,3.4,3.5,0,0
ARH_PE,D,20200615,000000,3.5,3.5,3.4,3.5,0,0
ARH_PE,D,20200616,000000,3.5,3.7,3.5,3.7,0,0
ARH_PE,D,20200617,000000,3.7,3.7,3.7,3.7,0,0
ARH_PE,D,20200618,000000,3.7,3.7,3.6,3.7,0,0
ARH_PE,D,20200619,000000,3.6,3.7,3.5,3.6,0,0
ARH_PE,D,20200622,000000,3.6,3.8,3.5,3.8,0,0
ARH_PE,D,20200623,000000,3.7,3.8,3.7,3.7,0,0
ARH_PE,D,20200624,000000,3.8,3.9,3.7,3.8,0,0
ARH_PE,D,20200625,000000,3.8,3.8,3.7,3.7,0,0
ARH_PE,D,20200626,000000,3.7,3.7,3.6,3.6,0,0
ARH_PE,D,20200629,000000,3.5,3.6,3.5,3.6,0,0
ARH_PE,D,20200630,000000,3.6,3.7,3.6,3.7,0,0
ARH_PE,D,20200701,000000,3.7,3.7,3.6,3.7,0,0
ARH_PE,D,20200702,000000,3.6,3.7,3.6,3.6,0,0
ARH_PE,D,20200703,000000,3.5,3.6,3.5,3.6,0,0
ARH_PE,D,20200706,000000,3.6,3.6,3.5,3.6,0,0
ARH_PE,D,20200707,000000,3.6,3.6,3.6,3.6,0,0
ARH_PE,D,20200708,000000,3.6,3.6,3.5,3.6,0,0
ARH_PE,D,20200709,000000,3.5,3.8,3.5,3.8,0,0
ARH_PE,D,20200710,000000,3.8,3.8,3.7,3.7,0,0
ARH_PE,D,20200713,000000,3.5,3.7,3.5,3.6,0,0
ARH_PE,D,20200714,000000,3.5,3.6,3.5,3.6,0,0
ARH_PE,D,20200715,000000,3.6,3.6,3.5,3.6,0,0
ARH_PE,D,20200716,000000,3.6,3.6,3.5,3.5,0,0
ARH_PE,D,20200717,000000,3.5,3.5,3.4,3.5,0,0
ARH_PE,D,20200720,000000,3.5,3.9,3.3,3.9,0,0
ARH_PE,D,20200721,000000,3.9,4,3.8,4,0,0
ARH_PE,D,20200722,000000,4,4,3.9,3.9,0,0
ARH_PE,D,20200723,000000,4,4,3.9,3.9,0,0
ARH_PE,D,20200724,000000,3.9,3.9,3.8,3.9,0,0
ARH_PE,D,20200727,000000,3.9,4,3.8,3.8,0,0
ARH_PE,D,20200728,000000,3.8,3.9,3.6,3.8,0,0
ARH_PE,D,20200729,000000,3.8,3.8,3.5,3.7,0,0
ARH_PE,D,20200730,000000,3.6,3.6,3.4,3.6,0,0
ARH_PE,D,20200731,000000,3.5,3.8,3.4,3.8,0,0
ARH_PE,D,20200803,000000,3.8,3.9,3.8,3.8,0,0
ARH_PE,D,20200804,000000,3.8,3.9,3.8,3.9,0,0
ARH_PE,D,20200805,000000,4,4,4,4,0,0
ARH_PE,D,20200806,000000,4,4.2,3.9,4.1,0,0
ARH_PE,D,20200807,000000,4.1,4.1,4,4.1,0,0
ARH_PE,D,20200810,000000,4,4.2,4,4.1,0,0
ARH_PE,D,20200811,000000,4.1,4.1,4.1,4.1,0,0
ARH_PE,D,20200812,000000,4.1,4.1,4,4,0,0
ARH_PE,D,20200813,000000,4,4,3.9,3.9,0,0
ARH_PE,D,20200814,000000,3.9,3.9,3.9,3.9,0,0
ARH_PE,D,20200817,000000,3.9,4,3.9,3.9,0,0
ARH_PE,D,20200818,000000,3.9,3.9,3.9,3.9,0,0
ARH_PE,D,20200819,000000,3.9,3.9,3.9,3.9,0,0
ARH_PE,D,20200820,000000,3.9,4,3.9,3.9,0,0
ARH_PE,D,20200821,000000,3.9,3.9,3.9,3.9,0,0
