<TICKER>,<PER>,<DATE>,<TIME>,<OPEN>,<HIGH>,<LOW>,<CLOSE>,<VOL>,<OPENINT>
AST_PE,D,20070813,000000,17.3,17.3,17.3,17.3,0,0
AST_PE,D,20070814,000000,14.1,14.1,14.1,14.1,0,0
AST_PE,D,20070816,000000,13.7,13.7,13.7,13.7,0,0
AST_PE,D,20070817,000000,13.5,13.5,13.5,13.5,0,0
AST_PE,D,20070820,000000,13.8,13.8,13.8,13.8,0,0
AST_PE,D,20070821,000000,14.2,14.2,14.2,14.2,0,0
AST_PE,D,20070822,000000,14.9,14.9,14.9,14.9,0,0
AST_PE,D,20070823,000000,15.5,15.5,15.5,15.5,0,0
AST_PE,D,20070824,000000,15,15,15,15,0,0
AST_PE,D,20070827,000000,15.6,15.6,15.6,15.6,0,0
AST_PE,D,20070828,000000,15.4,15.4,15.4,15.4,0,0
AST_PE,D,20070829,000000,15.5,15.5,15.5,15.5,0,0
AST_PE,D,20071119,000000,12.3,12.3,12.3,12.3,0,0
AST_PE,D,20071120,000000,12.4,12.4,12,12.3,0,0
AST_PE,D,20071121,000000,11.7,11.7,10.5,11.3,0,0
AST_PE,D,20071122,000000,10.9,11.9,10.5,11.9,0,0
AST_PE,D,20071123,000000,11.9,12.2,11.1,11.4,0,0
AST_PE,D,20071126,000000,11.5,11.9,11,11,0,0
AST_PE,D,20071127,000000,10.8,11.4,10.5,10.9,0,0
AST_PE,D,20071128,000000,10.9,11.3,10.9,11.3,0,0
AST_PE,D,20071129,000000,11.5,11.9,11.3,11.9,0,0
AST_PE,D,20071130,000000,12,12.3,12,12.3,0,0
AST_PE,D,20071203,000000,12.5,12.5,12.2,12.3,0,0
AST_PE,D,20071204,000000,12.3,12.5,12.2,12.2,0,0
AST_PE,D,20071205,000000,12.2,12.2,11.9,12.1,0,0
AST_PE,D,20071206,000000,12.1,12.6,12.1,12.4,0,0
AST_PE,D,20071207,000000,12.2,12.2,11.7,11.7,0,0
AST_PE,D,20071210,000000,11.8,11.8,11.5,11.8,0,0
AST_PE,D,20071211,000000,11.8,12.3,11.5,12.3,0,0
AST_PE,D,20071212,000000,11.5,13.4,11.5,13.4,0,0
AST_PE,D,20071213,000000,13.5,13.9,13.4,13.5,0,0
AST_PE,D,20071214,000000,13.5,14.1,13.4,14,0,0
AST_PE,D,20071217,000000,13.5,14.7,12.8,13.4,0,0
AST_PE,D,20071218,000000,13.3,14.6,13,14.4,0,0
AST_PE,D,20071219,000000,14.6,16.3,14.6,15.7,0,0
AST_PE,D,20071220,000000,15.9,15.9,15.2,15.9,0,0
AST_PE,D,20071221,000000,15.9,16.9,15.9,16.9,0,0
AST_PE,D,20071227,000000,17.1,17.6,16,16.8,0,0
AST_PE,D,20071228,000000,17.4,17.4,16,17.1,0,0
AST_PE,D,20080102,000000,16.7,17.1,16.3,16.3,0,0
AST_PE,D,20080103,000000,16.1,16.5,15.4,16.4,0,0
AST_PE,D,20080104,000000,16.8,16.8,16,16.4,0,0
AST_PE,D,20080107,000000,16,16.3,15.7,15.8,0,0
AST_PE,D,20080108,000000,15.9,16.5,15.9,16.4,0,0
AST_PE,D,20080109,000000,16,16,15.5,16,0,0
AST_PE,D,20080110,000000,15.4,16,15.4,15.5,0,0
AST_PE,D,20080111,000000,15.5,15.6,14.9,15.6,0,0
AST_PE,D,20080114,000000,15.6,15.6,15.6,15.6,0,0
AST_PE,D,20080115,000000,16.1,17.8,16.1,16.1,0,0
AST_PE,D,20080116,000000,16.1,17.6,16.1,17.1,0,0
AST_PE,D,20080117,000000,17.6,18.7,16.6,16.6,0,0
AST_PE,D,20080118,000000,16.6,17.1,15.6,15.9,0,0
AST_PE,D,20080121,000000,15,15.4,14.9,15.3,0,0
AST_PE,D,20080122,000000,15.3,16.4,14.5,15.2,0,0
AST_PE,D,20080123,000000,15.2,16.2,14.7,14.9,0,0
AST_PE,D,20080124,000000,15.1,15.4,14.9,15.4,0,0
AST_PE,D,20080125,000000,15.7,16.1,15.7,16.1,0,0
AST_PE,D,20080128,000000,15.5,16.1,15.5,15.9,0,0
AST_PE,D,20080129,000000,15.9,18,15.9,17.7,0,0
AST_PE,D,20080130,000000,17.7,18.3,17,18.3,0,0
AST_PE,D,20080131,000000,18.6,18.9,17.7,17.7,0,0
AST_PE,D,20080201,000000,18.4,18.4,17,17.6,0,0
AST_PE,D,20080204,000000,18.2,18.2,17.1,17.8,0,0
AST_PE,D,20080205,000000,17,17.7,17,17,0,0
AST_PE,D,20080206,000000,16.8,17.6,16.8,17.4,0,0
AST_PE,D,20080207,000000,17.7,18.1,16.2,16.3,0,0
AST_PE,D,20080208,000000,16.2,16.5,16,16.5,0,0
AST_PE,D,20080211,000000,16.5,17.3,16.5,17.2,0,0
AST_PE,D,20080212,000000,16.8,17.2,16.8,17.2,0,0
AST_PE,D,20080213,000000,17.8,17.8,17.2,17.4,0,0
AST_PE,D,20080214,000000,18,18.1,17.4,17.6,0,0
AST_PE,D,20080215,000000,17.9,17.9,17.4,17.4,0,0
AST_PE,D,20080218,000000,17.7,17.7,16.7,17.4,0,0
AST_PE,D,20080219,000000,17.4,17.5,16.9,16.9,0,0
AST_PE,D,20080220,000000,17.1,17.3,16.9,17.2,0,0
AST_PE,D,20080221,000000,17.7,18,17.2,17.7,0,0
AST_PE,D,20080222,000000,17.7,18.5,17.7,18.3,0,0
AST_PE,D,20080225,000000,18.5,20.2,18.5,19.1,0,0
AST_PE,D,20080226,000000,19.1,19.4,18.7,19.3,0,0
AST_PE,D,20080227,000000,19.3,19.5,19,19.3,0,0
AST_PE,D,20080228,000000,19.3,19.6,12.4,12.4,0,0
AST_PE,D,20080229,000000,12.4,12.6,11.5,11.8,0,0
AST_PE,D,20080303,000000,11.7,11.7,11.1,11.4,0,0
AST_PE,D,20080304,000000,11.4,12.1,11.4,11.8,0,0
AST_PE,D,20080305,000000,12.3,13.4,12.3,13.3,0,0
AST_PE,D,20080306,000000,13,13.1,12.9,13,0,0
AST_PE,D,20080307,000000,13,13.1,12.8,12.9,0,0
AST_PE,D,20080310,000000,12.9,14,12.9,14,0,0
AST_PE,D,20080311,000000,14,14.7,14,14.5,0,0
AST_PE,D,20080312,000000,14.7,14.8,14.3,14.4,0,0
AST_PE,D,20080313,000000,14.4,14.4,13.4,14.1,0,0
AST_PE,D,20080314,000000,14.2,15.3,14.1,15,0,0
AST_PE,D,20080317,000000,14.7,14.8,14.2,14.7,0,0
AST_PE,D,20080318,000000,15.4,15.4,13.3,14.1,0,0
AST_PE,D,20080319,000000,14.2,14.2,13.6,13.9,0,0
AST_PE,D,20080320,000000,13.4,13.4,12.6,12.8,0,0
AST_PE,D,20080325,000000,12.8,13.2,12.8,13.2,0,0
AST_PE,D,20080326,000000,13.5,13.8,13.2,13.2,0,0
AST_PE,D,20080327,000000,13.3,14.4,13.2,14.4,0,0
AST_PE,D,20080328,000000,14.4,14.4,14,14.1,0,0
AST_PE,D,20080331,000000,14.2,14.2,14.2,14.2,0,0
AST_PE,D,20080401,000000,14.2,14.2,13.7,13.7,0,0
AST_PE,D,20080402,000000,13.8,13.8,13.3,13.3,0,0
AST_PE,D,20080403,000000,13.3,13.7,13.3,13.4,0,0
AST_PE,D,20080404,000000,13.7,13.7,13.2,13.4,0,0
AST_PE,D,20080407,000000,13.1,13.7,13.1,13.7,0,0
AST_PE,D,20080408,000000,13.8,14.6,13.7,14.5,0,0
AST_PE,D,20080409,000000,14.5,14.9,14.5,14.5,0,0
AST_PE,D,20080410,000000,14.4,14.5,13.7,13.7,0,0
AST_PE,D,20080411,000000,14,14.2,13.6,13.9,0,0
AST_PE,D,20080414,000000,13.9,14.4,13.9,14.2,0,0
AST_PE,D,20080415,000000,14.6,14.7,14.4,14.5,0,0
AST_PE,D,20080416,000000,14.5,14.5,14,14.4,0,0
AST_PE,D,20080417,000000,14.1,14.5,14,14.5,0,0
AST_PE,D,20080418,000000,14.6,14.6,14.1,14.3,0,0
AST_PE,D,20080421,000000,14,14.5,14,14.5,0,0
AST_PE,D,20080422,000000,14.5,14.5,13.2,13.9,0,0
AST_PE,D,20080423,000000,14.3,14.3,13.6,13.6,0,0
AST_PE,D,20080424,000000,13.6,14.1,13.6,14.1,0,0
AST_PE,D,20080425,000000,14.1,14.4,14.1,14.4,0,0
AST_PE,D,20080428,000000,14.6,15.3,14.4,15.3,0,0
AST_PE,D,20080429,000000,15.5,15.9,15.4,15.6,0,0
AST_PE,D,20080430,000000,15.6,15.6,15.3,15.4,0,0
AST_PE,D,20080505,000000,16.3,16.3,16,16.1,0,0
AST_PE,D,20080506,000000,16.4,16.4,15.7,15.7,0,0
AST_PE,D,20080507,000000,16.2,16.2,15.4,15.4,0,0
AST_PE,D,20080508,000000,15.8,15.8,15.2,15.2,0,0
AST_PE,D,20080509,000000,15.3,15.8,15.2,15.8,0,0
AST_PE,D,20080512,000000,15.9,16.6,15.9,16,0,0
AST_PE,D,20080513,000000,16.3,16.3,16.1,16.1,0,0
AST_PE,D,20080514,000000,16.3,16.3,16,16.3,0,0
AST_PE,D,20080515,000000,16.2,16.3,15.9,16.3,0,0
AST_PE,D,20080516,000000,16.3,16.3,15.7,15.7,0,0
AST_PE,D,20080519,000000,15.7,16,14.9,14.9,0,0
AST_PE,D,20080520,000000,14.9,14.9,14.6,14.8,0,0
AST_PE,D,20080521,000000,14.6,14.6,14.4,14.5,0,0
AST_PE,D,20080523,000000,14.6,14.6,13.8,14.1,0,0
AST_PE,D,20080526,000000,14.1,14.2,14.1,14.2,0,0
AST_PE,D,20080527,000000,14.2,14.6,14.2,14.5,0,0
AST_PE,D,20080528,000000,14.9,14.9,14.5,14.8,0,0
AST_PE,D,20080529,000000,14.8,14.8,14.6,14.8,0,0
AST_PE,D,20080530,000000,14.7,14.7,14.5,14.6,0,0
AST_PE,D,20080602,000000,14.3,14.6,14.3,14.5,0,0
AST_PE,D,20080603,000000,14.4,14.6,14.4,14.5,0,0
AST_PE,D,20080604,000000,14.3,14.5,14.3,14.4,0,0
AST_PE,D,20080605,000000,14.3,14.4,14.3,14.4,0,0
AST_PE,D,20080606,000000,14.4,14.7,14.4,14.7,0,0
AST_PE,D,20080609,000000,14.3,14.7,14.3,14.5,0,0
AST_PE,D,20080610,000000,14.5,14.5,13.7,13.9,0,0
AST_PE,D,20080611,000000,13.8,13.8,12.8,13.2,0,0
AST_PE,D,20080612,000000,13.2,13.8,12.8,13.8,0,0
AST_PE,D,20080613,000000,13.8,13.8,13.6,13.6,0,0
AST_PE,D,20080616,000000,13.9,14.5,13.8,13.9,0,0
AST_PE,D,20080617,000000,13.9,14.4,13.9,13.9,0,0
AST_PE,D,20080618,000000,14.1,14.1,13.9,13.9,0,0
AST_PE,D,20080619,000000,13.9,14.2,13.2,13.9,0,0
AST_PE,D,20080620,000000,14.2,14.2,13.9,13.9,0,0
AST_PE,D,20080623,000000,13.9,13.9,13.3,13.3,0,0
AST_PE,D,20080624,000000,13.2,13.2,11.8,11.8,0,0
AST_PE,D,20080625,000000,11.8,12.3,11.5,12.3,0,0
AST_PE,D,20080626,000000,12.1,12.1,11.1,11.1,0,0
AST_PE,D,20080627,000000,11.4,11.4,11.2,11.4,0,0
AST_PE,D,20080630,000000,11.8,11.8,11,11.4,0,0
AST_PE,D,20080701,000000,11.8,11.8,10.9,10.9,0,0
AST_PE,D,20080702,000000,11.3,11.3,10.9,11,0,0
AST_PE,D,20080703,000000,11.3,11.6,11.3,11.6,0,0
AST_PE,D,20080704,000000,11.7,12,11.2,11.2,0,0
AST_PE,D,20080707,000000,11.4,11.4,10.4,11,0,0
AST_PE,D,20080708,000000,11,11,10.7,10.7,0,0
AST_PE,D,20080709,000000,11.6,11.6,11,11.2,0,0
AST_PE,D,20080710,000000,11.7,11.7,11.1,11.3,0,0
AST_PE,D,20080711,000000,11.6,11.6,10.9,11,0,0
AST_PE,D,20080714,000000,11.6,11.6,10.9,11.3,0,0
AST_PE,D,20080715,000000,11.6,11.6,11,11.3,0,0
AST_PE,D,20080716,000000,11.5,11.5,10.9,10.9,0,0
AST_PE,D,20080717,000000,10.9,11.3,10.9,11.3,0,0
AST_PE,D,20080718,000000,10.9,11,10.1,10.3,0,0
AST_PE,D,20080721,000000,9.5,9.6,9.2,9.6,0,0
AST_PE,D,20080722,000000,8.7,9.5,8.7,9.2,0,0
AST_PE,D,20080723,000000,9.2,10,9.2,10,0,0
AST_PE,D,20080724,000000,10,10,9.9,9.9,0,0
AST_PE,D,20080725,000000,9.8,10,9.3,10,0,0
AST_PE,D,20080728,000000,10.4,10.4,10,10.1,0,0
AST_PE,D,20080729,000000,10.1,10.5,10,10.1,0,0
AST_PE,D,20080730,000000,10.6,10.7,10,10.7,0,0
AST_PE,D,20080731,000000,10.7,10.7,10.1,10.6,0,0
AST_PE,D,20080801,000000,10.3,10.6,10.3,10.4,0,0
AST_PE,D,20080804,000000,10.1,10.4,10.1,10.4,0,0
AST_PE,D,20080805,000000,10.2,10.6,10.2,10.6,0,0
AST_PE,D,20080806,000000,10.5,10.6,10.4,10.4,0,0
AST_PE,D,20080807,000000,10.2,10.2,9.6,10.1,0,0
AST_PE,D,20080808,000000,9.9,10.4,9.7,10.4,0,0
AST_PE,D,20080811,000000,10.7,10.7,10.1,10.4,0,0
AST_PE,D,20080812,000000,10.4,11.2,10.4,11,0,0
AST_PE,D,20080813,000000,11.1,11.1,10.8,11.1,0,0
AST_PE,D,20080814,000000,11.1,11.1,10.8,11.1,0,0
AST_PE,D,20080818,000000,10.5,11.3,8.4,8.4,0,0
AST_PE,D,20080819,000000,8,8.4,7.3,7.3,0,0
AST_PE,D,20080820,000000,7.6,7.6,7.5,7.6,0,0
AST_PE,D,20080821,000000,7.6,7.6,7.3,7.5,0,0
AST_PE,D,20080822,000000,7.5,7.6,7.3,7.5,0,0
AST_PE,D,20080825,000000,7.9,7.9,7.5,7.5,0,0
AST_PE,D,20080826,000000,7.5,7.9,7.5,7.9,0,0
AST_PE,D,20080827,000000,7.8,7.8,7.8,7.8,0,0
AST_PE,D,20080828,000000,8,8,7.7,7.9,0,0
AST_PE,D,20080829,000000,8,8.2,7.8,8.1,0,0
AST_PE,D,20080901,000000,8.2,8.2,8.2,8.2,0,0
AST_PE,D,20080902,000000,7.9,8.2,7.8,8.2,0,0
AST_PE,D,20080903,000000,8.2,8.2,8,8.2,0,0
AST_PE,D,20080904,000000,8.2,8.2,8.2,8.2,0,0
AST_PE,D,20080905,000000,8.2,8.2,8,8,0,0
AST_PE,D,20080908,000000,8,8,7.4,7.6,0,0
AST_PE,D,20080909,000000,7.6,7.6,7.5,7.5,0,0
AST_PE,D,20080910,000000,7.4,7.4,7,7.3,0,0
AST_PE,D,20080911,000000,7.4,7.4,7.3,7.3,0,0
AST_PE,D,20080912,000000,7.3,7.3,7.1,7.1,0,0
AST_PE,D,20080915,000000,7.1,7.1,6.1,6.1,0,0
AST_PE,D,20080916,000000,6.1,6.1,5.6,5.7,0,0
AST_PE,D,20080917,000000,6.1,6.1,5.5,6.1,0,0
AST_PE,D,20080918,000000,5.6,6.1,5.5,5.9,0,0
AST_PE,D,20080919,000000,6.1,6.4,5.9,6.1,0,0
AST_PE,D,20080922,000000,6.5,6.5,6.1,6.4,0,0
AST_PE,D,20080923,000000,6.1,6.3,5.9,6,0,0
AST_PE,D,20080924,000000,6.3,6.3,6,6,0,0
AST_PE,D,20080925,000000,6.3,6.4,6.2,6.4,0,0
AST_PE,D,20080926,000000,6.5,6.5,6.2,6.3,0,0
AST_PE,D,20080929,000000,6.1,6.1,6,6,0,0
AST_PE,D,20080930,000000,6,6.4,5.8,6.4,0,0
AST_PE,D,20081001,000000,6.4,6.4,6.4,6.4,0,0
AST_PE,D,20081002,000000,6.4,6.5,6.3,6.5,0,0
AST_PE,D,20081003,000000,6.5,6.5,6,6,0,0
AST_PE,D,20081006,000000,5.2,5.7,5.2,5.6,0,0
AST_PE,D,20081007,000000,5.6,5.6,4.6,4.6,0,0
AST_PE,D,20081008,000000,4.3,4.6,4.2,4.3,0,0
AST_PE,D,20081009,000000,4.3,4.6,4.2,4.6,0,0
AST_PE,D,20081010,000000,4.5,5.3,4.2,4.3,0,0
AST_PE,D,20081013,000000,4.4,4.6,4.3,4.6,0,0
AST_PE,D,20081014,000000,5.1,5.1,4.7,5,0,0
AST_PE,D,20081015,000000,5,5,4.6,4.6,0,0
AST_PE,D,20081016,000000,4.3,4.4,4.3,4.3,0,0
AST_PE,D,20081017,000000,4.3,4.4,4.1,4.2,0,0
AST_PE,D,20081020,000000,4.5,4.5,4.3,4.3,0,0
AST_PE,D,20081021,000000,4.3,4.4,4.2,4.3,0,0
AST_PE,D,20081022,000000,4.1,4.2,4.1,4.1,0,0
AST_PE,D,20081023,000000,4.2,4.2,3.7,4,0,0
AST_PE,D,20081024,000000,3.9,3.9,3.6,3.6,0,0
AST_PE,D,20081027,000000,3.5,3.5,2.9,3.1,0,0
AST_PE,D,20081028,000000,2.9,3.3,2.9,3.1,0,0
AST_PE,D,20081029,000000,3.2,3.3,3.2,3.2,0,0
AST_PE,D,20081030,000000,3.3,3.4,3.2,3.4,0,0
AST_PE,D,20081031,000000,3.4,4,3.4,3.9,0,0
AST_PE,D,20081103,000000,4.1,4.1,3.9,3.9,0,0
AST_PE,D,20081104,000000,3.9,4.4,3.9,4.3,0,0
AST_PE,D,20081105,000000,4.3,4.3,3.9,4,0,0
AST_PE,D,20081106,000000,3.9,4,3.5,3.5,0,0
AST_PE,D,20081107,000000,3.5,3.7,3.5,3.6,0,0
AST_PE,D,20081110,000000,3.8,3.8,3.6,3.8,0,0
AST_PE,D,20081112,000000,3.8,3.8,3.4,3.4,0,0
AST_PE,D,20081113,000000,3.4,3.6,3.4,3.4,0,0
AST_PE,D,20081114,000000,3.4,3.4,2.8,3,0,0
AST_PE,D,20081117,000000,3,4,3,4,0,0
AST_PE,D,20081118,000000,3.8,3.8,3.8,3.8,0,0
AST_PE,D,20081119,000000,3.7,3.9,3.7,3.9,0,0
AST_PE,D,20081120,000000,3.7,4.1,3.7,3.9,0,0
AST_PE,D,20081121,000000,4,4.2,3.9,4.2,0,0
AST_PE,D,20081124,000000,4.2,4.2,3.9,4.2,0,0
AST_PE,D,20081125,000000,4.3,4.4,4.1,4.3,0,0
AST_PE,D,20081126,000000,4.1,4.4,4.1,4.3,0,0
AST_PE,D,20081127,000000,4.3,4.7,4.3,4.6,0,0
AST_PE,D,20081128,000000,4.6,4.6,4.6,4.6,0,0
AST_PE,D,20081201,000000,4.7,4.7,4.4,4.4,0,0
AST_PE,D,20081202,000000,4.4,4.4,4.3,4.3,0,0
AST_PE,D,20081203,000000,4.3,4.3,4,4.2,0,0
AST_PE,D,20081204,000000,4.2,4.5,4.2,4.5,0,0
AST_PE,D,20081205,000000,4.1,4.4,4.1,4.1,0,0
AST_PE,D,20081208,000000,4.1,4.5,4.1,4.5,0,0
AST_PE,D,20081209,000000,4.4,4.4,4.3,4.3,0,0
AST_PE,D,20081210,000000,4.1,4.4,4.1,4.4,0,0
AST_PE,D,20081211,000000,4.4,4.4,4.4,4.4,0,0
AST_PE,D,20081215,000000,4.4,4.4,4.1,4.1,0,0
AST_PE,D,20081216,000000,4.1,4.3,4.1,4.1,0,0
AST_PE,D,20081217,000000,4.2,4.2,4.1,4.1,0,0
AST_PE,D,20081218,000000,4.1,4.2,4.1,4.2,0,0
AST_PE,D,20081219,000000,4.2,4.4,4.2,4.2,0,0
AST_PE,D,20081222,000000,4.2,4.2,4,4,0,0
AST_PE,D,20081223,000000,4,4,3.6,3.8,0,0
AST_PE,D,20081229,000000,3.5,3.8,3.5,3.7,0,0
AST_PE,D,20081230,000000,3.6,3.6,3.6,3.6,0,0
AST_PE,D,20081231,000000,3.9,3.9,3.5,3.6,0,0
AST_PE,D,20090105,000000,3.6,3.6,3.6,3.6,0,0
AST_PE,D,20090106,000000,3.8,3.8,3.6,3.7,0,0
AST_PE,D,20090107,000000,3.7,3.7,3.6,3.6,0,0
AST_PE,D,20090108,000000,3.6,3.6,3.5,3.5,0,0
AST_PE,D,20090109,000000,3.5,3.5,3.4,3.5,0,0
AST_PE,D,20090112,000000,3.5,3.5,3.4,3.5,0,0
AST_PE,D,20090113,000000,3.5,3.5,3.2,3.4,0,0
AST_PE,D,20090114,000000,3.4,3.4,3.2,3.3,0,0
AST_PE,D,20090115,000000,3,3.3,3,3.3,0,0
AST_PE,D,20090116,000000,3.2,3.2,3.2,3.2,0,0
AST_PE,D,20090119,000000,3.2,3.2,3.1,3.1,0,0
AST_PE,D,20090120,000000,3,3,2.9,2.9,0,0
AST_PE,D,20090121,000000,3,3,2.9,2.9,0,0
AST_PE,D,20090122,000000,3,3,2.8,2.8,0,0
AST_PE,D,20090123,000000,2.7,2.7,2.7,2.7,0,0
AST_PE,D,20090126,000000,2.7,2.7,2.6,2.7,0,0
AST_PE,D,20090127,000000,2.7,2.7,2.7,2.7,0,0
AST_PE,D,20090128,000000,2.7,2.7,2.6,2.6,0,0
AST_PE,D,20090129,000000,2.6,2.7,2.6,2.7,0,0
AST_PE,D,20090130,000000,2.7,2.7,2.6,2.7,0,0
AST_PE,D,20090202,000000,2.7,2.7,2.7,2.7,0,0
AST_PE,D,20090203,000000,2.7,2.7,2.6,2.7,0,0
AST_PE,D,20090204,000000,2.7,2.7,2.6,2.6,0,0
AST_PE,D,20090205,000000,2.6,2.6,2.5,2.6,0,0
AST_PE,D,20090206,000000,2.6,2.6,2.6,2.6,0,0
AST_PE,D,20090209,000000,2.6,2.6,2.6,2.6,0,0
AST_PE,D,20090210,000000,2.6,2.6,2.6,2.6,0,0
AST_PE,D,20090211,000000,2.6,2.7,2.6,2.6,0,0
AST_PE,D,20090212,000000,2.7,3.2,2.7,3.2,0,0
AST_PE,D,20090213,000000,3.3,3.4,3,3.1,0,0
AST_PE,D,20090216,000000,3.3,3.3,2.9,3,0,0
AST_PE,D,20090217,000000,3,3,2.8,2.8,0,0
AST_PE,D,20090218,000000,2.7,2.8,2.7,2.7,0,0
AST_PE,D,20090219,000000,2.8,3,2.7,2.7,0,0
AST_PE,D,20090220,000000,2.7,2.8,2.7,2.8,0,0
AST_PE,D,20090223,000000,2.8,3.2,2.8,3,0,0
AST_PE,D,20090224,000000,3,3.1,2.9,3,0,0
AST_PE,D,20090225,000000,3,3,3,3,0,0
AST_PE,D,20090226,000000,3,3.1,3,3,0,0
AST_PE,D,20090227,000000,3,3,2.9,3,0,0
AST_PE,D,20090302,000000,3,3,3,3,0,0
AST_PE,D,20090303,000000,3,3,3,3,0,0
AST_PE,D,20090304,000000,3,3,3,3,0,0
AST_PE,D,20090305,000000,3,3.1,3,3,0,0
AST_PE,D,20090306,000000,2.9,2.9,2.9,2.9,0,0
AST_PE,D,20090309,000000,3,3.1,2.9,2.9,0,0
AST_PE,D,20090310,000000,2.8,2.9,2.7,2.7,0,0
AST_PE,D,20090311,000000,2.7,2.8,2.7,2.8,0,0
AST_PE,D,20090312,000000,2.7,2.8,2.7,2.8,0,0
AST_PE,D,20090313,000000,2.8,2.9,2.8,2.9,0,0
AST_PE,D,20090316,000000,2.8,2.9,2.8,2.9,0,0
AST_PE,D,20090317,000000,2.9,3.2,2.8,3.1,0,0
AST_PE,D,20090318,000000,3.1,3.2,3.1,3.1,0,0
AST_PE,D,20090319,000000,3.1,3.1,3.1,3.1,0,0
AST_PE,D,20090320,000000,3,3.1,3,3.1,0,0
AST_PE,D,20090323,000000,3,3.3,3,3.3,0,0
AST_PE,D,20090324,000000,3.4,3.6,3.4,3.5,0,0
AST_PE,D,20090325,000000,3.5,3.5,3.4,3.5,0,0
AST_PE,D,20090326,000000,3.5,3.8,3.5,3.7,0,0
AST_PE,D,20090327,000000,3.6,3.9,3.6,3.6,0,0
AST_PE,D,20090330,000000,3.9,3.9,3.5,3.6,0,0
AST_PE,D,20090331,000000,3.6,3.8,3.5,3.5,0,0
AST_PE,D,20090401,000000,3.5,3.7,3.5,3.5,0,0
AST_PE,D,20090402,000000,3.8,3.8,3.8,3.8,0,0
AST_PE,D,20090403,000000,3.7,3.8,3.7,3.8,0,0
AST_PE,D,20090406,000000,3.8,3.9,3.8,3.9,0,0
AST_PE,D,20090407,000000,3.9,4,3.9,3.9,0,0
AST_PE,D,20090408,000000,3.9,4.1,3.9,4.1,0,0
AST_PE,D,20090409,000000,4.2,4.2,4.1,4.2,0,0
AST_PE,D,20090414,000000,4.3,4.6,4.2,4.4,0,0
AST_PE,D,20090415,000000,4.6,4.6,4.3,4.3,0,0
AST_PE,D,20090416,000000,4.5,4.5,4.3,4.5,0,0
AST_PE,D,20090417,000000,4.6,4.6,4.3,4.3,0,0
AST_PE,D,20090420,000000,4.3,4.3,4,4,0,0
AST_PE,D,20090421,000000,4,4,3.8,3.9,0,0
AST_PE,D,20090422,000000,4.1,4.1,3.9,4.1,0,0
AST_PE,D,20090423,000000,4.1,4.2,4,4.1,0,0
AST_PE,D,20090427,000000,4.1,4.1,4,4,0,0
AST_PE,D,20090428,000000,3.9,4,3.9,4,0,0
AST_PE,D,20090429,000000,4,4.3,4,4.1,0,0
AST_PE,D,20090430,000000,4.4,4.4,4.2,4.2,0,0
AST_PE,D,20090504,000000,4.3,4.4,4.3,4.4,0,0
AST_PE,D,20090505,000000,4.2,4.3,4.2,4.3,0,0
AST_PE,D,20090506,000000,4.3,4.4,4.3,4.3,0,0
AST_PE,D,20090507,000000,4.3,5.3,4.3,5,0,0
AST_PE,D,20090508,000000,5.2,5.2,4.6,4.6,0,0
AST_PE,D,20090511,000000,4.6,5,4.6,5,0,0
AST_PE,D,20090512,000000,5.1,5.3,5,5.3,0,0
AST_PE,D,20090513,000000,5.4,6,5.1,5.2,0,0
AST_PE,D,20090514,000000,5.2,5.5,5.2,5.2,0,0
AST_PE,D,20090515,000000,5.3,5.7,5.3,5.5,0,0
AST_PE,D,20090518,000000,5.3,5.5,5.3,5.5,0,0
AST_PE,D,20090519,000000,5.8,5.8,5.3,5.3,0,0
AST_PE,D,20090520,000000,5.4,5.7,5.4,5.6,0,0
AST_PE,D,20090521,000000,5.6,5.6,5.4,5.6,0,0
AST_PE,D,20090522,000000,5.6,5.6,5.2,5.3,0,0
AST_PE,D,20090525,000000,5.2,5.5,5.2,5.4,0,0
AST_PE,D,20090526,000000,5.6,5.6,5.3,5.5,0,0
AST_PE,D,20090527,000000,5.6,5.6,5.5,5.5,0,0
AST_PE,D,20090528,000000,5.3,5.5,5.3,5.5,0,0
AST_PE,D,20090529,000000,5.6,5.7,5.5,5.6,0,0
AST_PE,D,20090601,000000,5.9,6,5.6,6,0,0
AST_PE,D,20090602,000000,6.3,6.3,6,6.2,0,0
AST_PE,D,20090603,000000,6.3,6.3,5.8,5.8,0,0
AST_PE,D,20090604,000000,5.9,6.2,5.8,5.9,0,0
AST_PE,D,20090605,000000,5.9,5.9,5.3,5.3,0,0
AST_PE,D,20090608,000000,5.3,5.5,5.3,5.4,0,0
AST_PE,D,20090609,000000,5.5,5.7,5.3,5.6,0,0
AST_PE,D,20090610,000000,5.6,5.9,5.6,5.9,0,0
AST_PE,D,20090612,000000,5.9,6.2,5.8,6.2,0,0
AST_PE,D,20090615,000000,6,6.1,6,6,0,0
AST_PE,D,20090616,000000,5.9,6,5.7,6,0,0
AST_PE,D,20100428,000000,12.2,12.2,12.2,12.2,0,0
AST_PE,D,20100429,000000,12.2,12.3,11.8,12.3,0,0
AST_PE,D,20100430,000000,12.3,12.6,12.2,12.6,0,0
AST_PE,D,20100504,000000,12.2,12.6,12.2,12.4,0,0
AST_PE,D,20100505,000000,12.2,12.2,11.9,12,0,0
AST_PE,D,20100506,000000,11.6,11.9,11.6,11.7,0,0
AST_PE,D,20100507,000000,11.4,11.8,11,11.6,0,0
AST_PE,D,20100510,000000,12,12.6,12,12.1,0,0
AST_PE,D,20100511,000000,12.5,12.5,11.5,11.5,0,0
AST_PE,D,20100512,000000,11.4,11.8,11.4,11.6,0,0
AST_PE,D,20100513,000000,12,12,11.8,11.8,0,0
AST_PE,D,20100514,000000,12.2,12.2,11.9,12.2,0,0
AST_PE,D,20100517,000000,12.2,12.2,8.1,8.1,0,0
AST_PE,D,20100518,000000,8.1,8.2,8.1,8.2,0,0
AST_PE,D,20100519,000000,8.2,8.2,8,8,0,0
AST_PE,D,20100520,000000,8.1,8.2,8,8,0,0
AST_PE,D,20100521,000000,7.6,8,7.6,8,0,0
AST_PE,D,20100524,000000,7.9,8,7.8,8,0,0
AST_PE,D,20100525,000000,8,8.1,7.8,8,0,0
AST_PE,D,20100526,000000,8.2,8.2,8,8,0,0
AST_PE,D,20100527,000000,8.1,8.1,7.8,7.8,0,0
AST_PE,D,20100528,000000,8,8.1,8,8.1,0,0
AST_PE,D,20100531,000000,8.1,8.2,8.1,8.2,0,0
AST_PE,D,20100601,000000,8.3,8.3,8.2,8.2,0,0
AST_PE,D,20100602,000000,8.2,8.3,8.2,8.3,0,0
AST_PE,D,20100604,000000,8.3,8.3,8.3,8.3,0,0
AST_PE,D,20100607,000000,8.3,8.3,7.9,8.3,0,0
AST_PE,D,20100608,000000,8.3,8.3,8.3,8.3,0,0
AST_PE,D,20100609,000000,8.3,8.3,8.2,8.2,0,0
AST_PE,D,20100610,000000,8.1,8.3,8.1,8.3,0,0
AST_PE,D,20100611,000000,8.3,8.5,8.3,8.5,0,0
AST_PE,D,20100614,000000,8.7,8.7,8.6,8.6,0,0
AST_PE,D,20100615,000000,8.6,8.6,8.4,8.6,0,0
AST_PE,D,20100616,000000,8.6,8.6,8.5,8.5,0,0
AST_PE,D,20100617,000000,8.5,8.5,8.2,8.2,0,0
AST_PE,D,20100618,000000,8.2,8.3,8.1,8.2,0,0
AST_PE,D,20100621,000000,8.5,8.5,8.4,8.4,0,0
AST_PE,D,20100622,000000,8.4,8.4,8.3,8.3,0,0
AST_PE,D,20100623,000000,8.3,8.3,8.2,8.3,0,0
AST_PE,D,20100624,000000,8.2,8.3,8.2,8.3,0,0
AST_PE,D,20100625,000000,8.2,8.3,8.2,8.3,0,0
AST_PE,D,20100628,000000,8.2,8.2,8.2,8.2,0,0
AST_PE,D,20100629,000000,8.4,8.4,8.2,8.2,0,0
AST_PE,D,20100630,000000,8.1,8.3,8.1,8.2,0,0
AST_PE,D,20100701,000000,8.1,8.3,8.1,8.3,0,0
AST_PE,D,20100702,000000,8.1,8.2,8.1,8.2,0,0
AST_PE,D,20100705,000000,8.3,8.3,8.2,8.2,0,0
AST_PE,D,20100706,000000,8.2,8.4,8.2,8.4,0,0
AST_PE,D,20100707,000000,8.4,8.4,8.3,8.4,0,0
AST_PE,D,20100708,000000,8.4,8.5,8.4,8.4,0,0
AST_PE,D,20100709,000000,8.4,8.4,8.3,8.4,0,0
AST_PE,D,20100712,000000,8.4,8.4,8.4,8.4,0,0
AST_PE,D,20100713,000000,8.4,8.5,8.3,8.3,0,0
AST_PE,D,20100714,000000,8.3,8.4,8.2,8.4,0,0
AST_PE,D,20100715,000000,8.4,8.4,8.2,8.2,0,0
AST_PE,D,20100716,000000,8.2,8.2,8,8.2,0,0
AST_PE,D,20100719,000000,8.4,8.4,8.3,8.3,0,0
AST_PE,D,20100720,000000,8.2,8.3,8.2,8.3,0,0
AST_PE,D,20100721,000000,8.2,8.3,8.1,8.3,0,0
AST_PE,D,20100722,000000,8.4,8.4,8.2,8.3,0,0
AST_PE,D,20100723,000000,8.2,8.7,8.2,8.4,0,0
AST_PE,D,20100726,000000,8.4,8.5,8.4,8.5,0,0
AST_PE,D,20100727,000000,8.6,8.6,8.4,8.6,0,0
AST_PE,D,20100728,000000,8.7,8.7,8.4,8.7,0,0
AST_PE,D,20100729,000000,8.7,9.2,8.7,9,0,0
AST_PE,D,20100730,000000,9.1,9.1,8.8,8.9,0,0
AST_PE,D,20100802,000000,8.9,8.9,8.6,8.9,0,0
AST_PE,D,20100803,000000,8.9,9,8.8,8.8,0,0
AST_PE,D,20100804,000000,8.8,8.9,8.7,8.7,0,0
AST_PE,D,20100805,000000,8.7,8.8,8.7,8.8,0,0
AST_PE,D,20100806,000000,8.8,8.8,8.8,8.8,0,0
AST_PE,D,20100809,000000,8.8,9.1,8.8,8.9,0,0
AST_PE,D,20100810,000000,8.9,8.9,8.7,8.8,0,0
AST_PE,D,20100811,000000,8.8,8.9,8.7,8.8,0,0
AST_PE,D,20100812,000000,8.8,8.9,8.7,8.8,0,0
AST_PE,D,20100813,000000,8.8,9.1,8.8,9,0,0
AST_PE,D,20100816,000000,9,9,8.9,9,0,0
AST_PE,D,20100817,000000,8.7,9,8.7,9,0,0
AST_PE,D,20100818,000000,8.7,9.1,8.7,9,0,0
AST_PE,D,20100819,000000,9.1,9.4,9.1,9.3,0,0
AST_PE,D,20100820,000000,9.3,9.7,9.3,9.5,0,0
AST_PE,D,20100823,000000,9.6,9.6,9.5,9.6,0,0
AST_PE,D,20100824,000000,9.6,9.6,9.1,9.1,0,0
AST_PE,D,20100825,000000,8.9,9,8.9,9,0,0
AST_PE,D,20100826,000000,9.1,9.4,9.1,9.3,0,0
AST_PE,D,20100827,000000,9.5,9.6,9.5,9.6,0,0
AST_PE,D,20100830,000000,9.7,9.8,9.6,9.8,0,0
AST_PE,D,20100831,000000,9.8,9.8,9.6,9.7,0,0
AST_PE,D,20100901,000000,9.7,9.7,8,8,0,0
AST_PE,D,20100902,000000,8.1,8.3,7.9,8.3,0,0
AST_PE,D,20100903,000000,8.3,9,8.3,8.7,0,0
AST_PE,D,20100906,000000,9.1,9.8,9,9,0,0
AST_PE,D,20100907,000000,9,9.4,8.9,9.4,0,0
AST_PE,D,20100908,000000,9.7,10.3,9.6,10.2,0,0
AST_PE,D,20100909,000000,10.5,10.5,10,10.5,0,0
AST_PE,D,20100910,000000,10.6,10.8,10.3,10.5,0,0
AST_PE,D,20100913,000000,10.5,10.5,10.1,10.4,0,0
AST_PE,D,20100914,000000,10.4,10.4,9.9,9.9,0,0
AST_PE,D,20100915,000000,10.1,10.1,9.5,9.5,0,0
AST_PE,D,20100916,000000,9.6,10,9.6,9.8,0,0
AST_PE,D,20100917,000000,10,10,9.8,9.9,0,0
AST_PE,D,20100920,000000,9.9,9.9,9.7,9.8,0,0
AST_PE,D,20100921,000000,9.9,9.9,9.5,9.5,0,0
AST_PE,D,20100922,000000,9.5,9.5,8.9,9.1,0,0
AST_PE,D,20100923,000000,9.3,9.3,8.9,9,0,0
AST_PE,D,20100924,000000,9,9.4,9,9.3,0,0
AST_PE,D,20100927,000000,9.3,9.5,9.1,9.2,0,0
AST_PE,D,20100928,000000,8.9,9,8.9,9,0,0
AST_PE,D,20100929,000000,9.1,9.1,8.8,9,0,0
AST_PE,D,20100930,000000,9.1,9.1,8.8,8.9,0,0
AST_PE,D,20101001,000000,8.8,9,8.8,8.9,0,0
AST_PE,D,20101004,000000,9.1,9.1,8.7,8.9,0,0
AST_PE,D,20101005,000000,8.9,8.9,8.8,8.8,0,0
AST_PE,D,20101006,000000,8.8,8.9,8.8,8.9,0,0
AST_PE,D,20101007,000000,8.8,8.9,8.5,8.6,0,0
AST_PE,D,20101008,000000,8.7,8.7,8.3,8.4,0,0
AST_PE,D,20101011,000000,8.4,8.4,8.2,8.3,0,0
AST_PE,D,20101012,000000,8.3,8.7,8.3,8.7,0,0
AST_PE,D,20101013,000000,8.9,9.2,8.9,9,0,0
AST_PE,D,20101014,000000,9.4,9.4,8.8,9,0,0
AST_PE,D,20101015,000000,9,9,8.6,8.7,0,0
AST_PE,D,20101018,000000,8.7,8.8,8.4,8.4,0,0
AST_PE,D,20101019,000000,8.7,8.7,8.4,8.4,0,0
AST_PE,D,20101020,000000,8.5,8.5,8.3,8.5,0,0
AST_PE,D,20101021,000000,8.5,8.5,8.3,8.5,0,0
AST_PE,D,20101022,000000,8.6,8.6,8.5,8.5,0,0
AST_PE,D,20101025,000000,8.5,8.7,8.5,8.7,0,0
AST_PE,D,20101026,000000,8.7,8.9,8.6,8.8,0,0
AST_PE,D,20101027,000000,8.9,9.1,8.9,9,0,0
AST_PE,D,20101028,000000,9.1,9.1,9,9.1,0,0
AST_PE,D,20101029,000000,9.1,9.1,9.1,9.1,0,0
AST_PE,D,20101102,000000,9.1,9.4,9,9.1,0,0
AST_PE,D,20101103,000000,9.1,9.1,8.9,9.1,0,0
AST_PE,D,20101104,000000,9.1,9.3,9,9.2,0,0
AST_PE,D,20101105,000000,9.3,9.3,9.1,9.3,0,0
AST_PE,D,20101108,000000,9.4,9.4,9.1,9.3,0,0
AST_PE,D,20101109,000000,9.4,9.4,9.3,9.4,0,0
AST_PE,D,20101110,000000,9.4,9.4,9.4,9.4,0,0
AST_PE,D,20101112,000000,9.4,9.4,9.2,9.2,0,0
AST_PE,D,20101115,000000,9.5,9.7,9.4,9.4,0,0
AST_PE,D,20101116,000000,9.6,9.6,9.2,9.2,0,0
AST_PE,D,20101117,000000,9.3,9.3,9.1,9.1,0,0
AST_PE,D,20101118,000000,9.3,9.3,8.9,9.1,0,0
AST_PE,D,20101119,000000,9.2,9.3,8.8,8.8,0,0
AST_PE,D,20101122,000000,8.8,9,8.6,9,0,0
AST_PE,D,20101123,000000,9,9.3,8.8,9.2,0,0
AST_PE,D,20101124,000000,9.2,9.7,9.2,9.6,0,0
AST_PE,D,20101125,000000,9.6,9.8,9.6,9.8,0,0
AST_PE,D,20101126,000000,9.8,9.8,9.5,9.7,0,0
AST_PE,D,20101129,000000,9.7,9.7,9.4,9.4,0,0
AST_PE,D,20101130,000000,9.3,9.7,6.1,6.1,0,0
AST_PE,D,20101201,000000,6.1,6.2,6.1,6.2,0,0
AST_PE,D,20101202,000000,6.2,6.4,6.2,6.3,0,0
AST_PE,D,20101203,000000,6.3,6.3,6.2,6.3,0,0
AST_PE,D,20101206,000000,6.4,6.4,6.3,6.3,0,0
AST_PE,D,20101207,000000,6.2,6.2,6.1,6.2,0,0
AST_PE,D,20101208,000000,6.1,6.3,6.1,6.2,0,0
AST_PE,D,20101209,000000,6.2,6.3,6.2,6.3,0,0
AST_PE,D,20101210,000000,6.3,6.3,6,6,0,0
AST_PE,D,20101213,000000,6.1,6.1,5.9,6.1,0,0
AST_PE,D,20101214,000000,6.1,6.1,6,6.1,0,0
AST_PE,D,20101215,000000,6.1,6.3,5.9,6.3,0,0
AST_PE,D,20101216,000000,6.3,6.3,6.2,6.3,0,0
AST_PE,D,20101217,000000,6.3,6.3,6.2,6.2,0,0
AST_PE,D,20101220,000000,6.2,6.3,6.1,6.3,0,0
AST_PE,D,20101221,000000,6.3,6.6,6.3,6.4,0,0
AST_PE,D,20101222,000000,6.4,6.5,6.4,6.5,0,0
AST_PE,D,20101223,000000,6.5,6.7,6.5,6.7,0,0
AST_PE,D,20101227,000000,6.6,6.8,6.5,6.8,0,0
AST_PE,D,20101228,000000,6.7,6.9,6.7,6.8,0,0
AST_PE,D,20101229,000000,6.8,6.9,6.7,6.9,0,0
AST_PE,D,20101230,000000,6.9,6.9,6.9,6.9,0,0
AST_PE,D,20101231,000000,6.8,6.9,6.7,6.9,0,0
AST_PE,D,20110103,000000,6.9,6.9,6.8,6.8,0,0
AST_PE,D,20110104,000000,6.9,6.9,6.7,6.7,0,0
AST_PE,D,20110105,000000,6.7,6.7,6.5,6.5,0,0
AST_PE,D,20110107,000000,6.5,6.5,6.3,6.4,0,0
AST_PE,D,20110110,000000,6.4,6.6,6.4,6.6,0,0
AST_PE,D,20110111,000000,6.6,6.8,6.6,6.8,0,0
AST_PE,D,20110112,000000,6.8,6.9,6.7,6.9,0,0
AST_PE,D,20110113,000000,6.9,7.1,6.9,7.1,0,0
AST_PE,D,20110114,000000,7.1,7.5,7.1,7.4,0,0
AST_PE,D,20110117,000000,7.5,7.6,7.5,7.5,0,0
AST_PE,D,20110118,000000,7.5,7.6,7.5,7.6,0,0
AST_PE,D,20110119,000000,7.6,7.6,7.4,7.6,0,0
AST_PE,D,20110120,000000,7.5,7.6,7.4,7.5,0,0
AST_PE,D,20110121,000000,7.5,7.5,7.3,7.4,0,0
AST_PE,D,20110124,000000,7.5,7.5,7.3,7.3,0,0
AST_PE,D,20110125,000000,7.4,7.4,7.3,7.3,0,0
AST_PE,D,20110126,000000,7.2,7.3,7,7.1,0,0
AST_PE,D,20110127,000000,7,7.5,7,7.4,0,0
AST_PE,D,20110128,000000,7.3,7.3,7.3,7.3,0,0
AST_PE,D,20110131,000000,7,7.2,7,7.1,0,0
AST_PE,D,20110201,000000,7.1,7.2,7,7,0,0
AST_PE,D,20110202,000000,7,7.1,6.9,7,0,0
AST_PE,D,20110203,000000,7,7.2,7,7.1,0,0
AST_PE,D,20110204,000000,7.1,7.3,7.1,7.3,0,0
AST_PE,D,20110207,000000,7.3,7.7,7.3,7.3,0,0
AST_PE,D,20110208,000000,7.4,7.6,7.3,7.6,0,0
AST_PE,D,20110209,000000,7.7,7.8,7.1,7.1,0,0
AST_PE,D,20110210,000000,7.2,7.3,7.1,7.1,0,0
AST_PE,D,20110211,000000,7.1,7.3,7.1,7.2,0,0
AST_PE,D,20110214,000000,7.1,7.1,7,7.1,0,0
AST_PE,D,20110215,000000,7.1,7.3,7.1,7.1,0,0
AST_PE,D,20110216,000000,7.1,7.3,7.1,7.2,0,0
AST_PE,D,20110217,000000,7.2,7.3,7.2,7.2,0,0
AST_PE,D,20110218,000000,7.2,7.4,7.2,7.3,0,0
AST_PE,D,20110221,000000,7.3,7.3,6.9,6.9,0,0
AST_PE,D,20110222,000000,6.9,6.9,6.6,6.6,0,0
AST_PE,D,20110223,000000,6.6,6.7,6.5,6.6,0,0
AST_PE,D,20110224,000000,6.7,6.7,6.4,6.6,0,0
AST_PE,D,20110225,000000,6.6,7,6.6,7,0,0
AST_PE,D,20110228,000000,6.9,7.1,6.9,7,0,0
AST_PE,D,20110301,000000,7.1,7.1,6.9,7,0,0
AST_PE,D,20110302,000000,7,7,6.9,7,0,0
AST_PE,D,20110303,000000,7,7.1,6.9,7.1,0,0
AST_PE,D,20110304,000000,7.1,7.2,7,7.1,0,0
AST_PE,D,20110307,000000,7.1,7.2,7,7.2,0,0
AST_PE,D,20110308,000000,7.1,7.2,7.1,7.1,0,0
AST_PE,D,20110309,000000,7.1,7.1,6.7,6.7,0,0
AST_PE,D,20110310,000000,6.8,6.8,6,6,0,0
AST_PE,D,20110311,000000,6.1,6.1,5.7,5.9,0,0
AST_PE,D,20110314,000000,5.9,5.9,5.7,5.9,0,0
AST_PE,D,20110315,000000,5.8,5.9,5.6,5.9,0,0
AST_PE,D,20110316,000000,5.9,6.1,5.9,6,0,0
AST_PE,D,20110317,000000,6,6.2,6,6.1,0,0
AST_PE,D,20110318,000000,6.1,6.1,6.1,6.1,0,0
AST_PE,D,20110321,000000,6.1,6.1,6,6.1,0,0
AST_PE,D,20110322,000000,6.1,6.1,6.1,6.1,0,0
AST_PE,D,20110323,000000,6.1,6.1,6.1,6.1,0,0
AST_PE,D,20110324,000000,6.1,6.1,6.1,6.1,0,0
AST_PE,D,20110325,000000,6.1,6.2,6.1,6.1,0,0
AST_PE,D,20110328,000000,6.1,6.1,6,6.1,0,0
AST_PE,D,20110329,000000,6.1,6.1,6,6.1,0,0
AST_PE,D,20110330,000000,6.1,6.1,6,6.1,0,0
AST_PE,D,20110331,000000,6.1,6.1,6,6,0,0
AST_PE,D,20110401,000000,6,6.1,6,6.1,0,0
AST_PE,D,20110404,000000,6.1,6.1,6,6,0,0
AST_PE,D,20110405,000000,6,6,5.8,6,0,0
AST_PE,D,20110406,000000,6,6,5.9,6,0,0
AST_PE,D,20110407,000000,6,6,5.9,5.9,0,0
AST_PE,D,20110408,000000,5.9,6,5.7,5.9,0,0
AST_PE,D,20110411,000000,5.9,5.9,5.8,5.8,0,0
AST_PE,D,20110412,000000,5.8,5.8,5.7,5.8,0,0
AST_PE,D,20110413,000000,5.7,5.8,5.7,5.8,0,0
AST_PE,D,20110414,000000,5.8,6,5.8,5.9,0,0
AST_PE,D,20110415,000000,5.9,6,5.9,6,0,0
AST_PE,D,20110418,000000,6,6.1,5.8,5.8,0,0
AST_PE,D,20110419,000000,5.8,5.8,5.8,5.8,0,0
AST_PE,D,20110420,000000,5.8,5.9,5.8,5.8,0,0
AST_PE,D,20110421,000000,5.8,5.9,5.7,5.9,0,0
AST_PE,D,20110426,000000,6,6,5.8,5.8,0,0
AST_PE,D,20110427,000000,5.8,5.8,5.7,5.7,0,0
AST_PE,D,20110428,000000,5.8,6.1,5.7,6.1,0,0
AST_PE,D,20110429,000000,6.1,6.1,6.1,6.1,0,0
AST_PE,D,20110502,000000,6.1,6.2,6,6.1,0,0
AST_PE,D,20110504,000000,6.2,6.2,6,6,0,0
AST_PE,D,20110505,000000,6,6,5.9,5.9,0,0
AST_PE,D,20110506,000000,5.9,5.9,5.7,5.8,0,0
AST_PE,D,20110509,000000,5.7,5.7,5.5,5.7,0,0
AST_PE,D,20110510,000000,5.6,5.7,5.6,5.6,0,0
AST_PE,D,20110511,000000,5.5,5.6,5.5,5.6,0,0
AST_PE,D,20110512,000000,5.6,5.7,5.4,5.4,0,0
AST_PE,D,20110513,000000,5.6,5.6,5.4,5.4,0,0
AST_PE,D,20110516,000000,5.4,5.5,5.4,5.4,0,0
AST_PE,D,20110517,000000,5.4,5.8,5.4,5.7,0,0
AST_PE,D,20110518,000000,5.7,5.9,5.7,5.9,0,0
AST_PE,D,20110519,000000,6,6.1,6,6,0,0
AST_PE,D,20110520,000000,5.9,6,5.9,6,0,0
AST_PE,D,20110523,000000,6,6,5.5,5.7,0,0
AST_PE,D,20110524,000000,5.7,5.9,5.7,5.9,0,0
AST_PE,D,20110525,000000,5.9,6.2,5.8,6.2,0,0
AST_PE,D,20110526,000000,6.3,6.4,6.2,6.3,0,0
AST_PE,D,20110527,000000,6.3,6.6,6.3,6.4,0,0
AST_PE,D,20110530,000000,6.6,6.6,6.4,6.5,0,0
AST_PE,D,20110531,000000,6.5,6.6,6.3,6.6,0,0
AST_PE,D,20110601,000000,6.6,6.7,6.6,6.7,0,0
AST_PE,D,20110602,000000,6.7,6.7,6.6,6.6,0,0
AST_PE,D,20110603,000000,6.6,6.6,6.5,6.5,0,0
AST_PE,D,20110606,000000,6.4,6.5,6.3,6.5,0,0
AST_PE,D,20110607,000000,6.5,6.7,6.5,6.6,0,0
AST_PE,D,20110608,000000,6.6,6.8,6.6,6.7,0,0
AST_PE,D,20110609,000000,6.8,6.9,6.8,6.9,0,0
AST_PE,D,20110610,000000,6.9,6.9,6.7,6.7,0,0
AST_PE,D,20110613,000000,6.5,6.6,6.5,6.6,0,0
AST_PE,D,20110614,000000,6.7,6.7,6.6,6.6,0,0
AST_PE,D,20110615,000000,6.6,6.8,6.6,6.8,0,0
AST_PE,D,20110616,000000,6.8,6.8,6.7,6.8,0,0
AST_PE,D,20110617,000000,6.8,7,6.8,7,0,0
AST_PE,D,20110620,000000,7,7,6.9,7,0,0
AST_PE,D,20110621,000000,7,7,6.9,7,0,0
AST_PE,D,20110622,000000,7,7,6.9,7,0,0
AST_PE,D,20110624,000000,6.9,7,6.9,6.9,0,0
AST_PE,D,20110627,000000,6.8,6.8,6.5,6.6,0,0
AST_PE,D,20110628,000000,6.7,6.7,6.6,6.6,0,0
AST_PE,D,20110629,000000,6.7,6.7,6.7,6.7,0,0
AST_PE,D,20110630,000000,6.7,6.8,6.7,6.8,0,0
AST_PE,D,20110701,000000,6.8,6.8,6.8,6.8,0,0
AST_PE,D,20110704,000000,6.8,6.8,6.7,6.7,0,0
AST_PE,D,20110705,000000,6.7,6.7,6.7,6.7,0,0
AST_PE,D,20110706,000000,6.7,6.7,6.5,6.5,0,0
AST_PE,D,20110707,000000,6.5,6.9,6.3,6.8,0,0
AST_PE,D,20110708,000000,6.8,6.8,6.6,6.8,0,0
AST_PE,D,20110711,000000,6.8,6.8,6.6,6.7,0,0
AST_PE,D,20110712,000000,6.6,6.6,6.3,6.6,0,0
AST_PE,D,20110713,000000,6.6,6.7,6.6,6.7,0,0
AST_PE,D,20110714,000000,6.7,6.8,6.6,6.8,0,0
AST_PE,D,20110715,000000,6.6,6.8,6.6,6.8,0,0
AST_PE,D,20110718,000000,6.5,6.8,6.5,6.7,0,0
AST_PE,D,20110719,000000,6.7,6.7,6.6,6.7,0,0
AST_PE,D,20110720,000000,6.7,6.7,6.6,6.6,0,0
AST_PE,D,20110721,000000,6.6,6.7,6.6,6.6,0,0
AST_PE,D,20110722,000000,6.7,6.8,6.6,6.7,0,0
AST_PE,D,20110725,000000,6.7,6.7,6.7,6.7,0,0
AST_PE,D,20110726,000000,6.8,7.1,6.8,7.1,0,0
AST_PE,D,20110727,000000,7.1,7.1,6.9,7.1,0,0
AST_PE,D,20110728,000000,7.1,7.1,6.9,7.1,0,0
AST_PE,D,20110729,000000,7.1,7.2,7.1,7.2,0,0
AST_PE,D,20110801,000000,7.2,7.4,7.2,7.4,0,0
AST_PE,D,20110802,000000,7.5,7.5,7.3,7.3,0,0
AST_PE,D,20110803,000000,7.5,7.5,6.8,7.1,0,0
AST_PE,D,20110804,000000,7.3,7.3,6.6,6.6,0,0
AST_PE,D,20110805,000000,6.3,6.6,6,6.2,0,0
AST_PE,D,20110808,000000,6,6.2,5.5,5.7,0,0
AST_PE,D,20110809,000000,5.6,5.6,4.9,5.4,0,0
AST_PE,D,20110810,000000,5.7,5.7,5.2,5.2,0,0
AST_PE,D,20110811,000000,5.1,5.4,4.8,5.2,0,0
AST_PE,D,20110812,000000,5.4,5.6,5.2,5.4,0,0
AST_PE,D,20110816,000000,5.6,5.8,5.4,5.6,0,0
AST_PE,D,20110817,000000,5.7,6,5.6,6,0,0
AST_PE,D,20110818,000000,5.9,5.9,5.3,5.8,0,0
AST_PE,D,20110819,000000,5.4,5.9,5.3,5.9,0,0
AST_PE,D,20110822,000000,5.9,6.2,5.8,5.9,0,0
AST_PE,D,20110823,000000,5.9,6.2,5.9,6.1,0,0
AST_PE,D,20110824,000000,6.3,6.3,5.1,5.1,0,0
AST_PE,D,20110825,000000,5.2,5.2,4.9,5.1,0,0
AST_PE,D,20110826,000000,5.1,5.1,4.9,5,0,0
AST_PE,D,20110829,000000,5,5.1,5,5.1,0,0
AST_PE,D,20110830,000000,5.2,5.4,5.2,5.3,0,0
AST_PE,D,20110831,000000,5.4,5.5,5.3,5.4,0,0
AST_PE,D,20110901,000000,5.4,5.4,5.1,5.3,0,0
AST_PE,D,20110902,000000,5.1,5.1,5,5.1,0,0
AST_PE,D,20110905,000000,4.9,5.1,4.7,4.8,0,0
AST_PE,D,20110906,000000,4.8,4.8,4.7,4.7,0,0
AST_PE,D,20110907,000000,4.8,4.8,4.7,4.7,0,0
AST_PE,D,20110908,000000,4.7,4.8,4.5,4.8,0,0
AST_PE,D,20110909,000000,4.6,4.7,4.6,4.7,0,0
AST_PE,D,20110912,000000,4.5,4.6,4.5,4.6,0,0
AST_PE,D,20110913,000000,4.7,5.1,4.5,5,0,0
AST_PE,D,20110914,000000,5,5,4.8,4.9,0,0
AST_PE,D,20110915,000000,4.9,5,4.9,5,0,0
AST_PE,D,20110916,000000,5,5,4.8,4.9,0,0
AST_PE,D,20110919,000000,4.9,4.9,4.7,4.9,0,0
AST_PE,D,20110920,000000,4.9,5,4.9,4.9,0,0
AST_PE,D,20110921,000000,4.9,5,4.9,5,0,0
AST_PE,D,20110922,000000,5,5,4.8,4.8,0,0
AST_PE,D,20110923,000000,4.8,4.8,4.7,4.7,0,0
AST_PE,D,20110926,000000,4.6,4.7,4.6,4.7,0,0
AST_PE,D,20110927,000000,4.7,4.9,4.7,4.8,0,0
AST_PE,D,20110928,000000,4.8,4.8,4.6,4.6,0,0
AST_PE,D,20110929,000000,4.7,4.7,4.5,4.6,0,0
AST_PE,D,20110930,000000,4.5,4.6,4.4,4.4,0,0
AST_PE,D,20111003,000000,4.4,4.4,4.3,4.4,0,0
AST_PE,D,20111004,000000,4.3,4.3,4.2,4.2,0,0
AST_PE,D,20111005,000000,4.2,4.3,4.2,4.3,0,0
AST_PE,D,20111006,000000,4.3,4.5,4.3,4.4,0,0
AST_PE,D,20111007,000000,4.5,4.6,4.5,4.6,0,0
AST_PE,D,20111010,000000,4.6,4.6,4.6,4.6,0,0
AST_PE,D,20111011,000000,4.6,4.6,4.5,4.5,0,0
AST_PE,D,20111012,000000,4.5,4.6,4.5,4.6,0,0
AST_PE,D,20111013,000000,4.5,4.5,4.5,4.5,0,0
AST_PE,D,20111014,000000,4.5,4.6,4.5,4.6,0,0
AST_PE,D,20111017,000000,4.6,4.6,4.5,4.5,0,0
AST_PE,D,20111018,000000,4.5,4.5,4.5,4.5,0,0
AST_PE,D,20111019,000000,4.5,4.5,4.4,4.4,0,0
AST_PE,D,20111020,000000,4.4,4.4,4.3,4.3,0,0
AST_PE,D,20111021,000000,4.3,4.3,4.2,4.2,0,0
AST_PE,D,20111024,000000,4.3,4.3,4.3,4.3,0,0
AST_PE,D,20111025,000000,4.3,4.4,4,4.1,0,0
AST_PE,D,20111026,000000,4.2,4.3,4.1,4.2,0,0
AST_PE,D,20111027,000000,4.2,4.3,4.2,4.3,0,0
AST_PE,D,20111028,000000,4.4,4.4,4.2,4.3,0,0
AST_PE,D,20111031,000000,4.3,4.3,4.2,4.2,0,0
AST_PE,D,20111102,000000,4,4.1,4,4.1,0,0
AST_PE,D,20111103,000000,4.1,4.1,4.1,4.1,0,0
AST_PE,D,20111104,000000,4.3,4.3,4.1,4.1,0,0
AST_PE,D,20111107,000000,4.1,4.2,4.1,4.1,0,0
AST_PE,D,20111108,000000,4.1,4.2,4.1,4.2,0,0
AST_PE,D,20111109,000000,4.2,4.2,4.1,4.1,0,0
AST_PE,D,20111110,000000,4.1,4.2,4.1,4.1,0,0
AST_PE,D,20111114,000000,4.2,4.2,4.1,4.1,0,0
AST_PE,D,20111115,000000,4.1,4.1,3.8,3.8,0,0
AST_PE,D,20111116,000000,3.8,3.8,3.7,3.8,0,0
AST_PE,D,20111117,000000,3.8,3.8,3.7,3.7,0,0
AST_PE,D,20111118,000000,3.7,3.7,3.6,3.6,0,0
AST_PE,D,20111121,000000,3.6,3.6,3.3,3.4,0,0
AST_PE,D,20111122,000000,3.4,3.4,3.1,3.4,0,0
AST_PE,D,20111123,000000,3.3,3.4,3.3,3.4,0,0
AST_PE,D,20111124,000000,3.3,3.4,3.2,3.2,0,0
AST_PE,D,20111125,000000,3.2,3.3,3.2,3.2,0,0
AST_PE,D,20111128,000000,3.2,3.3,3.2,3.3,0,0
AST_PE,D,20111129,000000,3.3,3.3,3.2,3.2,0,0
AST_PE,D,20111130,000000,3.2,3.3,3.2,3.3,0,0
AST_PE,D,20111201,000000,3.3,3.3,3.2,3.3,0,0
AST_PE,D,20111202,000000,3.3,3.3,3.3,3.3,0,0
AST_PE,D,20111205,000000,3.3,3.5,3.3,3.5,0,0
AST_PE,D,20111206,000000,3.6,3.6,3.4,3.4,0,0
AST_PE,D,20111207,000000,3.5,3.5,3.3,3.4,0,0
AST_PE,D,20111208,000000,3.4,3.4,3.4,3.4,0,0
AST_PE,D,20111209,000000,3.4,3.4,3.3,3.4,0,0
AST_PE,D,20111212,000000,3.4,3.4,3.3,3.4,0,0
AST_PE,D,20111213,000000,3.3,3.3,3.3,3.3,0,0
AST_PE,D,20111214,000000,3.3,3.3,3.1,3.1,0,0
AST_PE,D,20111215,000000,3.1,3.1,2.9,2.9,0,0
AST_PE,D,20111216,000000,2.9,2.9,2.8,2.8,0,0
AST_PE,D,20111219,000000,2.8,2.8,2.6,2.7,0,0
AST_PE,D,20111220,000000,2.7,2.8,2.7,2.8,0,0
AST_PE,D,20111221,000000,2.8,3.2,2.8,3.1,0,0
AST_PE,D,20111222,000000,3.2,3.2,3.1,3.1,0,0
AST_PE,D,20111223,000000,3.2,3.2,3.1,3.2,0,0
AST_PE,D,20111227,000000,3.2,3.3,3.2,3.2,0,0
AST_PE,D,20111228,000000,3.2,3.2,3.1,3.1,0,0
AST_PE,D,20111229,000000,3,3.2,3,3,0,0
AST_PE,D,20111230,000000,3,3.1,3,3.1,0,0
AST_PE,D,20120102,000000,3.1,3.1,3.1,3.1,0,0
AST_PE,D,20120103,000000,3.2,3.2,3.1,3.1,0,0
AST_PE,D,20120104,000000,3.1,3.1,3.1,3.1,0,0
AST_PE,D,20120105,000000,3,3,3,3,0,0
AST_PE,D,20120109,000000,3,3,2.9,2.9,0,0
AST_PE,D,20120110,000000,2.9,2.9,2.8,2.9,0,0
AST_PE,D,20120111,000000,2.9,2.9,2.8,2.8,0,0
AST_PE,D,20120112,000000,2.8,2.9,2.8,2.8,0,0
AST_PE,D,20120113,000000,2.8,2.8,2.8,2.8,0,0
AST_PE,D,20120116,000000,2.8,2.8,2.7,2.8,0,0
AST_PE,D,20120117,000000,2.8,2.9,2.8,2.9,0,0
AST_PE,D,20120118,000000,2.9,2.9,2.8,2.8,0,0
AST_PE,D,20120119,000000,2.8,2.9,2.8,2.9,0,0
AST_PE,D,20120120,000000,2.8,3,2.8,2.9,0,0
AST_PE,D,20120123,000000,2.9,3.1,2.9,3.1,0,0
AST_PE,D,20120124,000000,3.1,3.4,3.1,3.3,0,0
AST_PE,D,20120125,000000,3.3,3.5,3.3,3.4,0,0
AST_PE,D,20120126,000000,3.5,3.5,3.4,3.4,0,0
AST_PE,D,20120127,000000,3.5,3.5,3.3,3.3,0,0
AST_PE,D,20120130,000000,3.3,3.3,3.1,3.3,0,0
AST_PE,D,20120131,000000,3.3,3.4,3.3,3.4,0,0
AST_PE,D,20120201,000000,3.4,3.5,3.3,3.4,0,0
AST_PE,D,20120202,000000,3.4,3.5,3.4,3.5,0,0
AST_PE,D,20120203,000000,3.5,3.6,3.4,3.6,0,0
AST_PE,D,20120206,000000,3.8,3.9,3.6,3.9,0,0
AST_PE,D,20120207,000000,4,4.1,3.9,4.1,0,0
AST_PE,D,20120208,000000,4.1,4.2,4.1,4.1,0,0
AST_PE,D,20120209,000000,4.2,4.2,3.9,4,0,0
AST_PE,D,20120210,000000,4,4,3.8,3.8,0,0
AST_PE,D,20120213,000000,3.8,3.9,3.6,3.8,0,0
AST_PE,D,20120214,000000,3.8,3.8,3.8,3.8,0,0
AST_PE,D,20120215,000000,3.8,4,3.8,4,0,0
AST_PE,D,20120216,000000,4,4,3.9,3.9,0,0
AST_PE,D,20120217,000000,3.9,3.9,3.9,3.9,0,0
AST_PE,D,20120220,000000,4,4,3.9,3.9,0,0
AST_PE,D,20120221,000000,3.9,3.9,3.9,3.9,0,0
AST_PE,D,20120222,000000,3.9,3.9,3.8,3.8,0,0
AST_PE,D,20120223,000000,3.7,3.8,3.7,3.8,0,0
AST_PE,D,20120224,000000,3.8,3.8,3.8,3.8,0,0
AST_PE,D,20120227,000000,3.8,3.9,3.8,3.8,0,0
AST_PE,D,20120228,000000,3.9,4.1,3.9,4.1,0,0
AST_PE,D,20120229,000000,4.1,4.1,4,4,0,0
AST_PE,D,20120301,000000,4,4,3.9,3.9,0,0
AST_PE,D,20120302,000000,3.9,4.1,3.9,4.1,0,0
AST_PE,D,20120305,000000,4.1,4.1,4,4,0,0
AST_PE,D,20120306,000000,3.9,4,3.9,4,0,0
AST_PE,D,20120307,000000,3.9,4.1,3.9,4,0,0
AST_PE,D,20120308,000000,4,4,3.9,3.9,0,0
AST_PE,D,20120309,000000,3.7,3.9,3.7,3.9,0,0
AST_PE,D,20120312,000000,3.9,3.9,3.8,3.8,0,0
AST_PE,D,20120313,000000,3.8,3.8,3.8,3.8,0,0
AST_PE,D,20120314,000000,3.8,4,3.8,3.9,0,0
AST_PE,D,20120315,000000,4,4,3.9,3.9,0,0
AST_PE,D,20120316,000000,3.9,3.9,3.9,3.9,0,0
AST_PE,D,20120319,000000,4,4,3.9,3.9,0,0
AST_PE,D,20120320,000000,3.9,3.9,3.9,3.9,0,0
AST_PE,D,20120321,000000,3.9,3.9,3.9,3.9,0,0
AST_PE,D,20120322,000000,3.9,4,3.6,3.8,0,0
AST_PE,D,20120323,000000,3.7,3.9,3.7,3.8,0,0
AST_PE,D,20120326,000000,3.8,3.8,3.8,3.8,0,0
AST_PE,D,20120327,000000,3.8,3.9,3.8,3.8,0,0
AST_PE,D,20120328,000000,3.8,3.8,3.7,3.8,0,0
AST_PE,D,20120329,000000,3.8,3.8,3.7,3.7,0,0
AST_PE,D,20120330,000000,3.7,3.7,3.6,3.7,0,0
AST_PE,D,20120402,000000,3.7,3.7,3.6,3.7,0,0
AST_PE,D,20120403,000000,3.7,3.8,3.6,3.7,0,0
AST_PE,D,20120404,000000,3.7,3.7,3.6,3.6,0,0
AST_PE,D,20120405,000000,3.5,3.7,3.5,3.7,0,0
AST_PE,D,20120410,000000,3.7,3.7,3.6,3.6,0,0
AST_PE,D,20120411,000000,3.6,3.8,3.6,3.8,0,0
AST_PE,D,20120412,000000,3.8,3.8,3.7,3.7,0,0
AST_PE,D,20120413,000000,3.8,3.9,3.7,3.9,0,0
AST_PE,D,20120416,000000,4,4,3.8,3.9,0,0
AST_PE,D,20120417,000000,3.8,3.8,3.8,3.8,0,0
AST_PE,D,20120418,000000,3.8,3.9,3.8,3.9,0,0
AST_PE,D,20120419,000000,3.9,3.9,3.9,3.9,0,0
AST_PE,D,20120420,000000,3.8,3.8,3.7,3.8,0,0
AST_PE,D,20120423,000000,3.8,3.8,3.6,3.6,0,0
AST_PE,D,20120424,000000,3.3,3.6,3.3,3.6,0,0
AST_PE,D,20120425,000000,3.7,3.8,3.6,3.7,0,0
AST_PE,D,20120426,000000,3.8,3.8,3.5,3.7,0,0
AST_PE,D,20120427,000000,3.7,3.9,3.7,3.9,0,0
AST_PE,D,20120430,000000,3.9,3.9,3.9,3.9,0,0
AST_PE,D,20120502,000000,3.9,3.9,3.9,3.9,0,0
AST_PE,D,20120504,000000,4.1,4.1,3.9,4,0,0
AST_PE,D,20120507,000000,4,4,4,4,0,0
AST_PE,D,20120508,000000,4,4.1,4,4,0,0
AST_PE,D,20120509,000000,4,4,3.9,3.9,0,0
AST_PE,D,20120510,000000,3.9,3.9,3.8,3.8,0,0
AST_PE,D,20120511,000000,3.7,3.7,3.6,3.6,0,0
AST_PE,D,20120514,000000,3.5,4,3.2,4,0,0
AST_PE,D,20120515,000000,4,4,3.9,4,0,0
AST_PE,D,20120516,000000,4,4,3.8,3.9,0,0
AST_PE,D,20120517,000000,3.8,3.9,3.8,3.8,0,0
AST_PE,D,20120518,000000,3.7,3.8,3.7,3.8,0,0
AST_PE,D,20120521,000000,3.8,4,3.8,3.9,0,0
AST_PE,D,20120522,000000,3.9,4.1,3.9,4.1,0,0
AST_PE,D,20120523,000000,4,4,3.9,4,0,0
AST_PE,D,20120524,000000,4,4,4,4,0,0
AST_PE,D,20120525,000000,4,4,3.9,4,0,0
AST_PE,D,20120528,000000,4,4,3.9,4,0,0
AST_PE,D,20120529,000000,4.1,4.1,4,4,0,0
AST_PE,D,20120530,000000,4,4,4,4,0,0
AST_PE,D,20120531,000000,3.9,4.1,3.9,4.1,0,0
AST_PE,D,20120601,000000,4.1,4.1,4,4,0,0
AST_PE,D,20120604,000000,4,4.2,4,4.1,0,0
AST_PE,D,20120605,000000,4,4.1,4,4,0,0
AST_PE,D,20120606,000000,4,4,4,4,0,0
AST_PE,D,20120608,000000,4.1,4.2,4.1,4.2,0,0
AST_PE,D,20120611,000000,4.3,4.4,4.3,4.3,0,0
AST_PE,D,20120612,000000,4.3,4.6,4.3,4.5,0,0
AST_PE,D,20120613,000000,4.6,4.6,4.6,4.6,0,0
AST_PE,D,20120614,000000,4.6,4.8,4.6,4.7,0,0
AST_PE,D,20120615,000000,4.8,4.8,4.5,4.7,0,0
AST_PE,D,20120618,000000,4.7,4.8,4.7,4.7,0,0
AST_PE,D,20120619,000000,4.7,4.8,4.7,4.7,0,0
AST_PE,D,20120620,000000,4.7,4.8,4.6,4.6,0,0
AST_PE,D,20120621,000000,4.5,4.5,4.4,4.4,0,0
AST_PE,D,20120622,000000,4.4,4.4,4.4,4.4,0,0
AST_PE,D,20120625,000000,4.4,4.4,4.3,4.3,0,0
AST_PE,D,20120626,000000,4.4,4.4,4.3,4.3,0,0
AST_PE,D,20120627,000000,4.3,4.3,4.2,4.2,0,0
AST_PE,D,20120628,000000,4.2,4.3,4.2,4.3,0,0
AST_PE,D,20120629,000000,4.2,4.3,4.2,4.2,0,0
AST_PE,D,20120702,000000,4.2,4.3,4.2,4.3,0,0
AST_PE,D,20120703,000000,4.3,4.6,4.3,4.6,0,0
AST_PE,D,20120704,000000,4.6,4.6,4.5,4.5,0,0
AST_PE,D,20120705,000000,4.5,4.6,4.5,4.6,0,0
AST_PE,D,20120706,000000,4.6,4.7,4.6,4.7,0,0
AST_PE,D,20120709,000000,4.8,4.8,4.6,4.7,0,0
AST_PE,D,20120710,000000,4.7,4.7,4.6,4.7,0,0
AST_PE,D,20120711,000000,4.7,4.7,4.6,4.6,0,0
AST_PE,D,20120712,000000,4.6,4.6,4.4,4.5,0,0
AST_PE,D,20120713,000000,4.6,4.6,4.5,4.6,0,0
AST_PE,D,20120716,000000,4.6,4.7,4.6,4.7,0,0
AST_PE,D,20120717,000000,4.7,4.8,4.7,4.8,0,0
AST_PE,D,20120718,000000,4.8,5.1,4.8,5.1,0,0
AST_PE,D,20120719,000000,5,5.2,5,5,0,0
AST_PE,D,20120720,000000,5,5.1,4.8,5,0,0
AST_PE,D,20120723,000000,4.9,5,4.7,4.9,0,0
AST_PE,D,20120724,000000,4.9,4.9,4.8,4.9,0,0
AST_PE,D,20120725,000000,4.8,4.9,4.8,4.9,0,0
AST_PE,D,20120726,000000,4.9,4.9,4.8,4.8,0,0
AST_PE,D,20120727,000000,4.9,5,4.7,5,0,0
AST_PE,D,20120730,000000,4.9,4.9,4.8,4.8,0,0
AST_PE,D,20120731,000000,4.7,4.9,4.7,4.7,0,0
AST_PE,D,20120801,000000,4.6,4.8,4.6,4.8,0,0
AST_PE,D,20120802,000000,4.8,4.8,4.6,4.6,0,0
AST_PE,D,20120803,000000,4.6,4.7,4.6,4.6,0,0
AST_PE,D,20120806,000000,4.6,4.8,4.5,4.8,0,0
AST_PE,D,20120807,000000,4.8,5,4.8,5,0,0
AST_PE,D,20120808,000000,5,5,5,5,0,0
AST_PE,D,20120809,000000,5.1,5.1,5,5.1,0,0
AST_PE,D,20120810,000000,5.1,5.1,4.9,5.1,0,0
AST_PE,D,20120813,000000,5.1,5.2,5,5,0,0
AST_PE,D,20120814,000000,5.1,5.1,5,5,0,0
AST_PE,D,20120816,000000,5,5.1,5,5.1,0,0
AST_PE,D,20120817,000000,5.1,5.1,5.1,5.1,0,0
AST_PE,D,20120820,000000,5.1,5.1,5,5,0,0
AST_PE,D,20120821,000000,5,5.1,5,5.1,0,0
AST_PE,D,20120822,000000,5.1,5.3,5.1,5.2,0,0
AST_PE,D,20120823,000000,5.2,5.3,4.8,4.8,0,0
AST_PE,D,20120824,000000,4.8,4.8,4.8,4.8,0,0
AST_PE,D,20120827,000000,4.8,4.8,4.7,4.7,0,0
AST_PE,D,20120828,000000,4.7,4.7,4.6,4.6,0,0
AST_PE,D,20120829,000000,4.6,4.9,4.6,4.9,0,0
AST_PE,D,20120830,000000,4.9,4.9,4.8,4.8,0,0
AST_PE,D,20120831,000000,4.8,4.8,4.8,4.8,0,0
AST_PE,D,20120903,000000,4.8,5,4.8,5,0,0
AST_PE,D,20120904,000000,5,5.1,4.9,4.9,0,0
AST_PE,D,20120905,000000,4.9,5.3,4.9,5,0,0
AST_PE,D,20120906,000000,5.2,5.2,5,5,0,0
AST_PE,D,20120907,000000,4.9,5.1,4.9,5,0,0
AST_PE,D,20120910,000000,5,5,4.9,4.9,0,0
AST_PE,D,20120911,000000,5,5,4.7,4.7,0,0
AST_PE,D,20120912,000000,4.7,4.8,4.7,4.8,0,0
AST_PE,D,20120913,000000,4.8,4.8,4.7,4.8,0,0
AST_PE,D,20120914,000000,4.8,4.9,4.5,4.6,0,0
AST_PE,D,20120917,000000,4.6,4.8,4.6,4.7,0,0
AST_PE,D,20120918,000000,4.7,4.7,4.6,4.6,0,0
AST_PE,D,20120919,000000,4.7,4.7,4.6,4.7,0,0
AST_PE,D,20120920,000000,4.7,4.7,4.5,4.6,0,0
AST_PE,D,20120921,000000,4.5,4.7,4.5,4.6,0,0
AST_PE,D,20120924,000000,4.7,4.7,4.6,4.6,0,0
AST_PE,D,20120925,000000,4.6,4.6,4.6,4.6,0,0
AST_PE,D,20120926,000000,4.6,4.6,4.5,4.6,0,0
AST_PE,D,20120927,000000,4.6,4.7,4.5,4.6,0,0
AST_PE,D,20120928,000000,4.6,4.7,4.6,4.7,0,0
AST_PE,D,20121001,000000,4.7,4.8,4.7,4.8,0,0
AST_PE,D,20121002,000000,4.8,4.8,4.8,4.8,0,0
AST_PE,D,20121003,000000,4.8,4.9,4.8,4.8,0,0
AST_PE,D,20121004,000000,4.8,4.8,4.7,4.7,0,0
AST_PE,D,20121005,000000,4.7,4.8,4.7,4.8,0,0
AST_PE,D,20121008,000000,4.8,4.8,4.7,4.7,0,0
AST_PE,D,20121009,000000,4.7,4.7,4.7,4.7,0,0
AST_PE,D,20121010,000000,4.7,4.7,4.5,4.6,0,0
AST_PE,D,20121011,000000,4.5,4.7,4.4,4.6,0,0
AST_PE,D,20121012,000000,4.6,4.6,4.5,4.6,0,0
AST_PE,D,20121015,000000,4.5,4.6,4.5,4.6,0,0
AST_PE,D,20121016,000000,4.7,4.8,4.6,4.7,0,0
AST_PE,D,20121017,000000,4.7,4.7,4.7,4.7,0,0
AST_PE,D,20121018,000000,4.6,4.7,4.5,4.5,0,0
AST_PE,D,20121019,000000,4.5,4.6,4.4,4.6,0,0
AST_PE,D,20121022,000000,4.6,4.6,4.5,4.6,0,0
AST_PE,D,20121023,000000,4.6,4.6,4.5,4.6,0,0
AST_PE,D,20121024,000000,4.6,4.6,4.5,4.5,0,0
AST_PE,D,20121025,000000,4.6,4.6,4.5,4.5,0,0
AST_PE,D,20121026,000000,4.5,4.5,4.5,4.5,0,0
AST_PE,D,20121029,000000,4.5,4.5,4.3,4.3,0,0
AST_PE,D,20121030,000000,4.4,4.4,4.3,4.4,0,0
AST_PE,D,20121031,000000,4.4,4.5,4.4,4.5,0,0
AST_PE,D,20121102,000000,4.5,4.5,4.4,4.4,0,0
AST_PE,D,20121105,000000,4.4,4.5,4.4,4.5,0,0
AST_PE,D,20121106,000000,4.5,4.6,4.5,4.5,0,0
AST_PE,D,20121107,000000,4.6,4.6,4.5,4.5,0,0
AST_PE,D,20121108,000000,4.5,4.5,4.4,4.4,0,0
AST_PE,D,20121109,000000,4.5,4.5,4.3,4.3,0,0
AST_PE,D,20121112,000000,4.2,4.2,4.1,4.2,0,0
AST_PE,D,20121113,000000,4.2,4.2,4.1,4.2,0,0
AST_PE,D,20121114,000000,4.2,4.2,4.1,4.2,0,0
AST_PE,D,20121115,000000,4.1,4.5,3.9,4.5,0,0
AST_PE,D,20121116,000000,4.5,4.5,4.4,4.5,0,0
AST_PE,D,20121119,000000,4.5,4.5,4.4,4.4,0,0
AST_PE,D,20121120,000000,4.4,4.4,4.4,4.4,0,0
AST_PE,D,20121121,000000,4.4,4.4,4.3,4.4,0,0
AST_PE,D,20121122,000000,4.4,4.5,4.3,4.5,0,0
AST_PE,D,20121123,000000,4.5,4.5,4.5,4.5,0,0
AST_PE,D,20121126,000000,4.5,4.7,4.5,4.6,0,0
AST_PE,D,20121127,000000,4.8,4.9,4.7,4.8,0,0
AST_PE,D,20121128,000000,4.9,4.9,4.7,4.7,0,0
AST_PE,D,20121129,000000,4.9,4.9,4.6,4.6,0,0
AST_PE,D,20121130,000000,4.6,4.7,4.5,4.7,0,0
AST_PE,D,20121203,000000,4.6,4.7,4.4,4.4,0,0
AST_PE,D,20121204,000000,4.4,4.4,4.2,4.4,0,0
AST_PE,D,20121205,000000,4.5,4.5,4.4,4.5,0,0
AST_PE,D,20121206,000000,4.6,4.6,4.5,4.5,0,0
AST_PE,D,20121207,000000,4.4,4.5,4.4,4.5,0,0
AST_PE,D,20121210,000000,4.5,4.5,4.4,4.4,0,0
AST_PE,D,20121211,000000,4.4,4.6,4.4,4.6,0,0
AST_PE,D,20121212,000000,4.6,4.6,4.5,4.5,0,0
AST_PE,D,20121213,000000,4.5,4.5,4.4,4.5,0,0
AST_PE,D,20121214,000000,4.5,4.6,4.5,4.6,0,0
AST_PE,D,20121217,000000,4.6,4.6,4.5,4.6,0,0
AST_PE,D,20121218,000000,4.6,4.6,4.5,4.5,0,0
AST_PE,D,20121219,000000,4.6,4.6,4.5,4.5,0,0
AST_PE,D,20121220,000000,4.5,4.5,4.4,4.5,0,0
AST_PE,D,20121221,000000,4.5,4.5,4.3,4.3,0,0
AST_PE,D,20121227,000000,4.3,4.4,4.1,4.3,0,0
AST_PE,D,20121228,000000,4.3,4.3,4.2,4.3,0,0
AST_PE,D,20130102,000000,4.3,4.5,4.3,4.3,0,0
AST_PE,D,20130103,000000,4.4,4.4,4.4,4.4,0,0
AST_PE,D,20130104,000000,4.4,4.5,4.4,4.5,0,0
AST_PE,D,20130107,000000,4.5,4.7,4.5,4.7,0,0
AST_PE,D,20130108,000000,4.7,4.7,4.6,4.7,0,0
AST_PE,D,20130109,000000,4.8,4.8,4.6,4.6,0,0
AST_PE,D,20130110,000000,4.7,4.7,4.5,4.5,0,0
AST_PE,D,20130111,000000,4.5,4.5,4.4,4.4,0,0
AST_PE,D,20130114,000000,4.5,4.5,4.4,4.5,0,0
AST_PE,D,20130115,000000,4.5,4.5,4.4,4.4,0,0
AST_PE,D,20130116,000000,4.4,4.4,4.3,4.4,0,0
AST_PE,D,20130117,000000,4.4,4.5,4.4,4.4,0,0
AST_PE,D,20130118,000000,4.4,4.4,4.4,4.4,0,0
AST_PE,D,20130121,000000,4.4,4.6,4.4,4.5,0,0
AST_PE,D,20130122,000000,4.5,4.6,4.5,4.6,0,0
AST_PE,D,20130123,000000,4.6,4.7,4.6,4.7,0,0
AST_PE,D,20130124,000000,4.7,4.8,4.7,4.7,0,0
AST_PE,D,20130125,000000,4.7,4.8,4.7,4.8,0,0
AST_PE,D,20130128,000000,4.8,4.8,4.7,4.7,0,0
AST_PE,D,20130129,000000,4.7,4.7,4.7,4.7,0,0
AST_PE,D,20130130,000000,4.7,4.7,4.7,4.7,0,0
AST_PE,D,20130131,000000,4.8,4.8,4.7,4.7,0,0
AST_PE,D,20130201,000000,4.7,5.1,4.7,5.1,0,0
AST_PE,D,20130204,000000,5.1,5.1,4.9,4.9,0,0
AST_PE,D,20130205,000000,4.9,4.9,4.9,4.9,0,0
AST_PE,D,20130206,000000,4.9,5,4.9,5,0,0
AST_PE,D,20130207,000000,4.9,5,4.9,4.9,0,0
AST_PE,D,20130208,000000,5,5,4.9,4.9,0,0
AST_PE,D,20130211,000000,4.9,5.1,4.9,5,0,0
AST_PE,D,20130212,000000,5,5.3,4.9,5.2,0,0
AST_PE,D,20130213,000000,5.3,5.4,5.2,5.3,0,0
AST_PE,D,20130214,000000,5.2,5.4,5.2,5.2,0,0
AST_PE,D,20130215,000000,5.2,5.2,5.1,5.1,0,0
AST_PE,D,20130218,000000,5.1,5.1,4.8,4.9,0,0
AST_PE,D,20130219,000000,5,5,4.7,4.8,0,0
AST_PE,D,20130220,000000,4.9,5.1,4.9,5,0,0
AST_PE,D,20130221,000000,5.1,5.1,5,5.1,0,0
AST_PE,D,20130222,000000,5.1,5.2,4.9,5.1,0,0
AST_PE,D,20130225,000000,5.1,5.3,5.1,5.2,0,0
AST_PE,D,20130226,000000,5,5.3,5,5.2,0,0
AST_PE,D,20130227,000000,5.2,5.5,5.2,5.4,0,0
AST_PE,D,20130228,000000,5.4,5.5,5.1,5.2,0,0
AST_PE,D,20130301,000000,5.2,5.2,4.9,4.9,0,0
AST_PE,D,20130304,000000,4.9,4.9,4.8,4.9,0,0
AST_PE,D,20130305,000000,4.9,5,4.7,4.9,0,0
AST_PE,D,20130306,000000,5,5,4.8,4.9,0,0
AST_PE,D,20130307,000000,4.8,4.9,4.7,4.9,0,0
AST_PE,D,20130308,000000,5,5,4.8,4.8,0,0
AST_PE,D,20130311,000000,4.8,4.9,4.8,4.9,0,0
AST_PE,D,20130312,000000,4.9,4.9,4.8,4.8,0,0
AST_PE,D,20130313,000000,4.9,4.9,4.7,4.7,0,0
AST_PE,D,20130314,000000,4.7,4.7,4.6,4.7,0,0
AST_PE,D,20130315,000000,4.7,4.7,4.6,4.6,0,0
AST_PE,D,20130318,000000,4.6,4.6,4.6,4.6,0,0
AST_PE,D,20130319,000000,4.6,4.6,4.6,4.6,0,0
AST_PE,D,20130320,000000,4.6,4.6,4.5,4.5,0,0
AST_PE,D,20130321,000000,4.5,4.6,4.5,4.5,0,0
AST_PE,D,20130322,000000,4.5,4.6,4.4,4.4,0,0
AST_PE,D,20130325,000000,4.4,4.6,4.4,4.5,0,0
AST_PE,D,20130326,000000,4.6,4.7,4.5,4.7,0,0
AST_PE,D,20130327,000000,4.8,4.8,4.7,4.7,0,0
AST_PE,D,20130328,000000,4.7,4.8,4.7,4.7,0,0
AST_PE,D,20130402,000000,4.6,4.9,4.6,4.9,0,0
AST_PE,D,20130403,000000,4.9,4.9,4.8,4.9,0,0
AST_PE,D,20130404,000000,4.9,5,4.7,5,0,0
AST_PE,D,20130405,000000,5,5,4.9,5,0,0
AST_PE,D,20130408,000000,5,5,4.8,4.8,0,0
AST_PE,D,20130409,000000,4.8,4.9,4.7,4.9,0,0
AST_PE,D,20130410,000000,4.9,4.9,4.7,4.9,0,0
AST_PE,D,20130411,000000,4.9,4.9,4.9,4.9,0,0
AST_PE,D,20130412,000000,4.9,4.9,4.8,4.9,0,0
AST_PE,D,20130415,000000,4.8,4.8,4.7,4.7,0,0
AST_PE,D,20130417,000000,4.9,4.9,4.5,4.5,0,0
AST_PE,D,20130418,000000,4.4,6.8,3.9,6.8,0,0
AST_PE,D,20130419,000000,6.6,6.8,6.2,6.3,0,0
AST_PE,D,20130422,000000,6.3,6.9,6.3,6.7,0,0
AST_PE,D,20130423,000000,6.8,6.9,6.6,6.6,0,0
AST_PE,D,20130424,000000,6.4,6.4,6.2,6.4,0,0
AST_PE,D,20130425,000000,6.4,6.4,6.3,6.3,0,0
AST_PE,D,20130426,000000,6.3,6.9,6.3,6.8,0,0
AST_PE,D,20130429,000000,6.8,6.9,6.5,6.8,0,0
AST_PE,D,20130430,000000,6.6,6.9,6.6,6.8,0,0
AST_PE,D,20130502,000000,6.8,6.8,6.6,6.8,0,0
AST_PE,D,20130506,000000,6.6,6.8,6.6,6.8,0,0
AST_PE,D,20130507,000000,7,7,6.8,6.8,0,0
AST_PE,D,20130508,000000,7.1,7.1,6.7,7,0,0
AST_PE,D,20130509,000000,7,7.1,6.8,7.1,0,0
AST_PE,D,20130510,000000,7.3,7.3,7.1,7.3,0,0
AST_PE,D,20130513,000000,7.3,7.4,7.2,7.4,0,0
AST_PE,D,20130514,000000,7.3,7.3,7.3,7.3,0,0
AST_PE,D,20130515,000000,7.4,7.7,7.4,7.5,0,0
AST_PE,D,20130516,000000,7.7,7.8,7.6,7.8,0,0
AST_PE,D,20130517,000000,7.8,7.8,7.7,7.8,0,0
AST_PE,D,20130520,000000,7.8,7.9,7.8,7.8,0,0
AST_PE,D,20130521,000000,7.7,7.8,7.7,7.8,0,0
AST_PE,D,20130522,000000,7.9,7.9,7.1,7.1,0,0
AST_PE,D,20130523,000000,7.1,7.2,7.1,7.2,0,0
AST_PE,D,20130524,000000,7.2,7.2,7.2,7.2,0,0
AST_PE,D,20130527,000000,7.1,7.1,7,7,0,0
AST_PE,D,20130528,000000,7,7.2,7,7.1,0,0
AST_PE,D,20130529,000000,7.1,7.2,7.1,7.2,0,0
AST_PE,D,20130531,000000,7.3,7.3,7.2,7.2,0,0
AST_PE,D,20130603,000000,7.2,7.2,7.2,7.2,0,0
AST_PE,D,20130604,000000,7.2,7.5,7.2,7.5,0,0
AST_PE,D,20130605,000000,7.5,7.8,7.5,7.7,0,0
AST_PE,D,20130606,000000,7.8,7.9,7.7,7.9,0,0
AST_PE,D,20130607,000000,7.9,8.1,7.9,8.1,0,0
AST_PE,D,20130610,000000,8.1,8.2,8.1,8.2,0,0
AST_PE,D,20130611,000000,8.3,8.3,8.1,8.2,0,0
AST_PE,D,20130612,000000,8.3,8.3,8.1,8.1,0,0
AST_PE,D,20130613,000000,8.1,8.1,7.9,8.1,0,0
AST_PE,D,20130614,000000,8,8.2,8,8.2,0,0
AST_PE,D,20130617,000000,8.1,8.2,8.1,8.1,0,0
AST_PE,D,20130618,000000,8.1,8.2,8.1,8.2,0,0
AST_PE,D,20130619,000000,8.2,8.2,8.1,8.1,0,0
AST_PE,D,20130620,000000,8,8.2,8,8.1,0,0
AST_PE,D,20130621,000000,8,8.1,7.5,8.1,0,0
AST_PE,D,20130624,000000,8.1,8.3,7.8,7.8,0,0
AST_PE,D,20130625,000000,7.8,7.8,7.6,7.7,0,0
AST_PE,D,20130626,000000,7.7,7.7,7.6,7.7,0,0
AST_PE,D,20130627,000000,7.8,7.8,7.6,7.6,0,0
AST_PE,D,20130628,000000,7.6,7.6,7.5,7.6,0,0
AST_PE,D,20130701,000000,7.6,7.8,7.6,7.7,0,0
AST_PE,D,20130702,000000,7.7,7.9,7.5,7.7,0,0
AST_PE,D,20130703,000000,7.7,7.7,7.5,7.6,0,0
AST_PE,D,20130704,000000,7.6,7.7,7.5,7.7,0,0
AST_PE,D,20130705,000000,7.7,7.8,7.6,7.7,0,0
AST_PE,D,20130708,000000,7.7,7.9,7.7,7.9,0,0
AST_PE,D,20130709,000000,7.7,8,7.7,7.9,0,0
AST_PE,D,20130710,000000,7.9,7.9,7.8,7.9,0,0
AST_PE,D,20130711,000000,8,8,7.8,7.9,0,0
AST_PE,D,20130712,000000,7.9,7.9,7.8,7.9,0,0
AST_PE,D,20130715,000000,7.9,8.1,7.9,8,0,0
AST_PE,D,20130716,000000,8,8,7.9,8,0,0
AST_PE,D,20130717,000000,8,8.1,8,8.1,0,0
AST_PE,D,20130718,000000,8.1,8.3,8,8.2,0,0
AST_PE,D,20130719,000000,8.3,8.4,8.2,8.4,0,0
AST_PE,D,20130722,000000,8.5,8.5,8.5,8.5,0,0
AST_PE,D,20130723,000000,8.5,9,8.5,9,0,0
AST_PE,D,20130724,000000,9,9.3,8.9,9.2,0,0
AST_PE,D,20130725,000000,9.2,9.2,9,9.2,0,0
AST_PE,D,20130726,000000,9.1,9.1,9,9,0,0
AST_PE,D,20130729,000000,8.9,9.4,8.9,9.2,0,0
AST_PE,D,20130730,000000,9.3,9.3,9.2,9.3,0,0
AST_PE,D,20130731,000000,9.1,9.3,9.1,9.2,0,0
AST_PE,D,20130801,000000,9.3,9.3,9,9.1,0,0
AST_PE,D,20130802,000000,8.9,9.1,8.9,9.1,0,0
AST_PE,D,20130805,000000,9,9.2,9,9.1,0,0
AST_PE,D,20130806,000000,9.1,9.3,9.1,9.1,0,0
AST_PE,D,20130807,000000,9.1,9.2,9.1,9.1,0,0
AST_PE,D,20130808,000000,9.1,9.2,9.1,9.1,0,0
AST_PE,D,20130809,000000,9.1,9.3,9.1,9.3,0,0
AST_PE,D,20130812,000000,9.2,9.4,9.2,9.4,0,0
AST_PE,D,20130813,000000,9.4,9.5,9.4,9.5,0,0
AST_PE,D,20130814,000000,9.5,9.6,9.5,9.6,0,0
AST_PE,D,20130816,000000,9.5,9.6,9.4,9.6,0,0
AST_PE,D,20130819,000000,9.6,9.6,9.2,9.3,0,0
AST_PE,D,20130820,000000,9.1,9.3,9.1,9.3,0,0
AST_PE,D,20130821,000000,9.2,9.5,9.2,9.5,0,0
AST_PE,D,20130822,000000,9.4,9.5,9.2,9.3,0,0
AST_PE,D,20130823,000000,9.3,9.3,9,9,0,0
AST_PE,D,20130826,000000,9.1,9.2,9,9.1,0,0
AST_PE,D,20130827,000000,9.1,9.3,8.9,9.3,0,0
AST_PE,D,20130828,000000,9.1,9.3,8.9,8.9,0,0
AST_PE,D,20130829,000000,8.9,8.9,8.6,8.9,0,0
AST_PE,D,20130830,000000,8.8,9,8.7,8.7,0,0
AST_PE,D,20130902,000000,8.7,8.8,8.7,8.7,0,0
AST_PE,D,20130903,000000,8.7,8.9,8.7,8.9,0,0
AST_PE,D,20130904,000000,9.1,9.1,8.8,8.8,0,0
AST_PE,D,20130905,000000,8.8,8.8,8.2,8.4,0,0
AST_PE,D,20130906,000000,8.5,8.5,8.3,8.3,0,0
AST_PE,D,20130909,000000,8.3,8.6,8.3,8.6,0,0
AST_PE,D,20130910,000000,8.7,9.3,8.7,9.1,0,0
AST_PE,D,20130911,000000,9.1,9.2,9,9.1,0,0
AST_PE,D,20130912,000000,9,9.1,8.9,8.9,0,0
AST_PE,D,20130913,000000,8.8,8.9,8.8,8.8,0,0
AST_PE,D,20130916,000000,8.8,9.1,8.8,9.1,0,0
AST_PE,D,20130917,000000,9.1,9.1,9,9.1,0,0
AST_PE,D,20130918,000000,9.1,9.1,8.9,9.1,0,0
AST_PE,D,20130919,000000,9.1,9.4,9.1,9.2,0,0
AST_PE,D,20130920,000000,9.4,9.4,9,9.1,0,0
AST_PE,D,20130923,000000,9.1,9.3,8.9,8.9,0,0
AST_PE,D,20130924,000000,9,9.1,8.8,9.1,0,0
AST_PE,D,20130925,000000,9.1,9.1,9.1,9.1,0,0
AST_PE,D,20130926,000000,9,9.4,8.9,9.4,0,0
AST_PE,D,20130927,000000,9.5,9.5,9.2,9.2,0,0
AST_PE,D,20130930,000000,9.1,9.3,8.9,9.3,0,0
AST_PE,D,20131001,000000,9.1,9.3,9.1,9.2,0,0
AST_PE,D,20131002,000000,9.2,9.2,9.1,9.1,0,0
AST_PE,D,20131003,000000,9.1,9.1,9,9.1,0,0
AST_PE,D,20131004,000000,9,9.1,9,9,0,0
AST_PE,D,20131007,000000,9,9,8.8,8.8,0,0
AST_PE,D,20131008,000000,8.8,9.2,8.7,9.2,0,0
AST_PE,D,20131009,000000,9.1,9.3,9.1,9.3,0,0
AST_PE,D,20131010,000000,9.1,9.3,9.1,9.2,0,0
AST_PE,D,20131011,000000,9.3,9.3,9.2,9.3,0,0
AST_PE,D,20131014,000000,9.2,9.2,9,9.1,0,0
AST_PE,D,20131015,000000,9.1,9.1,9.1,9.1,0,0
AST_PE,D,20131016,000000,9.1,9.1,8.8,8.8,0,0
AST_PE,D,20131017,000000,8.8,9.1,8.7,9.1,0,0
AST_PE,D,20131018,000000,8.9,9.4,8.9,9.4,0,0
AST_PE,D,20131021,000000,9.4,9.8,9.4,9.5,0,0
AST_PE,D,20131022,000000,9.5,9.6,9.4,9.5,0,0
AST_PE,D,20131023,000000,9.5,9.5,9.1,9.2,0,0
AST_PE,D,20131024,000000,9.4,9.4,9.2,9.2,0,0
AST_PE,D,20131025,000000,9.2,9.2,9.1,9.1,0,0
AST_PE,D,20131028,000000,9,9.1,8.9,9.1,0,0
AST_PE,D,20131029,000000,9,9,8.8,8.9,0,0
AST_PE,D,20131030,000000,9,9.1,8.4,8.4,0,0
AST_PE,D,20131031,000000,8.4,8.4,8.1,8.2,0,0
AST_PE,D,20131104,000000,8.1,8.3,8.1,8.2,0,0
AST_PE,D,20131105,000000,8.2,8.2,8.2,8.2,0,0
AST_PE,D,20131106,000000,8.2,8.2,8.2,8.2,0,0
AST_PE,D,20131107,000000,8.2,8.4,8.2,8.4,0,0
AST_PE,D,20131108,000000,8.4,8.7,8.4,8.4,0,0
AST_PE,D,20131112,000000,8.4,8.6,8.4,8.6,0,0
AST_PE,D,20131113,000000,8.6,8.6,8.4,8.5,0,0
AST_PE,D,20131114,000000,8.3,8.6,8.3,8.6,0,0
AST_PE,D,20131115,000000,8.3,8.7,8.3,8.5,0,0
AST_PE,D,20131118,000000,8.6,8.7,8.5,8.5,0,0
AST_PE,D,20131119,000000,8.5,8.5,8.5,8.5,0,0
AST_PE,D,20131120,000000,8.5,8.7,8.5,8.7,0,0
AST_PE,D,20131121,000000,8.7,8.7,8.7,8.7,0,0
AST_PE,D,20131122,000000,8.7,9.2,8.6,9.2,0,0
AST_PE,D,20131125,000000,9.3,9.3,9.2,9.2,0,0
AST_PE,D,20131126,000000,9.1,9.1,9,9,0,0
AST_PE,D,20131127,000000,9,9,8.9,9,0,0
AST_PE,D,20131128,000000,9.1,9.1,9.1,9.1,0,0
AST_PE,D,20131129,000000,9,9.1,8.7,9,0,0
AST_PE,D,20131202,000000,8.8,8.8,8.7,8.7,0,0
AST_PE,D,20131203,000000,8.7,9.1,8.6,9.1,0,0
AST_PE,D,20131204,000000,9.1,9.1,8.7,8.7,0,0
AST_PE,D,20131205,000000,9,9,8.6,8.7,0,0
AST_PE,D,20131206,000000,8.7,9,8.7,9,0,0
AST_PE,D,20131209,000000,8.8,9,8.8,8.8,0,0
AST_PE,D,20131210,000000,8.9,9,8.7,9,0,0
AST_PE,D,20131211,000000,8.9,8.9,8.9,8.9,0,0
AST_PE,D,20131212,000000,8.9,8.9,8.7,8.7,0,0
AST_PE,D,20131213,000000,8.7,8.8,8.7,8.7,0,0
AST_PE,D,20131216,000000,8.7,8.7,8.5,8.5,0,0
AST_PE,D,20131217,000000,8.4,8.5,7.9,7.9,0,0
AST_PE,D,20131218,000000,8.1,8.8,8,8.5,0,0
AST_PE,D,20131219,000000,8.6,8.7,8.5,8.7,0,0
AST_PE,D,20131220,000000,8.8,8.8,8.1,8.1,0,0
AST_PE,D,20131223,000000,8.6,8.7,8.1,8.6,0,0
AST_PE,D,20131227,000000,8.9,8.9,8.8,8.9,0,0
AST_PE,D,20131230,000000,9.1,9.2,8.7,9.1,0,0
AST_PE,D,20140102,000000,9.4,9.4,9.1,9.3,0,0
AST_PE,D,20140103,000000,9.1,9.3,9.1,9.3,0,0
AST_PE,D,20140107,000000,9.3,9.3,9.2,9.2,0,0
AST_PE,D,20140108,000000,9.2,9.2,9,9.2,0,0
AST_PE,D,20140109,000000,9.2,9.2,8.7,8.7,0,0
AST_PE,D,20140110,000000,8.7,8.9,8.5,8.9,0,0
AST_PE,D,20140113,000000,8.7,8.7,8.7,8.7,0,0
AST_PE,D,20140114,000000,8.7,9,8.7,9,0,0
AST_PE,D,20140115,000000,8.8,9,8.8,8.8,0,0
AST_PE,D,20140116,000000,8.6,9.3,8.6,8.9,0,0
AST_PE,D,20140117,000000,9,9.3,8.9,8.9,0,0
AST_PE,D,20140120,000000,8.9,9.2,8.9,9.2,0,0
AST_PE,D,20140122,000000,9,9.2,8.9,9,0,0
AST_PE,D,20140123,000000,9,9,9,9,0,0
AST_PE,D,20140124,000000,9,9,9,9,0,0
AST_PE,D,20140127,000000,8.9,9,8.9,9,0,0
AST_PE,D,20140128,000000,9.1,9.2,9.1,9.1,0,0
AST_PE,D,20140129,000000,9.1,9.1,9,9.1,0,0
AST_PE,D,20140130,000000,9.1,9.2,9,9,0,0
AST_PE,D,20140131,000000,9.1,9.2,9,9,0,0
AST_PE,D,20140203,000000,9,9.1,9,9.1,0,0
AST_PE,D,20140204,000000,9.1,9.1,9,9.1,0,0
AST_PE,D,20140205,000000,9.2,9.3,9.1,9.1,0,0
AST_PE,D,20140206,000000,9.2,9.2,9,9.1,0,0
AST_PE,D,20140207,000000,9,9,8.7,8.7,0,0
AST_PE,D,20140210,000000,8.7,8.7,8.3,8.5,0,0
AST_PE,D,20140211,000000,8.5,8.5,8.4,8.4,0,0
AST_PE,D,20140212,000000,8.4,8.4,8.1,8.2,0,0
AST_PE,D,20140213,000000,8.3,8.3,8,8,0,0
AST_PE,D,20140214,000000,8.2,8.2,8.1,8.1,0,0
AST_PE,D,20140217,000000,8.2,8.3,8.2,8.2,0,0
AST_PE,D,20140218,000000,8.2,8.2,7.9,8,0,0
AST_PE,D,20140219,000000,8,8,7.5,7.5,0,0
AST_PE,D,20140220,000000,7.5,7.5,7.1,7.1,0,0
AST_PE,D,20140221,000000,7.2,7.8,7,7.7,0,0
AST_PE,D,20140224,000000,8,8.1,7.9,8,0,0
AST_PE,D,20140225,000000,8.3,8.3,7.9,7.9,0,0
AST_PE,D,20140226,000000,7.9,7.9,7.6,7.7,0,0
AST_PE,D,20140227,000000,7.6,7.7,7.5,7.7,0,0
AST_PE,D,20140228,000000,7.7,7.7,7.3,7.4,0,0
AST_PE,D,20140303,000000,6.8,6.8,6.2,6.4,0,0
AST_PE,D,20140304,000000,6.4,6.8,6.4,6.6,0,0
AST_PE,D,20140305,000000,6.7,6.7,6.2,6.4,0,0
AST_PE,D,20140306,000000,6.5,6.5,6.2,6.3,0,0
AST_PE,D,20140307,000000,6.3,6.3,6.1,6.1,0,0
AST_PE,D,20140310,000000,6.3,6.3,5.6,5.6,0,0
AST_PE,D,20140311,000000,5.5,5.7,5.2,5.5,0,0
AST_PE,D,20140312,000000,5.5,5.6,5.1,5.2,0,0
AST_PE,D,20140313,000000,5.2,5.2,5.1,5.1,0,0
AST_PE,D,20140314,000000,5.2,5.2,5,5.1,0,0
AST_PE,D,20140317,000000,5.1,5.8,5.1,5.6,0,0
AST_PE,D,20140318,000000,5.8,6.3,5.8,5.9,0,0
AST_PE,D,20140319,000000,6,6,5.7,6,0,0
AST_PE,D,20140320,000000,6,6,5.8,6,0,0
AST_PE,D,20140321,000000,6,6.1,6,6.1,0,0
AST_PE,D,20140324,000000,6.1,6.1,5.9,6,0,0
AST_PE,D,20140325,000000,5.9,6.2,5.9,6.1,0,0
AST_PE,D,20140326,000000,6.1,6.1,5.9,6,0,0
AST_PE,D,20140327,000000,6.1,6.1,5.9,5.9,0,0
AST_PE,D,20140328,000000,6,6,5.7,5.7,0,0
AST_PE,D,20140331,000000,5.7,6,5.7,6,0,0
AST_PE,D,20140401,000000,6.1,6.3,6.1,6.1,0,0
AST_PE,D,20140402,000000,6.2,6.6,6.2,6.6,0,0
AST_PE,D,20140403,000000,6.7,6.7,6.4,6.4,0,0
AST_PE,D,20140404,000000,6.5,6.5,6.1,6.4,0,0
AST_PE,D,20140407,000000,6.3,6.3,6,6,0,0
AST_PE,D,20140408,000000,6,6,5.7,5.9,0,0
AST_PE,D,20140409,000000,6,6.1,5.9,6,0,0
AST_PE,D,20140410,000000,5.8,6.1,5.8,6,0,0
AST_PE,D,20140411,000000,6,6,6,6,0,0
AST_PE,D,20140414,000000,5.9,5.9,5.7,5.9,0,0
AST_PE,D,20140415,000000,5.8,5.8,5.6,5.6,0,0
AST_PE,D,20140416,000000,5.6,9.2,5.3,9.2,0,0
AST_PE,D,20140417,000000,9.2,9.4,9.2,9.3,0,0
AST_PE,D,20140422,000000,9.4,9.7,9.3,9.6,0,0
AST_PE,D,20140423,000000,9.9,9.9,9.4,9.6,0,0
AST_PE,D,20140424,000000,9.4,9.5,9.4,9.4,0,0
AST_PE,D,20140425,000000,9.4,9.4,9.4,9.4,0,0
AST_PE,D,20140428,000000,9.1,9.4,9.1,9.4,0,0
AST_PE,D,20140429,000000,9.2,9.3,9.2,9.3,0,0
AST_PE,D,20140430,000000,9.3,9.7,9.3,9.6,0,0
AST_PE,D,20140502,000000,9.6,9.6,9.2,9.6,0,0
AST_PE,D,20140505,000000,9.4,9.6,9.4,9.4,0,0
AST_PE,D,20140506,000000,9.2,9.4,9.1,9.1,0,0
AST_PE,D,20140507,000000,8.9,9,8.7,8.9,0,0
AST_PE,D,20140508,000000,9.1,9.3,8.9,9,0,0
AST_PE,D,20140509,000000,8.9,9.2,8.9,9,0,0
AST_PE,D,20140512,000000,9,9.1,8.5,9.1,0,0
AST_PE,D,20140513,000000,9.2,9.2,8.9,9.2,0,0
AST_PE,D,20160330,000000,13.8,13.8,13.8,13.8,0,0
AST_PE,D,20160331,000000,13.4,14.1,13.4,13.9,0,0
AST_PE,D,20160401,000000,13.7,13.7,13.3,13.5,0,0
AST_PE,D,20160404,000000,13.5,14.2,13.5,14.2,0,0
AST_PE,D,20160405,000000,14.2,14.2,13.7,14.1,0,0
AST_PE,D,20160406,000000,14,14,13.7,14,0,0
AST_PE,D,20160407,000000,13.9,14.2,13.9,14.1,0,0
AST_PE,D,20160408,000000,14.1,14.2,14,14.2,0,0
AST_PE,D,20160411,000000,14.2,15.1,14.2,14.8,0,0
AST_PE,D,20160412,000000,14.8,15.3,14.8,15.2,0,0
AST_PE,D,20160413,000000,15.4,16.1,15.4,16,0,0
AST_PE,D,20160414,000000,16,16.2,15.8,16.2,0,0
AST_PE,D,20160415,000000,16.3,16.3,15.8,16,0,0
AST_PE,D,20160418,000000,15.8,15.8,15.3,15.6,0,0
AST_PE,D,20160419,000000,15.1,16.4,15.1,16.4,0,0
AST_PE,D,20160420,000000,16.6,17.4,16.5,17,0,0
AST_PE,D,20160421,000000,17.5,17.5,17,17.1,0,0
AST_PE,D,20160422,000000,17.1,17.1,17,17,0,0
AST_PE,D,20160425,000000,17.4,17.7,17.1,17.1,0,0
AST_PE,D,20160426,000000,17.1,17.6,16.6,17.4,0,0
AST_PE,D,20160427,000000,17.1,17.5,17.1,17.5,0,0
AST_PE,D,20160428,000000,17.4,17.5,16.8,16.8,0,0
AST_PE,D,20160429,000000,17,17.2,16.4,16.8,0,0
AST_PE,D,20160502,000000,17.2,17.2,16.9,17,0,0
AST_PE,D,20160504,000000,16.7,16.9,16.3,16.6,0,0
AST_PE,D,20160505,000000,16.6,16.6,16.2,16.6,0,0
AST_PE,D,20160506,000000,16.9,17,16.4,16.4,0,0
AST_PE,D,20160509,000000,16.2,16.2,15.8,15.8,0,0
AST_PE,D,20160510,000000,15.9,15.9,15.1,15.9,0,0
AST_PE,D,20160511,000000,15.9,15.9,15.8,15.8,0,0
AST_PE,D,20160512,000000,15.9,15.9,3.9,3.9,0,0
AST_PE,D,20160513,000000,3.8,4,3.8,3.8,0,0
AST_PE,D,20160516,000000,3.7,3.9,3.6,3.7,0,0
AST_PE,D,20160517,000000,3.6,4,3.6,4,0,0
AST_PE,D,20160518,000000,4,4,3.8,3.9,0,0
AST_PE,D,20160519,000000,3.9,4,3.9,3.9,0,0
AST_PE,D,20160520,000000,3.8,3.8,3.7,3.8,0,0
AST_PE,D,20160523,000000,3.8,3.8,3.7,3.7,0,0
AST_PE,D,20160524,000000,3.6,3.7,3.5,3.5,0,0
AST_PE,D,20160525,000000,3.5,3.6,3.5,3.5,0,0
AST_PE,D,20160527,000000,3.5,3.6,3.5,3.6,0,0
AST_PE,D,20160530,000000,3.6,3.7,3.6,3.7,0,0
AST_PE,D,20160531,000000,3.7,3.8,3.7,3.8,0,0
AST_PE,D,20160601,000000,3.8,3.8,3.7,3.7,0,0
AST_PE,D,20160602,000000,3.7,3.7,3.6,3.7,0,0
AST_PE,D,20160603,000000,3.8,4,3.8,3.9,0,0
AST_PE,D,20160606,000000,4,4.1,4,4,0,0
AST_PE,D,20160607,000000,4.1,4.2,4.1,4.2,0,0
AST_PE,D,20160608,000000,4.2,4.3,4.2,4.3,0,0
AST_PE,D,20160609,000000,4.3,4.3,4.2,4.2,0,0
AST_PE,D,20160610,000000,4.2,4.2,4,4.2,0,0
AST_PE,D,20160613,000000,4.1,4.2,4.1,4.2,0,0
AST_PE,D,20160614,000000,4.2,4.2,4,4,0,0
AST_PE,D,20160615,000000,4,4,4,4,0,0
AST_PE,D,20160616,000000,4,4.1,4,4,0,0
AST_PE,D,20160617,000000,4.1,4.1,4,4.1,0,0
AST_PE,D,20160620,000000,4.1,4.1,4.1,4.1,0,0
AST_PE,D,20160621,000000,4.1,4.1,4.1,4.1,0,0
AST_PE,D,20160622,000000,4.1,4.1,4.1,4.1,0,0
AST_PE,D,20160623,000000,4.1,4.2,4.1,4.1,0,0
AST_PE,D,20160624,000000,4.1,4.1,3.9,4,0,0
AST_PE,D,20160627,000000,4,4.1,3.9,3.9,0,0
AST_PE,D,20160628,000000,3.9,4,3.9,4,0,0
AST_PE,D,20160629,000000,4,4.1,4,4.1,0,0
AST_PE,D,20160630,000000,4.1,4.2,4.1,4.2,0,0
AST_PE,D,20160701,000000,4.2,4.2,4.1,4.1,0,0
AST_PE,D,20160704,000000,4.1,4.1,4,4,0,0
AST_PE,D,20160705,000000,4,4,4,4,0,0
AST_PE,D,20160706,000000,4,4,4,4,0,0
AST_PE,D,20160707,000000,4,4,4,4,0,0
AST_PE,D,20160708,000000,4,4,4,4,0,0
AST_PE,D,20160711,000000,4,4,4,4,0,0
AST_PE,D,20160712,000000,4,4.1,4,4.1,0,0
AST_PE,D,20160713,000000,4.1,4.1,4,4,0,0
AST_PE,D,20160714,000000,4,4.1,4,4.1,0,0
AST_PE,D,20160715,000000,4.1,4.2,4.1,4.2,0,0
AST_PE,D,20160718,000000,4.2,4.3,4.2,4.2,0,0
AST_PE,D,20160719,000000,4.2,4.3,4.1,4.2,0,0
AST_PE,D,20160720,000000,4.3,4.3,4.2,4.3,0,0
AST_PE,D,20160721,000000,4.2,4.2,4.2,4.2,0,0
AST_PE,D,20160722,000000,4.3,4.3,4.2,4.3,0,0
AST_PE,D,20160725,000000,4.3,4.4,4.3,4.4,0,0
AST_PE,D,20160726,000000,4.4,4.4,4.3,4.4,0,0
AST_PE,D,20160727,000000,4.4,4.5,4.4,4.4,0,0
AST_PE,D,20160728,000000,4.5,4.5,4.4,4.4,0,0
AST_PE,D,20160729,000000,4.4,4.5,4.3,4.4,0,0
AST_PE,D,20160801,000000,4.5,4.9,4.5,4.6,0,0
AST_PE,D,20160802,000000,4.6,4.6,4.6,4.6,0,0
AST_PE,D,20160803,000000,4.6,4.7,4.6,4.7,0,0
AST_PE,D,20160804,000000,4.7,4.9,4.7,4.8,0,0
AST_PE,D,20160805,000000,4.9,4.9,4.8,4.8,0,0
AST_PE,D,20160808,000000,4.8,4.9,4.8,4.8,0,0
AST_PE,D,20160809,000000,4.8,4.9,4.8,4.9,0,0
AST_PE,D,20160810,000000,4.9,5,4.9,5,0,0
AST_PE,D,20160811,000000,5,5,4.7,4.7,0,0
AST_PE,D,20160812,000000,4.9,4.9,4.2,4.2,0,0
AST_PE,D,20160816,000000,4.3,4.3,4.2,4.3,0,0
AST_PE,D,20160817,000000,4.3,4.3,4.3,4.3,0,0
AST_PE,D,20160818,000000,4.4,4.4,4.3,4.3,0,0
AST_PE,D,20160819,000000,4.3,4.3,4.2,4.2,0,0
AST_PE,D,20160822,000000,4.2,4.3,4.2,4.3,0,0
AST_PE,D,20160823,000000,4.3,4.3,4.2,4.2,0,0
AST_PE,D,20160824,000000,4.3,4.3,4.2,4.3,0,0
AST_PE,D,20160825,000000,4.4,4.4,4.2,4.2,0,0
AST_PE,D,20160826,000000,4.4,4.4,4.3,4.4,0,0
AST_PE,D,20160829,000000,4.4,4.4,4.4,4.4,0,0
AST_PE,D,20160830,000000,4.4,4.4,4.3,4.4,0,0
AST_PE,D,20160831,000000,4.4,4.4,4.2,4.3,0,0
AST_PE,D,20160901,000000,4.3,4.3,4.2,4.3,0,0
AST_PE,D,20160902,000000,4.1,4.5,4.1,4.5,0,0
AST_PE,D,20160905,000000,4.5,4.6,4.5,4.5,0,0
AST_PE,D,20160906,000000,4.5,4.5,4.4,4.5,0,0
AST_PE,D,20160907,000000,4.5,4.5,4.5,4.5,0,0
AST_PE,D,20160908,000000,4.5,4.6,4.5,4.6,0,0
AST_PE,D,20160909,000000,4.6,4.6,4.3,4.4,0,0
AST_PE,D,20160912,000000,4.5,4.5,4.4,4.4,0,0
AST_PE,D,20160913,000000,4.5,4.6,4.4,4.5,0,0
AST_PE,D,20160914,000000,4.5,4.5,4.5,4.5,0,0
AST_PE,D,20160915,000000,4.5,4.5,4.5,4.5,0,0
AST_PE,D,20160916,000000,4.5,4.5,4.5,4.5,0,0
AST_PE,D,20160919,000000,4.6,4.6,4.5,4.6,0,0
AST_PE,D,20160920,000000,4.5,4.6,4.5,4.5,0,0
AST_PE,D,20160921,000000,4.4,4.5,4.4,4.4,0,0
AST_PE,D,20160922,000000,4.3,4.5,4.3,4.5,0,0
AST_PE,D,20160923,000000,4.5,4.5,4.4,4.4,0,0
AST_PE,D,20160926,000000,4.4,4.5,4.4,4.5,0,0
AST_PE,D,20160927,000000,4.4,4.5,4.4,4.5,0,0
AST_PE,D,20160928,000000,4.5,4.5,4.5,4.5,0,0
AST_PE,D,20160929,000000,4.5,4.5,4.5,4.5,0,0
AST_PE,D,20160930,000000,4.5,4.5,4.4,4.5,0,0
AST_PE,D,20161003,000000,4.5,4.5,4.5,4.5,0,0
AST_PE,D,20161004,000000,4.6,4.6,4.5,4.5,0,0
AST_PE,D,20161005,000000,4.5,4.6,4.5,4.5,0,0
AST_PE,D,20161006,000000,4.5,4.5,4.5,4.5,0,0
AST_PE,D,20161007,000000,4.5,4.5,4.4,4.5,0,0
AST_PE,D,20161010,000000,4.5,4.6,4.5,4.6,0,0
AST_PE,D,20161011,000000,4.6,4.7,4.6,4.6,0,0
AST_PE,D,20161012,000000,4.6,4.6,4.6,4.6,0,0
AST_PE,D,20161013,000000,4.6,4.7,4.6,4.6,0,0
AST_PE,D,20161014,000000,4.5,4.6,4.5,4.6,0,0
AST_PE,D,20161017,000000,4.5,4.7,4.5,4.5,0,0
AST_PE,D,20161018,000000,4.5,4.6,4.5,4.5,0,0
AST_PE,D,20161019,000000,4.5,4.5,4.5,4.5,0,0
AST_PE,D,20161020,000000,4.5,4.6,4.5,4.5,0,0
AST_PE,D,20161021,000000,4.5,4.5,4.5,4.5,0,0
AST_PE,D,20161024,000000,4.6,4.6,4.6,4.6,0,0
AST_PE,D,20161025,000000,4.6,4.6,4.6,4.6,0,0
AST_PE,D,20161026,000000,4.6,4.7,4.6,4.7,0,0
AST_PE,D,20161027,000000,4.7,4.7,4.6,4.6,0,0
AST_PE,D,20161028,000000,4.5,4.6,4.5,4.5,0,0
AST_PE,D,20161031,000000,4.5,4.6,4.4,4.5,0,0
AST_PE,D,20161102,000000,4.4,4.4,4.3,4.3,0,0
AST_PE,D,20161103,000000,4.2,4.3,4.1,4.3,0,0
AST_PE,D,20161104,000000,4.2,4.3,4.2,4.2,0,0
AST_PE,D,20161107,000000,4.2,4.2,4.2,4.2,0,0
AST_PE,D,20161108,000000,4.2,4.3,4.2,4.3,0,0
AST_PE,D,20161109,000000,4.2,4.3,4.2,4.2,0,0
AST_PE,D,20161110,000000,4.3,4.4,4.2,4.4,0,0
AST_PE,D,20161114,000000,4.3,4.3,4.3,4.3,0,0
AST_PE,D,20161115,000000,4.3,4.4,4.3,4.3,0,0
AST_PE,D,20161116,000000,4.3,4.4,4.3,4.4,0,0
AST_PE,D,20161117,000000,4.4,4.5,4.3,4.3,0,0
AST_PE,D,20161118,000000,4.3,4.4,4.3,4.3,0,0
AST_PE,D,20161121,000000,4.4,4.4,4.3,4.4,0,0
AST_PE,D,20161122,000000,4.4,4.4,4.3,4.4,0,0
AST_PE,D,20161123,000000,4.3,4.4,4.3,4.3,0,0
AST_PE,D,20161124,000000,4.3,4.3,4.2,4.3,0,0
AST_PE,D,20161125,000000,4.3,4.4,4.2,4.3,0,0
AST_PE,D,20161128,000000,4.4,4.4,4.3,4.4,0,0
AST_PE,D,20161129,000000,4.4,4.4,4.4,4.4,0,0
AST_PE,D,20161130,000000,4.3,4.4,4.3,4.4,0,0
AST_PE,D,20161201,000000,4.4,4.5,4.4,4.4,0,0
AST_PE,D,20161202,000000,4.4,4.4,4.4,4.4,0,0
AST_PE,D,20161205,000000,4.4,4.5,4.4,4.5,0,0
AST_PE,D,20161206,000000,4.5,4.5,4.4,4.4,0,0
AST_PE,D,20161207,000000,4.4,4.5,4.3,4.3,0,0
AST_PE,D,20161208,000000,4.3,4.5,4.3,4.5,0,0
AST_PE,D,20161209,000000,4.5,4.5,4.4,4.4,0,0
AST_PE,D,20161212,000000,4.4,4.5,4.4,4.5,0,0
AST_PE,D,20161213,000000,4.5,4.6,4.4,4.4,0,0
AST_PE,D,20161214,000000,4.5,4.5,4.3,4.4,0,0
AST_PE,D,20161215,000000,4.5,4.6,4.4,4.5,0,0
AST_PE,D,20161216,000000,4.4,4.5,4.4,4.5,0,0
AST_PE,D,20161219,000000,4.4,4.5,4.4,4.4,0,0
AST_PE,D,20161220,000000,4.3,4.4,4.3,4.4,0,0
AST_PE,D,20161221,000000,4.4,4.4,4.4,4.4,0,0
AST_PE,D,20161222,000000,4.4,4.4,4.3,4.4,0,0
AST_PE,D,20161223,000000,4.4,4.5,4.4,4.5,0,0
AST_PE,D,20161227,000000,4.5,4.5,4.4,4.4,0,0
AST_PE,D,20161228,000000,4.5,4.5,4.5,4.5,0,0
AST_PE,D,20161229,000000,4.5,4.5,4.4,4.5,0,0
AST_PE,D,20161230,000000,4.5,4.5,4.5,4.5,0,0
AST_PE,D,20170102,000000,4.7,4.7,4.5,4.6,0,0
AST_PE,D,20170103,000000,4.6,4.6,4.6,4.6,0,0
AST_PE,D,20170104,000000,4.6,4.6,4.6,4.6,0,0
AST_PE,D,20170105,000000,4.6,4.8,4.6,4.7,0,0
AST_PE,D,20170109,000000,4.8,4.8,4.8,4.8,0,0
AST_PE,D,20170110,000000,4.8,4.8,4.8,4.8,0,0
AST_PE,D,20170111,000000,4.8,4.9,4.8,4.9,0,0
AST_PE,D,20170112,000000,4.9,4.9,4.9,4.9,0,0
AST_PE,D,20170113,000000,4.9,5.1,4.9,5.1,0,0
AST_PE,D,20170116,000000,5.1,5.4,5.1,5.2,0,0
AST_PE,D,20170117,000000,5.2,5.5,5.2,5.4,0,0
AST_PE,D,20170118,000000,5.4,5.6,5.4,5.5,0,0
AST_PE,D,20170119,000000,5.5,5.5,5.4,5.4,0,0
AST_PE,D,20170120,000000,5.4,5.4,5.3,5.4,0,0
AST_PE,D,20170123,000000,5.3,5.4,5.3,5.3,0,0
AST_PE,D,20170124,000000,5.4,5.4,5.3,5.4,0,0
AST_PE,D,20170125,000000,5.4,5.4,5.2,5.3,0,0
AST_PE,D,20170126,000000,5.3,5.4,5.3,5.3,0,0
AST_PE,D,20170127,000000,5.4,5.4,5.3,5.4,0,0
AST_PE,D,20170130,000000,5.5,5.5,5.4,5.4,0,0
AST_PE,D,20170131,000000,5.4,5.4,5.3,5.3,0,0
AST_PE,D,20170201,000000,5.3,5.4,5.2,5.2,0,0
AST_PE,D,20170202,000000,5.2,5.3,5.2,5.3,0,0
AST_PE,D,20170203,000000,5.3,5.3,5.2,5.3,0,0
AST_PE,D,20170206,000000,5.3,5.3,5.2,5.3,0,0
AST_PE,D,20170207,000000,5.2,5.3,5.2,5.3,0,0
AST_PE,D,20170208,000000,5.4,5.4,5.3,5.3,0,0
AST_PE,D,20170209,000000,5.4,5.4,5.2,5.3,0,0
AST_PE,D,20170210,000000,5.3,5.4,5.3,5.3,0,0
AST_PE,D,20170213,000000,5.3,5.4,5.3,5.3,0,0
AST_PE,D,20170214,000000,5.3,5.3,5.3,5.3,0,0
AST_PE,D,20170215,000000,5.3,5.3,5.3,5.3,0,0
AST_PE,D,20170216,000000,5.3,5.3,5.2,5.2,0,0
AST_PE,D,20170217,000000,5.2,5.2,5.2,5.2,0,0
AST_PE,D,20170220,000000,5.3,5.4,5.3,5.3,0,0
AST_PE,D,20170221,000000,5.3,5.3,5.2,5.2,0,0
AST_PE,D,20170222,000000,5.2,5.3,5.2,5.3,0,0
AST_PE,D,20170223,000000,5.3,5.3,5.3,5.3,0,0
AST_PE,D,20170224,000000,5.3,5.3,5.3,5.3,0,0
AST_PE,D,20170227,000000,5.3,5.8,5.3,5.6,0,0
AST_PE,D,20170228,000000,5.7,5.7,5.5,5.6,0,0
AST_PE,D,20170301,000000,5.6,5.6,5.5,5.6,0,0
AST_PE,D,20170302,000000,5.6,5.9,5.6,5.9,0,0
AST_PE,D,20170303,000000,5.9,6,5.9,5.9,0,0
AST_PE,D,20170306,000000,5.9,5.9,5.8,5.8,0,0
AST_PE,D,20170307,000000,5.8,6,5.8,6,0,0
AST_PE,D,20170308,000000,6,6,5.7,5.8,0,0
AST_PE,D,20170309,000000,5.7,5.8,5.7,5.8,0,0
AST_PE,D,20170310,000000,5.8,5.9,5.7,5.7,0,0
AST_PE,D,20170313,000000,5.8,5.8,5.8,5.8,0,0
AST_PE,D,20170314,000000,5.8,5.8,5.6,5.7,0,0
AST_PE,D,20170315,000000,5.7,5.7,5.5,5.6,0,0
AST_PE,D,20170316,000000,5.6,5.8,5.6,5.8,0,0
AST_PE,D,20170317,000000,5.9,5.9,5.7,5.9,0,0
AST_PE,D,20170320,000000,5.9,5.9,5.7,5.9,0,0
AST_PE,D,20170321,000000,5.9,5.9,5.8,5.9,0,0
AST_PE,D,20170322,000000,5.9,5.9,5.8,5.9,0,0
AST_PE,D,20170323,000000,5.9,5.9,5.8,5.8,0,0
AST_PE,D,20170324,000000,5.9,5.9,5.8,5.8,0,0
AST_PE,D,20170327,000000,5.9,5.9,5.7,5.9,0,0
AST_PE,D,20170328,000000,5.9,5.9,5.7,5.8,0,0
AST_PE,D,20170329,000000,5.8,5.9,5.8,5.9,0,0
AST_PE,D,20170330,000000,5.8,5.9,5.7,5.8,0,0
AST_PE,D,20170331,000000,5.9,5.9,5.8,5.9,0,0
AST_PE,D,20170403,000000,5.9,6,5.9,6,0,0
AST_PE,D,20170404,000000,6,6,5.9,5.9,0,0
AST_PE,D,20170405,000000,5.9,5.9,5.9,5.9,0,0
AST_PE,D,20170406,000000,5.9,5.9,5.9,5.9,0,0
AST_PE,D,20170407,000000,5.9,5.9,5.9,5.9,0,0
AST_PE,D,20170410,000000,6,6.1,5,5,0,0
AST_PE,D,20170411,000000,4.9,4.9,4.9,4.9,0,0
AST_PE,D,20170412,000000,4.9,4.9,4.8,4.8,0,0
AST_PE,D,20170413,000000,4.8,4.8,4.8,4.8,0,0
AST_PE,D,20170418,000000,4.8,4.9,4.8,4.9,0,0
AST_PE,D,20170419,000000,4.9,4.9,4.8,4.8,0,0
AST_PE,D,20170420,000000,4.8,4.8,4.8,4.8,0,0
AST_PE,D,20170421,000000,4.8,4.8,4.8,4.8,0,0
AST_PE,D,20170424,000000,4.8,4.8,4.8,4.8,0,0
AST_PE,D,20170425,000000,4.8,4.8,4.8,4.8,0,0
AST_PE,D,20170426,000000,5,5.2,5,5,0,0
AST_PE,D,20170427,000000,5,5.1,5,5.1,0,0
AST_PE,D,20170428,000000,5.1,5.2,5.1,5.1,0,0
AST_PE,D,20170502,000000,5,5,5,5,0,0
AST_PE,D,20170504,000000,5,5.2,5,5.2,0,0
AST_PE,D,20170505,000000,5.2,5.2,5.2,5.2,0,0
AST_PE,D,20170508,000000,5.2,5.2,5.1,5.1,0,0
AST_PE,D,20170509,000000,5.1,5.1,5.1,5.1,0,0
AST_PE,D,20170510,000000,5.1,5.1,5.1,5.1,0,0
AST_PE,D,20170511,000000,5.2,5.2,4.4,4.4,0,0
AST_PE,D,20170512,000000,4.4,4.4,4.3,4.3,0,0
AST_PE,D,20170515,000000,4.3,4.4,4.3,4.4,0,0
AST_PE,D,20170516,000000,4.4,4.5,4.4,4.5,0,0
AST_PE,D,20170517,000000,4.5,4.5,4.4,4.4,0,0
AST_PE,D,20170518,000000,4.4,4.4,4.3,4.4,0,0
AST_PE,D,20170519,000000,4.4,4.5,4.4,4.4,0,0
AST_PE,D,20170522,000000,4.4,4.4,4.3,4.4,0,0
AST_PE,D,20170523,000000,4.4,4.5,4.4,4.5,0,0
AST_PE,D,20170524,000000,4.5,4.5,4.4,4.4,0,0
AST_PE,D,20170525,000000,4.4,4.4,4.3,4.3,0,0
AST_PE,D,20170526,000000,4.3,4.3,4,4.3,0,0
AST_PE,D,20170529,000000,4.2,4.3,4.2,4.2,0,0
AST_PE,D,20170530,000000,4.2,4.3,4.2,4.2,0,0
AST_PE,D,20170531,000000,4.3,4.3,4.2,4.2,0,0
AST_PE,D,20170601,000000,4.2,4.2,4.2,4.2,0,0
AST_PE,D,20170602,000000,4.2,4.2,4.1,4.1,0,0
AST_PE,D,20170605,000000,4.1,4.1,4.1,4.1,0,0
AST_PE,D,20170606,000000,4,4.1,4,4.1,0,0
AST_PE,D,20170607,000000,4.1,4.1,4.1,4.1,0,0
AST_PE,D,20170608,000000,4.2,4.2,4.1,4.1,0,0
AST_PE,D,20170609,000000,4.1,4.2,4.1,4.2,0,0
AST_PE,D,20170612,000000,4.2,4.2,4.2,4.2,0,0
AST_PE,D,20170613,000000,4.3,4.3,4.2,4.2,0,0
AST_PE,D,20170614,000000,4.2,4.2,4.2,4.2,0,0
AST_PE,D,20170616,000000,4.2,4.2,4.2,4.2,0,0
AST_PE,D,20170619,000000,4.2,4.2,4.2,4.2,0,0
AST_PE,D,20170620,000000,4.2,4.2,4.2,4.2,0,0
AST_PE,D,20170621,000000,4.2,4.2,4.1,4.1,0,0
AST_PE,D,20170622,000000,4.1,4.1,4.1,4.1,0,0
AST_PE,D,20170623,000000,4.2,4.2,4.1,4.1,0,0
AST_PE,D,20170626,000000,4.1,4.2,4.1,4.1,0,0
AST_PE,D,20170627,000000,4.1,4.1,4,4.1,0,0
AST_PE,D,20170628,000000,4.1,4.1,4.1,4.1,0,0
AST_PE,D,20170629,000000,4.1,4.2,4,4.1,0,0
AST_PE,D,20170630,000000,4.1,4.2,4.1,4.2,0,0
AST_PE,D,20170703,000000,4.2,4.2,4.1,4.1,0,0
AST_PE,D,20170704,000000,4.1,4.1,4.1,4.1,0,0
AST_PE,D,20170705,000000,4.2,4.2,4.1,4.1,0,0
AST_PE,D,20170706,000000,4.2,4.2,4.1,4.1,0,0
AST_PE,D,20170707,000000,4.1,4.1,4.1,4.1,0,0
AST_PE,D,20170710,000000,4,4.1,4,4.1,0,0
AST_PE,D,20170711,000000,4,4.1,4,4,0,0
AST_PE,D,20170712,000000,4,4,4,4,0,0
AST_PE,D,20170713,000000,4,4,4,4,0,0
AST_PE,D,20170714,000000,4,4,3.9,4,0,0
AST_PE,D,20170717,000000,4,4,3.9,3.9,0,0
AST_PE,D,20170718,000000,3.9,3.9,3.8,3.8,0,0
AST_PE,D,20170719,000000,3.8,3.9,3.8,3.9,0,0
AST_PE,D,20170720,000000,3.8,4,3.8,4,0,0
AST_PE,D,20170721,000000,4,4.3,4,4.1,0,0
AST_PE,D,20170724,000000,4.1,4.3,4.1,4.2,0,0
AST_PE,D,20170725,000000,4.2,4.3,4.2,4.3,0,0
AST_PE,D,20170726,000000,4.3,4.3,4.2,4.2,0,0
AST_PE,D,20170727,000000,4.2,4.3,4.2,4.3,0,0
AST_PE,D,20170728,000000,4.3,4.3,4.3,4.3,0,0
AST_PE,D,20170731,000000,4.3,4.3,4.2,4.3,0,0
AST_PE,D,20170801,000000,4.3,4.3,4.2,4.2,0,0
AST_PE,D,20170802,000000,4.2,4.3,4.1,4.1,0,0
AST_PE,D,20170803,000000,4.1,4.1,4,4.1,0,0
AST_PE,D,20170804,000000,4.2,4.2,4,4,0,0
AST_PE,D,20170807,000000,4.1,4.1,4,4.1,0,0
AST_PE,D,20170808,000000,4.1,4.1,4,4,0,0
AST_PE,D,20170809,000000,4.1,4.1,4,4,0,0
AST_PE,D,20170810,000000,4,4,4,4,0,0
AST_PE,D,20170811,000000,4,4.1,4,4.1,0,0
AST_PE,D,20170814,000000,4.1,4.1,4,4,0,0
AST_PE,D,20170816,000000,4,4.1,4,4,0,0
AST_PE,D,20170817,000000,4,4,4,4,0,0
AST_PE,D,20170818,000000,4,4,3.9,4,0,0
AST_PE,D,20170821,000000,4,4,4,4,0,0
AST_PE,D,20170822,000000,3.9,4.7,3.9,4.7,0,0
AST_PE,D,20170823,000000,4.6,4.6,4.6,4.6,0,0
AST_PE,D,20170824,000000,4.6,4.6,4.5,4.5,0,0
AST_PE,D,20170825,000000,4.5,4.5,4.3,4.4,0,0
AST_PE,D,20170828,000000,4.4,4.4,4.3,4.3,0,0
AST_PE,D,20170829,000000,4.3,4.3,4,4,0,0
AST_PE,D,20170830,000000,4,4.1,3.9,4,0,0
AST_PE,D,20170831,000000,4,4.2,4,4.2,0,0
AST_PE,D,20170901,000000,4.4,4.4,4.3,4.3,0,0
AST_PE,D,20170904,000000,4.3,4.6,4.3,4.6,0,0
AST_PE,D,20170905,000000,4.6,4.7,4.6,4.6,0,0
AST_PE,D,20170906,000000,4.6,4.7,4.5,4.6,0,0
AST_PE,D,20170907,000000,4.5,4.5,4.4,4.4,0,0
AST_PE,D,20170908,000000,4.4,4.4,4.4,4.4,0,0
AST_PE,D,20170911,000000,4.5,4.5,4.3,4.3,0,0
AST_PE,D,20170912,000000,4.3,4.4,4.3,4.4,0,0
AST_PE,D,20170913,000000,4.4,4.4,4.3,4.3,0,0
AST_PE,D,20170914,000000,4.2,4.3,4.2,4.3,0,0
AST_PE,D,20170915,000000,4.3,4.3,4.2,4.2,0,0
AST_PE,D,20170918,000000,4.3,4.3,4.1,4.1,0,0
AST_PE,D,20170919,000000,4.1,4.1,4,4,0,0
AST_PE,D,20170920,000000,4,4,3.8,4,0,0
AST_PE,D,20170921,000000,4,4,3.8,3.9,0,0
AST_PE,D,20170922,000000,3.9,3.9,3.6,3.7,0,0
AST_PE,D,20170925,000000,3.8,3.8,3.7,3.7,0,0
AST_PE,D,20170926,000000,3.8,3.9,3.7,3.8,0,0
AST_PE,D,20170927,000000,3.8,3.8,3.8,3.8,0,0
AST_PE,D,20170928,000000,3.8,3.8,3.8,3.8,0,0
AST_PE,D,20170929,000000,3.8,3.8,3.8,3.8,0,0
AST_PE,D,20171002,000000,3.8,3.8,3.8,3.8,0,0
AST_PE,D,20171003,000000,3.8,3.8,3.8,3.8,0,0
AST_PE,D,20171004,000000,3.8,3.8,3.7,3.7,0,0
AST_PE,D,20171005,000000,3.7,3.7,3.6,3.6,0,0
AST_PE,D,20171006,000000,3.6,3.7,3.6,3.7,0,0
AST_PE,D,20171009,000000,3.7,3.7,3.7,3.7,0,0
AST_PE,D,20171010,000000,3.7,3.8,3.7,3.8,0,0
AST_PE,D,20171011,000000,3.8,3.8,3.7,3.8,0,0
AST_PE,D,20171012,000000,3.8,3.9,3.8,3.9,0,0
AST_PE,D,20171013,000000,3.8,3.9,3.8,3.9,0,0
AST_PE,D,20171016,000000,3.9,4,3.9,3.9,0,0
AST_PE,D,20171017,000000,3.9,4,3.9,4,0,0
AST_PE,D,20171018,000000,3.9,3.9,3.9,3.9,0,0
AST_PE,D,20171019,000000,4,4,3.8,3.8,0,0
AST_PE,D,20171020,000000,3.8,3.9,3.8,3.8,0,0
AST_PE,D,20171023,000000,3.8,3.8,3.8,3.8,0,0
AST_PE,D,20171024,000000,3.9,3.9,3.6,3.6,0,0
AST_PE,D,20171025,000000,3.6,3.6,3.6,3.6,0,0
AST_PE,D,20171026,000000,3.6,3.7,3.6,3.7,0,0
AST_PE,D,20171027,000000,3.7,3.7,3.6,3.6,0,0
AST_PE,D,20171030,000000,3.6,3.6,3.6,3.6,0,0
AST_PE,D,20171031,000000,3.6,3.6,3.6,3.6,0,0
AST_PE,D,20171102,000000,3.6,3.6,3.6,3.6,0,0
AST_PE,D,20171103,000000,3.6,3.7,3.6,3.7,0,0
AST_PE,D,20171106,000000,3.7,3.8,3.7,3.7,0,0
AST_PE,D,20171107,000000,3.7,3.7,3.7,3.7,0,0
AST_PE,D,20171108,000000,3.7,3.8,3.6,3.8,0,0
AST_PE,D,20171109,000000,3.8,3.8,3.8,3.8,0,0
AST_PE,D,20171110,000000,3.8,3.8,3.8,3.8,0,0
AST_PE,D,20171113,000000,3.8,3.9,3.8,3.9,0,0
AST_PE,D,20171114,000000,3.9,3.9,3.8,3.8,0,0
AST_PE,D,20171115,000000,3.7,3.8,3.7,3.8,0,0
AST_PE,D,20171116,000000,3.8,3.8,3.7,3.7,0,0
AST_PE,D,20171117,000000,3.7,3.8,3.7,3.8,0,0
AST_PE,D,20171120,000000,3.8,3.8,3.7,3.8,0,0
AST_PE,D,20171121,000000,3.8,3.8,3.8,3.8,0,0
AST_PE,D,20171122,000000,3.8,3.8,3.8,3.8,0,0
AST_PE,D,20171123,000000,3.8,3.8,3.8,3.8,0,0
AST_PE,D,20171124,000000,3.8,3.8,3.8,3.8,0,0
AST_PE,D,20171127,000000,3.8,3.8,3.8,3.8,0,0
AST_PE,D,20171128,000000,3.8,3.9,3.8,3.9,0,0
AST_PE,D,20171129,000000,3.9,4.1,3.9,4,0,0
AST_PE,D,20171130,000000,4,4,3.8,3.8,0,0
AST_PE,D,20171201,000000,3.9,3.9,3.8,3.8,0,0
AST_PE,D,20171204,000000,3.8,3.9,3.8,3.9,0,0
AST_PE,D,20171205,000000,3.9,3.9,3.9,3.9,0,0
AST_PE,D,20171206,000000,3.9,3.9,3.7,3.9,0,0
AST_PE,D,20171207,000000,3.8,3.9,3.8,3.8,0,0
AST_PE,D,20171208,000000,3.7,3.8,3.7,3.8,0,0
AST_PE,D,20171211,000000,3.8,3.8,3.8,3.8,0,0
AST_PE,D,20171212,000000,3.8,3.8,3.8,3.8,0,0
AST_PE,D,20171213,000000,3.8,3.9,3.8,3.9,0,0
AST_PE,D,20171214,000000,3.9,3.9,3.9,3.9,0,0
AST_PE,D,20171215,000000,3.9,3.9,3.8,3.9,0,0
AST_PE,D,20171218,000000,3.9,4,3.9,3.9,0,0
AST_PE,D,20171219,000000,3.9,4,3.9,4,0,0
AST_PE,D,20171220,000000,4,4,4,4,0,0
AST_PE,D,20171221,000000,4,4,3.8,4,0,0
AST_PE,D,20171222,000000,4,4,3.9,3.9,0,0
AST_PE,D,20171227,000000,3.9,3.9,3.8,3.8,0,0
AST_PE,D,20171228,000000,3.8,3.9,3.8,3.9,0,0
AST_PE,D,20171229,000000,3.9,3.9,3.8,3.9,0,0
AST_PE,D,20180103,000000,3.9,4,3.9,4,0,0
AST_PE,D,20180104,000000,4,4.1,4,4.1,0,0
AST_PE,D,20180105,000000,4.1,4.4,4.1,4.2,0,0
AST_PE,D,20180108,000000,4.3,4.3,4.2,4.2,0,0
AST_PE,D,20180109,000000,4.2,4.2,4.2,4.2,0,0
AST_PE,D,20180110,000000,4.2,4.2,4.1,4.1,0,0
AST_PE,D,20180111,000000,4.1,4.2,4,4.2,0,0
AST_PE,D,20180112,000000,4.1,4.2,4.1,4.2,0,0
AST_PE,D,20180115,000000,4.2,4.2,4.1,4.2,0,0
AST_PE,D,20180116,000000,4.2,4.3,4.2,4.2,0,0
AST_PE,D,20180117,000000,4.2,4.3,4.2,4.2,0,0
AST_PE,D,20180118,000000,4.2,4.3,4.2,4.2,0,0
AST_PE,D,20180119,000000,4.2,4.2,4.2,4.2,0,0
AST_PE,D,20180122,000000,4.2,4.2,4.1,4.2,0,0
AST_PE,D,20180123,000000,4.2,4.3,4.2,4.3,0,0
AST_PE,D,20180124,000000,4.3,4.3,4.2,4.2,0,0
AST_PE,D,20180125,000000,4.2,4.2,4.2,4.2,0,0
AST_PE,D,20180126,000000,4.2,4.3,4.2,4.3,0,0
AST_PE,D,20180129,000000,4.3,4.4,4.3,4.4,0,0
AST_PE,D,20180130,000000,4.4,4.5,4.4,4.4,0,0
AST_PE,D,20180131,000000,4.4,4.4,4.3,4.4,0,0
AST_PE,D,20180201,000000,4.4,4.4,4.4,4.4,0,0
AST_PE,D,20180202,000000,4.4,4.4,4.3,4.3,0,0
AST_PE,D,20180205,000000,4.3,4.3,4.1,4.2,0,0
AST_PE,D,20180206,000000,4,4,4,4,0,0
AST_PE,D,20180207,000000,4,4.1,3.9,4,0,0
AST_PE,D,20180208,000000,4.1,4.1,4,4,0,0
AST_PE,D,20180209,000000,3.9,4,3.8,4,0,0
AST_PE,D,20180212,000000,4,4.1,4,4,0,0
AST_PE,D,20180213,000000,3.9,4.1,3.9,4.1,0,0
AST_PE,D,20180214,000000,4.1,4.1,4.1,4.1,0,0
AST_PE,D,20180215,000000,4.1,4.1,4.1,4.1,0,0
AST_PE,D,20180216,000000,4.1,4.1,4.1,4.1,0,0
AST_PE,D,20180219,000000,4.1,4.1,4.1,4.1,0,0
AST_PE,D,20180220,000000,4.1,4.2,4.1,4.1,0,0
AST_PE,D,20180221,000000,4.1,4.1,4.1,4.1,0,0
AST_PE,D,20180222,000000,4.1,4.1,4.1,4.1,0,0
AST_PE,D,20180223,000000,4.1,4.1,4.1,4.1,0,0
AST_PE,D,20180226,000000,4.1,4.1,4.1,4.1,0,0
AST_PE,D,20180227,000000,4.1,4.1,4,4,0,0
AST_PE,D,20180228,000000,4,4,4,4,0,0
AST_PE,D,20180301,000000,3.9,4,3.9,4,0,0
AST_PE,D,20180302,000000,4,4,4,4,0,0
AST_PE,D,20180305,000000,4,4,4,4,0,0
AST_PE,D,20180306,000000,4,4,4,4,0,0
AST_PE,D,20180307,000000,4,4,3.9,3.9,0,0
AST_PE,D,20180308,000000,3.9,4,3.9,4,0,0
AST_PE,D,20180309,000000,4,4,3.9,3.9,0,0
AST_PE,D,20180312,000000,3.8,3.9,3.8,3.9,0,0
AST_PE,D,20180313,000000,3.9,3.9,3.9,3.9,0,0
AST_PE,D,20180314,000000,3.9,3.9,3.9,3.9,0,0
AST_PE,D,20180315,000000,3.9,3.9,3.9,3.9,0,0
AST_PE,D,20180319,000000,3.9,3.9,3.9,3.9,0,0
AST_PE,D,20180320,000000,3.9,3.9,3.9,3.9,0,0
AST_PE,D,20180321,000000,3.9,3.9,3.9,3.9,0,0
AST_PE,D,20180322,000000,3.9,4.8,3.8,4.8,0,0
AST_PE,D,20180323,000000,4.8,4.8,4.7,4.7,0,0
AST_PE,D,20180326,000000,4.8,4.8,4.5,4.8,0,0
AST_PE,D,20180327,000000,4.5,4.8,4.5,4.6,0,0
AST_PE,D,20180328,000000,4.6,4.7,4.6,4.7,0,0
AST_PE,D,20180329,000000,4.7,4.7,4.6,4.6,0,0
AST_PE,D,20180403,000000,4.5,4.6,4.5,4.6,0,0
AST_PE,D,20180404,000000,4.7,4.7,4.6,4.6,0,0
AST_PE,D,20180405,000000,4.6,4.6,4.6,4.6,0,0
AST_PE,D,20180409,000000,4.4,4.6,4.4,4.4,0,0
AST_PE,D,20180410,000000,4.5,4.5,4.4,4.5,0,0
AST_PE,D,20180411,000000,4.5,4.5,4.5,4.5,0,0
AST_PE,D,20180412,000000,4.4,4.5,4.4,4.4,0,0
AST_PE,D,20180413,000000,4.5,4.5,4.4,4.5,0,0
AST_PE,D,20180416,000000,4.5,4.5,4.4,4.5,0,0
AST_PE,D,20180417,000000,4.4,4.5,4.4,4.5,0,0
AST_PE,D,20180418,000000,4.5,4.5,4.5,4.5,0,0
AST_PE,D,20180419,000000,4.5,4.5,4.4,4.5,0,0
AST_PE,D,20180420,000000,4.5,4.5,4.5,4.5,0,0
AST_PE,D,20180423,000000,4.5,4.5,4.5,4.5,0,0
AST_PE,D,20180424,000000,4.5,4.5,4.5,4.5,0,0
AST_PE,D,20180425,000000,4.5,4.5,4.5,4.5,0,0
AST_PE,D,20180426,000000,4.5,4.5,4.4,4.4,0,0
AST_PE,D,20180427,000000,4.4,4.4,4.4,4.4,0,0
AST_PE,D,20180430,000000,4.3,4.5,4.3,4.4,0,0
AST_PE,D,20180502,000000,4.4,4.4,4.4,4.4,0,0
AST_PE,D,20180504,000000,4.4,4.4,4.4,4.4,0,0
AST_PE,D,20180507,000000,4.4,4.4,4.4,4.4,0,0
AST_PE,D,20180508,000000,4.4,4.4,4.4,4.4,0,0
AST_PE,D,20180509,000000,4.4,4.4,4.4,4.4,0,0
AST_PE,D,20180510,000000,4.4,4.5,4.4,4.4,0,0
AST_PE,D,20180511,000000,4.3,7.5,4.1,7.5,0,0
AST_PE,D,20180514,000000,7.4,7.4,7.2,7.3,0,0
AST_PE,D,20180515,000000,7.2,7.3,7.2,7.3,0,0
AST_PE,D,20180516,000000,7.3,7.4,7.1,7.1,0,0
AST_PE,D,20180517,000000,7.1,7.1,7.1,7.1,0,0
AST_PE,D,20180518,000000,7.1,7.1,6.9,7,0,0
AST_PE,D,20180521,000000,7.1,7.2,7.1,7.1,0,0
AST_PE,D,20180522,000000,7.1,7.1,7,7,0,0
AST_PE,D,20180523,000000,7,7.1,7,7,0,0
AST_PE,D,20180524,000000,6.9,7,6.5,6.8,0,0
AST_PE,D,20180525,000000,6.7,7,6.7,7,0,0
AST_PE,D,20180528,000000,7,7,6.8,7,0,0
AST_PE,D,20180530,000000,6.8,6.9,6.8,6.9,0,0
AST_PE,D,20180601,000000,6.8,6.8,6.8,6.8,0,0
AST_PE,D,20180604,000000,6.8,6.8,6.8,6.8,0,0
AST_PE,D,20180605,000000,6.9,6.9,6.8,6.9,0,0
AST_PE,D,20180606,000000,6.9,6.9,6.8,6.8,0,0
AST_PE,D,20180607,000000,6.9,6.9,6.9,6.9,0,0
AST_PE,D,20180608,000000,6.7,7,6.7,7,0,0
AST_PE,D,20180611,000000,7,7,6.9,6.9,0,0
AST_PE,D,20180612,000000,6.9,6.9,6.8,6.9,0,0
AST_PE,D,20180613,000000,7,7,6.8,7,0,0
AST_PE,D,20180614,000000,7,7,6.8,7,0,0
AST_PE,D,20180615,000000,6.8,6.9,6.8,6.9,0,0
AST_PE,D,20180618,000000,6.8,6.8,6.8,6.8,0,0
AST_PE,D,20180619,000000,6.8,6.8,6.4,6.4,0,0
AST_PE,D,20180620,000000,6.4,6.4,6.1,6.3,0,0
AST_PE,D,20180621,000000,6.2,6.2,6.1,6.2,0,0
AST_PE,D,20180622,000000,6,6.3,6,6.1,0,0
AST_PE,D,20180625,000000,6,6,5.9,6,0,0
AST_PE,D,20180626,000000,5.8,5.8,5.4,5.6,0,0
AST_PE,D,20180627,000000,5.6,5.7,5.3,5.6,0,0
AST_PE,D,20180628,000000,5.6,5.6,5.5,5.5,0,0
AST_PE,D,20180629,000000,5.5,5.5,5.5,5.5,0,0
AST_PE,D,20180702,000000,5.5,5.5,5.5,5.5,0,0
AST_PE,D,20180703,000000,5.5,5.6,5.2,5.2,0,0
AST_PE,D,20180704,000000,5.4,5.5,5.4,5.5,0,0
AST_PE,D,20180705,000000,5.5,5.5,5.5,5.5,0,0
AST_PE,D,20180706,000000,5.5,5.5,5.5,5.5,0,0
AST_PE,D,20180709,000000,5.5,5.5,5.5,5.5,0,0
AST_PE,D,20180710,000000,5.5,5.5,5.4,5.5,0,0
AST_PE,D,20180711,000000,5.4,5.5,5.4,5.5,0,0
AST_PE,D,20180712,000000,5.5,5.6,5.5,5.5,0,0
AST_PE,D,20180713,000000,5.5,5.5,5.3,5.3,0,0
AST_PE,D,20180717,000000,5.5,5.5,5.2,5.3,0,0
AST_PE,D,20180718,000000,5.2,5.4,5.2,5.4,0,0
AST_PE,D,20180719,000000,5.5,5.6,5.4,5.4,0,0
AST_PE,D,20180720,000000,5.4,5.5,5.4,5.4,0,0
AST_PE,D,20180723,000000,5.8,5.8,5.4,5.4,0,0
AST_PE,D,20180724,000000,5.5,5.5,5.3,5.3,0,0
AST_PE,D,20180725,000000,5.3,5.5,5.3,5.5,0,0
AST_PE,D,20180726,000000,5.5,5.5,5.3,5.4,0,0
AST_PE,D,20180727,000000,5.5,5.5,5.4,5.4,0,0
AST_PE,D,20180730,000000,5.6,5.6,5.5,5.5,0,0
AST_PE,D,20180731,000000,5.5,5.6,5.3,5.4,0,0
AST_PE,D,20180801,000000,5.4,5.4,5.4,5.4,0,0
AST_PE,D,20180802,000000,5.3,5.5,5.3,5.5,0,0
AST_PE,D,20180803,000000,5.5,5.5,5.5,5.5,0,0
AST_PE,D,20180806,000000,5.5,5.9,5.5,5.8,0,0
AST_PE,D,20180807,000000,5.9,5.9,5.5,5.6,0,0
AST_PE,D,20180808,000000,5.8,5.8,5.6,5.7,0,0
AST_PE,D,20180809,000000,5.7,5.9,5.6,5.6,0,0
AST_PE,D,20180810,000000,5.6,5.6,5.6,5.6,0,0
AST_PE,D,20180813,000000,5.6,5.6,5.5,5.6,0,0
AST_PE,D,20180814,000000,5.5,5.6,5.5,5.5,0,0
AST_PE,D,20180816,000000,5.5,7.2,5.4,7.2,0,0
AST_PE,D,20180817,000000,7.2,7.2,7.1,7.1,0,0
AST_PE,D,20180820,000000,7.2,7.2,7.1,7.1,0,0
AST_PE,D,20180821,000000,7.2,7.2,7.1,7.1,0,0
AST_PE,D,20180822,000000,7.1,7.1,7.1,7.1,0,0
AST_PE,D,20180823,000000,7.1,7.1,7,7.1,0,0
AST_PE,D,20180824,000000,7.1,7.1,7.1,7.1,0,0
AST_PE,D,20180827,000000,7.1,7.1,7.1,7.1,0,0
AST_PE,D,20180828,000000,7.2,7.3,7.2,7.3,0,0
AST_PE,D,20180829,000000,7.3,7.4,7.2,7.2,0,0
AST_PE,D,20180831,000000,7.1,7.2,7.1,7.2,0,0
AST_PE,D,20180903,000000,7.1,7.1,7.1,7.1,0,0
AST_PE,D,20180904,000000,7.1,7.1,7,7,0,0
AST_PE,D,20180905,000000,7,7,7,7,0,0
AST_PE,D,20180906,000000,7,7,6.9,6.9,0,0
AST_PE,D,20180907,000000,7,7,6.7,6.8,0,0
AST_PE,D,20180910,000000,7,7,7,7,0,0
AST_PE,D,20180911,000000,6.9,7,6.9,6.9,0,0
AST_PE,D,20180912,000000,6.8,7,6.8,7,0,0
AST_PE,D,20180913,000000,7,7,6.8,6.8,0,0
AST_PE,D,20180917,000000,6.8,6.8,6.7,6.7,0,0
AST_PE,D,20180918,000000,6.7,6.7,6.5,6.6,0,0
AST_PE,D,20180919,000000,6.5,6.6,6.5,6.5,0,0
AST_PE,D,20180920,000000,6.3,6.4,6.1,6.4,0,0
AST_PE,D,20180921,000000,6.6,6.6,6.6,6.6,0,0
AST_PE,D,20180924,000000,6.6,6.6,6.6,6.6,0,0
AST_PE,D,20180925,000000,6.6,6.6,6.5,6.5,0,0
AST_PE,D,20180926,000000,6.5,6.5,6.5,6.5,0,0
AST_PE,D,20180927,000000,6.5,6.5,6.5,6.5,0,0
AST_PE,D,20180928,000000,6.4,6.6,6.4,6.6,0,0
AST_PE,D,20181001,000000,6.7,6.7,6.5,6.5,0,0
AST_PE,D,20181002,000000,6.8,6.8,6.5,6.6,0,0
AST_PE,D,20181003,000000,6.6,7,6.6,6.6,0,0
AST_PE,D,20181004,000000,6.7,6.7,6.5,6.6,0,0
AST_PE,D,20181005,000000,6.6,6.6,6.6,6.6,0,0
AST_PE,D,20181008,000000,6.6,6.6,6.6,6.6,0,0
AST_PE,D,20181009,000000,6.5,6.6,6.5,6.5,0,0
AST_PE,D,20181010,000000,6.5,6.5,6.5,6.5,0,0
AST_PE,D,20181011,000000,6.4,6.5,6.4,6.5,0,0
AST_PE,D,20181012,000000,6.5,6.5,6.5,6.5,0,0
AST_PE,D,20181015,000000,6.3,6.6,6.3,6.6,0,0
AST_PE,D,20181016,000000,6.7,6.7,6.7,6.7,0,0
AST_PE,D,20181017,000000,6.9,6.9,6.7,6.7,0,0
AST_PE,D,20181018,000000,6.8,6.8,6.6,6.6,0,0
AST_PE,D,20181019,000000,6.6,6.7,6.6,6.7,0,0
AST_PE,D,20181022,000000,6.7,6.7,6.6,6.6,0,0
AST_PE,D,20181023,000000,6.9,6.9,6.5,6.5,0,0
AST_PE,D,20181024,000000,6.5,6.6,6.5,6.6,0,0
AST_PE,D,20181025,000000,6.6,6.7,6.6,6.6,0,0
AST_PE,D,20181026,000000,6.6,6.6,6.6,6.6,0,0
AST_PE,D,20181030,000000,6.5,6.5,6.5,6.5,0,0
AST_PE,D,20181031,000000,6.5,6.6,6.5,6.5,0,0
AST_PE,D,20181102,000000,6.5,6.5,6.5,6.5,0,0
AST_PE,D,20181105,000000,6.7,6.7,6.4,6.6,0,0
AST_PE,D,20181106,000000,6.6,6.6,6.5,6.6,0,0
AST_PE,D,20181107,000000,6.6,6.6,6.6,6.6,0,0
AST_PE,D,20181108,000000,6.7,6.7,6.6,6.6,0,0
AST_PE,D,20181109,000000,6.6,77.1,6.5,77.1,0,0
AST_PE,D,20181113,000000,77.1,77.1,75.3,75.3,0,0
AST_PE,D,20181115,000000,75.5,75.5,74.2,74.3,0,0
AST_PE,D,20181116,000000,74,74,74,74,0,0
AST_PE,D,20181119,000000,75.5,75.5,74,75.3,0,0
AST_PE,D,20181120,000000,75.5,75.5,75.1,75.1,0,0
AST_PE,D,20181121,000000,75.1,75.1,73.7,73.7,0,0
AST_PE,D,20181122,000000,75,75.4,74.7,75.4,0,0
AST_PE,D,20181126,000000,73.1,73.2,73.1,73.2,0,0
AST_PE,D,20181127,000000,72.9,73.9,72.9,73.9,0,0
AST_PE,D,20181128,000000,73.4,73.4,67.2,69.5,0,0
AST_PE,D,20181129,000000,71,71.3,71,71.2,0,0
AST_PE,D,20181130,000000,71.7,71.7,69.9,70,0,0
AST_PE,D,20181203,000000,70,70.5,70,70,0,0
AST_PE,D,20181204,000000,69.7,69.9,68,69.9,0,0
AST_PE,D,20181205,000000,73,73,69.1,69.2,0,0
AST_PE,D,20181206,000000,71.5,71.5,67.5,67.5,0,0
AST_PE,D,20181207,000000,68,69.5,67.7,67.7,0,0
AST_PE,D,20181210,000000,69,69,68.2,68.3,0,0
AST_PE,D,20181211,000000,69.1,69.3,68.5,68.5,0,0
AST_PE,D,20181212,000000,68.8,68.8,68.1,68.1,0,0
AST_PE,D,20181213,000000,68.1,68.9,67.8,68.4,0,0
AST_PE,D,20181214,000000,69.2,69.2,68.4,68.4,0,0
AST_PE,D,20181217,000000,67.4,67.4,66.5,66.5,0,0
AST_PE,D,20181218,000000,66.8,66.8,60.1,62.4,0,0
AST_PE,D,20181219,000000,59.3,63.4,58.8,62.7,0,0
AST_PE,D,20181220,000000,63.5,63.5,58.9,60.1,0,0
AST_PE,D,20181221,000000,59.6,60.1,58.8,60.1,0,0
AST_PE,D,20181227,000000,60.4,63.2,58.8,63.2,0,0
AST_PE,D,20181228,000000,63.5,63.5,58.8,58.8,0,0
AST_PE,D,20190102,000000,61.1,61.1,59,59.9,0,0
AST_PE,D,20190103,000000,60.7,60.7,58.9,59.6,0,0
AST_PE,D,20190104,000000,59.6,59.6,59.1,59.6,0,0
AST_PE,D,20190107,000000,59.6,60.9,59.6,59.9,0,0
AST_PE,D,20190108,000000,59.9,60.9,59.9,60.2,0,0
AST_PE,D,20190109,000000,61,61,59.9,59.9,0,0
AST_PE,D,20190110,000000,60.9,61,60.9,61,0,0
AST_PE,D,20190111,000000,61,63,61,61.6,0,0
AST_PE,D,20190114,000000,62.9,62.9,62.1,62.5,0,0
AST_PE,D,20190115,000000,62.5,62.5,60.7,60.8,0,0
AST_PE,D,20190116,000000,62.6,62.6,62.3,62.3,0,0
AST_PE,D,20190117,000000,61.3,62.3,61.3,62.1,0,0
AST_PE,D,20190118,000000,62.4,63.9,62.4,63.7,0,0
AST_PE,D,20190121,000000,63.7,64,62.9,63,0,0
AST_PE,D,20190122,000000,63.8,63.9,63.5,63.9,0,0
AST_PE,D,20190123,000000,63.1,63.9,61.3,61.4,0,0
AST_PE,D,20190124,000000,61.4,62.4,61.4,62.4,0,0
AST_PE,D,20190125,000000,62.1,62.4,62.1,62.3,0,0
AST_PE,D,20190128,000000,61.5,61.5,61.5,61.5,0,0
AST_PE,D,20190129,000000,61.5,62.1,61.5,62.1,0,0
AST_PE,D,20190130,000000,62.1,62.1,62,62,0,0
AST_PE,D,20190131,000000,62,62,60.5,62,0,0
AST_PE,D,20190201,000000,62,62.3,62,62.3,0,0
AST_PE,D,20190204,000000,62.1,62.1,61.3,61.6,0,0
AST_PE,D,20190205,000000,62.6,62.6,61.3,62,0,0
AST_PE,D,20190206,000000,62,62.8,62,62.4,0,0
AST_PE,D,20190207,000000,62.4,63.7,61.6,62.6,0,0
AST_PE,D,20190208,000000,63.6,63.6,61.8,61.9,0,0
AST_PE,D,20190211,000000,62.4,62.4,61.4,62.4,0,0
AST_PE,D,20190212,000000,62.4,62.4,61.5,61.5,0,0
AST_PE,D,20190213,000000,61.2,62.3,61,61.6,0,0
AST_PE,D,20190214,000000,61.9,61.9,60.8,61.5,0,0
AST_PE,D,20190215,000000,60.7,61.5,60.7,61.4,0,0
AST_PE,D,20190218,000000,61.4,64.4,61.4,62.1,0,0
AST_PE,D,20190219,000000,63.1,63.4,62.1,63.3,0,0
AST_PE,D,20190220,000000,63.3,69.6,63.3,68.4,0,0
AST_PE,D,20190221,000000,70.4,70.7,68,68,0,0
AST_PE,D,20190222,000000,67,68.3,66.2,68.3,0,0
AST_PE,D,20190225,000000,68.8,69.6,68.3,69.5,0,0
AST_PE,D,20190226,000000,72,74.3,69.7,73.3,0,0
AST_PE,D,20190227,000000,73.3,74.8,71.8,74.1,0,0
AST_PE,D,20190228,000000,73.6,74.6,73.6,74.6,0,0
AST_PE,D,20190301,000000,75.9,86.3,75.7,82.9,0,0
AST_PE,D,20190304,000000,83.2,83.7,79.9,80.7,0,0
AST_PE,D,20190305,000000,80.7,84.3,80.2,83.7,0,0
AST_PE,D,20190306,000000,83.7,86.2,82.9,83.6,0,0
AST_PE,D,20190307,000000,83.4,83.4,80,81.6,0,0
AST_PE,D,20190308,000000,82.1,84.1,80.6,83.1,0,0
AST_PE,D,20190311,000000,83.1,83.1,79.5,80.5,0,0
AST_PE,D,20190312,000000,81.5,82,79.7,80.1,0,0
AST_PE,D,20190313,000000,80.1,80.1,77.3,78.1,0,0
AST_PE,D,20190314,000000,78.1,78.1,76.5,76.5,0,0
AST_PE,D,20190315,000000,76,77,76,77,0,0
AST_PE,D,20190318,000000,77,81.1,77,81,0,0
AST_PE,D,20190319,000000,79.5,80.5,77.9,78,0,0
AST_PE,D,20190320,000000,79,79,77,77.9,0,0
AST_PE,D,20190321,000000,77.9,77.9,76.6,76.7,0,0
AST_PE,D,20190322,000000,76.7,76.7,72.9,72.9,0,0
AST_PE,D,20190325,000000,71.9,73.2,70.9,73.1,0,0
AST_PE,D,20190326,000000,73.1,73.9,72.3,73.7,0,0
AST_PE,D,20190327,000000,74.5,74.5,68.9,72.7,0,0
AST_PE,D,20190328,000000,71.4,71.4,67.8,67.8,0,0
AST_PE,D,20190329,000000,67.6,71.1,64.2,69.4,0,0
AST_PE,D,20190401,000000,68.9,72.2,68.9,70.9,0,0
AST_PE,D,20190402,000000,72.2,72.9,70.9,71.1,0,0
AST_PE,D,20190403,000000,71.1,72.1,69.1,70.6,0,0
AST_PE,D,20190404,000000,69.6,69.6,67,67.9,0,0
AST_PE,D,20190405,000000,68.4,68.4,64.8,66.9,0,0
AST_PE,D,20190408,000000,67.2,67.2,65.1,66.2,0,0
AST_PE,D,20190409,000000,64.7,64.7,58,58.8,0,0
AST_PE,D,20200415,000000,42.3,42.3,42.3,42.3,0,0
AST_PE,D,20200416,000000,41.3,41.8,38.7,41.8,0,0
AST_PE,D,20200417,000000,42.1,43.4,42.1,43,0,0
AST_PE,D,20200420,000000,43.5,45.6,43.5,44.5,0,0
AST_PE,D,20200421,000000,45,45,40.2,41.9,0,0
AST_PE,D,20200422,000000,41.7,42.6,40.9,41.2,0,0
AST_PE,D,20200423,000000,41.6,41.6,39.5,40.4,0,0
AST_PE,D,20200424,000000,40.4,40.9,40.2,40.4,0,0
AST_PE,D,20200427,000000,41.1,42,41.1,41.1,0,0
AST_PE,D,20200428,000000,41.8,42,41.1,41.6,0,0
AST_PE,D,20200429,000000,41.8,43.3,40.9,43,0,0
AST_PE,D,20200430,000000,44.7,44.7,42.6,44.4,0,0
AST_PE,D,20200504,000000,44.1,44.1,42.7,42.8,0,0
AST_PE,D,20200505,000000,43,43,42.1,42.6,0,0
AST_PE,D,20200506,000000,43.1,43.1,41.9,41.9,0,0
AST_PE,D,20200507,000000,42.8,42.8,40.2,40.7,0,0
AST_PE,D,20200508,000000,40.7,40.7,40.2,40.7,0,0
AST_PE,D,20200511,000000,40.9,42.3,40.5,41.6,0,0
AST_PE,D,20200512,000000,41.6,45.1,41.6,44.4,0,0
AST_PE,D,20200513,000000,44.4,48.2,44.1,46.4,0,0
AST_PE,D,20200514,000000,46.7,50.7,46.4,47.5,0,0
AST_PE,D,20200515,000000,48.4,49.8,47.5,48.3,0,0
AST_PE,D,20200518,000000,48.1,50,47.6,49.9,0,0
AST_PE,D,20200519,000000,50.4,54.4,49.7,54.4,0,0
AST_PE,D,20200520,000000,54.1,59.6,54.1,59.4,0,0
AST_PE,D,20200521,000000,59.6,59.6,53.7,54.2,0,0
AST_PE,D,20200522,000000,55.4,55.4,51.8,54.4,0,0
