<TICKER>,<PER>,<DATE>,<TIME>,<OPEN>,<HIGH>,<LOW>,<CLOSE>,<VOL>,<OPENINT>
BML_PE,D,20120214,000000,571.3,571.3,571.3,571.3,0,0
BML_PE,D,20120215,000000,578.2,578.2,578.1,578.1,0,0
BML_PE,D,20120216,000000,578.2,578.2,578.1,578.1,0,0
BML_PE,D,20120217,000000,578.2,578.2,576.7,576.7,0,0
BML_PE,D,20120221,000000,576.9,576.9,574.7,574.7,0,0
BML_PE,D,20120222,000000,574.1,574.8,574.1,574.7,0,0
BML_PE,D,20120223,000000,574.8,574.8,574.7,574.7,0,0
BML_PE,D,20120224,000000,574.8,574.8,574.7,574.7,0,0
BML_PE,D,20120227,000000,574.8,574.8,574.7,574.7,0,0
BML_PE,D,20120228,000000,574.8,574.8,574.7,574.7,0,0
BML_PE,D,20120229,000000,574.8,574.8,533.9,533.9,0,0
BML_PE,D,20120301,000000,544.2,544.2,543.4,543.4,0,0
BML_PE,D,20120306,000000,544.2,544.2,544.1,544.1,0,0
BML_PE,D,20120309,000000,544.2,544.2,544.1,544.1,0,0
BML_PE,D,20120312,000000,544.2,544.2,544.1,544.1,0,0
BML_PE,D,20120314,000000,544.2,544.2,544.1,544.1,0,0
BML_PE,D,20120315,000000,544.2,544.2,492.5,499.9,0,0
BML_PE,D,20120316,000000,486.4,486.4,455.7,455.7,0,0
BML_PE,D,20120319,000000,476.2,523.8,476.2,523.7,0,0
BML_PE,D,20120321,000000,510.2,510.2,486.3,486.3,0,0
BML_PE,D,20120322,000000,476.9,477.6,476.9,477.4,0,0
BML_PE,D,20120326,000000,483,489.1,483,489,0,0
BML_PE,D,20120327,000000,489.1,489.1,489,489,0,0
BML_PE,D,20120328,000000,483,483,482.9,482.9,0,0
BML_PE,D,20120329,000000,483,510.2,483,496.5,0,0
BML_PE,D,20120330,000000,496.6,544.1,496.6,544.1,0,0
BML_PE,D,20120410,000000,523.8,523.8,523.7,523.7,0,0
BML_PE,D,20120411,000000,523.8,530.6,520.3,520.3,0,0
BML_PE,D,20120418,000000,517,517,486.3,486.3,0,0
BML_PE,D,20120420,000000,503.4,503.4,503.3,503.3,0,0
BML_PE,D,20120423,000000,496.6,506.8,489.7,489.7,0,0
BML_PE,D,20120424,000000,486.4,506.8,486.4,506.7,0,0
BML_PE,D,20120425,000000,506.8,513.6,506.8,513.5,0,0
BML_PE,D,20120430,000000,496.6,496.6,489.7,489.7,0,0
BML_PE,D,20120510,000000,489.8,489.8,473.5,474.7,0,0
BML_PE,D,20120511,000000,474.1,486.4,474.1,486.3,0,0
BML_PE,D,20120514,000000,486.4,544.2,486.4,544.1,0,0
BML_PE,D,20120515,000000,523.8,523.8,523.7,523.7,0,0
BML_PE,D,20120517,000000,500,523.8,500,510.1,0,0
BML_PE,D,20120518,000000,500,510.2,493.2,510.1,0,0
BML_PE,D,20120521,000000,510.2,510.2,469.4,476.1,0,0
BML_PE,D,20120522,000000,476.2,476.2,476.1,476.1,0,0
BML_PE,D,20120523,000000,476.2,488.4,435.4,488.3,0,0
BML_PE,D,20120524,000000,476.2,476.2,476.2,476.2,0,0
BML_PE,D,20120823,000000,1733.4,1733.4,1733.4,1733.4,0,0
BML_PE,D,20120824,000000,1750,1750,1729.9,1729.9,0,0
BML_PE,D,20120827,000000,1750,1750,1733.4,1733.4,0,0
BML_PE,D,20120828,000000,1750,1750,1642.9,1698.1,0,0
BML_PE,D,20120829,000000,1714.3,1714.3,1642.9,1694.5,0,0
BML_PE,D,20120830,000000,1710.7,1750,1642.9,1729.9,0,0
BML_PE,D,20120831,000000,1746.4,1960.7,1732.1,1942.2,0,0
BML_PE,D,20120903,000000,1964.3,1964.3,1942.2,1942.2,0,0
BML_PE,D,20120904,000000,1964.3,2446.4,1964.3,2405.6,0,0
BML_PE,D,20120905,000000,2428.6,2428.6,2370.2,2370.2,0,0
BML_PE,D,20120906,000000,2392.9,2428.6,2387.9,2387.9,0,0
BML_PE,D,20120907,000000,2428.6,2428.6,2357.1,2398.5,0,0
BML_PE,D,20120910,000000,2392.9,2392.9,2370.2,2370.2,0,0
BML_PE,D,20120911,000000,2392.9,2392.9,2366.7,2366.7,0,0
BML_PE,D,20120912,000000,2389.3,2389.3,2366.7,2366.7,0,0
BML_PE,D,20120913,000000,2392.9,2392.9,2370.2,2370.2,0,0
BML_PE,D,20120914,000000,2392.9,2417.9,2392.9,2395,0,0
BML_PE,D,20120917,000000,2425,2425,2370.2,2370.2,0,0
BML_PE,D,20120918,000000,2392.9,2392.9,2366.7,2366.7,0,0
BML_PE,D,20120919,000000,2392.9,2392.9,2370.2,2370.2,0,0
BML_PE,D,20120920,000000,2392.9,2392.9,2370.2,2370.2,0,0
BML_PE,D,20120921,000000,2389.3,2392.9,2357.1,2366.7,0,0
BML_PE,D,20120924,000000,2389.3,2389.3,2366.7,2366.7,0,0
BML_PE,D,20120925,000000,2389.3,2389.3,2366.7,2366.7,0,0
BML_PE,D,20120926,000000,2392.9,2392.9,2370.2,2370.2,0,0
BML_PE,D,20120927,000000,2392.9,2392.9,2370.2,2370.2,0,0
BML_PE,D,20120928,000000,2392.9,2392.9,2370.2,2370.2,0,0
BML_PE,D,20121001,000000,2375,2375,2334.9,2334.9,0,0
BML_PE,D,20121002,000000,2321.4,2321.4,2142.9,2211,0,0
BML_PE,D,20121004,000000,2232.1,2232.1,2211,2211,0,0
BML_PE,D,20121005,000000,2232.1,2232.1,2211,2211,0,0
BML_PE,D,20121008,000000,2232.1,2232.1,2211,2211,0,0
BML_PE,D,20121009,000000,2232.1,2232.1,2182.7,2182.7,0,0
BML_PE,D,20121010,000000,2203.6,2203.6,2182.7,2182.7,0,0
BML_PE,D,20121011,000000,2203.6,2232.1,2182.7,2182.7,0,0
BML_PE,D,20121012,000000,2203.6,2203.6,2182.7,2182.7,0,0
BML_PE,D,20121016,000000,2232.1,2232.1,2087.2,2087.2,0,0
BML_PE,D,20121017,000000,2107.1,2107.1,2055.4,2055.4,0,0
BML_PE,D,20121018,000000,2107.1,2107.1,1977.5,1977.5,0,0
BML_PE,D,20121019,000000,1964.3,2103.6,1928.6,2083.7,0,0
BML_PE,D,20121022,000000,2103.6,2103.6,1988.2,1988.2,0,0
BML_PE,D,20121023,000000,1989.3,2017.9,1989.3,1998.8,0,0
BML_PE,D,20121024,000000,2035.7,2035.7,2016.5,2016.5,0,0
BML_PE,D,20121025,000000,2035.7,2035.7,2016.5,2016.5,0,0
BML_PE,D,20121031,000000,1996.4,2000,1981.1,1981.1,0,0
BML_PE,D,20121102,000000,2000,2000,1981.1,1981.1,0,0
BML_PE,D,20121105,000000,1928.6,1964.3,1928.6,1945.7,0,0
BML_PE,D,20121106,000000,1946.4,1946.4,1910.3,1910.3,0,0
BML_PE,D,20121107,000000,1928.6,1928.6,1768.8,1768.8,0,0
BML_PE,D,20121108,000000,1785.7,1821.4,1764.3,1768.8,0,0
BML_PE,D,20121109,000000,1785.7,1828.6,1768.8,1768.8,0,0
BML_PE,D,20121112,000000,1785.7,1785.7,1768.8,1768.8,0,0
BML_PE,D,20121113,000000,1785.7,1842.9,1768.8,1768.8,0,0
BML_PE,D,20121114,000000,1785.7,1785.7,1768.8,1768.8,0,0
BML_PE,D,20121116,000000,1785.7,1785.7,1768.8,1768.8,0,0
BML_PE,D,20121119,000000,1785.7,1785.7,1646.4,1705.1,0,0
BML_PE,D,20121120,000000,1767.9,1767.9,1642.9,1733.4,0,0
BML_PE,D,20121121,000000,1750,1750,1698.1,1698.1,0,0
BML_PE,D,20121122,000000,1714.3,1785.7,662.6,662.6,0,0
BML_PE,D,20121123,000000,682.7,682.7,649.3,649.3,0,0
BML_PE,D,20121126,000000,654.7,654.7,650.6,650.6,0,0
BML_PE,D,20121127,000000,654.7,654.7,650.6,650.6,0,0
BML_PE,D,20121128,000000,660,666.7,650.6,662.6,0,0
BML_PE,D,20121129,000000,668,706.7,668,695.7,0,0
BML_PE,D,20121130,000000,700,700,630.7,630.7,0,0
BML_PE,D,20121203,000000,634.7,652,609.5,609.5,0,0
BML_PE,D,20121204,000000,613.3,625.3,613.3,621.5,0,0
BML_PE,D,20121205,000000,626.7,626.7,620,622.8,0,0
BML_PE,D,20121206,000000,626.7,626.7,622.8,622.8,0,0
BML_PE,D,20121207,000000,626.7,633.3,626.7,629.4,0,0
BML_PE,D,20121210,000000,633.3,640,633.3,636,0,0
BML_PE,D,20121211,000000,640,640,636,636,0,0
BML_PE,D,20121212,000000,650.7,650.7,646.6,646.6,0,0
BML_PE,D,20121213,000000,644,644,640,640,0,0
BML_PE,D,20121214,000000,644,644,640,640,0,0
BML_PE,D,20121217,000000,644,658.7,644,654.6,0,0
BML_PE,D,20121218,000000,653.3,653.3,629.4,629.4,0,0
BML_PE,D,20121219,000000,634.7,634.7,630.7,630.7,0,0
BML_PE,D,20121220,000000,634.7,634.7,630.7,630.7,0,0
BML_PE,D,20121221,000000,640,640,636,636,0,0
BML_PE,D,20121227,000000,646.7,654.6,646.7,654.6,0,0
BML_PE,D,20121228,000000,658.7,658.7,613.3,654.6,0,0
BML_PE,D,20130102,000000,665.3,666.7,661.2,661.2,0,0
BML_PE,D,20130103,000000,666.7,666.7,662.6,662.6,0,0
BML_PE,D,20130104,000000,666.7,682.7,662.6,662.6,0,0
BML_PE,D,20130107,000000,666.7,666.7,662.6,662.6,0,0
BML_PE,D,20130108,000000,661.3,661.3,657.2,657.2,0,0
BML_PE,D,20130109,000000,661.3,661.3,657.2,657.2,0,0
BML_PE,D,20130110,000000,665.3,665.3,661.2,661.2,0,0
BML_PE,D,20130111,000000,665.3,666.7,649.3,662.6,0,0
BML_PE,D,20130114,000000,666.7,674.7,666.7,670.5,0,0
BML_PE,D,20130115,000000,678.7,678.7,674.5,674.5,0,0
BML_PE,D,20130116,000000,674.5,674.5,674.5,674.5,0,0
BML_PE,D,20130117,000000,678.7,678.7,674.5,674.5,0,0
BML_PE,D,20130118,000000,680,680,680,680,0,0
BML_PE,D,20130121,000000,680,680,666.7,675.8,0,0
BML_PE,D,20130122,000000,678.7,678.7,650.6,650.6,0,0
BML_PE,D,20130123,000000,654.7,654.7,629.4,629.4,0,0
BML_PE,D,20130124,000000,633.3,633.3,629.4,629.4,0,0
BML_PE,D,20130125,000000,633.3,633.3,629.4,629.4,0,0
BML_PE,D,20130130,000000,633.3,633.3,624.1,624.1,0,0
BML_PE,D,20130131,000000,628,640,628,636,0,0
BML_PE,D,20130204,000000,653.3,676,653.3,671.8,0,0
BML_PE,D,20130205,000000,673.3,673.3,669.2,669.2,0,0
BML_PE,D,20130206,000000,672,672,637.3,645.3,0,0
BML_PE,D,20130207,000000,653.3,673.3,636,636,0,0
BML_PE,D,20130211,000000,649.3,673.3,644,649.3,0,0
BML_PE,D,20130212,000000,665.3,665.3,614.7,658.6,0,0
BML_PE,D,20130213,000000,662.7,664,649.3,649.3,0,0
BML_PE,D,20130214,000000,665.3,665.3,622.7,653.3,0,0
BML_PE,D,20130215,000000,662.7,662.7,614.7,629.4,0,0
BML_PE,D,20130218,000000,633.3,633.3,581.3,609.5,0,0
BML_PE,D,20130219,000000,613.3,613.3,609.5,609.5,0,0
BML_PE,D,20130220,000000,613.3,613.3,556.5,556.5,0,0
BML_PE,D,20130221,000000,553.3,581.3,466.7,498.2,0,0
BML_PE,D,20130222,000000,520,533.3,513.3,530,0,0
BML_PE,D,20130225,000000,533.3,581.3,533.3,577.7,0,0
BML_PE,D,20130226,000000,586.7,586.7,538.7,565.8,0,0
BML_PE,D,20130227,000000,572,609.3,572,605.6,0,0
BML_PE,D,20130228,000000,613.3,624,596,609.5,0,0
BML_PE,D,20130301,000000,626.7,630.7,626.7,626.8,0,0
BML_PE,D,20130304,000000,613.3,633.3,605.3,629.4,0,0
BML_PE,D,20130305,000000,621.3,649.3,612,649.3,0,0
BML_PE,D,20130306,000000,653.3,661.3,626.7,649.3,0,0
BML_PE,D,20130307,000000,640,666.7,640,662.6,0,0
BML_PE,D,20130308,000000,666.7,666.7,633.3,653.3,0,0
BML_PE,D,20130311,000000,666.7,666.7,636,636,0,0
BML_PE,D,20130314,000000,634.7,634.7,605.3,605.3,0,0
BML_PE,D,20130315,000000,640,662.7,633.3,633.3,0,0
BML_PE,D,20140404,000000,59.9,59.9,59.9,59.9,0,0
BML_PE,D,20140407,000000,58.3,60.1,58.1,60.1,0,0
BML_PE,D,20140408,000000,59.9,59.9,58.1,58.1,0,0
BML_PE,D,20140409,000000,58.1,58.1,58.1,58.1,0,0
BML_PE,D,20140410,000000,58.1,58.1,58.1,58.1,0,0
BML_PE,D,20140416,000000,57.7,57.7,57.2,57.2,0,0
BML_PE,D,20140417,000000,57.2,57.2,55,55,0,0
BML_PE,D,20140422,000000,56.3,56.3,55.4,55.4,0,0
BML_PE,D,20140423,000000,55.4,55.4,55.4,55.4,0,0
BML_PE,D,20140424,000000,55.4,55.4,55.4,55.4,0,0
BML_PE,D,20140425,000000,54.4,54.4,50.5,50.5,0,0
BML_PE,D,20140429,000000,50,57.1,50,55.6,0,0
BML_PE,D,20140430,000000,55.5,56.4,55.5,56.3,0,0
BML_PE,D,20140502,000000,56.3,56.3,56.3,56.3,0,0
BML_PE,D,20140505,000000,57.5,57.5,56.3,56.3,0,0
BML_PE,D,20140506,000000,56.3,56.3,52.3,52.3,0,0
BML_PE,D,20140508,000000,51.7,51.7,51.7,51.7,0,0
BML_PE,D,20140509,000000,51.7,51.7,51.7,51.7,0,0
BML_PE,D,20140512,000000,51.7,51.7,51.7,51.7,0,0
BML_PE,D,20140513,000000,51.7,51.7,51.7,51.7,0,0
BML_PE,D,20140514,000000,51.7,54.2,51.7,54.2,0,0
BML_PE,D,20140515,000000,54,54,54,54,0,0
BML_PE,D,20140516,000000,54,54,54,54,0,0
BML_PE,D,20140519,000000,54,54,52.5,52.5,0,0
BML_PE,D,20140520,000000,52.5,52.5,47.3,47.3,0,0
BML_PE,D,20140521,000000,48,48.9,48,48.9,0,0
BML_PE,D,20140522,000000,60,60,54.9,54.9,0,0
BML_PE,D,20140523,000000,54.4,54.4,54.4,54.4,0,0
BML_PE,D,20140528,000000,54.4,55.5,53,53,0,0
BML_PE,D,20140529,000000,53,53,53,53,0,0
BML_PE,D,20140530,000000,52.1,52.1,51.7,51.7,0,0
BML_PE,D,20140603,000000,51.1,51.1,46.2,46.2,0,0
BML_PE,D,20140604,000000,46.4,47.3,44.7,47.3,0,0
BML_PE,D,20140605,000000,47.3,47.3,47.3,47.3,0,0
BML_PE,D,20140606,000000,49.3,52.1,49.3,52.1,0,0
BML_PE,D,20140609,000000,52.1,52.1,52.1,52.1,0,0
BML_PE,D,20140610,000000,56.1,56.1,56.1,56.1,0,0
BML_PE,D,20140611,000000,56.4,56.4,56.2,56.2,0,0
BML_PE,D,20140612,000000,55.9,55.9,53.2,53.2,0,0
BML_PE,D,20140613,000000,53.2,56.8,53,56.8,0,0
BML_PE,D,20140616,000000,57.8,57.8,49.8,53.8,0,0
BML_PE,D,20140617,000000,54.2,70.5,54.2,70.5,0,0
BML_PE,D,20140618,000000,71.5,71.5,71.5,71.5,0,0
BML_PE,D,20140620,000000,73.2,73.2,73.2,73.2,0,0
BML_PE,D,20140623,000000,73.2,73.2,73.2,73.2,0,0
BML_PE,D,20140624,000000,73.2,73.2,73.2,73.2,0,0
BML_PE,D,20140625,000000,73.2,73.2,73.2,73.2,0,0
BML_PE,D,20140626,000000,73.2,74.4,70.7,70.7,0,0
BML_PE,D,20140627,000000,71,71,68.8,68.8,0,0
BML_PE,D,20140702,000000,68.5,68.5,66.3,66.4,0,0
BML_PE,D,20140703,000000,66.1,66.1,62,62,0,0
BML_PE,D,20140708,000000,63.4,64.6,63.4,64.6,0,0
BML_PE,D,20140709,000000,64.6,64.6,62.4,62.5,0,0
BML_PE,D,20140711,000000,62.4,68.1,62.4,68.1,0,0
BML_PE,D,20140714,000000,73.9,88.3,73.2,73.2,0,0
BML_PE,D,20140715,000000,87.8,87.8,70,70,0,0
BML_PE,D,20140716,000000,70,80.5,68.3,73.2,0,0
BML_PE,D,20140717,000000,73.4,73.4,67.1,73.4,0,0
BML_PE,D,20140718,000000,72.2,72.4,67.1,70.5,0,0
BML_PE,D,20140721,000000,70.5,70.5,70.5,70.5,0,0
BML_PE,D,20140722,000000,69.8,69.8,64.6,67.8,0,0
BML_PE,D,20140723,000000,68.3,68.3,68.3,68.3,0,0
BML_PE,D,20140725,000000,69,81.7,69,79.3,0,0
BML_PE,D,20140728,000000,77.8,77.8,77.8,77.8,0,0
BML_PE,D,20140729,000000,75.6,75.6,72,72,0,0
BML_PE,D,20140730,000000,72,72,67.1,67.1,0,0
BML_PE,D,20140731,000000,67.8,68.3,67.8,68.3,0,0
BML_PE,D,20140801,000000,68.3,70.7,68.3,70.7,0,0
BML_PE,D,20140804,000000,73.2,73.2,67.6,69,0,0
BML_PE,D,20140805,000000,69,72.9,67.6,69,0,0
BML_PE,D,20140806,000000,67.3,69.3,67.3,69.3,0,0
BML_PE,D,20140808,000000,69.3,70.7,69.3,70.7,0,0
BML_PE,D,20140813,000000,70.7,76.3,70.7,71.7,0,0
BML_PE,D,20140814,000000,71.5,71.5,66.3,66.4,0,0
BML_PE,D,20140818,000000,66.3,68.3,66.3,68.3,0,0
BML_PE,D,20140821,000000,67.1,67.6,64.9,67.6,0,0
BML_PE,D,20140822,000000,68.8,70,68.8,70,0,0
BML_PE,D,20140826,000000,70.2,70.2,61,61,0,0
BML_PE,D,20140827,000000,61.2,65.9,61.2,65.9,0,0
BML_PE,D,20140828,000000,64.9,71.6,64.9,71.6,0,0
BML_PE,D,20140829,000000,71.5,71.5,57.3,63.3,0,0
BML_PE,D,20140901,000000,63.3,63.3,63.3,63.3,0,0
BML_PE,D,20140902,000000,64.4,64.4,64.3,64.3,0,0
BML_PE,D,20140903,000000,69.9,70,69.9,70,0,0
BML_PE,D,20140904,000000,71.4,71.7,69.7,69.7,0,0
BML_PE,D,20140905,000000,69.6,72.1,69.6,72.1,0,0
BML_PE,D,20140908,000000,71.5,71.5,68.5,68.9,0,0
BML_PE,D,20140909,000000,69.9,72.7,69.9,72.7,0,0
BML_PE,D,20140910,000000,72.8,73.6,68.7,73.5,0,0
BML_PE,D,20140911,000000,70.6,71.2,70,70,0,0
BML_PE,D,20140912,000000,72.5,72.5,69.4,69.4,0,0
BML_PE,D,20140916,000000,69.9,73.5,69.9,73.5,0,0
BML_PE,D,20140917,000000,73.6,80.6,73.6,76.7,0,0
BML_PE,D,20140918,000000,76.6,79.8,73.7,77.2,0,0
BML_PE,D,20140919,000000,75.8,75.8,73.9,74,0,0
BML_PE,D,20140922,000000,75.3,75.3,69.4,69.4,0,0
BML_PE,D,20140923,000000,70.2,72.7,70.2,72.7,0,0
BML_PE,D,20140925,000000,71.7,71.7,71.6,71.6,0,0
BML_PE,D,20140926,000000,69.9,74.3,69.6,74.3,0,0
BML_PE,D,20140929,000000,74.4,74.4,74.3,74.3,0,0
BML_PE,D,20140930,000000,74.4,74.7,74.4,74.6,0,0
BML_PE,D,20141001,000000,74.7,76.3,74.7,76.2,0,0
BML_PE,D,20141002,000000,74.7,74.7,74.6,74.6,0,0
BML_PE,D,20141003,000000,74.7,83.3,74.7,79.4,0,0
BML_PE,D,20141006,000000,80.1,80.1,76.1,76.2,0,0
BML_PE,D,20141007,000000,76,76,72.7,72.7,0,0
BML_PE,D,20141008,000000,71.7,71.7,70.3,70.3,0,0
BML_PE,D,20141009,000000,70.1,75.2,70.1,75.1,0,0
BML_PE,D,20141010,000000,75.5,75.5,75.3,75.4,0,0
BML_PE,D,20141013,000000,77.6,77.6,74.1,76.2,0,0
BML_PE,D,20141014,000000,76.3,77.1,76.3,77,0,0
BML_PE,D,20141015,000000,77.1,77.1,74.4,76.7,0,0
BML_PE,D,20141016,000000,76.6,76.6,75.3,75.4,0,0
BML_PE,D,20141017,000000,74.4,74.4,72.9,72.9,0,0
BML_PE,D,20141020,000000,72.8,72.9,72.8,72.9,0,0
BML_PE,D,20141021,000000,74.2,76.7,72.6,76.7,0,0
BML_PE,D,20141022,000000,76.6,76.6,72.3,74,0,0
BML_PE,D,20141023,000000,75.8,75.8,75.5,75.5,0,0
BML_PE,D,20141024,000000,74.2,74.2,71.2,72.3,0,0
BML_PE,D,20141027,000000,73.9,74,73.9,74,0,0
BML_PE,D,20141029,000000,76.3,76.3,71.2,73.1,0,0
BML_PE,D,20141030,000000,73.4,73.5,73.4,73.5,0,0
BML_PE,D,20141031,000000,72.8,80.1,72.8,75.4,0,0
BML_PE,D,20141103,000000,75.5,75.5,75.4,75.4,0,0
BML_PE,D,20141104,000000,75.5,75.5,75.4,75.4,0,0
BML_PE,D,20141106,000000,74.1,74.1,73,74,0,0
BML_PE,D,20141107,000000,73.9,74,73.9,74,0,0
BML_PE,D,20141110,000000,73.9,74,73.9,74,0,0
BML_PE,D,20141112,000000,73.9,73.9,71.2,71.3,0,0
BML_PE,D,20141113,000000,73.7,74,73.7,74,0,0
BML_PE,D,20141114,000000,73.9,74,73.9,74,0,0
BML_PE,D,20141117,000000,73.4,73.5,73.4,73.5,0,0
BML_PE,D,20141118,000000,74.1,74.1,74,74,0,0
BML_PE,D,20141119,000000,73.9,73.9,72.6,72.7,0,0
BML_PE,D,20141120,000000,72.8,73.6,72.8,73.5,0,0
BML_PE,D,20141121,000000,74.1,74.1,74,74,0,0
BML_PE,D,20141124,000000,73.9,74,73.9,74,0,0
BML_PE,D,20141125,000000,73.9,74,73.9,74,0,0
BML_PE,D,20141126,000000,71.5,71.5,69.9,70,0,0
BML_PE,D,20141127,000000,70.4,70.4,70.4,70.4,0,0
BML_PE,D,20150417,000000,1589.5,1589.5,1589.5,1589.5,0,0
BML_PE,D,20150420,000000,1596.2,1615.4,1565.4,1604.9,0,0
BML_PE,D,20150421,000000,1573.1,1607.7,1542.3,1566.4,0,0
BML_PE,D,20150422,000000,1546.2,1546.2,1526.9,1527.9,0,0
BML_PE,D,20150423,000000,1515.4,1592.3,1515.4,1570.3,0,0
BML_PE,D,20150424,000000,1569.2,1569.2,1526.9,1551,0,0
BML_PE,D,20150427,000000,1526.9,1539.5,1503.8,1539.5,0,0
BML_PE,D,20150428,000000,1565.4,1565.4,1500,1535.6,0,0
BML_PE,D,20150430,000000,1519.2,1527.9,1480.8,1527.9,0,0
BML_PE,D,20150504,000000,1519.2,1535.6,1519.2,1535.6,0,0
BML_PE,D,20150505,000000,1538.5,1553.8,1500,1535.6,0,0
BML_PE,D,20150506,000000,1530.8,1538.5,1473.1,1501,0,0
BML_PE,D,20150507,000000,1538.5,1539.5,1534.6,1539.5,0,0
BML_PE,D,20150508,000000,1553.8,1553.8,1538.5,1539.5,0,0
BML_PE,D,20150511,000000,1538.5,1539.5,1538.5,1539.5,0,0
BML_PE,D,20150512,000000,1538.5,1553.8,1538.5,1539.5,0,0
BML_PE,D,20150513,000000,1565.4,1565.4,1519.2,1551,0,0
BML_PE,D,20150514,000000,1523.1,1551,1523.1,1551,0,0
BML_PE,D,20150515,000000,1546.2,1547.2,1542.3,1547.2,0,0
BML_PE,D,20150518,000000,1461.5,1515.4,1442.3,1453.8,0,0
BML_PE,D,20170928,000000,1453.8,1453.8,1453.8,1453.8,0,0
BML_PE,D,20180430,000000,121.2,121.2,121.2,121.2,0,0
BML_PE,D,20180502,000000,110.9,116.3,104.5,116.3,0,0
BML_PE,D,20180504,000000,116.7,117.6,114.7,117.3,0,0
BML_PE,D,20180507,000000,117.6,120.6,116.7,118.2,0,0
BML_PE,D,20180508,000000,118.6,120.6,116.7,119.2,0,0
BML_PE,D,20180509,000000,119.6,127.5,116.7,123.1,0,0
BML_PE,D,20180510,000000,122.5,126.5,120.6,123.1,0,0
BML_PE,D,20180511,000000,126.5,126.5,118.6,124.1,0,0
BML_PE,D,20180514,000000,124.5,130.4,122.5,125.1,0,0
BML_PE,D,20180515,000000,124.5,128.4,123.5,124.1,0,0
BML_PE,D,20180516,000000,128.4,137.7,122.5,137.7,0,0
BML_PE,D,20180517,000000,135.1,137.2,133,136.6,0,0
BML_PE,D,20180518,000000,135.1,137.2,133,136.6,0,0
BML_PE,D,20180521,000000,137.2,137.2,130.9,135.5,0,0
BML_PE,D,20180522,000000,133,136.2,131.9,135.5,0,0
BML_PE,D,20180523,000000,133,135.1,130.9,134.5,0,0
BML_PE,D,20180524,000000,133,138.3,70.7,70.7,0,0
BML_PE,D,20180525,000000,70.2,70.2,65.7,66.8,0,0
BML_PE,D,20180528,000000,66.9,69.1,66.3,66.8,0,0
BML_PE,D,20180529,000000,65.2,67.4,65.2,67.4,0,0
BML_PE,D,20180530,000000,66.3,66.3,60.8,63.5,0,0
BML_PE,D,20180601,000000,63.5,66.3,61.3,65.2,0,0
BML_PE,D,20180604,000000,65.2,65.2,64.1,65.2,0,0
BML_PE,D,20180605,000000,65.2,66.3,65.2,65.7,0,0
BML_PE,D,20180606,000000,65.7,65.7,62.4,65.2,0,0
BML_PE,D,20180607,000000,64.1,66.3,64.1,64.1,0,0
BML_PE,D,20180608,000000,64.6,65.2,64.1,65.2,0,0
BML_PE,D,20180611,000000,64.1,65.2,64.1,65.2,0,0
BML_PE,D,20180612,000000,64.1,65.2,64.1,64.1,0,0
BML_PE,D,20180613,000000,63.5,66.3,63.5,66.3,0,0
BML_PE,D,20180614,000000,64.1,67.4,64.1,65.7,0,0
BML_PE,D,20180615,000000,64.1,68,63.5,64.1,0,0
BML_PE,D,20180618,000000,65.7,65.7,61.3,64.1,0,0
BML_PE,D,20180619,000000,60.8,63.5,60.8,62.4,0,0
BML_PE,D,20180620,000000,62.4,63.5,60.8,61.9,0,0
BML_PE,D,20180621,000000,61.9,62.4,59.7,60.8,0,0
BML_PE,D,20180622,000000,59.7,60.2,58,59.7,0,0
BML_PE,D,20180625,000000,59.7,59.7,55.2,56.9,0,0
BML_PE,D,20180626,000000,58,59.7,58,59.1,0,0
BML_PE,D,20180627,000000,59.1,59.1,58,59.1,0,0
BML_PE,D,20180628,000000,58.6,58.6,58,58.6,0,0
BML_PE,D,20180629,000000,59.1,59.7,58.6,59.7,0,0
BML_PE,D,20180702,000000,59.1,59.1,57.5,58.6,0,0
BML_PE,D,20180703,000000,59.1,59.1,58,58.6,0,0
BML_PE,D,20180704,000000,58,59.1,58,59.1,0,0
BML_PE,D,20180705,000000,59.1,59.1,58.6,59.1,0,0
BML_PE,D,20180706,000000,59.7,59.7,56.9,59.1,0,0
BML_PE,D,20180709,000000,59.7,59.7,57.5,59.7,0,0
BML_PE,D,20180710,000000,60.2,63,60.2,61.9,0,0
BML_PE,D,20180711,000000,63,63,60.2,60.8,0,0
BML_PE,D,20180712,000000,60.2,60.2,59.7,60.2,0,0
BML_PE,D,20180713,000000,59.7,60.2,58.6,60.2,0,0
BML_PE,D,20180716,000000,59.1,59.7,58,58,0,0
BML_PE,D,20180717,000000,58,59.1,57.5,59.1,0,0
BML_PE,D,20180718,000000,59.1,59.1,58.6,58.6,0,0
BML_PE,D,20180719,000000,58.6,59.1,58.6,58.6,0,0
BML_PE,D,20180720,000000,59.1,61.3,58.6,58.6,0,0
BML_PE,D,20180723,000000,58,61.9,56.9,61.3,0,0
BML_PE,D,20180724,000000,61.9,64.6,61.9,61.9,0,0
BML_PE,D,20180725,000000,60.8,62.4,59.7,62.4,0,0
BML_PE,D,20180726,000000,61.9,64.6,61.9,64.1,0,0
BML_PE,D,20180727,000000,64.1,64.1,63.5,63.5,0,0
BML_PE,D,20180730,000000,63.5,63.5,61.3,63.5,0,0
BML_PE,D,20180731,000000,61.3,63.5,61.3,63.5,0,0
BML_PE,D,20180801,000000,61.9,63,60.8,63,0,0
BML_PE,D,20180802,000000,61.9,66.9,61.9,66.3,0,0
BML_PE,D,20180803,000000,66.9,70.2,66.3,69.1,0,0
BML_PE,D,20180806,000000,69.1,69.1,66.3,66.3,0,0
BML_PE,D,20180807,000000,65.2,69.1,65.2,68.5,0,0
BML_PE,D,20180808,000000,66.3,69.1,66.3,68.5,0,0
BML_PE,D,20180809,000000,66.3,67.4,65.7,66.3,0,0
BML_PE,D,20180810,000000,66.3,66.3,65.2,65.2,0,0
BML_PE,D,20180813,000000,65.7,65.7,63.5,65.2,0,0
BML_PE,D,20180814,000000,69.1,70.7,66.3,68,0,0
BML_PE,D,20180816,000000,67.4,69.6,66.9,69.6,0,0
BML_PE,D,20180817,000000,69.6,70.2,69.1,69.6,0,0
BML_PE,D,20180820,000000,70.7,70.7,68,69.6,0,0
BML_PE,D,20180821,000000,69.6,69.6,68,69.6,0,0
BML_PE,D,20180822,000000,69.6,72.9,69.1,70.2,0,0
BML_PE,D,20180823,000000,70.2,70.2,69.1,70.2,0,0
BML_PE,D,20180824,000000,71.3,71.8,70.2,70.2,0,0
BML_PE,D,20180827,000000,69.6,69.6,68,68,0,0
BML_PE,D,20180828,000000,68.5,70.7,68.5,70.7,0,0
BML_PE,D,20180829,000000,69.1,69.1,69.1,69.1,0,0
BML_PE,D,20180830,000000,69.1,69.1,68,69.1,0,0
BML_PE,D,20180831,000000,68,68,63.5,66.3,0,0
BML_PE,D,20180903,000000,64.6,66.3,64.6,66.3,0,0
BML_PE,D,20180904,000000,65.2,65.7,65.2,65.7,0,0
BML_PE,D,20180905,000000,66.3,67.4,65.2,65.7,0,0
BML_PE,D,20180906,000000,65.7,66.3,63.5,66.3,0,0
BML_PE,D,20180907,000000,65.7,65.7,63.5,64.6,0,0
BML_PE,D,20180910,000000,64.6,64.6,61.9,63,0,0
BML_PE,D,20180911,000000,63,63,60.8,63,0,0
BML_PE,D,20180912,000000,61.3,61.9,60.8,61.9,0,0
BML_PE,D,20180913,000000,63,63,60.8,63,0,0
BML_PE,D,20180914,000000,61.3,62.4,59.1,59.7,0,0
BML_PE,D,20180917,000000,60.2,61.3,59.7,61.3,0,0
BML_PE,D,20180918,000000,61.9,61.9,61.3,61.9,0,0
BML_PE,D,20180919,000000,61.3,63,61.3,63,0,0
BML_PE,D,20180920,000000,63,64.1,61.9,64.1,0,0
BML_PE,D,20180921,000000,62.4,64.6,61.3,61.9,0,0
BML_PE,D,20180924,000000,61.9,61.9,60.8,61.9,0,0
BML_PE,D,20180925,000000,61.9,63.5,61.9,61.9,0,0
BML_PE,D,20180926,000000,60.8,60.8,6.2,6.2,0,0
BML_PE,D,20180927,000000,6.2,6.4,6.1,6.4,0,0
BML_PE,D,20180928,000000,6.2,6.3,6.2,6.3,0,0
BML_PE,D,20181001,000000,6.2,6.2,6.1,6.1,0,0
BML_PE,D,20181002,000000,6.1,6.3,6,6.3,0,0
BML_PE,D,20181003,000000,6.5,6.8,6.3,6.3,0,0
BML_PE,D,20181004,000000,6.3,6.6,6.2,6.4,0,0
BML_PE,D,20181005,000000,6.3,6.5,6.2,6.4,0,0
BML_PE,D,20181008,000000,6.5,6.6,6.4,6.5,0,0
BML_PE,D,20181009,000000,6.5,6.8,6.4,6.7,0,0
BML_PE,D,20181010,000000,6.5,6.6,6.4,6.5,0,0
BML_PE,D,20181011,000000,6.4,6.5,6.3,6.5,0,0
BML_PE,D,20181012,000000,6.3,6.5,6.3,6.5,0,0
BML_PE,D,20181015,000000,6.3,6.6,6.3,6.6,0,0
BML_PE,D,20181016,000000,6.6,6.7,6.5,6.6,0,0
BML_PE,D,20181017,000000,6.7,6.8,6.6,6.8,0,0
BML_PE,D,20181018,000000,6.6,6.8,6.6,6.8,0,0
BML_PE,D,20181019,000000,6.8,6.8,6.5,6.8,0,0
BML_PE,D,20181022,000000,6.7,6.9,6.3,6.4,0,0
BML_PE,D,20181023,000000,6.5,6.5,6.3,6.5,0,0
BML_PE,D,20181024,000000,6.6,6.6,6.5,6.5,0,0
BML_PE,D,20181025,000000,6.3,6.4,6.3,6.4,0,0
BML_PE,D,20181026,000000,6.4,6.7,6.4,6.5,0,0
BML_PE,D,20181029,000000,6.7,6.7,6.3,6.5,0,0
BML_PE,D,20181030,000000,6.3,7,6.3,7,0,0
BML_PE,D,20181031,000000,6.9,7,6.8,7,0,0
BML_PE,D,20181102,000000,7.1,7.1,7,7,0,0
BML_PE,D,20181105,000000,7.1,7.1,6.6,7,0,0
BML_PE,D,20181106,000000,6.8,6.9,6.8,6.9,0,0
BML_PE,D,20181107,000000,6.8,6.8,6.7,6.8,0,0
BML_PE,D,20181108,000000,6.9,6.9,6.6,6.7,0,0
BML_PE,D,20181109,000000,6.5,6.8,6.5,6.5,0,0
BML_PE,D,20181113,000000,6.6,6.6,6.5,6.5,0,0
BML_PE,D,20181114,000000,6.6,6.7,6.6,6.7,0,0
BML_PE,D,20181115,000000,6.6,6.8,6.6,6.6,0,0
BML_PE,D,20181116,000000,6.7,6.7,6.3,6.7,0,0
BML_PE,D,20181119,000000,6.7,6.7,6.5,6.7,0,0
BML_PE,D,20181120,000000,6.6,6.7,6.6,6.6,0,0
BML_PE,D,20181121,000000,6.4,6.6,6.4,6.5,0,0
BML_PE,D,20181122,000000,6.3,6.5,6.2,6.4,0,0
BML_PE,D,20181123,000000,6.3,6.6,6.3,6.4,0,0
BML_PE,D,20181126,000000,6.3,6.5,6.3,6.4,0,0
BML_PE,D,20181127,000000,6.4,6.5,6.4,6.5,0,0
BML_PE,D,20181128,000000,6.5,6.5,6.4,6.5,0,0
BML_PE,D,20181129,000000,6.3,6.6,6.3,6.6,0,0
BML_PE,D,20181130,000000,6.6,6.7,6.6,6.7,0,0
BML_PE,D,20181203,000000,6.7,6.8,6.7,6.8,0,0
BML_PE,D,20181204,000000,6.5,6.7,6.5,6.7,0,0
BML_PE,D,20181205,000000,6.5,6.6,6.5,6.5,0,0
BML_PE,D,20181206,000000,6.5,6.6,6.4,6.5,0,0
BML_PE,D,20181207,000000,6.3,6.4,5.8,5.8,0,0
BML_PE,D,20181210,000000,5.8,6,5.7,6,0,0
BML_PE,D,20181211,000000,6,6.1,6,6,0,0
BML_PE,D,20181212,000000,6,6.1,5.8,6,0,0
BML_PE,D,20181213,000000,6.1,6.1,5.8,5.9,0,0
BML_PE,D,20181214,000000,5.8,5.9,5.6,5.7,0,0
BML_PE,D,20181217,000000,5.7,5.8,5.2,5.6,0,0
BML_PE,D,20181218,000000,5.4,5.6,5.4,5.6,0,0
BML_PE,D,20181219,000000,5.7,6.1,5.6,5.8,0,0
BML_PE,D,20181220,000000,5.3,6.1,5.3,6.1,0,0
BML_PE,D,20181221,000000,6.3,6.3,5.9,6.3,0,0
BML_PE,D,20181227,000000,6.4,6.5,6.4,6.5,0,0
BML_PE,D,20181228,000000,6.7,6.9,6.4,6.4,0,0
BML_PE,D,20190102,000000,6.6,6.6,6.4,6.6,0,0
BML_PE,D,20190103,000000,6.6,6.6,6.2,6.5,0,0
BML_PE,D,20190104,000000,6.2,6.4,6.2,6.4,0,0
BML_PE,D,20190107,000000,6.4,6.4,6.2,6.4,0,0
BML_PE,D,20190108,000000,6.3,6.3,6.3,6.3,0,0
BML_PE,D,20190109,000000,6.4,6.4,6.1,6.3,0,0
BML_PE,D,20190110,000000,6.4,6.4,6.2,6.4,0,0
BML_PE,D,20190111,000000,6.3,6.4,6.2,6.4,0,0
BML_PE,D,20190114,000000,6.5,6.5,6.2,6.4,0,0
BML_PE,D,20190115,000000,6.2,6.3,6.2,6.3,0,0
BML_PE,D,20190116,000000,6.3,6.4,6.2,6.4,0,0
BML_PE,D,20190117,000000,6.2,6.4,6,6.3,0,0
BML_PE,D,20190118,000000,6.1,6.2,5.9,5.9,0,0
BML_PE,D,20190121,000000,5.7,5.9,5.7,5.8,0,0
BML_PE,D,20190122,000000,5.6,5.8,5.6,5.8,0,0
BML_PE,D,20190123,000000,5.6,5.8,5.5,5.7,0,0
BML_PE,D,20190124,000000,5.7,5.8,5.6,5.7,0,0
BML_PE,D,20190125,000000,5.7,5.9,5.6,5.8,0,0
BML_PE,D,20190128,000000,5.7,5.7,5.7,5.7,0,0
BML_PE,D,20190129,000000,5.6,5.8,5.6,5.7,0,0
BML_PE,D,20190130,000000,5.7,5.7,5.5,5.7,0,0
BML_PE,D,20190131,000000,5.8,5.8,5.4,5.7,0,0
BML_PE,D,20190201,000000,5.5,5.7,5.5,5.7,0,0
BML_PE,D,20190204,000000,5.6,5.7,5.5,5.5,0,0
BML_PE,D,20190205,000000,5.5,5.6,5.5,5.6,0,0
BML_PE,D,20190206,000000,5.5,5.7,5.5,5.6,0,0
BML_PE,D,20190207,000000,5.4,5.6,5.4,5.6,0,0
BML_PE,D,20190208,000000,5.6,5.6,5.5,5.6,0,0
BML_PE,D,20190211,000000,5.5,5.7,5.5,5.6,0,0
BML_PE,D,20190212,000000,5.5,5.6,5.4,5.6,0,0
BML_PE,D,20190213,000000,5.6,5.6,5.5,5.6,0,0
BML_PE,D,20190215,000000,5.1,5.4,5.1,5.4,0,0
BML_PE,D,20190218,000000,5.4,5.4,5.3,5.4,0,0
BML_PE,D,20190219,000000,5.4,5.5,5.2,5.4,0,0
BML_PE,D,20190220,000000,5.3,5.4,5.3,5.4,0,0
BML_PE,D,20190221,000000,5.4,5.4,5.2,5.4,0,0
BML_PE,D,20190222,000000,5.3,5.3,5.2,5.3,0,0
BML_PE,D,20190225,000000,5.4,5.4,5.2,5.3,0,0
BML_PE,D,20190226,000000,5.3,5.3,5.1,5.3,0,0
BML_PE,D,20190227,000000,5.2,5.2,4.9,5.2,0,0
BML_PE,D,20190228,000000,5.1,5.1,5.1,5.1,0,0
BML_PE,D,20190301,000000,5,5.1,5,5.1,0,0
BML_PE,D,20190304,000000,5.2,5.2,5.1,5.1,0,0
BML_PE,D,20190305,000000,5,5.1,5,5.1,0,0
BML_PE,D,20190306,000000,5.2,5.2,5.1,5.1,0,0
BML_PE,D,20190307,000000,5.1,5.2,5.1,5.1,0,0
BML_PE,D,20190308,000000,5.1,5.2,5.1,5.2,0,0
BML_PE,D,20190311,000000,5.2,5.2,5,5.2,0,0
BML_PE,D,20190312,000000,5.2,5.2,5.1,5.2,0,0
BML_PE,D,20190313,000000,5.2,5.5,5.2,5.2,0,0
BML_PE,D,20190314,000000,5.3,6.2,5.3,5.4,0,0
BML_PE,D,20190315,000000,5.4,5.9,5.4,5.8,0,0
BML_PE,D,20190318,000000,5.8,5.8,5.5,5.6,0,0
BML_PE,D,20190319,000000,5.6,5.6,5.4,5.4,0,0
BML_PE,D,20190320,000000,5.5,5.6,5.2,5.2,0,0
BML_PE,D,20190321,000000,5.1,5.5,5.1,5.2,0,0
BML_PE,D,20190322,000000,5.4,5.4,5.3,5.4,0,0
BML_PE,D,20190325,000000,5.3,5.4,5.2,5.3,0,0
BML_PE,D,20190326,000000,5.2,5.4,5.2,5.4,0,0
BML_PE,D,20190327,000000,5.4,5.4,5.2,5.4,0,0
BML_PE,D,20190328,000000,5.3,5.3,5.2,5.3,0,0
BML_PE,D,20190329,000000,5.4,5.4,5.1,5.1,0,0
BML_PE,D,20190401,000000,5.1,5.2,5.1,5.2,0,0
BML_PE,D,20190402,000000,4.9,5.1,4.9,5.1,0,0
BML_PE,D,20190403,000000,5.1,5.2,5.1,5.1,0,0
BML_PE,D,20190404,000000,5.1,5.1,4.9,5.1,0,0
BML_PE,D,20190405,000000,5,5.1,5,5.1,0,0
BML_PE,D,20190408,000000,5.1,5.1,5,5,0,0
BML_PE,D,20190409,000000,5,5.1,4.9,5.1,0,0
BML_PE,D,20190410,000000,5.1,5.1,4.9,5,0,0
BML_PE,D,20190411,000000,5,5.1,5,5.1,0,0
BML_PE,D,20190412,000000,5.1,5.2,5.1,5.1,0,0
BML_PE,D,20190415,000000,5.1,5.2,4.9,4.9,0,0
BML_PE,D,20190416,000000,5,5,4.9,4.9,0,0
BML_PE,D,20190417,000000,4.9,4.9,4.8,4.8,0,0
BML_PE,D,20190418,000000,4.8,4.9,4.8,4.9,0,0
BML_PE,D,20190423,000000,4.9,4.9,4.8,4.8,0,0
BML_PE,D,20190424,000000,4.8,4.9,4.7,4.9,0,0
BML_PE,D,20190425,000000,4.8,4.8,4.8,4.8,0,0
BML_PE,D,20190426,000000,4.9,4.9,4.5,4.7,0,0
BML_PE,D,20190429,000000,4.6,4.7,4.6,4.7,0,0
BML_PE,D,20190430,000000,4.8,4.9,4.5,4.8,0,0
BML_PE,D,20190502,000000,4.8,4.9,4.8,4.9,0,0
BML_PE,D,20200319,000000,25.1,25.1,25.1,25.1,0,0
BML_PE,D,20200320,000000,27.1,29,25.1,25.8,0,0
BML_PE,D,20200323,000000,25.8,26.1,24.8,25,0,0
BML_PE,D,20200324,000000,25.9,25.9,23.6,24,0,0
BML_PE,D,20200325,000000,25.3,27.3,24,25.3,0,0
BML_PE,D,20200326,000000,24.6,27.3,24.6,26.3,0,0
BML_PE,D,20200327,000000,26.8,28.4,26.7,27.3,0,0
BML_PE,D,20200330,000000,32.6,45.1,27.3,45.1,0,0
BML_PE,D,20200331,000000,48.6,59.9,48.1,51.7,0,0
BML_PE,D,20200401,000000,54.8,56,52,55.9,0,0
BML_PE,D,20200402,000000,55.9,73.9,55.9,71,0,0
BML_PE,D,20200403,000000,75.2,112.8,75.2,106.6,0,0
BML_PE,D,20200406,000000,162.9,162.9,125.1,125.4,0,0
BML_PE,D,20200407,000000,127.8,127.8,83.5,85.3,0,0
BML_PE,D,20200408,000000,78.4,100,76.4,85.3,0,0
BML_PE,D,20200409,000000,102.3,102.3,81.2,87.5,0,0
BML_PE,D,20200414,000000,82.7,82.7,65.4,67.5,0,0
BML_PE,D,20200415,000000,64.7,95.3,63.2,95.3,0,0
BML_PE,D,20200416,000000,85,92,82.7,84.8,0,0
BML_PE,D,20200417,000000,85.7,88.5,77.2,80.7,0,0
BML_PE,D,20200420,000000,82.7,82.7,72.4,73.2,0,0
BML_PE,D,20200421,000000,71.7,83.2,69.4,81.5,0,0
BML_PE,D,20200422,000000,80.2,83.7,76.2,77.7,0,0
BML_PE,D,20200423,000000,77.4,82.7,74.4,78.2,0,0
BML_PE,D,20200424,000000,79.7,83,77.7,82,0,0
BML_PE,D,20200427,000000,83.2,83.2,79.2,80.5,0,0
BML_PE,D,20200428,000000,79.9,99.2,75.2,95.3,0,0
BML_PE,D,20200429,000000,95.2,100.3,90.2,90.3,0,0
BML_PE,D,20200430,000000,89,89,82.5,84.3,0,0
BML_PE,D,20200504,000000,84.2,86.7,83.5,86.5,0,0
BML_PE,D,20200505,000000,87,96.7,86,90.3,0,0
BML_PE,D,20200506,000000,95.5,103.3,94.5,102.8,0,0
BML_PE,D,20200507,000000,106.8,109.3,97.7,102.3,0,0
BML_PE,D,20200508,000000,102.3,104.5,98.2,104.1,0,0
BML_PE,D,20200511,000000,110,110,72.8,72.8,0,0
BML_PE,D,20200512,000000,70.3,70.3,67.2,68.1,0,0
BML_PE,D,20200513,000000,67.8,70.1,64.8,64.8,0,0
BML_PE,D,20200514,000000,65,68.7,63.9,65,0,0
BML_PE,D,20200515,000000,67.2,69.2,66.3,67.5,0,0
BML_PE,D,20200518,000000,67.8,69.8,66.5,69.5,0,0
BML_PE,D,20200519,000000,69.3,69.3,66.7,67.2,0,0
BML_PE,D,20200520,000000,65.6,65.9,63.8,65.5,0,0
BML_PE,D,20200521,000000,65.5,65.5,64,64.6,0,0
BML_PE,D,20200522,000000,71.8,71.8,68.9,69.2,0,0
BML_PE,D,20200525,000000,72.9,74.9,72.3,73.7,0,0
BML_PE,D,20200526,000000,73.8,73.8,72.2,72.8,0,0
BML_PE,D,20200527,000000,73.4,73.4,68.9,69,0,0
BML_PE,D,20200528,000000,68.9,71.4,67,71.3,0,0
BML_PE,D,20200529,000000,71.3,72,70.2,71.3,0,0
BML_PE,D,20200601,000000,72.4,72.4,70,70.1,0,0
BML_PE,D,20200602,000000,70.7,70.7,68.7,69.2,0,0
BML_PE,D,20200603,000000,69.2,70.7,67.8,70.1,0,0
BML_PE,D,20200604,000000,70.1,70.1,68.9,69.2,0,0
BML_PE,D,20200605,000000,71,71,69.6,70.8,0,0
BML_PE,D,20200608,000000,71.6,78.7,69.9,77.2,0,0
BML_PE,D,20200609,000000,75.8,75.8,73,73,0,0
BML_PE,D,20200610,000000,73,78.1,71.9,76.6,0,0
BML_PE,D,20200612,000000,72.7,76.9,72.7,75.5,0,0
BML_PE,D,20200615,000000,74.4,74.4,71.5,73.3,0,0
BML_PE,D,20200616,000000,73.3,75.5,73.3,75.2,0,0
BML_PE,D,20200617,000000,75.8,80.7,75.6,79.2,0,0
BML_PE,D,20200618,000000,79.6,90.2,79.6,85.4,0,0
BML_PE,D,20200619,000000,87.2,98,87.2,97.5,0,0
BML_PE,D,20200622,000000,103.6,110.5,103.6,108.8,0,0
BML_PE,D,20200623,000000,110.2,110.2,103.6,105.8,0,0
BML_PE,D,20200624,000000,106.2,133.2,104.7,133.2,0,0
BML_PE,D,20200625,000000,128.7,155.3,128.4,135,0,0
BML_PE,D,20200626,000000,134.2,149.1,134.2,141.6,0,0
BML_PE,D,20200629,000000,140.3,145,137.3,139,0,0
BML_PE,D,20200630,000000,138.2,138.2,113.5,121.9,0,0
BML_PE,D,20200701,000000,116.7,125.5,109.8,121.9,0,0
BML_PE,D,20200702,000000,120,133.8,120,129.2,0,0
BML_PE,D,20200703,000000,141.8,144.4,138.2,143.4,0,0
BML_PE,D,20200706,000000,152.7,157.1,152,156.9,0,0
BML_PE,D,20200707,000000,154.8,154.8,145.4,148.9,0,0
BML_PE,D,20200708,000000,143.5,148.6,142.8,148.5,0,0
BML_PE,D,20200709,000000,151.2,162.1,146.1,158.3,0,0
BML_PE,D,20200710,000000,160,173.5,160,171.1,0,0
BML_PE,D,20200713,000000,174.1,203.1,174.1,198.4,0,0
BML_PE,D,20200714,000000,208.6,249.5,208.6,234.8,0,0
BML_PE,D,20200715,000000,217.7,253.2,194,203.8,0,0
BML_PE,D,20200716,000000,214.5,230.2,202.7,230.2,0,0
BML_PE,D,20200717,000000,232.7,232.7,225.5,227.5,0,0
BML_PE,D,20200720,000000,218.6,223.1,212.2,214.8,0,0
BML_PE,D,20200721,000000,224,245.9,220.4,223.9,0,0
BML_PE,D,20200722,000000,236.8,236.8,220.4,223.9,0,0
BML_PE,D,20200723,000000,227.7,229.5,215.8,222.9,0,0
BML_PE,D,20200724,000000,222.7,271.8,222.7,263.9,0,0
BML_PE,D,20200727,000000,280.5,331.5,280.5,331.2,0,0
BML_PE,D,20200728,000000,381.8,385.8,381.8,385.8,0,0
BML_PE,D,20200729,000000,432.7,487.3,392.7,400.4,0,0
BML_PE,D,20200730,000000,437.2,437.2,338.8,342.2,0,0
BML_PE,D,20200731,000000,342.4,437.2,342.4,436.8,0,0
BML_PE,D,20200803,000000,475.4,546.4,469.9,546,0,0
BML_PE,D,20200804,000000,530.1,582.9,513.7,522.3,0,0
BML_PE,D,20200805,000000,541,541,493.6,505.9,0,0
BML_PE,D,20200806,000000,507.3,507.3,450.9,471.4,0,0
BML_PE,D,20200807,000000,435.3,499.1,342.4,440.4,0,0
BML_PE,D,20200810,000000,436.4,450.9,405.5,409.5,0,0
BML_PE,D,20200811,000000,395.3,395.3,320.3,320.3,0,0
BML_PE,D,20200812,000000,309.7,329.7,255,274.8,0,0
BML_PE,D,20200813,000000,284.2,364.3,284.2,364,0,0
BML_PE,D,20200814,000000,400.7,424.4,382.5,404,0,0
BML_PE,D,20200817,000000,407.3,476.4,398.2,465.9,0,0
BML_PE,D,20200818,000000,490,490,384.3,398.6,0,0
BML_PE,D,20200819,000000,424.4,431.7,393.4,413.1,0,0
BML_PE,D,20200820,000000,418.2,418.2,360,369.4,0,0
BML_PE,D,20200821,000000,356.4,361.8,326.4,350.3,0,0
