<TICKER>,<PER>,<DATE>,<TIME>,<OPEN>,<HIGH>,<LOW>,<CLOSE>,<VOL>,<OPENINT>
CDL_PE,D,20141212,000000,9.2075,9.2075,9.2075,9.2075,0,0
CDL_PE,D,20141215,000000,9.2896,9.3737,9.2896,9.3737,0,0
CDL_PE,D,20141216,000000,9.1219,9.1219,8.8714,9.1219,0,0
CDL_PE,D,20141217,000000,9.1219,9.1219,8.8714,9.0387,0,0
CDL_PE,D,20141218,000000,9.1219,9.1219,8.4528,8.4528,0,0
CDL_PE,D,20141219,000000,8.4528,9.4567,8.4528,9.4567,0,0
CDL_PE,D,20141222,000000,9.3737,9.3737,9.0387,9.3737,0,0
CDL_PE,D,20141223,000000,9.3737,9.3737,9.2075,9.2075,0,0
CDL_PE,D,20141229,000000,9.2075,9.2075,8.9553,9.1219,0,0
CDL_PE,D,20141230,000000,9.1219,9.1219,9.1219,9.1219,0,0
CDL_PE,D,20150102,000000,9.2075,9.2896,9.2075,9.2896,0,0
CDL_PE,D,20150105,000000,9.2896,9.4567,9.0387,9.2075,0,0
CDL_PE,D,20150107,000000,9.2896,9.2896,9.2896,9.2896,0,0
CDL_PE,D,20150108,000000,9.2896,9.4567,9.2896,9.2896,0,0
CDL_PE,D,20150109,000000,9.2896,9.4567,8.9553,8.9553,0,0
CDL_PE,D,20150112,000000,8.9553,9.1219,8.9553,9.1219,0,0
CDL_PE,D,20150113,000000,9.2075,9.2896,9.2075,9.2896,0,0
CDL_PE,D,20150114,000000,9.2075,9.2075,9.0387,9.0387,0,0
CDL_PE,D,20150115,000000,8.7874,9.2075,8.5367,9.0387,0,0
CDL_PE,D,20150116,000000,9.0387,9.1219,9.0387,9.1219,0,0
CDL_PE,D,20150119,000000,9.2075,9.2075,9.1219,9.2075,0,0
CDL_PE,D,20150120,000000,9.2075,9.2075,9.1219,9.1219,0,0
CDL_PE,D,20150121,000000,9.0387,9.0387,8.7874,9.0387,0,0
CDL_PE,D,20150122,000000,9.0387,9.0387,8.7036,8.7036,0,0
CDL_PE,D,20150123,000000,8.7036,8.7036,8.2855,8.3688,0,0
CDL_PE,D,20150126,000000,8.5367,8.5367,8.1181,8.3688,0,0
CDL_PE,D,20150127,000000,8.4528,8.4528,8.2018,8.2018,0,0
CDL_PE,D,20150128,000000,8.2855,8.3688,8.2018,8.2855,0,0
CDL_PE,D,20150129,000000,8.2018,8.3688,8.2018,8.3688,0,0
CDL_PE,D,20150130,000000,8.3688,8.5367,8.2855,8.3688,0,0
CDL_PE,D,20150202,000000,8.4528,8.4528,8.1181,8.3688,0,0
CDL_PE,D,20150203,000000,8.3688,8.3688,8.1181,8.2855,0,0
CDL_PE,D,20150204,000000,8.2855,8.2855,8.0344,8.0344,0,0
CDL_PE,D,20150205,000000,8.0344,8.1181,7.9507,8.0344,0,0
CDL_PE,D,20150206,000000,8.0344,8.7036,8.0344,8.3688,0,0
CDL_PE,D,20150209,000000,8.8714,8.8714,8.2018,8.4528,0,0
CDL_PE,D,20150210,000000,8.2855,8.4528,8.0344,8.2855,0,0
CDL_PE,D,20150211,000000,8.1181,8.2018,8.0344,8.0344,0,0
CDL_PE,D,20150212,000000,8.2018,8.2018,7.6996,7.7833,0,0
CDL_PE,D,20150213,000000,7.867,8.0344,7.867,7.9507,0,0
CDL_PE,D,20150216,000000,7.9507,7.9507,7.7833,7.9507,0,0
CDL_PE,D,20150217,000000,7.9507,7.9507,7.6996,7.6996,0,0
CDL_PE,D,20150218,000000,7.7833,7.9507,7.7833,7.9507,0,0
CDL_PE,D,20150219,000000,7.9507,8.4528,7.9507,8.3688,0,0
CDL_PE,D,20150220,000000,8.3688,8.5367,8.3688,8.3688,0,0
CDL_PE,D,20150223,000000,8.1181,8.3688,8.1181,8.2855,0,0
CDL_PE,D,20150224,000000,8.2855,8.2855,8.0344,8.1181,0,0
CDL_PE,D,20150225,000000,8.2018,8.2018,7.9507,7.9507,0,0
CDL_PE,D,20150226,000000,8.1181,8.1181,7.9507,8.1181,0,0
CDL_PE,D,20150227,000000,8.1181,8.4528,7.9507,7.9507,0,0
CDL_PE,D,20150302,000000,7.9507,8.2018,7.867,8.2018,0,0
CDL_PE,D,20150303,000000,8.0344,8.2018,8.0344,8.1181,0,0
CDL_PE,D,20150304,000000,8.0344,8.1181,7.9507,8.0344,0,0
CDL_PE,D,20150305,000000,8.1181,8.2018,8.1181,8.2018,0,0
CDL_PE,D,20150306,000000,8.3688,8.3688,8.2018,8.2855,0,0
CDL_PE,D,20150309,000000,8.2855,8.3688,8.1181,8.1181,0,0
CDL_PE,D,20150311,000000,8.2018,8.2018,8.1181,8.1181,0,0
CDL_PE,D,20150312,000000,7.867,8.1181,7.867,8.1181,0,0
CDL_PE,D,20150313,000000,7.9507,7.9507,7.9507,7.9507,0,0
CDL_PE,D,20150316,000000,8.1181,8.1181,7.9507,7.9507,0,0
CDL_PE,D,20150317,000000,8.1181,8.1181,8.1181,8.1181,0,0
CDL_PE,D,20150318,000000,8.2018,8.3688,8.2018,8.3688,0,0
CDL_PE,D,20150319,000000,8.3688,8.7036,8.3688,8.7036,0,0
CDL_PE,D,20150320,000000,8.7036,9.875,8.7036,9.626,0,0
CDL_PE,D,20150323,000000,9.626,9.626,8.4528,8.4528,0,0
CDL_PE,D,20150324,000000,8.4528,8.4528,8.1181,8.1181,0,0
CDL_PE,D,20150325,000000,8.1181,8.2018,8.1181,8.1181,0,0
CDL_PE,D,20150326,000000,8.0344,8.2018,7.9507,8.1181,0,0
CDL_PE,D,20150327,000000,8.1181,8.2018,8.0344,8.1181,0,0
CDL_PE,D,20150330,000000,8.1181,8.2855,8.1181,8.2018,0,0
CDL_PE,D,20150331,000000,8.2018,8.2018,7.9507,8.0344,0,0
CDL_PE,D,20150401,000000,8.1181,8.1181,7.7833,7.9507,0,0
CDL_PE,D,20150402,000000,7.9507,7.9507,7.616,7.616,0,0
CDL_PE,D,20150407,000000,7.616,7.867,7.616,7.7833,0,0
CDL_PE,D,20150408,000000,7.7833,8.0344,7.7833,7.867,0,0
CDL_PE,D,20150409,000000,7.9507,7.9507,7.7833,7.7833,0,0
CDL_PE,D,20150410,000000,7.7833,7.867,7.6996,7.867,0,0
CDL_PE,D,20150413,000000,7.6996,7.7833,7.6996,7.7833,0,0
CDL_PE,D,20150414,000000,7.7833,7.7833,7.7833,7.7833,0,0
CDL_PE,D,20150415,000000,7.7833,7.7833,7.616,7.6996,0,0
CDL_PE,D,20150416,000000,7.6996,7.6996,7.616,7.616,0,0
CDL_PE,D,20150417,000000,7.616,7.867,7.616,7.867,0,0
CDL_PE,D,20150420,000000,7.867,7.867,7.6996,7.867,0,0
CDL_PE,D,20150421,000000,8.0344,8.0344,7.6996,7.9507,0,0
CDL_PE,D,20150422,000000,7.9507,7.9507,7.7833,7.867,0,0
CDL_PE,D,20150423,000000,7.867,7.867,7.867,7.867,0,0
CDL_PE,D,20150424,000000,7.867,7.867,7.7833,7.7833,0,0
CDL_PE,D,20150427,000000,7.7833,7.7833,7.5323,7.7833,0,0
CDL_PE,D,20150428,000000,7.867,7.867,7.616,7.6996,0,0
CDL_PE,D,20150429,000000,7.7833,7.7833,7.5323,7.5323,0,0
CDL_PE,D,20150430,000000,7.5323,7.6996,7.4485,7.6996,0,0
CDL_PE,D,20150504,000000,7.7833,7.7833,7.616,7.616,0,0
CDL_PE,D,20150505,000000,7.616,7.6996,7.616,7.6996,0,0
CDL_PE,D,20150506,000000,7.6996,7.9507,7.6996,7.9507,0,0
CDL_PE,D,20150507,000000,8.1181,8.2018,7.9507,8.0344,0,0
CDL_PE,D,20150508,000000,8.1181,8.1181,7.9507,8.0344,0,0
CDL_PE,D,20150511,000000,7.867,8.0344,7.867,8.0344,0,0
CDL_PE,D,20150512,000000,7.9507,8.0344,7.7833,8.0344,0,0
CDL_PE,D,20150513,000000,8.0344,8.0344,7.6996,7.9507,0,0
CDL_PE,D,20150514,000000,7.9507,7.9507,7.616,7.7833,0,0
CDL_PE,D,20150515,000000,7.4485,7.4485,7.03,7.2811,0,0
CDL_PE,D,20150518,000000,7.2811,7.7833,7.2811,7.7833,0,0
CDL_PE,D,20150519,000000,7.6996,7.7833,7.616,7.616,0,0
CDL_PE,D,20150520,000000,7.6996,7.6996,7.2811,7.3648,0,0
CDL_PE,D,20150521,000000,7.616,7.616,7.3648,7.616,0,0
CDL_PE,D,20150522,000000,7.616,7.6996,7.4485,7.616,0,0
CDL_PE,D,20150525,000000,7.6151,7.7902,7.5275,7.5275,0,0
CDL_PE,D,20150526,000000,7.4401,7.7027,7.4401,7.7027,0,0
CDL_PE,D,20150527,000000,7.7027,7.7027,7.5275,7.5275,0,0
CDL_PE,D,20150528,000000,7.5275,8.7532,7.5275,8.7532,0,0
CDL_PE,D,20150529,000000,8.6657,8.8407,8.6657,8.8407,0,0
CDL_PE,D,20150601,000000,8.6657,8.6657,8.1403,8.3154,0,0
CDL_PE,D,20150602,000000,8.4029,8.4905,8.4029,8.4029,0,0
CDL_PE,D,20150603,000000,8.5783,8.5783,8.3154,8.3154,0,0
CDL_PE,D,20150605,000000,8.2278,8.2278,8.1403,8.1403,0,0
CDL_PE,D,20150608,000000,8.1403,8.7532,8.1403,8.5783,0,0
CDL_PE,D,20150609,000000,8.1403,8.2278,8.1403,8.1403,0,0
CDL_PE,D,20150610,000000,8.4905,8.4905,8.1403,8.4905,0,0
CDL_PE,D,20150611,000000,8.4905,8.4905,8.2278,8.4905,0,0
CDL_PE,D,20150612,000000,8.4905,8.4905,8.3154,8.3154,0,0
CDL_PE,D,20150615,000000,8.4905,8.4905,8.4905,8.4905,0,0
CDL_PE,D,20150616,000000,8.3154,8.4029,8.3154,8.4029,0,0
CDL_PE,D,20150617,000000,8.4029,8.4905,8.4029,8.4029,0,0
CDL_PE,D,20150618,000000,8.4029,8.4029,8.2278,8.2278,0,0
CDL_PE,D,20150619,000000,8.2278,8.3154,8.2278,8.3154,0,0
CDL_PE,D,20150622,000000,8.4905,8.4905,8.4905,8.4905,0,0
CDL_PE,D,20150623,000000,8.3154,8.4905,8.3154,8.4905,0,0
CDL_PE,D,20150624,000000,8.4905,8.4905,8.3154,8.3154,0,0
CDL_PE,D,20150625,000000,8.4029,8.4029,8.2278,8.4029,0,0
CDL_PE,D,20150626,000000,8.4029,8.4029,8.1403,8.1403,0,0
CDL_PE,D,20150629,000000,8.0529,8.0529,8.0529,8.0529,0,0
CDL_PE,D,20150630,000000,7.6151,8.0529,7.6151,8.0529,0,0
CDL_PE,D,20150701,000000,7.8777,8.2278,7.7902,8.2278,0,0
CDL_PE,D,20150702,000000,8.2278,8.5783,8.2278,8.5783,0,0
CDL_PE,D,20150703,000000,8.5783,8.5783,8.4029,8.4029,0,0
CDL_PE,D,20150706,000000,8.5783,8.5783,8.1403,8.1403,0,0
CDL_PE,D,20150707,000000,8.1403,8.1403,8.1403,8.1403,0,0
CDL_PE,D,20150708,000000,8.4905,8.4905,8.1403,8.4905,0,0
CDL_PE,D,20150709,000000,8.4905,8.4905,8.4905,8.4905,0,0
CDL_PE,D,20150710,000000,8.5783,8.6657,8.5783,8.6657,0,0
CDL_PE,D,20150713,000000,8.6657,8.6657,8.4029,8.4029,0,0
CDL_PE,D,20150714,000000,8.4905,8.4905,8.2278,8.4029,0,0
CDL_PE,D,20150715,000000,8.5783,8.5783,8.2278,8.4905,0,0
CDL_PE,D,20150716,000000,8.4905,8.4905,8.2278,8.4905,0,0
CDL_PE,D,20150717,000000,8.6657,8.6657,8.2278,8.4905,0,0
CDL_PE,D,20150720,000000,7.8777,8.3154,7.7027,7.9653,0,0
CDL_PE,D,20150721,000000,8.2278,8.2278,7.7902,7.8777,0,0
CDL_PE,D,20150722,000000,7.8777,7.8777,7.7902,7.7902,0,0
CDL_PE,D,20150723,000000,8.2278,8.2278,8.0529,8.1403,0,0
CDL_PE,D,20150724,000000,8.3154,8.3154,8.1403,8.1403,0,0
CDL_PE,D,20150727,000000,8.1403,8.4029,8.1403,8.4029,0,0
CDL_PE,D,20150728,000000,8.3154,8.4029,8.3154,8.4029,0,0
CDL_PE,D,20150729,000000,8.4029,8.4029,8.4029,8.4029,0,0
CDL_PE,D,20150730,000000,8.4029,8.5783,8.4029,8.5783,0,0
CDL_PE,D,20150731,000000,8.4029,8.4029,8.1403,8.2278,0,0
CDL_PE,D,20150803,000000,8.2278,8.2278,8.1403,8.2278,0,0
CDL_PE,D,20150804,000000,8.1403,8.1403,8.1403,8.1403,0,0
CDL_PE,D,20150806,000000,8.1403,8.1403,7.9653,8.1403,0,0
CDL_PE,D,20150807,000000,8.3154,8.4029,8.3154,8.4029,0,0
CDL_PE,D,20150810,000000,8.4029,8.4905,8.3154,8.4905,0,0
CDL_PE,D,20150811,000000,8.4905,8.4905,8.4905,8.4905,0,0
CDL_PE,D,20150812,000000,8.4905,8.4905,8.4029,8.4905,0,0
CDL_PE,D,20150813,000000,8.1403,8.4905,8.1403,8.4905,0,0
CDL_PE,D,20150814,000000,8.4029,8.4029,8.4029,8.4029,0,0
CDL_PE,D,20150817,000000,8.5783,8.9282,7.4401,7.4401,0,0
CDL_PE,D,20150818,000000,7.4401,7.4401,7.265,7.4401,0,0
CDL_PE,D,20150819,000000,7.4401,7.4401,7.265,7.265,0,0
CDL_PE,D,20150820,000000,7.265,7.265,7.0899,7.265,0,0
CDL_PE,D,20150821,000000,7.4401,7.4401,7.3526,7.3526,0,0
CDL_PE,D,20150824,000000,7.265,7.265,6.7398,6.9149,0,0
CDL_PE,D,20150825,000000,7.0024,7.0024,6.8274,6.9149,0,0
CDL_PE,D,20150826,000000,6.9149,7.0024,6.7398,7.0024,0,0
CDL_PE,D,20150827,000000,7.0024,7.1775,6.9149,7.1775,0,0
CDL_PE,D,20150828,000000,7.1775,7.265,7.1775,7.265,0,0
CDL_PE,D,20150831,000000,7.265,7.265,7.0024,7.265,0,0
CDL_PE,D,20150901,000000,7.265,7.265,6.9149,7.1775,0,0
CDL_PE,D,20150902,000000,7.1775,7.1775,7.0024,7.0024,0,0
CDL_PE,D,20150903,000000,7.0024,7.265,7.0024,7.265,0,0
CDL_PE,D,20150904,000000,7.265,7.4401,7.265,7.3526,0,0
CDL_PE,D,20150907,000000,7.265,7.3526,7.265,7.3526,0,0
CDL_PE,D,20150908,000000,7.4401,7.4401,7.265,7.265,0,0
CDL_PE,D,20150909,000000,7.265,7.4401,7.265,7.4401,0,0
CDL_PE,D,20150910,000000,7.4401,7.4401,7.265,7.265,0,0
CDL_PE,D,20150911,000000,7.265,7.4401,7.265,7.265,0,0
CDL_PE,D,20150914,000000,7.265,7.4401,7.265,7.265,0,0
CDL_PE,D,20150915,000000,7.265,7.265,7.265,7.265,0,0
CDL_PE,D,20150916,000000,7.265,7.265,7.265,7.265,0,0
CDL_PE,D,20150917,000000,7.265,7.265,7.265,7.265,0,0
CDL_PE,D,20150918,000000,7.0899,7.265,7.0899,7.265,0,0
CDL_PE,D,20150921,000000,7.3526,7.3526,7.265,7.265,0,0
CDL_PE,D,20150922,000000,7.3526,7.3526,7.265,7.3526,0,0
CDL_PE,D,20150923,000000,7.3526,7.4401,7.3526,7.4401,0,0
CDL_PE,D,20150924,000000,7.4401,7.4401,7.4401,7.4401,0,0
CDL_PE,D,20150925,000000,7.4401,7.5275,7.4401,7.5275,0,0
CDL_PE,D,20150928,000000,7.5275,7.5275,7.3526,7.4401,0,0
CDL_PE,D,20150929,000000,7.5275,7.5275,7.265,7.4401,0,0
CDL_PE,D,20150930,000000,7.5275,7.5275,7.4401,7.4401,0,0
CDL_PE,D,20151001,000000,7.5275,7.7902,7.4401,7.7902,0,0
CDL_PE,D,20151002,000000,7.7902,7.7902,7.5275,7.7902,0,0
CDL_PE,D,20151005,000000,7.8777,8.1403,7.7902,7.9653,0,0
CDL_PE,D,20151006,000000,7.9653,8.1403,7.8777,8.1403,0,0
CDL_PE,D,20151007,000000,8.1403,8.2278,8.1403,8.2278,0,0
CDL_PE,D,20151008,000000,8.2278,8.2278,8.0529,8.2278,0,0
CDL_PE,D,20151009,000000,8.2278,8.4905,8.2278,8.4029,0,0
CDL_PE,D,20151012,000000,8.4029,8.7532,8.4029,8.6657,0,0
CDL_PE,D,20151013,000000,8.6657,8.6657,8.4905,8.5783,0,0
CDL_PE,D,20151014,000000,8.5783,8.5783,8.4029,8.5783,0,0
CDL_PE,D,20151015,000000,8.5783,8.5783,8.5783,8.5783,0,0
CDL_PE,D,20151016,000000,8.5783,8.5783,8.4029,8.4905,0,0
CDL_PE,D,20151019,000000,8.5783,8.5783,8.5783,8.5783,0,0
CDL_PE,D,20151020,000000,8.4905,8.4905,8.4905,8.4905,0,0
CDL_PE,D,20151021,000000,8.4905,8.5783,8.4029,8.5783,0,0
CDL_PE,D,20151022,000000,8.6657,8.7532,8.6657,8.6657,0,0
CDL_PE,D,20151023,000000,8.7532,8.7532,8.6657,8.6657,0,0
CDL_PE,D,20151026,000000,8.7532,8.7532,8.7532,8.7532,0,0
CDL_PE,D,20151027,000000,8.7532,8.7532,8.5783,8.7532,0,0
CDL_PE,D,20151028,000000,8.7532,8.7532,8.6657,8.7532,0,0
CDL_PE,D,20151029,000000,8.6657,8.7532,8.5783,8.7532,0,0
CDL_PE,D,20151030,000000,8.7532,8.7532,8.7532,8.7532,0,0
CDL_PE,D,20151102,000000,8.7532,8.7532,8.6657,8.7532,0,0
CDL_PE,D,20151103,000000,8.7532,8.7532,8.6657,8.6657,0,0
CDL_PE,D,20151104,000000,8.7532,8.7532,8.7532,8.7532,0,0
CDL_PE,D,20151105,000000,8.7532,8.8407,8.6657,8.6657,0,0
CDL_PE,D,20151106,000000,8.6657,8.7532,8.5783,8.7532,0,0
CDL_PE,D,20151109,000000,8.7532,8.8407,8.7532,8.7532,0,0
CDL_PE,D,20151110,000000,8.8407,8.8407,8.6657,8.7532,0,0
CDL_PE,D,20151112,000000,8.7532,9.54,8.6657,9.365,0,0
CDL_PE,D,20151113,000000,9.54,9.54,8.9282,8.9282,0,0
CDL_PE,D,20151116,000000,8.8407,8.8407,8.8407,8.8407,0,0
CDL_PE,D,20151117,000000,8.8407,9.0152,8.6657,8.7532,0,0
CDL_PE,D,20151118,000000,8.7532,8.9282,8.7532,8.9282,0,0
CDL_PE,D,20151119,000000,8.9282,9.1032,8.4905,8.4905,0,0
CDL_PE,D,20151120,000000,8.5783,9.1032,8.5783,9.1032,0,0
CDL_PE,D,20151123,000000,9.1901,9.278,9.1901,9.1901,0,0
CDL_PE,D,20151124,000000,9.1901,9.1901,9.0152,9.1901,0,0
CDL_PE,D,20151125,000000,9.1901,9.891,9.1901,9.804,0,0
CDL_PE,D,20151126,000000,9.717,9.717,9.1901,9.4529,0,0
CDL_PE,D,20151127,000000,9.365,9.365,9.1901,9.278,0,0
CDL_PE,D,20151130,000000,9.278,9.717,9.278,9.717,0,0
CDL_PE,D,20151201,000000,9.717,9.717,9.4529,9.4529,0,0
CDL_PE,D,20151202,000000,9.4529,9.628,9.1901,9.1901,0,0
CDL_PE,D,20151203,000000,9.1901,9.628,9.1901,9.278,0,0
CDL_PE,D,20151204,000000,9.365,9.891,9.365,9.891,0,0
CDL_PE,D,20151207,000000,9.891,9.891,9.717,9.717,0,0
CDL_PE,D,20151208,000000,9.717,9.717,9.54,9.54,0,0
CDL_PE,D,20151209,000000,9.54,9.54,9.278,9.4529,0,0
CDL_PE,D,20151210,000000,9.4529,9.4529,9.4529,9.4529,0,0
CDL_PE,D,20151211,000000,9.54,9.54,8.9282,9.0152,0,0
CDL_PE,D,20151214,000000,9.0152,9.0152,8.4029,8.4029,0,0
CDL_PE,D,20151215,000000,8.4029,8.6657,8.4029,8.6657,0,0
CDL_PE,D,20151216,000000,8.8407,8.8407,8.5783,8.6657,0,0
CDL_PE,D,20151217,000000,8.6657,9.0152,8.6657,8.8407,0,0
CDL_PE,D,20151218,000000,9.0152,9.1901,8.8407,9.0152,0,0
CDL_PE,D,20151221,000000,9.1032,9.1032,9.1032,9.1032,0,0
CDL_PE,D,20151222,000000,9.1032,9.1032,9.0152,9.0152,0,0
CDL_PE,D,20151223,000000,9.0152,9.54,9.0152,9.54,0,0
CDL_PE,D,20151228,000000,9.54,9.717,9.54,9.628,0,0
CDL_PE,D,20151229,000000,9.628,9.891,9.628,9.891,0,0
CDL_PE,D,20151230,000000,9.891,10.241,9.891,10.066,0,0
CDL_PE,D,20160104,000000,10.066,10.066,10.066,10.066,0,0
CDL_PE,D,20160105,000000,10.066,10.066,9.717,9.804,0,0
CDL_PE,D,20160107,000000,9.891,9.891,9.4529,9.4529,0,0
CDL_PE,D,20160108,000000,9.4529,9.4529,8.6657,9.278,0,0
CDL_PE,D,20160111,000000,9.278,9.278,9.0152,9.0152,0,0
CDL_PE,D,20160112,000000,9.0152,9.1901,9.0152,9.1901,0,0
CDL_PE,D,20160113,000000,9.365,9.365,9.0152,9.0152,0,0
CDL_PE,D,20160114,000000,9.1032,9.1032,8.9282,8.9282,0,0
CDL_PE,D,20160115,000000,8.6657,8.8407,8.5783,8.5783,0,0
CDL_PE,D,20160118,000000,8.4905,8.4905,7.8777,7.8777,0,0
CDL_PE,D,20160119,000000,7.3526,7.8777,7.3526,7.7027,0,0
CDL_PE,D,20160120,000000,7.7902,8.4905,7.7902,8.4905,0,0
CDL_PE,D,20160121,000000,8.2278,8.5783,8.0529,8.5783,0,0
CDL_PE,D,20160122,000000,8.5783,8.5783,8.5783,8.5783,0,0
CDL_PE,D,20160125,000000,8.5783,8.5783,8.3154,8.5783,0,0
CDL_PE,D,20160126,000000,8.4905,8.4905,8.1403,8.4029,0,0
CDL_PE,D,20160127,000000,8.4029,8.4029,8.1403,8.4029,0,0
CDL_PE,D,20160128,000000,8.4029,8.4029,8.1403,8.1403,0,0
CDL_PE,D,20160129,000000,8.1403,8.2278,8.1403,8.2278,0,0
CDL_PE,D,20160201,000000,8.2278,8.2278,8.2278,8.2278,0,0
CDL_PE,D,20160202,000000,8.2278,8.4905,8.2278,8.4905,0,0
CDL_PE,D,20160203,000000,8.4905,8.5783,8.4905,8.4905,0,0
CDL_PE,D,20160204,000000,8.4905,9.0152,8.3154,9.0152,0,0
CDL_PE,D,20160205,000000,9.0152,9.1032,9.0152,9.0152,0,0
CDL_PE,D,20160208,000000,9.0152,9.0152,8.7532,9.0152,0,0
CDL_PE,D,20160209,000000,9.0152,9.0152,8.8407,8.8407,0,0
CDL_PE,D,20160210,000000,8.8407,9.278,8.8407,9.278,0,0
CDL_PE,D,20160211,000000,9.278,9.278,9.0152,9.278,0,0
CDL_PE,D,20160212,000000,9.278,9.54,9.278,9.4529,0,0
CDL_PE,D,20160215,000000,9.4529,9.628,9.278,9.4529,0,0
CDL_PE,D,20160216,000000,9.4529,9.54,9.365,9.54,0,0
CDL_PE,D,20160217,000000,9.54,9.54,9.278,9.278,0,0
CDL_PE,D,20160218,000000,9.278,9.54,9.278,9.4529,0,0
CDL_PE,D,20160219,000000,9.54,9.54,9.1901,9.278,0,0
CDL_PE,D,20160222,000000,9.278,9.4529,9.278,9.4529,0,0
CDL_PE,D,20160223,000000,9.4529,9.4529,9.4529,9.4529,0,0
CDL_PE,D,20160224,000000,9.54,9.54,9.54,9.54,0,0
CDL_PE,D,20160225,000000,9.628,9.628,9.4529,9.4529,0,0
CDL_PE,D,20160226,000000,9.628,9.628,9.4529,9.4529,0,0
CDL_PE,D,20160229,000000,9.54,9.54,9.1901,9.1901,0,0
CDL_PE,D,20160301,000000,9.1901,9.4529,9.1901,9.4529,0,0
CDL_PE,D,20160302,000000,9.628,9.628,9.628,9.628,0,0
CDL_PE,D,20160303,000000,9.628,9.628,9.278,9.54,0,0
CDL_PE,D,20160304,000000,9.628,9.628,9.54,9.628,0,0
CDL_PE,D,20160307,000000,9.628,9.628,9.365,9.628,0,0
CDL_PE,D,20160308,000000,9.628,9.628,9.4529,9.54,0,0
CDL_PE,D,20160309,000000,9.54,9.54,9.54,9.54,0,0
CDL_PE,D,20160310,000000,9.54,9.628,9.54,9.628,0,0
CDL_PE,D,20160311,000000,9.628,9.628,9.628,9.628,0,0
CDL_PE,D,20160314,000000,9.628,9.628,9.54,9.628,0,0
CDL_PE,D,20160315,000000,9.628,9.717,9.628,9.717,0,0
CDL_PE,D,20160316,000000,9.717,9.717,9.717,9.717,0,0
CDL_PE,D,20160317,000000,9.717,9.891,9.628,9.891,0,0
CDL_PE,D,20160318,000000,9.717,9.891,9.1901,9.1901,0,0
CDL_PE,D,20160321,000000,9.278,9.628,9.1901,9.54,0,0
CDL_PE,D,20160322,000000,9.54,9.54,9.365,9.4529,0,0
CDL_PE,D,20160323,000000,9.4529,9.4529,9.365,9.4529,0,0
CDL_PE,D,20160324,000000,9.4529,9.4529,9.4529,9.4529,0,0
CDL_PE,D,20160329,000000,9.54,9.54,9.54,9.54,0,0
CDL_PE,D,20160330,000000,9.54,9.54,9.365,9.54,0,0
CDL_PE,D,20160331,000000,9.54,9.54,9.365,9.4529,0,0
CDL_PE,D,20160401,000000,9.4529,9.54,9.1032,9.1901,0,0
CDL_PE,D,20160404,000000,9.1901,9.1901,9.0152,9.0152,0,0
CDL_PE,D,20160405,000000,8.9282,8.9282,8.5783,8.8407,0,0
CDL_PE,D,20160406,000000,9.0152,9.365,9.0152,9.365,0,0
CDL_PE,D,20160407,000000,9.365,10.328,9.365,10.328,0,0
CDL_PE,D,20160408,000000,10.328,10.416,10.066,10.416,0,0
CDL_PE,D,20160411,000000,10.416,11.029,10.416,10.941,0,0
CDL_PE,D,20160412,000000,10.941,11.379,10.941,11.379,0,0
CDL_PE,D,20160413,000000,11.467,12.517,11.467,12.43,0,0
CDL_PE,D,20160414,000000,12.43,12.954,12.166,12.166,0,0
CDL_PE,D,20160415,000000,12.166,12.692,12.166,12.692,0,0
CDL_PE,D,20160418,000000,12.692,12.692,12.342,12.692,0,0
CDL_PE,D,20160419,000000,12.692,12.692,11.729,12.079,0,0
CDL_PE,D,20160420,000000,12.079,12.079,11.554,11.554,0,0
CDL_PE,D,20160421,000000,11.554,11.729,11.204,11.379,0,0
CDL_PE,D,20160422,000000,11.379,12.342,11.029,12.255,0,0
CDL_PE,D,20160425,000000,12.255,12.255,11.903,11.991,0,0
CDL_PE,D,20160426,000000,11.991,11.991,11.991,11.991,0,0
CDL_PE,D,20160427,000000,11.991,12.255,11.991,12.255,0,0
CDL_PE,D,20160428,000000,12.255,12.255,11.816,11.991,0,0
CDL_PE,D,20160429,000000,12.255,12.692,12.255,12.517,0,0
CDL_PE,D,20160502,000000,12.517,12.517,11.991,12.517,0,0
CDL_PE,D,20160504,000000,12.517,12.517,12.079,12.255,0,0
CDL_PE,D,20160505,000000,12.166,12.255,12.166,12.255,0,0
CDL_PE,D,20160506,000000,12.43,12.43,12.166,12.166,0,0
CDL_PE,D,20160509,000000,12.166,12.166,11.642,11.642,0,0
CDL_PE,D,20160510,000000,11.903,11.903,11.903,11.903,0,0
CDL_PE,D,20160511,000000,12.342,12.342,11.642,11.642,0,0
CDL_PE,D,20160512,000000,11.642,11.642,11.379,11.554,0,0
CDL_PE,D,20160513,000000,11.467,11.816,10.941,11.816,0,0
CDL_PE,D,20160516,000000,11.903,11.903,11.642,11.903,0,0
CDL_PE,D,20160517,000000,11.642,11.903,11.642,11.903,0,0
CDL_PE,D,20160518,000000,11.903,11.903,11.729,11.903,0,0
CDL_PE,D,20160519,000000,11.903,11.903,11.903,11.903,0,0
CDL_PE,D,20160520,000000,11.903,11.991,11.467,11.991,0,0
CDL_PE,D,20160523,000000,11.554,11.729,11.554,11.642,0,0
CDL_PE,D,20160524,000000,11.729,11.729,11.467,11.729,0,0
CDL_PE,D,20160525,000000,11.729,11.816,11.729,11.816,0,0
CDL_PE,D,20160527,000000,11.816,11.816,11.816,11.816,0,0
CDL_PE,D,20160530,000000,11.816,11.816,11.729,11.729,0,0
CDL_PE,D,20160531,000000,11.729,11.903,11.729,11.903,0,0
CDL_PE,D,20160601,000000,12.255,13.217,11.991,12.605,0,0
CDL_PE,D,20160602,000000,12.605,12.605,11.991,12.517,0,0
CDL_PE,D,20160603,000000,12.605,12.954,12.43,12.954,0,0
CDL_PE,D,20160606,000000,12.78,12.954,12.78,12.954,0,0
CDL_PE,D,20160607,000000,12.954,12.954,12.605,12.954,0,0
CDL_PE,D,20160608,000000,12.954,12.954,12.517,12.954,0,0
CDL_PE,D,20160609,000000,12.954,12.954,12.78,12.78,0,0
CDL_PE,D,20160610,000000,12.78,12.78,12.166,12.605,0,0
CDL_PE,D,20160613,000000,12.605,12.605,12.079,12.605,0,0
CDL_PE,D,20160614,000000,12.954,12.954,12.255,12.605,0,0
CDL_PE,D,20160615,000000,12.867,12.867,12.166,12.255,0,0
CDL_PE,D,20160616,000000,12.255,12.255,11.816,12.166,0,0
CDL_PE,D,20160617,000000,12.166,12.255,12.166,12.255,0,0
CDL_PE,D,20160620,000000,12.255,12.255,12.166,12.166,0,0
CDL_PE,D,20160621,000000,12.166,12.166,11.991,11.991,0,0
CDL_PE,D,20160622,000000,12.079,12.079,11.816,12.079,0,0
CDL_PE,D,20160623,000000,12.079,12.079,11.642,12.079,0,0
CDL_PE,D,20160624,000000,11.467,11.816,10.766,11.642,0,0
CDL_PE,D,20160627,000000,11.642,11.642,11.467,11.467,0,0
CDL_PE,D,20160628,000000,11.633,11.993,11.633,11.723,0,0
CDL_PE,D,20160629,000000,11.723,12.083,11.452,11.543,0,0
CDL_PE,D,20160630,000000,11.363,11.723,11.182,11.723,0,0
CDL_PE,D,20160701,000000,11.903,11.903,11.363,11.903,0,0
CDL_PE,D,20160704,000000,11.903,12.173,11.543,12.173,0,0
CDL_PE,D,20160705,000000,12.173,12.714,12.173,12.173,0,0
CDL_PE,D,20160706,000000,12.624,12.714,12.173,12.714,0,0
CDL_PE,D,20160707,000000,12.714,12.714,12.714,12.714,0,0
CDL_PE,D,20160708,000000,12.714,12.984,12.443,12.895,0,0
CDL_PE,D,20160711,000000,12.895,13.346,12.895,13.346,0,0
CDL_PE,D,20160712,000000,13.346,13.346,12.805,12.984,0,0
CDL_PE,D,20160713,000000,12.984,12.984,12.624,12.805,0,0
CDL_PE,D,20160714,000000,12.805,12.805,12.354,12.624,0,0
CDL_PE,D,20160715,000000,12.624,12.624,12.534,12.534,0,0
CDL_PE,D,20160718,000000,12.984,12.984,12.173,12.263,0,0
CDL_PE,D,20160719,000000,12.263,13.255,12.263,13.255,0,0
CDL_PE,D,20160720,000000,13.255,13.255,12.624,12.984,0,0
CDL_PE,D,20160721,000000,13.165,13.255,12.714,13.165,0,0
CDL_PE,D,20160722,000000,13.255,13.255,13.165,13.255,0,0
CDL_PE,D,20160725,000000,13.255,13.346,12.805,12.984,0,0
CDL_PE,D,20160726,000000,13.346,13.346,13.255,13.346,0,0
CDL_PE,D,20160727,000000,13.436,13.976,13.346,13.346,0,0
CDL_PE,D,20160728,000000,13.526,13.526,13.436,13.526,0,0
CDL_PE,D,20160729,000000,13.526,13.526,13.526,13.526,0,0
CDL_PE,D,20160801,000000,13.976,13.976,13.797,13.797,0,0
CDL_PE,D,20160802,000000,13.346,13.797,13.255,13.797,0,0
CDL_PE,D,20160803,000000,13.976,13.976,13.436,13.797,0,0
CDL_PE,D,20160804,000000,13.797,13.797,13.797,13.797,0,0
CDL_PE,D,20160805,000000,13.797,13.797,13.436,13.436,0,0
CDL_PE,D,20160808,000000,13.436,13.526,13.255,13.526,0,0
CDL_PE,D,20160809,000000,13.526,13.616,12.984,13.436,0,0
CDL_PE,D,20160810,000000,13.797,13.797,13.075,13.616,0,0
CDL_PE,D,20160811,000000,13.797,13.797,13.075,13.616,0,0
CDL_PE,D,20160812,000000,13.616,13.616,12.263,12.984,0,0
CDL_PE,D,20160816,000000,12.984,13.436,12.624,13.436,0,0
CDL_PE,D,20160817,000000,13.436,13.436,12.173,12.534,0,0
CDL_PE,D,20160818,000000,12.534,13.255,12.534,13.255,0,0
CDL_PE,D,20160819,000000,13.255,13.346,12.624,12.805,0,0
CDL_PE,D,20160822,000000,12.805,12.984,12.624,12.984,0,0
CDL_PE,D,20160823,000000,12.984,12.984,12.895,12.895,0,0
CDL_PE,D,20160824,000000,12.895,12.895,12.354,12.895,0,0
CDL_PE,D,20160825,000000,12.895,12.895,12.443,12.805,0,0
CDL_PE,D,20160826,000000,12.805,12.805,12.443,12.805,0,0
CDL_PE,D,20160829,000000,12.624,12.624,12.354,12.624,0,0
CDL_PE,D,20160830,000000,12.624,12.624,12.173,12.624,0,0
CDL_PE,D,20160831,000000,12.624,12.624,12.443,12.443,0,0
CDL_PE,D,20160901,000000,12.534,12.534,12.083,12.534,0,0
CDL_PE,D,20160902,000000,12.624,12.624,12.354,12.624,0,0
CDL_PE,D,20160905,000000,12.805,13.346,12.714,13.346,0,0
CDL_PE,D,20160906,000000,13.436,13.706,13.436,13.616,0,0
CDL_PE,D,20160907,000000,13.616,13.706,13.436,13.706,0,0
CDL_PE,D,20160908,000000,13.706,13.706,13.526,13.616,0,0
CDL_PE,D,20160909,000000,13.797,13.797,13.436,13.616,0,0
CDL_PE,D,20160912,000000,13.165,13.616,13.165,13.616,0,0
CDL_PE,D,20160913,000000,13.616,13.706,13.616,13.616,0,0
CDL_PE,D,20160914,000000,13.616,13.797,13.165,13.797,0,0
CDL_PE,D,20160915,000000,13.797,13.797,13.255,13.797,0,0
CDL_PE,D,20160916,000000,13.797,13.797,13.616,13.616,0,0
CDL_PE,D,20160919,000000,13.706,13.706,13.616,13.616,0,0
CDL_PE,D,20160920,000000,13.616,13.616,13.075,13.616,0,0
CDL_PE,D,20160921,000000,13.616,13.706,13.165,13.706,0,0
CDL_PE,D,20160922,000000,13.706,13.706,13.255,13.526,0,0
CDL_PE,D,20160923,000000,13.616,13.616,13.616,13.616,0,0
CDL_PE,D,20160926,000000,13.616,13.616,13.436,13.436,0,0
CDL_PE,D,20160927,000000,13.616,13.616,13.165,13.346,0,0
CDL_PE,D,20160928,000000,13.616,13.616,12.805,13.346,0,0
CDL_PE,D,20160929,000000,13.346,13.346,13.346,13.346,0,0
CDL_PE,D,20160930,000000,13.346,13.616,13.165,13.436,0,0
CDL_PE,D,20161003,000000,13.436,13.616,13.436,13.616,0,0
CDL_PE,D,20161004,000000,13.616,13.887,13.616,13.887,0,0
CDL_PE,D,20161005,000000,13.887,14.157,13.526,13.526,0,0
CDL_PE,D,20161006,000000,13.526,13.797,13.346,13.797,0,0
CDL_PE,D,20161007,000000,13.797,13.797,13.616,13.616,0,0
CDL_PE,D,20161010,000000,13.616,13.616,13.165,13.255,0,0
CDL_PE,D,20161011,000000,13.436,13.436,13.436,13.436,0,0
CDL_PE,D,20161012,000000,13.616,13.616,13.436,13.436,0,0
CDL_PE,D,20161013,000000,13.346,13.436,13.346,13.436,0,0
CDL_PE,D,20161014,000000,13.436,13.436,13.165,13.165,0,0
CDL_PE,D,20161017,000000,13.165,13.255,12.984,13.255,0,0
CDL_PE,D,20161018,000000,13.436,13.436,12.895,12.895,0,0
CDL_PE,D,20161019,000000,12.895,12.895,12.714,12.805,0,0
CDL_PE,D,20161020,000000,13.436,13.436,12.805,13.436,0,0
CDL_PE,D,20161021,000000,13.436,13.436,12.984,13.436,0,0
CDL_PE,D,20161024,000000,13.616,13.616,13.075,13.075,0,0
CDL_PE,D,20161025,000000,13.616,13.616,13.346,13.346,0,0
CDL_PE,D,20161026,000000,13.346,13.346,13.346,13.346,0,0
CDL_PE,D,20161027,000000,13.346,13.346,12.805,12.984,0,0
CDL_PE,D,20161028,000000,13.346,13.346,13.346,13.346,0,0
CDL_PE,D,20161031,000000,13.616,13.616,13.255,13.616,0,0
CDL_PE,D,20161102,000000,13.616,13.616,12.805,13.616,0,0
CDL_PE,D,20161103,000000,13.616,13.616,13.346,13.346,0,0
CDL_PE,D,20161104,000000,13.526,13.526,12.805,13.346,0,0
CDL_PE,D,20161107,000000,13.616,13.616,13.346,13.346,0,0
CDL_PE,D,20161108,000000,13.616,13.616,13.255,13.255,0,0
CDL_PE,D,20161109,000000,13.616,13.616,13.346,13.346,0,0
CDL_PE,D,20161110,000000,13.526,13.526,12.805,12.984,0,0
CDL_PE,D,20161114,000000,13.075,13.075,12.354,12.443,0,0
CDL_PE,D,20161115,000000,12.534,12.534,12.173,12.263,0,0
CDL_PE,D,20161116,000000,12.263,12.263,11.092,11.903,0,0
CDL_PE,D,20161117,000000,11.903,13.976,11.543,13.976,0,0
CDL_PE,D,20161118,000000,13.797,13.797,13.165,13.526,0,0
CDL_PE,D,20161121,000000,13.526,13.526,13.165,13.526,0,0
CDL_PE,D,20161122,000000,13.526,13.616,13.255,13.526,0,0
CDL_PE,D,20161123,000000,13.526,13.526,13.526,13.526,0,0
CDL_PE,D,20161124,000000,13.526,13.526,12.984,13.165,0,0
CDL_PE,D,20161125,000000,12.624,13.075,12.534,13.075,0,0
CDL_PE,D,20161128,000000,13.165,13.165,12.624,13.165,0,0
CDL_PE,D,20161129,000000,13.165,13.165,12.443,13.075,0,0
CDL_PE,D,20161130,000000,13.075,13.075,12.443,12.443,0,0
CDL_PE,D,20161201,000000,12.984,12.984,12.443,12.534,0,0
CDL_PE,D,20161202,000000,12.984,12.984,12.805,12.805,0,0
CDL_PE,D,20161205,000000,12.805,12.805,12.624,12.624,0,0
CDL_PE,D,20161206,000000,12.534,13.797,12.534,13.526,0,0
CDL_PE,D,20161207,000000,13.797,14.067,13.706,14.067,0,0
CDL_PE,D,20161208,000000,14.518,14.518,13.075,14.067,0,0
CDL_PE,D,20161209,000000,14.518,14.518,13.616,13.797,0,0
CDL_PE,D,20161212,000000,13.797,13.797,13.526,13.526,0,0
CDL_PE,D,20161213,000000,13.616,13.616,13.075,13.165,0,0
CDL_PE,D,20161214,000000,13.526,13.526,12.624,12.805,0,0
CDL_PE,D,20161215,000000,12.805,13.075,12.805,12.805,0,0
CDL_PE,D,20161216,000000,12.624,12.624,12.354,12.443,0,0
CDL_PE,D,20161219,000000,12.443,12.624,12.354,12.624,0,0
CDL_PE,D,20161220,000000,12.624,12.624,12.443,12.534,0,0
CDL_PE,D,20161221,000000,12.624,12.624,12.534,12.534,0,0
CDL_PE,D,20161222,000000,12.624,12.624,12.354,12.354,0,0
CDL_PE,D,20161223,000000,12.534,13.255,12.534,13.255,0,0
CDL_PE,D,20161227,000000,13.526,13.526,13.436,13.436,0,0
CDL_PE,D,20161228,000000,13.436,13.436,12.805,13.436,0,0
CDL_PE,D,20161229,000000,13.436,13.436,13.436,13.436,0,0
CDL_PE,D,20161230,000000,13.526,13.526,13.075,13.165,0,0
CDL_PE,D,20170102,000000,13.436,13.436,12.624,13.075,0,0
CDL_PE,D,20170103,000000,13.075,13.075,13.075,13.075,0,0
CDL_PE,D,20170104,000000,13.075,13.075,12.984,13.075,0,0
CDL_PE,D,20170105,000000,12.624,12.895,12.534,12.895,0,0
CDL_PE,D,20170109,000000,12.895,12.895,12.534,12.534,0,0
CDL_PE,D,20170110,000000,12.895,12.895,12.534,12.624,0,0
CDL_PE,D,20170111,000000,12.624,12.624,12.443,12.443,0,0
CDL_PE,D,20170112,000000,12.443,12.443,12.443,12.443,0,0
CDL_PE,D,20170113,000000,12.805,12.805,12.443,12.714,0,0
CDL_PE,D,20170116,000000,12.714,12.714,12.443,12.714,0,0
CDL_PE,D,20170117,000000,12.714,12.714,12.443,12.714,0,0
CDL_PE,D,20170118,000000,12.714,12.895,12.443,12.624,0,0
CDL_PE,D,20170119,000000,13.075,13.075,12.895,12.895,0,0
CDL_PE,D,20170120,000000,12.895,12.895,12.534,12.534,0,0
CDL_PE,D,20170123,000000,12.534,12.534,12.534,12.534,0,0
CDL_PE,D,20170124,000000,12.534,12.534,12.263,12.263,0,0
CDL_PE,D,20170125,000000,12.083,12.173,11.633,12.173,0,0
CDL_PE,D,20170126,000000,12.173,12.173,12.173,12.173,0,0
CDL_PE,D,20170127,000000,12.173,12.714,12.173,12.714,0,0
CDL_PE,D,20170130,000000,12.895,12.895,12.805,12.895,0,0
CDL_PE,D,20170131,000000,12.895,12.895,12.805,12.805,0,0
CDL_PE,D,20170201,000000,12.805,12.805,12.443,12.534,0,0
CDL_PE,D,20170202,000000,12.624,12.624,12.443,12.443,0,0
CDL_PE,D,20170203,000000,12.443,12.443,11.814,12.354,0,0
CDL_PE,D,20170206,000000,12.354,12.354,11.723,11.903,0,0
CDL_PE,D,20170207,000000,11.723,11.903,11.723,11.903,0,0
CDL_PE,D,20170208,000000,11.993,11.993,11.903,11.903,0,0
CDL_PE,D,20170209,000000,11.903,11.903,11.452,11.452,0,0
CDL_PE,D,20170210,000000,11.543,11.633,11.182,11.363,0,0
CDL_PE,D,20170213,000000,11.363,11.452,11.092,11.452,0,0
CDL_PE,D,20170214,000000,11.001,11.182,10.911,11.092,0,0
CDL_PE,D,20170215,000000,11.182,11.452,11.182,11.452,0,0
CDL_PE,D,20170216,000000,11.452,12.534,11.272,12.263,0,0
CDL_PE,D,20170217,000000,12.263,12.263,11.993,12.263,0,0
CDL_PE,D,20170220,000000,12.173,12.443,12.083,12.443,0,0
CDL_PE,D,20170221,000000,12.443,12.443,12.443,12.443,0,0
CDL_PE,D,20170222,000000,12.443,12.714,12.173,12.714,0,0
CDL_PE,D,20170223,000000,12.895,13.255,12.895,13.165,0,0
CDL_PE,D,20170224,000000,13.165,13.976,12.984,13.976,0,0
CDL_PE,D,20170227,000000,13.887,13.887,13.165,13.616,0,0
CDL_PE,D,20170228,000000,13.616,13.616,12.263,12.805,0,0
CDL_PE,D,20170301,000000,13.075,13.526,13.075,13.526,0,0
CDL_PE,D,20170302,000000,13.526,13.616,13.255,13.616,0,0
CDL_PE,D,20170303,000000,13.706,13.706,13.346,13.706,0,0
CDL_PE,D,20170306,000000,13.706,13.706,12.714,13.616,0,0
CDL_PE,D,20170307,000000,13.797,13.797,13.346,13.346,0,0
CDL_PE,D,20170308,000000,13.797,13.797,13.706,13.706,0,0
CDL_PE,D,20170309,000000,12.805,13.436,12.805,13.436,0,0
CDL_PE,D,20170310,000000,13.616,13.616,13.436,13.526,0,0
CDL_PE,D,20170313,000000,13.526,13.526,12.805,12.805,0,0
CDL_PE,D,20170314,000000,12.443,13.346,12.443,13.346,0,0
CDL_PE,D,20170315,000000,13.346,13.346,12.984,12.984,0,0
CDL_PE,D,20170316,000000,13.616,13.616,12.714,13.255,0,0
CDL_PE,D,20170317,000000,13.255,13.255,12.984,13.255,0,0
CDL_PE,D,20170320,000000,12.714,13.346,12.714,13.346,0,0
CDL_PE,D,20170321,000000,13.616,14.608,10.731,10.731,0,0
CDL_PE,D,20170322,000000,10.731,10.731,10.731,10.731,0,0
CDL_PE,D,20170323,000000,11.001,11.001,10.731,10.731,0,0
CDL_PE,D,20170324,000000,10.551,10.822,10.551,10.822,0,0
CDL_PE,D,20170327,000000,10.641,10.731,10.371,10.371,0,0
CDL_PE,D,20170328,000000,10.641,10.641,10.28,10.46,0,0
CDL_PE,D,20170329,000000,10.551,10.911,10.551,10.911,0,0
CDL_PE,D,20170330,000000,11.092,11.272,10.911,11.272,0,0
CDL_PE,D,20170331,000000,11.363,11.363,11.272,11.272,0,0
CDL_PE,D,20170403,000000,11.272,11.363,11.272,11.272,0,0
CDL_PE,D,20170404,000000,11.363,11.363,11.092,11.272,0,0
CDL_PE,D,20170405,000000,11.363,12.443,11.272,11.903,0,0
CDL_PE,D,20170406,000000,11.903,11.903,11.903,11.903,0,0
CDL_PE,D,20170407,000000,11.903,12.354,11.633,12.354,0,0
CDL_PE,D,20170410,000000,12.354,12.354,11.993,12.263,0,0
CDL_PE,D,20170411,000000,12.263,12.263,11.723,11.993,0,0
CDL_PE,D,20170412,000000,11.993,11.993,11.814,11.814,0,0
CDL_PE,D,20170413,000000,12.083,12.263,11.723,12.263,0,0
CDL_PE,D,20170418,000000,12.263,12.263,11.723,12.263,0,0
CDL_PE,D,20170419,000000,12.263,12.263,11.723,12.083,0,0
CDL_PE,D,20170420,000000,12.263,12.263,12.263,12.263,0,0
CDL_PE,D,20170421,000000,12.263,12.263,12.263,12.263,0,0
CDL_PE,D,20170424,000000,12.263,12.263,12.263,12.263,0,0
CDL_PE,D,20170425,000000,12.263,12.263,11.814,12.263,0,0
CDL_PE,D,20170426,000000,12.263,12.263,11.814,12.263,0,0
CDL_PE,D,20170427,000000,12.263,12.263,12.263,12.263,0,0
CDL_PE,D,20170428,000000,12.263,12.263,12.083,12.263,0,0
CDL_PE,D,20170502,000000,12.354,12.354,11.903,12.354,0,0
CDL_PE,D,20170504,000000,12.354,12.354,12.263,12.263,0,0
CDL_PE,D,20170505,000000,12.263,12.263,11.993,11.993,0,0
CDL_PE,D,20170508,000000,12.263,12.263,12.263,12.263,0,0
CDL_PE,D,20170509,000000,12.263,12.443,11.903,12.443,0,0
CDL_PE,D,20170510,000000,12.443,13.165,12.443,13.075,0,0
CDL_PE,D,20170511,000000,13.075,13.075,13.075,13.075,0,0
CDL_PE,D,20170512,000000,13.075,13.075,12.984,13.075,0,0
CDL_PE,D,20170515,000000,13.075,13.075,12.534,12.534,0,0
CDL_PE,D,20170516,000000,12.82,12.82,12.353,12.82,0,0
CDL_PE,D,20170517,000000,13.288,13.288,12.353,12.445,0,0
CDL_PE,D,20170518,000000,12.165,12.445,11.604,11.978,0,0
CDL_PE,D,20170519,000000,11.978,11.978,11.697,11.697,0,0
CDL_PE,D,20170522,000000,11.978,12.445,11.884,12.259,0,0
CDL_PE,D,20170523,000000,12.445,12.445,12.165,12.445,0,0
CDL_PE,D,20170524,000000,12.445,12.445,12.445,12.445,0,0
CDL_PE,D,20170525,000000,12.445,12.633,12.445,12.633,0,0
CDL_PE,D,20170526,000000,12.633,12.726,12.445,12.726,0,0
CDL_PE,D,20170529,000000,12.726,12.726,12.726,12.726,0,0
CDL_PE,D,20170530,000000,12.445,12.726,12.445,12.726,0,0
CDL_PE,D,20170531,000000,12.726,13.101,12.445,13.008,0,0
CDL_PE,D,20170601,000000,12.445,12.82,12.259,12.82,0,0
CDL_PE,D,20170602,000000,12.914,12.914,12.82,12.82,0,0
CDL_PE,D,20170605,000000,12.82,12.82,12.82,12.82,0,0
CDL_PE,D,20170606,000000,12.633,12.82,12.633,12.82,0,0
CDL_PE,D,20170607,000000,12.82,12.82,12.82,12.82,0,0
CDL_PE,D,20170608,000000,12.82,12.82,12.259,12.82,0,0
CDL_PE,D,20170609,000000,12.82,12.82,12.726,12.726,0,0
CDL_PE,D,20170612,000000,12.726,12.726,12.165,12.726,0,0
CDL_PE,D,20170613,000000,12.726,12.726,12.726,12.726,0,0
CDL_PE,D,20170614,000000,12.82,12.82,12.726,12.726,0,0
CDL_PE,D,20170616,000000,12.82,12.82,12.726,12.726,0,0
CDL_PE,D,20170619,000000,12.726,12.726,12.633,12.633,0,0
CDL_PE,D,20170620,000000,12.633,12.633,12.445,12.445,0,0
CDL_PE,D,20170621,000000,12.445,12.633,12.165,12.633,0,0
CDL_PE,D,20170622,000000,12.633,12.633,12.633,12.633,0,0
CDL_PE,D,20170623,000000,12.633,12.633,12.165,12.633,0,0
CDL_PE,D,20170626,000000,12.633,12.633,12.445,12.633,0,0
CDL_PE,D,20170627,000000,12.633,12.633,12.633,12.633,0,0
CDL_PE,D,20170628,000000,12.633,12.633,12.445,12.633,0,0
CDL_PE,D,20170629,000000,12.633,12.633,12.633,12.633,0,0
CDL_PE,D,20170630,000000,12.633,12.633,12.633,12.633,0,0
CDL_PE,D,20170703,000000,12.633,12.633,12.445,12.445,0,0
CDL_PE,D,20170704,000000,12.445,12.633,12.445,12.633,0,0
CDL_PE,D,20170705,000000,12.633,12.633,12.072,12.633,0,0
CDL_PE,D,20170706,000000,12.633,12.633,12.353,12.353,0,0
CDL_PE,D,20170707,000000,12.633,12.633,11.51,12.072,0,0
CDL_PE,D,20170710,000000,12.072,12.072,12.072,12.072,0,0
CDL_PE,D,20170711,000000,12.072,12.072,11.884,11.884,0,0
CDL_PE,D,20170712,000000,12.072,12.072,11.51,11.79,0,0
CDL_PE,D,20170713,000000,11.79,11.79,11.51,11.79,0,0
CDL_PE,D,20170714,000000,11.79,11.79,11.79,11.79,0,0
CDL_PE,D,20170717,000000,11.79,11.79,11.79,11.79,0,0
CDL_PE,D,20170718,000000,11.79,11.79,11.79,11.79,0,0
CDL_PE,D,20170719,000000,11.417,11.417,11.042,11.417,0,0
CDL_PE,D,20170720,000000,11.604,11.604,11.042,11.604,0,0
CDL_PE,D,20170721,000000,11.604,11.604,10.948,11.042,0,0
CDL_PE,D,20170724,000000,11.604,11.604,11.042,11.136,0,0
CDL_PE,D,20170725,000000,11.136,11.136,11.042,11.042,0,0
CDL_PE,D,20170726,000000,10.948,11.042,10.948,11.042,0,0
CDL_PE,D,20170727,000000,11.042,11.042,10.948,10.948,0,0
CDL_PE,D,20170728,000000,10.948,11.229,10.668,11.229,0,0
CDL_PE,D,20170731,000000,11.136,11.229,11.136,11.229,0,0
CDL_PE,D,20170801,000000,11.229,11.229,11.136,11.136,0,0
CDL_PE,D,20170802,000000,11.136,11.136,11.042,11.042,0,0
CDL_PE,D,20170803,000000,11.042,11.042,10.855,10.855,0,0
CDL_PE,D,20170804,000000,10.762,10.762,10.481,10.574,0,0
CDL_PE,D,20170807,000000,10.574,10.855,10.574,10.855,0,0
CDL_PE,D,20170808,000000,10.855,10.855,10.481,10.855,0,0
CDL_PE,D,20170809,000000,10.481,10.855,10.481,10.855,0,0
CDL_PE,D,20170810,000000,10.855,10.855,10.855,10.855,0,0
CDL_PE,D,20170811,000000,10.855,13.288,10.387,13.288,0,0
CDL_PE,D,20170814,000000,13.008,13.101,12.259,13.101,0,0
CDL_PE,D,20170816,000000,13.101,13.101,12.726,12.914,0,0
CDL_PE,D,20170817,000000,12.914,12.914,12.82,12.914,0,0
CDL_PE,D,20170818,000000,12.914,12.914,12.82,12.914,0,0
CDL_PE,D,20170821,000000,12.914,13.943,12.353,13.85,0,0
CDL_PE,D,20170822,000000,13.756,14.13,13.288,13.756,0,0
CDL_PE,D,20170823,000000,13.756,13.756,13.475,13.475,0,0
CDL_PE,D,20170824,000000,13.475,13.943,13.475,13.85,0,0
CDL_PE,D,20170825,000000,13.943,13.943,13.756,13.85,0,0
CDL_PE,D,20170828,000000,13.85,13.85,13.756,13.756,0,0
CDL_PE,D,20170829,000000,13.756,13.756,13.475,13.475,0,0
CDL_PE,D,20170830,000000,13.475,13.475,13.101,13.475,0,0
CDL_PE,D,20170831,000000,13.288,13.288,13.194,13.194,0,0
CDL_PE,D,20170901,000000,13.381,13.381,12.539,12.82,0,0
CDL_PE,D,20170904,000000,13.475,13.475,13.475,13.475,0,0
CDL_PE,D,20170905,000000,13.85,13.85,13.663,13.756,0,0
CDL_PE,D,20170906,000000,13.756,13.756,12.914,13.008,0,0
CDL_PE,D,20170907,000000,12.914,12.914,12.726,12.82,0,0
CDL_PE,D,20170908,000000,12.82,12.82,12.539,12.633,0,0
CDL_PE,D,20170911,000000,12.633,12.633,12.072,12.259,0,0
CDL_PE,D,20170912,000000,12.259,12.259,12.072,12.165,0,0
CDL_PE,D,20170913,000000,12.165,12.165,12.165,12.165,0,0
CDL_PE,D,20170914,000000,12.165,12.633,12.072,12.633,0,0
CDL_PE,D,20170915,000000,12.633,12.633,12.072,12.539,0,0
CDL_PE,D,20170918,000000,11.978,12.539,11.978,11.978,0,0
CDL_PE,D,20170919,000000,12.445,12.445,11.697,11.978,0,0
CDL_PE,D,20170920,000000,11.978,11.978,11.323,11.604,0,0
CDL_PE,D,20170921,000000,11.79,11.79,11.136,11.604,0,0
CDL_PE,D,20170922,000000,11.604,11.604,11.136,11.51,0,0
CDL_PE,D,20170925,000000,11.51,11.51,11.136,11.417,0,0
CDL_PE,D,20170926,000000,11.51,11.604,11.136,11.604,0,0
CDL_PE,D,20170927,000000,12.726,12.726,11.604,12.072,0,0
CDL_PE,D,20170928,000000,12.072,12.072,12.072,12.072,0,0
CDL_PE,D,20170929,000000,12.539,12.539,12.539,12.539,0,0
CDL_PE,D,20171002,000000,12.914,13.194,12.539,13.194,0,0
CDL_PE,D,20171003,000000,13.194,13.194,11.978,12.539,0,0
CDL_PE,D,20171004,000000,12.539,12.633,12.539,12.633,0,0
CDL_PE,D,20171005,000000,13.194,14.317,12.259,13.756,0,0
CDL_PE,D,20171006,000000,14.13,14.13,13.756,13.756,0,0
CDL_PE,D,20171009,000000,14.13,14.13,13.85,13.85,0,0
CDL_PE,D,20171010,000000,13.85,13.85,13.85,13.85,0,0
CDL_PE,D,20171011,000000,13.85,13.85,13.85,13.85,0,0
CDL_PE,D,20171012,000000,13.381,13.85,13.381,13.381,0,0
CDL_PE,D,20171013,000000,13.85,13.85,13.008,13.101,0,0
CDL_PE,D,20171016,000000,13.101,13.475,13.101,13.475,0,0
CDL_PE,D,20171017,000000,13.85,13.85,13.85,13.85,0,0
CDL_PE,D,20171018,000000,13.85,13.85,13.663,13.663,0,0
CDL_PE,D,20171019,000000,13.663,13.85,13.663,13.85,0,0
CDL_PE,D,20171020,000000,13.663,13.663,13.101,13.381,0,0
CDL_PE,D,20171023,000000,13.381,13.663,13.381,13.663,0,0
CDL_PE,D,20171024,000000,13.101,13.101,12.914,13.008,0,0
CDL_PE,D,20171025,000000,12.539,13.008,12.445,13.008,0,0
CDL_PE,D,20171026,000000,13.475,13.475,13.008,13.381,0,0
CDL_PE,D,20171027,000000,13.381,13.381,13.381,13.381,0,0
CDL_PE,D,20171030,000000,13.381,13.381,13.381,13.381,0,0
CDL_PE,D,20171031,000000,13.381,13.381,13.008,13.381,0,0
CDL_PE,D,20171102,000000,13.381,13.381,13.381,13.381,0,0
CDL_PE,D,20171103,000000,13.008,13.101,13.008,13.008,0,0
CDL_PE,D,20171106,000000,13.008,13.008,12.914,13.008,0,0
CDL_PE,D,20171107,000000,13.381,13.381,13.288,13.288,0,0
CDL_PE,D,20171108,000000,13.288,13.288,13.008,13.008,0,0
CDL_PE,D,20171109,000000,13.008,13.008,12.726,12.726,0,0
CDL_PE,D,20171110,000000,12.539,12.539,12.445,12.539,0,0
CDL_PE,D,20171113,000000,12.539,12.539,12.165,12.445,0,0
CDL_PE,D,20171114,000000,12.445,12.445,11.79,12.445,0,0
CDL_PE,D,20171115,000000,12.445,12.445,11.697,12.072,0,0
CDL_PE,D,20171116,000000,12.259,12.259,11.604,11.604,0,0
CDL_PE,D,20171117,000000,11.79,11.79,10.387,10.387,0,0
CDL_PE,D,20171120,000000,10.574,10.574,10.2,10.387,0,0
CDL_PE,D,20171121,000000,10.574,10.574,10.2,10.481,0,0
CDL_PE,D,20171122,000000,10.481,10.481,10.481,10.481,0,0
CDL_PE,D,20171123,000000,10.481,10.481,10.2,10.2,0,0
CDL_PE,D,20171124,000000,10.387,10.387,9.919,10.013,0,0
CDL_PE,D,20171127,000000,10.013,10.107,10.013,10.107,0,0
CDL_PE,D,20171128,000000,10.293,10.481,10.2,10.481,0,0
CDL_PE,D,20171129,000000,10.855,10.855,10.387,10.762,0,0
CDL_PE,D,20171130,000000,10.855,10.855,10.387,10.762,0,0
CDL_PE,D,20171201,000000,10.762,10.762,10.481,10.574,0,0
CDL_PE,D,20171204,000000,10.481,10.855,10.481,10.762,0,0
CDL_PE,D,20171205,000000,10.762,10.762,10.762,10.762,0,0
CDL_PE,D,20171206,000000,10.762,10.762,10.2,10.481,0,0
CDL_PE,D,20171207,000000,10.481,10.481,10.481,10.481,0,0
CDL_PE,D,20171208,000000,10.481,10.481,10.387,10.387,0,0
CDL_PE,D,20171211,000000,10.574,10.574,10.387,10.574,0,0
CDL_PE,D,20171212,000000,10.387,10.387,10.2,10.387,0,0
CDL_PE,D,20171213,000000,10.387,10.574,10.387,10.574,0,0
CDL_PE,D,20171214,000000,10.574,10.574,10.574,10.574,0,0
CDL_PE,D,20171215,000000,10.574,10.574,10.2,10.387,0,0
CDL_PE,D,20171218,000000,10.387,10.387,10.293,10.293,0,0
CDL_PE,D,20171219,000000,10.293,10.293,10.013,10.013,0,0
CDL_PE,D,20171220,000000,10.013,10.013,9.919,9.919,0,0
CDL_PE,D,20171221,000000,9.919,9.919,9.732,9.919,0,0
CDL_PE,D,20171222,000000,9.919,9.919,9.638,9.826,0,0
CDL_PE,D,20171227,000000,9.826,9.826,9.545,9.638,0,0
CDL_PE,D,20171228,000000,9.638,9.826,9.638,9.826,0,0
CDL_PE,D,20171229,000000,10.013,10.107,9.638,10.107,0,0
CDL_PE,D,20180103,000000,9.732,10.013,9.732,10.013,0,0
CDL_PE,D,20180104,000000,10.013,10.013,9.826,9.826,0,0
CDL_PE,D,20180105,000000,10.013,10.668,9.826,10.574,0,0
CDL_PE,D,20180108,000000,10.574,11.417,10.574,10.762,0,0
CDL_PE,D,20180109,000000,10.762,11.136,10.574,10.948,0,0
CDL_PE,D,20180110,000000,10.762,11.042,10.762,11.042,0,0
CDL_PE,D,20180111,000000,11.136,11.229,10.855,10.855,0,0
CDL_PE,D,20180112,000000,11.042,11.042,10.762,10.762,0,0
CDL_PE,D,20180115,000000,10.855,10.855,10.668,10.762,0,0
CDL_PE,D,20180116,000000,10.762,10.762,10.387,10.387,0,0
CDL_PE,D,20180117,000000,10.387,10.387,10.293,10.387,0,0
CDL_PE,D,20180118,000000,10.387,10.574,10.013,10.574,0,0
CDL_PE,D,20180119,000000,10.574,10.762,10.574,10.762,0,0
CDL_PE,D,20180122,000000,10.762,10.948,10.574,10.948,0,0
CDL_PE,D,20180123,000000,10.948,11.042,10.948,11.042,0,0
CDL_PE,D,20180124,000000,11.136,12.259,11.042,11.978,0,0
CDL_PE,D,20180125,000000,11.978,12.539,11.51,12.445,0,0
CDL_PE,D,20180126,000000,12.445,12.445,12.259,12.353,0,0
CDL_PE,D,20180129,000000,12.353,12.445,12.259,12.353,0,0
CDL_PE,D,20180130,000000,12.259,12.259,11.51,11.697,0,0
CDL_PE,D,20180131,000000,11.604,12.165,11.604,12.165,0,0
CDL_PE,D,20180201,000000,12.165,12.165,11.604,12.072,0,0
CDL_PE,D,20180202,000000,11.604,11.978,11.604,11.978,0,0
CDL_PE,D,20180205,000000,11.978,11.978,11.604,11.884,0,0
CDL_PE,D,20180206,000000,10.855,11.79,10.855,11.697,0,0
CDL_PE,D,20180207,000000,11.604,12.072,11.229,11.978,0,0
CDL_PE,D,20180208,000000,11.978,12.072,11.604,12.072,0,0
CDL_PE,D,20180209,000000,12.072,12.072,11.697,11.884,0,0
CDL_PE,D,20180212,000000,11.79,11.978,11.604,11.978,0,0
CDL_PE,D,20180213,000000,11.978,12.259,11.978,12.165,0,0
CDL_PE,D,20180214,000000,12.165,12.445,11.884,12.445,0,0
CDL_PE,D,20180215,000000,12.445,13.381,12.445,13.194,0,0
CDL_PE,D,20180216,000000,13.194,13.569,13.194,13.381,0,0
CDL_PE,D,20180219,000000,13.101,13.475,12.82,13.475,0,0
CDL_PE,D,20180220,000000,13.288,13.475,12.539,13.475,0,0
CDL_PE,D,20180221,000000,13.475,13.475,13.288,13.288,0,0
CDL_PE,D,20180222,000000,13.288,13.381,13.288,13.381,0,0
CDL_PE,D,20180223,000000,13.475,13.475,12.914,13.381,0,0
CDL_PE,D,20180226,000000,13.381,13.381,13.008,13.381,0,0
CDL_PE,D,20180227,000000,13.381,13.381,13.008,13.288,0,0
CDL_PE,D,20180228,000000,13.288,13.288,12.633,13.288,0,0
CDL_PE,D,20180301,000000,13.288,13.288,13.288,13.288,0,0
CDL_PE,D,20180302,000000,13.101,13.101,12.445,12.445,0,0
CDL_PE,D,20180305,000000,12.633,12.633,11.79,12.633,0,0
CDL_PE,D,20180306,000000,13.008,13.008,12.633,13.008,0,0
CDL_PE,D,20180307,000000,12.82,13.008,12.072,12.165,0,0
CDL_PE,D,20180308,000000,12.539,12.539,12.165,12.539,0,0
CDL_PE,D,20180309,000000,12.633,12.633,12.259,12.633,0,0
CDL_PE,D,20180312,000000,13.101,13.101,12.633,13.008,0,0
CDL_PE,D,20180313,000000,13.381,13.381,12.165,12.445,0,0
CDL_PE,D,20180314,000000,13.008,13.008,12.165,12.633,0,0
CDL_PE,D,20180315,000000,13.008,13.008,12.353,12.445,0,0
CDL_PE,D,20180316,000000,12.914,13.008,12.445,13.008,0,0
CDL_PE,D,20180319,000000,13.008,13.008,12.539,13.008,0,0
CDL_PE,D,20180320,000000,13.008,13.381,12.633,13.381,0,0
CDL_PE,D,20180321,000000,13.288,13.288,12.914,13.194,0,0
CDL_PE,D,20180322,000000,13.194,13.194,12.633,12.633,0,0
CDL_PE,D,20180323,000000,12.445,13.008,12.445,12.633,0,0
CDL_PE,D,20180326,000000,13.008,13.008,12.633,12.633,0,0
CDL_PE,D,20180327,000000,13.008,13.008,12.445,12.633,0,0
CDL_PE,D,20180328,000000,13.008,13.008,12.914,12.914,0,0
CDL_PE,D,20180329,000000,12.914,13.008,12.914,13.008,0,0
CDL_PE,D,20180403,000000,13.008,13.008,13.008,13.008,0,0
CDL_PE,D,20180404,000000,13.008,13.008,13.008,13.008,0,0
CDL_PE,D,20180405,000000,13.008,13.008,12.445,13.008,0,0
CDL_PE,D,20180406,000000,13.288,13.475,13.101,13.381,0,0
CDL_PE,D,20180409,000000,13.194,13.475,12.914,13.381,0,0
CDL_PE,D,20180410,000000,13.381,13.381,13.194,13.288,0,0
CDL_PE,D,20180411,000000,13.381,13.381,13.288,13.288,0,0
CDL_PE,D,20180412,000000,13.381,13.381,13.288,13.288,0,0
CDL_PE,D,20180413,000000,13.381,13.381,13.288,13.288,0,0
CDL_PE,D,20180416,000000,13.475,13.475,13.101,13.475,0,0
CDL_PE,D,20180417,000000,13.381,13.381,13.194,13.288,0,0
CDL_PE,D,20180418,000000,13.381,13.475,13.288,13.475,0,0
CDL_PE,D,20180419,000000,13.381,13.475,13.194,13.475,0,0
CDL_PE,D,20180420,000000,13.475,13.475,13.288,13.475,0,0
CDL_PE,D,20180423,000000,13.475,14.224,13.381,13.663,0,0
CDL_PE,D,20180424,000000,13.663,13.663,13.288,13.288,0,0
CDL_PE,D,20180425,000000,13.569,13.569,13.288,13.475,0,0
CDL_PE,D,20180426,000000,13.288,13.381,13.288,13.288,0,0
CDL_PE,D,20180427,000000,13.381,13.569,13.288,13.569,0,0
CDL_PE,D,20180430,000000,13.85,13.85,13.288,13.288,0,0
CDL_PE,D,20180502,000000,13.756,13.756,13.381,13.569,0,0
CDL_PE,D,20180504,000000,13.756,13.756,13.288,13.756,0,0
CDL_PE,D,20180507,000000,13.756,13.756,13.381,13.381,0,0
CDL_PE,D,20180508,000000,13.381,13.569,13.381,13.569,0,0
CDL_PE,D,20180509,000000,13.569,13.569,13.194,13.288,0,0
CDL_PE,D,20180510,000000,13.569,13.663,13.569,13.569,0,0
CDL_PE,D,20180511,000000,13.569,13.569,13.288,13.475,0,0
CDL_PE,D,20180514,000000,13.663,13.663,13.288,13.475,0,0
CDL_PE,D,20180515,000000,13.523,13.717,13.523,13.717,0,0
CDL_PE,D,20180516,000000,13.234,13.234,11.978,12.074,0,0
CDL_PE,D,20180517,000000,12.074,14.2,12.074,14.2,0,0
CDL_PE,D,20180518,000000,14.006,14.586,14.006,14.586,0,0
CDL_PE,D,20180521,000000,14.586,14.586,14.006,14.586,0,0
CDL_PE,D,20180522,000000,14.586,14.586,14.586,14.586,0,0
CDL_PE,D,20180523,000000,14.779,14.779,14.006,14.683,0,0
CDL_PE,D,20180524,000000,14.683,14.683,13.813,14.103,0,0
CDL_PE,D,20180525,000000,13.91,13.91,13.234,13.234,0,0
CDL_PE,D,20180528,000000,13.234,13.234,12.074,12.074,0,0
CDL_PE,D,20180529,000000,12.074,12.461,11.205,11.398,0,0
CDL_PE,D,20180530,000000,11.785,11.785,10.626,10.819,0,0
CDL_PE,D,20180601,000000,10.819,11.302,10.046,10.915,0,0
CDL_PE,D,20180604,000000,11.012,11.785,10.722,11.785,0,0
CDL_PE,D,20180605,000000,11.785,12.461,11.785,11.881,0,0
CDL_PE,D,20180606,000000,12.268,12.557,12.268,12.268,0,0
CDL_PE,D,20180607,000000,12.461,12.461,11.978,12.461,0,0
CDL_PE,D,20180608,000000,12.751,12.847,12.268,12.751,0,0
CDL_PE,D,20180611,000000,12.171,12.557,12.171,12.557,0,0
CDL_PE,D,20180612,000000,12.171,12.751,11.495,11.495,0,0
CDL_PE,D,20180613,000000,11.495,11.495,11.302,11.495,0,0
CDL_PE,D,20180614,000000,11.495,11.495,10.915,11.398,0,0
CDL_PE,D,20180615,000000,11.398,11.398,11.012,11.109,0,0
CDL_PE,D,20180618,000000,11.302,11.302,11.012,11.109,0,0
CDL_PE,D,20180619,000000,11.109,11.109,11.012,11.109,0,0
CDL_PE,D,20180620,000000,11.109,11.109,10.915,11.109,0,0
CDL_PE,D,20180621,000000,10.626,11.109,10.626,11.012,0,0
CDL_PE,D,20180622,000000,11.109,11.302,11.109,11.302,0,0
CDL_PE,D,20180625,000000,11.302,11.302,10.915,11.302,0,0
CDL_PE,D,20180626,000000,11.302,11.302,11.302,11.302,0,0
CDL_PE,D,20180627,000000,11.302,11.302,10.722,10.722,0,0
CDL_PE,D,20180628,000000,11.012,11.012,10.722,11.012,0,0
CDL_PE,D,20180629,000000,11.012,11.012,10.819,11.012,0,0
CDL_PE,D,20180702,000000,11.012,11.012,11.012,11.012,0,0
CDL_PE,D,20180703,000000,10.529,10.626,10.529,10.626,0,0
CDL_PE,D,20180704,000000,10.626,10.819,10.626,10.819,0,0
CDL_PE,D,20180705,000000,10.819,11.012,10.529,11.012,0,0
CDL_PE,D,20180706,000000,11.012,11.012,10.529,10.626,0,0
CDL_PE,D,20180709,000000,11.012,11.012,11.012,11.012,0,0
CDL_PE,D,20180710,000000,11.012,11.012,10.626,10.626,0,0
CDL_PE,D,20180711,000000,10.722,10.722,10.239,10.626,0,0
CDL_PE,D,20180712,000000,11.012,11.012,10.626,10.722,0,0
CDL_PE,D,20180713,000000,11.012,11.012,10.819,10.819,0,0
CDL_PE,D,20180716,000000,11.012,11.012,11.012,11.012,0,0
CDL_PE,D,20180717,000000,11.012,11.012,10.529,10.722,0,0
CDL_PE,D,20180718,000000,10.722,10.722,10.336,10.626,0,0
CDL_PE,D,20180719,000000,10.336,10.722,10.336,10.722,0,0
CDL_PE,D,20180720,000000,10.722,10.722,10.722,10.722,0,0
CDL_PE,D,20180723,000000,10.722,10.722,10.626,10.626,0,0
CDL_PE,D,20180724,000000,10.626,11.109,10.626,11.109,0,0
CDL_PE,D,20180725,000000,11.109,11.205,11.109,11.109,0,0
CDL_PE,D,20180726,000000,11.109,11.109,10.722,11.109,0,0
CDL_PE,D,20180727,000000,11.109,11.109,10.239,10.239,0,0
CDL_PE,D,20180730,000000,10.529,10.529,10.239,10.432,0,0
CDL_PE,D,20180731,000000,10.722,10.722,10.239,10.432,0,0
CDL_PE,D,20180801,000000,10.722,10.722,10.046,10.336,0,0
CDL_PE,D,20180802,000000,10.336,10.336,10.239,10.239,0,0
CDL_PE,D,20180803,000000,10.239,10.239,10.143,10.239,0,0
CDL_PE,D,20180806,000000,10.529,10.529,10.046,10.239,0,0
CDL_PE,D,20180807,000000,10.529,10.529,9.949,10.239,0,0
CDL_PE,D,20180808,000000,10.626,10.626,9.949,10.143,0,0
CDL_PE,D,20180809,000000,10.239,10.336,9.66,10.143,0,0
CDL_PE,D,20180810,000000,10.143,10.336,10.143,10.336,0,0
CDL_PE,D,20180813,000000,10.626,10.915,7.5345,7.5345,0,0
CDL_PE,D,20180814,000000,7.5345,7.5345,7.2447,7.4379,0,0
CDL_PE,D,20180816,000000,7.5345,7.5345,7.5345,7.5345,0,0
CDL_PE,D,20180817,000000,7.5345,7.7277,7.5345,7.7277,0,0
CDL_PE,D,20180820,000000,7.6311,7.7277,7.5345,7.7277,0,0
CDL_PE,D,20180821,000000,7.7277,7.7277,7.5345,7.6311,0,0
CDL_PE,D,20180822,000000,7.6311,7.7277,7.4379,7.6311,0,0
CDL_PE,D,20180823,000000,7.7277,7.7277,7.3413,7.3413,0,0
CDL_PE,D,20180824,000000,7.4379,7.4379,7.4379,7.4379,0,0
CDL_PE,D,20180827,000000,7.4379,7.5345,7.4379,7.5345,0,0
CDL_PE,D,20180828,000000,7.5345,7.5345,7.5345,7.5345,0,0
CDL_PE,D,20180829,000000,7.5345,7.5345,7.2447,7.4379,0,0
CDL_PE,D,20180830,000000,7.4379,7.4379,7.3413,7.4379,0,0
CDL_PE,D,20180831,000000,7.4379,7.4379,7.1481,7.2447,0,0
CDL_PE,D,20180903,000000,7.4379,7.4379,7.2447,7.2447,0,0
CDL_PE,D,20180904,000000,7.4379,7.4379,7.2447,7.2447,0,0
CDL_PE,D,20180905,000000,7.2447,7.2447,6.9549,7.1481,0,0
CDL_PE,D,20180906,000000,7.0515,7.0515,6.7617,6.8583,0,0
CDL_PE,D,20180907,000000,6.8583,6.8583,6.6651,6.6651,0,0
CDL_PE,D,20180910,000000,6.8583,6.8583,6.1821,6.1821,0,0
CDL_PE,D,20180911,000000,6.0855,6.2787,5.7957,6.2787,0,0
CDL_PE,D,20180912,000000,6.6651,6.6651,6.0855,6.1821,0,0
CDL_PE,D,20180913,000000,6.4719,6.4719,6.0855,6.1821,0,0
CDL_PE,D,20180914,000000,6.2787,6.4719,6.2787,6.4719,0,0
CDL_PE,D,20180917,000000,6.5685,6.5685,6.5685,6.5685,0,0
CDL_PE,D,20180918,000000,6.6651,6.6651,6.5685,6.6651,0,0
CDL_PE,D,20180919,000000,6.6651,6.6651,6.6651,6.6651,0,0
CDL_PE,D,20180920,000000,6.6651,6.6651,6.3753,6.5685,0,0
CDL_PE,D,20180921,000000,6.5685,6.5685,6.2787,6.5685,0,0
CDL_PE,D,20180924,000000,6.5685,6.5685,6.0855,6.1821,0,0
CDL_PE,D,20180925,000000,6.3753,6.3753,6.0855,6.3753,0,0
CDL_PE,D,20180926,000000,6.4719,6.4719,6.2787,6.3753,0,0
CDL_PE,D,20180927,000000,6.4719,6.4719,6.0855,6.3753,0,0
CDL_PE,D,20180928,000000,6.3753,6.3753,6.2787,6.2787,0,0
CDL_PE,D,20181001,000000,6.3753,6.3753,6.0855,6.3753,0,0
CDL_PE,D,20181002,000000,6.0855,6.3753,6.0855,6.2787,0,0
CDL_PE,D,20181003,000000,6.2787,6.5685,6.1821,6.5685,0,0
CDL_PE,D,20181004,000000,6.5685,6.5685,6.4719,6.5685,0,0
CDL_PE,D,20181005,000000,6.6651,6.6651,6.4719,6.5685,0,0
CDL_PE,D,20181008,000000,6.6651,6.6651,6.6651,6.6651,0,0
CDL_PE,D,20181009,000000,6.6651,6.6651,6.4719,6.6651,0,0
CDL_PE,D,20181010,000000,6.6651,6.8583,6.4719,6.8583,0,0
CDL_PE,D,20181011,000000,6.8583,6.8583,6.8583,6.8583,0,0
CDL_PE,D,20181012,000000,6.8583,6.8583,6.5685,6.7617,0,0
CDL_PE,D,20181015,000000,6.7617,6.7617,6.5685,6.6651,0,0
CDL_PE,D,20181016,000000,6.6651,7.3413,6.6651,7.2447,0,0
CDL_PE,D,20181017,000000,7.4379,7.4379,6.7617,7.2447,0,0
CDL_PE,D,20181018,000000,7.5345,7.5345,6.8583,7.1481,0,0
CDL_PE,D,20181019,000000,7.0515,7.1481,6.8583,7.1481,0,0
CDL_PE,D,20181022,000000,7.1481,7.1481,6.9549,7.1481,0,0
CDL_PE,D,20181023,000000,7.3413,7.3413,6.5685,6.7617,0,0
CDL_PE,D,20181024,000000,6.6651,6.8583,6.6651,6.8583,0,0
CDL_PE,D,20181025,000000,6.9549,6.9549,6.8583,6.8583,0,0
CDL_PE,D,20181026,000000,6.9549,6.9549,6.8583,6.8583,0,0
CDL_PE,D,20181029,000000,6.8583,6.9549,6.6651,6.8583,0,0
CDL_PE,D,20181030,000000,6.8583,6.8583,6.5685,6.5685,0,0
CDL_PE,D,20181031,000000,6.8583,6.8583,6.2787,6.8583,0,0
CDL_PE,D,20181102,000000,6.8583,6.8583,6.8583,6.8583,0,0
CDL_PE,D,20181105,000000,6.8583,6.9549,6.8583,6.9549,0,0
CDL_PE,D,20181106,000000,6.9549,6.9549,6.8583,6.8583,0,0
CDL_PE,D,20181107,000000,6.8583,6.9549,6.8583,6.9549,0,0
CDL_PE,D,20181108,000000,6.9549,6.9549,6.8583,6.9549,0,0
CDL_PE,D,20181109,000000,7.1481,7.1481,7.0515,7.1481,0,0
CDL_PE,D,20181113,000000,7.1481,7.3413,7.0515,7.0515,0,0
CDL_PE,D,20181114,000000,7.3413,7.3413,7.0515,7.0515,0,0
CDL_PE,D,20181115,000000,7.2447,7.2447,7.0515,7.1481,0,0
CDL_PE,D,20181116,000000,7.3413,7.3413,7.2447,7.2447,0,0
CDL_PE,D,20181119,000000,7.2447,7.2447,6.7617,6.7617,0,0
CDL_PE,D,20181120,000000,6.7617,6.7617,6.5685,6.7617,0,0
CDL_PE,D,20181121,000000,6.7617,6.7617,6.2787,6.5685,0,0
CDL_PE,D,20181122,000000,6.6651,6.6651,6.3753,6.6651,0,0
CDL_PE,D,20181123,000000,6.6651,6.9549,6.5685,6.9549,0,0
CDL_PE,D,20181126,000000,6.9549,6.9549,6.7617,6.8583,0,0
CDL_PE,D,20181127,000000,6.8583,7.2447,6.8583,7.2447,0,0
CDL_PE,D,20181128,000000,7.3413,7.4379,7.1481,7.4379,0,0
CDL_PE,D,20181129,000000,7.5345,7.7277,7.5345,7.6311,0,0
CDL_PE,D,20181130,000000,7.6311,7.6311,7.3413,7.6311,0,0
CDL_PE,D,20181203,000000,7.6311,7.6311,7.3413,7.5345,0,0
CDL_PE,D,20181204,000000,7.4379,7.5345,7.4379,7.5345,0,0
CDL_PE,D,20181205,000000,7.6311,7.6311,7.5345,7.5345,0,0
CDL_PE,D,20181206,000000,7.5345,7.6311,7.5345,7.6311,0,0
CDL_PE,D,20181207,000000,7.6311,7.6311,7.6311,7.6311,0,0
CDL_PE,D,20181210,000000,7.6311,7.6311,7.6311,7.6311,0,0
CDL_PE,D,20181211,000000,7.5345,7.5345,7.4379,7.4379,0,0
CDL_PE,D,20181212,000000,7.3413,7.4379,7.3413,7.4379,0,0
CDL_PE,D,20181213,000000,7.5345,7.5345,7.4379,7.4379,0,0
CDL_PE,D,20181214,000000,7.4379,7.4379,7.4379,7.4379,0,0
CDL_PE,D,20181217,000000,7.4379,7.4379,7.4379,7.4379,0,0
CDL_PE,D,20181218,000000,7.4379,7.4379,7.3413,7.3413,0,0
CDL_PE,D,20181219,000000,7.4379,7.4379,7.1481,7.1481,0,0
CDL_PE,D,20181220,000000,7.2447,7.2447,6.6651,7.1481,0,0
CDL_PE,D,20181221,000000,7.0515,7.0515,6.9549,7.0515,0,0
CDL_PE,D,20181227,000000,7.2447,7.2447,6.7617,6.7617,0,0
CDL_PE,D,20181228,000000,7.0515,7.0515,6.5685,6.6651,0,0
CDL_PE,D,20190102,000000,6.8583,6.8583,6.7617,6.7617,0,0
CDL_PE,D,20190103,000000,6.7617,6.7617,6.7617,6.7617,0,0
CDL_PE,D,20190104,000000,6.7617,6.7617,6.7617,6.7617,0,0
CDL_PE,D,20190107,000000,6.7617,6.7617,6.7617,6.7617,0,0
CDL_PE,D,20190108,000000,6.8583,7.0515,6.7617,6.9549,0,0
CDL_PE,D,20190109,000000,6.9549,7.2447,6.7617,7.2447,0,0
CDL_PE,D,20190110,000000,7.1481,7.1481,6.9549,7.0515,0,0
CDL_PE,D,20190111,000000,7.0515,7.0515,6.9549,7.0515,0,0
CDL_PE,D,20190114,000000,7.1481,7.1481,6.9549,7.0515,0,0
CDL_PE,D,20190115,000000,7.0515,7.4379,7.0515,7.1481,0,0
CDL_PE,D,20190116,000000,7.3413,7.4379,7.0515,7.1481,0,0
CDL_PE,D,20190117,000000,7.2447,7.2447,7.1481,7.1481,0,0
CDL_PE,D,20190118,000000,7.1481,7.2447,7.0515,7.2447,0,0
CDL_PE,D,20190121,000000,7.2447,7.3413,7.2447,7.2447,0,0
CDL_PE,D,20190122,000000,7.2447,7.3413,7.2447,7.3413,0,0
CDL_PE,D,20190123,000000,7.4379,7.5345,7.3413,7.4379,0,0
CDL_PE,D,20190124,000000,7.4379,7.6311,7.4379,7.6311,0,0
CDL_PE,D,20190125,000000,7.6311,7.6311,7.5345,7.6311,0,0
CDL_PE,D,20190128,000000,7.6311,7.9209,7.5345,7.8243,0,0
CDL_PE,D,20190129,000000,7.9209,8.0174,7.8243,8.0174,0,0
CDL_PE,D,20190130,000000,8.0174,8.0174,7.9209,8.0174,0,0
CDL_PE,D,20190131,000000,8.0174,8.0174,8.0174,8.0174,0,0
CDL_PE,D,20190201,000000,8.0174,8.0174,8.0174,8.0174,0,0
CDL_PE,D,20190204,000000,7.9209,8.0174,7.9209,7.9209,0,0
CDL_PE,D,20190205,000000,7.9209,7.9209,7.8243,7.9209,0,0
CDL_PE,D,20190206,000000,8.0174,8.0174,7.8243,7.9209,0,0
CDL_PE,D,20190207,000000,7.9209,7.9209,7.4379,7.7277,0,0
CDL_PE,D,20190208,000000,7.7277,7.7277,7.4379,7.6311,0,0
CDL_PE,D,20190211,000000,7.6311,7.7277,7.4379,7.7277,0,0
CDL_PE,D,20190212,000000,7.7277,7.9209,7.6311,7.9209,0,0
CDL_PE,D,20190213,000000,7.9209,7.9209,7.9209,7.9209,0,0
CDL_PE,D,20190214,000000,7.9209,7.9209,7.9209,7.9209,0,0
CDL_PE,D,20190215,000000,7.9209,7.9209,7.6311,7.8243,0,0
CDL_PE,D,20190218,000000,7.8243,7.8243,7.7277,7.7277,0,0
CDL_PE,D,20190219,000000,7.8243,7.8243,7.8243,7.8243,0,0
CDL_PE,D,20190220,000000,7.8243,7.8243,7.4379,7.5345,0,0
CDL_PE,D,20190221,000000,7.6311,7.6311,7.4379,7.4379,0,0
CDL_PE,D,20190222,000000,7.7277,7.7277,7.7277,7.7277,0,0
CDL_PE,D,20190225,000000,7.7277,7.7277,7.7277,7.7277,0,0
CDL_PE,D,20190226,000000,7.7277,7.7277,7.6311,7.6311,0,0
CDL_PE,D,20190227,000000,7.7277,7.7277,7.6311,7.6311,0,0
CDL_PE,D,20190228,000000,7.7277,7.7277,7.7277,7.7277,0,0
CDL_PE,D,20190301,000000,7.7277,7.7277,7.7277,7.7277,0,0
CDL_PE,D,20190304,000000,7.6311,7.6311,7.3413,7.6311,0,0
CDL_PE,D,20190305,000000,7.7277,7.7277,7.6311,7.6311,0,0
CDL_PE,D,20190306,000000,7.6311,7.9209,7.6311,7.6311,0,0
CDL_PE,D,20190307,000000,7.9209,7.9209,7.8243,7.8243,0,0
CDL_PE,D,20190308,000000,7.8243,7.9209,7.8243,7.9209,0,0
CDL_PE,D,20190311,000000,8.0174,8.2106,8.0174,8.2106,0,0
CDL_PE,D,20190312,000000,8.2106,8.2106,7.9209,7.9209,0,0
CDL_PE,D,20190313,000000,7.9209,7.9209,7.9209,7.9209,0,0
CDL_PE,D,20190314,000000,8.0174,8.0174,7.9209,7.9209,0,0
CDL_PE,D,20190315,000000,8.2106,8.2106,8.2106,8.2106,0,0
CDL_PE,D,20190318,000000,8.2106,8.2106,8.0174,8.0174,0,0
CDL_PE,D,20190319,000000,8.0174,8.114,8.0174,8.0174,0,0
CDL_PE,D,20190320,000000,8.2106,8.2106,8.0174,8.0174,0,0
CDL_PE,D,20190321,000000,8.2106,8.2106,8.0174,8.0174,0,0
CDL_PE,D,20190322,000000,8.2106,8.2106,8.2106,8.2106,0,0
CDL_PE,D,20190325,000000,8.2106,8.2106,8.2106,8.2106,0,0
CDL_PE,D,20190326,000000,8.2106,8.4038,8.2106,8.4038,0,0
CDL_PE,D,20190327,000000,8.4038,8.4038,8.4038,8.4038,0,0
CDL_PE,D,20190328,000000,8.4038,8.4038,8.2106,8.2106,0,0
CDL_PE,D,20190329,000000,8.4038,8.4038,8.4038,8.4038,0,0
CDL_PE,D,20190401,000000,8.2106,8.3072,8.114,8.2106,0,0
CDL_PE,D,20190402,000000,8.3072,8.3072,8.2106,8.2106,0,0
CDL_PE,D,20190403,000000,8.3072,8.3072,8.114,8.2106,0,0
CDL_PE,D,20190404,000000,8.3072,8.597,8.3072,8.3072,0,0
CDL_PE,D,20190405,000000,8.3072,8.5004,8.3072,8.5004,0,0
CDL_PE,D,20190408,000000,8.8868,9.08,7.6311,7.6311,0,0
CDL_PE,D,20190409,000000,7.6311,7.8243,7.6311,7.7277,0,0
CDL_PE,D,20190410,000000,7.7277,7.7277,7.4379,7.5345,0,0
CDL_PE,D,20190411,000000,7.5345,7.5345,7.1481,7.2447,0,0
CDL_PE,D,20190412,000000,7.4379,7.4379,7.2447,7.4379,0,0
CDL_PE,D,20190415,000000,7.2447,7.2447,7.1481,7.1481,0,0
CDL_PE,D,20190416,000000,7.1481,7.3413,7.1481,7.3413,0,0
CDL_PE,D,20190417,000000,7.3413,7.3413,7.3413,7.3413,0,0
CDL_PE,D,20190418,000000,7.3413,7.3413,7.2447,7.2447,0,0
CDL_PE,D,20190423,000000,7.2447,7.6311,7.2447,7.3413,0,0
CDL_PE,D,20190424,000000,7.3413,7.3413,7.0515,7.1481,0,0
CDL_PE,D,20190425,000000,7.2447,7.2447,7.1481,7.1481,0,0
CDL_PE,D,20190426,000000,6.9549,6.9549,6.7617,6.9549,0,0
CDL_PE,D,20190429,000000,6.9549,7.2447,6.7617,7.0515,0,0
CDL_PE,D,20190430,000000,6.9549,6.9549,6.5685,6.7617,0,0
CDL_PE,D,20190506,000000,6.8583,7.0515,6.7617,6.7617,0,0
CDL_PE,D,20190507,000000,6.9549,6.9549,6.6651,6.6651,0,0
CDL_PE,D,20190508,000000,6.8583,6.8583,6.6651,6.6651,0,0
CDL_PE,D,20190509,000000,6.6651,6.8583,6.6651,6.8583,0,0
CDL_PE,D,20190510,000000,6.9549,6.9549,6.9549,6.9549,0,0
CDL_PE,D,20190513,000000,6.9549,6.9549,6.7617,6.7617,0,0
CDL_PE,D,20190514,000000,6.8583,6.8583,6.7617,6.7617,0,0
CDL_PE,D,20190515,000000,6.7617,6.7617,6.6651,6.7617,0,0
CDL_PE,D,20190516,000000,6.7617,6.7617,6.7617,6.7617,0,0
CDL_PE,D,20190517,000000,7.0515,7.0515,6.7617,6.7617,0,0
CDL_PE,D,20190520,000000,7.0515,7.0515,6.6651,6.6651,0,0
CDL_PE,D,20190521,000000,6.7617,6.7617,6.7617,6.7617,0,0
CDL_PE,D,20190522,000000,6.7617,6.8583,6.7617,6.7617,0,0
CDL_PE,D,20190523,000000,6.7617,6.7617,6.7617,6.7617,0,0
CDL_PE,D,20190524,000000,6.7617,6.7617,6.6651,6.6651,0,0
CDL_PE,D,20190527,000000,6.6651,6.6651,6.5685,6.5685,0,0
CDL_PE,D,20190528,000000,6.6651,6.6651,6.2787,6.4719,0,0
CDL_PE,D,20190529,000000,6.4719,6.4719,6.2787,6.3753,0,0
CDL_PE,D,20190530,000000,5.8923,7.5345,5.8923,7.5345,0,0
CDL_PE,D,20190531,000000,7.4379,7.5345,7.2447,7.4379,0,0
CDL_PE,D,20190603,000000,7.4379,7.4379,7.4379,7.4379,0,0
CDL_PE,D,20190604,000000,7.3413,7.4379,7.2447,7.2447,0,0
CDL_PE,D,20190605,000000,7.4379,7.4379,7.4379,7.4379,0,0
CDL_PE,D,20190606,000000,7.2447,7.4379,7.2447,7.4379,0,0
CDL_PE,D,20190607,000000,7.2447,7.4379,7.1481,7.3413,0,0
CDL_PE,D,20190610,000000,7.2447,7.3413,7.2447,7.3413,0,0
CDL_PE,D,20190611,000000,7.4379,7.5345,7.2447,7.5345,0,0
CDL_PE,D,20190612,000000,7.4379,7.4379,7.3413,7.4379,0,0
CDL_PE,D,20190613,000000,7.4379,7.4379,7.2447,7.2447,0,0
CDL_PE,D,20190614,000000,7.5,7.5,7.5,7.5,0,0
CDL_PE,D,20190617,000000,7.5,7.7,7.5,7.7,0,0
CDL_PE,D,20190618,000000,7.7,7.7,7.6,7.6,0,0
CDL_PE,D,20190619,000000,7.7,7.8,7.7,7.7,0,0
CDL_PE,D,20190621,000000,7.7,7.7,7.4,7.7,0,0
CDL_PE,D,20190624,000000,7.7,7.8,7.7,7.8,0,0
CDL_PE,D,20190625,000000,7.9,7.9,7.7,7.8,0,0
CDL_PE,D,20190626,000000,7.8,7.8,7.7,7.7,0,0
CDL_PE,D,20190627,000000,7.8,7.8,7.8,7.8,0,0
CDL_PE,D,20190628,000000,7.8,8,7.8,8,0,0
CDL_PE,D,20190701,000000,8.2,8.2,7.9,7.9,0,0
CDL_PE,D,20190702,000000,8.1,8.4,8,8,0,0
CDL_PE,D,20190703,000000,8.3,8.3,7.8,7.9,0,0
CDL_PE,D,20190704,000000,8.1,8.2,8,8,0,0
CDL_PE,D,20190705,000000,8.2,8.2,8.2,8.2,0,0
CDL_PE,D,20190708,000000,8.1,8.1,7.9,8,0,0
CDL_PE,D,20190709,000000,8,8,8,8,0,0
CDL_PE,D,20190710,000000,8.1,8.1,7.7,7.7,0,0
CDL_PE,D,20190711,000000,7.9,7.9,7.6,7.6,0,0
CDL_PE,D,20190712,000000,7.6,7.7,7.6,7.7,0,0
CDL_PE,D,20190715,000000,7.7,7.7,7.3,7.3,0,0
CDL_PE,D,20190716,000000,7.5,7.5,7.1,7.4,0,0
CDL_PE,D,20190717,000000,7.4,7.6,7.4,7.6,0,0
CDL_PE,D,20190718,000000,7.7,7.7,7.4,7.6,0,0
CDL_PE,D,20190719,000000,7.9,8,7.9,8,0,0
CDL_PE,D,20190722,000000,7.7,8,7.4,7.4,0,0
CDL_PE,D,20190723,000000,7.4,7.6,7.4,7.6,0,0
CDL_PE,D,20190724,000000,7.6,7.6,7.6,7.6,0,0
CDL_PE,D,20190725,000000,7.6,7.6,7.3,7.3,0,0
CDL_PE,D,20190726,000000,7.5,7.5,7.3,7.4,0,0
CDL_PE,D,20190729,000000,7.5,7.5,7.5,7.5,0,0
CDL_PE,D,20190730,000000,7.5,7.5,7.1,7.2,0,0
CDL_PE,D,20190731,000000,7.6,7.6,7.2,7.4,0,0
CDL_PE,D,20190801,000000,7.5,7.5,7.1,7.1,0,0
CDL_PE,D,20190802,000000,7.5,7.5,7,7.1,0,0
CDL_PE,D,20190805,000000,7.6,7.6,7.1,7.1,0,0
CDL_PE,D,20190806,000000,7.4,7.4,7,7.2,0,0
CDL_PE,D,20190807,000000,7.3,7.3,7,7.1,0,0
CDL_PE,D,20190808,000000,7.4,7.4,7.1,7.3,0,0
CDL_PE,D,20190809,000000,7.3,7.3,7.2,7.3,0,0
CDL_PE,D,20190812,000000,7.4,7.4,7,7,0,0
CDL_PE,D,20190813,000000,7.1,7.1,7.1,7.1,0,0
CDL_PE,D,20190814,000000,7.1,7.1,7.1,7.1,0,0
CDL_PE,D,20190816,000000,7.1,7.1,7.1,7.1,0,0
CDL_PE,D,20190819,000000,7.1,7.1,7.1,7.1,0,0
CDL_PE,D,20190820,000000,7.1,7.1,6.7,6.7,0,0
CDL_PE,D,20190821,000000,6.8,6.8,6.6,6.6,0,0
CDL_PE,D,20190822,000000,6.7,6.7,6.6,6.6,0,0
CDL_PE,D,20190823,000000,6.8,6.8,6.5,6.6,0,0
CDL_PE,D,20190826,000000,6.7,6.7,6.3,6.4,0,0
CDL_PE,D,20190827,000000,6.6,6.6,6.3,6.4,0,0
CDL_PE,D,20190828,000000,6.5,6.5,6.3,6.3,0,0
CDL_PE,D,20190829,000000,6.6,6.6,6.4,6.5,0,0
CDL_PE,D,20190830,000000,6.2,7.2,6.1,7.2,0,0
CDL_PE,D,20190902,000000,7.8,7.8,7.2,7.4,0,0
CDL_PE,D,20190903,000000,7.4,7.4,7.2,7.3,0,0
CDL_PE,D,20190904,000000,7.3,7.3,7.2,7.3,0,0
CDL_PE,D,20190905,000000,7.3,7.3,7.1,7.1,0,0
CDL_PE,D,20190906,000000,7.2,7.2,7,7.1,0,0
CDL_PE,D,20190909,000000,7.3,7.3,7,7.3,0,0
CDL_PE,D,20190910,000000,7.3,7.4,7.3,7.3,0,0
CDL_PE,D,20190911,000000,7.4,7.4,7.2,7.2,0,0
CDL_PE,D,20190912,000000,7.3,7.3,7,7.1,0,0
CDL_PE,D,20190913,000000,7.3,7.3,7.1,7.1,0,0
CDL_PE,D,20190916,000000,7.1,7.1,7.1,7.1,0,0
CDL_PE,D,20190917,000000,7.1,7.7,7.1,7.6,0,0
CDL_PE,D,20190918,000000,7.6,7.6,7.4,7.5,0,0
CDL_PE,D,20190919,000000,7.6,7.6,7.4,7.4,0,0
CDL_PE,D,20190920,000000,7.4,7.4,7.2,7.3,0,0
CDL_PE,D,20190923,000000,7.2,7.2,7.2,7.2,0,0
CDL_PE,D,20190924,000000,7.2,7.3,7,7,0,0
CDL_PE,D,20190925,000000,7,7.1,7,7.1,0,0
CDL_PE,D,20190926,000000,7.2,7.2,7.1,7.1,0,0
CDL_PE,D,20190927,000000,7.1,7.1,7.1,7.1,0,0
CDL_PE,D,20190930,000000,7.1,7.1,6.8,7,0,0
CDL_PE,D,20191001,000000,7,7,6.8,7,0,0
CDL_PE,D,20191002,000000,7,7,6.8,7,0,0
CDL_PE,D,20191003,000000,7,7.1,6.8,7.1,0,0
CDL_PE,D,20191004,000000,7.2,7.2,7.1,7.1,0,0
CDL_PE,D,20191007,000000,7.1,7.1,7,7,0,0
CDL_PE,D,20191008,000000,7,7,6.9,6.9,0,0
CDL_PE,D,20191009,000000,7,7,6.8,6.8,0,0
CDL_PE,D,20191010,000000,6.9,7,6.9,7,0,0
CDL_PE,D,20191011,000000,7.1,7.4,7.1,7.3,0,0
CDL_PE,D,20191014,000000,7.4,7.4,7.3,7.3,0,0
CDL_PE,D,20191015,000000,7.4,7.4,7.3,7.3,0,0
CDL_PE,D,20191016,000000,7.4,7.6,7.3,7.3,0,0
CDL_PE,D,20191017,000000,7.4,7.4,7.2,7.3,0,0
CDL_PE,D,20191018,000000,7.3,7.5,7.2,7.5,0,0
CDL_PE,D,20191021,000000,7.6,7.6,7.4,7.4,0,0
CDL_PE,D,20191022,000000,7.4,7.4,7.4,7.4,0,0
CDL_PE,D,20191023,000000,7.5,7.5,7.3,7.3,0,0
CDL_PE,D,20191024,000000,7.3,7.4,7.2,7.2,0,0
CDL_PE,D,20191025,000000,7.5,7.5,7.1,7.4,0,0
CDL_PE,D,20191028,000000,7.4,7.4,7.1,7.1,0,0
CDL_PE,D,20191029,000000,7.1,7.4,7.1,7.4,0,0
CDL_PE,D,20191030,000000,7.4,7.4,7.4,7.4,0,0
CDL_PE,D,20191031,000000,7.6,7.6,7.2,7.5,0,0
CDL_PE,D,20191104,000000,7.5,7.6,7.5,7.6,0,0
CDL_PE,D,20191105,000000,7.6,7.6,7.5,7.5,0,0
CDL_PE,D,20191106,000000,7.6,7.6,7.5,7.5,0,0
CDL_PE,D,20191107,000000,7.6,7.6,7.4,7.4,0,0
CDL_PE,D,20191108,000000,7.5,7.5,7.3,7.3,0,0
CDL_PE,D,20191112,000000,7.3,7.5,7.2,7.5,0,0
CDL_PE,D,20191113,000000,7.5,7.5,7.4,7.4,0,0
CDL_PE,D,20191114,000000,7.4,7.5,7.4,7.4,0,0
CDL_PE,D,20191115,000000,7.3,7.5,7.3,7.5,0,0
CDL_PE,D,20191118,000000,7.6,7.6,7.4,7.5,0,0
CDL_PE,D,20191119,000000,7.6,7.6,7.4,7.5,0,0
CDL_PE,D,20191120,000000,7.5,7.5,7.4,7.4,0,0
CDL_PE,D,20191121,000000,7.4,7.4,7.3,7.4,0,0
CDL_PE,D,20191122,000000,7.5,7.5,7.4,7.5,0,0
CDL_PE,D,20191125,000000,7.5,7.5,7.3,7.3,0,0
CDL_PE,D,20191126,000000,7.4,7.4,7.3,7.3,0,0
CDL_PE,D,20191127,000000,7.3,7.3,7.2,7.2,0,0
CDL_PE,D,20191128,000000,7.4,7.4,7.2,7.2,0,0
CDL_PE,D,20191129,000000,7.3,7.3,7,7,0,0
CDL_PE,D,20191202,000000,7.1,7.1,7,7.1,0,0
CDL_PE,D,20191203,000000,7.1,7.1,6.9,6.9,0,0
CDL_PE,D,20191204,000000,7,7,6.9,6.9,0,0
CDL_PE,D,20191205,000000,6.9,6.9,6.9,6.9,0,0
CDL_PE,D,20191206,000000,6.9,7,6.9,7,0,0
CDL_PE,D,20191209,000000,7.1,7.1,6.8,7,0,0
CDL_PE,D,20191210,000000,7,7,7,7,0,0
CDL_PE,D,20191211,000000,6.9,6.9,6.9,6.9,0,0
CDL_PE,D,20191212,000000,7,7,6.8,7,0,0
CDL_PE,D,20191213,000000,7,7,6.8,6.9,0,0
CDL_PE,D,20191216,000000,6.9,7.2,6.9,7.2,0,0
CDL_PE,D,20191217,000000,7.4,7.5,7.3,7.4,0,0
CDL_PE,D,20191218,000000,7.4,8,7.3,8,0,0
CDL_PE,D,20191219,000000,8,8.1,7.8,8.1,0,0
CDL_PE,D,20191220,000000,8.1,8.1,7.8,7.8,0,0
CDL_PE,D,20191223,000000,8,8,7.8,8,0,0
CDL_PE,D,20191227,000000,7.9,8.2,7.7,8.2,0,0
CDL_PE,D,20191230,000000,8.2,8.9,8.2,8.6,0,0
CDL_PE,D,20200102,000000,8.7,8.7,8.3,8.6,0,0
CDL_PE,D,20200103,000000,8.6,8.6,8.3,8.5,0,0
CDL_PE,D,20200107,000000,8.5,8.5,8.5,8.5,0,0
CDL_PE,D,20200108,000000,8.5,8.5,8.1,8.2,0,0
CDL_PE,D,20200109,000000,7.9,8.2,7.9,8.2,0,0
CDL_PE,D,20200110,000000,8.1,8.3,8,8.3,0,0
CDL_PE,D,20200113,000000,8.4,8.4,8.1,8.2,0,0
CDL_PE,D,20200114,000000,8.3,8.3,8.1,8.3,0,0
CDL_PE,D,20200115,000000,8.4,8.4,8.3,8.3,0,0
CDL_PE,D,20200116,000000,8.4,8.4,8.1,8.2,0,0
CDL_PE,D,20200117,000000,8.3,8.3,8,8.1,0,0
CDL_PE,D,20200120,000000,8.2,8.2,7.7,7.7,0,0
CDL_PE,D,20200121,000000,7.8,7.8,7.6,7.7,0,0
CDL_PE,D,20200122,000000,7.8,7.8,7.6,7.7,0,0
CDL_PE,D,20200123,000000,7.7,7.7,7.6,7.7,0,0
CDL_PE,D,20200124,000000,7.7,7.8,7.7,7.7,0,0
CDL_PE,D,20200127,000000,7.6,7.7,7.4,7.4,0,0
CDL_PE,D,20200128,000000,7.5,7.5,7.4,7.5,0,0
CDL_PE,D,20200129,000000,7.7,7.7,7.5,7.5,0,0
CDL_PE,D,20200130,000000,7.6,7.6,7.5,7.5,0,0
CDL_PE,D,20200131,000000,7.6,7.6,7.4,7.4,0,0
CDL_PE,D,20200203,000000,7.4,7.4,6.9,6.9,0,0
CDL_PE,D,20200204,000000,7,7.2,6.9,6.9,0,0
CDL_PE,D,20200205,000000,7,7.1,6.8,6.9,0,0
CDL_PE,D,20200206,000000,7,7.3,7,7,0,0
CDL_PE,D,20200207,000000,7.1,7.8,7.1,7.5,0,0
CDL_PE,D,20200210,000000,7.5,7.5,7.2,7.2,0,0
CDL_PE,D,20200211,000000,7.2,7.4,7.2,7.2,0,0
CDL_PE,D,20200212,000000,7.3,7.3,7.2,7.2,0,0
CDL_PE,D,20200213,000000,7.2,7.2,7.1,7.2,0,0
CDL_PE,D,20200214,000000,7.2,7.2,7,7.1,0,0
CDL_PE,D,20200217,000000,7.3,7.3,7,7.1,0,0
CDL_PE,D,20200218,000000,7.2,7.2,6.9,7,0,0
CDL_PE,D,20200219,000000,7,7.2,7,7,0,0
CDL_PE,D,20200220,000000,7.1,7.2,7,7,0,0
CDL_PE,D,20200221,000000,7,7,7,7,0,0
CDL_PE,D,20200224,000000,7.1,7.1,6.5,6.8,0,0
CDL_PE,D,20200225,000000,6.5,6.7,6.5,6.6,0,0
CDL_PE,D,20200226,000000,6.6,6.6,6.1,6.3,0,0
CDL_PE,D,20200227,000000,6.4,6.6,6.2,6.2,0,0
CDL_PE,D,20200228,000000,6.2,6.2,5.4,5.9,0,0
CDL_PE,D,20200302,000000,5.7,5.9,5.6,5.9,0,0
CDL_PE,D,20200303,000000,6,6.4,6,6.2,0,0
CDL_PE,D,20200304,000000,6.4,6.4,5.9,6.2,0,0
CDL_PE,D,20200305,000000,6.2,6.2,5.9,6.1,0,0
CDL_PE,D,20200306,000000,6.1,6.1,5.9,5.9,0,0
CDL_PE,D,20200309,000000,5.8,5.8,5.3,5.3,0,0
CDL_PE,D,20200310,000000,5.2,5.6,5.1,5.5,0,0
CDL_PE,D,20200311,000000,5.7,5.7,4.9,5,0,0
CDL_PE,D,20200312,000000,3.7,4.8,3.7,4.2,0,0
CDL_PE,D,20200313,000000,4.2,4.6,4.2,4.3,0,0
CDL_PE,D,20200316,000000,4.3,4.3,3.5,3.7,0,0
CDL_PE,D,20200317,000000,3.7,3.9,3.6,3.7,0,0
CDL_PE,D,20200318,000000,3.8,4.1,3.8,4,0,0
CDL_PE,D,20200319,000000,3.9,4.2,3.8,3.8,0,0
CDL_PE,D,20200320,000000,3.8,4,3.8,4,0,0
CDL_PE,D,20200323,000000,4,4,3.6,3.8,0,0
CDL_PE,D,20200324,000000,4,4,3.9,3.9,0,0
CDL_PE,D,20200325,000000,4,4,3.8,4,0,0
CDL_PE,D,20200326,000000,4,4.5,4,4.5,0,0
CDL_PE,D,20200327,000000,4.6,5.5,4.1,5.5,0,0
CDL_PE,D,20200330,000000,5.5,5.5,5.2,5.2,0,0
CDL_PE,D,20200331,000000,5.3,5.7,5.1,5.7,0,0
CDL_PE,D,20200401,000000,5.7,5.8,5.7,5.8,0,0
CDL_PE,D,20200402,000000,5.8,5.8,5.2,5.2,0,0
CDL_PE,D,20200403,000000,5.4,5.4,5.1,5.2,0,0
CDL_PE,D,20200406,000000,5.2,5.5,5.2,5.4,0,0
CDL_PE,D,20200407,000000,5.5,5.8,5.4,5.8,0,0
CDL_PE,D,20200408,000000,5.9,6,5.6,6,0,0
CDL_PE,D,20200409,000000,6,6.2,6,6.2,0,0
CDL_PE,D,20200414,000000,6.2,6.8,6.2,6.7,0,0
CDL_PE,D,20200415,000000,7,7,6.6,6.7,0,0
CDL_PE,D,20200416,000000,6.7,6.7,6.5,6.5,0,0
CDL_PE,D,20200417,000000,6.7,6.7,6.2,6.3,0,0
CDL_PE,D,20200420,000000,6.3,6.3,5.9,6.1,0,0
CDL_PE,D,20200421,000000,6.2,6.3,5.8,5.8,0,0
CDL_PE,D,20200422,000000,5.8,6.2,5.8,6.2,0,0
CDL_PE,D,20200423,000000,6.2,6.6,6.2,6.6,0,0
CDL_PE,D,20200424,000000,6.6,6.6,6.6,6.6,0,0
CDL_PE,D,20200427,000000,6.6,6.6,6.3,6.5,0,0
CDL_PE,D,20200428,000000,6.5,6.5,6.4,6.5,0,0
CDL_PE,D,20200429,000000,6.5,7.4,6.5,7.2,0,0
CDL_PE,D,20200430,000000,7.7,7.7,7,7,0,0
CDL_PE,D,20200504,000000,7,7,6.6,6.7,0,0
CDL_PE,D,20200505,000000,6.7,6.7,6.6,6.6,0,0
CDL_PE,D,20200506,000000,6.6,6.8,6.6,6.7,0,0
CDL_PE,D,20200507,000000,6.8,6.8,6.6,6.6,0,0
CDL_PE,D,20200508,000000,6.6,6.7,6.6,6.7,0,0
CDL_PE,D,20200511,000000,6.8,6.8,6.7,6.7,0,0
CDL_PE,D,20200512,000000,6.9,6.9,6.8,6.8,0,0
CDL_PE,D,20200513,000000,6.8,6.8,6.6,6.7,0,0
CDL_PE,D,20200514,000000,6.8,6.8,6.5,6.5,0,0
CDL_PE,D,20200515,000000,6.8,6.8,6.4,6.6,0,0
CDL_PE,D,20200518,000000,6.6,6.6,6.2,6.2,0,0
CDL_PE,D,20200519,000000,6.2,6.3,6.2,6.3,0,0
CDL_PE,D,20200520,000000,6.3,6.4,6.2,6.4,0,0
CDL_PE,D,20200521,000000,6.4,6.4,6.2,6.2,0,0
CDL_PE,D,20200522,000000,6.2,6.2,6.2,6.2,0,0
CDL_PE,D,20200525,000000,6.2,6.3,6.1,6.1,0,0
CDL_PE,D,20200526,000000,6.2,6.2,6.1,6.1,0,0
CDL_PE,D,20200527,000000,6.1,6.3,6.1,6.3,0,0
CDL_PE,D,20200528,000000,6.3,6.8,6.3,6.8,0,0
CDL_PE,D,20200529,000000,6.8,7,6.8,7,0,0
CDL_PE,D,20200601,000000,7,7,6.7,6.7,0,0
CDL_PE,D,20200602,000000,7.3,7.3,7,7,0,0
CDL_PE,D,20200603,000000,7,7.3,7,7,0,0
CDL_PE,D,20200604,000000,7.2,7.2,7,7,0,0
CDL_PE,D,20200605,000000,7.2,7.3,7.2,7.2,0,0
CDL_PE,D,20200608,000000,7.2,7.2,6.7,6.9,0,0
CDL_PE,D,20200609,000000,6.9,7,6.8,7,0,0
CDL_PE,D,20200610,000000,7,7,6.9,6.9,0,0
CDL_PE,D,20200612,000000,6.8,6.9,6.8,6.9,0,0
CDL_PE,D,20200615,000000,6.9,6.9,6.8,6.8,0,0
CDL_PE,D,20200616,000000,6.8,6.9,6.8,6.9,0,0
CDL_PE,D,20200617,000000,7,7.6,6.9,7.1,0,0
CDL_PE,D,20200618,000000,7.1,7.1,6.7,6.8,0,0
CDL_PE,D,20200619,000000,7.1,7.1,6.7,6.7,0,0
CDL_PE,D,20200622,000000,6.7,6.7,6.7,6.7,0,0
CDL_PE,D,20200623,000000,7,7,6.3,6.4,0,0
CDL_PE,D,20200624,000000,6.4,6.4,6.4,6.4,0,0
CDL_PE,D,20200625,000000,6.4,6.6,6.3,6.3,0,0
CDL_PE,D,20200626,000000,6.3,6.3,6.3,6.3,0,0
CDL_PE,D,20200629,000000,6.4,6.4,6.3,6.4,0,0
CDL_PE,D,20200630,000000,6.3,6.4,6.3,6.4,0,0
CDL_PE,D,20200701,000000,6.2,6.4,6.2,6.4,0,0
CDL_PE,D,20200702,000000,6.6,6.6,6.6,6.6,0,0
CDL_PE,D,20200703,000000,6.5,6.5,6.5,6.5,0,0
CDL_PE,D,20200706,000000,6.4,6.5,6.3,6.5,0,0
CDL_PE,D,20200707,000000,6.5,6.5,6.2,6.2,0,0
CDL_PE,D,20200708,000000,6.2,6.2,6.1,6.1,0,0
CDL_PE,D,20200709,000000,6.1,6.2,6.1,6.1,0,0
CDL_PE,D,20200710,000000,6.1,6.1,6,6,0,0
CDL_PE,D,20200713,000000,6.2,6.2,6.2,6.2,0,0
CDL_PE,D,20200714,000000,6.2,6.2,6,6,0,0
CDL_PE,D,20200715,000000,6,6,5.9,5.9,0,0
CDL_PE,D,20200716,000000,6,6,5.9,5.9,0,0
CDL_PE,D,20200717,000000,5.8,6,5.8,6,0,0
CDL_PE,D,20200720,000000,6,6,6,6,0,0
CDL_PE,D,20200721,000000,5.9,5.9,5.8,5.8,0,0
CDL_PE,D,20200722,000000,5.9,6,5.7,6,0,0
CDL_PE,D,20200723,000000,6.2,6.2,6,6,0,0
CDL_PE,D,20200724,000000,6,6.3,6,6.3,0,0
CDL_PE,D,20200727,000000,6.3,6.3,6,6.1,0,0
