<TICKER>,<PER>,<DATE>,<TIME>,<OPEN>,<HIGH>,<LOW>,<CLOSE>,<VOL>,<OPENINT>
CLN_PE,D,20161201,000000,23.253,23.253,23.253,23.253,0,0
CLN_PE,D,20161202,000000,23.253,23.351,23.057,23.253,0,0
CLN_PE,D,20161205,000000,23.253,23.744,23.253,23.744,0,0
CLN_PE,D,20161206,000000,23.842,24.92,23.842,24.529,0,0
CLN_PE,D,20161207,000000,24.92,26.196,24.92,25.706,0,0
CLN_PE,D,20161208,000000,26.098,26.098,25.412,25.607,0,0
CLN_PE,D,20161209,000000,26,26,25.019,25.607,0,0
CLN_PE,D,20161212,000000,25.706,25.706,24.92,24.92,0,0
CLN_PE,D,20161213,000000,25.313,25.412,24.92,25.313,0,0
CLN_PE,D,20161214,000000,25.412,25.51,25.019,25.215,0,0
CLN_PE,D,20161215,000000,25.019,25.706,25.019,25.607,0,0
CLN_PE,D,20161216,000000,25.607,26,25.51,25.706,0,0
CLN_PE,D,20161219,000000,25.607,25.607,25.215,25.412,0,0
CLN_PE,D,20161220,000000,25.412,25.51,25.412,25.412,0,0
CLN_PE,D,20161221,000000,25.412,26,25.215,25.804,0,0
CLN_PE,D,20161222,000000,25.902,25.902,25.117,25.607,0,0
CLN_PE,D,20161223,000000,25.607,26,25.607,25.902,0,0
CLN_PE,D,20161227,000000,25.902,26,25.804,26,0,0
CLN_PE,D,20161228,000000,26,26,25.607,25.804,0,0
CLN_PE,D,20161229,000000,25.902,25.902,25.706,25.902,0,0
CLN_PE,D,20161230,000000,25.902,25.902,25.607,25.607,0,0
CLN_PE,D,20170102,000000,26.098,26.098,25.51,25.51,0,0
CLN_PE,D,20170103,000000,25.706,26.687,25.706,26.687,0,0
CLN_PE,D,20170104,000000,26.687,26.687,26.294,26.49,0,0
CLN_PE,D,20170105,000000,26.588,26.981,26.588,26.981,0,0
CLN_PE,D,20170109,000000,26.981,26.981,26.785,26.981,0,0
CLN_PE,D,20170110,000000,26.883,26.981,26.785,26.785,0,0
CLN_PE,D,20170111,000000,26.981,26.981,26.883,26.981,0,0
CLN_PE,D,20170112,000000,26.981,26.981,26.588,26.785,0,0
CLN_PE,D,20170113,000000,26.687,26.981,26.294,26.49,0,0
CLN_PE,D,20170116,000000,26.393,26.393,25.607,26.294,0,0
CLN_PE,D,20170117,000000,26.294,26.294,25.902,26.294,0,0
CLN_PE,D,20170118,000000,26.294,27.079,26.294,26.883,0,0
CLN_PE,D,20170119,000000,26.883,28.649,26.588,28.159,0,0
CLN_PE,D,20170120,000000,28.551,30.121,28.06,29.337,0,0
CLN_PE,D,20170123,000000,29.433,30.218,29.433,30.218,0,0
CLN_PE,D,20170124,000000,30.71,33.358,30.612,33.261,0,0
CLN_PE,D,20170125,000000,32.967,33.849,32.574,32.868,0,0
CLN_PE,D,20170126,000000,33.261,33.261,31.789,32.28,0,0
CLN_PE,D,20170127,000000,32.181,32.77,31.2,32.77,0,0
CLN_PE,D,20170130,000000,32.77,35.32,32.77,34.83,0,0
CLN_PE,D,20170131,000000,34.929,35.124,34.438,35.124,0,0
CLN_PE,D,20170201,000000,35.223,35.32,34.438,34.732,0,0
CLN_PE,D,20170202,000000,35.026,35.026,33.849,34.242,0,0
CLN_PE,D,20170203,000000,34.143,34.339,31.986,32.181,0,0
CLN_PE,D,20170206,000000,31.789,32.083,30.906,31.789,0,0
CLN_PE,D,20170207,000000,31.789,31.789,31.69,31.69,0,0
CLN_PE,D,20170208,000000,31.789,33.358,31.789,32.77,0,0
CLN_PE,D,20170209,000000,33.358,33.555,31.986,32.083,0,0
CLN_PE,D,20170210,000000,32.377,32.377,31.299,31.69,0,0
CLN_PE,D,20170213,000000,31.69,31.789,30.906,31.495,0,0
CLN_PE,D,20170214,000000,31.789,31.887,31.299,31.789,0,0
CLN_PE,D,20170215,000000,31.789,32.868,31.789,32.671,0,0
CLN_PE,D,20170216,000000,32.868,33.652,32.868,33.652,0,0
CLN_PE,D,20170217,000000,33.652,33.652,32.28,32.967,0,0
CLN_PE,D,20170220,000000,33.358,33.457,32.28,32.574,0,0
CLN_PE,D,20170221,000000,32.574,33.162,31.495,31.789,0,0
CLN_PE,D,20170222,000000,32.181,32.181,31.495,31.789,0,0
CLN_PE,D,20170223,000000,31.789,33.162,31.593,33.064,0,0
CLN_PE,D,20170224,000000,33.064,33.064,32.28,32.28,0,0
CLN_PE,D,20170227,000000,32.377,33.457,32.377,33.064,0,0
CLN_PE,D,20170228,000000,33.162,33.555,32.77,32.967,0,0
CLN_PE,D,20170301,000000,33.358,34.536,32.967,34.536,0,0
CLN_PE,D,20170302,000000,34.929,35.419,34.83,35.223,0,0
CLN_PE,D,20170303,000000,35.32,35.32,34.438,35.223,0,0
CLN_PE,D,20170306,000000,35.32,35.811,35.026,35.713,0,0
CLN_PE,D,20170307,000000,35.811,35.811,33.652,35.419,0,0
CLN_PE,D,20170308,000000,34.536,35.419,34.438,35.419,0,0
CLN_PE,D,20170309,000000,35.223,35.419,34.339,35.223,0,0
CLN_PE,D,20170310,000000,34.929,35.419,34.633,35.32,0,0
CLN_PE,D,20170313,000000,35.419,36.4,35.419,36.204,0,0
CLN_PE,D,20170314,000000,36.302,36.4,36.204,36.4,0,0
CLN_PE,D,20170315,000000,36.4,37.381,35.713,35.911,0,0
CLN_PE,D,20170316,000000,36.302,36.988,36.007,36.007,0,0
CLN_PE,D,20170317,000000,36.302,36.4,35.811,36.302,0,0
CLN_PE,D,20170320,000000,36.302,37.872,36.007,37.773,0,0
CLN_PE,D,20170321,000000,37.773,39.344,37.773,38.166,0,0
CLN_PE,D,20170322,000000,37.969,38.069,37.088,37.872,0,0
CLN_PE,D,20170323,000000,37.676,40.325,37.577,39.638,0,0
CLN_PE,D,20170324,000000,40.325,40.521,39.344,39.736,0,0
CLN_PE,D,20170327,000000,39.638,39.638,38.558,39.344,0,0
CLN_PE,D,20170328,000000,39.54,41.306,39.344,41.11,0,0
CLN_PE,D,20170329,000000,41.6,42.189,41.012,41.012,0,0
CLN_PE,D,20170330,000000,41.206,41.206,39.54,39.932,0,0
CLN_PE,D,20170331,000000,40.129,40.717,39.638,40.325,0,0
CLN_PE,D,20170403,000000,40.717,40.717,40.129,40.619,0,0
CLN_PE,D,20170404,000000,41.012,41.11,40.325,40.619,0,0
CLN_PE,D,20170405,000000,41.11,41.206,39.834,40.913,0,0
CLN_PE,D,20170406,000000,40.619,40.717,39.834,40.423,0,0
CLN_PE,D,20170407,000000,40.325,40.325,39.736,39.932,0,0
CLN_PE,D,20170410,000000,39.932,40.619,39.736,39.932,0,0
CLN_PE,D,20170411,000000,39.932,40.031,38.461,38.461,0,0
CLN_PE,D,20170412,000000,38.069,38.461,37.185,37.283,0,0
CLN_PE,D,20170413,000000,37.185,37.185,35.419,35.517,0,0
CLN_PE,D,20170418,000000,35.614,36.891,35.614,35.911,0,0
CLN_PE,D,20170419,000000,35.911,37.872,35.911,36.792,0,0
CLN_PE,D,20170420,000000,36.499,38.264,36.4,38.264,0,0
CLN_PE,D,20170421,000000,38.461,41.404,36.891,41.404,0,0
CLN_PE,D,20170424,000000,40.913,40.913,38.853,39.54,0,0
CLN_PE,D,20170425,000000,39.05,39.05,36.695,37.48,0,0
CLN_PE,D,20170426,000000,37.185,37.48,33.457,37.48,0,0
CLN_PE,D,20170427,000000,38.558,38.951,36.4,38.558,0,0
CLN_PE,D,20170428,000000,38.853,40.325,38.264,38.558,0,0
CLN_PE,D,20170502,000000,39.245,39.245,37.676,38.362,0,0
CLN_PE,D,20170504,000000,37.872,37.969,36.792,36.988,0,0
CLN_PE,D,20170505,000000,37.185,37.577,35.713,37.577,0,0
CLN_PE,D,20170508,000000,37.577,37.773,36.4,37.283,0,0
CLN_PE,D,20170509,000000,36.499,37.088,36.302,36.499,0,0
CLN_PE,D,20170510,000000,36.204,36.988,35.713,36.007,0,0
CLN_PE,D,20170511,000000,36.007,36.695,35.911,36.007,0,0
CLN_PE,D,20170512,000000,35.911,35.911,34.143,34.83,0,0
CLN_PE,D,20170515,000000,34.929,38.362,34.633,37.773,0,0
CLN_PE,D,20170516,000000,38.362,39.736,37.969,37.969,0,0
CLN_PE,D,20170517,000000,37.969,37.969,36.302,36.596,0,0
CLN_PE,D,20170518,000000,36.891,36.891,35.419,36.596,0,0
CLN_PE,D,20170519,000000,36.695,39.834,35.811,39.834,0,0
CLN_PE,D,20170522,000000,40.325,40.325,38.853,39.344,0,0
CLN_PE,D,20170523,000000,39.736,39.736,38.362,38.755,0,0
CLN_PE,D,20170524,000000,38.755,38.755,36.4,37.969,0,0
CLN_PE,D,20170525,000000,38.755,38.755,37.969,38.461,0,0
CLN_PE,D,20170526,000000,38.558,39.736,38.362,39.638,0,0
CLN_PE,D,20170529,000000,39.344,40.325,39.05,39.638,0,0
CLN_PE,D,20170530,000000,39.54,54.551,38.461,54.551,0,0
CLN_PE,D,20170531,000000,55.322,55.518,53.744,55.518,0,0
CLN_PE,D,20170601,000000,55.42,56.504,54.927,55.42,0,0
CLN_PE,D,20170602,000000,55.42,58.477,55.42,57.392,0,0
CLN_PE,D,20170605,000000,58.477,59.167,57.096,58.378,0,0
CLN_PE,D,20170606,000000,58.773,60.942,58.576,60.844,0,0
CLN_PE,D,20170607,000000,60.548,60.844,60.153,60.35,0,0
CLN_PE,D,20170608,000000,60.646,60.646,60.153,60.253,0,0
CLN_PE,D,20170609,000000,60.45,61.535,59.66,60.253,0,0
CLN_PE,D,20170612,000000,60.253,61.14,57.096,57.886,0,0
CLN_PE,D,20170613,000000,57.096,59.562,57.096,58.674,0,0
CLN_PE,D,20170614,000000,58.674,59.858,58.674,59.858,0,0
CLN_PE,D,20170616,000000,59.759,59.759,58.181,58.773,0,0
CLN_PE,D,20170619,000000,58.773,59.167,57.787,59.167,0,0
CLN_PE,D,20170620,000000,59.267,59.562,58.576,59.267,0,0
CLN_PE,D,20170621,000000,59.464,59.562,57.886,59.069,0,0
CLN_PE,D,20170622,000000,59.069,59.858,59.069,59.562,0,0
CLN_PE,D,20170623,000000,59.562,60.745,59.562,60.646,0,0
CLN_PE,D,20170626,000000,60.745,61.239,60.35,61.239,0,0
CLN_PE,D,20170627,000000,61.239,61.929,61.239,61.535,0,0
CLN_PE,D,20170628,000000,61.14,61.14,60.253,60.253,0,0
CLN_PE,D,20170629,000000,59.858,61.041,59.858,60.548,0,0
CLN_PE,D,20170630,000000,60.35,61.732,60.35,61.535,0,0
CLN_PE,D,20170703,000000,60.942,61.535,60.253,60.253,0,0
CLN_PE,D,20170704,000000,60.253,60.35,58.477,58.872,0,0
CLN_PE,D,20170705,000000,58.872,58.872,56.604,57.096,0,0
CLN_PE,D,20170706,000000,57.687,60.35,57.096,59.957,0,0
CLN_PE,D,20170707,000000,59.167,60.45,59.167,59.759,0,0
CLN_PE,D,20170710,000000,59.759,60.844,59.759,60.745,0,0
CLN_PE,D,20170711,000000,60.745,60.745,58.971,58.971,0,0
CLN_PE,D,20170712,000000,60.153,60.153,57.886,59.562,0,0
CLN_PE,D,20170713,000000,60.055,60.35,59.562,60.35,0,0
CLN_PE,D,20170714,000000,60.745,61.041,59.858,60.942,0,0
CLN_PE,D,20170717,000000,59.759,61.14,59.069,61.041,0,0
CLN_PE,D,20170718,000000,61.041,62.323,60.844,60.844,0,0
CLN_PE,D,20170719,000000,60.844,60.844,60.153,60.844,0,0
CLN_PE,D,20170720,000000,61.14,62.126,61.14,61.732,0,0
CLN_PE,D,20170721,000000,61.632,61.632,60.055,60.548,0,0
CLN_PE,D,20170724,000000,59.858,61.14,59.562,60.153,0,0
CLN_PE,D,20170725,000000,60.153,60.153,57.49,57.787,0,0
CLN_PE,D,20170726,000000,57.787,59.66,57.294,58.971,0,0
CLN_PE,D,20170727,000000,58.773,60.253,58.773,59.858,0,0
CLN_PE,D,20170728,000000,58.674,60.153,58.378,59.562,0,0
CLN_PE,D,20170731,000000,59.364,59.562,58.378,59.562,0,0
CLN_PE,D,20170801,000000,58.872,60.055,57.886,59.562,0,0
CLN_PE,D,20170802,000000,60.055,60.055,56.801,57.096,0,0
CLN_PE,D,20170803,000000,57.096,57.096,55.026,56.308,0,0
CLN_PE,D,20170804,000000,56.11,58.378,55.518,58.281,0,0
CLN_PE,D,20170807,000000,58.281,58.378,57.49,58.281,0,0
CLN_PE,D,20170808,000000,57.392,57.984,56.406,57.687,0,0
CLN_PE,D,20170809,000000,57.59,57.787,55.124,56.308,0,0
CLN_PE,D,20170810,000000,56.209,58.083,55.618,58.083,0,0
CLN_PE,D,20170811,000000,58.083,58.378,56.702,56.899,0,0
CLN_PE,D,20170814,000000,56.308,56.899,55.518,56.604,0,0
CLN_PE,D,20170816,000000,56.209,56.998,55.518,56.998,0,0
CLN_PE,D,20170817,000000,57.096,57.49,55.913,57.294,0,0
CLN_PE,D,20170818,000000,57.096,57.294,56.209,57.195,0,0
CLN_PE,D,20170821,000000,57.294,59.364,57.294,59.267,0,0
CLN_PE,D,20170822,000000,59.364,62.027,59.364,62.027,0,0
CLN_PE,D,20170823,000000,62.027,62.323,60.844,61.83,0,0
CLN_PE,D,20170824,000000,61.632,62.422,61.632,61.83,0,0
CLN_PE,D,20170825,000000,61.83,62.225,61.632,62.225,0,0
CLN_PE,D,20170828,000000,62.323,62.816,61.632,61.83,0,0
CLN_PE,D,20170829,000000,61.83,62.027,59.858,61.535,0,0
CLN_PE,D,20170830,000000,61.535,62.027,61.535,61.535,0,0
CLN_PE,D,20170831,000000,61.83,61.83,60.35,61.436,0,0
CLN_PE,D,20170901,000000,61.535,61.535,59.957,60.35,0,0
CLN_PE,D,20170904,000000,61.041,61.041,59.267,59.267,0,0
CLN_PE,D,20170905,000000,59.069,59.069,58.083,58.477,0,0
CLN_PE,D,20170906,000000,58.477,60.45,58.477,59.66,0,0
CLN_PE,D,20170907,000000,60.745,60.745,58.872,58.872,0,0
CLN_PE,D,20170908,000000,60.253,60.646,59.957,60.35,0,0
CLN_PE,D,20170911,000000,60.844,60.844,59.562,60.844,0,0
CLN_PE,D,20170912,000000,60.844,60.844,59.562,59.562,0,0
CLN_PE,D,20170913,000000,59.562,59.562,58.872,58.872,0,0
CLN_PE,D,20170914,000000,59.759,60.548,58.971,59.069,0,0
CLN_PE,D,20170915,000000,59.562,59.562,57.984,57.984,0,0
CLN_PE,D,20170918,000000,57.984,58.378,57.886,57.886,0,0
CLN_PE,D,20170919,000000,57.787,58.773,57.787,58.773,0,0
CLN_PE,D,20170920,000000,59.562,59.759,58.378,59.364,0,0
CLN_PE,D,20170921,000000,57.195,58.576,55.815,55.815,0,0
CLN_PE,D,20170922,000000,56.012,56.209,55.815,56.012,0,0
CLN_PE,D,20170925,000000,56.11,57.59,56.11,57.59,0,0
CLN_PE,D,20170926,000000,57.294,57.392,56.504,57.392,0,0
CLN_PE,D,20170927,000000,57.392,57.392,56.406,57.096,0,0
CLN_PE,D,20170928,000000,57.096,57.096,57.096,57.096,0,0
CLN_PE,D,20170929,000000,57.096,57.096,57.096,57.096,0,0
CLN_PE,D,20171002,000000,57.096,57.096,54.039,54.336,0,0
CLN_PE,D,20171003,000000,54.236,54.532,54.039,54.236,0,0
CLN_PE,D,20171004,000000,53.941,54.039,53.152,53.152,0,0
CLN_PE,D,20171005,000000,52.955,52.955,50.785,52.659,0,0
CLN_PE,D,20171006,000000,52.659,52.659,51.87,52.166,0,0
CLN_PE,D,20171009,000000,51.772,52.955,49.601,49.601,0,0
CLN_PE,D,20171010,000000,49.601,51.87,49.208,50.292,0,0
CLN_PE,D,20171011,000000,50.884,50.884,50.292,50.587,0,0
CLN_PE,D,20171012,000000,51.081,52.659,51.081,52.659,0,0
CLN_PE,D,20171013,000000,52.264,52.264,50.587,50.884,0,0
CLN_PE,D,20171016,000000,51.377,51.377,50.884,51.18,0,0
CLN_PE,D,20171017,000000,50.884,51.18,50.292,51.18,0,0
CLN_PE,D,20171018,000000,50.49,51.278,49.799,50.391,0,0
CLN_PE,D,20171019,000000,51.18,51.18,48.419,48.813,0,0
CLN_PE,D,20171020,000000,48.813,49.01,47.926,48.615,0,0
CLN_PE,D,20171023,000000,48.32,51.772,48.32,50.587,0,0
CLN_PE,D,20171024,000000,50.884,51.772,49.306,51.377,0,0
CLN_PE,D,20171025,000000,51.081,54.632,51.081,54.336,0,0
CLN_PE,D,20171026,000000,54.434,54.434,52.166,52.166,0,0
CLN_PE,D,20171027,000000,52.166,53.053,52.166,52.955,0,0
CLN_PE,D,20171030,000000,52.955,54.236,51.081,51.081,0,0
CLN_PE,D,20171031,000000,51.377,52.758,50.194,52.758,0,0
CLN_PE,D,20171102,000000,52.659,52.659,51.377,52.462,0,0
CLN_PE,D,20171103,000000,52.56,52.659,50.49,52.264,0,0
CLN_PE,D,20171106,000000,52.264,52.56,50.982,51.081,0,0
CLN_PE,D,20171107,000000,51.377,51.377,50.194,50.587,0,0
CLN_PE,D,20171108,000000,50.49,50.587,48.715,49.405,0,0
CLN_PE,D,20171109,000000,48.912,49.701,48.912,49.01,0,0
CLN_PE,D,20171110,000000,48.615,49.601,46.94,48.122,0,0
CLN_PE,D,20171113,000000,48.122,48.222,46.545,47.433,0,0
CLN_PE,D,20171114,000000,46.742,47.433,46.052,46.742,0,0
CLN_PE,D,20171115,000000,47.333,47.333,46.347,46.841,0,0
CLN_PE,D,20171116,000000,45.855,57.787,43.685,57.787,0,0
CLN_PE,D,20171117,000000,58.181,59.167,57.787,59.167,0,0
CLN_PE,D,20171120,000000,59.66,62.225,59.167,62.225,0,0
CLN_PE,D,20171121,000000,62.225,63.112,61.239,61.239,0,0
CLN_PE,D,20171122,000000,61.732,61.732,60.055,60.055,0,0
CLN_PE,D,20171123,000000,60.055,60.942,59.858,59.858,0,0
CLN_PE,D,20171124,000000,59.858,60.646,59.464,60.253,0,0
CLN_PE,D,20171127,000000,60.253,60.253,58.773,59.464,0,0
CLN_PE,D,20171128,000000,59.464,62.323,59.069,62.225,0,0
CLN_PE,D,20171129,000000,61.632,64.196,61.632,63.211,0,0
CLN_PE,D,20171130,000000,63.604,63.802,60.253,60.253,0,0
CLN_PE,D,20171201,000000,62.126,62.126,61.239,61.239,0,0
CLN_PE,D,20171204,000000,61.929,61.929,57.984,58.181,0,0
CLN_PE,D,20171205,000000,58.281,61.041,56.406,60.253,0,0
CLN_PE,D,20171206,000000,60.253,60.253,57.49,57.49,0,0
CLN_PE,D,20171207,000000,57.984,59.858,57.984,59.267,0,0
CLN_PE,D,20171208,000000,58.477,60.844,58.477,60.745,0,0
CLN_PE,D,20171211,000000,60.745,61.337,59.957,61.239,0,0
CLN_PE,D,20171212,000000,61.239,61.535,60.844,61.535,0,0
CLN_PE,D,20171213,000000,61.632,62.915,61.632,62.816,0,0
CLN_PE,D,20171214,000000,63.999,65.479,63.802,64.395,0,0
CLN_PE,D,20171215,000000,65.084,68.141,65.084,66.267,0,0
CLN_PE,D,20171218,000000,65.972,67.155,64.196,64.196,0,0
CLN_PE,D,20171219,000000,65.381,68.043,64.196,67.353,0,0
CLN_PE,D,20171220,000000,68.043,68.93,67.846,68.93,0,0
CLN_PE,D,20171221,000000,68.93,71.001,66.563,66.563,0,0
CLN_PE,D,20171222,000000,66.662,70.409,66.563,69.621,0,0
CLN_PE,D,20171227,000000,69.621,71.395,66.169,66.267,0,0
CLN_PE,D,20171228,000000,70.113,72.086,67.45,70.311,0,0
CLN_PE,D,20171229,000000,67.253,71.889,67.253,71.889,0,0
CLN_PE,D,20180103,000000,71.298,71.593,70.015,70.015,0,0
CLN_PE,D,20180104,000000,71.79,71.79,68.635,68.635,0,0
CLN_PE,D,20180105,000000,70.705,70.705,68.635,68.635,0,0
CLN_PE,D,20180108,000000,68.24,69.718,67.45,67.45,0,0
CLN_PE,D,20180109,000000,67.45,68.93,66.563,68.24,0,0
CLN_PE,D,20180110,000000,68.24,69.226,67.747,68.24,0,0
CLN_PE,D,20180111,000000,69.029,69.127,66.958,67.549,0,0
CLN_PE,D,20180112,000000,67.649,70.705,67.649,70.015,0,0
CLN_PE,D,20180115,000000,70.507,71.987,70.507,71.987,0,0
CLN_PE,D,20180116,000000,71.987,71.987,70.311,71.1,0,0
CLN_PE,D,20180117,000000,71.1,71.1,69.325,69.423,0,0
CLN_PE,D,20180118,000000,70.015,70.212,67.846,68.043,0,0
CLN_PE,D,20180119,000000,68.24,70.113,68.24,69.621,0,0
CLN_PE,D,20180122,000000,69.521,69.521,66.958,67.846,0,0
CLN_PE,D,20180123,000000,67.649,68.141,65.873,67.846,0,0
CLN_PE,D,20180124,000000,67.846,68.733,67.846,68.437,0,0
CLN_PE,D,20180125,000000,68.635,68.733,66.859,68.733,0,0
CLN_PE,D,20180126,000000,68.635,68.733,67.353,67.353,0,0
CLN_PE,D,20180129,000000,68.437,68.437,67.649,68.24,0,0
CLN_PE,D,20180130,000000,68.437,68.733,66.464,66.464,0,0
CLN_PE,D,20180131,000000,66.464,67.056,65.873,65.873,0,0
CLN_PE,D,20180201,000000,66.267,66.267,64.69,65.479,0,0
CLN_PE,D,20180202,000000,64.591,66.169,63.309,63.802,0,0
CLN_PE,D,20180205,000000,63.211,67.056,62.618,65.281,0,0
CLN_PE,D,20180206,000000,60.253,63.901,60.253,63.704,0,0
CLN_PE,D,20180207,000000,64.591,67.253,64.591,66.464,0,0
CLN_PE,D,20180208,000000,66.859,66.859,63.211,64.196,0,0
CLN_PE,D,20180209,000000,62.816,64.196,61.83,62.225,0,0
CLN_PE,D,20180212,000000,62.422,64.196,61.929,61.929,0,0
CLN_PE,D,20180213,000000,62.225,63.802,62.225,63.211,0,0
CLN_PE,D,20180214,000000,63.704,65.381,62.521,64.098,0,0
CLN_PE,D,20180215,000000,65.183,65.183,63.408,64.196,0,0
CLN_PE,D,20180216,000000,64.196,65.183,64.196,65.084,0,0
CLN_PE,D,20180219,000000,65.577,65.577,64.098,65.479,0,0
CLN_PE,D,20180220,000000,65.479,68.043,65.084,66.859,0,0
CLN_PE,D,20180221,000000,67.747,68.043,66.859,67.353,0,0
CLN_PE,D,20180222,000000,67.253,67.253,65.873,66.464,0,0
CLN_PE,D,20180223,000000,66.464,67.649,66.464,66.464,0,0
CLN_PE,D,20180226,000000,67.45,67.846,64.493,64.493,0,0
CLN_PE,D,20180227,000000,64.986,65.775,64.395,64.69,0,0
CLN_PE,D,20180228,000000,64.591,64.69,62.225,62.816,0,0
CLN_PE,D,20180301,000000,62.618,63.211,60.35,61.337,0,0
CLN_PE,D,20180302,000000,61.337,61.732,59.858,61.041,0,0
CLN_PE,D,20180305,000000,61.041,61.732,58.378,60.745,0,0
CLN_PE,D,20180306,000000,61.239,62.816,60.745,62.718,0,0
CLN_PE,D,20180307,000000,62.618,66.267,59.759,63.802,0,0
CLN_PE,D,20180308,000000,64.986,64.986,63.211,63.408,0,0
CLN_PE,D,20180309,000000,62.422,63.309,61.436,62.718,0,0
CLN_PE,D,20180312,000000,62.225,63.211,60.646,61.239,0,0
CLN_PE,D,20180313,000000,61.14,62.027,60.646,62.027,0,0
CLN_PE,D,20180314,000000,60.844,62.718,60.844,62.422,0,0
CLN_PE,D,20180315,000000,62.422,62.718,61.239,62.225,0,0
CLN_PE,D,20180316,000000,62.323,62.618,61.041,62.225,0,0
CLN_PE,D,20180319,000000,61.632,62.126,60.646,60.646,0,0
CLN_PE,D,20180320,000000,61.239,62.126,60.253,61.535,0,0
CLN_PE,D,20180321,000000,61.535,62.027,60.45,60.745,0,0
CLN_PE,D,20180322,000000,60.844,62.718,59.957,61.239,0,0
CLN_PE,D,20180323,000000,61.83,61.83,60.055,60.548,0,0
CLN_PE,D,20180326,000000,60.253,61.041,59.464,59.464,0,0
CLN_PE,D,20180327,000000,60.253,61.83,59.957,60.844,0,0
CLN_PE,D,20180328,000000,60.253,60.253,56.998,58.378,0,0
CLN_PE,D,20180329,000000,58.181,59.759,57.984,59.464,0,0
CLN_PE,D,20180403,000000,59.66,60.253,58.181,58.181,0,0
CLN_PE,D,20180404,000000,58.181,59.167,57.787,58.674,0,0
CLN_PE,D,20180405,000000,58.181,59.759,58.181,59.562,0,0
CLN_PE,D,20180406,000000,59.464,59.66,58.872,59.069,0,0
CLN_PE,D,20180409,000000,58.872,59.957,58.872,59.957,0,0
CLN_PE,D,20180410,000000,60.153,61.239,60.153,61.14,0,0
CLN_PE,D,20180411,000000,61.14,62.225,60.745,62.225,0,0
CLN_PE,D,20180412,000000,61.732,62.816,61.14,61.14,0,0
CLN_PE,D,20180413,000000,61.83,61.83,60.548,60.844,0,0
CLN_PE,D,20180416,000000,60.646,61.14,60.35,60.844,0,0
CLN_PE,D,20180417,000000,60.253,60.35,51.772,51.772,0,0
CLN_PE,D,20180418,000000,51.969,51.969,51.476,51.673,0,0
CLN_PE,D,20180419,000000,51.673,52.659,51.377,52.364,0,0
CLN_PE,D,20180420,000000,51.772,52.364,51.574,51.969,0,0
CLN_PE,D,20180423,000000,51.772,52.462,51.772,52.364,0,0
CLN_PE,D,20180424,000000,52.067,52.462,51.772,51.969,0,0
CLN_PE,D,20180425,000000,51.969,52.659,51.377,51.969,0,0
CLN_PE,D,20180426,000000,51.969,52.955,50.884,51.969,0,0
CLN_PE,D,20180427,000000,51.969,52.955,51.574,52.955,0,0
CLN_PE,D,20180430,000000,52.955,53.25,51.969,53.152,0,0
CLN_PE,D,20180502,000000,53.152,53.152,51.772,52.758,0,0
CLN_PE,D,20180504,000000,53.053,53.053,51.969,52.364,0,0
CLN_PE,D,20180507,000000,52.067,52.067,50.884,51.673,0,0
CLN_PE,D,20180508,000000,51.081,51.673,49.996,51.673,0,0
CLN_PE,D,20180509,000000,51.476,51.476,50.292,51.081,0,0
CLN_PE,D,20180510,000000,51.18,51.278,50.095,50.785,0,0
CLN_PE,D,20180511,000000,51.18,51.18,49.405,50.095,0,0
CLN_PE,D,20180514,000000,49.996,50.687,48.813,50.587,0,0
CLN_PE,D,20180515,000000,50.587,50.587,49.996,50.194,0,0
CLN_PE,D,20180516,000000,50.687,52.067,46.545,46.545,0,0
CLN_PE,D,20180517,000000,47.136,47.136,45.756,46.545,0,0
CLN_PE,D,20180518,000000,47.136,47.136,45.954,46.643,0,0
CLN_PE,D,20180521,000000,46.841,46.841,44.474,45.756,0,0
CLN_PE,D,20180522,000000,44.968,47.038,44.968,45.756,0,0
CLN_PE,D,20180523,000000,45.164,46.447,44.968,45.756,0,0
CLN_PE,D,20180524,000000,46.742,48.715,46.545,48.122,0,0
CLN_PE,D,20180525,000000,48.615,50.194,48.615,49.405,0,0
CLN_PE,D,20180528,000000,49.405,49.405,47.236,49.306,0,0
CLN_PE,D,20180529,000000,49.109,50.095,47.236,49.701,0,0
CLN_PE,D,20180530,000000,48.912,49.306,48.32,48.912,0,0
CLN_PE,D,20180601,000000,48.615,48.615,46.94,46.94,0,0
CLN_PE,D,20180604,000000,47.038,47.531,46.643,46.643,0,0
CLN_PE,D,20180605,000000,46.643,47.926,46.052,47.827,0,0
CLN_PE,D,20180606,000000,48.615,48.615,47.236,47.827,0,0
CLN_PE,D,20180607,000000,47.629,48.024,46.94,46.94,0,0
CLN_PE,D,20180608,000000,46.94,48.813,46.94,48.813,0,0
CLN_PE,D,20180611,000000,49.844,49.844,48.654,48.951,0,0
CLN_PE,D,20180612,000000,49.249,49.249,47.565,48.259,0,0
CLN_PE,D,20180613,000000,47.663,48.951,47.663,48.357,0,0
CLN_PE,D,20180614,000000,47.763,49.942,47.763,49.15,0,0
CLN_PE,D,20180615,000000,48.853,49.942,48.654,49.942,0,0
CLN_PE,D,20180618,000000,49.645,49.942,48.654,49.942,0,0
CLN_PE,D,20180619,000000,49.942,49.942,49.15,49.942,0,0
CLN_PE,D,20180620,000000,49.942,51.727,49.942,50.537,0,0
CLN_PE,D,20180621,000000,50.537,50.537,49.745,50.339,0,0
CLN_PE,D,20180622,000000,49.447,50.537,48.951,49.942,0,0
CLN_PE,D,20180625,000000,49.348,50.339,48.357,48.357,0,0
CLN_PE,D,20180626,000000,49.15,49.15,46.474,46.474,0,0
CLN_PE,D,20180627,000000,46.474,47.465,46.277,46.772,0,0
CLN_PE,D,20180628,000000,47.366,50.636,47.366,49.844,0,0
CLN_PE,D,20180629,000000,49.844,51.924,48.853,51.924,0,0
CLN_PE,D,20180702,000000,51.727,51.727,50.636,50.636,0,0
CLN_PE,D,20180703,000000,50.736,52.42,50.736,52.321,0,0
CLN_PE,D,20180704,000000,52.321,53.906,52.024,53.312,0,0
CLN_PE,D,20180705,000000,53.411,54.699,52.718,52.915,0,0
CLN_PE,D,20180706,000000,52.915,53.708,49.547,50.24,0,0
CLN_PE,D,20180709,000000,50.537,51.132,48.951,50.141,0,0
CLN_PE,D,20180710,000000,49.348,51.033,49.348,50.736,0,0
CLN_PE,D,20180711,000000,50.636,50.835,49.645,50.736,0,0
CLN_PE,D,20180712,000000,50.24,50.537,49.348,49.942,0,0
CLN_PE,D,20180713,000000,49.942,50.141,48.951,49.447,0,0
CLN_PE,D,20180716,000000,49.844,50.438,48.853,49.645,0,0
CLN_PE,D,20180717,000000,50.24,54.402,50.24,54.203,0,0
CLN_PE,D,20180718,000000,54.203,54.203,52.519,52.718,0,0
CLN_PE,D,20180719,000000,52.222,53.015,51.528,52.321,0,0
CLN_PE,D,20180720,000000,52.915,53.114,52.321,52.915,0,0
CLN_PE,D,20180723,000000,53.114,53.114,52.321,52.718,0,0
CLN_PE,D,20180724,000000,52.718,52.718,51.727,51.826,0,0
CLN_PE,D,20180725,000000,52.42,52.42,51.33,52.222,0,0
CLN_PE,D,20180726,000000,51.727,51.727,50.835,51.132,0,0
CLN_PE,D,20180727,000000,51.132,53.114,51.132,53.114,0,0
CLN_PE,D,20180730,000000,53.015,53.015,51.826,52.123,0,0
CLN_PE,D,20180731,000000,52.321,52.42,51.033,52.222,0,0
CLN_PE,D,20180801,000000,52.321,52.42,51.826,52.321,0,0
CLN_PE,D,20180802,000000,51.826,52.321,51.33,52.222,0,0
CLN_PE,D,20180803,000000,52.222,52.618,51.627,51.826,0,0
CLN_PE,D,20180806,000000,51.826,53.708,51.627,53.114,0,0
CLN_PE,D,20180807,000000,53.708,56.879,53.114,55.988,0,0
CLN_PE,D,20180808,000000,56.285,56.285,54.997,55.591,0,0
CLN_PE,D,20180809,000000,55.591,55.591,55.095,55.294,0,0
CLN_PE,D,20180810,000000,54.997,54.997,54.303,54.402,0,0
CLN_PE,D,20180813,000000,54.6,54.6,52.915,52.915,0,0
CLN_PE,D,20180814,000000,52.915,53.906,51.924,52.321,0,0
CLN_PE,D,20180816,000000,52.321,53.906,52.321,52.321,0,0
CLN_PE,D,20180817,000000,52.519,52.519,49.249,49.745,0,0
CLN_PE,D,20180820,000000,51.528,51.528,49.447,51.528,0,0
CLN_PE,D,20180821,000000,51.924,53.708,50.141,50.736,0,0
CLN_PE,D,20180822,000000,49.942,54.203,49.942,53.906,0,0
CLN_PE,D,20180823,000000,52.321,53.609,52.321,52.321,0,0
CLN_PE,D,20180824,000000,51.826,51.826,50.636,50.636,0,0
CLN_PE,D,20180827,000000,50.438,51.231,49.942,50.141,0,0
CLN_PE,D,20180828,000000,49.942,53.708,49.942,53.51,0,0
CLN_PE,D,20180829,000000,53.015,53.807,52.123,53.708,0,0
CLN_PE,D,20180830,000000,54.402,54.402,52.718,53.213,0,0
CLN_PE,D,20180831,000000,52.816,55.988,51.429,55.492,0,0
CLN_PE,D,20180903,000000,55.492,55.988,52.519,52.519,0,0
CLN_PE,D,20180904,000000,53.906,54.699,52.618,52.718,0,0
CLN_PE,D,20180905,000000,53.411,53.708,52.718,53.213,0,0
CLN_PE,D,20180906,000000,52.618,53.114,52.42,52.519,0,0
CLN_PE,D,20180907,000000,52.519,53.51,52.42,53.015,0,0
CLN_PE,D,20180910,000000,52.42,53.015,52.024,52.321,0,0
CLN_PE,D,20180911,000000,52.816,53.015,51.528,52.42,0,0
CLN_PE,D,20180912,000000,52.816,52.816,51.826,52.618,0,0
CLN_PE,D,20180913,000000,53.609,53.609,52.42,53.51,0,0
CLN_PE,D,20180914,000000,53.708,54.997,53.708,53.906,0,0
CLN_PE,D,20180917,000000,54.6,54.6,53.213,53.213,0,0
CLN_PE,D,20180918,000000,53.213,53.906,53.015,53.906,0,0
CLN_PE,D,20180919,000000,53.906,53.906,53.114,53.114,0,0
CLN_PE,D,20180920,000000,53.015,53.708,52.519,53.114,0,0
CLN_PE,D,20180921,000000,53.114,53.807,52.321,53.312,0,0
CLN_PE,D,20180924,000000,53.51,53.51,51.727,52.024,0,0
CLN_PE,D,20180925,000000,52.915,53.807,52.321,53.51,0,0
CLN_PE,D,20180926,000000,53.708,54.997,52.123,54.997,0,0
CLN_PE,D,20180927,000000,54.006,55.393,53.609,53.708,0,0
CLN_PE,D,20180928,000000,55.194,55.294,54.402,54.798,0,0
CLN_PE,D,20181001,000000,55.294,55.294,53.609,55.294,0,0
CLN_PE,D,20181002,000000,55.294,55.69,55.194,55.294,0,0
CLN_PE,D,20181003,000000,55.492,55.492,55.194,55.294,0,0
CLN_PE,D,20181004,000000,55.294,55.294,54.501,55.294,0,0
CLN_PE,D,20181005,000000,54.6,54.897,54.105,54.897,0,0
CLN_PE,D,20181008,000000,54.897,54.897,54.105,54.699,0,0
CLN_PE,D,20181009,000000,54.699,54.699,53.411,53.906,0,0
CLN_PE,D,20181010,000000,54.006,54.105,52.222,52.222,0,0
CLN_PE,D,20181011,000000,51.528,52.816,49.249,51.033,0,0
CLN_PE,D,20181012,000000,49.844,51.132,49.844,50.24,0,0
CLN_PE,D,20181015,000000,50.24,51.924,50.042,51.924,0,0
CLN_PE,D,20181016,000000,51.033,51.924,51.033,51.924,0,0
CLN_PE,D,20181017,000000,51.528,51.924,51.033,51.132,0,0
CLN_PE,D,20181018,000000,51.727,51.727,50.636,51.132,0,0
CLN_PE,D,20181019,000000,49.547,51.033,49.447,49.745,0,0
CLN_PE,D,20181022,000000,49.547,49.745,48.951,49.15,0,0
CLN_PE,D,20181023,000000,48.951,50.537,48.654,48.951,0,0
CLN_PE,D,20181024,000000,48.951,50.141,48.259,49.15,0,0
CLN_PE,D,20181025,000000,47.96,48.159,46.969,47.366,0,0
CLN_PE,D,20181026,000000,47.663,48.754,47.168,47.862,0,0
CLN_PE,D,20181029,000000,47.96,48.654,47.168,47.763,0,0
CLN_PE,D,20181030,000000,48.06,48.06,47.268,47.763,0,0
CLN_PE,D,20181031,000000,48.06,48.357,47.565,48.357,0,0
CLN_PE,D,20181102,000000,48.853,50.537,48.556,49.745,0,0
CLN_PE,D,20181105,000000,49.645,49.645,48.654,48.754,0,0
CLN_PE,D,20181106,000000,48.654,48.754,48.06,48.06,0,0
CLN_PE,D,20181107,000000,47.862,48.951,47.862,48.951,0,0
CLN_PE,D,20181108,000000,49.745,50.537,48.456,48.853,0,0
CLN_PE,D,20181109,000000,48.754,49.249,48.159,48.951,0,0
CLN_PE,D,20181113,000000,48.159,48.654,47.366,48.654,0,0
CLN_PE,D,20181114,000000,48.654,49.348,47.96,48.951,0,0
CLN_PE,D,20181115,000000,50.537,50.933,45.186,45.186,0,0
CLN_PE,D,20181116,000000,46.277,46.277,43.998,44.989,0,0
CLN_PE,D,20181119,000000,44.79,44.989,43.007,43.105,0,0
CLN_PE,D,20181120,000000,43.601,44.79,43.007,44.295,0,0
CLN_PE,D,20181121,000000,43.502,44.79,43.502,44.79,0,0
CLN_PE,D,20181122,000000,44.69,46.177,44.69,45.186,0,0
CLN_PE,D,20181123,000000,45.781,45.979,45.781,45.88,0,0
CLN_PE,D,20181126,000000,46.277,46.574,45.087,46.177,0,0
CLN_PE,D,20181127,000000,46.375,47.268,46.375,46.871,0,0
CLN_PE,D,20181128,000000,47.168,47.268,45.781,47.069,0,0
CLN_PE,D,20181129,000000,47.069,47.366,46.574,47.366,0,0
CLN_PE,D,20181130,000000,47.366,47.862,47.366,47.366,0,0
CLN_PE,D,20181203,000000,47.565,47.96,47.565,47.96,0,0
CLN_PE,D,20181204,000000,47.168,49.15,47.168,49.15,0,0
CLN_PE,D,20181205,000000,49.249,49.249,48.259,48.357,0,0
CLN_PE,D,20181206,000000,48.556,49.547,47.268,48.853,0,0
CLN_PE,D,20181207,000000,48.853,49.348,48.259,49.249,0,0
CLN_PE,D,20181210,000000,47.862,48.754,46.969,48.654,0,0
CLN_PE,D,20181211,000000,48.654,48.754,47.069,48.654,0,0
CLN_PE,D,20181212,000000,48.556,48.853,47.366,48.853,0,0
CLN_PE,D,20181213,000000,48.853,49.348,48.259,48.357,0,0
CLN_PE,D,20181214,000000,48.357,48.853,47.465,48.06,0,0
CLN_PE,D,20181217,000000,47.96,48.853,47.862,48.357,0,0
CLN_PE,D,20181218,000000,47.862,48.556,47.268,47.763,0,0
CLN_PE,D,20181219,000000,47.862,47.96,46.772,47.168,0,0
CLN_PE,D,20181220,000000,46.871,47.069,45.979,46.474,0,0
CLN_PE,D,20181221,000000,46.474,46.969,45.583,46.772,0,0
CLN_PE,D,20181227,000000,46.969,48.159,45.979,47.96,0,0
CLN_PE,D,20181228,000000,46.871,47.366,46.871,46.969,0,0
CLN_PE,D,20190102,000000,46.574,46.871,46.177,46.772,0,0
CLN_PE,D,20190103,000000,46.277,46.574,46.177,46.574,0,0
CLN_PE,D,20190104,000000,46.078,46.574,45.979,46.474,0,0
CLN_PE,D,20190107,000000,46.474,46.474,44.592,45.781,0,0
CLN_PE,D,20190108,000000,44.989,45.979,44.889,44.989,0,0
CLN_PE,D,20190109,000000,45.384,45.384,44.989,45.384,0,0
CLN_PE,D,20190110,000000,45.88,45.979,45.087,45.88,0,0
CLN_PE,D,20190111,000000,45.286,45.781,45.087,45.583,0,0
CLN_PE,D,20190114,000000,45.88,46.277,45.88,45.979,0,0
CLN_PE,D,20190115,000000,47.366,47.565,46.177,47.366,0,0
CLN_PE,D,20190116,000000,47.366,47.565,47.366,47.366,0,0
CLN_PE,D,20190117,000000,46.871,46.871,45.88,46.672,0,0
CLN_PE,D,20190118,000000,47.168,47.168,46.177,46.672,0,0
CLN_PE,D,20190121,000000,46.672,46.672,46.277,46.574,0,0
CLN_PE,D,20190122,000000,47.565,47.565,46.375,46.772,0,0
CLN_PE,D,20190123,000000,47.268,48.556,46.772,47.763,0,0
CLN_PE,D,20190124,000000,48.06,48.556,47.465,48.06,0,0
CLN_PE,D,20190125,000000,47.565,47.763,47.366,47.663,0,0
CLN_PE,D,20190128,000000,49.645,50.537,49.645,50.24,0,0
CLN_PE,D,20190129,000000,50.438,52.222,50.438,51.826,0,0
CLN_PE,D,20190130,000000,52.123,53.114,51.727,52.718,0,0
CLN_PE,D,20190131,000000,53.213,53.213,51.924,52.024,0,0
CLN_PE,D,20190201,000000,52.519,52.618,51.528,52.618,0,0
CLN_PE,D,20190204,000000,52.618,53.114,51.826,52.618,0,0
CLN_PE,D,20190205,000000,52.618,53.114,52.618,52.618,0,0
CLN_PE,D,20190206,000000,52.816,52.816,51.429,51.826,0,0
CLN_PE,D,20190207,000000,51.924,52.618,50.736,52.024,0,0
CLN_PE,D,20190208,000000,52.222,52.816,52.222,52.618,0,0
CLN_PE,D,20190211,000000,52.816,52.816,51.727,52.718,0,0
CLN_PE,D,20190212,000000,52.519,52.718,52.321,52.718,0,0
CLN_PE,D,20190213,000000,52.718,53.015,52.519,53.015,0,0
CLN_PE,D,20190214,000000,53.015,56.879,53.015,56.78,0,0
CLN_PE,D,20190215,000000,57.374,61.438,57.374,57.97,0,0
CLN_PE,D,20190218,000000,58.564,59.258,56.483,58.267,0,0
CLN_PE,D,20190219,000000,58.564,58.564,57.573,58.267,0,0
CLN_PE,D,20190220,000000,57.474,57.87,56.78,57.077,0,0
CLN_PE,D,20190221,000000,56.78,57.077,56.285,56.78,0,0
CLN_PE,D,20190222,000000,56.285,57.474,55.988,57.077,0,0
CLN_PE,D,20190225,000000,57.374,58.762,57.176,57.771,0,0
CLN_PE,D,20190226,000000,57.771,57.771,55.888,57.771,0,0
CLN_PE,D,20190227,000000,57.771,57.771,56.086,57.077,0,0
CLN_PE,D,20190228,000000,57.077,57.077,56.285,56.681,0,0
CLN_PE,D,20190301,000000,56.582,57.771,56.483,57.672,0,0
CLN_PE,D,20190304,000000,58.267,59.258,58.267,59.258,0,0
CLN_PE,D,20190305,000000,59.456,61.24,59.456,61.041,0,0
CLN_PE,D,20190306,000000,61.041,66.194,61.041,65.203,0,0
CLN_PE,D,20190307,000000,64.708,67.779,63.221,67.779,0,0
CLN_PE,D,20190308,000000,68.869,72.139,67.482,71.545,0,0
CLN_PE,D,20190311,000000,72.04,72.04,68.275,68.572,0,0
CLN_PE,D,20190312,000000,68.077,69.96,65.599,65.699,0,0
CLN_PE,D,20190313,000000,65.699,68.077,64.51,66.987,0,0
CLN_PE,D,20190314,000000,67.383,67.878,66.095,67.581,0,0
CLN_PE,D,20190315,000000,67.681,67.978,67.086,67.581,0,0
CLN_PE,D,20190318,000000,67.581,71.446,67.581,69.167,0,0
CLN_PE,D,20190319,000000,70.257,71.446,69.167,70.455,0,0
CLN_PE,D,20190320,000000,70.356,70.356,68.176,69.067,0,0
CLN_PE,D,20190321,000000,69.563,69.86,67.978,68.869,0,0
CLN_PE,D,20190322,000000,69.663,70.257,68.77,69.067,0,0
CLN_PE,D,20190325,000000,69.067,70.455,69.067,69.266,0,0
CLN_PE,D,20190326,000000,69.167,70.356,69.167,69.663,0,0
CLN_PE,D,20190327,000000,69.96,71.644,67.383,67.383,0,0
CLN_PE,D,20190328,000000,68.869,68.869,64.113,64.608,0,0
CLN_PE,D,20190329,000000,63.221,65.599,63.023,63.023,0,0
CLN_PE,D,20190401,000000,64.212,69.067,64.212,69.067,0,0
CLN_PE,D,20190402,000000,69.86,76.698,68.672,76.598,0,0
CLN_PE,D,20190403,000000,76.004,76.004,72.04,72.04,0,0
CLN_PE,D,20190404,000000,72.833,73.328,71.743,72.04,0,0
CLN_PE,D,20190405,000000,71.942,72.635,68.473,68.473,0,0
CLN_PE,D,20190408,000000,68.473,69.86,68.077,68.473,0,0
CLN_PE,D,20190409,000000,69.266,70.058,68.969,69.266,0,0
CLN_PE,D,20190410,000000,69.96,70.356,68.473,69.365,0,0
CLN_PE,D,20190411,000000,69.167,70.058,68.572,69.266,0,0
CLN_PE,D,20190412,000000,69.365,70.157,68.374,68.473,0,0
CLN_PE,D,20190415,000000,68.374,69.563,67.978,68.275,0,0
CLN_PE,D,20190416,000000,69.663,69.663,66.69,66.987,0,0
CLN_PE,D,20190417,000000,67.779,69.067,67.086,67.681,0,0
CLN_PE,D,20190418,000000,66.887,68.969,65.302,66.095,0,0
CLN_PE,D,20190423,000000,69.067,69.067,67.185,67.284,0,0
CLN_PE,D,20190424,000000,67.284,67.284,66.095,66.491,0,0
CLN_PE,D,20190425,000000,66.491,66.788,65.699,66.194,0,0
CLN_PE,D,20190426,000000,60.05,63.914,60.05,62.329,0,0
CLN_PE,D,20190429,000000,62.607,63.305,61.91,63.305,0,0
CLN_PE,D,20190430,000000,63.305,65.698,63.305,64.202,0,0
CLN_PE,D,20190502,000000,65.1,65.897,64.801,65,0,0
CLN_PE,D,20190506,000000,64.502,65.498,63.505,63.704,0,0
CLN_PE,D,20190507,000000,63.704,64.202,63.206,63.405,0,0
CLN_PE,D,20190508,000000,63.405,64.801,63.006,63.106,0,0
CLN_PE,D,20190509,000000,62.906,62.906,60.913,60.913,0,0
CLN_PE,D,20190510,000000,61.112,62.607,59.517,59.617,0,0
CLN_PE,D,20190513,000000,61.112,61.112,58.919,59.417,0,0
CLN_PE,D,20190514,000000,56.426,59.517,56.426,59.517,0,0
CLN_PE,D,20190515,000000,60.913,60.913,58.719,60.713,0,0
CLN_PE,D,20190516,000000,60.115,62.308,60.115,62.308,0,0
CLN_PE,D,20190517,000000,62.508,64.202,60.813,63.903,0,0
CLN_PE,D,20190520,000000,64.202,64.202,62.508,63.006,0,0
CLN_PE,D,20190521,000000,62.707,63.206,62.508,62.508,0,0
CLN_PE,D,20190522,000000,61.311,63.106,61.212,61.91,0,0
CLN_PE,D,20190523,000000,62.607,63.206,62.009,62.009,0,0
CLN_PE,D,20190524,000000,62.009,63.106,62.009,63.006,0,0
CLN_PE,D,20190527,000000,63.106,66.396,63.106,65.798,0,0
CLN_PE,D,20190528,000000,66.396,67.193,66.196,67.094,0,0
CLN_PE,D,20190529,000000,66.994,66.994,64.202,64.302,0,0
CLN_PE,D,20190530,000000,64.202,66.097,64.202,64.202,0,0
CLN_PE,D,20190531,000000,65.1,66.097,64.003,65.798,0,0
CLN_PE,D,20190603,000000,64.302,66.296,64.302,65.897,0,0
CLN_PE,D,20190604,000000,65.299,65.299,64.003,64.402,0,0
CLN_PE,D,20190605,000000,64.003,64.003,63.006,63.006,0,0
CLN_PE,D,20190606,000000,62.707,62.906,61.411,62.906,0,0
CLN_PE,D,20190607,000000,62.906,65.299,62.906,64.502,0,0
CLN_PE,D,20190610,000000,65.299,65.798,63.006,64.9,0,0
CLN_PE,D,20190611,000000,64.9,65.798,64.9,65,0,0
CLN_PE,D,20190612,000000,64.502,66.695,64.502,66.695,0,0
CLN_PE,D,20190613,000000,66.695,69.486,66.695,68.888,0,0
CLN_PE,D,20190614,000000,68.689,70.284,68.689,70.184,0,0
CLN_PE,D,20190617,000000,70.284,73.075,70.284,71.679,0,0
CLN_PE,D,20190618,000000,71.679,71.679,69.785,70.383,0,0
CLN_PE,D,20190619,000000,71.281,71.281,68.39,68.888,0,0
CLN_PE,D,20190621,000000,69.087,71.281,68.888,70.882,0,0
CLN_PE,D,20190624,000000,71.081,71.779,69.187,70.683,0,0
CLN_PE,D,20190625,000000,70.882,70.982,69.287,70.982,0,0
CLN_PE,D,20190626,000000,71.58,71.58,68.29,70.483,0,0
CLN_PE,D,20190627,000000,70.483,70.483,68.09,68.39,0,0
CLN_PE,D,20190628,000000,69.686,69.686,68.589,68.589,0,0
CLN_PE,D,20190701,000000,68.589,69.885,68.589,69.686,0,0
CLN_PE,D,20190702,000000,70.284,70.284,68.19,70.184,0,0
CLN_PE,D,20190703,000000,70.084,70.084,68.888,69.985,0,0
CLN_PE,D,20190704,000000,69.985,73.873,69.087,73.275,0,0
CLN_PE,D,20190705,000000,73.574,74.072,72.776,72.975,0,0
CLN_PE,D,20190708,000000,73.175,73.175,71.181,71.779,0,0
CLN_PE,D,20190709,000000,71.779,73.474,70.982,71.081,0,0
CLN_PE,D,20190710,000000,72.676,72.776,70.782,72.278,0,0
CLN_PE,D,20190711,000000,72.278,72.776,71.081,72.278,0,0
CLN_PE,D,20190712,000000,72.477,76.365,72.078,76.066,0,0
CLN_PE,D,20190715,000000,76.066,76.066,72.975,72.975,0,0
CLN_PE,D,20190716,000000,73.972,75.368,73.474,73.574,0,0
CLN_PE,D,20190717,000000,74.072,75.169,73.673,74.371,0,0
CLN_PE,D,20190718,000000,74.371,74.371,72.078,72.577,0,0
CLN_PE,D,20190719,000000,73.673,75.368,73.474,75.169,0,0
CLN_PE,D,20190722,000000,75.368,77.163,74.271,74.271,0,0
CLN_PE,D,20190723,000000,75.069,75.667,74.571,74.77,0,0
CLN_PE,D,20190724,000000,75.268,75.567,75.268,75.468,0,0
CLN_PE,D,20190725,000000,75.966,75.966,74.67,74.969,0,0
CLN_PE,D,20190726,000000,75.867,75.867,74.072,74.87,0,0
CLN_PE,D,20190729,000000,74.87,74.87,73.275,73.275,0,0
CLN_PE,D,20190730,000000,72.577,72.577,69.087,72.078,0,0
CLN_PE,D,20190731,000000,70.982,72.278,69.785,71.879,0,0
CLN_PE,D,20190801,000000,72.078,72.078,70.284,70.483,0,0
CLN_PE,D,20190802,000000,69.885,70.882,69.087,69.087,0,0
CLN_PE,D,20190805,000000,68.888,68.888,66.994,67.393,0,0
CLN_PE,D,20190806,000000,65.1,67.891,65.1,66.894,0,0
CLN_PE,D,20190807,000000,66.396,67.393,63.903,64.202,0,0
CLN_PE,D,20190808,000000,64.003,66.994,64.003,65.997,0,0
CLN_PE,D,20190809,000000,67.094,67.094,64.202,64.202,0,0
CLN_PE,D,20190812,000000,64.701,65.698,62.607,64.701,0,0
CLN_PE,D,20190813,000000,64.601,65.997,64.003,64.202,0,0
CLN_PE,D,20190814,000000,63.804,65.498,63.804,64.202,0,0
CLN_PE,D,20190816,000000,65,66.794,63.804,64.202,0,0
CLN_PE,D,20190819,000000,65.299,65.498,64.202,65,0,0
CLN_PE,D,20190820,000000,65,66.894,64.302,65,0,0
CLN_PE,D,20190821,000000,65,65,64.402,64.701,0,0
CLN_PE,D,20190822,000000,65,65,63.903,64.202,0,0
CLN_PE,D,20190823,000000,64.202,65.598,63.604,63.903,0,0
CLN_PE,D,20190826,000000,63.405,63.903,62.408,63.405,0,0
CLN_PE,D,20190827,000000,63.206,63.206,62.408,62.707,0,0
CLN_PE,D,20190828,000000,63.305,63.903,62.209,62.707,0,0
CLN_PE,D,20190829,000000,62.408,63.604,62.408,63.604,0,0
CLN_PE,D,20190830,000000,63.804,67.393,63.405,63.405,0,0
CLN_PE,D,20190902,000000,63.305,66.495,63.305,64.601,0,0
CLN_PE,D,20190903,000000,65.798,65.798,63.704,64.202,0,0
CLN_PE,D,20190904,000000,64.103,65.199,62.906,64.502,0,0
CLN_PE,D,20190905,000000,64.402,65.399,64.202,64.9,0,0
CLN_PE,D,20190906,000000,64.402,65.1,63.405,63.405,0,0
CLN_PE,D,20190909,000000,64.701,64.701,62.308,62.906,0,0
CLN_PE,D,20190910,000000,63.804,63.804,60.115,60.314,0,0
CLN_PE,D,20190911,000000,60.514,62.707,59.417,62.707,0,0
CLN_PE,D,20190912,000000,63.804,63.804,62.109,62.906,0,0
CLN_PE,D,20190913,000000,62.906,64.701,62.707,63.405,0,0
CLN_PE,D,20190916,000000,64.601,65.598,63.704,63.804,0,0
CLN_PE,D,20190917,000000,64.9,65.498,63.704,63.704,0,0
CLN_PE,D,20190918,000000,64.9,66.097,63.505,64.502,0,0
CLN_PE,D,20190919,000000,65.399,65.698,64.202,64.701,0,0
CLN_PE,D,20190920,000000,65.498,65.598,64.601,64.601,0,0
CLN_PE,D,20190923,000000,65.598,69.486,64.701,68.09,0,0
CLN_PE,D,20190924,000000,69.486,72.078,69.287,70.683,0,0
CLN_PE,D,20190925,000000,70.882,70.882,68.888,68.888,0,0
CLN_PE,D,20190926,000000,68.09,70.284,67.492,67.492,0,0
CLN_PE,D,20190927,000000,67.592,68.39,66.196,66.296,0,0
CLN_PE,D,20190930,000000,65,82.546,63.305,82.546,0,0
CLN_PE,D,20191001,000000,82.945,87.73,81.25,85.836,0,0
CLN_PE,D,20191002,000000,87.431,87.431,82.745,82.745,0,0
CLN_PE,D,20191003,000000,82.546,83.643,82.546,83.643,0,0
CLN_PE,D,20191004,000000,83.643,84.939,82.048,84.939,0,0
CLN_PE,D,20191007,000000,85.038,86.534,84.939,85.936,0,0
CLN_PE,D,20191008,000000,87.929,89.824,84.939,88.428,0,0
CLN_PE,D,20191009,000000,88.827,90.821,88.428,89.923,0,0
CLN_PE,D,20191010,000000,90.821,91.817,88.328,89.824,0,0
CLN_PE,D,20191011,000000,91.618,91.618,87.132,88.129,0,0
CLN_PE,D,20191014,000000,86.833,88.129,85.238,85.537,0,0
CLN_PE,D,20191015,000000,85.537,86.833,85.337,85.537,0,0
CLN_PE,D,20191016,000000,85.437,86.833,85.437,85.936,0,0
CLN_PE,D,20191017,000000,85.936,87.331,85.836,87.232,0,0
CLN_PE,D,20191018,000000,87.331,88.129,85.337,85.437,0,0
CLN_PE,D,20191021,000000,85.936,86.833,85.038,85.836,0,0
CLN_PE,D,20191022,000000,86.235,86.235,83.443,83.443,0,0
CLN_PE,D,20191023,000000,83.144,84.64,80.851,83.144,0,0
CLN_PE,D,20191024,000000,83.543,83.742,82.347,82.745,0,0
CLN_PE,D,20191025,000000,82.147,84.54,80.552,81.051,0,0
CLN_PE,D,20191028,000000,80.951,84.34,80.951,83.144,0,0
CLN_PE,D,20191029,000000,83.942,84.839,83.543,83.942,0,0
CLN_PE,D,20191030,000000,84.739,84.739,82.945,84.34,0,0
CLN_PE,D,20191031,000000,84.34,84.34,83.344,83.942,0,0
CLN_PE,D,20191104,000000,83.742,87.132,82.845,86.633,0,0
CLN_PE,D,20191105,000000,86.633,86.933,85.936,86.833,0,0
CLN_PE,D,20191106,000000,86.833,87.232,85.736,86.833,0,0
CLN_PE,D,20191107,000000,85.936,86.035,85.038,85.936,0,0
CLN_PE,D,20191108,000000,87.331,87.929,85.437,87.73,0,0
CLN_PE,D,20191112,000000,85.238,119.23,85.238,119.23,0,0
CLN_PE,D,20191113,000000,119.23,122.52,118.83,118.83,0,0
CLN_PE,D,20191114,000000,119.13,120.73,117.34,118.63,0,0
CLN_PE,D,20191115,000000,117.94,121.23,117.94,120.03,0,0
CLN_PE,D,20191118,000000,120.33,121.43,120.33,120.73,0,0
CLN_PE,D,20191119,000000,121.63,123.02,121.03,122.72,0,0
CLN_PE,D,20191120,000000,123.82,127.01,121.33,122.82,0,0
CLN_PE,D,20191121,000000,122.42,122.42,119.13,120.13,0,0
CLN_PE,D,20191122,000000,120.33,120.33,117.34,117.34,0,0
CLN_PE,D,20191125,000000,115.94,119.23,113.85,118.93,0,0
CLN_PE,D,20191126,000000,118.93,121.92,118.93,121.53,0,0
CLN_PE,D,20191127,000000,121.53,121.53,118.83,119.93,0,0
CLN_PE,D,20191128,000000,119.13,120.63,118.73,120.53,0,0
CLN_PE,D,20191129,000000,120.53,121.23,119.43,121.23,0,0
CLN_PE,D,20191202,000000,121.92,123.82,120.53,121.23,0,0
CLN_PE,D,20191203,000000,121.53,123.02,119.73,121.92,0,0
CLN_PE,D,20191204,000000,123.02,123.32,121.83,123.12,0,0
CLN_PE,D,20191205,000000,123.12,123.12,119.23,119.23,0,0
CLN_PE,D,20191206,000000,119.23,119.23,117.64,117.84,0,0
CLN_PE,D,20191209,000000,119.23,119.23,117.14,117.54,0,0
CLN_PE,D,20191210,000000,117.54,117.54,115.15,116.44,0,0
CLN_PE,D,20191211,000000,115.05,115.05,112.25,112.25,0,0
CLN_PE,D,20191212,000000,112.25,112.65,107.27,109.96,0,0
CLN_PE,D,20191213,000000,109.66,114.25,108.57,108.87,0,0
CLN_PE,D,20191216,000000,108.87,110.76,107.57,110.76,0,0
CLN_PE,D,20191217,000000,112.25,112.35,109.66,111.06,0,0
CLN_PE,D,20191218,000000,110.66,110.66,109.16,109.46,0,0
CLN_PE,D,20191219,000000,108.37,109.56,107.27,108.07,0,0
CLN_PE,D,20191220,000000,108.07,108.07,105.58,105.67,0,0
CLN_PE,D,20191223,000000,105.67,111.36,105.67,110.96,0,0
CLN_PE,D,20191227,000000,111.36,111.36,109.66,109.66,0,0
CLN_PE,D,20191230,000000,109.16,113.15,107.47,107.57,0,0
CLN_PE,D,20200102,000000,107.67,113.85,107.67,113.75,0,0
CLN_PE,D,20200103,000000,115.35,117.84,114.55,117.84,0,0
CLN_PE,D,20200107,000000,119.73,120.53,117.84,118.54,0,0
CLN_PE,D,20200108,000000,118.63,118.63,115.54,118.24,0,0
CLN_PE,D,20200109,000000,119.03,122.72,119.03,121.92,0,0
CLN_PE,D,20200110,000000,123.02,124.62,122.12,124.62,0,0
CLN_PE,D,20200113,000000,132.49,132.49,126.21,130.8,0,0
CLN_PE,D,20200114,000000,132.19,136.48,132.19,134.79,0,0
CLN_PE,D,20200115,000000,135.18,135.18,130,130,0,0
CLN_PE,D,20200116,000000,131,132.39,129,129.5,0,0
CLN_PE,D,20200117,000000,129.5,132.79,129.5,132.29,0,0
CLN_PE,D,20200120,000000,132.69,136.18,132.69,135.68,0,0
CLN_PE,D,20200121,000000,136.48,136.48,135.18,135.48,0,0
CLN_PE,D,20200122,000000,135.48,135.48,131.2,134.39,0,0
CLN_PE,D,20200123,000000,134.09,134.09,128.7,128.7,0,0
CLN_PE,D,20200124,000000,127.61,129,124.52,126.01,0,0
CLN_PE,D,20200127,000000,126.01,128.21,120.63,121.92,0,0
CLN_PE,D,20200128,000000,125.21,126.71,122.32,124.62,0,0
CLN_PE,D,20200129,000000,126.01,126.01,123.02,124.62,0,0
CLN_PE,D,20200130,000000,126.21,126.21,121.63,121.63,0,0
CLN_PE,D,20200131,000000,122.02,124.52,119.23,119.23,0,0
CLN_PE,D,20200203,000000,118.73,121.13,118.24,118.93,0,0
CLN_PE,D,20200204,000000,118.93,118.93,112.85,114.55,0,0
CLN_PE,D,20200205,000000,114.55,117.84,114.55,117.84,0,0
CLN_PE,D,20200206,000000,118.54,120.53,118.14,118.14,0,0
CLN_PE,D,20200207,000000,119.23,119.23,115.15,115.44,0,0
CLN_PE,D,20200210,000000,115.44,115.44,111.96,112.85,0,0
CLN_PE,D,20200211,000000,112.85,112.85,111.66,112.65,0,0
CLN_PE,D,20200212,000000,114.85,120.83,113.75,120.83,0,0
CLN_PE,D,20200213,000000,121.92,122.42,119.43,119.73,0,0
CLN_PE,D,20200214,000000,119.23,119.23,118.14,118.93,0,0
CLN_PE,D,20200217,000000,119.23,121.33,117.84,121.33,0,0
CLN_PE,D,20200218,000000,121.63,121.63,118.54,119.63,0,0
CLN_PE,D,20200219,000000,124.62,127.91,119.63,119.63,0,0
CLN_PE,D,20200220,000000,120.33,120.33,116.94,117.14,0,0
CLN_PE,D,20200221,000000,120.63,120.63,117.94,118.24,0,0
CLN_PE,D,20200224,000000,118.24,118.24,112.25,112.45,0,0
CLN_PE,D,20200225,000000,111.66,116.54,108.67,116.04,0,0
CLN_PE,D,20200226,000000,116.04,118.93,111.76,112.95,0,0
CLN_PE,D,20200227,000000,112.65,112.65,104.28,107.97,0,0
CLN_PE,D,20200228,000000,103.98,107.27,97.301,101.29,0,0
CLN_PE,D,20200302,000000,105.58,108.87,100.79,105.38,0,0
CLN_PE,D,20200303,000000,108.27,110.56,105.77,108.37,0,0
CLN_PE,D,20200304,000000,106.17,109.76,105.67,107.97,0,0
CLN_PE,D,20200305,000000,111.36,113.75,106.17,106.17,0,0
CLN_PE,D,20200306,000000,106.57,106.57,101.79,102.98,0,0
CLN_PE,D,20200309,000000,94.808,96.603,89.026,89.026,0,0
CLN_PE,D,20200310,000000,92.117,92.914,84.939,86.733,0,0
CLN_PE,D,20200311,000000,88.129,89.325,77.661,81.25,0,0
CLN_PE,D,20200312,000000,72.975,72.975,65.798,66.396,0,0
CLN_PE,D,20200313,000000,68.29,89.425,64.9,76.564,0,0
CLN_PE,D,20200316,000000,78.06,86.733,72.477,86.733,0,0
CLN_PE,D,20200317,000000,86.733,102.19,86.733,94.808,0,0
CLN_PE,D,20200318,000000,98.597,98.597,88.827,89.425,0,0
CLN_PE,D,20200319,000000,87.431,94.41,86.733,86.733,0,0
CLN_PE,D,20200320,000000,89.425,91.917,81.25,81.25,0,0
CLN_PE,D,20200323,000000,81.25,112.75,77.561,112.75,0,0
CLN_PE,D,20200324,000000,117.44,119.53,115.54,115.54,0,0
CLN_PE,D,20200325,000000,117.64,122.52,110.86,117.84,0,0
CLN_PE,D,20200326,000000,119.73,121.43,118.44,121.03,0,0
CLN_PE,D,20200327,000000,123.72,124.42,120.43,120.43,0,0
CLN_PE,D,20200330,000000,120.63,127.61,116.44,126.71,0,0
CLN_PE,D,20200331,000000,126.01,134.98,126.01,130.4,0,0
CLN_PE,D,20200401,000000,131.5,131.5,126.81,127.01,0,0
CLN_PE,D,20200402,000000,126.81,130.2,126.41,129.3,0,0
CLN_PE,D,20200403,000000,129.7,138.37,126.71,135.28,0,0
CLN_PE,D,20200406,000000,137.18,150.14,137.18,144.85,0,0
CLN_PE,D,20200407,000000,149.54,149.54,137.88,138.87,0,0
CLN_PE,D,20200408,000000,140.87,140.87,131.1,134.98,0,0
CLN_PE,D,20200409,000000,135.78,136.18,128.6,129.7,0,0
CLN_PE,D,20200414,000000,129.3,129.3,126.71,127.81,0,0
CLN_PE,D,20200415,000000,127.81,127.81,121.83,122.32,0,0
CLN_PE,D,20200416,000000,122.32,128.9,122.32,125.51,0,0
CLN_PE,D,20200417,000000,131,131,127.81,128.5,0,0
CLN_PE,D,20200420,000000,129.6,129.6,125.51,127.81,0,0
CLN_PE,D,20200421,000000,129.7,129.7,118.04,120.33,0,0
CLN_PE,D,20200422,000000,120.73,120.93,118.83,119.53,0,0
CLN_PE,D,20200423,000000,120.33,123.82,116.74,121.63,0,0
CLN_PE,D,20200424,000000,118.83,120.33,117.24,119.93,0,0
CLN_PE,D,20200427,000000,119.93,119.93,113.85,113.85,0,0
CLN_PE,D,20200428,000000,114.95,114.95,109.16,111.26,0,0
CLN_PE,D,20200429,000000,111.26,125.91,110.36,125.02,0,0
CLN_PE,D,20200430,000000,127.81,127.81,120.53,121.23,0,0
CLN_PE,D,20200504,000000,121.23,125.91,117.44,124.02,0,0
CLN_PE,D,20200505,000000,122.92,126.11,122.92,124.42,0,0
CLN_PE,D,20200506,000000,123.32,123.32,120.13,121.43,0,0
CLN_PE,D,20200507,000000,121.43,121.43,118.04,119.93,0,0
CLN_PE,D,20200508,000000,119.53,119.93,118.93,119.93,0,0
CLN_PE,D,20200511,000000,127.11,127.41,99.59,99.59,0,0
CLN_PE,D,20200512,000000,101.09,101.29,97.799,100.89,0,0
CLN_PE,D,20200513,000000,100.79,103.48,99.69,103.38,0,0
CLN_PE,D,20200514,000000,103.38,103.38,98.497,100.29,0,0
CLN_PE,D,20200515,000000,100.89,101.49,99.99,100.09,0,0
CLN_PE,D,20200518,000000,102.98,102.98,97.4,97.4,0,0
CLN_PE,D,20200519,000000,97.4,99.69,97.4,98.597,0,0
CLN_PE,D,20200520,000000,99.69,99.69,98.497,98.597,0,0
CLN_PE,D,20200521,000000,98.597,99.394,98.497,98.995,0,0
CLN_PE,D,20200522,000000,98.696,99.59,98.696,99.195,0,0
CLN_PE,D,20200525,000000,98.597,98.696,96.204,97.5,0,0
CLN_PE,D,20200526,000000,97.5,99.195,97.5,98.597,0,0
CLN_PE,D,20200527,000000,98.198,99.195,97.201,98.696,0,0
CLN_PE,D,20200528,000000,98.995,98.995,97.201,98.298,0,0
CLN_PE,D,20200529,000000,97.998,98.497,96.802,98.397,0,0
CLN_PE,D,20200601,000000,99.3,99.3,96.7,97.5,0,0
CLN_PE,D,20200602,000000,98.4,98.4,96.6,98.3,0,0
CLN_PE,D,20200603,000000,98.9,105,98.9,104.8,0,0
CLN_PE,D,20200604,000000,106.3,107.2,105.7,106.5,0,0
CLN_PE,D,20200605,000000,107.9,111.4,107.9,111,0,0
CLN_PE,D,20200608,000000,114.2,114.2,110.7,114.2,0,0
CLN_PE,D,20200609,000000,115.1,115.1,110.7,114.2,0,0
CLN_PE,D,20200610,000000,115.1,118,115.1,117.8,0,0
CLN_PE,D,20200612,000000,112.4,116.4,112.4,116.3,0,0
CLN_PE,D,20200615,000000,115.1,120.5,111.8,118,0,0
CLN_PE,D,20200616,000000,121.2,125.8,120.1,125.8,0,0
CLN_PE,D,20200617,000000,128.5,128.5,122.5,122.5,0,0
CLN_PE,D,20200618,000000,122.7,124.2,120.5,124.2,0,0
CLN_PE,D,20200619,000000,125.4,126.6,123.3,125.7,0,0
CLN_PE,D,20200622,000000,126.3,126.3,123,124.2,0,0
CLN_PE,D,20200623,000000,124.2,131.2,124.1,131.2,0,0
CLN_PE,D,20200624,000000,132.4,133.1,128.3,130.2,0,0
CLN_PE,D,20200625,000000,129.9,131.5,127.5,130.1,0,0
CLN_PE,D,20200626,000000,130.3,130.6,123.4,124.2,0,0
CLN_PE,D,20200629,000000,124.8,124.8,118.1,118.1,0,0
CLN_PE,D,20200630,000000,118.4,120.8,115.4,115.4,0,0
CLN_PE,D,20200701,000000,118.4,120.2,116,119.6,0,0
CLN_PE,D,20200702,000000,119.6,124,119.6,124,0,0
CLN_PE,D,20200703,000000,123.3,125.8,122.7,122.7,0,0
CLN_PE,D,20200706,000000,124.1,124.2,120.3,123,0,0
CLN_PE,D,20200707,000000,123.9,128.7,122.7,128.7,0,0
CLN_PE,D,20200708,000000,129.6,132.5,127.2,131.7,0,0
CLN_PE,D,20200709,000000,132.6,134.4,130.5,133.6,0,0
CLN_PE,D,20200710,000000,134.8,134.8,126.2,131.1,0,0
CLN_PE,D,20200713,000000,131.1,131.1,125.8,127.7,0,0
CLN_PE,D,20200714,000000,127.7,130.3,125.1,126,0,0
CLN_PE,D,20200715,000000,125.2,128,124.9,126.9,0,0
CLN_PE,D,20200716,000000,129.6,129.6,124.8,124.8,0,0
CLN_PE,D,20200717,000000,125.7,126.9,125,125.2,0,0
CLN_PE,D,20200720,000000,125.9,127.5,125.6,127.5,0,0
CLN_PE,D,20200721,000000,128.6,133.9,128.1,130.2,0,0
CLN_PE,D,20200722,000000,130.5,130.5,123.8,124.3,0,0
CLN_PE,D,20200723,000000,124.3,128.6,121.7,123,0,0
CLN_PE,D,20200724,000000,121.5,124.2,116.9,124.2,0,0
CLN_PE,D,20200727,000000,124.1,124.7,120.4,124.2,0,0
CLN_PE,D,20200728,000000,124.2,130.1,123.9,128.4,0,0
CLN_PE,D,20200729,000000,128.4,128.7,122.7,128.7,0,0
CLN_PE,D,20200730,000000,129.6,129.6,116.9,118,0,0
CLN_PE,D,20200731,000000,118.4,122.2,118.4,119,0,0
CLN_PE,D,20200803,000000,121.1,124.8,118.1,124.8,0,0
CLN_PE,D,20200804,000000,125,126.8,121.5,124.2,0,0
CLN_PE,D,20200805,000000,126.8,126.8,122.7,125.7,0,0
CLN_PE,D,20200806,000000,127,127,121.3,123,0,0
CLN_PE,D,20200807,000000,123.1,124.2,120.6,121.4,0,0
CLN_PE,D,20200810,000000,125.3,125.6,123.1,124.8,0,0
CLN_PE,D,20200811,000000,125.4,125.6,121.1,121.1,0,0
CLN_PE,D,20200812,000000,121.4,122.6,118.1,121.1,0,0
CLN_PE,D,20200813,000000,120.5,123.1,120.3,121.1,0,0
CLN_PE,D,20200814,000000,121.1,122.2,119.7,120.8,0,0
CLN_PE,D,20200817,000000,122.6,122.6,120.8,121.4,0,0
CLN_PE,D,20200818,000000,121.7,124.4,121.3,122.4,0,0
CLN_PE,D,20200819,000000,122.4,134.5,121.3,134,0,0
CLN_PE,D,20200820,000000,135.7,139.6,133.4,135.7,0,0
CLN_PE,D,20200821,000000,137.1,137.1,130.6,132.7,0,0
