<TICKER>,<PER>,<DATE>,<TIME>,<OPEN>,<HIGH>,<LOW>,<CLOSE>,<VOL>,<OPENINT>
COG_PE,D,20070813,000000,111.84,111.84,111.84,111.84,0,0
COG_PE,D,20070814,000000,104.58,104.58,104.58,104.58,0,0
COG_PE,D,20070816,000000,79.214,79.214,79.214,79.214,0,0
COG_PE,D,20070817,000000,85.201,85.201,85.201,85.201,0,0
COG_PE,D,20070820,000000,85.918,85.918,85.918,85.918,0,0
COG_PE,D,20070821,000000,64.856,64.856,64.856,64.856,0,0
COG_PE,D,20070822,000000,69.802,69.802,69.802,69.802,0,0
COG_PE,D,20070823,000000,78.976,78.976,78.976,78.976,0,0
COG_PE,D,20070824,000000,84.956,84.956,84.956,84.956,0,0
COG_PE,D,20070827,000000,89.107,89.107,89.107,89.107,0,0
COG_PE,D,20070828,000000,87.352,87.352,87.352,87.352,0,0
COG_PE,D,20070829,000000,92.059,92.059,92.059,92.059,0,0
COG_PE,D,20070830,000000,89.9,89.9,89.9,89.9,0,0
COG_PE,D,20070831,000000,91.663,91.663,91.663,91.663,0,0
COG_PE,D,20070903,000000,93.333,93.333,93.333,93.333,0,0
COG_PE,D,20070904,000000,95.248,95.248,95.248,95.248,0,0
COG_PE,D,20070905,000000,96.767,96.767,96.767,96.767,0,0
COG_PE,D,20070906,000000,96.682,96.682,96.682,96.682,0,0
COG_PE,D,20070907,000000,93.418,93.418,93.418,93.418,0,0
COG_PE,D,20070910,000000,89.343,89.343,89.343,89.343,0,0
COG_PE,D,20070911,000000,90.541,90.541,90.541,90.541,0,0
COG_PE,D,20070912,000000,91.975,91.975,91.975,91.975,0,0
COG_PE,D,20070913,000000,91.663,91.663,91.663,91.663,0,0
COG_PE,D,20070914,000000,89.824,89.824,89.824,89.824,0,0
COG_PE,D,20070917,000000,88.947,88.947,88.947,88.947,0,0
COG_PE,D,20070918,000000,92.54,92.54,92.54,92.54,0,0
COG_PE,D,20070919,000000,96.606,96.606,96.606,96.606,0,0
COG_PE,D,20070920,000000,98.125,98.125,98.125,98.125,0,0
COG_PE,D,20070921,000000,98.04,98.04,98.04,98.04,0,0
COG_PE,D,20070924,000000,100.6,100.6,100.6,100.6,0,0
COG_PE,D,20070925,000000,97.399,97.399,97.399,97.399,0,0
COG_PE,D,20070926,000000,96.606,96.606,96.606,96.606,0,0
COG_PE,D,20070927,000000,94.135,94.135,94.135,94.135,0,0
COG_PE,D,20070928,000000,92.54,92.54,92.54,92.54,0,0
COG_PE,D,20071001,000000,86.551,86.551,86.551,86.551,0,0
COG_PE,D,20071002,000000,86.871,86.871,86.871,86.871,0,0
COG_PE,D,20071003,000000,83.522,83.522,83.522,83.522,0,0
COG_PE,D,20071004,000000,84.56,84.56,84.56,84.56,0,0
COG_PE,D,20071005,000000,84.636,84.636,84.636,84.636,0,0
COG_PE,D,20071008,000000,85.277,85.277,85.277,85.277,0,0
COG_PE,D,20071009,000000,88.55,88.55,88.55,88.55,0,0
COG_PE,D,20071010,000000,89.588,89.588,89.588,89.588,0,0
COG_PE,D,20071011,000000,90.06,90.06,90.06,90.06,0,0
COG_PE,D,20071012,000000,90.541,90.541,90.541,90.541,0,0
COG_PE,D,20071015,000000,90.144,90.144,90.144,90.144,0,0
COG_PE,D,20071016,000000,87.352,87.352,87.352,87.352,0,0
COG_PE,D,20071017,000000,87.673,87.673,87.673,87.673,0,0
COG_PE,D,20080229,000000,21.299,21.299,21.299,21.299,0,0
COG_PE,D,20080303,000000,20.342,20.741,19.465,20.023,0,0
COG_PE,D,20080304,000000,20.582,20.661,19.385,20.102,0,0
COG_PE,D,20080305,000000,20.422,21.539,20.183,21.539,0,0
COG_PE,D,20080306,000000,21.539,22.257,21.14,21.14,0,0
COG_PE,D,20080307,000000,20.501,20.981,20.263,20.981,0,0
COG_PE,D,20080310,000000,20.661,21.858,20.582,21.299,0,0
COG_PE,D,20080311,000000,21.459,22.336,21.299,22.257,0,0
COG_PE,D,20080312,000000,22.815,22.815,21.618,22.017,0,0
COG_PE,D,20080313,000000,21.379,22.017,20.981,21.219,0,0
COG_PE,D,20080314,000000,21.539,22.017,21.06,21.14,0,0
COG_PE,D,20080317,000000,20.582,20.821,20.023,20.661,0,0
COG_PE,D,20080318,000000,20.981,21.459,20.661,21.299,0,0
COG_PE,D,20080319,000000,21.459,21.858,20.9,21.618,0,0
COG_PE,D,20080320,000000,21.14,21.937,21.14,21.778,0,0
COG_PE,D,20080325,000000,22.336,22.416,22.017,22.177,0,0
COG_PE,D,20080326,000000,22.257,22.257,21.299,21.698,0,0
COG_PE,D,20080327,000000,21.698,21.937,21.539,21.618,0,0
COG_PE,D,20080328,000000,21.539,21.698,21.379,21.698,0,0
COG_PE,D,20080331,000000,22.177,22.177,22.177,22.177,0,0
COG_PE,D,20080401,000000,22.257,22.975,22.257,22.735,0,0
COG_PE,D,20080402,000000,23.214,24.171,23.214,23.533,0,0
COG_PE,D,20080403,000000,23.453,23.613,22.735,22.895,0,0
COG_PE,D,20080404,000000,22.576,23.054,22.576,23.054,0,0
COG_PE,D,20080407,000000,23.214,24.33,23.214,24.171,0,0
COG_PE,D,20080408,000000,24.012,24.012,23.374,23.533,0,0
COG_PE,D,20080409,000000,23.453,24.729,23.453,24.171,0,0
COG_PE,D,20080410,000000,24.411,24.491,23.772,24.012,0,0
COG_PE,D,20080411,000000,24.33,24.491,23.374,23.374,0,0
COG_PE,D,20080414,000000,22.975,23.294,22.496,23.214,0,0
COG_PE,D,20080415,000000,23.693,23.693,22.815,23.214,0,0
COG_PE,D,20080416,000000,23.134,23.294,22.735,23.214,0,0
COG_PE,D,20080417,000000,23.294,23.294,22.336,22.336,0,0
COG_PE,D,20080418,000000,22.416,22.815,22.257,22.336,0,0
COG_PE,D,20080421,000000,22.496,22.496,21.14,21.14,0,0
COG_PE,D,20080422,000000,21.14,21.299,19.624,20.183,0,0
COG_PE,D,20080423,000000,20.183,20.422,19.704,19.784,0,0
COG_PE,D,20080424,000000,19.864,20.422,19.864,20.342,0,0
COG_PE,D,20080425,000000,20.661,21.539,20.661,21.299,0,0
COG_PE,D,20080428,000000,21.539,21.539,20.981,20.981,0,0
COG_PE,D,20080429,000000,20.821,21.06,20.263,20.9,0,0
COG_PE,D,20080430,000000,20.981,21.618,20.9,21.459,0,0
COG_PE,D,20080505,000000,21.778,22.097,21.539,21.937,0,0
COG_PE,D,20080506,000000,21.937,21.937,21.219,21.539,0,0
COG_PE,D,20080507,000000,21.937,22.017,21.459,21.778,0,0
COG_PE,D,20080508,000000,21.618,21.698,21.219,21.459,0,0
COG_PE,D,20080509,000000,21.539,21.778,21.379,21.618,0,0
COG_PE,D,20080512,000000,21.618,21.778,21.299,21.539,0,0
COG_PE,D,20080513,000000,21.618,21.698,20.981,21.459,0,0
COG_PE,D,20080514,000000,21.219,21.539,21.06,21.459,0,0
COG_PE,D,20080515,000000,21.379,21.379,20.023,20.023,0,0
COG_PE,D,20080516,000000,20.263,20.741,16.593,16.593,0,0
COG_PE,D,20080519,000000,16.273,16.433,15.955,15.955,0,0
COG_PE,D,20080520,000000,15.955,15.955,14.838,14.918,0,0
COG_PE,D,20080521,000000,14.918,15.396,14.918,15.157,0,0
COG_PE,D,20080523,000000,15.317,15.317,14.758,15.237,0,0
COG_PE,D,20080526,000000,15.237,15.237,14.838,15.077,0,0
COG_PE,D,20080527,000000,15.237,15.237,14.838,15.077,0,0
COG_PE,D,20080528,000000,15.157,15.795,15.157,15.396,0,0
COG_PE,D,20080529,000000,15.874,15.874,15.237,15.396,0,0
COG_PE,D,20080530,000000,15.317,15.795,15.237,15.396,0,0
COG_PE,D,20080602,000000,15.556,15.556,15.077,15.237,0,0
COG_PE,D,20080603,000000,14.918,15.077,14.918,15.077,0,0
COG_PE,D,20080604,000000,15.237,15.237,5.9032,5.9032,0,0
COG_PE,D,20080605,000000,5.983,5.983,5.7437,5.8235,0,0
COG_PE,D,20080606,000000,5.8235,6.0628,5.6638,5.6638,0,0
COG_PE,D,20080609,000000,5.5043,5.6638,5.5043,5.6638,0,0
COG_PE,D,20080610,000000,5.6638,5.6638,5.3448,5.3448,0,0
COG_PE,D,20080611,000000,5.3448,5.3448,4.9459,4.9459,0,0
COG_PE,D,20080612,000000,4.9459,5.1852,4.9459,5.1055,0,0
COG_PE,D,20080613,000000,5.1852,5.1852,5.0257,5.1055,0,0
COG_PE,D,20080616,000000,5.265,5.265,5.1055,5.1852,0,0
COG_PE,D,20080617,000000,5.1852,5.265,5.1055,5.265,0,0
COG_PE,D,20080618,000000,5.1055,5.1852,4.9459,4.9459,0,0
COG_PE,D,20080619,000000,5.0257,5.0257,4.9459,5.0257,0,0
COG_PE,D,20080620,000000,5.0257,5.0257,4.9459,4.9459,0,0
COG_PE,D,20080623,000000,5.1055,5.1055,4.7864,4.7864,0,0
COG_PE,D,20080624,000000,4.7864,4.8662,4.547,4.7066,0,0
COG_PE,D,20080625,000000,4.8662,4.9459,4.6268,4.9459,0,0
COG_PE,D,20080626,000000,4.9459,4.9459,4.7066,4.7066,0,0
COG_PE,D,20080627,000000,4.7066,4.8662,4.547,4.7066,0,0
COG_PE,D,20080630,000000,4.6268,4.7066,4.547,4.7066,0,0
COG_PE,D,20080701,000000,4.7066,4.7066,4.4673,4.6268,0,0
COG_PE,D,20080702,000000,4.547,4.6268,4.4673,4.547,0,0
COG_PE,D,20080703,000000,4.4673,4.4673,4.3875,4.3875,0,0
COG_PE,D,20080704,000000,4.3875,4.3875,4.3875,4.3875,0,0
COG_PE,D,20080707,000000,4.3875,4.4673,4.228,4.3875,0,0
COG_PE,D,20080708,000000,4.228,4.8662,4.228,4.7864,0,0
COG_PE,D,20080709,000000,4.8662,5.1852,4.8662,4.9459,0,0
COG_PE,D,20080710,000000,4.8662,5.1055,4.8662,5.0257,0,0
COG_PE,D,20080711,000000,5.0257,5.0257,4.547,4.7864,0,0
COG_PE,D,20080714,000000,4.8662,4.9459,4.6268,4.7066,0,0
COG_PE,D,20080715,000000,4.547,4.6268,4.4673,4.4673,0,0
COG_PE,D,20080716,000000,4.547,4.6268,4.4673,4.6268,0,0
COG_PE,D,20080717,000000,4.8662,4.9459,4.7864,4.9459,0,0
COG_PE,D,20080718,000000,5.0257,5.3448,4.8662,5.265,0,0
COG_PE,D,20080721,000000,5.4245,5.4245,5.1852,5.265,0,0
COG_PE,D,20080722,000000,5.265,5.3448,5.1055,5.1852,0,0
COG_PE,D,20080723,000000,5.265,5.5043,5.1852,5.4245,0,0
COG_PE,D,20080724,000000,5.5043,5.5043,5.1055,5.1055,0,0
COG_PE,D,20080725,000000,4.9459,5.3448,4.8662,5.3448,0,0
COG_PE,D,20080728,000000,5.3448,5.3448,5.1852,5.3448,0,0
COG_PE,D,20080729,000000,5.1055,5.3448,5.1055,5.3448,0,0
COG_PE,D,20080730,000000,5.5841,5.6638,5.5043,5.5841,0,0
COG_PE,D,20080731,000000,5.6638,5.6638,5.3448,5.4245,0,0
COG_PE,D,20080801,000000,5.4245,5.4245,5.265,5.3448,0,0
COG_PE,D,20080804,000000,5.3448,5.4245,5.265,5.265,0,0
COG_PE,D,20080805,000000,5.3448,5.5043,5.3448,5.4245,0,0
COG_PE,D,20080806,000000,5.4245,5.4245,5.265,5.3448,0,0
COG_PE,D,20080807,000000,5.265,5.4245,5.1055,5.1852,0,0
COG_PE,D,20080808,000000,5.0257,5.265,5.0257,5.1852,0,0
COG_PE,D,20080811,000000,5.1852,5.265,5.1055,5.265,0,0
COG_PE,D,20080812,000000,5.1852,5.4245,5.1852,5.3448,0,0
COG_PE,D,20080813,000000,5.265,5.5841,5.1852,5.4245,0,0
COG_PE,D,20080814,000000,5.3448,5.4245,5.3448,5.4245,0,0
COG_PE,D,20080818,000000,5.1852,5.1852,4.3875,4.3875,0,0
COG_PE,D,20080819,000000,4.3875,4.3875,4.0684,4.1482,0,0
COG_PE,D,20080820,000000,4.1482,4.228,4.0684,4.0684,0,0
COG_PE,D,20080821,000000,4.0684,4.3077,3.9887,4.228,0,0
COG_PE,D,20080822,000000,4.228,4.4673,4.228,4.3875,0,0
COG_PE,D,20080825,000000,4.4673,4.4673,4.228,4.3077,0,0
COG_PE,D,20080826,000000,4.3077,4.7864,4.3077,4.6268,0,0
COG_PE,D,20080827,000000,4.6268,4.6268,4.4673,4.6268,0,0
COG_PE,D,20080828,000000,4.547,4.8662,4.547,4.7864,0,0
COG_PE,D,20080829,000000,4.8662,4.8662,4.6268,4.6268,0,0
COG_PE,D,20080901,000000,4.547,4.6268,4.4673,4.547,0,0
COG_PE,D,20080902,000000,4.6268,4.7066,4.4673,4.7066,0,0
COG_PE,D,20080903,000000,4.6268,4.6268,4.4673,4.547,0,0
COG_PE,D,20080904,000000,4.547,4.6268,4.547,4.547,0,0
COG_PE,D,20080905,000000,4.3875,4.3875,4.3077,4.3875,0,0
COG_PE,D,20080908,000000,4.4673,4.4673,4.3077,4.3077,0,0
COG_PE,D,20080909,000000,4.3077,4.3875,4.228,4.3077,0,0
COG_PE,D,20080910,000000,4.228,4.3875,4.228,4.3077,0,0
COG_PE,D,20080911,000000,4.3875,4.3875,4.228,4.228,0,0
COG_PE,D,20080912,000000,4.3077,4.3875,4.3077,4.3077,0,0
COG_PE,D,20080915,000000,4.3077,4.3077,3.9887,4.0684,0,0
COG_PE,D,20080916,000000,3.9089,4.0684,3.9089,3.9887,0,0
COG_PE,D,20080917,000000,4.0684,4.0684,3.9089,3.9887,0,0
COG_PE,D,20080918,000000,3.9089,3.9089,3.8291,3.9089,0,0
COG_PE,D,20080919,000000,4.0684,4.0684,3.9089,4.0684,0,0
COG_PE,D,20080922,000000,4.1482,4.228,4.0684,4.0684,0,0
COG_PE,D,20080923,000000,4.0684,4.3077,3.9089,4.1482,0,0
COG_PE,D,20080924,000000,4.3077,4.3077,4.1482,4.228,0,0
COG_PE,D,20080925,000000,4.228,4.228,4.1482,4.228,0,0
COG_PE,D,20080926,000000,4.228,4.228,3.9887,4.1482,0,0
COG_PE,D,20080929,000000,4.0684,4.0684,3.9089,3.9089,0,0
COG_PE,D,20080930,000000,3.8291,3.9887,3.7494,3.9887,0,0
COG_PE,D,20081001,000000,3.9887,3.9887,3.9089,3.9887,0,0
COG_PE,D,20081002,000000,4.0684,4.0684,3.9089,3.9089,0,0
COG_PE,D,20081003,000000,3.9089,3.9089,3.8291,3.9089,0,0
COG_PE,D,20081006,000000,3.8291,3.8291,3.51,3.51,0,0
COG_PE,D,20081007,000000,3.4302,3.51,3.3504,3.4302,0,0
COG_PE,D,20081008,000000,3.2707,3.4302,3.0314,3.1909,0,0
COG_PE,D,20081009,000000,3.2707,3.3504,3.1909,3.1909,0,0
COG_PE,D,20081010,000000,2.9516,3.0314,2.7921,2.9516,0,0
COG_PE,D,20081013,000000,3.0314,3.1111,2.9516,2.9516,0,0
COG_PE,D,20081014,000000,3.1111,3.1111,2.9516,3.1111,0,0
COG_PE,D,20081015,000000,3.1111,3.1111,2.7921,2.9516,0,0
COG_PE,D,20081016,000000,2.7921,3.0314,2.7921,2.8718,0,0
COG_PE,D,20081017,000000,2.9516,2.9516,2.7123,2.7921,0,0
COG_PE,D,20081020,000000,2.8718,2.9516,2.7921,2.7921,0,0
COG_PE,D,20081021,000000,2.9516,2.9516,2.7921,2.7921,0,0
COG_PE,D,20081022,000000,2.7921,2.7921,2.6325,2.7123,0,0
COG_PE,D,20081023,000000,2.6325,2.7123,2.3932,2.5527,0,0
COG_PE,D,20081024,000000,2.4729,2.4729,2.3134,2.4729,0,0
COG_PE,D,20081027,000000,2.3134,2.4729,2.3134,2.4729,0,0
COG_PE,D,20081028,000000,2.5527,2.6325,2.5527,2.5527,0,0
COG_PE,D,20081029,000000,2.6325,2.9516,2.6325,2.8718,0,0
COG_PE,D,20081030,000000,3.0314,3.0314,2.7921,2.8718,0,0
COG_PE,D,20081031,000000,2.8718,2.8718,2.7123,2.8718,0,0
COG_PE,D,20081103,000000,2.7921,3.0314,2.7921,2.8718,0,0
COG_PE,D,20081104,000000,2.9516,3.0314,2.8718,2.9516,0,0
COG_PE,D,20081105,000000,2.9516,2.9516,2.7921,2.8718,0,0
COG_PE,D,20081106,000000,2.8718,2.8718,2.7123,2.7123,0,0
COG_PE,D,20081107,000000,2.6325,2.7921,2.6325,2.7921,0,0
COG_PE,D,20081110,000000,2.8718,2.8718,2.7921,2.7921,0,0
COG_PE,D,20081112,000000,2.8718,2.8718,2.7123,2.7123,0,0
COG_PE,D,20081113,000000,2.6325,2.7123,2.5527,2.7123,0,0
COG_PE,D,20081114,000000,2.8718,2.8718,2.7123,2.7921,0,0
COG_PE,D,20081117,000000,2.6325,3.1111,2.6325,3.1111,0,0
COG_PE,D,20081118,000000,3.1111,3.1111,2.9516,2.9516,0,0
COG_PE,D,20081119,000000,3.0314,3.1111,2.8718,3.1111,0,0
COG_PE,D,20081120,000000,3.0314,3.0314,2.8718,2.9516,0,0
COG_PE,D,20081121,000000,2.9516,3.1111,2.9516,2.9516,0,0
COG_PE,D,20081124,000000,3.0314,3.1111,3.0314,3.1111,0,0
COG_PE,D,20081125,000000,3.1111,3.1909,3.0314,3.1111,0,0
COG_PE,D,20081126,000000,3.1111,3.2707,3.1111,3.2707,0,0
COG_PE,D,20081127,000000,3.4302,3.4302,3.1909,3.1909,0,0
COG_PE,D,20081128,000000,3.1909,3.3504,2.9516,3.0314,0,0
COG_PE,D,20081201,000000,3.0314,3.0314,2.7921,2.7921,0,0
COG_PE,D,20081202,000000,2.7123,3.0314,2.7123,3.0314,0,0
COG_PE,D,20081203,000000,3.0314,3.1111,2.9516,3.0314,0,0
COG_PE,D,20081204,000000,3.0314,3.0314,2.9516,2.9516,0,0
COG_PE,D,20081205,000000,2.9516,3.1909,2.9516,3.1909,0,0
COG_PE,D,20081208,000000,3.1909,3.5898,3.1909,3.51,0,0
COG_PE,D,20081209,000000,3.5898,3.5898,3.4302,3.51,0,0
COG_PE,D,20081210,000000,3.5898,3.7494,3.4302,3.5898,0,0
COG_PE,D,20081211,000000,3.7494,3.9089,3.7494,3.8291,0,0
COG_PE,D,20081212,000000,3.6696,3.7494,3.51,3.6696,0,0
COG_PE,D,20081215,000000,3.8291,3.8291,3.5898,3.7494,0,0
COG_PE,D,20081216,000000,3.6696,3.7494,3.6696,3.6696,0,0
COG_PE,D,20081217,000000,3.7494,3.7494,3.4302,3.5898,0,0
COG_PE,D,20081218,000000,3.5898,3.5898,3.4302,3.4302,0,0
COG_PE,D,20081219,000000,3.3504,3.4302,3.3504,3.4302,0,0
COG_PE,D,20081222,000000,3.51,3.51,3.1909,3.1909,0,0
COG_PE,D,20081223,000000,3.2707,3.2707,3.1111,3.1111,0,0
COG_PE,D,20081229,000000,3.1111,3.1909,3.0314,3.1111,0,0
COG_PE,D,20081230,000000,3.1111,3.1909,3.1111,3.1909,0,0
COG_PE,D,20081231,000000,3.1909,3.1909,3.1111,3.1111,0,0
COG_PE,D,20090105,000000,3.3504,3.4302,3.1111,3.4302,0,0
COG_PE,D,20090106,000000,3.4302,3.51,3.3504,3.4302,0,0
COG_PE,D,20090107,000000,3.4302,3.6696,3.4302,3.51,0,0
COG_PE,D,20090108,000000,3.51,3.6696,3.4302,3.6696,0,0
COG_PE,D,20090109,000000,3.6696,4.3077,3.6696,4.1482,0,0
COG_PE,D,20090112,000000,4.228,4.547,4.0684,4.3077,0,0
COG_PE,D,20090113,000000,4.3077,4.4673,4.3077,4.3875,0,0
COG_PE,D,20090114,000000,4.4673,4.4673,4.0684,4.0684,0,0
COG_PE,D,20090115,000000,3.9887,4.3077,3.9887,4.228,0,0
COG_PE,D,20090116,000000,4.3875,4.3875,4.228,4.3875,0,0
COG_PE,D,20090119,000000,4.4673,4.4673,4.1482,4.228,0,0
COG_PE,D,20090120,000000,4.0684,4.0684,3.9887,3.9887,0,0
COG_PE,D,20090121,000000,3.9089,3.9887,3.7494,3.9887,0,0
COG_PE,D,20090122,000000,4.1482,4.1482,3.9089,3.9089,0,0
COG_PE,D,20090123,000000,3.8291,3.9887,3.7494,3.9887,0,0
COG_PE,D,20090126,000000,3.9887,4.1482,3.9887,4.1482,0,0
COG_PE,D,20090127,000000,4.1482,4.3875,4.0684,4.0684,0,0
COG_PE,D,20090128,000000,4.3875,4.3875,3.9089,3.9887,0,0
COG_PE,D,20090216,000000,3.51,3.5898,3.2707,3.2707,0,0
COG_PE,D,20090217,000000,3.1909,3.1909,2.7921,2.7921,0,0
COG_PE,D,20090218,000000,2.8718,2.9516,2.6325,2.7123,0,0
COG_PE,D,20090219,000000,2.9516,2.9516,2.7921,2.9516,0,0
COG_PE,D,20090220,000000,2.7921,2.8718,2.7123,2.7921,0,0
COG_PE,D,20090223,000000,2.9516,2.9516,2.7123,2.7921,0,0
COG_PE,D,20090224,000000,2.7123,2.8718,2.6325,2.8718,0,0
COG_PE,D,20090225,000000,2.9516,2.9516,2.7921,2.8718,0,0
COG_PE,D,20090226,000000,2.9516,3.0314,2.7921,2.9516,0,0
COG_PE,D,20090227,000000,2.7921,3.0314,2.7921,2.8718,0,0
COG_PE,D,20090302,000000,2.7921,2.7921,2.7123,2.7921,0,0
COG_PE,D,20110831,000000,4.8662,4.8662,4.8662,4.8662,0,0
COG_PE,D,20110901,000000,4.9459,4.9459,4.6268,4.7066,0,0
COG_PE,D,20110902,000000,4.6268,4.6268,4.3875,4.3875,0,0
COG_PE,D,20110905,000000,4.3077,4.3875,4.228,4.228,0,0
COG_PE,D,20110906,000000,4.1482,4.3875,4.1482,4.3077,0,0
COG_PE,D,20110907,000000,4.4673,4.547,4.3077,4.547,0,0
COG_PE,D,20110908,000000,4.4673,4.6268,4.4673,4.547,0,0
COG_PE,D,20110909,000000,4.3875,4.547,4.3077,4.3875,0,0
COG_PE,D,20110912,000000,4.3077,4.3077,4.0684,4.228,0,0
COG_PE,D,20110913,000000,4.3875,4.4673,4.0684,4.4673,0,0
COG_PE,D,20110914,000000,4.3875,4.4673,4.3875,4.3875,0,0
COG_PE,D,20110915,000000,4.3077,4.547,4.3077,4.4673,0,0
COG_PE,D,20110916,000000,4.4673,4.547,4.3875,4.3875,0,0
COG_PE,D,20110919,000000,4.3875,4.3875,4.228,4.3077,0,0
COG_PE,D,20110920,000000,4.228,4.4673,4.0684,4.3875,0,0
COG_PE,D,20110921,000000,4.3875,4.3875,4.3077,4.3875,0,0
COG_PE,D,20110922,000000,4.228,4.3875,4.1482,4.3077,0,0
COG_PE,D,20110923,000000,4.228,4.3077,3.9887,4.3077,0,0
COG_PE,D,20110926,000000,4.1482,4.3875,4.1482,4.228,0,0
COG_PE,D,20110927,000000,4.3077,4.3875,4.1482,4.3077,0,0
COG_PE,D,20110928,000000,4.3077,4.3875,4.228,4.3077,0,0
COG_PE,D,20110929,000000,4.3077,4.3077,4.228,4.3077,0,0
COG_PE,D,20110930,000000,4.228,4.3875,4.1482,4.3875,0,0
COG_PE,D,20111003,000000,4.228,4.4673,4.228,4.3875,0,0
COG_PE,D,20111004,000000,4.3875,4.3875,4.1482,4.228,0,0
COG_PE,D,20111005,000000,4.3077,4.3077,4.1482,4.228,0,0
COG_PE,D,20111006,000000,4.228,4.228,4.1482,4.228,0,0
COG_PE,D,20111007,000000,4.228,4.228,4.0684,4.228,0,0
COG_PE,D,20111010,000000,4.228,4.228,4.0684,4.1482,0,0
COG_PE,D,20111011,000000,4.1482,4.228,4.0684,4.1482,0,0
COG_PE,D,20111012,000000,4.1482,4.1482,4.0684,4.1482,0,0
COG_PE,D,20111013,000000,4.0684,4.1482,3.9887,4.1482,0,0
COG_PE,D,20111014,000000,4.1482,4.1482,4.0684,4.1482,0,0
COG_PE,D,20111017,000000,4.1482,4.1482,4.0684,4.1482,0,0
COG_PE,D,20111018,000000,4.0684,4.1482,3.9887,4.0684,0,0
COG_PE,D,20111019,000000,3.9887,4.0684,3.9887,4.0684,0,0
COG_PE,D,20111020,000000,4.0684,4.0684,3.9887,4.0684,0,0
COG_PE,D,20111021,000000,3.9887,4.0684,3.9089,4.0684,0,0
COG_PE,D,20111024,000000,3.9887,4.0684,3.9887,3.9887,0,0
COG_PE,D,20111025,000000,3.9089,4.0684,3.9089,4.0684,0,0
COG_PE,D,20111026,000000,4.0684,4.1482,3.9887,3.9887,0,0
COG_PE,D,20111027,000000,4.0684,4.228,3.9887,4.0684,0,0
COG_PE,D,20111028,000000,4.1482,4.1482,3.9887,4.0684,0,0
COG_PE,D,20111031,000000,4.0684,4.0684,3.9887,3.9887,0,0
COG_PE,D,20111102,000000,3.8291,3.9887,3.7494,3.9887,0,0
COG_PE,D,20111103,000000,3.9887,4.0684,3.9887,3.9887,0,0
COG_PE,D,20111104,000000,3.9887,3.9887,3.8291,3.9887,0,0
COG_PE,D,20111107,000000,3.9089,3.9887,3.8291,3.9887,0,0
COG_PE,D,20111108,000000,3.9887,3.9887,3.9089,3.9089,0,0
COG_PE,D,20111109,000000,3.8291,3.9089,3.7494,3.9089,0,0
COG_PE,D,20111110,000000,3.8291,3.9887,3.6696,3.9089,0,0
COG_PE,D,20111114,000000,3.8291,3.9887,3.8291,3.8291,0,0
COG_PE,D,20111115,000000,3.7494,3.7494,3.51,3.6696,0,0
COG_PE,D,20111116,000000,3.6696,3.6696,2.5527,2.5527,0,0
COG_PE,D,20111117,000000,2.5527,2.6325,2.5527,2.6325,0,0
COG_PE,D,20111118,000000,2.5527,2.6325,2.4729,2.5527,0,0
COG_PE,D,20111121,000000,2.5527,2.7123,2.4729,2.4729,0,0
COG_PE,D,20111122,000000,2.4729,2.5527,2.4729,2.4729,0,0
COG_PE,D,20111123,000000,2.4729,2.5527,2.3932,2.5527,0,0
COG_PE,D,20111124,000000,2.5527,2.5527,2.4729,2.5527,0,0
COG_PE,D,20111125,000000,2.4729,2.5527,2.3932,2.4729,0,0
COG_PE,D,20111128,000000,2.5527,2.5527,2.4729,2.4729,0,0
COG_PE,D,20111129,000000,2.4729,2.4729,2.3932,2.4729,0,0
COG_PE,D,20111130,000000,2.4729,2.5527,2.3932,2.5527,0,0
COG_PE,D,20111201,000000,2.5527,2.6325,2.4729,2.5527,0,0
COG_PE,D,20111202,000000,2.5527,2.6325,2.5527,2.5527,0,0
COG_PE,D,20111205,000000,2.4729,2.5527,2.4729,2.5527,0,0
COG_PE,D,20111206,000000,2.4729,2.6325,2.4729,2.5527,0,0
COG_PE,D,20111207,000000,2.5527,2.5527,2.5527,2.5527,0,0
COG_PE,D,20111208,000000,2.5527,2.5527,2.4729,2.5527,0,0
COG_PE,D,20111209,000000,2.4729,2.5527,2.3932,2.5527,0,0
COG_PE,D,20111212,000000,2.4729,2.5527,2.4729,2.4729,0,0
COG_PE,D,20111213,000000,2.4729,2.5527,2.4729,2.4729,0,0
COG_PE,D,20111214,000000,2.4729,2.4729,2.3932,2.4729,0,0
COG_PE,D,20111215,000000,2.4729,2.5527,2.3932,2.3932,0,0
COG_PE,D,20111216,000000,2.4729,2.4729,2.2336,2.2336,0,0
COG_PE,D,20111219,000000,2.2336,2.3134,2.1539,2.1539,0,0
COG_PE,D,20111220,000000,2.1539,2.1539,2.0741,2.0741,0,0
COG_PE,D,20111221,000000,2.1539,2.2336,2.1539,2.1539,0,0
COG_PE,D,20111222,000000,2.1539,2.1539,2.0741,2.1539,0,0
COG_PE,D,20111223,000000,2.1539,2.1539,2.0741,2.1539,0,0
COG_PE,D,20111227,000000,2.0741,2.1539,2.0741,2.0741,0,0
COG_PE,D,20111228,000000,2.0741,2.1539,2.0741,2.0741,0,0
COG_PE,D,20111229,000000,2.0741,2.2336,2.0741,2.2336,0,0
COG_PE,D,20111230,000000,2.2336,2.5527,2.2336,2.3134,0,0
COG_PE,D,20120102,000000,2.3932,2.3932,2.2336,2.3134,0,0
COG_PE,D,20120103,000000,2.3134,2.3932,2.2336,2.3932,0,0
COG_PE,D,20120104,000000,2.3932,2.3932,2.3134,2.3134,0,0
COG_PE,D,20120105,000000,2.3134,2.3932,2.3134,2.3134,0,0
COG_PE,D,20120109,000000,2.2336,2.3932,2.2336,2.3932,0,0
COG_PE,D,20120110,000000,2.3134,2.3932,2.2336,2.3932,0,0
COG_PE,D,20120111,000000,2.3932,2.3932,2.3134,2.3932,0,0
COG_PE,D,20120112,000000,2.3932,2.4729,2.3932,2.3932,0,0
COG_PE,D,20120113,000000,2.3932,2.3932,2.3134,2.3932,0,0
COG_PE,D,20120116,000000,2.3134,2.3932,2.3134,2.3932,0,0
COG_PE,D,20120117,000000,2.3932,2.6325,2.3932,2.6325,0,0
COG_PE,D,20120118,000000,2.6325,2.7921,2.5527,2.7921,0,0
COG_PE,D,20120119,000000,2.7921,2.8718,2.7123,2.8718,0,0
COG_PE,D,20120120,000000,2.8718,2.9516,2.7921,2.9516,0,0
COG_PE,D,20120123,000000,2.9516,3.0314,2.8718,3.0314,0,0
COG_PE,D,20120124,000000,3.0314,3.0314,3.0314,3.0314,0,0
COG_PE,D,20120125,000000,3.0314,3.0314,2.9516,3.0314,0,0
COG_PE,D,20120126,000000,3.0314,3.0314,2.8718,2.8718,0,0
COG_PE,D,20120127,000000,2.8718,2.9516,2.8718,2.9516,0,0
COG_PE,D,20120130,000000,2.9516,2.9516,2.8718,2.9516,0,0
COG_PE,D,20120131,000000,2.9516,2.9516,2.8718,2.9516,0,0
COG_PE,D,20120201,000000,2.9516,2.9516,2.9516,2.9516,0,0
COG_PE,D,20120202,000000,2.9516,2.9516,2.8718,2.9516,0,0
COG_PE,D,20120203,000000,2.8718,2.9516,2.8718,2.9516,0,0
COG_PE,D,20120206,000000,2.9516,3.1111,2.8718,3.0314,0,0
COG_PE,D,20120207,000000,3.1111,3.1909,2.9516,3.1909,0,0
COG_PE,D,20120208,000000,3.1909,3.1909,3.1111,3.1111,0,0
COG_PE,D,20120209,000000,3.1111,3.1111,2.8718,3.1111,0,0
COG_PE,D,20120210,000000,3.1111,3.1111,2.9516,3.0314,0,0
COG_PE,D,20120213,000000,2.9516,3.0314,2.9516,3.0314,0,0
COG_PE,D,20120214,000000,3.0314,3.0314,2.9516,3.0314,0,0
COG_PE,D,20120215,000000,3.0314,3.1111,2.9516,3.0314,0,0
COG_PE,D,20120216,000000,3.0314,3.0314,2.9516,2.9516,0,0
COG_PE,D,20120217,000000,2.9516,3.0314,2.9516,3.0314,0,0
COG_PE,D,20120220,000000,3.0314,3.1111,2.9516,2.9516,0,0
COG_PE,D,20120221,000000,3.0314,3.0314,2.9516,3.0314,0,0
COG_PE,D,20120222,000000,3.1111,3.1111,2.9516,3.0314,0,0
COG_PE,D,20120223,000000,3.0314,3.0314,2.9516,2.9516,0,0
COG_PE,D,20120224,000000,2.9516,2.9516,2.8718,2.9516,0,0
COG_PE,D,20120227,000000,2.8718,2.8718,2.7123,2.7123,0,0
COG_PE,D,20120228,000000,2.7123,2.7921,2.5527,2.7123,0,0
COG_PE,D,20120229,000000,2.6325,2.7123,2.5527,2.7123,0,0
COG_PE,D,20120301,000000,2.7123,2.8718,2.6325,2.7921,0,0
COG_PE,D,20120302,000000,2.7921,2.8718,2.7123,2.7921,0,0
COG_PE,D,20120305,000000,2.7123,2.7921,2.7123,2.7921,0,0
COG_PE,D,20120306,000000,2.7123,2.7921,2.6325,2.6325,0,0
COG_PE,D,20120307,000000,2.5527,2.7921,2.5527,2.7921,0,0
COG_PE,D,20120308,000000,2.7921,2.8718,2.7921,2.8718,0,0
COG_PE,D,20120309,000000,2.7921,2.8718,2.7921,2.8718,0,0
COG_PE,D,20120312,000000,2.8718,2.9516,2.7921,2.8718,0,0
COG_PE,D,20120313,000000,2.8718,2.8718,2.7921,2.8718,0,0
COG_PE,D,20120314,000000,2.8718,2.8718,2.7921,2.8718,0,0
COG_PE,D,20120315,000000,2.7921,2.8718,2.7921,2.8718,0,0
COG_PE,D,20120316,000000,2.8718,2.8718,2.7921,2.8718,0,0
COG_PE,D,20120319,000000,2.8718,2.8718,2.7921,2.8718,0,0
COG_PE,D,20120320,000000,2.8718,2.8718,2.8718,2.8718,0,0
COG_PE,D,20120321,000000,2.7921,2.8718,2.7921,2.8718,0,0
COG_PE,D,20120322,000000,2.8718,2.8718,1.755,1.755,0,0
COG_PE,D,20120323,000000,1.755,1.755,1.6753,1.755,0,0
COG_PE,D,20120326,000000,1.755,1.755,1.755,1.755,0,0
COG_PE,D,20120327,000000,1.755,1.755,1.755,1.755,0,0
COG_PE,D,20120328,000000,1.755,1.755,1.6753,1.755,0,0
COG_PE,D,20120329,000000,1.755,1.755,1.6753,1.755,0,0
COG_PE,D,20120330,000000,1.755,1.755,1.755,1.755,0,0
COG_PE,D,20120402,000000,1.755,1.755,1.6753,1.755,0,0
COG_PE,D,20120403,000000,1.755,1.755,1.6753,1.6753,0,0
COG_PE,D,20120404,000000,1.6753,1.6753,1.6753,1.6753,0,0
COG_PE,D,20120405,000000,1.6753,1.6753,1.6753,1.6753,0,0
COG_PE,D,20120410,000000,1.6753,1.6753,1.5955,1.6753,0,0
COG_PE,D,20120411,000000,1.5955,1.6753,1.5955,1.6753,0,0
COG_PE,D,20120412,000000,1.6753,1.6753,1.5955,1.6753,0,0
COG_PE,D,20120413,000000,1.6753,1.6753,1.5955,1.5955,0,0
COG_PE,D,20120416,000000,1.5955,1.5955,1.5955,1.5955,0,0
COG_PE,D,20120417,000000,1.5955,1.5955,1.5955,1.5955,0,0
COG_PE,D,20120418,000000,1.5955,1.5955,1.5955,1.5955,0,0
COG_PE,D,20120419,000000,1.5955,1.5955,1.5955,1.5955,0,0
COG_PE,D,20120420,000000,1.5955,1.5955,1.5157,1.5157,0,0
COG_PE,D,20120423,000000,1.5157,1.5157,1.3561,1.5157,0,0
COG_PE,D,20120424,000000,1.4359,1.5157,1.4359,1.4359,0,0
COG_PE,D,20120425,000000,1.4359,1.5157,1.4359,1.4359,0,0
COG_PE,D,20120426,000000,1.4359,1.5157,1.4359,1.4359,0,0
COG_PE,D,20120427,000000,1.4359,1.4359,1.4359,1.4359,0,0
COG_PE,D,20120430,000000,1.4359,1.5157,1.4359,1.5157,0,0
COG_PE,D,20120502,000000,1.5157,1.5157,1.5157,1.5157,0,0
COG_PE,D,20120504,000000,1.5157,1.5157,1.5157,1.5157,0,0
COG_PE,D,20120507,000000,1.5157,1.5157,1.4359,1.5157,0,0
COG_PE,D,20120508,000000,1.5157,1.5157,1.5157,1.5157,0,0
COG_PE,D,20120509,000000,1.5157,1.5157,1.5157,1.5157,0,0
COG_PE,D,20120510,000000,1.5157,1.5157,1.4359,1.4359,0,0
COG_PE,D,20120511,000000,1.4359,1.5157,1.4359,1.4359,0,0
COG_PE,D,20120514,000000,1.4359,1.4359,1.3561,1.4359,0,0
COG_PE,D,20120515,000000,1.5157,1.5157,1.4359,1.5157,0,0
COG_PE,D,20120516,000000,1.4359,1.5157,1.3561,1.3561,0,0
COG_PE,D,20120517,000000,1.3561,1.6753,1.2763,1.6753,0,0
COG_PE,D,20120518,000000,1.5955,1.6753,1.5955,1.5955,0,0
COG_PE,D,20120521,000000,1.5955,1.6753,1.5955,1.6753,0,0
COG_PE,D,20120522,000000,1.6753,1.6753,1.5955,1.6753,0,0
COG_PE,D,20120523,000000,1.6753,1.6753,1.5157,1.5157,0,0
COG_PE,D,20120524,000000,1.5955,1.5955,1.4359,1.5955,0,0
COG_PE,D,20120525,000000,1.5955,1.5955,1.5157,1.5157,0,0
COG_PE,D,20120528,000000,1.5157,1.5955,1.5157,1.5955,0,0
COG_PE,D,20120529,000000,1.5955,1.5955,1.5157,1.5955,0,0
COG_PE,D,20120530,000000,1.5157,1.5157,1.4359,1.4359,0,0
COG_PE,D,20120531,000000,1.4359,1.4359,1.3561,1.4359,0,0
COG_PE,D,20120601,000000,1.5157,1.5157,1.4359,1.4359,0,0
COG_PE,D,20120604,000000,1.4359,1.4359,1.3561,1.4359,0,0
COG_PE,D,20120605,000000,1.3561,1.4359,1.3561,1.3561,0,0
COG_PE,D,20120606,000000,1.3561,1.4359,1.3561,1.4359,0,0
COG_PE,D,20120608,000000,1.4359,1.5157,1.4359,1.5157,0,0
COG_PE,D,20120611,000000,1.5157,1.5955,1.5157,1.5955,0,0
COG_PE,D,20120612,000000,1.5955,1.5955,1.5157,1.5955,0,0
COG_PE,D,20120613,000000,1.5955,1.5955,1.5157,1.5157,0,0
COG_PE,D,20120614,000000,1.5157,1.5157,1.4359,1.5157,0,0
COG_PE,D,20120615,000000,1.5955,1.5955,1.5157,1.5157,0,0
COG_PE,D,20120618,000000,1.5955,1.5955,1.4359,1.5157,0,0
COG_PE,D,20120619,000000,1.5157,1.5157,1.4359,1.4359,0,0
COG_PE,D,20120620,000000,1.4359,1.4359,1.4359,1.4359,0,0
COG_PE,D,20120621,000000,1.4359,1.4359,1.4359,1.4359,0,0
COG_PE,D,20120622,000000,1.4359,1.5157,1.3561,1.4359,0,0
COG_PE,D,20120625,000000,1.4359,1.4359,1.4359,1.4359,0,0
COG_PE,D,20120626,000000,1.4359,1.4359,1.4359,1.4359,0,0
COG_PE,D,20120627,000000,1.4359,1.4359,1.4359,1.4359,0,0
COG_PE,D,20120628,000000,1.4359,1.4359,1.3561,1.4359,0,0
COG_PE,D,20120629,000000,1.4359,1.4359,1.4359,1.4359,0,0
COG_PE,D,20120702,000000,1.5157,1.5157,1.4359,1.4359,0,0
COG_PE,D,20120703,000000,1.4359,1.4359,1.4359,1.4359,0,0
COG_PE,D,20120704,000000,1.4359,1.4359,1.4359,1.4359,0,0
COG_PE,D,20120705,000000,1.4359,1.755,1.4359,1.755,0,0
COG_PE,D,20120706,000000,1.6753,1.9943,1.6753,1.6753,0,0
COG_PE,D,20120709,000000,1.755,1.755,1.5955,1.5955,0,0
COG_PE,D,20120710,000000,1.5955,1.5955,1.5157,1.5157,0,0
COG_PE,D,20120711,000000,1.5955,1.5955,1.4359,1.5157,0,0
COG_PE,D,20120712,000000,1.5157,1.5157,1.4359,1.4359,0,0
COG_PE,D,20120713,000000,1.4359,1.4359,1.4359,1.4359,0,0
COG_PE,D,20120716,000000,1.5157,1.5157,1.2763,1.3561,0,0
COG_PE,D,20120717,000000,1.3561,1.3561,1.2763,1.2763,0,0
COG_PE,D,20120718,000000,1.2763,1.3561,1.2763,1.3561,0,0
COG_PE,D,20120719,000000,1.3561,1.3561,1.3561,1.3561,0,0
COG_PE,D,20120720,000000,1.3561,1.3561,1.3561,1.3561,0,0
COG_PE,D,20120723,000000,1.3561,1.3561,1.2763,1.2763,0,0
COG_PE,D,20120724,000000,1.2763,1.2763,1.2763,1.2763,0,0
COG_PE,D,20120725,000000,1.2763,1.3561,1.2763,1.3561,0,0
COG_PE,D,20120726,000000,1.3561,1.3561,1.3561,1.3561,0,0
COG_PE,D,20120727,000000,1.3561,1.3561,1.3561,1.3561,0,0
COG_PE,D,20120730,000000,1.3561,1.3561,1.3561,1.3561,0,0
COG_PE,D,20120731,000000,1.3561,1.3561,1.2763,1.2763,0,0
COG_PE,D,20120801,000000,1.3561,1.3561,1.2763,1.2763,0,0
COG_PE,D,20120802,000000,1.2763,1.3561,1.2763,1.3561,0,0
COG_PE,D,20120803,000000,1.3561,1.4359,1.3561,1.4359,0,0
COG_PE,D,20120806,000000,1.4359,1.5157,1.4359,1.4359,0,0
COG_PE,D,20120807,000000,1.4359,1.4359,1.3561,1.3561,0,0
COG_PE,D,20120808,000000,1.4359,1.4359,1.3561,1.3561,0,0
COG_PE,D,20120809,000000,1.3561,1.3561,1.3561,1.3561,0,0
COG_PE,D,20120810,000000,1.3561,1.3561,1.3561,1.3561,0,0
COG_PE,D,20120813,000000,1.3561,1.4359,1.3561,1.4359,0,0
COG_PE,D,20120814,000000,1.4359,1.4359,1.3561,1.3561,0,0
COG_PE,D,20120816,000000,1.3561,1.3561,1.3561,1.3561,0,0
COG_PE,D,20120817,000000,1.3561,1.3561,1.3561,1.3561,0,0
COG_PE,D,20120820,000000,1.3561,1.4359,1.3561,1.4359,0,0
COG_PE,D,20120821,000000,1.4359,1.5157,1.4359,1.4359,0,0
COG_PE,D,20120822,000000,1.4359,1.4359,1.4359,1.4359,0,0
COG_PE,D,20120823,000000,1.4359,1.4359,1.3561,1.4359,0,0
COG_PE,D,20120824,000000,1.4359,1.4359,1.4359,1.4359,0,0
COG_PE,D,20120827,000000,1.4359,1.4359,1.4359,1.4359,0,0
COG_PE,D,20120828,000000,1.4359,1.4359,1.3561,1.3561,0,0
COG_PE,D,20120829,000000,1.3561,1.4359,1.3561,1.4359,0,0
COG_PE,D,20120830,000000,1.3561,1.3561,1.2763,1.2763,0,0
COG_PE,D,20120831,000000,1.2763,1.2763,1.2763,1.2763,0,0
COG_PE,D,20121119,000000,15.955,15.955,15.955,15.955,0,0
COG_PE,D,20121120,000000,15.795,17.071,15.636,17.071,0,0
COG_PE,D,20121121,000000,17.152,17.63,16.273,16.273,0,0
COG_PE,D,20121122,000000,16.672,17.789,16.273,17.071,0,0
COG_PE,D,20121123,000000,17.47,18.587,17.47,18.507,0,0
COG_PE,D,20121126,000000,18.587,18.587,17.789,18.108,0,0
COG_PE,D,20121127,000000,18.108,18.108,17.231,17.231,0,0
COG_PE,D,20121128,000000,17.071,17.869,17.071,17.55,0,0
COG_PE,D,20121129,000000,17.47,17.869,16.991,16.991,0,0
COG_PE,D,20121130,000000,17.231,17.47,16.912,17.47,0,0
COG_PE,D,20121203,000000,17.63,17.869,17.231,17.55,0,0
COG_PE,D,20121204,000000,17.63,17.63,16.273,17.071,0,0
COG_PE,D,20121205,000000,17.47,17.47,17.071,17.152,0,0
COG_PE,D,20121206,000000,16.753,17.47,16.753,17.47,0,0
COG_PE,D,20121207,000000,16.991,17.39,16.991,17.39,0,0
COG_PE,D,20121210,000000,16.912,17.311,16.753,16.832,0,0
COG_PE,D,20121211,000000,16.832,17.39,16.832,17.152,0,0
COG_PE,D,20121212,000000,17.152,17.152,16.912,17.071,0,0
COG_PE,D,20121213,000000,17.152,17.152,16.672,17.071,0,0
COG_PE,D,20121214,000000,16.593,16.753,16.593,16.753,0,0
COG_PE,D,20121217,000000,16.672,16.912,16.513,16.593,0,0
COG_PE,D,20121218,000000,16.593,16.672,16.035,16.593,0,0
COG_PE,D,20121219,000000,16.672,16.672,15.795,16.114,0,0
COG_PE,D,20121220,000000,16.273,16.433,15.955,16.035,0,0
COG_PE,D,20121221,000000,16.273,16.273,15.795,16.114,0,0
COG_PE,D,20121227,000000,15.955,16.273,15.874,16.273,0,0
COG_PE,D,20121228,000000,15.955,16.593,15.795,16.593,0,0
COG_PE,D,20130102,000000,16.035,16.672,16.035,16.672,0,0
COG_PE,D,20130103,000000,16.433,17.231,16.433,16.753,0,0
COG_PE,D,20130104,000000,16.753,16.753,16.513,16.672,0,0
COG_PE,D,20130107,000000,16.433,16.753,16.433,16.672,0,0
COG_PE,D,20130108,000000,16.672,16.672,16.354,16.513,0,0
COG_PE,D,20130109,000000,16.354,16.672,16.354,16.593,0,0
COG_PE,D,20130110,000000,16.354,16.753,16.354,16.753,0,0
COG_PE,D,20130111,000000,16.753,17.152,16.753,16.912,0,0
COG_PE,D,20130114,000000,16.991,17.63,16.912,17.071,0,0
COG_PE,D,20130115,000000,17.152,17.152,16.433,16.912,0,0
COG_PE,D,20130116,000000,16.433,16.912,16.433,16.912,0,0
COG_PE,D,20130117,000000,16.593,16.912,16.513,16.832,0,0
COG_PE,D,20130118,000000,16.753,17.152,16.753,17.152,0,0
COG_PE,D,20130121,000000,16.753,17.071,16.593,17.071,0,0
COG_PE,D,20130122,000000,17.071,17.231,16.832,17.071,0,0
COG_PE,D,20130123,000000,17.071,17.231,16.991,17.231,0,0
COG_PE,D,20130124,000000,17.071,17.311,16.991,17.071,0,0
COG_PE,D,20130125,000000,17.152,17.152,16.991,17.152,0,0
COG_PE,D,20130128,000000,17.152,17.152,16.832,17.071,0,0
COG_PE,D,20130129,000000,16.832,17.071,16.832,17.071,0,0
COG_PE,D,20130130,000000,17.071,17.071,16.832,17.071,0,0
COG_PE,D,20130131,000000,16.832,16.832,16.433,16.513,0,0
COG_PE,D,20130201,000000,16.513,16.513,16.194,16.513,0,0
COG_PE,D,20130204,000000,16.593,17.071,16.593,16.832,0,0
COG_PE,D,20130205,000000,16.672,16.991,16.672,16.991,0,0
COG_PE,D,20130206,000000,16.672,16.991,16.114,16.912,0,0
COG_PE,D,20130207,000000,16.832,16.912,16.273,16.832,0,0
COG_PE,D,20130208,000000,16.753,16.753,16.433,16.672,0,0
COG_PE,D,20130211,000000,16.672,16.912,16.593,16.832,0,0
COG_PE,D,20130212,000000,16.672,16.912,16.513,16.912,0,0
COG_PE,D,20130213,000000,16.593,16.991,16.593,16.991,0,0
COG_PE,D,20130214,000000,16.672,16.753,16.593,16.753,0,0
COG_PE,D,20130215,000000,16.593,16.753,16.273,16.354,0,0
COG_PE,D,20130218,000000,16.513,16.513,16.273,16.433,0,0
COG_PE,D,20130219,000000,16.273,16.354,16.273,16.354,0,0
COG_PE,D,20130220,000000,16.273,16.753,16.273,16.672,0,0
COG_PE,D,20130221,000000,16.354,16.672,16.273,16.672,0,0
COG_PE,D,20130222,000000,16.433,16.672,16.433,16.672,0,0
COG_PE,D,20130225,000000,16.433,16.672,16.433,16.513,0,0
COG_PE,D,20130226,000000,16.354,16.672,16.273,16.672,0,0
COG_PE,D,20130227,000000,16.832,16.832,16.513,16.513,0,0
COG_PE,D,20130228,000000,16.433,16.912,16.433,16.912,0,0
COG_PE,D,20130301,000000,16.593,16.912,16.513,16.672,0,0
COG_PE,D,20130304,000000,16.513,16.753,16.114,16.753,0,0
COG_PE,D,20130305,000000,16.513,16.753,16.354,16.753,0,0
COG_PE,D,20130306,000000,16.672,16.753,16.354,16.672,0,0
COG_PE,D,20130307,000000,16.753,16.753,16.354,16.433,0,0
COG_PE,D,20130308,000000,16.354,16.433,16.114,16.433,0,0
COG_PE,D,20130311,000000,16.433,16.433,16.114,16.354,0,0
COG_PE,D,20130312,000000,16.354,16.672,16.194,16.194,0,0
COG_PE,D,20130313,000000,16.513,16.593,16.035,16.273,0,0
COG_PE,D,20130314,000000,16.114,16.273,16.035,16.035,0,0
COG_PE,D,20130315,000000,16.114,16.273,15.795,15.955,0,0
COG_PE,D,20130318,000000,15.955,15.955,15.396,15.874,0,0
COG_PE,D,20130319,000000,15.715,16.194,15.556,16.194,0,0
COG_PE,D,20130320,000000,15.874,15.874,15.476,15.636,0,0
COG_PE,D,20130321,000000,15.556,15.556,14.279,14.997,0,0
COG_PE,D,20130322,000000,14.598,15.396,13.88,14.838,0,0
COG_PE,D,20130325,000000,14.2,15.396,14.12,14.838,0,0
COG_PE,D,20140909,000000,29.835,29.835,29.835,29.835,0,0
COG_PE,D,20140910,000000,29.995,29.995,29.516,29.995,0,0
COG_PE,D,20140911,000000,30.872,30.872,30.872,30.872,0,0
COG_PE,D,20140912,000000,30.234,30.872,30.234,30.872,0,0
COG_PE,D,20140915,000000,30.553,30.553,30.473,30.473,0,0
COG_PE,D,20140916,000000,29.995,30.633,29.995,30.633,0,0
COG_PE,D,20140917,000000,30.473,30.872,30.074,30.872,0,0
COG_PE,D,20140918,000000,30.234,30.713,30.234,30.633,0,0
COG_PE,D,20140919,000000,30.234,30.473,29.915,30.314,0,0
COG_PE,D,20140922,000000,30.154,31.191,30.154,30.872,0,0
COG_PE,D,20140923,000000,30.553,30.872,30.314,30.314,0,0
COG_PE,D,20140924,000000,30.154,30.314,29.995,30.314,0,0
COG_PE,D,20140925,000000,30.154,30.633,30.154,30.633,0,0
COG_PE,D,20140926,000000,30.234,30.234,29.755,29.995,0,0
COG_PE,D,20140929,000000,30.633,30.872,30.314,30.314,0,0
COG_PE,D,20140930,000000,30.154,30.872,29.995,30.872,0,0
COG_PE,D,20141001,000000,30.234,30.872,29.835,29.835,0,0
COG_PE,D,20141002,000000,29.835,29.835,28.957,29.675,0,0
COG_PE,D,20141003,000000,29.356,30.473,29.356,30.473,0,0
COG_PE,D,20141006,000000,29.835,29.835,29.197,29.197,0,0
COG_PE,D,20141007,000000,29.356,29.915,29.197,29.356,0,0
COG_PE,D,20141008,000000,29.197,29.516,29.197,29.356,0,0
COG_PE,D,20141009,000000,29.835,30.314,29.835,30.314,0,0
COG_PE,D,20141010,000000,29.835,30.154,29.835,30.154,0,0
COG_PE,D,20141013,000000,29.675,29.995,29.516,29.995,0,0
COG_PE,D,20141014,000000,29.995,29.995,29.516,29.516,0,0
COG_PE,D,20141015,000000,29.516,29.516,29.356,29.356,0,0
COG_PE,D,20141016,000000,29.516,29.516,29.197,29.197,0,0
COG_PE,D,20141017,000000,29.356,29.915,29.356,29.835,0,0
COG_PE,D,20141022,000000,29.835,29.835,29.835,29.835,0,0
COG_PE,D,20141023,000000,29.835,30.633,29.835,30.633,0,0
COG_PE,D,20141024,000000,31.032,31.032,30.154,30.633,0,0
COG_PE,D,20141027,000000,30.314,30.314,29.356,29.995,0,0
COG_PE,D,20141028,000000,29.995,29.995,29.995,29.995,0,0
COG_PE,D,20141029,000000,30.154,30.154,29.516,30.154,0,0
COG_PE,D,20141030,000000,29.675,30.154,29.675,30.154,0,0
COG_PE,D,20141031,000000,29.675,30.633,29.675,30.633,0,0
COG_PE,D,20141103,000000,30.074,30.074,29.755,29.995,0,0
COG_PE,D,20141104,000000,29.995,30.473,29.835,29.995,0,0
COG_PE,D,20141105,000000,30.154,30.154,29.516,30.154,0,0
COG_PE,D,20141106,000000,29.356,29.995,29.356,29.995,0,0
COG_PE,D,20141107,000000,29.516,29.995,29.516,29.835,0,0
COG_PE,D,20141110,000000,29.835,29.835,29.675,29.675,0,0
COG_PE,D,20141112,000000,29.995,30.633,29.835,29.835,0,0
COG_PE,D,20141113,000000,30.154,30.154,30.154,30.154,0,0
COG_PE,D,20141114,000000,30.154,30.154,29.675,30.154,0,0
COG_PE,D,20141117,000000,29.675,29.675,26.165,26.165,0,0
COG_PE,D,20150324,000000,2268.5,2268.5,2268.5,2268.5,0,0
COG_PE,D,20150325,000000,2297.46,2345.33,2233.64,2268.5,0,0
COG_PE,D,20150326,000000,2233.64,2297.46,2233.64,2237.39,0,0
COG_PE,D,20150327,000000,2345.33,2345.33,2233.64,2237.39,0,0
COG_PE,D,20150330,000000,2297.46,2297.46,2159.69,2159.69,0,0
COG_PE,D,20150331,000000,2201.73,2457.01,2201.73,2346.12,0,0
COG_PE,D,20150401,000000,2425.09,2696.32,2425.09,2594.77,0,0
COG_PE,D,20150402,000000,2664.42,2664.42,2536.77,2563.66,0,0
COG_PE,D,20150407,000000,2584.64,2776.1,2584.64,2703.51,0,0
COG_PE,D,20150408,000000,2776.1,2776.1,2610.33,2610.33,0,0
COG_PE,D,20150409,000000,2680.37,2744.18,2641.36,2641.36,0,0
COG_PE,D,20150410,000000,2648.46,2680.37,2594.77,2594.77,0,0
COG_PE,D,20150413,000000,2728.23,2728.23,2470.49,2470.49,0,0
COG_PE,D,20150414,000000,2648.46,2664.42,2552.74,2594.77,0,0
COG_PE,D,20150415,000000,2664.42,2664.42,2563.66,2563.66,0,0
COG_PE,D,20150416,000000,2632.5,2680.37,2568.69,2610.33,0,0
COG_PE,D,20150417,000000,2632.5,2760.15,2584.64,2687.94,0,0
COG_PE,D,20150420,000000,2744.18,2792.05,2696.32,2719.06,0,0
COG_PE,D,20150421,000000,2776.1,2792.05,2719.06,2719.06,0,0
COG_PE,D,20150422,000000,2776.1,2776.1,2641.36,2641.36,0,0
COG_PE,D,20150423,000000,2712.28,2744.18,2656.92,2656.92,0,0
COG_PE,D,20150424,000000,2648.46,2728.23,2517.08,2517.08,0,0
COG_PE,D,20150427,000000,2680.37,2680.37,2532.63,2532.63,0,0
COG_PE,D,20150428,000000,2584.64,2680.37,2584.64,2594.77,0,0
COG_PE,D,20150429,000000,2664.42,2664.42,2548.1,2548.1,0,0
COG_PE,D,20150430,000000,2552.74,2616.55,2520.82,2548.1,0,0
COG_PE,D,20150504,000000,2536.77,2664.42,2536.77,2579.21,0,0
COG_PE,D,20150505,000000,2632.5,2632.5,2501.52,2501.52,0,0
COG_PE,D,20150506,000000,2568.69,2648.46,2568.69,2579.21,0,0
COG_PE,D,20150507,000000,2632.5,2648.46,2579.21,2579.21,0,0
COG_PE,D,20150508,000000,2648.46,2776.1,2616.55,2703.51,0,0
COG_PE,D,20150511,000000,2712.28,2903.73,2712.28,2812.31,0,0
COG_PE,D,20150512,000000,2887.78,2935.64,2855.87,2858.9,0,0
COG_PE,D,20150513,000000,2935.64,2935.64,2765.65,2765.65,0,0
COG_PE,D,20150514,000000,2839.91,2903.73,2765.65,2765.65,0,0
COG_PE,D,20150515,000000,2839.91,2871.83,2796.76,2796.76,0,0
COG_PE,D,20150518,000000,2632.5,2632.5,2520.82,2532.63,0,0
COG_PE,D,20150519,000000,2600.6,2680.37,2600.6,2610.33,0,0
COG_PE,D,20150520,000000,2632.5,2680.37,2594.77,2594.77,0,0
COG_PE,D,20150521,000000,2632.5,2664.42,2548.1,2548.1,0,0
COG_PE,D,20150522,000000,2616.55,2616.55,2548.1,2548.1,0,0
COG_PE,D,20150525,000000,2600.6,2600.6,2532.63,2532.63,0,0
COG_PE,D,20150526,000000,2536.77,2616.55,2532.63,2532.63,0,0
COG_PE,D,20150527,000000,2552.74,2584.64,2517.08,2517.08,0,0
COG_PE,D,20150528,000000,2536.77,2536.77,59.431,59.431,0,0
COG_PE,D,20150529,000000,58.154,59.032,56.08,57.755,0,0
COG_PE,D,20150601,000000,56.479,58.154,56.08,57.356,0,0
COG_PE,D,20150602,000000,57.356,57.356,55.682,56.08,0,0
COG_PE,D,20150603,000000,56.08,56.08,54.007,55.283,0,0
COG_PE,D,20150605,000000,56.958,57.755,56.08,57.356,0,0
COG_PE,D,20150608,000000,56.479,56.559,54.884,56.559,0,0
COG_PE,D,20150609,000000,57.755,57.755,54.884,55.283,0,0
COG_PE,D,20150610,000000,54.884,63.18,54.884,63.18,0,0
COG_PE,D,20150611,000000,63.978,65.254,62.302,62.382,0,0
COG_PE,D,20150612,000000,62.701,62.701,62.302,62.382,0,0
COG_PE,D,20150615,000000,62.302,63.978,58.553,59.431,0,0
COG_PE,D,20150616,000000,60.229,61.106,59.032,60.707,0,0
COG_PE,D,20150617,000000,60.628,61.904,60.229,61.505,0,0
COG_PE,D,20150618,000000,61.505,61.904,61.106,61.505,0,0
COG_PE,D,20150619,000000,61.904,61.904,60.229,60.707,0,0
COG_PE,D,20150622,000000,60.628,61.904,60.229,61.904,0,0
COG_PE,D,20150623,000000,61.904,62.302,61.505,61.904,0,0
COG_PE,D,20150624,000000,61.904,61.904,57.356,60.229,0,0
COG_PE,D,20150625,000000,57.755,60.229,57.755,58.154,0,0
COG_PE,D,20150626,000000,57.755,58.154,57.755,58.154,0,0
COG_PE,D,20150629,000000,56.958,56.958,54.405,55.682,0,0
COG_PE,D,20150630,000000,55.682,56.958,54.405,55.283,0,0
COG_PE,D,20150701,000000,55.283,58.154,55.283,58.154,0,0
COG_PE,D,20150702,000000,58.154,58.154,56.08,56.08,0,0
COG_PE,D,20150703,000000,58.154,58.154,55.682,56.958,0,0
COG_PE,D,20150706,000000,56.08,57.755,56.08,57.356,0,0
COG_PE,D,20150707,000000,57.356,57.356,56.08,56.958,0,0
COG_PE,D,20150708,000000,56.479,57.356,55.283,56.958,0,0
COG_PE,D,20150709,000000,56.958,56.958,54.405,56.958,0,0
COG_PE,D,20150710,000000,54.405,58.235,54.405,58.235,0,0
COG_PE,D,20150713,000000,58.154,60.229,58.154,59.909,0,0
COG_PE,D,20150714,000000,59.83,59.909,56.958,59.909,0,0
COG_PE,D,20150715,000000,58.553,59.83,56.08,57.836,0,0
COG_PE,D,20150716,000000,57.755,61.106,57.755,60.308,0,0
COG_PE,D,20150717,000000,61.904,61.904,61.505,61.584,0,0
COG_PE,D,20150720,000000,61.505,61.505,59.431,60.707,0,0
COG_PE,D,20150721,000000,60.628,60.707,59.431,60.707,0,0
COG_PE,D,20150722,000000,59.83,59.83,59.431,59.511,0,0
COG_PE,D,20150723,000000,59.431,61.505,59.431,61.106,0,0
COG_PE,D,20150724,000000,59.431,61.505,59.431,61.106,0,0
COG_PE,D,20150727,000000,61.505,63.18,61.505,61.904,0,0
COG_PE,D,20150728,000000,61.505,61.983,61.106,61.983,0,0
COG_PE,D,20150729,000000,61.904,63.18,61.106,61.584,0,0
COG_PE,D,20150730,000000,59.431,59.511,59.032,59.511,0,0
COG_PE,D,20150731,000000,57.356,61.505,57.356,59.032,0,0
COG_PE,D,20150803,000000,60.628,60.628,58.154,58.235,0,0
COG_PE,D,20150804,000000,57.356,59.431,57.356,57.437,0,0
COG_PE,D,20150805,000000,58.154,59.431,58.154,58.713,0,0
COG_PE,D,20150806,000000,58.154,59.112,56.479,59.112,0,0
COG_PE,D,20150807,000000,57.356,59.511,57.356,59.511,0,0
COG_PE,D,20150810,000000,59.83,59.83,57.356,57.836,0,0
COG_PE,D,20150811,000000,56.958,58.235,56.479,58.235,0,0
COG_PE,D,20150812,000000,58.154,58.235,58.154,58.235,0,0
COG_PE,D,20150813,000000,56.08,58.154,54.007,57.038,0,0
COG_PE,D,20150814,000000,56.479,56.479,55.682,56.16,0,0
COG_PE,D,20150817,000000,56.479,56.479,51.134,52.41,0,0
COG_PE,D,20150818,000000,52.331,53.608,51.533,52.89,0,0
COG_PE,D,20150819,000000,52.73,55.682,52.73,55.362,0,0
COG_PE,D,20150820,000000,56.08,56.16,52.73,56.16,0,0
COG_PE,D,20150821,000000,56.08,56.638,56.08,56.638,0,0
COG_PE,D,20150824,000000,56.479,56.479,49.858,51.613,0,0
COG_PE,D,20150825,000000,49.858,54.405,49.858,53.687,0,0
COG_PE,D,20150826,000000,50.257,52.89,50.257,52.89,0,0
COG_PE,D,20150827,000000,50.656,53.209,50.656,52.89,0,0
COG_PE,D,20150828,000000,51.134,51.613,50.656,51.613,0,0
COG_PE,D,20150831,000000,51.134,51.134,49.858,51.134,0,0
COG_PE,D,20161121,000000,20.023,20.023,20.023,20.023,0,0
COG_PE,D,20161122,000000,19.624,20.102,19.146,20.102,0,0
COG_PE,D,20161123,000000,20.102,20.102,19.704,19.864,0,0
COG_PE,D,20161124,000000,19.624,20.183,19.146,19.864,0,0
COG_PE,D,20161125,000000,19.305,20.422,19.146,20.422,0,0
COG_PE,D,20161128,000000,20.422,20.821,19.864,19.864,0,0
COG_PE,D,20161129,000000,20.422,21.459,20.422,20.981,0,0
COG_PE,D,20161130,000000,21.14,21.858,20.821,21.858,0,0
COG_PE,D,20161201,000000,22.017,22.017,21.14,21.299,0,0
COG_PE,D,20161202,000000,21.299,22.017,20.981,21.379,0,0
COG_PE,D,20161205,000000,21.219,21.379,20.821,20.821,0,0
COG_PE,D,20161206,000000,20.821,21.14,20.821,21.14,0,0
COG_PE,D,20161207,000000,21.14,21.299,20.9,21.14,0,0
COG_PE,D,20161208,000000,21.14,21.14,20.821,20.821,0,0
COG_PE,D,20161209,000000,20.821,21.698,20.821,21.379,0,0
COG_PE,D,20161212,000000,21.379,21.698,20.821,20.821,0,0
COG_PE,D,20161213,000000,20.981,22.416,20.981,21.379,0,0
COG_PE,D,20161214,000000,21.937,22.416,21.219,22.416,0,0
COG_PE,D,20161215,000000,22.735,22.735,21.539,21.858,0,0
COG_PE,D,20161216,000000,22.177,22.416,21.698,22.416,0,0
COG_PE,D,20161219,000000,22.416,22.416,21.858,22.017,0,0
COG_PE,D,20161220,000000,21.858,22.416,21.858,22.017,0,0
COG_PE,D,20161221,000000,22.257,22.257,21.858,21.858,0,0
COG_PE,D,20161222,000000,21.858,21.858,21.379,21.379,0,0
COG_PE,D,20161223,000000,21.379,22.416,21.379,22.097,0,0
COG_PE,D,20161227,000000,21.539,22.097,21.379,22.017,0,0
COG_PE,D,20161228,000000,22.177,22.177,21.539,21.539,0,0
COG_PE,D,20161229,000000,21.379,21.858,21.219,21.698,0,0
COG_PE,D,20161230,000000,21.698,21.858,21.379,21.698,0,0
COG_PE,D,20170102,000000,21.858,21.858,21.219,21.299,0,0
COG_PE,D,20170103,000000,21.299,22.975,21.299,22.975,0,0
COG_PE,D,20170104,000000,23.214,23.772,22.416,22.656,0,0
COG_PE,D,20170105,000000,22.656,24.969,22.656,24.092,0,0
COG_PE,D,20170109,000000,24.491,26.245,24.491,25.926,0,0
COG_PE,D,20170110,000000,25.926,26.245,25.209,25.527,0,0
COG_PE,D,20170111,000000,25.368,25.926,25.048,25.846,0,0
COG_PE,D,20170112,000000,25.527,25.687,24.969,25.209,0,0
COG_PE,D,20170113,000000,25.607,25.607,24.251,24.57,0,0
COG_PE,D,20170116,000000,24.57,25.687,24.57,25.687,0,0
COG_PE,D,20170117,000000,25.447,26.804,25.288,25.527,0,0
COG_PE,D,20170118,000000,24.969,25.527,24.969,25.527,0,0
COG_PE,D,20170119,000000,25.767,26.086,25.209,26.086,0,0
COG_PE,D,20170120,000000,25.527,26.963,25.527,26.963,0,0
COG_PE,D,20170123,000000,26.963,27.522,26.724,27.123,0,0
COG_PE,D,20170124,000000,27.282,27.681,26.644,26.644,0,0
COG_PE,D,20170125,000000,27.761,27.921,27.602,27.761,0,0
COG_PE,D,20170126,000000,27.761,28.479,27.362,28.08,0,0
COG_PE,D,20170127,000000,28.08,28.08,27.043,27.681,0,0
COG_PE,D,20170130,000000,28,28,26.804,26.963,0,0
COG_PE,D,20170131,000000,27.282,27.362,26.724,27.203,0,0
COG_PE,D,20170201,000000,27.362,27.681,27.203,27.681,0,0
COG_PE,D,20170202,000000,27.522,27.681,27.362,27.681,0,0
COG_PE,D,20170203,000000,27.282,27.522,26.963,27.362,0,0
COG_PE,D,20170206,000000,27.043,27.043,26.485,26.883,0,0
COG_PE,D,20170207,000000,26.245,26.804,26.245,26.804,0,0
COG_PE,D,20170208,000000,27.203,27.203,25.846,25.846,0,0
COG_PE,D,20170209,000000,25.527,27.123,25.527,27.123,0,0
COG_PE,D,20170210,000000,27.522,27.522,26.245,26.804,0,0
COG_PE,D,20170213,000000,26.804,26.883,26.245,26.485,0,0
COG_PE,D,20170214,000000,26.644,26.883,26.325,26.405,0,0
COG_PE,D,20170215,000000,26.405,27.282,26.405,26.485,0,0
COG_PE,D,20170216,000000,26.644,28.24,26.644,28.24,0,0
COG_PE,D,20170217,000000,28.399,28.399,27.123,27.921,0,0
COG_PE,D,20170220,000000,27.921,28.16,27.602,27.921,0,0
COG_PE,D,20170221,000000,28.16,28.32,27.761,28.24,0,0
COG_PE,D,20170222,000000,28.399,28.399,28.24,28.399,0,0
COG_PE,D,20170223,000000,28.399,28.399,27.522,28.24,0,0
COG_PE,D,20170224,000000,27.681,28.399,27.362,27.362,0,0
COG_PE,D,20170227,000000,27.043,27.921,27.043,27.362,0,0
COG_PE,D,20170228,000000,27.043,27.203,26.325,27.123,0,0
COG_PE,D,20170301,000000,27.841,28,26.724,27.123,0,0
COG_PE,D,20170302,000000,27.123,27.841,27.123,27.362,0,0
COG_PE,D,20170303,000000,27.043,27.362,26.883,27.203,0,0
COG_PE,D,20170306,000000,27.522,27.522,26.644,27.123,0,0
COG_PE,D,20170307,000000,26.963,27.522,26.963,27.203,0,0
COG_PE,D,20170308,000000,26.644,27.203,26.325,26.963,0,0
COG_PE,D,20170309,000000,26.564,26.564,25.687,26.405,0,0
COG_PE,D,20170310,000000,25.527,26.405,25.288,25.527,0,0
COG_PE,D,20170313,000000,25.767,26.644,25.767,26.644,0,0
COG_PE,D,20170314,000000,26.325,26.485,25.527,25.846,0,0
COG_PE,D,20170315,000000,26.405,26.405,25.846,26.245,0,0
COG_PE,D,20170316,000000,25.846,26.564,25.846,26.485,0,0
COG_PE,D,20170317,000000,26.086,26.644,25.767,26.485,0,0
COG_PE,D,20170320,000000,26.485,26.644,26.245,26.644,0,0
COG_PE,D,20170321,000000,26.644,27.362,26.644,27.362,0,0
COG_PE,D,20170322,000000,26.086,26.644,25.926,26.644,0,0
COG_PE,D,20170323,000000,26.644,75.704,25.527,75.704,0,0
COG_PE,D,20170324,000000,75.704,76.502,74.428,75.704,0,0
COG_PE,D,20170327,000000,73.631,74.827,73.631,73.631,0,0
COG_PE,D,20170328,000000,73.631,73.631,71.157,71.636,0,0
COG_PE,D,20170329,000000,71.556,71.556,69.961,69.961,0,0
COG_PE,D,20170330,000000,65.494,68.764,65.494,68.764,0,0
COG_PE,D,20170331,000000,67.089,68.286,67.089,67.089,0,0
COG_PE,D,20170403,000000,66.292,67.488,65.494,65.494,0,0
COG_PE,D,20170404,000000,67.488,67.568,65.015,67.568,0,0
COG_PE,D,20170405,000000,65.893,69.163,65.893,69.163,0,0
COG_PE,D,20170407,000000,67.089,68.365,66.691,68.365,0,0
COG_PE,D,20170410,000000,66.292,66.292,65.494,66.292,0,0
COG_PE,D,20170411,000000,66.292,66.292,64.616,65.494,0,0
COG_PE,D,20170412,000000,64.616,65.494,64.616,65.494,0,0
COG_PE,D,20170413,000000,64.217,64.217,61.744,63.818,0,0
COG_PE,D,20170418,000000,63.818,64.695,63.818,64.695,0,0
COG_PE,D,20170419,000000,64.616,65.015,64.217,64.297,0,0
COG_PE,D,20170420,000000,64.217,66.292,64.217,65.893,0,0
COG_PE,D,20170421,000000,66.691,66.691,64.616,64.695,0,0
COG_PE,D,20170424,000000,64.616,66.292,64.616,65.893,0,0
COG_PE,D,20170425,000000,65.893,65.893,63.021,65.094,0,0
COG_PE,D,20170426,000000,64.217,64.616,63.021,63.818,0,0
COG_PE,D,20170427,000000,63.818,66.691,63.818,66.691,0,0
COG_PE,D,20170428,000000,65.494,67.967,65.494,67.967,0,0
COG_PE,D,20170502,000000,67.887,72.833,67.887,72.833,0,0
COG_PE,D,20170504,000000,72.833,72.833,71.157,71.237,0,0
COG_PE,D,20170505,000000,70.36,70.838,70.36,70.838,0,0
COG_PE,D,20170508,000000,70.758,72.434,69.562,72.434,0,0
COG_PE,D,20170509,000000,72.434,74.827,72.434,73.232,0,0
COG_PE,D,20170510,000000,74.827,74.827,72.833,73.232,0,0
COG_PE,D,20170511,000000,72.833,73.631,72.035,73.232,0,0
COG_PE,D,20170512,000000,69.961,73.232,69.961,73.232,0,0
COG_PE,D,20170515,000000,72.035,73.631,72.035,72.833,0,0
COG_PE,D,20170516,000000,76.103,76.103,71.556,72.434,0,0
COG_PE,D,20170517,000000,72.434,74.03,66.691,71.237,0,0
COG_PE,D,20170518,000000,69.961,71.556,67.488,71.237,0,0
COG_PE,D,20170519,000000,72.035,72.434,69.961,71.237,0,0
COG_PE,D,20170522,000000,71.157,72.434,2.9516,2.9516,0,0
COG_PE,D,20170523,000000,2.9516,2.9516,2.8718,2.8718,0,0
COG_PE,D,20170524,000000,2.8718,2.8718,2.7921,2.8718,0,0
COG_PE,D,20170525,000000,2.8718,2.8718,2.7123,2.7921,0,0
COG_PE,D,20170526,000000,2.7921,2.9516,2.7921,2.9516,0,0
COG_PE,D,20170529,000000,2.9516,3.0314,2.9516,2.9516,0,0
COG_PE,D,20170530,000000,2.9516,2.9516,2.8718,2.9516,0,0
COG_PE,D,20170531,000000,2.9516,2.9516,2.8718,2.8718,0,0
COG_PE,D,20170601,000000,2.7921,2.8718,2.7921,2.8718,0,0
COG_PE,D,20170602,000000,2.7921,2.8718,2.7921,2.7921,0,0
COG_PE,D,20170605,000000,2.7921,2.8718,2.7921,2.8718,0,0
COG_PE,D,20170606,000000,2.8718,2.8718,2.8718,2.8718,0,0
COG_PE,D,20170607,000000,2.8718,2.9516,2.8718,2.8718,0,0
COG_PE,D,20170608,000000,2.8718,2.8718,2.8718,2.8718,0,0
COG_PE,D,20170609,000000,2.8718,2.8718,2.7921,2.7921,0,0
COG_PE,D,20170612,000000,2.7921,2.8718,2.7921,2.8718,0,0
COG_PE,D,20170613,000000,2.8718,2.8718,2.8718,2.8718,0,0
COG_PE,D,20170614,000000,2.8718,2.8718,2.7123,2.7123,0,0
COG_PE,D,20170616,000000,2.7921,2.7921,2.7123,2.7123,0,0
COG_PE,D,20170619,000000,2.7123,2.7921,2.7123,2.7921,0,0
COG_PE,D,20170620,000000,2.7123,2.7921,2.7123,2.7921,0,0
COG_PE,D,20170621,000000,2.7123,2.7921,2.7123,2.7123,0,0
COG_PE,D,20170622,000000,2.7123,2.7123,2.6325,2.7123,0,0
COG_PE,D,20170623,000000,2.7123,2.7123,2.7123,2.7123,0,0
COG_PE,D,20170626,000000,2.7123,2.7123,2.6325,2.7123,0,0
COG_PE,D,20170627,000000,2.6325,2.7123,2.6325,2.7123,0,0
COG_PE,D,20170628,000000,2.6325,2.6325,2.6325,2.6325,0,0
COG_PE,D,20170629,000000,2.6325,2.6325,2.5527,2.6325,0,0
COG_PE,D,20170630,000000,2.6325,2.7123,2.6325,2.7123,0,0
COG_PE,D,20170703,000000,2.7123,2.7123,2.6325,2.7123,0,0
COG_PE,D,20170704,000000,2.7123,2.7123,2.6325,2.7123,0,0
COG_PE,D,20170705,000000,2.7123,2.7123,2.7123,2.7123,0,0
COG_PE,D,20170706,000000,2.7123,2.7123,2.6325,2.7123,0,0
COG_PE,D,20170707,000000,2.7123,2.7123,2.7123,2.7123,0,0
COG_PE,D,20170710,000000,2.7123,2.7123,2.7123,2.7123,0,0
COG_PE,D,20170711,000000,2.7123,2.7123,2.6325,2.6325,0,0
COG_PE,D,20170712,000000,2.7123,2.7123,2.6325,2.6325,0,0
COG_PE,D,20170713,000000,2.7123,2.7123,2.6325,2.6325,0,0
COG_PE,D,20170714,000000,2.7123,2.7123,2.7123,2.7123,0,0
COG_PE,D,20170717,000000,2.7123,2.7123,2.7123,2.7123,0,0
COG_PE,D,20170718,000000,2.7123,2.7123,2.7123,2.7123,0,0
COG_PE,D,20170719,000000,2.7123,2.7123,2.6325,2.7123,0,0
COG_PE,D,20170720,000000,2.7123,2.7123,2.6325,2.6325,0,0
COG_PE,D,20170721,000000,2.6325,2.6325,2.5527,2.6325,0,0
COG_PE,D,20170724,000000,2.6325,2.7123,2.3932,2.3932,0,0
COG_PE,D,20170725,000000,2.3932,2.4729,2.2336,2.3932,0,0
COG_PE,D,20170726,000000,2.3932,2.3932,2.3932,2.3932,0,0
COG_PE,D,20170727,000000,2.3932,2.3932,2.3932,2.3932,0,0
COG_PE,D,20170728,000000,2.3932,2.4729,2.3932,2.4729,0,0
COG_PE,D,20170731,000000,2.4729,2.5527,2.4729,2.5527,0,0
COG_PE,D,20170801,000000,2.4729,2.5527,2.4729,2.4729,0,0
COG_PE,D,20170802,000000,2.4729,2.4729,2.3932,2.3932,0,0
COG_PE,D,20170803,000000,2.4729,2.4729,2.3932,2.3932,0,0
COG_PE,D,20170804,000000,2.3932,2.4729,2.3932,2.4729,0,0
COG_PE,D,20170807,000000,2.4729,2.5527,2.4729,2.5527,0,0
COG_PE,D,20170808,000000,2.5527,2.5527,2.4729,2.4729,0,0
COG_PE,D,20170809,000000,2.4729,2.4729,2.3932,2.4729,0,0
COG_PE,D,20170810,000000,2.4729,2.4729,2.3932,2.3932,0,0
COG_PE,D,20170811,000000,2.3932,2.3932,2.3134,2.3134,0,0
COG_PE,D,20170814,000000,2.3932,2.3932,2.3134,2.3932,0,0
COG_PE,D,20170816,000000,2.3932,2.3932,2.3134,2.3932,0,0
COG_PE,D,20170817,000000,2.3932,2.3932,2.2336,2.2336,0,0
COG_PE,D,20170818,000000,2.2336,2.3134,2.2336,2.3134,0,0
COG_PE,D,20170821,000000,2.3134,2.3932,2.2336,2.3932,0,0
COG_PE,D,20170822,000000,2.3932,2.3932,2.3932,2.3932,0,0
COG_PE,D,20170823,000000,2.3932,2.3932,2.3932,2.3932,0,0
COG_PE,D,20170824,000000,2.3932,2.3932,2.3932,2.3932,0,0
COG_PE,D,20170825,000000,2.3932,2.5527,2.3932,2.4729,0,0
COG_PE,D,20170828,000000,2.4729,2.5527,2.4729,2.4729,0,0
COG_PE,D,20170829,000000,2.4729,2.4729,2.3932,2.4729,0,0
COG_PE,D,20170830,000000,2.4729,2.7123,2.2336,2.2336,0,0
COG_PE,D,20170831,000000,2.2336,2.3134,2.1539,2.1539,0,0
COG_PE,D,20170901,000000,2.2336,2.2336,1.9943,2.0741,0,0
COG_PE,D,20170904,000000,2.1539,2.1539,2.1539,2.1539,0,0
COG_PE,D,20170905,000000,2.1539,2.2336,2.1539,2.2336,0,0
COG_PE,D,20170906,000000,2.2336,2.2336,2.1539,2.1539,0,0
COG_PE,D,20170907,000000,2.1539,2.1539,2.0741,2.0741,0,0
COG_PE,D,20170908,000000,2.0741,2.1539,2.0741,2.1539,0,0
COG_PE,D,20170911,000000,2.1539,2.1539,2.1539,2.1539,0,0
COG_PE,D,20170912,000000,2.1539,2.1539,2.0741,2.1539,0,0
COG_PE,D,20170913,000000,2.1539,2.1539,2.0741,2.0741,0,0
COG_PE,D,20170914,000000,2.0741,2.0741,2.0741,2.0741,0,0
COG_PE,D,20170915,000000,2.0741,2.0741,1.9943,2.0741,0,0
COG_PE,D,20170918,000000,2.1539,2.1539,2.0741,2.0741,0,0
COG_PE,D,20170919,000000,2.0741,2.1539,2.0741,2.0741,0,0
COG_PE,D,20170920,000000,2.0741,2.0741,1.9943,2.0741,0,0
COG_PE,D,20170921,000000,2.0741,2.0741,1.9943,2.0741,0,0
COG_PE,D,20170922,000000,2.0741,2.0741,2.0741,2.0741,0,0
COG_PE,D,20170925,000000,2.0741,2.0741,2.0741,2.0741,0,0
COG_PE,D,20170926,000000,2.0741,2.3134,2.0741,2.2336,0,0
COG_PE,D,20170927,000000,2.3134,2.3134,2.1539,2.2336,0,0
COG_PE,D,20170928,000000,2.2336,2.2336,2.2336,2.2336,0,0
COG_PE,D,20170929,000000,2.2336,2.2336,2.2336,2.2336,0,0
COG_PE,D,20171002,000000,2.2336,2.2336,2.1539,2.1539,0,0
COG_PE,D,20171003,000000,2.1539,2.1539,2.0741,2.1539,0,0
COG_PE,D,20171004,000000,2.1539,2.1539,2.0741,2.1539,0,0
COG_PE,D,20171005,000000,2.0741,2.1539,2.0741,2.0741,0,0
COG_PE,D,20171006,000000,2.0741,2.1539,2.0741,2.0741,0,0
COG_PE,D,20171009,000000,2.0741,2.1539,2.0741,2.0741,0,0
COG_PE,D,20171010,000000,2.0741,2.0741,2.0741,2.0741,0,0
COG_PE,D,20171011,000000,2.1539,2.1539,2.0741,2.0741,0,0
COG_PE,D,20171012,000000,2.0741,2.1539,1.9943,2.0741,0,0
COG_PE,D,20171013,000000,2.0741,2.0741,1.9943,2.0741,0,0
COG_PE,D,20171016,000000,2.0741,2.0741,2.0741,2.0741,0,0
COG_PE,D,20171017,000000,2.0741,2.0741,1.9943,2.0741,0,0
COG_PE,D,20171018,000000,2.0741,2.0741,1.9943,1.9943,0,0
COG_PE,D,20171019,000000,1.9943,2.0741,1.9943,1.9943,0,0
COG_PE,D,20171020,000000,1.9943,2.0741,1.9943,1.9943,0,0
COG_PE,D,20171023,000000,1.9943,2.0741,1.9943,2.0741,0,0
COG_PE,D,20171024,000000,2.0741,2.0741,1.9943,1.9943,0,0
COG_PE,D,20171025,000000,1.9943,2.0741,1.9943,2.0741,0,0
COG_PE,D,20171026,000000,2.0741,2.0741,1.9943,2.0741,0,0
COG_PE,D,20171027,000000,2.0741,2.1539,2.0741,2.1539,0,0
COG_PE,D,20171030,000000,2.1539,2.2336,2.1539,2.2336,0,0
COG_PE,D,20171031,000000,2.2336,2.2336,2.1539,2.1539,0,0
COG_PE,D,20171102,000000,2.1539,2.1539,2.0741,2.0741,0,0
COG_PE,D,20171103,000000,2.0741,2.1539,2.0741,2.1539,0,0
COG_PE,D,20171106,000000,2.1539,2.2336,2.0741,2.0741,0,0
COG_PE,D,20171107,000000,2.0741,2.0741,1.9943,2.0741,0,0
COG_PE,D,20171108,000000,2.0741,2.0741,1.9943,2.0741,0,0
COG_PE,D,20171109,000000,2.0741,2.0741,1.9943,2.0741,0,0
COG_PE,D,20171110,000000,2.0741,2.1539,1.9943,2.1539,0,0
COG_PE,D,20171113,000000,2.1539,2.1539,2.0741,2.1539,0,0
COG_PE,D,20171114,000000,2.1539,3.4302,2.0741,3.4302,0,0
COG_PE,D,20171115,000000,3.4302,3.4302,3.3504,3.4302,0,0
COG_PE,D,20171116,000000,3.4302,3.51,3.3504,3.51,0,0
COG_PE,D,20171117,000000,3.51,3.51,3.4302,3.51,0,0
COG_PE,D,20171120,000000,3.51,3.51,3.4302,3.51,0,0
COG_PE,D,20171121,000000,3.5898,3.5898,3.4302,3.4302,0,0
COG_PE,D,20171122,000000,3.4302,3.51,3.4302,3.51,0,0
COG_PE,D,20171123,000000,3.5898,3.5898,3.51,3.51,0,0
COG_PE,D,20171124,000000,3.51,3.51,3.4302,3.4302,0,0
COG_PE,D,20171127,000000,3.4302,3.51,3.4302,3.51,0,0
COG_PE,D,20171128,000000,3.51,3.51,3.51,3.51,0,0
COG_PE,D,20171129,000000,3.51,3.51,3.4302,3.51,0,0
COG_PE,D,20171130,000000,3.51,3.51,3.51,3.51,0,0
COG_PE,D,20171201,000000,3.51,3.51,3.4302,3.4302,0,0
COG_PE,D,20171204,000000,3.3504,3.4302,3.3504,3.4302,0,0
COG_PE,D,20171205,000000,3.51,3.51,3.4302,3.51,0,0
COG_PE,D,20171206,000000,3.51,3.51,3.4302,3.4302,0,0
COG_PE,D,20171207,000000,3.4302,3.51,3.4302,3.51,0,0
COG_PE,D,20171208,000000,3.4302,3.51,3.4302,3.51,0,0
COG_PE,D,20171211,000000,3.51,3.51,3.4302,3.4302,0,0
COG_PE,D,20171212,000000,3.4302,3.51,3.3504,3.51,0,0
COG_PE,D,20171213,000000,3.51,3.51,3.4302,3.51,0,0
COG_PE,D,20171214,000000,3.4302,3.51,3.4302,3.51,0,0
COG_PE,D,20171215,000000,3.51,5.4245,3.4302,5.4245,0,0
COG_PE,D,20171218,000000,5.4245,5.4245,5.4245,5.4245,0,0
COG_PE,D,20171219,000000,5.3448,5.4245,5.3448,5.4245,0,0
COG_PE,D,20171220,000000,5.4245,5.4245,5.3448,5.4245,0,0
COG_PE,D,20171221,000000,5.3448,5.4245,5.3448,5.3448,0,0
COG_PE,D,20171222,000000,5.3448,5.3448,5.3448,5.3448,0,0
COG_PE,D,20171227,000000,5.3448,5.4245,5.3448,5.4245,0,0
COG_PE,D,20171228,000000,5.4245,5.4245,5.3448,5.4245,0,0
COG_PE,D,20171229,000000,5.4245,5.4245,5.3448,5.3448,0,0
COG_PE,D,20180103,000000,5.5841,5.8235,5.5043,5.8235,0,0
COG_PE,D,20180104,000000,5.8235,6.3818,5.8235,6.3818,0,0
COG_PE,D,20180105,000000,6.3021,6.5413,6.3021,6.5413,0,0
COG_PE,D,20180108,000000,6.5413,6.5413,6.3818,6.4616,0,0
COG_PE,D,20180109,000000,6.4616,6.4616,6.3818,6.3818,0,0
COG_PE,D,20180110,000000,6.3818,6.3818,6.3818,6.3818,0,0
COG_PE,D,20180111,000000,6.4616,6.4616,6.0628,6.2223,0,0
COG_PE,D,20180112,000000,6.2223,6.2223,6.0628,6.0628,0,0
COG_PE,D,20180115,000000,6.0628,6.1425,5.983,6.0628,0,0
COG_PE,D,20180116,000000,6.0628,6.0628,5.983,6.0628,0,0
COG_PE,D,20180117,000000,6.1425,6.1425,5.983,5.983,0,0
COG_PE,D,20180118,000000,6.0628,6.0628,5.8235,5.8235,0,0
COG_PE,D,20180119,000000,5.9032,5.9032,5.6638,5.8235,0,0
COG_PE,D,20180122,000000,5.8235,5.9032,5.7437,5.9032,0,0
COG_PE,D,20180123,000000,5.9032,5.9032,5.5841,5.5841,0,0
COG_PE,D,20180124,000000,5.5841,6.4616,5.5043,6.4616,0,0
COG_PE,D,20180125,000000,6.4616,6.4616,6.2223,6.3021,0,0
COG_PE,D,20180126,000000,6.3021,6.4616,6.1425,6.3021,0,0
COG_PE,D,20180129,000000,6.3818,6.4616,6.1425,6.3021,0,0
COG_PE,D,20180130,000000,6.3818,6.3818,6.2223,6.3818,0,0
COG_PE,D,20180131,000000,6.3818,6.3818,6.0628,6.1425,0,0
COG_PE,D,20180201,000000,6.3021,6.3021,5.983,6.1425,0,0
COG_PE,D,20180202,000000,6.2223,6.2223,6.0628,6.1425,0,0
COG_PE,D,20180205,000000,6.2223,6.2223,5.9032,5.9032,0,0
COG_PE,D,20180206,000000,5.7437,5.9032,5.5043,5.7437,0,0
COG_PE,D,20180207,000000,5.6638,5.7437,5.5841,5.6638,0,0
COG_PE,D,20180208,000000,5.6638,5.7437,5.6638,5.7437,0,0
COG_PE,D,20180209,000000,5.7437,5.7437,5.6638,5.7437,0,0
COG_PE,D,20180212,000000,5.7437,5.7437,5.6638,5.7437,0,0
COG_PE,D,20180213,000000,5.7437,5.9032,5.5841,5.5841,0,0
COG_PE,D,20180214,000000,5.5841,5.7437,5.5841,5.6638,0,0
COG_PE,D,20180215,000000,5.6638,5.9032,5.6638,5.7437,0,0
COG_PE,D,20180216,000000,5.8235,5.8235,5.6638,5.7437,0,0
COG_PE,D,20180219,000000,5.7437,5.7437,5.5841,5.5841,0,0
COG_PE,D,20180220,000000,5.7437,5.7437,5.5841,5.6638,0,0
COG_PE,D,20180221,000000,5.6638,5.6638,5.5841,5.5841,0,0
COG_PE,D,20180222,000000,5.6638,5.6638,5.5841,5.6638,0,0
COG_PE,D,20180223,000000,5.6638,5.7437,5.5841,5.7437,0,0
COG_PE,D,20180226,000000,5.8235,6.1425,5.8235,6.0628,0,0
COG_PE,D,20180227,000000,6.0628,6.0628,5.983,6.0628,0,0
COG_PE,D,20180228,000000,6.0628,6.0628,5.9032,5.983,0,0
COG_PE,D,20180301,000000,6.0628,6.0628,5.7437,5.8235,0,0
COG_PE,D,20180302,000000,5.6638,5.9032,5.6638,5.9032,0,0
COG_PE,D,20180305,000000,5.6638,5.9032,5.6638,5.8235,0,0
COG_PE,D,20180306,000000,5.8235,5.9032,5.6638,5.9032,0,0
COG_PE,D,20180307,000000,5.9032,5.9032,5.8235,5.9032,0,0
COG_PE,D,20180308,000000,5.983,6.0628,5.7437,6.0628,0,0
COG_PE,D,20180309,000000,6.0628,6.0628,5.8235,5.8235,0,0
COG_PE,D,20180312,000000,5.9032,5.983,5.8235,5.983,0,0
COG_PE,D,20180313,000000,5.983,5.983,5.8235,5.9032,0,0
COG_PE,D,20180314,000000,5.983,5.983,5.8235,5.983,0,0
COG_PE,D,20180315,000000,5.983,5.983,5.7437,5.7437,0,0
COG_PE,D,20180316,000000,5.7437,5.983,5.6638,5.983,0,0
COG_PE,D,20180319,000000,6.3021,6.4616,3.4302,3.4302,0,0
COG_PE,D,20180320,000000,3.4302,3.6696,3.4302,3.6696,0,0
COG_PE,D,20180321,000000,3.6696,3.8291,3.6696,3.7494,0,0
COG_PE,D,20180322,000000,3.7494,3.7494,3.5898,3.6696,0,0
COG_PE,D,20180323,000000,3.6696,3.6696,3.5898,3.6696,0,0
COG_PE,D,20180326,000000,3.7961,4.1335,3.7961,3.8804,0,0
COG_PE,D,20180327,000000,3.9648,3.9648,3.7117,3.7117,0,0
COG_PE,D,20180328,000000,3.7117,3.7117,3.6274,3.7117,0,0
COG_PE,D,20180329,000000,3.7961,3.7961,3.543,3.7117,0,0
COG_PE,D,20180403,000000,3.6274,3.7117,3.6274,3.7117,0,0
COG_PE,D,20180404,000000,3.7117,3.7961,3.7117,3.7961,0,0
COG_PE,D,20180405,000000,3.7961,3.9648,3.7961,3.9648,0,0
COG_PE,D,20180406,000000,3.9648,3.9648,3.8804,3.9648,0,0
COG_PE,D,20180409,000000,3.9648,4.0492,3.8804,3.8804,0,0
COG_PE,D,20180410,000000,3.8804,3.8804,3.7961,3.8804,0,0
COG_PE,D,20180411,000000,3.9648,3.9648,3.8804,3.9648,0,0
COG_PE,D,20180412,000000,3.8804,3.8804,3.7117,3.7961,0,0
COG_PE,D,20180413,000000,3.7117,3.7961,3.6274,3.7117,0,0
COG_PE,D,20180416,000000,3.7961,3.7961,3.6274,3.7117,0,0
COG_PE,D,20180417,000000,3.7961,3.7961,3.7117,3.7117,0,0
COG_PE,D,20180418,000000,3.7117,3.7117,3.6274,3.7117,0,0
COG_PE,D,20180419,000000,3.7117,3.7117,3.6274,3.6274,0,0
COG_PE,D,20180420,000000,3.7117,3.7117,3.6274,3.6274,0,0
COG_PE,D,20180423,000000,3.6274,3.7117,3.543,3.543,0,0
COG_PE,D,20180424,000000,3.543,3.543,3.4587,3.543,0,0
COG_PE,D,20180425,000000,3.543,3.543,3.3743,3.4587,0,0
COG_PE,D,20180426,000000,3.3743,3.4587,3.2899,3.4587,0,0
COG_PE,D,20180427,000000,3.4587,3.543,3.3743,3.4587,0,0
COG_PE,D,20180430,000000,3.4587,3.6274,3.4587,3.6274,0,0
COG_PE,D,20180502,000000,3.7961,4.0492,3.7117,4.0492,0,0
COG_PE,D,20180504,000000,4.1335,4.1335,4.0492,4.0492,0,0
COG_PE,D,20180507,000000,4.1335,4.1335,3.8804,3.9648,0,0
COG_PE,D,20180508,000000,3.9648,4.1335,3.8804,3.9648,0,0
COG_PE,D,20180509,000000,4.0492,4.3022,3.8804,4.2179,0,0
COG_PE,D,20180510,000000,4.3022,4.3022,4.0492,4.2179,0,0
COG_PE,D,20180511,000000,4.3022,4.3022,4.0492,4.0492,0,0
COG_PE,D,20180514,000000,4.0492,4.1335,3.9648,4.0492,0,0
COG_PE,D,20180515,000000,4.0492,4.0492,3.9648,4.0492,0,0
COG_PE,D,20180516,000000,4.0492,4.0492,3.8804,3.9648,0,0
COG_PE,D,20180517,000000,3.9648,4.0492,3.8804,3.9648,0,0
COG_PE,D,20180518,000000,3.9648,3.9648,3.8804,3.8804,0,0
COG_PE,D,20180521,000000,3.8804,4.0492,3.8804,4.0492,0,0
COG_PE,D,20180522,000000,4.0492,4.1335,4.0492,4.0492,0,0
COG_PE,D,20180523,000000,4.0492,4.0492,3.8804,3.9648,0,0
COG_PE,D,20180524,000000,3.9648,3.9648,3.7117,3.7961,0,0
COG_PE,D,20180525,000000,3.8804,3.8804,3.7117,3.7117,0,0
COG_PE,D,20180528,000000,3.7961,3.7961,3.7117,3.7117,0,0
COG_PE,D,20180529,000000,3.6274,3.7117,3.6274,3.7117,0,0
COG_PE,D,20180530,000000,3.7117,3.7961,3.7117,3.7961,0,0
COG_PE,D,20180601,000000,3.7961,3.7961,3.6274,3.7117,0,0
COG_PE,D,20180604,000000,3.6274,3.7117,3.6274,3.6274,0,0
COG_PE,D,20180605,000000,3.6274,3.7117,3.6274,3.6274,0,0
COG_PE,D,20180606,000000,3.7117,3.7117,3.6274,3.7117,0,0
COG_PE,D,20180607,000000,3.6274,3.7961,3.6274,3.7961,0,0
COG_PE,D,20180608,000000,3.7961,4.0492,3.7117,3.8804,0,0
COG_PE,D,20180611,000000,3.9648,3.9648,3.7961,3.7961,0,0
COG_PE,D,20180612,000000,3.7117,3.8804,3.543,3.7117,0,0
COG_PE,D,20180613,000000,3.7117,3.7117,3.6274,3.7117,0,0
COG_PE,D,20180614,000000,3.7117,3.7117,3.543,3.543,0,0
COG_PE,D,20180615,000000,3.6274,3.6274,3.543,3.6274,0,0
COG_PE,D,20180618,000000,3.543,3.543,3.4587,3.4587,0,0
COG_PE,D,20180619,000000,3.4587,3.4587,3.3743,3.3743,0,0
COG_PE,D,20180620,000000,3.4587,3.4587,3.2056,3.3743,0,0
COG_PE,D,20180621,000000,3.3743,3.6274,3.3743,3.6274,0,0
COG_PE,D,20180622,000000,3.7117,3.7117,3.4587,3.6274,0,0
COG_PE,D,20180625,000000,3.6274,3.6274,3.543,3.543,0,0
COG_PE,D,20180626,000000,3.543,3.543,3.4587,3.4587,0,0
COG_PE,D,20180627,000000,3.4587,3.6274,3.4587,3.6274,0,0
COG_PE,D,20180628,000000,3.6274,3.6274,3.4587,3.6274,0,0
COG_PE,D,20180629,000000,3.6274,3.7117,3.543,3.6274,0,0
COG_PE,D,20180702,000000,3.6274,3.6274,3.4587,3.543,0,0
COG_PE,D,20180703,000000,3.543,3.7961,3.543,3.7961,0,0
COG_PE,D,20180704,000000,3.7961,3.7961,3.6274,3.7117,0,0
COG_PE,D,20180705,000000,3.7117,3.7117,3.543,3.543,0,0
COG_PE,D,20180706,000000,3.543,3.6274,3.543,3.543,0,0
COG_PE,D,20180709,000000,3.543,3.543,3.4587,3.543,0,0
COG_PE,D,20180710,000000,3.543,3.7117,3.543,3.6274,0,0
COG_PE,D,20180711,000000,3.7117,3.7961,3.6274,3.7961,0,0
COG_PE,D,20180712,000000,3.8804,3.8804,3.7961,3.7961,0,0
COG_PE,D,20180713,000000,3.9648,4.2179,3.9648,4.0492,0,0
COG_PE,D,20180716,000000,4.1335,4.1335,3.9648,4.0492,0,0
COG_PE,D,20180717,000000,4.0492,4.0492,3.9648,4.0492,0,0
COG_PE,D,20180718,000000,4.1335,4.1335,4.0492,4.1335,0,0
COG_PE,D,20180719,000000,4.2179,4.3866,4.1335,4.1335,0,0
COG_PE,D,20180720,000000,4.1335,4.3866,4.1335,4.3866,0,0
COG_PE,D,20180723,000000,4.3866,4.4709,4.2179,4.3022,0,0
COG_PE,D,20180724,000000,4.3022,4.3022,4.2179,4.3022,0,0
COG_PE,D,20180725,000000,4.3022,4.3866,4.3022,4.3022,0,0
COG_PE,D,20180726,000000,4.3022,4.3022,4.1335,4.2179,0,0
COG_PE,D,20180727,000000,4.3022,4.3022,4.0492,4.1335,0,0
COG_PE,D,20180730,000000,4.2179,4.2179,4.0492,4.2179,0,0
COG_PE,D,20180731,000000,4.2179,4.3866,4.2179,4.3866,0,0
COG_PE,D,20180801,000000,4.3866,4.3866,4.3866,4.3866,0,0
COG_PE,D,20180802,000000,4.3866,4.3866,4.2179,4.2179,0,0
COG_PE,D,20180803,000000,4.3022,4.3022,4.2179,4.3022,0,0
COG_PE,D,20180806,000000,4.3866,4.3866,4.3022,4.3866,0,0
COG_PE,D,20180807,000000,4.4709,4.4709,4.3866,4.3866,0,0
COG_PE,D,20180808,000000,4.3866,4.3866,4.3022,4.3866,0,0
COG_PE,D,20180809,000000,4.3866,4.3866,4.3022,4.3866,0,0
COG_PE,D,20180810,000000,4.3866,4.5553,4.3866,4.4709,0,0
COG_PE,D,20180813,000000,4.4709,4.8084,4.4709,4.8084,0,0
COG_PE,D,20180814,000000,4.8927,4.8927,4.724,4.8927,0,0
COG_PE,D,20180816,000000,5.0615,5.0615,3.8804,3.8804,0,0
COG_PE,D,20180817,000000,3.9648,4.0492,3.8804,3.8804,0,0
COG_PE,D,20180820,000000,3.9648,4.0492,3.7961,3.9648,0,0
COG_PE,D,20180821,000000,3.9648,4.1335,3.9648,4.1335,0,0
COG_PE,D,20180822,000000,4.1335,4.2179,4.0492,4.2179,0,0
COG_PE,D,20180823,000000,4.2179,4.2179,4.0492,4.1335,0,0
COG_PE,D,20180824,000000,4.1335,4.3022,4.0492,4.1335,0,0
COG_PE,D,20180827,000000,4.1335,4.1335,3.9648,4.0492,0,0
COG_PE,D,20180828,000000,4.0492,4.0492,3.8804,3.8804,0,0
COG_PE,D,20180829,000000,3.8804,3.8804,3.7961,3.7961,0,0
COG_PE,D,20180830,000000,3.8804,3.8804,3.7117,3.7961,0,0
COG_PE,D,20180831,000000,3.7961,3.7961,3.6274,3.7961,0,0
COG_PE,D,20180903,000000,3.8804,3.8804,3.543,3.7961,0,0
COG_PE,D,20180904,000000,3.7961,3.7961,3.6274,3.7961,0,0
COG_PE,D,20180905,000000,3.6274,3.7961,3.6274,3.6274,0,0
COG_PE,D,20180906,000000,3.6274,3.7117,3.6274,3.6274,0,0
COG_PE,D,20180907,000000,3.6274,3.6274,3.4587,3.4587,0,0
COG_PE,D,20180910,000000,3.4587,3.543,3.4587,3.4587,0,0
COG_PE,D,20180911,000000,3.543,3.543,3.2899,3.4587,0,0
COG_PE,D,20180912,000000,3.4587,3.4587,3.2899,3.2899,0,0
COG_PE,D,20180913,000000,3.2899,3.4587,3.2056,3.4587,0,0
COG_PE,D,20180914,000000,3.543,3.543,3.2899,3.2899,0,0
COG_PE,D,20180917,000000,3.2899,3.3743,3.2056,3.3743,0,0
COG_PE,D,20180918,000000,3.3743,3.3743,3.2056,3.2899,0,0
COG_PE,D,20180919,000000,3.2899,3.4587,3.2899,3.4587,0,0
COG_PE,D,20180920,000000,3.3743,3.543,3.3743,3.3743,0,0
COG_PE,D,20180921,000000,3.4587,3.4587,3.3743,3.3743,0,0
COG_PE,D,20180924,000000,3.4587,3.4587,3.3743,3.4587,0,0
COG_PE,D,20180925,000000,3.4587,3.4587,3.3743,3.4587,0,0
COG_PE,D,20180926,000000,3.4587,3.4587,3.2899,3.2899,0,0
COG_PE,D,20180927,000000,3.2899,3.3743,3.2899,3.2899,0,0
COG_PE,D,20180928,000000,3.2899,3.3743,3.2056,3.3743,0,0
COG_PE,D,20181001,000000,3.3743,3.3743,3.2056,3.2899,0,0
COG_PE,D,20181002,000000,3.2899,3.2899,3.1212,3.1212,0,0
COG_PE,D,20181003,000000,3.1212,3.2056,3.0369,3.1212,0,0
COG_PE,D,20181004,000000,3.1212,3.2056,3.0369,3.1212,0,0
COG_PE,D,20181005,000000,3.2056,3.2056,3.0369,3.0369,0,0
COG_PE,D,20181008,000000,3.1212,3.1212,2.9525,2.9525,0,0
COG_PE,D,20181009,000000,2.9525,2.9525,2.9525,2.9525,0,0
COG_PE,D,20181010,000000,3.0369,3.0369,2.9525,2.9525,0,0
COG_PE,D,20181011,000000,2.7838,3.0369,2.7838,3.0369,0,0
COG_PE,D,20181012,000000,3.1212,3.2056,3.0369,3.2056,0,0
COG_PE,D,20181015,000000,3.2056,3.2899,3.1212,3.2899,0,0
COG_PE,D,20181016,000000,3.2899,3.3743,3.1212,3.2899,0,0
COG_PE,D,20181017,000000,3.3743,3.3743,3.2056,3.2899,0,0
COG_PE,D,20181018,000000,3.2899,3.4587,3.2899,3.4587,0,0
COG_PE,D,20181019,000000,3.3743,3.4587,3.2899,3.4587,0,0
COG_PE,D,20181022,000000,3.4587,3.4587,3.3743,3.4587,0,0
COG_PE,D,20181023,000000,3.4587,3.4587,3.3743,3.4587,0,0
COG_PE,D,20181024,000000,3.4587,3.4587,3.2899,3.2899,0,0
COG_PE,D,20181025,000000,3.1212,3.4587,3.1212,3.4587,0,0
COG_PE,D,20181026,000000,3.4587,3.543,3.3743,3.543,0,0
COG_PE,D,20181029,000000,3.543,3.6274,3.3743,3.6274,0,0
COG_PE,D,20181030,000000,3.543,3.7117,3.543,3.7117,0,0
COG_PE,D,20181031,000000,3.7117,3.7117,3.543,3.7117,0,0
COG_PE,D,20181102,000000,3.8804,3.8804,2.1933,2.1933,0,0
COG_PE,D,20181105,000000,2.1933,2.1933,2.1089,2.1089,0,0
COG_PE,D,20181106,000000,2.1089,2.1933,2.0246,2.0246,0,0
COG_PE,D,20181107,000000,2.0246,2.1089,2.0246,2.0246,0,0
COG_PE,D,20181108,000000,2.0246,2.1089,2.0246,2.1089,0,0
COG_PE,D,20181109,000000,2.1089,2.1089,2.1089,2.1089,0,0
COG_PE,D,20181113,000000,2.1089,2.1089,2.0246,2.1089,0,0
COG_PE,D,20181114,000000,2.1089,2.1089,2.0246,2.1089,0,0
COG_PE,D,20181115,000000,2.1089,2.1089,2.1089,2.1089,0,0
COG_PE,D,20181116,000000,2.1089,2.1089,2.1089,2.1089,0,0
COG_PE,D,20181119,000000,2.1089,2.1089,2.0246,2.1089,0,0
COG_PE,D,20181120,000000,2.1089,2.1089,2.1089,2.1089,0,0
COG_PE,D,20181121,000000,2.1089,2.1089,2.0246,2.0246,0,0
COG_PE,D,20181122,000000,2.0246,2.0246,2.0246,2.0246,0,0
COG_PE,D,20181123,000000,2.0246,2.1089,2.0246,2.1089,0,0
COG_PE,D,20181126,000000,2.1089,2.1089,2.0246,2.1089,0,0
COG_PE,D,20181127,000000,2.1089,2.1089,2.0246,2.0246,0,0
COG_PE,D,20181128,000000,2.0246,2.0246,1.9402,2.0246,0,0
COG_PE,D,20181129,000000,2.0246,2.0246,1.9402,1.9402,0,0
COG_PE,D,20181130,000000,1.9402,1.9402,1.9402,1.9402,0,0
COG_PE,D,20181203,000000,1.9402,2.1089,1.9402,2.1089,0,0
COG_PE,D,20181204,000000,2.1089,2.1089,2.0246,2.0246,0,0
COG_PE,D,20181205,000000,2.0246,2.0246,1.9402,2.0246,0,0
COG_PE,D,20181206,000000,2.0246,2.0246,1.9402,2.0246,0,0
COG_PE,D,20181207,000000,2.0246,2.0246,2.0246,2.0246,0,0
COG_PE,D,20181210,000000,2.0246,2.0246,1.9402,1.9402,0,0
COG_PE,D,20181211,000000,1.9402,1.9402,1.8559,1.9402,0,0
COG_PE,D,20181212,000000,1.9402,1.9402,1.8559,1.9402,0,0
COG_PE,D,20181213,000000,1.9402,1.9402,1.8559,1.9402,0,0
COG_PE,D,20181214,000000,1.9402,1.9402,1.9402,1.9402,0,0
COG_PE,D,20181217,000000,1.8559,1.9402,1.8559,1.8559,0,0
COG_PE,D,20181218,000000,1.8559,1.8559,1.7715,1.8559,0,0
COG_PE,D,20181219,000000,1.8559,1.8559,1.7715,1.8559,0,0
COG_PE,D,20181220,000000,1.8559,1.8559,1.7715,1.7715,0,0
COG_PE,D,20181221,000000,1.7715,1.8559,1.7715,1.7715,0,0
COG_PE,D,20181227,000000,1.7715,1.8559,1.7715,1.7715,0,0
COG_PE,D,20181228,000000,1.7715,1.7715,1.6872,1.7715,0,0
COG_PE,D,20190102,000000,1.8559,1.8559,1.7715,1.8559,0,0
COG_PE,D,20190103,000000,1.8559,1.8559,1.8559,1.8559,0,0
COG_PE,D,20190104,000000,1.8559,1.9402,1.8559,1.9402,0,0
COG_PE,D,20190107,000000,1.9402,1.9402,1.9402,1.9402,0,0
COG_PE,D,20190108,000000,1.9402,1.9402,1.9402,1.9402,0,0
COG_PE,D,20190109,000000,1.9402,1.9402,1.9402,1.9402,0,0
COG_PE,D,20190110,000000,2.0246,2.0246,1.9402,1.9402,0,0
COG_PE,D,20190111,000000,1.9402,1.9402,1.9402,1.9402,0,0
COG_PE,D,20190114,000000,1.9402,1.9402,1.9402,1.9402,0,0
COG_PE,D,20190115,000000,1.9402,1.9402,1.8559,1.9402,0,0
COG_PE,D,20190116,000000,1.8559,1.9402,1.8559,1.9402,0,0
COG_PE,D,20190117,000000,1.9402,1.9402,1.9402,1.9402,0,0
COG_PE,D,20190118,000000,1.9402,1.9402,1.8559,1.9402,0,0
COG_PE,D,20190121,000000,1.9402,2.0246,1.9402,1.9402,0,0
COG_PE,D,20190122,000000,1.9402,1.9402,1.9402,1.9402,0,0
COG_PE,D,20190123,000000,1.9402,1.9402,1.9402,1.9402,0,0
COG_PE,D,20190124,000000,1.9402,2.0246,1.8559,2.0246,0,0
COG_PE,D,20190125,000000,2.0246,2.0246,2.0246,2.0246,0,0
COG_PE,D,20190128,000000,2.0246,2.0246,2.0246,2.0246,0,0
COG_PE,D,20190129,000000,2.0246,2.0246,2.0246,2.0246,0,0
COG_PE,D,20190130,000000,2.0246,2.0246,2.0246,2.0246,0,0
COG_PE,D,20190131,000000,2.0246,2.0246,1.9402,2.0246,0,0
COG_PE,D,20190201,000000,2.0246,2.0246,2.0246,2.0246,0,0
COG_PE,D,20190204,000000,2.0246,2.0246,2.0246,2.0246,0,0
COG_PE,D,20190205,000000,2.0246,2.0246,2.0246,2.0246,0,0
COG_PE,D,20190206,000000,2.0246,2.1089,2.0246,2.1089,0,0
COG_PE,D,20190207,000000,2.1089,2.1089,2.0246,2.1089,0,0
COG_PE,D,20190208,000000,2.1089,2.1089,2.0246,2.1089,0,0
COG_PE,D,20190211,000000,2.1089,2.1089,2.1089,2.1089,0,0
COG_PE,D,20190212,000000,2.1089,2.1089,2.1089,2.1089,0,0
COG_PE,D,20190213,000000,2.1089,2.1089,2.1089,2.1089,0,0
COG_PE,D,20190214,000000,2.1089,2.1089,2.0246,2.0246,0,0
COG_PE,D,20190215,000000,2.0246,2.1089,2.0246,2.1089,0,0
COG_PE,D,20190218,000000,2.1089,2.1933,2.1089,2.1089,0,0
COG_PE,D,20190219,000000,2.1089,2.1089,2.0246,2.1089,0,0
COG_PE,D,20190220,000000,2.1089,2.1089,2.1089,2.1089,0,0
COG_PE,D,20190221,000000,2.1089,2.1089,2.0246,2.1089,0,0
COG_PE,D,20190222,000000,2.1089,2.2777,2.1089,2.1933,0,0
COG_PE,D,20190225,000000,2.1933,2.2777,2.1933,2.1933,0,0
COG_PE,D,20190226,000000,2.1933,2.1933,2.1933,2.1933,0,0
COG_PE,D,20190227,000000,2.1933,2.1933,2.1089,2.1933,0,0
COG_PE,D,20190228,000000,2.1933,2.1933,2.1089,2.1933,0,0
COG_PE,D,20190301,000000,2.1089,2.8682,2.1089,2.8682,0,0
COG_PE,D,20190304,000000,2.9525,2.9525,2.8682,2.8682,0,0
COG_PE,D,20190305,000000,2.8682,2.8682,2.8682,2.8682,0,0
COG_PE,D,20190306,000000,2.8682,2.8682,2.8682,2.8682,0,0
COG_PE,D,20190307,000000,2.8682,2.8682,2.8682,2.8682,0,0
COG_PE,D,20190308,000000,2.8682,2.8682,2.7838,2.8682,0,0
COG_PE,D,20190311,000000,2.8682,2.8682,2.8682,2.8682,0,0
COG_PE,D,20190312,000000,2.8682,2.8682,2.8682,2.8682,0,0
COG_PE,D,20190313,000000,2.8682,2.8682,2.7838,2.8682,0,0
COG_PE,D,20190314,000000,2.8682,2.8682,2.7838,2.8682,0,0
COG_PE,D,20190315,000000,2.8682,2.8682,2.8682,2.8682,0,0
COG_PE,D,20190318,000000,2.8682,2.8682,2.8682,2.8682,0,0
COG_PE,D,20190319,000000,2.8682,2.8682,2.7838,2.8682,0,0
COG_PE,D,20190320,000000,2.8682,2.8682,2.7838,2.7838,0,0
COG_PE,D,20190321,000000,2.7838,2.7838,2.7838,2.7838,0,0
COG_PE,D,20190322,000000,2.7838,2.7838,2.7838,2.7838,0,0
COG_PE,D,20190325,000000,2.7838,2.7838,2.6994,2.6994,0,0
COG_PE,D,20190326,000000,2.6994,2.6994,2.6151,2.6994,0,0
COG_PE,D,20190327,000000,2.6994,2.6994,2.6151,2.6994,0,0
COG_PE,D,20190328,000000,2.6994,2.6994,2.6994,2.6994,0,0
COG_PE,D,20190329,000000,2.6994,2.7838,2.6994,2.6994,0,0
COG_PE,D,20190401,000000,2.6994,2.7838,2.6994,2.7838,0,0
COG_PE,D,20190402,000000,2.7838,2.7838,2.6994,2.6994,0,0
COG_PE,D,20190403,000000,2.6994,2.7838,2.6151,2.6994,0,0
COG_PE,D,20190404,000000,2.6994,2.7838,2.6994,2.6994,0,0
COG_PE,D,20190405,000000,2.6994,2.7838,2.6151,2.6994,0,0
COG_PE,D,20190408,000000,2.6994,2.6994,2.6151,2.6994,0,0
COG_PE,D,20190409,000000,2.6994,2.7838,2.6994,2.6994,0,0
COG_PE,D,20190410,000000,2.6994,2.6994,2.6994,2.6994,0,0
COG_PE,D,20190411,000000,2.6994,2.7838,2.6994,2.6994,0,0
COG_PE,D,20190412,000000,2.6994,2.7838,2.6994,2.6994,0,0
COG_PE,D,20190415,000000,2.6994,2.6994,2.6994,2.6994,0,0
COG_PE,D,20190416,000000,2.6994,2.6994,2.6994,2.6994,0,0
COG_PE,D,20190417,000000,2.6994,2.7838,2.6994,2.7838,0,0
COG_PE,D,20190418,000000,2.7838,2.7838,2.7838,2.7838,0,0
COG_PE,D,20190423,000000,2.7838,2.8682,2.7838,2.7838,0,0
COG_PE,D,20190424,000000,2.7838,2.7838,2.7838,2.7838,0,0
COG_PE,D,20190425,000000,2.7838,2.7838,2.7838,2.7838,0,0
COG_PE,D,20190426,000000,2.7838,2.7838,2.6994,2.7838,0,0
COG_PE,D,20190429,000000,2.8682,2.8682,2.7838,2.7838,0,0
COG_PE,D,20190430,000000,2.7838,2.7838,2.7838,2.7838,0,0
COG_PE,D,20190502,000000,2.6994,2.6994,2.6151,2.6994,0,0
COG_PE,D,20190506,000000,2.6994,3.543,2.6151,3.543,0,0
COG_PE,D,20190507,000000,3.543,3.543,3.1212,3.1212,0,0
COG_PE,D,20190508,000000,3.1212,3.2056,3.0369,3.1212,0,0
COG_PE,D,20190509,000000,3.1212,3.2056,3.1212,3.2056,0,0
COG_PE,D,20190510,000000,3.2056,3.2899,3.2056,3.2056,0,0
COG_PE,D,20190513,000000,3.2056,3.2056,3.1212,3.1212,0,0
COG_PE,D,20190514,000000,3.1212,3.1212,3.1212,3.1212,0,0
COG_PE,D,20190515,000000,3.1212,3.1212,2.9525,3.0369,0,0
COG_PE,D,20190516,000000,3.0369,3.1212,3.0369,3.1212,0,0
COG_PE,D,20190517,000000,3.1212,3.1212,3.1212,3.1212,0,0
COG_PE,D,20190520,000000,3.1212,3.1212,3.0369,3.0369,0,0
COG_PE,D,20190521,000000,3.0369,3.1212,3.0369,3.1212,0,0
COG_PE,D,20190522,000000,3.0369,3.1212,3.0369,3.0369,0,0
COG_PE,D,20190523,000000,3.1212,3.1212,3.0369,3.1212,0,0
COG_PE,D,20190524,000000,3.0369,3.1212,2.9525,2.9525,0,0
COG_PE,D,20190527,000000,2.9525,3.0369,2.9525,3.0369,0,0
COG_PE,D,20190528,000000,3.0369,3.0369,2.9525,2.9525,0,0
COG_PE,D,20190529,000000,2.9525,3.0369,2.8682,2.9525,0,0
COG_PE,D,20190530,000000,2.9525,3.0369,2.9525,3.0369,0,0
COG_PE,D,20190531,000000,3.0369,3.2056,3.0369,3.1212,0,0
COG_PE,D,20190603,000000,3.1212,3.2056,3.0369,3.1212,0,0
COG_PE,D,20190604,000000,3.1212,3.1212,3.1212,3.1212,0,0
COG_PE,D,20190605,000000,3.1212,3.2056,3.1212,3.2056,0,0
COG_PE,D,20190606,000000,3.2056,3.2056,3.1212,3.1212,0,0
COG_PE,D,20190607,000000,3.2056,3.2056,3.1212,3.1212,0,0
COG_PE,D,20190610,000000,3.1212,3.2056,3.1212,3.2056,0,0
COG_PE,D,20190611,000000,3.2056,3.2056,3.1212,3.2056,0,0
COG_PE,D,20190612,000000,3.2056,3.2056,3.2056,3.2056,0,0
COG_PE,D,20190613,000000,3.2056,3.2899,3.2056,3.2056,0,0
COG_PE,D,20190614,000000,3.2899,3.4587,3.2056,3.3743,0,0
COG_PE,D,20190617,000000,3.2899,3.3743,3.2899,3.2899,0,0
COG_PE,D,20190618,000000,3.2899,3.3743,3.2899,3.3743,0,0
COG_PE,D,20190619,000000,3.3743,3.4587,3.3743,3.3743,0,0
COG_PE,D,20190621,000000,3.3743,3.4587,3.3743,3.4587,0,0
COG_PE,D,20190624,000000,3.4587,3.4587,3.3743,3.3743,0,0
COG_PE,D,20190625,000000,3.2899,3.3743,3.2899,3.3743,0,0
COG_PE,D,20190626,000000,3.3743,3.3743,3.2899,3.3743,0,0
COG_PE,D,20190627,000000,3.3743,3.4587,3.3743,3.3743,0,0
COG_PE,D,20190628,000000,3.4587,3.543,3.3743,3.4587,0,0
COG_PE,D,20190701,000000,3.4587,3.4587,3.4587,3.4587,0,0
COG_PE,D,20190702,000000,3.4587,3.4587,3.3743,3.4587,0,0
COG_PE,D,20190703,000000,3.4587,3.543,3.3743,3.543,0,0
COG_PE,D,20190704,000000,3.543,3.6274,3.543,3.6274,0,0
COG_PE,D,20190705,000000,3.6274,3.6274,3.543,3.543,0,0
COG_PE,D,20190708,000000,3.543,3.543,3.543,3.543,0,0
COG_PE,D,20190709,000000,3.543,3.6274,3.4587,3.6274,0,0
COG_PE,D,20190710,000000,3.6274,3.6274,3.543,3.6274,0,0
COG_PE,D,20190711,000000,3.6274,3.7117,3.6274,3.6274,0,0
COG_PE,D,20190712,000000,3.7117,3.7117,3.6274,3.6274,0,0
COG_PE,D,20190715,000000,3.6274,3.6274,3.543,3.6274,0,0
COG_PE,D,20190716,000000,3.6274,3.6274,3.6274,3.6274,0,0
COG_PE,D,20190717,000000,3.6274,3.6274,3.6274,3.6274,0,0
COG_PE,D,20190718,000000,3.6274,3.6274,3.543,3.543,0,0
COG_PE,D,20190719,000000,3.543,3.543,3.543,3.543,0,0
COG_PE,D,20190722,000000,3.543,3.543,3.543,3.543,0,0
COG_PE,D,20190723,000000,3.543,3.543,3.4587,3.543,0,0
COG_PE,D,20190724,000000,3.543,3.543,3.4587,3.4587,0,0
COG_PE,D,20190725,000000,3.543,3.543,3.2899,3.3743,0,0
COG_PE,D,20190726,000000,3.3743,3.4587,3.2899,3.2899,0,0
COG_PE,D,20190729,000000,3.3743,3.3743,3.2899,3.2899,0,0
COG_PE,D,20190730,000000,3.3743,3.3743,3.2899,3.2899,0,0
COG_PE,D,20190731,000000,3.2899,3.3743,3.2899,3.2899,0,0
COG_PE,D,20190801,000000,3.2899,3.3743,3.2899,3.2899,0,0
COG_PE,D,20190802,000000,3.2899,3.2899,3.2056,3.2899,0,0
COG_PE,D,20190805,000000,3.2899,3.2899,3.2056,3.2899,0,0
COG_PE,D,20190806,000000,3.2899,3.3743,3.2899,3.2899,0,0
COG_PE,D,20190807,000000,3.2899,3.2899,3.2899,3.2899,0,0
COG_PE,D,20190808,000000,3.2899,3.2899,3.2899,3.2899,0,0
COG_PE,D,20190809,000000,3.2899,3.2899,3.2899,3.2899,0,0
COG_PE,D,20190812,000000,3.2899,3.2899,3.2899,3.2899,0,0
COG_PE,D,20190813,000000,3.2899,3.2899,3.2056,3.2899,0,0
COG_PE,D,20190814,000000,3.2899,3.3743,3.2899,3.3743,0,0
COG_PE,D,20190816,000000,3.3743,3.3743,3.2899,3.2899,0,0
COG_PE,D,20190819,000000,3.2899,3.3743,3.2899,3.2899,0,0
COG_PE,D,20190820,000000,3.2899,3.2899,3.2899,3.2899,0,0
COG_PE,D,20190821,000000,3.2899,3.2899,3.2899,3.2899,0,0
COG_PE,D,20190822,000000,3.2899,3.3743,3.2899,3.2899,0,0
COG_PE,D,20190823,000000,3.2899,3.3743,3.2899,3.2899,0,0
COG_PE,D,20190826,000000,3.2899,3.3743,3.2899,3.2899,0,0
COG_PE,D,20190827,000000,3.2899,3.2899,3.2899,3.2899,0,0
COG_PE,D,20190828,000000,3.2899,3.3743,3.2899,3.2899,0,0
COG_PE,D,20190829,000000,3.2899,3.3743,3.2899,3.3743,0,0
COG_PE,D,20190830,000000,3.3743,3.3743,3.2899,3.2899,0,0
COG_PE,D,20190902,000000,3.2899,3.2899,3.2899,3.2899,0,0
COG_PE,D,20190903,000000,3.2899,3.2899,3.2899,3.2899,0,0
COG_PE,D,20190904,000000,3.2899,3.2899,3.2899,3.2899,0,0
COG_PE,D,20190905,000000,3.2899,3.3743,3.2899,3.3743,0,0
COG_PE,D,20190906,000000,3.3743,3.4587,3.3743,3.3743,0,0
COG_PE,D,20190909,000000,3.3743,3.4587,3.3743,3.3743,0,0
COG_PE,D,20190910,000000,3.3743,3.4587,3.3743,3.4587,0,0
COG_PE,D,20190911,000000,3.4587,3.543,3.4587,3.543,0,0
COG_PE,D,20190912,000000,3.543,3.543,3.4587,3.4587,0,0
COG_PE,D,20190913,000000,3.4587,3.4587,3.4587,3.4587,0,0
COG_PE,D,20190916,000000,3.4587,3.4587,3.4587,3.4587,0,0
COG_PE,D,20190917,000000,3.4587,3.4587,3.3743,3.4587,0,0
COG_PE,D,20190918,000000,3.4587,3.4587,3.4587,3.4587,0,0
COG_PE,D,20190919,000000,3.4587,3.543,3.4587,3.4587,0,0
COG_PE,D,20190920,000000,3.4587,3.4587,3.3743,3.4587,0,0
COG_PE,D,20190923,000000,3.4587,3.543,3.2899,3.3743,0,0
COG_PE,D,20190924,000000,3.3743,3.3743,3.2899,3.3743,0,0
COG_PE,D,20190925,000000,3.3743,3.3743,3.3743,3.3743,0,0
COG_PE,D,20190926,000000,3.3743,3.4587,3.2899,3.4587,0,0
COG_PE,D,20190927,000000,3.4587,3.543,3.4587,3.4587,0,0
COG_PE,D,20190930,000000,3.4587,3.4587,3.3743,3.4587,0,0
COG_PE,D,20191001,000000,3.4587,3.4587,3.4587,3.4587,0,0
COG_PE,D,20191002,000000,3.4587,3.4587,3.4587,3.4587,0,0
COG_PE,D,20191003,000000,3.4587,3.4587,3.4587,3.4587,0,0
COG_PE,D,20191004,000000,3.4587,3.543,3.4587,3.4587,0,0
COG_PE,D,20191007,000000,3.4587,3.6274,3.4587,3.6274,0,0
COG_PE,D,20191008,000000,3.6274,3.7117,3.543,3.543,0,0
COG_PE,D,20191009,000000,3.543,3.543,3.543,3.543,0,0
COG_PE,D,20191010,000000,3.543,3.543,3.4587,3.543,0,0
COG_PE,D,20191011,000000,3.543,3.543,3.543,3.543,0,0
COG_PE,D,20191014,000000,3.543,3.543,3.543,3.543,0,0
COG_PE,D,20191015,000000,3.543,3.543,3.4587,3.543,0,0
COG_PE,D,20191016,000000,3.543,3.543,3.543,3.543,0,0
COG_PE,D,20191017,000000,3.543,3.543,3.543,3.543,0,0
COG_PE,D,20191018,000000,3.543,3.543,3.543,3.543,0,0
COG_PE,D,20191021,000000,3.543,3.543,3.4587,3.543,0,0
COG_PE,D,20191022,000000,3.4,3.6,3.4,3.6,0,0
COG_PE,D,20191023,000000,3.6,3.6,3.6,3.6,0,0
COG_PE,D,20191024,000000,3.6,3.6,3.5,3.5,0,0
COG_PE,D,20191025,000000,3.5,3.6,3.5,3.5,0,0
COG_PE,D,20191028,000000,3.5,3.6,3.5,3.6,0,0
COG_PE,D,20191029,000000,3.6,3.6,3.6,3.6,0,0
COG_PE,D,20191030,000000,3.6,3.6,3.5,3.6,0,0
COG_PE,D,20191031,000000,3.6,3.6,3.5,3.6,0,0
COG_PE,D,20191104,000000,3.4,9.1,3.2,9.1,0,0
COG_PE,D,20191105,000000,9,9,8.7,8.7,0,0
COG_PE,D,20191106,000000,8.9,8.9,8.5,8.9,0,0
COG_PE,D,20191107,000000,8.9,8.9,8.7,8.7,0,0
COG_PE,D,20191108,000000,8.8,8.8,8.6,8.8,0,0
COG_PE,D,20191112,000000,8.8,8.8,8.6,8.8,0,0
COG_PE,D,20191113,000000,8.8,8.8,8.5,8.6,0,0
COG_PE,D,20191114,000000,8.6,8.6,8.4,8.5,0,0
COG_PE,D,20191115,000000,8.6,8.6,8.1,8.1,0,0
COG_PE,D,20191118,000000,8.2,8.2,8,8.1,0,0
COG_PE,D,20191119,000000,8.1,8.1,7.6,7.6,0,0
COG_PE,D,20191120,000000,7.6,7.7,7.5,7.6,0,0
COG_PE,D,20191121,000000,7.6,7.9,7.5,7.5,0,0
COG_PE,D,20191122,000000,7.5,7.6,7.5,7.6,0,0
COG_PE,D,20191125,000000,7.5,7.6,7.3,7.5,0,0
COG_PE,D,20191126,000000,7.6,7.7,7.5,7.6,0,0
COG_PE,D,20191127,000000,7.5,7.7,7.5,7.7,0,0
COG_PE,D,20191128,000000,7.7,7.7,7.5,7.7,0,0
COG_PE,D,20191129,000000,7.7,7.7,7.6,7.6,0,0
COG_PE,D,20191202,000000,7.6,7.6,7.5,7.6,0,0
COG_PE,D,20191203,000000,7.6,7.6,7.5,7.5,0,0
COG_PE,D,20191204,000000,7.6,7.6,7.4,7.5,0,0
COG_PE,D,20191205,000000,7.5,7.6,7.4,7.4,0,0
COG_PE,D,20191206,000000,7.4,7.5,7.1,7.3,0,0
COG_PE,D,20191209,000000,7.3,7.3,7.2,7.3,0,0
COG_PE,D,20191210,000000,7.3,7.3,7.2,7.2,0,0
COG_PE,D,20191211,000000,7.1,7.2,7.1,7.2,0,0
COG_PE,D,20191212,000000,7.2,7.3,7.1,7.3,0,0
COG_PE,D,20191213,000000,7.4,7.7,7.4,7.6,0,0
COG_PE,D,20191216,000000,7.7,8,7.6,7.9,0,0
COG_PE,D,20191217,000000,8,8.1,7.6,7.9,0,0
COG_PE,D,20191218,000000,7.9,8.1,7.7,8,0,0
COG_PE,D,20191219,000000,8,8.1,7.9,7.9,0,0
COG_PE,D,20191220,000000,7.9,7.9,7.6,7.8,0,0
COG_PE,D,20191223,000000,7.7,7.7,7.5,7.5,0,0
COG_PE,D,20191227,000000,7.5,7.7,7.5,7.7,0,0
COG_PE,D,20191230,000000,7.6,8,7.6,8,0,0
COG_PE,D,20200102,000000,8,8.2,8,8.2,0,0
COG_PE,D,20200103,000000,8.2,8.4,8.1,8.2,0,0
COG_PE,D,20200107,000000,8.3,8.4,8.2,8.4,0,0
COG_PE,D,20200108,000000,8.5,8.5,8.2,8.4,0,0
COG_PE,D,20200109,000000,8.4,8.7,8.3,8.6,0,0
COG_PE,D,20200110,000000,8.4,8.5,8.4,8.4,0,0
COG_PE,D,20200113,000000,8.5,8.5,8.3,8.3,0,0
COG_PE,D,20200114,000000,8.4,8.5,8.3,8.3,0,0
COG_PE,D,20200115,000000,8.6,8.6,8.3,8.3,0,0
COG_PE,D,20200116,000000,8.2,8.4,8.2,8.3,0,0
COG_PE,D,20200117,000000,8.5,8.5,8.2,8.3,0,0
COG_PE,D,20200120,000000,8.3,8.3,8.2,8.3,0,0
COG_PE,D,20200121,000000,8.3,8.3,8.2,8.3,0,0
COG_PE,D,20200122,000000,8.3,8.3,8.2,8.2,0,0
COG_PE,D,20200123,000000,8.2,8.3,8.1,8.2,0,0
COG_PE,D,20200124,000000,8.1,8.3,8.1,8.3,0,0
COG_PE,D,20200127,000000,8.3,8.3,8.2,8.2,0,0
COG_PE,D,20200128,000000,8.3,8.3,8.2,8.2,0,0
COG_PE,D,20200129,000000,8.2,8.4,8,8,0,0
COG_PE,D,20200130,000000,7.9,8.1,7.7,8.1,0,0
COG_PE,D,20200131,000000,8.1,8.1,7.7,7.9,0,0
COG_PE,D,20200203,000000,8,8,7.7,7.9,0,0
COG_PE,D,20200204,000000,8.1,8.1,7.8,8,0,0
COG_PE,D,20200205,000000,8,8.2,7.9,8.1,0,0
COG_PE,D,20200206,000000,8.1,8.3,8,8.2,0,0
COG_PE,D,20200207,000000,8.2,8.3,8.1,8.2,0,0
COG_PE,D,20200210,000000,8.2,8.2,8.1,8.1,0,0
COG_PE,D,20200211,000000,8.1,8.3,8,8.2,0,0
COG_PE,D,20200212,000000,8.2,8.2,7.9,8,0,0
COG_PE,D,20200213,000000,8,8.1,7.8,7.9,0,0
COG_PE,D,20200214,000000,8.1,8.1,7.8,8,0,0
COG_PE,D,20200217,000000,8.3,8.3,8,8,0,0
COG_PE,D,20200218,000000,8.2,8.2,7.9,8,0,0
COG_PE,D,20200219,000000,8.2,8.2,7.6,7.7,0,0
COG_PE,D,20200220,000000,7.7,8,7.7,7.9,0,0
COG_PE,D,20200221,000000,7.8,8,7.6,8,0,0
COG_PE,D,20200224,000000,8,8,7.5,7.5,0,0
COG_PE,D,20200225,000000,7.4,7.4,6.8,7.1,0,0
COG_PE,D,20200226,000000,7,7.1,6.9,7.1,0,0
COG_PE,D,20200227,000000,7.1,7.1,6.6,6.6,0,0
COG_PE,D,20200228,000000,6.5,6.6,5.5,6.6,0,0
COG_PE,D,20200302,000000,6.5,7,6.2,6.4,0,0
COG_PE,D,20200303,000000,6.5,7,6.5,6.8,0,0
COG_PE,D,20200304,000000,7,7,6.8,6.8,0,0
COG_PE,D,20200305,000000,6.9,6.9,6.5,6.7,0,0
COG_PE,D,20200306,000000,6.7,6.7,6.4,6.7,0,0
COG_PE,D,20200309,000000,6.4,6.4,6.1,6.1,0,0
COG_PE,D,20200310,000000,6.1,6.4,6.1,6.4,0,0
COG_PE,D,20200311,000000,6.2,6.4,5.7,5.7,0,0
COG_PE,D,20200312,000000,5.2,5.3,4.6,4.6,0,0
COG_PE,D,20200313,000000,4.4,5,3.9,4.8,0,0
COG_PE,D,20200316,000000,4.7,5.1,4.4,4.8,0,0
COG_PE,D,20200317,000000,5,5.1,4.5,4.8,0,0
COG_PE,D,20200318,000000,4.8,4.8,4.4,4.6,0,0
COG_PE,D,20200319,000000,4.6,4.8,4.6,4.7,0,0
COG_PE,D,20200320,000000,4.7,5,4.7,4.8,0,0
COG_PE,D,20200323,000000,4.9,4.9,4.6,4.8,0,0
COG_PE,D,20200324,000000,5,5.1,4.8,5.1,0,0
COG_PE,D,20200325,000000,5,5.3,4.7,4.8,0,0
COG_PE,D,20200326,000000,4.9,5.3,4.9,5.2,0,0
COG_PE,D,20200327,000000,5.3,5.3,5.1,5.3,0,0
COG_PE,D,20200330,000000,5.3,5.4,5.1,5.1,0,0
COG_PE,D,20200331,000000,5.2,5.2,5,5.1,0,0
COG_PE,D,20200401,000000,5.2,5.4,5.1,5.4,0,0
COG_PE,D,20200402,000000,5.4,5.6,5.2,5.4,0,0
COG_PE,D,20200403,000000,5.4,5.4,5.2,5.3,0,0
COG_PE,D,20200406,000000,5.3,5.4,5.2,5.4,0,0
COG_PE,D,20200407,000000,5.4,5.7,5.4,5.5,0,0
COG_PE,D,20200408,000000,5.5,5.8,5.5,5.7,0,0
COG_PE,D,20200409,000000,5.8,5.8,5.6,5.6,0,0
COG_PE,D,20200414,000000,5.8,5.9,5.5,5.6,0,0
COG_PE,D,20200415,000000,5.9,5.9,5.4,5.4,0,0
COG_PE,D,20200416,000000,5.6,5.9,5.4,5.8,0,0
COG_PE,D,20200417,000000,5.9,6.3,5.7,5.8,0,0
COG_PE,D,20200420,000000,5.8,6.6,5.8,6.4,0,0
COG_PE,D,20200421,000000,6.5,6.6,5.9,6.2,0,0
COG_PE,D,20200422,000000,6.1,6.4,6,6.2,0,0
COG_PE,D,20200423,000000,6.4,6.4,6.1,6.2,0,0
COG_PE,D,20200424,000000,6.4,6.5,6.1,6.4,0,0
COG_PE,D,20200427,000000,6.5,6.5,6.2,6.2,0,0
COG_PE,D,20200428,000000,6.4,6.4,6.1,6.1,0,0
COG_PE,D,20200429,000000,6.2,6.3,6,6.3,0,0
COG_PE,D,20200430,000000,6.3,6.3,6.1,6.1,0,0
COG_PE,D,20200504,000000,6.1,8.5,5.9,8.5,0,0
COG_PE,D,20200505,000000,8.5,8.5,8.2,8.2,0,0
COG_PE,D,20200506,000000,8,8.2,7.8,7.9,0,0
COG_PE,D,20200507,000000,7.9,8.2,7.8,8,0,0
COG_PE,D,20200508,000000,8.2,8.2,8,8.1,0,0
COG_PE,D,20200511,000000,8.2,8.5,8.1,8.3,0,0
COG_PE,D,20200512,000000,8.4,8.4,8.1,8.4,0,0
COG_PE,D,20200513,000000,8.4,8.4,8,8.2,0,0
COG_PE,D,20200514,000000,8.2,8.2,8,8.2,0,0
COG_PE,D,20200515,000000,7.9,8.1,7.9,7.9,0,0
COG_PE,D,20200518,000000,8.3,8.3,7.6,8.1,0,0
COG_PE,D,20200519,000000,8.1,8.2,7.9,8,0,0
COG_PE,D,20200520,000000,8,8,8,8,0,0
COG_PE,D,20200521,000000,8,8.5,7.9,8.2,0,0
COG_PE,D,20200522,000000,8.5,8.6,8.4,8.6,0,0
COG_PE,D,20200525,000000,8.6,8.8,8.4,8.8,0,0
COG_PE,D,20200526,000000,8.9,8.9,8.4,8.7,0,0
COG_PE,D,20200527,000000,8.7,9.1,8.6,9.1,0,0
COG_PE,D,20200528,000000,9.1,9.2,8.6,8.9,0,0
COG_PE,D,20200529,000000,8.9,8.9,8.7,8.7,0,0
COG_PE,D,20200601,000000,8.9,9.2,8.9,9.2,0,0
COG_PE,D,20200602,000000,9.2,9.3,9,9,0,0
COG_PE,D,20200603,000000,9.2,10.8,9.1,9.8,0,0
COG_PE,D,20200604,000000,10.3,11.1,9.8,10.2,0,0
COG_PE,D,20200605,000000,10.2,10.2,9.9,10.1,0,0
COG_PE,D,20200608,000000,10.2,10.2,9.6,9.7,0,0
COG_PE,D,20200609,000000,9.7,9.7,9.4,9.5,0,0
COG_PE,D,20200610,000000,9.6,9.9,9.4,9.4,0,0
COG_PE,D,20200612,000000,8.8,9.4,8.8,9.4,0,0
COG_PE,D,20200615,000000,9.3,9.6,9.1,9.4,0,0
COG_PE,D,20200616,000000,9.5,9.7,9.2,9.3,0,0
COG_PE,D,20200617,000000,9.3,9.3,9.2,9.3,0,0
COG_PE,D,20200618,000000,9.3,9.3,9.2,9.2,0,0
COG_PE,D,20200619,000000,9.3,9.3,9.1,9.3,0,0
COG_PE,D,20200622,000000,9.3,10.2,9.1,9.6,0,0
COG_PE,D,20200623,000000,9.6,9.8,9.5,9.8,0,0
COG_PE,D,20200624,000000,9.8,10.1,9.6,10.1,0,0
COG_PE,D,20200625,000000,9.8,10.1,9.7,9.9,0,0
COG_PE,D,20200626,000000,9.7,9.9,9.6,9.8,0,0
COG_PE,D,20200629,000000,9.8,9.8,9.2,9.3,0,0
COG_PE,D,20200630,000000,9.3,9.3,9.2,9.2,0,0
COG_PE,D,20200701,000000,9.2,9.3,9.2,9.3,0,0
COG_PE,D,20200702,000000,9.3,9.3,9,9.2,0,0
COG_PE,D,20200703,000000,9.2,9.3,9.1,9.3,0,0
COG_PE,D,20200706,000000,9.3,9.3,9.1,9.2,0,0
COG_PE,D,20200707,000000,9.2,9.3,9.1,9.3,0,0
COG_PE,D,20200708,000000,9.3,10.2,9.2,9.4,0,0
COG_PE,D,20200709,000000,9.5,9.5,8.8,8.8,0,0
COG_PE,D,20200710,000000,9,9,8.4,8.9,0,0
COG_PE,D,20200713,000000,8.9,9.1,8.8,9,0,0
COG_PE,D,20200714,000000,8.9,9,8.8,8.8,0,0
COG_PE,D,20200715,000000,8.8,9,8.8,9,0,0
COG_PE,D,20200716,000000,9,9,8.6,8.9,0,0
COG_PE,D,20200717,000000,9.1,9.3,8.9,9.2,0,0
COG_PE,D,20200720,000000,9.2,9.3,8.9,9.2,0,0
COG_PE,D,20200721,000000,8.9,9.2,8.9,9.1,0,0
COG_PE,D,20200722,000000,9.1,9.1,8.9,8.9,0,0
COG_PE,D,20200723,000000,9.1,9.3,9,9.3,0,0
COG_PE,D,20200724,000000,9.3,9.3,8.8,8.9,0,0
COG_PE,D,20200727,000000,8.9,9,8.7,8.8,0,0
COG_PE,D,20200728,000000,8.8,8.8,8.6,8.7,0,0
COG_PE,D,20200729,000000,8.7,8.8,8.5,8.8,0,0
COG_PE,D,20200730,000000,8.8,8.8,8.3,8.3,0,0
COG_PE,D,20200731,000000,8.2,8.6,8.2,8.5,0,0
COG_PE,D,20200803,000000,8.8,8.8,8.3,8.7,0,0
COG_PE,D,20200804,000000,8.7,11.2,8.7,11.2,0,0
COG_PE,D,20200805,000000,12.2,13.3,12.1,12.9,0,0
COG_PE,D,20200806,000000,12.7,12.7,11.9,12.1,0,0
COG_PE,D,20200807,000000,12.3,12.3,11.3,11.9,0,0
COG_PE,D,20200810,000000,11.9,13.1,11.8,12.5,0,0
COG_PE,D,20200811,000000,12.6,12.7,12.1,12.3,0,0
COG_PE,D,20200812,000000,12.3,12.3,11.7,12,0,0
COG_PE,D,20200813,000000,11.7,11.9,11.7,11.7,0,0
COG_PE,D,20200814,000000,12.4,12.4,11.8,11.8,0,0
COG_PE,D,20200817,000000,12,12,11.8,12,0,0
COG_PE,D,20200818,000000,12.4,12.9,9.3,9.3,0,0
COG_PE,D,20200819,000000,9.3,9.3,9,9.1,0,0
COG_PE,D,20200820,000000,9.2,9.2,8.9,8.9,0,0
COG_PE,D,20200821,000000,8.9,9.3,8.6,9.1,0,0
