<TICKER>,<PER>,<DATE>,<TIME>,<OPEN>,<HIGH>,<LOW>,<CLOSE>,<VOL>,<OPENINT>
DGA_PE,D,20070813,000000,11.694,11.694,11.694,11.694,0,0
DGA_PE,D,20070814,000000,11.619,11.619,11.619,11.619,0,0
DGA_PE,D,20070816,000000,10.222,10.222,10.222,10.222,0,0
DGA_PE,D,20070817,000000,3.1787,3.1787,3.1787,3.1787,0,0
DGA_PE,D,20070820,000000,3.095,3.095,3.095,3.095,0,0
DGA_PE,D,20070821,000000,3.095,3.095,3.095,3.095,0,0
DGA_PE,D,20070822,000000,3.095,3.095,3.095,3.095,0,0
DGA_PE,D,20070823,000000,3.1787,3.1787,3.1787,3.1787,0,0
DGA_PE,D,20070824,000000,3.095,3.095,3.095,3.095,0,0
DGA_PE,D,20070827,000000,3.2539,3.2539,3.2539,3.2539,0,0
DGA_PE,D,20070828,000000,3.1787,3.1787,3.1787,3.1787,0,0
DGA_PE,D,20070829,000000,3.095,3.095,3.095,3.095,0,0
DGA_PE,D,20070830,000000,3.1787,3.1787,3.1787,3.1787,0,0
DGA_PE,D,20070831,000000,3.2539,3.2539,3.2539,3.2539,0,0
DGA_PE,D,20070903,000000,3.4046,3.4046,3.4046,3.4046,0,0
DGA_PE,D,20070904,000000,3.5634,3.5634,3.5634,3.5634,0,0
DGA_PE,D,20070905,000000,3.4881,3.4881,3.4881,3.4881,0,0
DGA_PE,D,20070906,000000,3.5634,3.5634,3.5634,3.5634,0,0
DGA_PE,D,20070907,000000,3.5634,3.5634,3.5634,3.5634,0,0
DGA_PE,D,20070910,000000,3.3292,3.3292,3.3292,3.3292,0,0
DGA_PE,D,20070911,000000,3.4881,3.4881,3.4881,3.4881,0,0
DGA_PE,D,20070912,000000,3.4881,3.4881,3.4881,3.4881,0,0
DGA_PE,D,20070913,000000,3.4881,3.4881,3.4881,3.4881,0,0
DGA_PE,D,20070914,000000,3.4881,3.4881,3.4881,3.4881,0,0
DGA_PE,D,20070917,000000,3.4881,3.4881,3.4881,3.4881,0,0
DGA_PE,D,20070918,000000,3.4881,3.4881,3.4881,3.4881,0,0
DGA_PE,D,20070919,000000,3.5634,3.5634,3.5634,3.5634,0,0
DGA_PE,D,20070920,000000,3.5634,3.5634,3.5634,3.5634,0,0
DGA_PE,D,20070921,000000,3.4881,3.4881,3.4881,3.4881,0,0
DGA_PE,D,20070924,000000,3.4881,3.4881,3.4881,3.4881,0,0
DGA_PE,D,20070925,000000,3.4881,3.4881,3.4881,3.4881,0,0
DGA_PE,D,20070926,000000,3.4881,3.4881,3.4881,3.4881,0,0
DGA_PE,D,20070927,000000,3.4881,3.4881,3.4881,3.4881,0,0
DGA_PE,D,20070928,000000,3.4881,3.4881,3.4881,3.4881,0,0
DGA_PE,D,20071001,000000,3.1787,3.1787,3.1787,3.1787,0,0
DGA_PE,D,20071002,000000,3.1787,3.1787,3.1787,3.1787,0,0
DGA_PE,D,20071003,000000,3.1787,3.1787,3.1787,3.1787,0,0
DGA_PE,D,20071004,000000,3.0197,3.0197,3.0197,3.0197,0,0
DGA_PE,D,20071005,000000,3.0197,3.0197,3.0197,3.0197,0,0
DGA_PE,D,20071008,000000,3.1787,3.1787,3.1787,3.1787,0,0
DGA_PE,D,20071009,000000,3.1787,3.1787,3.1787,3.1787,0,0
DGA_PE,D,20071010,000000,3.0197,3.0197,3.0197,3.0197,0,0
DGA_PE,D,20071011,000000,3.095,3.095,3.095,3.095,0,0
DGA_PE,D,20071012,000000,3.095,3.095,3.095,3.095,0,0
DGA_PE,D,20071015,000000,3.095,3.095,3.095,3.095,0,0
DGA_PE,D,20071016,000000,3.0197,3.0197,3.0197,3.0197,0,0
DGA_PE,D,20071017,000000,3.095,3.095,3.095,3.095,0,0
DGA_PE,D,20071018,000000,3.0197,3.0197,3.0197,3.0197,0,0
DGA_PE,D,20071019,000000,3.095,3.095,3.095,3.095,0,0
DGA_PE,D,20071022,000000,3.0197,3.0197,3.0197,3.0197,0,0
DGA_PE,D,20071023,000000,3.095,3.095,3.095,3.095,0,0
DGA_PE,D,20071024,000000,3.0197,3.0197,3.0197,3.0197,0,0
DGA_PE,D,20071025,000000,2.9444,2.9444,2.9444,2.9444,0,0
DGA_PE,D,20071026,000000,2.9444,2.9444,2.9444,2.9444,0,0
DGA_PE,D,20071029,000000,3.0197,3.0197,3.0197,3.0197,0,0
DGA_PE,D,20071030,000000,2.9444,2.9444,2.9444,2.9444,0,0
DGA_PE,D,20071031,000000,2.9444,2.9444,2.9444,2.9444,0,0
DGA_PE,D,20071102,000000,2.9444,2.9444,2.9444,2.9444,0,0
DGA_PE,D,20071105,000000,3.0197,3.0197,3.0197,3.0197,0,0
DGA_PE,D,20071106,000000,2.9444,2.9444,2.9444,2.9444,0,0
DGA_PE,D,20071107,000000,2.9444,2.9444,2.9444,2.9444,0,0
DGA_PE,D,20071108,000000,3.0197,3.0197,3.0197,3.0197,0,0
DGA_PE,D,20071109,000000,3.0197,3.0197,2.7855,2.7855,0,0
DGA_PE,D,20071112,000000,2.7103,2.7855,2.476,2.6349,0,0
DGA_PE,D,20071113,000000,2.7103,2.7103,2.476,2.7103,0,0
DGA_PE,D,20071114,000000,2.7103,2.9444,2.7103,2.7855,0,0
DGA_PE,D,20071115,000000,2.8691,2.8691,2.6349,2.6349,0,0
DGA_PE,D,20071116,000000,2.476,2.7103,2.476,2.6349,0,0
DGA_PE,D,20071119,000000,2.6349,3.1787,2.6349,2.8691,0,0
DGA_PE,D,20071120,000000,2.7855,2.7855,2.7855,2.7855,0,0
DGA_PE,D,20071121,000000,2.8691,2.8691,2.5596,2.5596,0,0
DGA_PE,D,20071122,000000,2.5596,2.6349,2.4008,2.6349,0,0
DGA_PE,D,20071123,000000,2.7855,3.0197,2.7103,3.0197,0,0
DGA_PE,D,20071126,000000,3.095,3.2539,3.095,3.095,0,0
DGA_PE,D,20071127,000000,3.095,3.4881,3.095,3.4881,0,0
DGA_PE,D,20071128,000000,4.6508,4.6508,3.9481,3.9481,0,0
DGA_PE,D,20071129,000000,4.3414,4.3414,3.6387,3.714,0,0
DGA_PE,D,20071130,000000,3.6387,4.0235,3.5634,3.5634,0,0
DGA_PE,D,20071203,000000,3.5634,3.6387,3.5634,3.6387,0,0
DGA_PE,D,20071204,000000,3.5634,3.6387,3.5634,3.5634,0,0
DGA_PE,D,20071205,000000,3.5634,3.714,3.4881,3.714,0,0
DGA_PE,D,20071206,000000,3.714,3.714,3.4881,3.4881,0,0
DGA_PE,D,20071207,000000,3.4881,3.4881,3.3292,3.3292,0,0
DGA_PE,D,20071210,000000,3.3292,3.4881,3.2539,3.3292,0,0
DGA_PE,D,20071211,000000,3.4046,3.4046,3.1787,3.2539,0,0
DGA_PE,D,20071212,000000,3.1787,3.2539,3.095,3.2539,0,0
DGA_PE,D,20071213,000000,3.1787,3.2539,3.095,3.2539,0,0
DGA_PE,D,20071214,000000,3.2539,3.2539,3.095,3.1787,0,0
DGA_PE,D,20071217,000000,3.3292,3.3292,3.0197,3.0197,0,0
DGA_PE,D,20071218,000000,2.8691,3.0197,2.7855,2.9444,0,0
DGA_PE,D,20071219,000000,2.9444,2.9444,2.8691,2.8691,0,0
DGA_PE,D,20071220,000000,2.7855,2.8691,2.7103,2.7103,0,0
DGA_PE,D,20071221,000000,2.7103,2.7855,2.7103,2.7103,0,0
DGA_PE,D,20071227,000000,2.7855,2.9444,2.7855,2.9444,0,0
DGA_PE,D,20071228,000000,2.8691,3.0197,2.8691,3.0197,0,0
DGA_PE,D,20080102,000000,3.095,3.095,2.9444,2.9444,0,0
DGA_PE,D,20080103,000000,2.7103,2.8691,2.7103,2.7855,0,0
DGA_PE,D,20080104,000000,2.7855,2.8691,2.6349,2.7103,0,0
DGA_PE,D,20080107,000000,2.6349,2.7103,2.6349,2.6349,0,0
DGA_PE,D,20080108,000000,2.6349,2.6349,2.5596,2.6349,0,0
DGA_PE,D,20080109,000000,2.5596,2.5596,2.4008,2.476,0,0
DGA_PE,D,20080110,000000,2.5596,2.5596,2.3254,2.4008,0,0
DGA_PE,D,20080111,000000,2.2502,2.476,2.2502,2.4008,0,0
DGA_PE,D,20080114,000000,2.2502,2.2502,2.2502,2.2502,0,0
DGA_PE,D,20080115,000000,2.1665,2.2502,2.1665,2.2502,0,0
DGA_PE,D,20080116,000000,2.1665,2.1665,2.0159,2.1665,0,0
DGA_PE,D,20080117,000000,2.2502,2.2502,2.0912,2.1665,0,0
DGA_PE,D,20080118,000000,2.1665,2.2502,2.0912,2.2502,0,0
DGA_PE,D,20080121,000000,2.1665,2.2502,2.0912,2.0912,0,0
DGA_PE,D,20080122,000000,2.1665,2.1665,2.0912,2.0912,0,0
DGA_PE,D,20080123,000000,2.1665,2.1665,2.0159,2.0912,0,0
DGA_PE,D,20080124,000000,2.1665,2.1665,2.0912,2.1665,0,0
DGA_PE,D,20080125,000000,2.1665,2.2502,2.0912,2.2502,0,0
DGA_PE,D,20080128,000000,2.1665,2.2502,2.1665,2.1665,0,0
DGA_PE,D,20080129,000000,2.2502,2.3254,2.2502,2.3254,0,0
DGA_PE,D,20080130,000000,2.3254,2.4008,2.3254,2.3254,0,0
DGA_PE,D,20080131,000000,2.3254,2.3254,2.2502,2.2502,0,0
DGA_PE,D,20080201,000000,2.2502,2.4008,2.2502,2.4008,0,0
DGA_PE,D,20080204,000000,2.5596,2.5596,2.3254,2.4008,0,0
DGA_PE,D,20080205,000000,2.3254,2.3254,2.2502,2.3254,0,0
DGA_PE,D,20080206,000000,2.2502,10.071,2.2502,10.071,0,0
DGA_PE,D,20080207,000000,10.146,10.146,9.678,9.913,0,0
DGA_PE,D,20080208,000000,10.222,10.222,9.603,10.071,0,0
DGA_PE,D,20080211,000000,10.071,10.298,9.837,10.222,0,0
DGA_PE,D,20080212,000000,10.298,10.298,10.071,10.146,0,0
DGA_PE,D,20080213,000000,10.298,11.075,10.071,10.69,0,0
DGA_PE,D,20080214,000000,10.925,10.925,10.925,10.925,0,0
DGA_PE,D,20080215,000000,10.84,11.694,10.84,11.234,0,0
DGA_PE,D,20080218,000000,11.46,11.544,10.925,11.075,0,0
DGA_PE,D,20080219,000000,11,11,10.615,11,0,0
DGA_PE,D,20080220,000000,10.84,10.84,10.531,10.84,0,0
DGA_PE,D,20080221,000000,10.765,10.925,10.765,10.84,0,0
DGA_PE,D,20080222,000000,10.84,10.925,10.84,10.925,0,0
DGA_PE,D,20080225,000000,11,11.075,10.925,11.075,0,0
DGA_PE,D,20080226,000000,11.309,11.694,11,11.15,0,0
DGA_PE,D,20080227,000000,11.46,11.46,10.925,11.075,0,0
DGA_PE,D,20080228,000000,11.15,12.471,10.765,12.471,0,0
DGA_PE,D,20080229,000000,12.388,12.388,12.003,12.162,0,0
DGA_PE,D,20080303,000000,11.309,11.544,11.309,11.544,0,0
DGA_PE,D,20080304,000000,11.309,11.544,11.15,11.385,0,0
DGA_PE,D,20080305,000000,11.15,11.694,11.15,11.694,0,0
DGA_PE,D,20080306,000000,11.853,11.853,11.309,11.544,0,0
DGA_PE,D,20080307,000000,11.075,11.544,11.075,11.544,0,0
DGA_PE,D,20080310,000000,11.544,11.77,11.46,11.694,0,0
DGA_PE,D,20080311,000000,11.694,11.694,11.309,11.619,0,0
DGA_PE,D,20080312,000000,11.385,11.694,11.309,11.694,0,0
DGA_PE,D,20080313,000000,11.544,11.694,11.234,11.234,0,0
DGA_PE,D,20080314,000000,11.309,11.46,11.234,11.234,0,0
DGA_PE,D,20080317,000000,11.234,11.234,10.925,11.075,0,0
DGA_PE,D,20080318,000000,11,11,10.69,11,0,0
DGA_PE,D,20080319,000000,11,11,10.765,11,0,0
DGA_PE,D,20080320,000000,11,11,10.69,10.765,0,0
DGA_PE,D,20080325,000000,11,11,10.84,10.925,0,0
DGA_PE,D,20080326,000000,10.925,11,10.765,11,0,0
DGA_PE,D,20080327,000000,11.075,11.075,10.925,11,0,0
DGA_PE,D,20080328,000000,11,11.15,10.84,11,0,0
DGA_PE,D,20080331,000000,11,11,11,11,0,0
DGA_PE,D,20080401,000000,11.075,11.075,10.765,10.84,0,0
DGA_PE,D,20080402,000000,11,11,10.456,10.765,0,0
DGA_PE,D,20080403,000000,10.765,10.765,10.456,10.615,0,0
DGA_PE,D,20080404,000000,10.381,10.615,10.222,10.456,0,0
DGA_PE,D,20080407,000000,10.615,10.615,10.071,10.146,0,0
DGA_PE,D,20080408,000000,10.146,10.146,9.4519,9.678,0,0
DGA_PE,D,20080409,000000,9.528,9.603,9.1428,9.3685,0,0
DGA_PE,D,20080410,000000,9.2177,9.3685,9.1428,9.2177,0,0
DGA_PE,D,20080411,000000,9.1428,9.2177,8.5995,8.5995,0,0
DGA_PE,D,20080414,000000,8.5995,8.7498,8.5239,8.6742,0,0
DGA_PE,D,20080415,000000,8.8332,8.8332,8.5239,8.5239,0,0
DGA_PE,D,20080416,000000,8.7498,8.7498,8.3648,8.5995,0,0
DGA_PE,D,20080417,000000,8.5995,8.7498,8.3648,8.3648,0,0
DGA_PE,D,20080418,000000,8.5995,8.5995,8.0553,8.1307,0,0
DGA_PE,D,20080421,000000,8.1307,8.1307,7.7458,7.7458,0,0
DGA_PE,D,20080422,000000,7.8965,7.8965,7.2774,7.5116,0,0
DGA_PE,D,20080423,000000,7.4363,7.4363,7.1268,7.2774,0,0
DGA_PE,D,20080424,000000,7.2022,7.3611,7.1268,7.2774,0,0
DGA_PE,D,20080425,000000,7.3611,7.5869,7.3611,7.5869,0,0
DGA_PE,D,20080428,000000,7.4363,7.6706,7.4363,7.6706,0,0
DGA_PE,D,20080429,000000,7.7458,7.7458,7.5869,7.7458,0,0
DGA_PE,D,20080430,000000,7.6706,7.7458,7.6706,7.6706,0,0
DGA_PE,D,20080505,000000,7.7458,7.8212,7.6706,7.8212,0,0
DGA_PE,D,20080506,000000,7.8212,7.8965,7.7458,7.8212,0,0
DGA_PE,D,20080507,000000,7.98,7.98,7.8965,7.8965,0,0
DGA_PE,D,20080508,000000,7.5869,7.5869,7.2022,7.2774,0,0
DGA_PE,D,20080509,000000,7.4363,7.5116,7.3611,7.4363,0,0
DGA_PE,D,20090901,000000,55.878,55.878,55.878,55.878,0,0
DGA_PE,D,20090902,000000,51.862,55.878,51.109,51.862,0,0
DGA_PE,D,20090903,000000,51.444,54.789,51.444,54.706,0,0
DGA_PE,D,20090904,000000,54.874,54.874,54.706,54.706,0,0
DGA_PE,D,20090907,000000,54.789,59.725,54.789,59.725,0,0
DGA_PE,D,20090908,000000,60.31,63.657,60.06,63.071,0,0
DGA_PE,D,20090909,000000,62.235,62.569,60.645,62.235,0,0
DGA_PE,D,20090910,000000,62.402,63.573,62.402,63.239,0,0
DGA_PE,D,20090911,000000,63.071,63.071,60.645,61.732,0,0
DGA_PE,D,20090914,000000,60.645,61.648,59.057,59.057,0,0
DGA_PE,D,20090915,000000,56.546,59.558,56.546,59.39,0,0
DGA_PE,D,20090916,000000,60.31,61.816,59.39,61.648,0,0
DGA_PE,D,20090917,000000,61.816,68.174,61.648,67.504,0,0
DGA_PE,D,20090918,000000,69.428,71.52,68.675,70.85,0,0
DGA_PE,D,20090921,000000,71.352,74.029,70.85,73.444,0,0
DGA_PE,D,20090922,000000,73.444,76.622,73.444,75.033,0,0
DGA_PE,D,20090923,000000,75.953,76.288,73.444,76.288,0,0
DGA_PE,D,20090924,000000,76.455,76.455,74.196,75.786,0,0
DGA_PE,D,20090925,000000,76.288,76.288,74.196,75.618,0,0
DGA_PE,D,20090928,000000,75.033,75.703,73.945,75.535,0,0
DGA_PE,D,20090929,000000,72.022,75.033,70.265,72.272,0,0
DGA_PE,D,20090930,000000,73.444,73.777,72.356,73.444,0,0
DGA_PE,D,20091001,000000,70.6,73.444,70.6,72.44,0,0
DGA_PE,D,20091002,000000,72.44,72.44,70.265,71.687,0,0
DGA_PE,D,20091005,000000,71.854,73.444,71.52,72.607,0,0
DGA_PE,D,20091006,000000,74.53,74.53,71.854,73.862,0,0
DGA_PE,D,20091007,000000,74.029,74.029,71.017,71.017,0,0
DGA_PE,D,20091008,000000,70.85,74.029,70.85,72.44,0,0
DGA_PE,D,20091009,000000,70.85,72.44,70.265,71.687,0,0
DGA_PE,D,20091012,000000,73.276,73.276,71.017,71.687,0,0
DGA_PE,D,20091013,000000,70.85,71.687,69.763,70.265,0,0
DGA_PE,D,20091014,000000,71.687,71.687,67.504,68.592,0,0
DGA_PE,D,20091015,000000,67.839,69.595,67.671,69.595,0,0
DGA_PE,D,20091016,000000,67.839,69.428,67.839,67.839,0,0
DGA_PE,D,20091019,000000,67.839,67.839,67.671,67.671,0,0
DGA_PE,D,20091020,000000,67.671,69.428,67.504,67.671,0,0
DGA_PE,D,20091021,000000,69.428,69.428,66.751,66.751,0,0
DGA_PE,D,20091022,000000,67.17,68.509,66.751,66.751,0,0
DGA_PE,D,20091023,000000,68.342,68.342,66.418,68.006,0,0
DGA_PE,D,20091026,000000,68.342,68.675,68.006,68.592,0,0
DGA_PE,D,20091027,000000,66.25,69.094,66.25,68.592,0,0
DGA_PE,D,20091028,000000,69.428,69.428,68.592,68.592,0,0
DGA_PE,D,20091029,000000,68.927,73.109,66.25,72.942,0,0
DGA_PE,D,20091030,000000,73.276,75.703,73.276,74.196,0,0
DGA_PE,D,20091102,000000,75.033,75.033,73.444,73.777,0,0
DGA_PE,D,20091103,000000,72.022,73.945,72.022,73.777,0,0
DGA_PE,D,20091104,000000,74.029,75.703,74.029,74.196,0,0
DGA_PE,D,20091105,000000,74.196,75.033,74.196,75.033,0,0
DGA_PE,D,20091106,000000,75.033,75.033,74.029,74.53,0,0
DGA_PE,D,20091109,000000,74.53,78.212,74.53,78.212,0,0
DGA_PE,D,20091110,000000,78.212,79.048,73.611,73.611,0,0
DGA_PE,D,20091112,000000,74.698,74.698,37.558,37.558,0,0
DGA_PE,D,20091113,000000,38.729,38.729,37.642,38.395,0,0
DGA_PE,D,20091116,000000,38.395,39.063,36.303,38.311,0,0
DGA_PE,D,20091117,000000,37.81,37.81,36.387,37.475,0,0
DGA_PE,D,20091118,000000,37.81,37.81,36.052,37.475,0,0
DGA_PE,D,20091119,000000,36.136,37.391,36.136,37.391,0,0
DGA_PE,D,20091120,000000,37.391,38.395,36.387,37.391,0,0
DGA_PE,D,20091123,000000,36.303,38.311,36.303,38.311,0,0
DGA_PE,D,20091124,000000,38.143,38.143,37.976,37.976,0,0
DGA_PE,D,20091125,000000,36.973,37.893,36.973,37.893,0,0
DGA_PE,D,20091126,000000,38.143,38.143,36.303,36.303,0,0
DGA_PE,D,20091127,000000,36.303,36.471,35.049,36.471,0,0
DGA_PE,D,20091130,000000,35.885,36.387,34.631,36.219,0,0
DGA_PE,D,20091201,000000,35.885,35.885,35.049,35.049,0,0
DGA_PE,D,20091202,000000,35.049,35.885,35.049,35.885,0,0
DGA_PE,D,20091203,000000,35.383,37.558,35.383,37.558,0,0
DGA_PE,D,20091204,000000,36.471,37.475,35.885,37.391,0,0
DGA_PE,D,20091207,000000,37.391,37.391,37.057,37.057,0,0
DGA_PE,D,20091208,000000,35.634,36.555,35.049,36.136,0,0
DGA_PE,D,20091209,000000,35.885,36.136,35.551,36.052,0,0
DGA_PE,D,20091210,000000,36.303,36.722,35.885,35.885,0,0
DGA_PE,D,20091211,000000,36.303,36.303,35.885,36.303,0,0
DGA_PE,D,20091214,000000,35.467,37.057,35.467,36.806,0,0
DGA_PE,D,20091215,000000,36.806,36.806,35.216,36.303,0,0
DGA_PE,D,20091216,000000,36.638,36.638,35.467,35.885,0,0
DGA_PE,D,20091217,000000,35.467,36.136,35.467,36.136,0,0
DGA_PE,D,20091218,000000,36.303,36.303,35.132,36.052,0,0
DGA_PE,D,20091221,000000,36.136,36.136,35.132,35.132,0,0
DGA_PE,D,20091222,000000,35.885,35.885,35.132,35.801,0,0
DGA_PE,D,20091223,000000,35.299,35.885,35.299,35.885,0,0
DGA_PE,D,20091228,000000,35.467,35.885,34.631,35.634,0,0
DGA_PE,D,20091229,000000,34.631,35.634,33.878,35.299,0,0
DGA_PE,D,20091230,000000,34.464,34.547,34.464,34.464,0,0
DGA_PE,D,20091231,000000,33.878,35.885,33.878,35.216,0,0
DGA_PE,D,20100104,000000,35.049,37.893,35.049,37.893,0,0
DGA_PE,D,20100105,000000,38.395,38.395,37.558,37.976,0,0
DGA_PE,D,20100106,000000,36.303,39.063,36.303,38.98,0,0
DGA_PE,D,20100107,000000,38.395,38.395,37.391,38.311,0,0
DGA_PE,D,20100108,000000,37.475,38.06,37.391,37.976,0,0
DGA_PE,D,20100111,000000,36.387,37.976,36.387,37.642,0,0
DGA_PE,D,20100112,000000,36.555,36.973,36.219,36.89,0,0
DGA_PE,D,20100113,000000,36.303,37.057,36.303,37.057,0,0
DGA_PE,D,20100114,000000,37.057,37.893,37.057,37.475,0,0
DGA_PE,D,20100115,000000,37.475,37.81,37.475,37.642,0,0
DGA_PE,D,20100118,000000,37.475,37.976,36.638,37.976,0,0
DGA_PE,D,20100119,000000,37.976,37.976,37.558,37.893,0,0
DGA_PE,D,20100120,000000,37.976,37.976,37.057,37.057,0,0
DGA_PE,D,20100121,000000,37.976,37.976,36.471,37.391,0,0
DGA_PE,D,20100122,000000,37.057,37.726,36.219,37.391,0,0
DGA_PE,D,20100125,000000,37.223,37.223,36.555,37.14,0,0
DGA_PE,D,20100126,000000,36.136,36.89,36.136,36.89,0,0
DGA_PE,D,20100127,000000,36.89,36.89,35.299,36.722,0,0
DGA_PE,D,20100128,000000,36.136,36.722,36.136,36.722,0,0
DGA_PE,D,20100129,000000,36.138,36.638,35.47,36.305,0,0
DGA_PE,D,20100201,000000,35.801,36.638,35.801,36.219,0,0
DGA_PE,D,20100203,000000,36.638,36.638,34.296,34.881,0,0
DGA_PE,D,20100204,000000,34.881,35.216,33.544,34.881,0,0
DGA_PE,D,20100205,000000,34.046,34.464,32.121,33.878,0,0
DGA_PE,D,20100208,000000,32.623,34.966,32.455,33.376,0,0
DGA_PE,D,20100209,000000,32.539,33.544,32.539,33.544,0,0
DGA_PE,D,20100210,000000,33.376,33.544,32.623,33.544,0,0
DGA_PE,D,20100211,000000,33.46,33.46,33.46,33.46,0,0
DGA_PE,D,20100212,000000,33.544,33.544,32.623,33.125,0,0
DGA_PE,D,20100215,000000,33.125,33.125,32.539,33.125,0,0
DGA_PE,D,20100216,000000,33.125,33.544,32.707,33.544,0,0
DGA_PE,D,20100217,000000,33.544,33.711,32.288,32.623,0,0
DGA_PE,D,20100218,000000,32.957,33.376,32.205,33.376,0,0
DGA_PE,D,20100219,000000,33.376,33.627,32.874,33.627,0,0
DGA_PE,D,20100222,000000,33.711,34.881,33.711,34.379,0,0
DGA_PE,D,20100223,000000,35.216,35.216,33.794,33.794,0,0
DGA_PE,D,20100224,000000,33.125,33.878,30.113,30.113,0,0
DGA_PE,D,20100225,000000,28.858,29.778,28.691,29.778,0,0
DGA_PE,D,20100226,000000,29.026,29.528,29.026,29.528,0,0
DGA_PE,D,20100301,000000,29.528,29.778,29.026,29.026,0,0
DGA_PE,D,20100302,000000,29.11,30.113,29.11,30.113,0,0
DGA_PE,D,20100303,000000,29.193,30.616,29.193,30.197,0,0
DGA_PE,D,20100304,000000,30.197,31.117,30.197,31.117,0,0
DGA_PE,D,20100305,000000,31.117,31.87,30.867,31.787,0,0
DGA_PE,D,20100308,000000,31.535,32.455,31.369,32.205,0,0
DGA_PE,D,20100309,000000,31.535,32.205,31.452,31.787,0,0
DGA_PE,D,20100310,000000,31.369,32.205,31.369,32.205,0,0
DGA_PE,D,20100311,000000,32.205,32.623,31.535,32.539,0,0
DGA_PE,D,20100312,000000,32.288,32.957,32.205,32.79,0,0
DGA_PE,D,20100315,000000,32.288,33.627,32.288,33.376,0,0
DGA_PE,D,20100316,000000,33.711,35.634,33.711,35.299,0,0
DGA_PE,D,20100317,000000,35.216,35.383,34.966,35.216,0,0
DGA_PE,D,20100318,000000,34.966,34.966,33.125,33.376,0,0
DGA_PE,D,20100319,000000,33.627,34.631,33.04,33.292,0,0
DGA_PE,D,20100322,000000,32.205,33.292,11.209,11.209,0,0
DGA_PE,D,20100323,000000,11.209,11.879,11.209,11.711,0,0
DGA_PE,D,20100324,000000,11.962,11.962,11.46,11.627,0,0
DGA_PE,D,20100325,000000,11.711,11.795,11.711,11.795,0,0
DGA_PE,D,20100326,000000,11.962,11.962,11.46,11.795,0,0
DGA_PE,D,20100329,000000,11.627,11.795,11.544,11.795,0,0
DGA_PE,D,20100330,000000,11.627,11.795,11.627,11.711,0,0
DGA_PE,D,20100331,000000,11.539,11.539,11.126,11.372,0,0
DGA_PE,D,20100401,000000,11.293,11.962,11.293,11.711,0,0
DGA_PE,D,20100406,000000,11.126,12.129,11.126,11.795,0,0
DGA_PE,D,20100407,000000,11.795,11.795,11.293,11.46,0,0
DGA_PE,D,20100408,000000,11.377,11.377,11.293,11.293,0,0
DGA_PE,D,20100409,000000,11.46,11.46,11.209,11.377,0,0
DGA_PE,D,20100412,000000,11.209,11.377,11.209,11.377,0,0
DGA_PE,D,20100413,000000,11.293,11.293,11.041,11.293,0,0
DGA_PE,D,20100414,000000,11.126,11.544,11.126,11.377,0,0
DGA_PE,D,20100415,000000,11.293,11.293,11.041,11.209,0,0
DGA_PE,D,20100416,000000,11.294,11.294,11.205,11.205,0,0
DGA_PE,D,20100419,000000,10.872,11.205,10.872,10.959,0,0
DGA_PE,D,20100420,000000,10.958,11.377,10.958,11.293,0,0
DGA_PE,D,20100421,000000,11.293,11.377,11.126,11.377,0,0
DGA_PE,D,20100422,000000,11.205,11.205,11.038,11.205,0,0
DGA_PE,D,20100423,000000,11.205,11.294,11.126,11.294,0,0
DGA_PE,D,20100426,000000,11.294,11.715,11.294,11.627,0,0
DGA_PE,D,20100427,000000,11.882,11.882,11.539,11.794,0,0
DGA_PE,D,20100428,000000,11.539,11.715,11.46,11.539,0,0
DGA_PE,D,20100429,000000,11.294,11.539,11.205,11.46,0,0
DGA_PE,D,20100430,000000,11.689,12.04,11.601,11.776,0,0
DGA_PE,D,20100504,000000,11.601,11.689,11.074,11.337,0,0
DGA_PE,D,20100505,000000,11.337,11.425,11.249,11.249,0,0
DGA_PE,D,20100506,000000,10.897,11.249,10.722,10.722,0,0
DGA_PE,D,20100507,000000,10.722,10.722,10.106,10.546,0,0
DGA_PE,D,20100510,000000,10.546,11.337,10.546,11.162,0,0
DGA_PE,D,20100511,000000,11.249,11.249,10.985,11.162,0,0
DGA_PE,D,20100512,000000,11.162,11.162,10.985,11.074,0,0
DGA_PE,D,20100513,000000,11.074,11.074,10.106,10.106,0,0
DGA_PE,D,20100514,000000,10.194,10.194,9.931,10.194,0,0
DGA_PE,D,20100517,000000,10.019,10.019,9.755,10.019,0,0
DGA_PE,D,20100518,000000,10.106,10.106,9.931,10.019,0,0
DGA_PE,D,20100519,000000,9.931,9.931,9.931,9.931,0,0
DGA_PE,D,20100520,000000,9.755,10.019,9.579,9.843,0,0
DGA_PE,D,20100521,000000,9.3154,9.755,9.2281,9.755,0,0
DGA_PE,D,20100524,000000,9.667,9.843,9.667,9.755,0,0
DGA_PE,D,20100525,000000,9.667,9.667,9.4035,9.667,0,0
DGA_PE,D,20100526,000000,9.4917,9.667,9.4035,9.667,0,0
DGA_PE,D,20100527,000000,9.4035,9.755,9.4035,9.579,0,0
DGA_PE,D,20100528,000000,9.667,9.755,9.4035,9.755,0,0
DGA_PE,D,20100531,000000,9.755,9.755,9.4917,9.755,0,0
DGA_PE,D,20100601,000000,9.755,9.755,9.4917,9.667,0,0
DGA_PE,D,20100602,000000,9.4917,9.755,9.4917,9.4917,0,0
DGA_PE,D,20100604,000000,9.3154,9.4035,8.8763,9.4035,0,0
DGA_PE,D,20100607,000000,9.3154,9.3154,8.8763,8.9642,0,0
DGA_PE,D,20100608,000000,8.8763,9.2281,8.7006,9.0517,0,0
DGA_PE,D,20100609,000000,9.2281,9.2281,8.7884,9.0517,0,0
DGA_PE,D,20100610,000000,9.0517,9.0517,8.7884,8.8763,0,0
DGA_PE,D,20100611,000000,8.9642,8.9642,8.8763,8.8763,0,0
DGA_PE,D,20100614,000000,8.8763,8.8763,8.5247,8.7884,0,0
DGA_PE,D,20100615,000000,8.6126,8.7006,8.4368,8.7006,0,0
DGA_PE,D,20100616,000000,8.7006,8.7884,8.7006,8.7884,0,0
DGA_PE,D,20100617,000000,8.7006,8.7884,8.5247,8.7884,0,0
DGA_PE,D,20100618,000000,8.4368,8.7006,8.349,8.6126,0,0
DGA_PE,D,20100621,000000,8.5247,8.5247,8.349,8.349,0,0
DGA_PE,D,20100622,000000,8.349,8.5247,8.2611,8.5247,0,0
DGA_PE,D,20100623,000000,8.5247,8.5247,8.2611,8.5247,0,0
DGA_PE,D,20100624,000000,8.4368,8.4368,8.4368,8.4368,0,0
DGA_PE,D,20100625,000000,8.2611,8.4368,8.2611,8.4368,0,0
DGA_PE,D,20100628,000000,8.2611,8.2611,7.9975,8.2611,0,0
DGA_PE,D,20100629,000000,8.1732,8.1732,7.9975,8.1732,0,0
DGA_PE,D,20100630,000000,7.9975,8.1732,7.9096,8.1732,0,0
DGA_PE,D,20100701,000000,7.9096,8.1732,7.9096,8.1732,0,0
DGA_PE,D,20100702,000000,7.8217,8.0853,7.6459,7.8217,0,0
DGA_PE,D,20100705,000000,7.6459,8.1732,7.6459,8.1732,0,0
DGA_PE,D,20100706,000000,8.1732,8.1732,8.0853,8.0853,0,0
DGA_PE,D,20100707,000000,8.0853,8.4368,8.0853,8.4368,0,0
DGA_PE,D,20100708,000000,8.4368,8.8763,8.4368,8.7884,0,0
DGA_PE,D,20100709,000000,8.8763,9.2281,8.8763,9.1399,0,0
DGA_PE,D,20100712,000000,9.1399,9.1399,9.1399,9.1399,0,0
DGA_PE,D,20100713,000000,9.1399,9.1399,8.5247,9.0517,0,0
DGA_PE,D,20100714,000000,9.0517,9.1399,8.9642,9.1399,0,0
DGA_PE,D,20100715,000000,9.1399,9.1399,9.0517,9.0517,0,0
DGA_PE,D,20100719,000000,9.0517,9.0517,8.6126,9.0517,0,0
DGA_PE,D,20100720,000000,8.7884,8.9642,8.7884,8.9642,0,0
DGA_PE,D,20100721,000000,8.9642,8.9642,8.7884,8.9642,0,0
DGA_PE,D,20100722,000000,9.0517,9.1399,9.0517,9.1399,0,0
DGA_PE,D,20100723,000000,9.2281,10.019,9.2281,9.843,0,0
DGA_PE,D,20100726,000000,9.755,9.843,9.4917,9.843,0,0
DGA_PE,D,20100727,000000,9.4917,9.843,9.4917,9.843,0,0
DGA_PE,D,20100728,000000,9.4917,9.843,9.4917,9.843,0,0
DGA_PE,D,20100729,000000,9.755,9.843,9.755,9.843,0,0
DGA_PE,D,20100730,000000,9.4917,9.843,9.4917,9.843,0,0
DGA_PE,D,20100802,000000,9.843,10.546,9.755,9.843,0,0
DGA_PE,D,20100803,000000,10.019,10.283,9.4917,10.283,0,0
DGA_PE,D,20100804,000000,9.931,10.106,9.931,10.106,0,0
DGA_PE,D,20100805,000000,10.106,10.106,9.931,10.106,0,0
DGA_PE,D,20100806,000000,10.194,10.194,9.579,9.931,0,0
DGA_PE,D,20100809,000000,9.843,9.843,9.4917,9.667,0,0
DGA_PE,D,20100810,000000,9.3154,9.579,9.3154,9.4035,0,0
DGA_PE,D,20100811,000000,9.0517,9.3154,9.0517,9.3154,0,0
DGA_PE,D,20100812,000000,9.0517,9.2281,8.8763,9.2281,0,0
DGA_PE,D,20100813,000000,9.2281,9.3154,9.2281,9.2281,0,0
DGA_PE,D,20100816,000000,8.9642,9.1399,8.9642,9.1399,0,0
DGA_PE,D,20100817,000000,9.0517,9.3154,8.8763,9.3154,0,0
DGA_PE,D,20100818,000000,9.1399,9.579,9.0517,9.579,0,0
DGA_PE,D,20100819,000000,9.2281,9.4917,9.2281,9.4035,0,0
DGA_PE,D,20100820,000000,9.4035,9.4035,9.4035,9.4035,0,0
DGA_PE,D,20100823,000000,9.0517,9.3154,9.0517,9.1399,0,0
DGA_PE,D,20100824,000000,9.1399,9.2281,8.9642,9.0517,0,0
DGA_PE,D,20100825,000000,9.2281,9.3154,9.0517,9.3154,0,0
DGA_PE,D,20100826,000000,9.2281,9.2281,9.1399,9.2281,0,0
DGA_PE,D,20100827,000000,8.9642,9.2281,8.9642,9.1399,0,0
DGA_PE,D,20100830,000000,9.1399,9.2281,9.1399,9.2281,0,0
DGA_PE,D,20100831,000000,8.8763,9.2281,8.7006,9.1399,0,0
DGA_PE,D,20100901,000000,8.7006,8.8763,8.7006,8.8763,0,0
DGA_PE,D,20100902,000000,8.7884,19.686,8.6126,19.686,0,0
DGA_PE,D,20100903,000000,19.423,19.51,19.246,19.51,0,0
DGA_PE,D,20100906,000000,19.246,19.51,18.895,19.51,0,0
DGA_PE,D,20100907,000000,19.51,19.51,19.334,19.334,0,0
DGA_PE,D,20100908,000000,18.983,20.125,18.983,20.038,0,0
DGA_PE,D,20100909,000000,19.95,19.95,19.51,19.862,0,0
DGA_PE,D,20100910,000000,19.423,19.95,19.423,19.95,0,0
DGA_PE,D,20100913,000000,19.95,20.213,19.071,19.423,0,0
DGA_PE,D,20100914,000000,19.423,19.686,18.983,19.686,0,0
DGA_PE,D,20100915,000000,19.686,19.773,19.686,19.773,0,0
DGA_PE,D,20100916,000000,19.686,19.95,19.51,19.95,0,0
DGA_PE,D,20100917,000000,19.51,19.862,18.983,19.862,0,0
DGA_PE,D,20100920,000000,19.773,19.773,18.719,19.773,0,0
DGA_PE,D,20100921,000000,19.773,19.773,19.246,19.773,0,0
DGA_PE,D,20100922,000000,19.862,20.302,18.983,19.246,0,0
DGA_PE,D,20100923,000000,19.51,19.51,18.807,19.071,0,0
DGA_PE,D,20100924,000000,18.632,19.159,18.455,19.071,0,0
DGA_PE,D,20100927,000000,19.071,19.423,18.983,18.983,0,0
DGA_PE,D,20100928,000000,19.071,19.071,18.632,19.071,0,0
DGA_PE,D,20100929,000000,18.807,19.423,18.807,19.246,0,0
DGA_PE,D,20100930,000000,19.246,19.862,19.246,19.773,0,0
DGA_PE,D,20101001,000000,19.862,20.213,19.773,20.125,0,0
DGA_PE,D,20101004,000000,20.213,20.213,19.334,19.686,0,0
DGA_PE,D,20101005,000000,19.686,19.686,19.246,19.51,0,0
DGA_PE,D,20101006,000000,19.246,19.51,18.895,19.423,0,0
DGA_PE,D,20101007,000000,19.071,19.071,18.632,19.071,0,0
DGA_PE,D,20101008,000000,19.334,19.334,18.807,19.071,0,0
DGA_PE,D,20101011,000000,19.071,19.071,18.632,19.071,0,0
DGA_PE,D,20101012,000000,18.719,18.983,18.632,18.807,0,0
DGA_PE,D,20101013,000000,18.632,18.895,18.368,18.719,0,0
DGA_PE,D,20101014,000000,18.807,29.529,18.807,29.529,0,0
DGA_PE,D,20101015,000000,34.012,34.714,31.374,34.012,0,0
DGA_PE,D,20101018,000000,34.89,39.196,34.89,39.196,0,0
DGA_PE,D,20101019,000000,40.427,49.654,40.427,49.654,0,0
DGA_PE,D,20101020,000000,54.4,59.673,40.514,40.602,0,0
DGA_PE,D,20101021,000000,36.384,36.999,32.429,32.429,0,0
DGA_PE,D,20101022,000000,32.517,33.044,29.881,30.408,0,0
DGA_PE,D,20101025,000000,31.287,33.923,30.496,31.638,0,0
DGA_PE,D,20101026,000000,31.638,32.517,30.408,30.408,0,0
DGA_PE,D,20101027,000000,30.496,30.76,27.683,27.772,0,0
DGA_PE,D,20101028,000000,27.772,29.442,27.244,28.122,0,0
DGA_PE,D,20101029,000000,28.474,28.738,28.035,28.386,0,0
DGA_PE,D,20101102,000000,27.772,29.353,27.508,28.826,0,0
DGA_PE,D,20101103,000000,28.65,30.056,28.562,28.562,0,0
DGA_PE,D,20101104,000000,28.826,29.002,27.683,27.683,0,0
DGA_PE,D,20101105,000000,27.683,28.474,26.453,28.122,0,0
DGA_PE,D,20101108,000000,28.211,28.474,27.772,28.122,0,0
DGA_PE,D,20101109,000000,27.332,28.386,26.981,27.595,0,0
DGA_PE,D,20101110,000000,27.156,27.947,26.892,26.892,0,0
DGA_PE,D,20101112,000000,26.717,184.65,26.277,184.65,0,0
DGA_PE,D,20101115,000000,185.08,194.05,180.86,190.44,0,0
DGA_PE,D,20101116,000000,185.52,190.54,178.14,181.13,0,0
DGA_PE,D,20101117,000000,179.28,180.08,174.19,175.68,0,0
DGA_PE,D,20101118,000000,175.77,180.08,175.77,177.26,0,0
DGA_PE,D,20101119,000000,177.35,185.52,174.62,178.84,0,0
DGA_PE,D,20101122,000000,180.86,180.86,167.25,167.51,0,0
DGA_PE,D,20101123,000000,167.25,167.25,156.35,156.61,0,0
DGA_PE,D,20101124,000000,157.84,179.19,157.84,179.19,0,0
DGA_PE,D,20101125,000000,174.62,175.77,168.03,169.88,0,0
DGA_PE,D,20101126,000000,167.25,167.6,155.55,159.69,0,0
DGA_PE,D,20101129,000000,161.36,161.36,155.55,156.96,0,0
DGA_PE,D,20101130,000000,156.35,159.07,151.68,153.88,0,0
DGA_PE,D,20101201,000000,153.97,162.59,153.97,160.47,0,0
DGA_PE,D,20101202,000000,161.01,164.08,159.42,159.69,0,0
DGA_PE,D,20101203,000000,162.59,162.59,156.35,157.49,0,0
DGA_PE,D,20101206,000000,157.49,159.42,154.77,159.07,0,0
DGA_PE,D,20101207,000000,158.64,171.47,158.64,164.08,0,0
DGA_PE,D,20101208,000000,165.31,165.31,160.56,161.79,0,0
DGA_PE,D,20101209,000000,161.79,161.79,158.27,159.07,0,0
DGA_PE,D,20101210,000000,159.42,168.03,157.14,163.73,0,0
DGA_PE,D,20101213,000000,163.73,165.31,161.79,161.79,0,0
DGA_PE,D,20101214,000000,165.31,166.8,160.21,160.56,0,0
DGA_PE,D,20101215,000000,161.79,161.79,158.64,161.27,0,0
DGA_PE,D,20101216,000000,158.64,164.87,156.7,156.96,0,0
DGA_PE,D,20101217,000000,157.84,159.86,155.55,155.82,0,0
DGA_PE,D,20101220,000000,155.12,156.7,142.29,142.55,0,0
DGA_PE,D,20101221,000000,140.79,142.55,137.63,137.89,0,0
DGA_PE,D,20101222,000000,136.92,146.59,133.41,145.71,0,0
DGA_PE,D,20101223,000000,143.87,152.83,143.87,148.79,0,0
DGA_PE,D,20101227,000000,148.18,153.62,146.59,148.44,0,0
DGA_PE,D,20101228,000000,147.03,152.48,141.94,147.99,0,0
DGA_PE,D,20101229,000000,150.9,152.48,147.99,151.16,0,0
DGA_PE,D,20101230,000000,151.68,156.35,149.76,150.72,0,0
DGA_PE,D,20101231,000000,153.18,153.18,149.76,150.37,0,0
DGA_PE,D,20110103,000000,151.68,151.68,147.03,149.23,0,0
DGA_PE,D,20110104,000000,150.11,150.11,141.94,144.92,0,0
DGA_PE,D,20110105,000000,146.24,147.03,141.94,144.13,0,0
DGA_PE,D,20110107,000000,141.14,151.25,141.14,147.99,0,0
DGA_PE,D,20110110,000000,150.46,150.46,145.79,150.37,0,0
DGA_PE,D,20110111,000000,147.73,155.12,147.73,152.75,0,0
DGA_PE,D,20110112,000000,152.83,159.07,151.68,153.45,0,0
DGA_PE,D,20110113,000000,152.48,153.62,150.11,151.95,0,0
DGA_PE,D,20110114,000000,149.76,152.83,143.87,145.27,0,0
DGA_PE,D,20110117,000000,143.87,144.31,140.79,141.4,0,0
DGA_PE,D,20110118,000000,140.35,144.31,140.35,142.2,0,0
DGA_PE,D,20110119,000000,141.14,147.03,140,144.13,0,0
DGA_PE,D,20110120,000000,141.58,143.77,141.14,143.77,0,0
DGA_PE,D,20110121,000000,143.52,147.73,138.07,138.33,0,0
DGA_PE,D,20110124,000000,138.07,140.27,134.9,140.27,0,0
DGA_PE,D,20110125,000000,137.28,140,137.28,137.89,0,0
DGA_PE,D,20110126,000000,136.48,139.2,132.79,132.79,0,0
DGA_PE,D,20110127,000000,133.41,133.41,127.17,128.57,0,0
DGA_PE,D,20110128,000000,126.2,126.2,126.2,126.2,0,0
DGA_PE,D,20110131,000000,123.92,126.99,122.07,126.99,0,0
DGA_PE,D,20110201,000000,126.72,135.34,124.45,130.51,0,0
DGA_PE,D,20110202,000000,129.1,129.1,125.24,128.14,0,0
DGA_PE,D,20110203,000000,125.59,132.61,124.45,125.41,0,0
DGA_PE,D,20110204,000000,125.59,127.96,124.8,127.79,0,0
DGA_PE,D,20110207,000000,127.52,129.89,126.72,127.79,0,0
DGA_PE,D,20110208,000000,127.52,128.75,126.37,126.99,0,0
DGA_PE,D,20110209,000000,126.37,126.72,123.3,125.41,0,0
DGA_PE,D,20110210,000000,126.02,126.02,116.62,116.89,0,0
DGA_PE,D,20110211,000000,116.62,116.89,112.76,116.89,0,0
DGA_PE,D,20110214,000000,115.92,124.45,114.69,122.68,0,0
DGA_PE,D,20110215,000000,124.09,152.83,122.68,149.58,0,0
DGA_PE,D,20110216,000000,151.68,153.97,131.48,132.44,0,0
DGA_PE,D,20110217,000000,134.55,136.13,126.37,128.92,0,0
DGA_PE,D,20110218,000000,129.46,134.55,126.37,131.29,0,0
DGA_PE,D,20110221,000000,133.41,133.41,126.64,126.64,0,0
DGA_PE,D,20110222,000000,127.96,127.96,121.72,123.13,0,0
DGA_PE,D,20110223,000000,122.86,130.69,122.07,124.62,0,0
DGA_PE,D,20110224,000000,123.65,128.57,122.86,128.57,0,0
DGA_PE,D,20110225,000000,130.24,130.24,126.37,128.57,0,0
DGA_PE,D,20110228,000000,129.89,129.89,124.8,128.57,0,0
DGA_PE,D,20110301,000000,128.31,134.55,128.31,131.65,0,0
DGA_PE,D,20110302,000000,132.18,132.18,127.52,130.51,0,0
DGA_PE,D,20110303,000000,130.24,143.07,129.46,142.55,0,0
DGA_PE,D,20110304,000000,141.94,144.66,136.48,137.89,0,0
DGA_PE,D,20110307,000000,138.42,139.56,134.2,139.03,0,0
DGA_PE,D,20110308,000000,138.07,150.11,138.07,144.13,0,0
DGA_PE,D,20110309,000000,142.29,142.29,134.9,135.51,0,0
DGA_PE,D,20110310,000000,136.13,136.13,130.07,130.07,0,0
DGA_PE,D,20110311,000000,129.89,131.83,127.17,130.07,0,0
DGA_PE,D,20110314,000000,129.1,135.7,128.31,134.03,0,0
DGA_PE,D,20110315,000000,131.04,131.04,127.17,130.07,0,0
DGA_PE,D,20110316,000000,129.89,132.18,129.46,129.72,0,0
DGA_PE,D,20110317,000000,129.46,133.41,129.46,131.65,0,0
DGA_PE,D,20110318,000000,132.61,135.34,131.65,135.16,0,0
DGA_PE,D,20110321,000000,134.55,141.14,131.48,139.03,0,0
DGA_PE,D,20110322,000000,138.42,141.58,136.13,139.03,0,0
DGA_PE,D,20120321,000000,9.579,9.579,9.579,9.579,0,0
DGA_PE,D,20120322,000000,9.2281,9.579,9.1399,9.579,0,0
DGA_PE,D,20120323,000000,9.579,9.579,9.579,9.579,0,0
DGA_PE,D,20120326,000000,9.3154,9.579,9.3154,9.579,0,0
DGA_PE,D,20120327,000000,9.4035,9.579,9.0517,9.4917,0,0
DGA_PE,D,20120328,000000,9.2281,9.4917,8.9642,9.4917,0,0
DGA_PE,D,20120329,000000,9.2281,9.4917,9.2281,9.2281,0,0
DGA_PE,D,20120330,000000,9.1399,9.4035,9.1399,9.4035,0,0
DGA_PE,D,20120402,000000,9.0517,9.3154,9.0517,9.2281,0,0
DGA_PE,D,20120403,000000,8.8763,9.2281,8.8763,9.2281,0,0
DGA_PE,D,20120404,000000,8.9642,9.3154,8.7006,9.0517,0,0
DGA_PE,D,20120405,000000,8.7006,9.1399,8.7006,9.1399,0,0
DGA_PE,D,20120410,000000,9.2281,9.3154,9.2281,9.3154,0,0
DGA_PE,D,20120412,000000,8.8763,9.2281,8.8763,9.2281,0,0
DGA_PE,D,20120413,000000,8.8763,9.1399,8.8763,9.1399,0,0
DGA_PE,D,20120417,000000,8.8763,9.0517,8.8763,8.8763,0,0
DGA_PE,D,20120418,000000,9.1399,9.1399,9.1399,9.1399,0,0
DGA_PE,D,20120419,000000,8.7006,9.1399,8.6126,8.8763,0,0
DGA_PE,D,20120420,000000,8.7006,9.1399,8.7006,8.7006,0,0
DGA_PE,D,20120423,000000,8.4368,9.0517,8.1732,8.5247,0,0
DGA_PE,D,20120424,000000,8.1732,8.5247,8.1732,8.5247,0,0
DGA_PE,D,20120425,000000,8.7006,8.7006,8.349,8.4368,0,0
DGA_PE,D,20120426,000000,8.7884,8.7884,8.349,8.349,0,0
DGA_PE,D,20120427,000000,8.7884,8.7884,8.349,8.6126,0,0
DGA_PE,D,20120430,000000,8.8763,9.0517,8.6126,8.6126,0,0
DGA_PE,D,20120502,000000,8.6126,8.6126,8.4368,8.4368,0,0
DGA_PE,D,20120504,000000,8.4368,8.8763,8.4368,8.8763,0,0
DGA_PE,D,20120508,000000,8.4368,8.7884,8.4368,8.7884,0,0
DGA_PE,D,20120509,000000,8.4368,8.7006,8.4368,8.7006,0,0
DGA_PE,D,20120510,000000,8.6126,9.0517,8.349,9.0517,0,0
DGA_PE,D,20120511,000000,8.9642,8.9642,8.8763,8.8763,0,0
DGA_PE,D,20120514,000000,8.5247,8.8763,8.1732,8.4368,0,0
DGA_PE,D,20120515,000000,8.2611,32.429,7.9975,32.429,0,0
DGA_PE,D,20120516,000000,32.429,32.781,32.429,32.781,0,0
DGA_PE,D,20120517,000000,32.956,32.956,31.462,31.462,0,0
DGA_PE,D,20120518,000000,29.705,31.462,29.705,30.496,0,0
DGA_PE,D,20120521,000000,31.462,33.571,31.462,33.571,0,0
DGA_PE,D,20120522,000000,31.462,33.132,31.462,33.132,0,0
DGA_PE,D,20120523,000000,31.374,33.571,31.374,33.571,0,0
DGA_PE,D,20120524,000000,31.638,33.132,31.287,33.132,0,0
DGA_PE,D,20120525,000000,31.374,33.132,31.374,32.956,0,0
DGA_PE,D,20120528,000000,32.956,32.956,32.956,32.956,0,0
DGA_PE,D,20120529,000000,32.781,32.781,32.781,32.781,0,0
DGA_PE,D,20120530,000000,32.956,32.956,31.023,31.023,0,0
DGA_PE,D,20120531,000000,31.199,32.429,31.199,32.429,0,0
DGA_PE,D,20120601,000000,31.462,31.99,30.496,31.99,0,0
DGA_PE,D,20120604,000000,31.99,32.165,31.99,32.165,0,0
DGA_PE,D,20120605,000000,31.199,32.165,30.408,31.287,0,0
DGA_PE,D,20120606,000000,32.253,32.429,31.111,32.429,0,0
DGA_PE,D,20120611,000000,32.429,32.429,32.429,32.429,0,0
DGA_PE,D,20120612,000000,32.429,32.781,32.429,32.781,0,0
DGA_PE,D,20120613,000000,32.781,32.781,31.462,31.462,0,0
DGA_PE,D,20120614,000000,31.462,31.462,31.462,31.462,0,0
DGA_PE,D,20120615,000000,31.462,31.462,30.847,31.287,0,0
DGA_PE,D,20120618,000000,30.496,31.287,30.496,30.496,0,0
DGA_PE,D,20120619,000000,31.462,31.462,30.847,31.462,0,0
DGA_PE,D,20120620,000000,31.462,31.814,31.462,31.814,0,0
DGA_PE,D,20120621,000000,31.638,32.956,31.462,32.605,0,0
DGA_PE,D,20120622,000000,32.253,33.396,32.253,33.308,0,0
DGA_PE,D,20120625,000000,33.484,33.571,33.484,33.571,0,0
DGA_PE,D,20120626,000000,33.571,33.571,33.571,33.571,0,0
DGA_PE,D,20120627,000000,33.571,33.571,33.571,33.571,0,0
DGA_PE,D,20120628,000000,33.396,33.396,33.308,33.308,0,0
DGA_PE,D,20120629,000000,33.484,33.571,33.484,33.571,0,0
DGA_PE,D,20120702,000000,33.571,33.748,32.429,33.748,0,0
DGA_PE,D,20120703,000000,34.099,34.099,33.748,33.923,0,0
DGA_PE,D,20120704,000000,32.429,33.748,31.462,33.748,0,0
DGA_PE,D,20120705,000000,33.748,33.748,33.571,33.571,0,0
DGA_PE,D,20120706,000000,31.462,33.308,31.462,33.308,0,0
DGA_PE,D,20120709,000000,31.199,31.287,31.199,31.287,0,0
DGA_PE,D,20120710,000000,30.847,31.287,30.496,30.847,0,0
DGA_PE,D,20120711,000000,33.484,33.484,30.847,31.287,0,0
DGA_PE,D,20120712,000000,32.429,32.429,32.429,32.429,0,0
DGA_PE,D,20120713,000000,30.496,31.99,29.529,31.99,0,0
DGA_PE,D,20120716,000000,32.342,32.342,30.232,31.99,0,0
DGA_PE,D,20120717,000000,33.132,33.132,32.517,32.605,0,0
DGA_PE,D,20120718,000000,30.496,32.165,30.496,32.165,0,0
DGA_PE,D,20120719,000000,32.165,33.132,32.165,33.132,0,0
DGA_PE,D,20120720,000000,33.308,33.308,31.551,33.132,0,0
DGA_PE,D,20120723,000000,32.869,32.869,31.374,32.605,0,0
DGA_PE,D,20120724,000000,32.781,32.781,31.111,32.605,0,0
DGA_PE,D,20120725,000000,32.605,32.605,32.429,32.429,0,0
DGA_PE,D,20120726,000000,31.99,32.605,31.99,32.605,0,0
DGA_PE,D,20120727,000000,32.605,32.605,31.99,31.99,0,0
DGA_PE,D,20120730,000000,32.517,32.605,31.374,32.605,0,0
DGA_PE,D,20120731,000000,32.605,32.605,32.429,32.429,0,0
DGA_PE,D,20120801,000000,32.429,32.429,31.462,31.99,0,0
DGA_PE,D,20120802,000000,32.165,32.165,31.374,32.165,0,0
DGA_PE,D,20120803,000000,32.165,32.165,31.199,32.165,0,0
DGA_PE,D,20120806,000000,32.517,32.517,32.517,32.517,0,0
DGA_PE,D,20120807,000000,32.517,32.605,32.517,32.605,0,0
DGA_PE,D,20120808,000000,32.605,32.605,31.814,32.429,0,0
DGA_PE,D,20120809,000000,32.605,32.605,31.814,32.165,0,0
DGA_PE,D,20120810,000000,32.342,32.342,31.199,32.165,0,0
DGA_PE,D,20120813,000000,31.99,32.342,31.99,31.99,0,0
DGA_PE,D,20120814,000000,31.374,31.99,29.09,30.847,0,0
DGA_PE,D,20120816,000000,30.847,31.638,29.442,31.638,0,0
DGA_PE,D,20120817,000000,31.638,31.638,29.353,31.638,0,0
DGA_PE,D,20120820,000000,29.178,29.353,28.826,29.002,0,0
DGA_PE,D,20120821,000000,29.705,30.496,29.002,30.496,0,0
DGA_PE,D,20120822,000000,30.32,30.32,28.738,28.738,0,0
DGA_PE,D,20120823,000000,31.374,31.551,31.374,31.462,0,0
DGA_PE,D,20120827,000000,30.496,30.496,30.496,30.496,0,0
DGA_PE,D,20120828,000000,28.826,30.496,28.826,29.178,0,0
DGA_PE,D,20120829,000000,29.529,30.496,29.529,30.496,0,0
DGA_PE,D,20120830,000000,30.496,30.496,29.529,30.496,0,0
DGA_PE,D,20120831,000000,30.496,30.496,28.386,29.529,0,0
DGA_PE,D,20130902,000000,10.81,10.81,10.81,10.81,0,0
DGA_PE,D,20130903,000000,10.81,10.81,10.194,10.458,0,0
DGA_PE,D,20130904,000000,10.283,10.458,9.843,10.019,0,0
DGA_PE,D,20130905,000000,10.019,10.194,9.579,9.843,0,0
DGA_PE,D,20130906,000000,10.019,10.37,10.019,10.283,0,0
DGA_PE,D,20130909,000000,9.667,10.458,9.667,10.458,0,0
DGA_PE,D,20130910,000000,10.458,10.458,10.194,10.458,0,0
DGA_PE,D,20130911,000000,10.546,10.722,10.458,10.722,0,0
DGA_PE,D,20130912,000000,10.722,10.722,10.106,10.283,0,0
DGA_PE,D,20130913,000000,10.283,10.458,10.283,10.458,0,0
DGA_PE,D,20130916,000000,10.37,10.634,10.106,10.106,0,0
DGA_PE,D,20130917,000000,10.37,10.37,9.843,10.019,0,0
DGA_PE,D,20130918,000000,10.194,10.194,9.843,9.931,0,0
DGA_PE,D,20130919,000000,9.931,10.37,9.931,10.37,0,0
DGA_PE,D,20130920,000000,10.634,10.81,9.843,10.106,0,0
DGA_PE,D,20130923,000000,10.019,10.194,9.843,10.194,0,0
DGA_PE,D,20130924,000000,9.931,9.931,9.843,9.843,0,0
DGA_PE,D,20130925,000000,10.019,10.106,10.019,10.106,0,0
DGA_PE,D,20130926,000000,10.106,10.283,8.349,8.349,0,0
DGA_PE,D,20130927,000000,7.6459,8.7884,7.6459,8.5247,0,0
DGA_PE,D,20130930,000000,8.349,8.7884,8.349,8.6126,0,0
DGA_PE,D,20131001,000000,8.8763,9.0517,8.7006,9.0517,0,0
DGA_PE,D,20131002,000000,9.0517,9.0517,8.7006,8.9642,0,0
DGA_PE,D,20131003,000000,8.9642,8.9642,8.2611,8.6126,0,0
DGA_PE,D,20131004,000000,8.6126,8.7884,8.349,8.6126,0,0
DGA_PE,D,20131007,000000,8.4368,9.0517,8.4368,8.7884,0,0
DGA_PE,D,20131008,000000,9.0517,9.0517,8.6126,8.7006,0,0
DGA_PE,D,20131009,000000,8.5247,8.5247,8.4368,8.5247,0,0
DGA_PE,D,20131010,000000,8.4368,9.0517,8.1732,8.6126,0,0
DGA_PE,D,20131011,000000,8.7884,8.8763,8.5247,8.8763,0,0
DGA_PE,D,20131014,000000,8.5247,8.6126,8.5247,8.6126,0,0
DGA_PE,D,20131015,000000,8.6126,8.7006,8.5247,8.7006,0,0
DGA_PE,D,20131016,000000,8.5247,8.7006,8.5247,8.5247,0,0
DGA_PE,D,20131017,000000,8.5247,8.7006,8.5247,8.5247,0,0
DGA_PE,D,20131018,000000,8.7006,8.9642,8.7006,8.9642,0,0
DGA_PE,D,20131021,000000,8.9642,8.9642,8.9642,8.9642,0,0
DGA_PE,D,20131022,000000,8.9642,8.9642,8.7006,8.9642,0,0
DGA_PE,D,20131023,000000,8.9642,8.9642,8.9642,8.9642,0,0
DGA_PE,D,20131024,000000,9.0517,9.0517,8.9642,8.9642,0,0
DGA_PE,D,20131025,000000,8.9642,8.9642,8.9642,8.9642,0,0
DGA_PE,D,20131028,000000,8.7884,8.9642,8.5247,8.9642,0,0
DGA_PE,D,20131029,000000,8.9642,9.2281,8.9642,9.1399,0,0
DGA_PE,D,20131030,000000,9.3154,9.4035,9.3154,9.4035,0,0
DGA_PE,D,20131031,000000,10.019,10.019,9.667,9.843,0,0
DGA_PE,D,20131104,000000,9.755,9.755,8.4368,8.4368,0,0
DGA_PE,D,20131105,000000,8.349,8.7006,8.0853,8.6126,0,0
DGA_PE,D,20131106,000000,8.6126,8.9642,8.4368,8.7006,0,0
DGA_PE,D,20131107,000000,8.8763,8.8763,8.8763,8.8763,0,0
DGA_PE,D,20131108,000000,8.5247,8.9642,8.5247,8.5247,0,0
DGA_PE,D,20131112,000000,8.8763,8.8763,8.5247,8.7884,0,0
DGA_PE,D,20131113,000000,8.7884,8.7884,8.5247,8.5247,0,0
DGA_PE,D,20131114,000000,8.4368,8.5247,8.349,8.349,0,0
DGA_PE,D,20131115,000000,8.5247,8.5247,8.1732,8.1732,0,0
DGA_PE,D,20131118,000000,8.1732,8.5247,8.1732,8.5247,0,0
DGA_PE,D,20170928,000000,8.5247,8.5247,8.5247,8.5247,0,0
DGA_PE,D,20171120,000000,1.6698,1.6698,1.6698,1.6698,0,0
DGA_PE,D,20171121,000000,1.6698,1.6698,1.6698,1.6698,0,0
DGA_PE,D,20171122,000000,1.6698,1.7577,1.6698,1.7577,0,0
DGA_PE,D,20171123,000000,1.6698,1.8455,1.6698,1.7577,0,0
DGA_PE,D,20171124,000000,1.7577,1.7577,1.6698,1.7577,0,0
DGA_PE,D,20171127,000000,1.7577,1.7577,1.6698,1.6698,0,0
DGA_PE,D,20171128,000000,1.6698,1.7577,1.6698,1.7577,0,0
DGA_PE,D,20171129,000000,1.7577,1.7577,1.6698,1.6698,0,0
DGA_PE,D,20171130,000000,1.7577,1.7577,1.6698,1.6698,0,0
DGA_PE,D,20171201,000000,1.6698,1.6698,1.5819,1.5819,0,0
DGA_PE,D,20171204,000000,1.5819,1.5819,1.494,1.5819,0,0
DGA_PE,D,20171205,000000,1.5819,1.5819,1.494,1.494,0,0
DGA_PE,D,20171206,000000,1.494,1.494,1.494,1.494,0,0
DGA_PE,D,20171207,000000,1.494,1.494,1.4062,1.4062,0,0
DGA_PE,D,20171208,000000,1.4062,1.494,1.4062,1.494,0,0
DGA_PE,D,20171211,000000,1.494,1.494,1.494,1.494,0,0
DGA_PE,D,20171212,000000,1.494,1.494,1.494,1.494,0,0
DGA_PE,D,20171213,000000,1.494,1.494,1.494,1.494,0,0
DGA_PE,D,20171214,000000,1.494,1.494,1.494,1.494,0,0
DGA_PE,D,20171215,000000,1.494,1.494,1.4062,1.494,0,0
DGA_PE,D,20171218,000000,1.494,1.494,1.4062,1.4062,0,0
DGA_PE,D,20171219,000000,1.4062,1.4062,1.4062,1.4062,0,0
DGA_PE,D,20171220,000000,1.4062,1.4062,1.3183,1.4062,0,0
DGA_PE,D,20171221,000000,1.4062,1.4062,1.4062,1.4062,0,0
DGA_PE,D,20171222,000000,1.4062,1.494,1.4062,1.4062,0,0
DGA_PE,D,20171227,000000,1.4062,1.494,1.4062,1.494,0,0
DGA_PE,D,20171228,000000,1.494,1.494,1.4062,1.4062,0,0
DGA_PE,D,20171229,000000,1.4062,1.494,1.4062,1.494,0,0
DGA_PE,D,20180103,000000,1.494,1.494,1.4062,1.4062,0,0
DGA_PE,D,20180104,000000,1.494,1.494,1.494,1.494,0,0
DGA_PE,D,20180105,000000,1.494,1.6698,1.494,1.5819,0,0
DGA_PE,D,20180108,000000,1.494,1.5819,1.494,1.494,0,0
DGA_PE,D,20180109,000000,1.494,1.494,1.494,1.494,0,0
DGA_PE,D,20180110,000000,1.494,1.494,1.494,1.494,0,0
DGA_PE,D,20180111,000000,1.494,1.494,1.4062,1.494,0,0
DGA_PE,D,20180112,000000,1.494,1.494,1.494,1.494,0,0
DGA_PE,D,20180115,000000,1.494,1.494,1.494,1.494,0,0
DGA_PE,D,20180116,000000,1.494,1.494,1.4062,1.494,0,0
DGA_PE,D,20180117,000000,1.494,1.494,1.494,1.494,0,0
DGA_PE,D,20180118,000000,1.494,1.494,1.4062,1.494,0,0
DGA_PE,D,20180122,000000,1.494,1.5819,1.494,1.494,0,0
DGA_PE,D,20180123,000000,1.494,1.494,1.494,1.494,0,0
DGA_PE,D,20180124,000000,1.494,1.5819,1.4062,1.5819,0,0
DGA_PE,D,20180125,000000,1.5819,1.5819,1.5819,1.5819,0,0
DGA_PE,D,20180126,000000,1.5819,1.7577,1.5819,1.6698,0,0
DGA_PE,D,20180129,000000,1.7577,1.8455,1.7577,1.8455,0,0
DGA_PE,D,20180130,000000,1.8455,2.1093,1.8455,1.9334,0,0
DGA_PE,D,20180131,000000,2.0213,2.0213,1.9334,2.0213,0,0
DGA_PE,D,20180201,000000,2.0213,2.1093,2.0213,2.0213,0,0
DGA_PE,D,20180202,000000,2.0213,2.0213,1.9334,2.0213,0,0
DGA_PE,D,20180205,000000,2.0213,2.0213,1.9334,2.0213,0,0
DGA_PE,D,20180206,000000,2.0213,2.0213,1.8455,1.8455,0,0
DGA_PE,D,20180207,000000,1.8455,1.9334,1.8455,1.9334,0,0
DGA_PE,D,20180208,000000,1.9334,1.9334,1.9334,1.9334,0,0
DGA_PE,D,20180209,000000,1.9334,2.0213,1.9334,1.9334,0,0
DGA_PE,D,20180212,000000,2.0213,2.1093,2.0213,2.1093,0,0
DGA_PE,D,20180213,000000,2.1971,2.1971,1.9334,1.9334,0,0
DGA_PE,D,20180214,000000,1.9334,1.9334,1.9334,1.9334,0,0
DGA_PE,D,20180215,000000,2.0213,2.0213,2.0213,2.0213,0,0
DGA_PE,D,20180216,000000,2.1093,2.1093,2.0213,2.1093,0,0
DGA_PE,D,20180219,000000,2.1093,2.285,2.1093,2.285,0,0
DGA_PE,D,20180220,000000,2.285,2.3729,2.285,2.3729,0,0
DGA_PE,D,20180221,000000,2.3729,2.5486,2.3729,2.3729,0,0
DGA_PE,D,20180222,000000,2.4608,2.4608,2.3729,2.3729,0,0
DGA_PE,D,20180223,000000,2.4608,2.4608,2.0213,2.0213,0,0
DGA_PE,D,20180226,000000,2.0213,2.1093,2.0213,2.0213,0,0
DGA_PE,D,20180227,000000,2.0213,2.1971,2.0213,2.0213,0,0
DGA_PE,D,20180228,000000,2.0213,2.1093,2.0213,2.1093,0,0
DGA_PE,D,20180301,000000,2.1093,2.1093,2.0213,2.0213,0,0
DGA_PE,D,20180302,000000,2.0213,2.0213,2.0213,2.0213,0,0
DGA_PE,D,20180305,000000,2.1093,2.1093,2.1093,2.1093,0,0
DGA_PE,D,20180306,000000,2.1093,2.1971,2.0213,2.0213,0,0
DGA_PE,D,20180307,000000,2.1093,2.1093,2.0213,2.1093,0,0
DGA_PE,D,20180308,000000,2.1093,2.1971,2.1093,2.1971,0,0
DGA_PE,D,20180309,000000,2.1971,2.1971,2.1093,2.1971,0,0
DGA_PE,D,20180312,000000,2.285,2.285,2.1093,2.1093,0,0
DGA_PE,D,20180313,000000,2.1971,2.1971,2.1093,2.1971,0,0
DGA_PE,D,20180314,000000,2.1971,2.1971,2.1093,2.1971,0,0
DGA_PE,D,20180315,000000,2.1971,2.1971,2.1093,2.1093,0,0
DGA_PE,D,20180316,000000,2.1971,2.1971,2.0213,2.1093,0,0
DGA_PE,D,20180319,000000,2.1971,2.1971,2.1093,2.1093,0,0
DGA_PE,D,20180320,000000,2.1093,2.1093,2.1093,2.1093,0,0
DGA_PE,D,20180321,000000,2.1093,2.1093,2.1093,2.1093,0,0
DGA_PE,D,20180322,000000,2.1971,2.1971,2.1093,2.1971,0,0
DGA_PE,D,20180323,000000,2.1971,2.1971,2.1093,2.1093,0,0
DGA_PE,D,20180326,000000,2.1971,2.1971,2.1971,2.1971,0,0
DGA_PE,D,20180327,000000,2.1971,2.1971,2.1093,2.1971,0,0
DGA_PE,D,20180328,000000,2.1971,2.1971,2.1093,2.1971,0,0
DGA_PE,D,20180329,000000,2.1971,2.1971,2.1093,2.1093,0,0
DGA_PE,D,20180403,000000,2.1093,2.1971,2.1093,2.1971,0,0
DGA_PE,D,20180404,000000,2.1971,2.1971,2.1971,2.1971,0,0
DGA_PE,D,20180405,000000,2.1971,2.1971,2.1971,2.1971,0,0
DGA_PE,D,20180406,000000,2.1971,2.285,2.1971,2.1971,0,0
DGA_PE,D,20180409,000000,2.1971,2.1971,2.1971,2.1971,0,0
DGA_PE,D,20180410,000000,2.1971,2.1971,2.1093,2.1093,0,0
DGA_PE,D,20180411,000000,2.1971,2.1971,2.1093,2.1093,0,0
DGA_PE,D,20180412,000000,2.1093,2.1093,2.1093,2.1093,0,0
DGA_PE,D,20180413,000000,2.1093,2.1971,2.1093,2.1093,0,0
DGA_PE,D,20180416,000000,2.1971,2.1971,2.1971,2.1971,0,0
DGA_PE,D,20180417,000000,2.1971,2.1971,2.1971,2.1971,0,0
DGA_PE,D,20180418,000000,2.1971,2.1971,2.1093,2.1093,0,0
DGA_PE,D,20180419,000000,2.1971,2.1971,2.0213,2.1093,0,0
DGA_PE,D,20180420,000000,2.1971,2.1971,2.0213,2.0213,0,0
DGA_PE,D,20180423,000000,2.0213,2.0213,1.9334,1.9334,0,0
DGA_PE,D,20180424,000000,2.1093,2.285,2.0213,2.285,0,0
DGA_PE,D,20180425,000000,2.1971,2.3729,2.1971,2.3729,0,0
DGA_PE,D,20180426,000000,2.4608,2.4608,2.3729,2.4608,0,0
DGA_PE,D,20180427,000000,2.4608,2.6365,2.4608,2.5486,0,0
DGA_PE,D,20180430,000000,2.5486,2.5486,2.5486,2.5486,0,0
DGA_PE,D,20180502,000000,2.5486,2.5486,2.4608,2.4608,0,0
DGA_PE,D,20180504,000000,2.5486,2.5486,2.4608,2.5486,0,0
DGA_PE,D,20180507,000000,2.5486,2.8122,2.5486,2.8122,0,0
DGA_PE,D,20180508,000000,2.8122,2.8122,2.6365,2.6365,0,0
DGA_PE,D,20180509,000000,2.7244,2.7244,2.6365,2.6365,0,0
DGA_PE,D,20180510,000000,2.5486,2.5486,2.5486,2.5486,0,0
DGA_PE,D,20180511,000000,2.5486,2.5486,2.5486,2.5486,0,0
DGA_PE,D,20180514,000000,2.5486,2.6365,2.5486,2.6365,0,0
DGA_PE,D,20180516,000000,2.6365,2.6365,2.6365,2.6365,0,0
DGA_PE,D,20180517,000000,2.5486,2.6365,2.5486,2.5486,0,0
DGA_PE,D,20180518,000000,2.6365,2.6365,2.4608,2.5486,0,0
DGA_PE,D,20180521,000000,2.5486,2.7244,2.5486,2.6365,0,0
DGA_PE,D,20180522,000000,2.6365,2.7244,2.6365,2.7244,0,0
DGA_PE,D,20180523,000000,2.7244,2.7244,2.6365,2.7244,0,0
DGA_PE,D,20180524,000000,2.7244,2.7244,2.6365,2.7244,0,0
DGA_PE,D,20180525,000000,2.7244,2.7244,2.6365,2.7244,0,0
DGA_PE,D,20180528,000000,2.7244,2.7244,2.7244,2.7244,0,0
DGA_PE,D,20180529,000000,2.7244,2.7244,2.7244,2.7244,0,0
DGA_PE,D,20180530,000000,2.7244,2.9881,2.7244,2.8122,0,0
DGA_PE,D,20180601,000000,2.9002,3.076,2.9002,3.076,0,0
DGA_PE,D,20180604,000000,3.1638,3.4275,2.1093,2.1093,0,0
DGA_PE,D,20180605,000000,2.1093,2.1971,2.1093,2.1971,0,0
DGA_PE,D,20180606,000000,2.1971,2.7244,2.1971,2.7244,0,0
DGA_PE,D,20180607,000000,2.7244,2.7244,2.4608,2.4608,0,0
DGA_PE,D,20180608,000000,2.4608,2.4608,2.3729,2.4608,0,0
DGA_PE,D,20180611,000000,2.5486,2.5486,2.3729,2.4608,0,0
DGA_PE,D,20180612,000000,2.4608,2.4608,2.3729,2.4608,0,0
DGA_PE,D,20180613,000000,2.4608,2.4608,2.3729,2.3729,0,0
DGA_PE,D,20180614,000000,2.4656,2.4656,2.3708,2.3708,0,0
DGA_PE,D,20180615,000000,2.1811,2.276,2.1811,2.276,0,0
DGA_PE,D,20180618,000000,2.276,2.276,2.276,2.276,0,0
DGA_PE,D,20180619,000000,2.276,2.276,2.276,2.276,0,0
DGA_PE,D,20180620,000000,2.276,2.276,2.276,2.276,0,0
DGA_PE,D,20180621,000000,2.276,2.276,2.276,2.276,0,0
DGA_PE,D,20180622,000000,2.276,2.276,2.1811,2.1811,0,0
DGA_PE,D,20180625,000000,1.9915,1.9915,1.9915,1.9915,0,0
DGA_PE,D,20180626,000000,1.9915,2.1811,1.9915,2.0863,0,0
DGA_PE,D,20180627,000000,2.1811,2.1811,1.9915,1.9915,0,0
DGA_PE,D,20180628,000000,2.0863,2.0863,1.9915,1.9915,0,0
DGA_PE,D,20180629,000000,1.9915,1.9915,1.9915,1.9915,0,0
DGA_PE,D,20180702,000000,1.8966,1.9915,1.8966,1.9915,0,0
DGA_PE,D,20180703,000000,1.9915,1.9915,1.9915,1.9915,0,0
DGA_PE,D,20180704,000000,1.9915,2.0863,1.9915,2.0863,0,0
DGA_PE,D,20180705,000000,2.0863,2.0863,1.9915,1.9915,0,0
DGA_PE,D,20180706,000000,1.9915,2.0863,1.9915,2.0863,0,0
DGA_PE,D,20180709,000000,2.0863,2.0863,2.0863,2.0863,0,0
DGA_PE,D,20180710,000000,2.0863,2.0863,1.9915,1.9915,0,0
DGA_PE,D,20180711,000000,1.9915,1.9915,1.8018,1.8966,0,0
DGA_PE,D,20180712,000000,1.9915,1.9915,1.8018,1.8018,0,0
DGA_PE,D,20180713,000000,1.8966,1.8966,1.8018,1.8018,0,0
DGA_PE,D,20180716,000000,1.8018,1.8966,1.8018,1.8966,0,0
DGA_PE,D,20180717,000000,1.8966,1.8966,1.8966,1.8966,0,0
DGA_PE,D,20180718,000000,1.8966,1.8966,1.8966,1.8966,0,0
DGA_PE,D,20180719,000000,1.8966,1.8966,1.8966,1.8966,0,0
DGA_PE,D,20180720,000000,1.8966,1.8966,1.8966,1.8966,0,0
DGA_PE,D,20180723,000000,1.8966,1.8966,1.8966,1.8966,0,0
DGA_PE,D,20180724,000000,1.8966,1.9915,1.8966,1.9915,0,0
DGA_PE,D,20180725,000000,1.9915,2.0863,1.9915,2.0863,0,0
DGA_PE,D,20180726,000000,2.0863,2.276,2.0863,2.276,0,0
DGA_PE,D,20180727,000000,2.276,2.276,2.276,2.276,0,0
DGA_PE,D,20180730,000000,2.276,2.276,2.1811,2.1811,0,0
DGA_PE,D,20180731,000000,2.276,2.3708,2.276,2.276,0,0
DGA_PE,D,20180801,000000,2.276,2.5605,2.276,2.5605,0,0
DGA_PE,D,20180802,000000,2.5605,2.5605,2.4656,2.5605,0,0
DGA_PE,D,20180803,000000,2.5605,2.5605,2.3708,2.4656,0,0
DGA_PE,D,20180806,000000,2.4656,2.5605,2.4656,2.4656,0,0
DGA_PE,D,20180807,000000,2.3708,2.4656,2.3708,2.4656,0,0
DGA_PE,D,20180808,000000,2.4656,2.4656,2.3708,2.4656,0,0
DGA_PE,D,20180809,000000,2.4656,2.4656,2.3708,2.4656,0,0
DGA_PE,D,20180810,000000,2.4656,2.5605,2.3708,2.5605,0,0
DGA_PE,D,20180813,000000,2.5605,2.5605,2.4656,2.5605,0,0
DGA_PE,D,20180814,000000,2.5605,2.5605,2.5605,2.5605,0,0
DGA_PE,D,20180816,000000,2.5605,2.5605,2.4656,2.5605,0,0
DGA_PE,D,20180817,000000,2.5605,2.5605,2.4656,2.5605,0,0
DGA_PE,D,20180820,000000,2.5605,2.5605,2.5605,2.5605,0,0
DGA_PE,D,20180821,000000,2.5605,2.5605,2.5605,2.5605,0,0
DGA_PE,D,20180822,000000,2.5605,2.5605,2.5605,2.5605,0,0
DGA_PE,D,20180823,000000,2.5605,2.5605,2.4656,2.4656,0,0
DGA_PE,D,20180824,000000,2.4656,2.4656,2.4656,2.4656,0,0
DGA_PE,D,20180827,000000,2.4656,2.4656,2.4656,2.4656,0,0
DGA_PE,D,20180828,000000,2.4656,2.4656,2.4656,2.4656,0,0
DGA_PE,D,20180829,000000,2.4656,2.4656,2.4656,2.4656,0,0
DGA_PE,D,20180830,000000,2.5605,2.5605,2.5605,2.5605,0,0
DGA_PE,D,20180831,000000,2.5605,2.5605,2.276,2.276,0,0
DGA_PE,D,20180903,000000,2.276,2.276,2.276,2.276,0,0
DGA_PE,D,20180904,000000,2.276,2.276,2.0863,2.0863,0,0
DGA_PE,D,20180905,000000,1.9915,1.9915,1.9915,1.9915,0,0
DGA_PE,D,20180906,000000,1.9915,2.0863,1.9915,2.0863,0,0
DGA_PE,D,20180907,000000,2.0863,2.0863,1.9915,1.9915,0,0
DGA_PE,D,20180910,000000,1.9915,1.9915,1.9915,1.9915,0,0
DGA_PE,D,20180911,000000,1.9915,1.9915,1.8966,1.8966,0,0
DGA_PE,D,20180912,000000,1.9915,2.0863,1.9915,2.0863,0,0
DGA_PE,D,20180913,000000,2.0863,2.0863,2.0863,2.0863,0,0
DGA_PE,D,20180914,000000,2.0863,2.0863,2.0863,2.0863,0,0
DGA_PE,D,20180917,000000,2.0863,2.0863,1.8966,1.9915,0,0
DGA_PE,D,20180918,000000,1.9915,1.9915,1.9915,1.9915,0,0
DGA_PE,D,20180919,000000,1.9915,1.9915,1.8966,1.8966,0,0
DGA_PE,D,20180920,000000,1.8966,1.8966,1.8966,1.8966,0,0
DGA_PE,D,20180921,000000,1.8966,1.9915,1.8966,1.9915,0,0
DGA_PE,D,20180924,000000,1.9915,1.9915,1.9915,1.9915,0,0
DGA_PE,D,20180925,000000,1.9915,1.9915,1.9915,1.9915,0,0
DGA_PE,D,20180926,000000,1.9915,1.9915,1.9915,1.9915,0,0
DGA_PE,D,20180927,000000,1.9915,2.0863,1.9915,2.0863,0,0
DGA_PE,D,20180928,000000,2.0863,2.1811,2.0863,2.0863,0,0
DGA_PE,D,20181001,000000,2.0863,2.276,2.0863,2.1811,0,0
DGA_PE,D,20181002,000000,2.3708,2.3708,2.276,2.276,0,0
DGA_PE,D,20181003,000000,2.0863,2.0863,1.9915,1.9915,0,0
DGA_PE,D,20181004,000000,1.9915,1.9915,1.8966,1.9915,0,0
DGA_PE,D,20181005,000000,1.8966,1.8966,1.8966,1.8966,0,0
DGA_PE,D,20181008,000000,1.8966,1.8966,1.8966,1.8966,0,0
DGA_PE,D,20181009,000000,1.8966,1.8966,1.8966,1.8966,0,0
DGA_PE,D,20181010,000000,1.8966,1.9915,1.8966,1.9915,0,0
DGA_PE,D,20181011,000000,1.8966,1.9915,1.8966,1.9915,0,0
DGA_PE,D,20181012,000000,1.9915,1.9915,1.8966,1.8966,0,0
DGA_PE,D,20181015,000000,1.9915,1.9915,1.9915,1.9915,0,0
DGA_PE,D,20181016,000000,1.9915,1.9915,1.8966,1.8966,0,0
DGA_PE,D,20181017,000000,1.9915,1.9915,1.9915,1.9915,0,0
DGA_PE,D,20181018,000000,1.8966,1.8966,1.8966,1.8966,0,0
DGA_PE,D,20181019,000000,1.9915,1.9915,1.9915,1.9915,0,0
DGA_PE,D,20181022,000000,1.9915,1.9915,1.8966,1.8966,0,0
DGA_PE,D,20181023,000000,1.9915,1.9915,1.8966,1.9915,0,0
DGA_PE,D,20181024,000000,1.9915,1.9915,1.8966,1.8966,0,0
DGA_PE,D,20181025,000000,1.8966,1.8966,1.8966,1.8966,0,0
DGA_PE,D,20181026,000000,1.8966,1.9915,1.8966,1.9915,0,0
DGA_PE,D,20181029,000000,1.9915,1.9915,1.9915,1.9915,0,0
DGA_PE,D,20181030,000000,1.9915,1.9915,1.8966,1.8966,0,0
DGA_PE,D,20181031,000000,1.8966,1.9915,1.8966,1.9915,0,0
DGA_PE,D,20181102,000000,2.0863,2.0863,2.0863,2.0863,0,0
DGA_PE,D,20181105,000000,2.0863,2.276,2.0863,2.0863,0,0
DGA_PE,D,20181106,000000,2.0863,2.0863,2.0863,2.0863,0,0
DGA_PE,D,20181107,000000,2.0863,2.1811,2.0863,2.0863,0,0
DGA_PE,D,20181108,000000,2.0863,2.1811,2.0863,2.1811,0,0
DGA_PE,D,20181109,000000,2.3708,2.3708,2.1811,2.276,0,0
DGA_PE,D,20181113,000000,2.276,2.3708,2.1811,2.3708,0,0
DGA_PE,D,20181114,000000,2.3708,2.3708,2.1811,2.276,0,0
DGA_PE,D,20181115,000000,2.3708,2.3708,2.276,2.276,0,0
DGA_PE,D,20181116,000000,2.276,2.276,2.0863,2.1811,0,0
DGA_PE,D,20181119,000000,2.1811,4.0778,2.0863,4.0778,0,0
DGA_PE,D,20181120,000000,4.0778,4.0778,3.6984,3.6984,0,0
DGA_PE,D,20181121,000000,3.9829,3.9829,3.6984,3.6984,0,0
DGA_PE,D,20181122,000000,3.5088,3.8881,3.5088,3.8881,0,0
DGA_PE,D,20181123,000000,3.8881,3.8881,3.8881,3.8881,0,0
DGA_PE,D,20181126,000000,3.9829,3.9829,3.7933,3.7933,0,0
DGA_PE,D,20181127,000000,3.9829,4.0778,3.9829,4.0778,0,0
DGA_PE,D,20181128,000000,4.0778,4.3623,4.0778,4.2674,0,0
DGA_PE,D,20181129,000000,4.2674,4.2674,3.8881,3.8881,0,0
DGA_PE,D,20181130,000000,4.0778,4.0778,4.0778,4.0778,0,0
DGA_PE,D,20181203,000000,4.0778,4.0778,3.8881,4.0778,0,0
DGA_PE,D,20181204,000000,4.0778,4.0778,3.8881,3.8881,0,0
DGA_PE,D,20181205,000000,3.8881,3.8881,3.6984,3.7933,0,0
DGA_PE,D,20181206,000000,3.8881,3.8881,3.6984,3.6984,0,0
DGA_PE,D,20181207,000000,3.8881,3.8881,3.6036,3.7933,0,0
DGA_PE,D,20181210,000000,3.7933,3.9829,3.7933,3.8881,0,0
DGA_PE,D,20181211,000000,3.8881,3.8881,3.8881,3.8881,0,0
DGA_PE,D,20181212,000000,3.8881,3.8881,3.8881,3.8881,0,0
DGA_PE,D,20181213,000000,3.8881,3.8881,3.7933,3.7933,0,0
DGA_PE,D,20181214,000000,3.7933,3.7933,3.7933,3.7933,0,0
DGA_PE,D,20181217,000000,3.7933,3.7933,3.6036,3.6984,0,0
DGA_PE,D,20181218,000000,3.8881,3.8881,3.6984,3.6984,0,0
DGA_PE,D,20181219,000000,3.6984,3.8881,3.6984,3.7933,0,0
DGA_PE,D,20181220,000000,3.6984,3.7933,3.6984,3.7933,0,0
DGA_PE,D,20181221,000000,3.7933,3.7933,3.7933,3.7933,0,0
DGA_PE,D,20181227,000000,3.7933,3.7933,3.7933,3.7933,0,0
DGA_PE,D,20181228,000000,3.7933,3.7933,3.7933,3.7933,0,0
DGA_PE,D,20190102,000000,3.7933,3.7933,3.7933,3.7933,0,0
DGA_PE,D,20190103,000000,4.0778,4.0778,3.7933,3.7933,0,0
DGA_PE,D,20190104,000000,3.7933,3.7933,3.6036,3.6036,0,0
DGA_PE,D,20190107,000000,3.5088,3.6036,3.5088,3.5088,0,0
DGA_PE,D,20190108,000000,3.6036,3.6036,3.414,3.5088,0,0
DGA_PE,D,20190109,000000,3.5088,3.8881,3.5088,3.6984,0,0
DGA_PE,D,20190110,000000,3.7933,3.8881,3.6984,3.7933,0,0
DGA_PE,D,20190111,000000,3.6036,3.6984,3.6036,3.6984,0,0
DGA_PE,D,20190114,000000,3.7933,3.7933,3.7933,3.7933,0,0
DGA_PE,D,20190115,000000,3.7933,3.7933,3.6984,3.7933,0,0
DGA_PE,D,20190116,000000,3.9829,3.9829,3.9829,3.9829,0,0
DGA_PE,D,20190117,000000,3.9829,3.9829,3.6036,3.6984,0,0
DGA_PE,D,20190118,000000,3.6984,3.6984,3.6036,3.6036,0,0
DGA_PE,D,20190122,000000,3.6036,3.6036,3.6036,3.6036,0,0
DGA_PE,D,20190123,000000,3.7933,3.7933,3.6036,3.6036,0,0
DGA_PE,D,20190124,000000,3.7933,3.7933,3.6036,3.6984,0,0
DGA_PE,D,20190125,000000,4.0778,4.0778,3.6984,3.6984,0,0
DGA_PE,D,20190128,000000,3.6984,3.6984,3.5088,3.6984,0,0
DGA_PE,D,20190129,000000,3.6984,3.6984,3.5088,3.6036,0,0
DGA_PE,D,20190130,000000,3.6036,3.6984,3.6036,3.6984,0,0
DGA_PE,D,20190131,000000,3.6984,3.6984,3.6984,3.6984,0,0
DGA_PE,D,20190201,000000,3.6984,3.6984,3.6984,3.6984,0,0
DGA_PE,D,20190204,000000,3.6984,3.6984,3.6984,3.6984,0,0
DGA_PE,D,20190205,000000,3.6984,3.8881,3.5088,3.8881,0,0
DGA_PE,D,20190206,000000,3.8881,3.8881,3.7933,3.8881,0,0
DGA_PE,D,20190207,000000,3.9829,3.9829,3.6984,3.7933,0,0
DGA_PE,D,20190211,000000,3.6984,3.9829,3.6984,3.7933,0,0
DGA_PE,D,20190212,000000,3.7933,3.9829,3.7933,3.7933,0,0
DGA_PE,D,20190213,000000,3.8881,3.8881,3.6036,3.6984,0,0
DGA_PE,D,20190214,000000,3.7933,3.7933,3.7933,3.7933,0,0
DGA_PE,D,20190215,000000,3.8881,3.9829,3.7933,3.9829,0,0
DGA_PE,D,20190218,000000,3.9829,3.9829,3.9829,3.9829,0,0
DGA_PE,D,20190219,000000,3.9829,3.9829,3.9829,3.9829,0,0
DGA_PE,D,20190220,000000,3.9829,3.9829,3.8881,3.8881,0,0
DGA_PE,D,20190221,000000,3.8881,3.9829,3.8881,3.9829,0,0
DGA_PE,D,20190222,000000,3.9829,3.9829,3.8881,3.9829,0,0
DGA_PE,D,20190225,000000,3.9829,4.0778,3.8881,3.8881,0,0
DGA_PE,D,20190226,000000,4.2674,4.2674,3.8881,3.8881,0,0
DGA_PE,D,20190227,000000,3.9829,3.9829,3.8881,3.8881,0,0
DGA_PE,D,20190228,000000,4.2674,4.2674,4.2674,4.2674,0,0
DGA_PE,D,20190301,000000,3.8881,3.9829,3.8881,3.8881,0,0
DGA_PE,D,20190304,000000,3.9829,3.9829,3.7933,3.9829,0,0
DGA_PE,D,20190305,000000,3.9829,3.9829,3.9829,3.9829,0,0
DGA_PE,D,20190306,000000,3.9829,3.9829,3.9829,3.9829,0,0
DGA_PE,D,20190307,000000,3.9829,3.9829,3.9829,3.9829,0,0
DGA_PE,D,20190308,000000,3.9829,3.9829,3.9829,3.9829,0,0
DGA_PE,D,20190311,000000,3.9829,3.9829,3.7933,3.8881,0,0
DGA_PE,D,20190312,000000,3.9829,3.9829,3.9829,3.9829,0,0
DGA_PE,D,20190313,000000,4.0778,4.0778,3.7933,3.7933,0,0
DGA_PE,D,20190314,000000,3.7933,3.9829,3.7933,3.9829,0,0
DGA_PE,D,20190315,000000,4.0778,4.0778,4.0778,4.0778,0,0
DGA_PE,D,20190318,000000,4.0778,4.0778,3.8881,3.8881,0,0
DGA_PE,D,20190319,000000,3.9829,3.9829,3.8881,3.8881,0,0
DGA_PE,D,20190320,000000,3.9829,3.9829,3.9829,3.9829,0,0
DGA_PE,D,20190321,000000,3.9829,3.9829,3.9829,3.9829,0,0
DGA_PE,D,20190322,000000,3.9829,3.9829,3.9829,3.9829,0,0
DGA_PE,D,20190325,000000,3.9829,3.9829,3.9829,3.9829,0,0
DGA_PE,D,20190326,000000,3.9829,3.9829,3.9829,3.9829,0,0
DGA_PE,D,20190327,000000,3.9829,3.9829,3.9829,3.9829,0,0
DGA_PE,D,20190328,000000,3.9829,3.9829,3.9829,3.9829,0,0
DGA_PE,D,20190329,000000,3.7933,3.8881,3.7933,3.8881,0,0
DGA_PE,D,20190401,000000,3.8881,3.8881,3.7933,3.7933,0,0
DGA_PE,D,20190402,000000,3.7933,3.9829,3.7933,3.9829,0,0
DGA_PE,D,20190403,000000,3.9829,3.9829,3.9829,3.9829,0,0
DGA_PE,D,20190404,000000,3.9829,3.9829,3.9829,3.9829,0,0
DGA_PE,D,20190405,000000,3.9829,3.9829,3.8881,3.8881,0,0
DGA_PE,D,20190408,000000,3.8881,3.8881,3.7933,3.8881,0,0
DGA_PE,D,20190409,000000,3.8881,3.8881,3.6984,3.6984,0,0
DGA_PE,D,20190410,000000,3.6984,3.7933,3.6984,3.6984,0,0
DGA_PE,D,20190411,000000,3.8881,3.8881,3.6984,3.7933,0,0
DGA_PE,D,20190412,000000,3.8881,3.8881,3.8881,3.8881,0,0
DGA_PE,D,20190415,000000,3.8881,3.8881,3.8881,3.8881,0,0
DGA_PE,D,20190416,000000,3.8881,3.8881,3.8881,3.8881,0,0
DGA_PE,D,20190417,000000,3.8881,3.8881,3.7933,3.7933,0,0
DGA_PE,D,20190418,000000,3.7933,3.8881,3.7933,3.8881,0,0
DGA_PE,D,20190423,000000,3.8881,3.8881,3.8881,3.8881,0,0
DGA_PE,D,20190424,000000,3.8881,3.8881,3.7933,3.7933,0,0
DGA_PE,D,20190425,000000,3.7933,3.8881,3.7933,3.8881,0,0
DGA_PE,D,20190426,000000,3.7933,3.7933,3.6036,3.6984,0,0
DGA_PE,D,20190429,000000,3.6984,3.6984,3.6036,3.6984,0,0
DGA_PE,D,20190430,000000,3.7933,3.7933,3.6036,3.6036,0,0
DGA_PE,D,20190502,000000,3.6984,3.6984,3.6036,3.6036,0,0
DGA_PE,D,20190506,000000,3.6036,3.6036,3.6036,3.6036,0,0
DGA_PE,D,20190507,000000,3.6984,3.6984,3.6984,3.6984,0,0
DGA_PE,D,20190508,000000,3.6984,3.6984,3.5088,3.5088,0,0
DGA_PE,D,20190509,000000,3.6036,3.6036,3.6036,3.6036,0,0
DGA_PE,D,20190510,000000,3.6036,3.6036,3.6036,3.6036,0,0
DGA_PE,D,20190513,000000,3.6036,3.6984,3.5088,3.6984,0,0
DGA_PE,D,20190514,000000,3.6984,3.6984,3.6036,3.6036,0,0
DGA_PE,D,20190515,000000,3.6036,3.6036,3.6036,3.6036,0,0
DGA_PE,D,20190516,000000,3.6036,3.6036,3.414,3.5088,0,0
DGA_PE,D,20190517,000000,3.5088,3.5088,3.5088,3.5088,0,0
DGA_PE,D,20190520,000000,3.5088,3.5088,3.5088,3.5088,0,0
DGA_PE,D,20190521,000000,3.6036,3.6036,3.414,3.6036,0,0
DGA_PE,D,20190522,000000,3.6984,3.6984,3.6036,3.6036,0,0
DGA_PE,D,20190523,000000,3.6984,3.6984,3.6984,3.6984,0,0
DGA_PE,D,20190524,000000,3.6984,3.6984,3.6984,3.6984,0,0
DGA_PE,D,20190527,000000,3.6984,3.6984,3.6984,3.6984,0,0
DGA_PE,D,20190528,000000,3.7933,3.7933,3.7933,3.7933,0,0
DGA_PE,D,20190529,000000,3.7933,3.7933,3.6036,3.6036,0,0
DGA_PE,D,20190530,000000,3.7933,3.7933,3.6036,3.6036,0,0
DGA_PE,D,20190531,000000,3.5088,3.5088,3.1295,3.1295,0,0
DGA_PE,D,20190603,000000,3.1295,3.414,3.1295,3.3191,0,0
