<TICKER>,<PER>,<DATE>,<TIME>,<OPEN>,<HIGH>,<LOW>,<CLOSE>,<VOL>,<OPENINT>
EAH_PE,D,20111124,000000,51.086,51.086,51.086,51.086,0,0
EAH_PE,D,20111125,000000,51.086,51.086,51.086,51.086,0,0
EAH_PE,D,20111128,000000,51.086,51.086,51.086,51.086,0,0
EAH_PE,D,20111129,000000,51.086,51.086,51.086,51.086,0,0
EAH_PE,D,20111130,000000,51.086,52.464,51.086,52.464,0,0
EAH_PE,D,20111205,000000,51.086,51.086,51.086,51.086,0,0
EAH_PE,D,20111206,000000,51.086,51.086,51.086,51.086,0,0
EAH_PE,D,20111207,000000,51.086,51.086,51.086,51.086,0,0
EAH_PE,D,20111208,000000,51.086,51.086,51.086,51.086,0,0
EAH_PE,D,20111209,000000,51.086,51.086,51.086,51.086,0,0
EAH_PE,D,20111212,000000,51.086,51.086,51.086,51.086,0,0
EAH_PE,D,20111213,000000,51.086,51.086,51.086,51.086,0,0
EAH_PE,D,20111214,000000,51.086,53.842,51.086,53.842,0,0
EAH_PE,D,20111215,000000,53.842,54.577,53.842,54.577,0,0
EAH_PE,D,20111216,000000,55.313,66.338,55.313,66.338,0,0
EAH_PE,D,20111219,000000,66.338,80.12,66.338,71.851,0,0
EAH_PE,D,20111220,000000,74.607,77.364,74.607,77.364,0,0
EAH_PE,D,20111221,000000,77.364,77.364,77.364,77.364,0,0
EAH_PE,D,20111222,000000,75.986,75.986,75.986,75.986,0,0
EAH_PE,D,20111223,000000,74.516,74.607,74.516,74.607,0,0
EAH_PE,D,20111227,000000,74.607,74.607,64.96,64.96,0,0
EAH_PE,D,20111228,000000,69.094,74.607,69.094,74.607,0,0
EAH_PE,D,20111229,000000,74.607,74.607,74.607,74.607,0,0
EAH_PE,D,20111230,000000,74.607,88.39,73.229,88.39,0,0
EAH_PE,D,20120102,000000,88.39,88.39,88.39,88.39,0,0
EAH_PE,D,20120103,000000,88.114,88.114,88.114,88.114,0,0
EAH_PE,D,20120104,000000,87.746,87.746,87.746,87.746,0,0
EAH_PE,D,20120105,000000,88.114,88.114,88.114,88.114,0,0
EAH_PE,D,20120109,000000,88.114,88.114,88.114,88.114,0,0
EAH_PE,D,20120110,000000,88.114,88.298,88.114,88.298,0,0
EAH_PE,D,20120111,000000,88.298,88.298,88.298,88.298,0,0
EAH_PE,D,20120112,000000,85.633,85.633,85.633,85.633,0,0
EAH_PE,D,20120113,000000,85.633,85.633,85.633,85.633,0,0
EAH_PE,D,20120117,000000,83.704,83.704,82.877,82.877,0,0
EAH_PE,D,20120118,000000,82.877,82.877,82.877,82.877,0,0
EAH_PE,D,20120119,000000,82.877,82.877,82.877,82.877,0,0
EAH_PE,D,20120120,000000,82.877,82.877,82.877,82.877,0,0
EAH_PE,D,20120126,000000,79.018,79.018,74.607,74.607,0,0
EAH_PE,D,20120130,000000,78.742,78.742,78.742,78.742,0,0
EAH_PE,D,20120201,000000,77.364,77.364,77.364,77.364,0,0
EAH_PE,D,20120202,000000,77.364,77.364,77.364,77.364,0,0
EAH_PE,D,20120203,000000,77.364,77.364,77.364,77.364,0,0
EAH_PE,D,20120206,000000,77.364,77.364,77.364,77.364,0,0
EAH_PE,D,20120207,000000,77.364,78.191,77.364,78.191,0,0
EAH_PE,D,20120209,000000,79.018,82.877,79.018,80.12,0,0
EAH_PE,D,20120210,000000,80.12,80.12,80.12,80.12,0,0
EAH_PE,D,20120213,000000,80.12,80.12,80.12,80.12,0,0
EAH_PE,D,20120215,000000,81.499,82.877,81.499,82.877,0,0
EAH_PE,D,20120216,000000,82.877,82.877,81.499,81.499,0,0
EAH_PE,D,20120217,000000,81.774,82.877,10.291,10.291,0,0
EAH_PE,D,20120220,000000,10.291,10.291,10.291,10.291,0,0
EAH_PE,D,20120221,000000,10.291,10.291,9.923,10.291,0,0
EAH_PE,D,20120222,000000,10.291,10.291,9.923,10.015,0,0
EAH_PE,D,20120223,000000,9.923,10.383,9.923,10.291,0,0
EAH_PE,D,20120224,000000,10.291,11.669,9.831,11.669,0,0
EAH_PE,D,20120227,000000,11.669,11.669,10.291,10.291,0,0
EAH_PE,D,20120228,000000,10.291,10.842,10.015,10.842,0,0
EAH_PE,D,20120229,000000,10.291,10.842,9.923,10.291,0,0
EAH_PE,D,20120301,000000,10.291,10.291,10.015,10.198,0,0
EAH_PE,D,20120302,000000,10.107,10.291,10.107,10.107,0,0
EAH_PE,D,20120305,000000,10.107,10.198,10.107,10.107,0,0
EAH_PE,D,20120306,000000,10.107,10.198,10.107,10.198,0,0
EAH_PE,D,20120307,000000,10.198,10.198,10.015,10.015,0,0
EAH_PE,D,20120308,000000,10.198,10.198,10.015,10.107,0,0
EAH_PE,D,20120309,000000,10.198,10.198,10.107,10.107,0,0
EAH_PE,D,20120312,000000,10.107,10.107,10.107,10.107,0,0
EAH_PE,D,20120313,000000,10.107,10.107,10.107,10.107,0,0
EAH_PE,D,20120314,000000,10.107,10.291,10.107,10.291,0,0
EAH_PE,D,20120315,000000,10.291,10.291,10.015,10.107,0,0
EAH_PE,D,20120316,000000,10.107,10.107,10.107,10.107,0,0
EAH_PE,D,20120320,000000,10.107,10.107,10.107,10.107,0,0
EAH_PE,D,20120321,000000,10.107,10.107,10.107,10.107,0,0
EAH_PE,D,20120322,000000,10.107,10.107,10.107,10.107,0,0
EAH_PE,D,20120323,000000,10.107,10.107,10.107,10.107,0,0
EAH_PE,D,20120326,000000,10.107,10.107,10.107,10.107,0,0
EAH_PE,D,20120328,000000,10.107,10.107,10.015,10.015,0,0
EAH_PE,D,20120329,000000,10.107,10.107,10.015,10.015,0,0
EAH_PE,D,20120330,000000,10.015,10.015,10.015,10.015,0,0
EAH_PE,D,20120402,000000,10.015,10.015,9.923,9.923,0,0
EAH_PE,D,20120404,000000,10.015,10.198,10.015,10.198,0,0
EAH_PE,D,20120405,000000,10.198,10.475,9.556,10.475,0,0
EAH_PE,D,20120410,000000,10.475,10.567,9.923,10.567,0,0
EAH_PE,D,20120411,000000,10.291,10.842,10.015,10.842,0,0
EAH_PE,D,20120412,000000,10.842,11.209,10.291,11.209,0,0
EAH_PE,D,20120413,000000,11.209,11.76,10.658,11.393,0,0
EAH_PE,D,20120416,000000,11.301,11.76,11.209,11.669,0,0
EAH_PE,D,20120417,000000,11.577,11.669,11.577,11.669,0,0
EAH_PE,D,20120418,000000,11.118,11.852,10.291,11.852,0,0
EAH_PE,D,20120419,000000,11.852,11.852,10.658,11.852,0,0
EAH_PE,D,20120514,000000,11.944,11.944,11.944,11.944,0,0
EAH_PE,D,20120515,000000,11.944,11.944,11.393,11.393,0,0
EAH_PE,D,20120516,000000,11.485,11.944,11.485,11.944,0,0
EAH_PE,D,20120517,000000,11.944,11.944,11.118,11.944,0,0
EAH_PE,D,20120518,000000,11.944,11.944,11.393,11.669,0,0
EAH_PE,D,20120521,000000,11.301,11.301,11.301,11.301,0,0
EAH_PE,D,20120522,000000,11.301,11.301,11.209,11.209,0,0
EAH_PE,D,20120523,000000,11.209,11.209,11.209,11.209,0,0
EAH_PE,D,20120524,000000,11.209,11.209,11.209,11.209,0,0
EAH_PE,D,20120525,000000,11.118,11.118,11.118,11.118,0,0
EAH_PE,D,20120528,000000,10.842,10.842,10.475,10.567,0,0
EAH_PE,D,20120605,000000,10.75,10.75,10.658,10.658,0,0
EAH_PE,D,20120608,000000,11.301,11.301,11.301,11.301,0,0
EAH_PE,D,20120611,000000,11.301,11.301,10.567,10.567,0,0
EAH_PE,D,20120612,000000,10.658,10.658,10.658,10.658,0,0
EAH_PE,D,20120615,000000,10.567,10.842,10.567,10.75,0,0
EAH_PE,D,20120622,000000,10.75,10.75,10.75,10.75,0,0
EAH_PE,D,20120625,000000,10.75,10.75,10.75,10.75,0,0
EAH_PE,D,20120627,000000,10.383,10.75,10.383,10.75,0,0
EAH_PE,D,20120628,000000,10.567,10.75,10.383,10.75,0,0
EAH_PE,D,20120629,000000,10.75,10.75,10.658,10.658,0,0
EAH_PE,D,20120702,000000,10.291,10.291,10.107,10.291,0,0
EAH_PE,D,20120713,000000,10.198,10.198,10.198,10.198,0,0
EAH_PE,D,20120719,000000,10.198,10.198,10.198,10.198,0,0
EAH_PE,D,20120720,000000,10.198,10.198,10.198,10.198,0,0
EAH_PE,D,20120723,000000,10.198,10.198,10.198,10.198,0,0
EAH_PE,D,20120724,000000,10.198,10.198,10.198,10.198,0,0
EAH_PE,D,20120725,000000,10.198,10.198,10.198,10.198,0,0
EAH_PE,D,20120726,000000,10.198,10.198,10.198,10.198,0,0
EAH_PE,D,20120727,000000,10.198,10.198,9.556,10.198,0,0
EAH_PE,D,20120730,000000,10.291,10.291,9.556,9.647,0,0
EAH_PE,D,20120731,000000,9.647,10.198,9.647,10.107,0,0
EAH_PE,D,20120801,000000,10.107,10.107,10.107,10.107,0,0
EAH_PE,D,20120802,000000,10.107,10.107,10.107,10.107,0,0
EAH_PE,D,20120803,000000,10.107,10.107,10.107,10.107,0,0
EAH_PE,D,20120806,000000,10.107,10.107,10.107,10.107,0,0
EAH_PE,D,20120807,000000,9.3718,10.107,9.3718,10.107,0,0
EAH_PE,D,20120808,000000,10.107,10.107,10.107,10.107,0,0
EAH_PE,D,20120809,000000,10.107,10.107,10.107,10.107,0,0
EAH_PE,D,20120810,000000,10.107,10.107,10.107,10.107,0,0
EAH_PE,D,20120813,000000,9.923,9.923,9.4637,9.4637,0,0
EAH_PE,D,20120820,000000,9.4637,10.107,9.4637,10.107,0,0
EAH_PE,D,20120822,000000,10.107,10.107,10.107,10.107,0,0
EAH_PE,D,20120823,000000,10.107,10.107,9.556,10.107,0,0
EAH_PE,D,20120824,000000,10.107,10.107,10.107,10.107,0,0
EAH_PE,D,20120827,000000,10.107,10.107,10.107,10.107,0,0
EAH_PE,D,20120828,000000,10.107,10.107,9.4637,9.4637,0,0
EAH_PE,D,20120829,000000,9.4637,10.107,9.4637,10.107,0,0
EAH_PE,D,20120831,000000,10.198,10.198,10.198,10.198,0,0
EAH_PE,D,20120903,000000,9.4637,9.647,9.4637,9.647,0,0
EAH_PE,D,20120904,000000,9.647,9.647,9.647,9.647,0,0
EAH_PE,D,20120905,000000,9.647,9.647,9.647,9.647,0,0
EAH_PE,D,20120906,000000,9.647,9.647,9.647,9.647,0,0
EAH_PE,D,20120907,000000,9.647,9.647,9.647,9.647,0,0
EAH_PE,D,20120910,000000,9.647,9.647,9.0962,9.0962,0,0
EAH_PE,D,20120919,000000,9.923,10.567,9.923,10.567,0,0
EAH_PE,D,20120920,000000,10.567,10.567,10.567,10.567,0,0
EAH_PE,D,20120921,000000,10.567,10.567,10.567,10.567,0,0
EAH_PE,D,20120924,000000,10.567,10.567,10.567,10.567,0,0
EAH_PE,D,20120925,000000,10.567,10.567,10.567,10.567,0,0
EAH_PE,D,20120926,000000,10.567,10.567,10.567,10.567,0,0
EAH_PE,D,20120927,000000,10.567,10.567,10.567,10.567,0,0
EAH_PE,D,20121001,000000,10.934,10.934,10.934,10.934,0,0
EAH_PE,D,20121002,000000,10.934,10.934,10.934,10.934,0,0
EAH_PE,D,20121003,000000,10.934,10.934,10.934,10.934,0,0
EAH_PE,D,20121004,000000,10.934,10.934,10.934,10.934,0,0
EAH_PE,D,20121005,000000,10.934,10.934,10.934,10.934,0,0
EAH_PE,D,20121008,000000,10.934,10.934,10.934,10.934,0,0
EAH_PE,D,20121009,000000,10.934,10.934,10.934,10.934,0,0
EAH_PE,D,20121010,000000,10.934,10.934,10.934,10.934,0,0
EAH_PE,D,20121011,000000,10.934,10.934,10.934,10.934,0,0
EAH_PE,D,20121012,000000,10.934,10.934,10.934,10.934,0,0
EAH_PE,D,20121015,000000,10.934,10.934,10.934,10.934,0,0
EAH_PE,D,20121016,000000,10.934,10.934,10.934,10.934,0,0
EAH_PE,D,20121017,000000,10.934,10.934,10.567,10.567,0,0
EAH_PE,D,20121024,000000,10.383,10.383,10.383,10.383,0,0
EAH_PE,D,20121025,000000,10.383,10.383,10.383,10.383,0,0
EAH_PE,D,20121026,000000,10.383,10.383,10.383,10.383,0,0
EAH_PE,D,20121029,000000,10.383,11.301,10.383,11.301,0,0
EAH_PE,D,20121030,000000,11.301,11.301,10.75,11.118,0,0
EAH_PE,D,20121031,000000,11.209,11.301,11.209,11.301,0,0
EAH_PE,D,20121102,000000,11.301,11.301,11.301,11.301,0,0
EAH_PE,D,20121105,000000,11.301,11.301,11.118,11.118,0,0
EAH_PE,D,20121106,000000,11.118,11.118,11.118,11.118,0,0
EAH_PE,D,20121107,000000,11.118,11.118,10.658,10.658,0,0
EAH_PE,D,20121108,000000,10.658,10.658,10.658,10.658,0,0
EAH_PE,D,20121109,000000,10.658,10.658,10.658,10.658,0,0
EAH_PE,D,20121112,000000,10.658,10.658,10.658,10.658,0,0
EAH_PE,D,20121113,000000,10.658,10.658,10.475,10.475,0,0
EAH_PE,D,20121114,000000,10.475,10.475,10.291,10.291,0,0
EAH_PE,D,20121115,000000,10.291,10.291,10.291,10.291,0,0
EAH_PE,D,20121116,000000,10.291,10.291,9.923,9.923,0,0
EAH_PE,D,20121119,000000,9.831,10.015,9.556,10.015,0,0
EAH_PE,D,20121123,000000,10.015,10.934,10.015,10.934,0,0
EAH_PE,D,20121129,000000,10.934,13.139,10.934,12.129,0,0
EAH_PE,D,20121130,000000,12.588,13.874,12.588,12.955,0,0
EAH_PE,D,20121203,000000,12.955,12.955,12.772,12.863,0,0
EAH_PE,D,20121204,000000,12.863,12.863,12.863,12.863,0,0
EAH_PE,D,20121205,000000,12.863,12.863,12.863,12.863,0,0
EAH_PE,D,20121206,000000,12.863,12.863,12.129,12.129,0,0
EAH_PE,D,20121210,000000,12.036,12.036,11.852,11.852,0,0
EAH_PE,D,20121211,000000,11.669,11.669,11.669,11.669,0,0
EAH_PE,D,20121212,000000,11.669,11.669,11.669,11.669,0,0
EAH_PE,D,20121213,000000,11.669,11.669,11.669,11.669,0,0
EAH_PE,D,20121214,000000,11.669,11.669,11.669,11.669,0,0
EAH_PE,D,20121217,000000,11.669,11.669,11.669,11.669,0,0
EAH_PE,D,20121218,000000,11.669,11.669,11.669,11.669,0,0
EAH_PE,D,20121219,000000,11.669,11.669,11.669,11.669,0,0
EAH_PE,D,20121220,000000,11.669,11.669,11.669,11.669,0,0
EAH_PE,D,20121221,000000,11.669,11.669,11.669,11.669,0,0
EAH_PE,D,20130103,000000,11.485,11.485,11.301,11.301,0,0
EAH_PE,D,20130104,000000,11.301,11.301,7.4424,7.4424,0,0
EAH_PE,D,20130107,000000,7.4424,7.4424,7.4424,7.4424,0,0
EAH_PE,D,20130108,000000,7.1668,7.1668,7.1668,7.1668,0,0
EAH_PE,D,20130109,000000,7.1668,7.1668,7.1668,7.1668,0,0
EAH_PE,D,20130110,000000,7.1668,7.1668,7.1668,7.1668,0,0
EAH_PE,D,20130111,000000,7.1668,7.1668,7.1668,7.1668,0,0
EAH_PE,D,20130114,000000,7.1668,7.1668,7.1668,7.1668,0,0
EAH_PE,D,20130115,000000,7.1668,7.1668,7.1668,7.1668,0,0
EAH_PE,D,20130117,000000,7.1668,7.1668,7.1668,7.1668,0,0
EAH_PE,D,20130118,000000,7.1668,7.1668,7.1668,7.1668,0,0
EAH_PE,D,20130121,000000,7.1668,7.1668,7.1668,7.1668,0,0
EAH_PE,D,20130122,000000,7.1668,7.1668,7.1668,7.1668,0,0
EAH_PE,D,20130123,000000,7.1668,7.1668,7.1668,7.1668,0,0
EAH_PE,D,20130124,000000,7.1668,7.1668,7.1668,7.1668,0,0
EAH_PE,D,20130125,000000,7.1668,7.1668,7.1668,7.1668,0,0
EAH_PE,D,20130128,000000,7.1668,7.1668,7.1668,7.1668,0,0
EAH_PE,D,20130129,000000,7.1668,7.1668,7.1668,7.1668,0,0
EAH_PE,D,20130130,000000,7.1668,7.1668,7.1668,7.1668,0,0
EAH_PE,D,20130131,000000,7.1668,7.1668,7.1668,7.1668,0,0
EAH_PE,D,20130201,000000,7.1668,8.6369,7.1668,8.6369,0,0
EAH_PE,D,20130204,000000,8.6369,8.6369,8.6369,8.6369,0,0
EAH_PE,D,20130205,000000,8.4531,8.5449,8.4531,8.5449,0,0
EAH_PE,D,20130206,000000,8.5449,8.5449,8.5449,8.5449,0,0
EAH_PE,D,20130207,000000,8.5449,8.5449,8.5449,8.5449,0,0
EAH_PE,D,20130208,000000,8.5449,8.5449,8.0856,8.0856,0,0
EAH_PE,D,20130211,000000,8.0856,8.0856,8.0856,8.0856,0,0
EAH_PE,D,20130212,000000,7.7181,7.8099,7.7181,7.8099,0,0
EAH_PE,D,20130213,000000,7.8099,7.8099,7.8099,7.8099,0,0
EAH_PE,D,20130214,000000,7.8099,7.8099,7.8099,7.8099,0,0
EAH_PE,D,20130215,000000,7.8099,7.8099,7.8099,7.8099,0,0
EAH_PE,D,20130218,000000,7.8099,7.8099,7.8099,7.8099,0,0
EAH_PE,D,20130219,000000,7.8099,7.8099,7.8099,7.8099,0,0
EAH_PE,D,20130220,000000,7.8099,7.8099,7.8099,7.8099,0,0
EAH_PE,D,20130221,000000,7.8099,7.8099,7.4424,7.8099,0,0
EAH_PE,D,20130222,000000,7.8099,7.8099,7.8099,7.8099,0,0
EAH_PE,D,20130225,000000,7.8099,7.8099,7.8099,7.8099,0,0
EAH_PE,D,20130226,000000,7.8099,7.8099,7.8099,7.8099,0,0
EAH_PE,D,20130227,000000,7.8099,7.8099,7.4424,7.8099,0,0
EAH_PE,D,20130228,000000,7.2586,7.8099,7.2586,7.8099,0,0
EAH_PE,D,20130301,000000,7.8099,7.8099,7.8099,7.8099,0,0
EAH_PE,D,20130304,000000,7.8099,7.8099,7.8099,7.8099,0,0
EAH_PE,D,20130305,000000,7.8099,7.8099,7.8099,7.8099,0,0
EAH_PE,D,20130306,000000,7.8099,7.8099,7.8099,7.8099,0,0
EAH_PE,D,20130307,000000,7.8099,7.8099,7.3505,7.7181,0,0
EAH_PE,D,20130308,000000,7.7181,7.7181,7.4424,7.7181,0,0
EAH_PE,D,20130311,000000,7.7181,7.8099,7.7181,7.8099,0,0
EAH_PE,D,20130312,000000,7.8099,7.8099,7.8099,7.8099,0,0
EAH_PE,D,20130313,000000,7.8099,7.8099,7.8099,7.8099,0,0
EAH_PE,D,20130314,000000,7.8099,7.8099,7.8099,7.8099,0,0
EAH_PE,D,20130315,000000,7.8099,7.8099,7.8099,7.8099,0,0
EAH_PE,D,20130318,000000,7.8099,7.8099,7.8099,7.8099,0,0
EAH_PE,D,20130319,000000,7.8099,7.8099,7.8099,7.8099,0,0
EAH_PE,D,20130320,000000,7.8099,7.8099,7.8099,7.8099,0,0
EAH_PE,D,20130321,000000,7.8099,7.8099,7.8099,7.8099,0,0
EAH_PE,D,20130322,000000,7.8099,7.8099,7.8099,7.8099,0,0
EAH_PE,D,20130325,000000,7.8099,7.8099,7.8099,7.8099,0,0
EAH_PE,D,20130326,000000,7.8099,7.8099,7.8099,7.8099,0,0
EAH_PE,D,20130327,000000,7.8099,7.8099,7.8099,7.8099,0,0
EAH_PE,D,20130328,000000,7.8099,7.8099,7.8099,7.8099,0,0
EAH_PE,D,20130402,000000,7.8099,7.8099,7.4424,7.8099,0,0
EAH_PE,D,20130403,000000,7.8099,7.8099,7.3505,7.7181,0,0
EAH_PE,D,20130404,000000,7.8099,7.8099,7.8099,7.8099,0,0
EAH_PE,D,20130405,000000,7.8099,7.8099,7.8099,7.8099,0,0
EAH_PE,D,20130408,000000,7.7181,7.7181,7.4424,7.7181,0,0
EAH_PE,D,20130409,000000,7.8099,7.8099,7.8099,7.8099,0,0
EAH_PE,D,20130410,000000,7.8099,7.8099,7.8099,7.8099,0,0
EAH_PE,D,20130411,000000,7.8099,7.8099,7.8099,7.8099,0,0
EAH_PE,D,20130412,000000,7.8099,7.8099,7.8099,7.8099,0,0
EAH_PE,D,20130415,000000,7.8099,7.8099,7.8099,7.8099,0,0
EAH_PE,D,20130417,000000,7.8099,8.2694,7.7181,8.2694,0,0
EAH_PE,D,20130418,000000,8.3612,8.3612,8.2694,8.2694,0,0
EAH_PE,D,20130419,000000,8.1774,8.2694,8.1774,8.2694,0,0
EAH_PE,D,20130422,000000,8.2694,8.2694,8.1774,8.1774,0,0
EAH_PE,D,20130423,000000,8.1774,8.1774,8.0856,8.0856,0,0
EAH_PE,D,20130424,000000,7.9937,8.0856,7.9937,8.0856,0,0
EAH_PE,D,20130425,000000,7.9937,7.9937,7.9937,7.9937,0,0
EAH_PE,D,20130426,000000,7.9937,7.9937,7.7181,7.8099,0,0
EAH_PE,D,20130429,000000,7.8099,7.8099,7.8099,7.8099,0,0
EAH_PE,D,20130430,000000,7.8099,7.8099,7.8099,7.8099,0,0
EAH_PE,D,20130502,000000,7.8099,7.8099,7.8099,7.8099,0,0
EAH_PE,D,20130506,000000,7.8099,7.8099,7.8099,7.8099,0,0
EAH_PE,D,20130507,000000,7.8099,7.9018,7.8099,7.8099,0,0
EAH_PE,D,20130508,000000,7.8099,7.9018,7.8099,7.9018,0,0
EAH_PE,D,20130509,000000,7.9018,7.9018,7.9018,7.9018,0,0
EAH_PE,D,20130510,000000,7.9018,7.9018,7.9018,7.9018,0,0
EAH_PE,D,20130513,000000,7.9018,7.9018,7.9018,7.9018,0,0
EAH_PE,D,20130514,000000,7.9018,8.0856,7.9018,8.0856,0,0
EAH_PE,D,20130515,000000,8.0856,8.6369,7.9018,7.9018,0,0
EAH_PE,D,20130516,000000,7.9018,7.9018,7.9018,7.9018,0,0
EAH_PE,D,20130517,000000,7.9018,7.9018,7.8099,7.8099,0,0
EAH_PE,D,20130520,000000,7.8099,7.9018,7.8099,7.9018,0,0
EAH_PE,D,20130521,000000,7.9018,7.9937,7.5343,7.9018,0,0
EAH_PE,D,20130522,000000,7.9018,7.9018,7.9018,7.9018,0,0
EAH_PE,D,20130523,000000,7.9018,7.9018,7.9018,7.9018,0,0
EAH_PE,D,20130524,000000,7.9018,7.9018,7.9018,7.9018,0,0
EAH_PE,D,20130527,000000,7.9018,8.2694,7.9018,8.2694,0,0
EAH_PE,D,20130528,000000,7.9018,8.6369,7.9018,8.5449,0,0
EAH_PE,D,20130529,000000,8.6369,8.6369,8.2694,8.2694,0,0
EAH_PE,D,20130531,000000,8.1774,8.1774,8.0856,8.1774,0,0
EAH_PE,D,20130603,000000,8.1774,8.1774,8.1774,8.1774,0,0
EAH_PE,D,20130604,000000,8.1774,8.1774,8.1774,8.1774,0,0
EAH_PE,D,20130605,000000,8.1774,8.1774,8.1774,8.1774,0,0
EAH_PE,D,20130606,000000,8.1774,8.1774,8.1774,8.1774,0,0
EAH_PE,D,20130607,000000,7.9018,8.1774,7.9018,8.1774,0,0
EAH_PE,D,20130610,000000,8.1774,8.1774,7.9937,8.0856,0,0
EAH_PE,D,20130611,000000,8.0856,8.0856,7.7181,8.0856,0,0
EAH_PE,D,20130612,000000,8.0856,8.0856,7.7181,8.0856,0,0
EAH_PE,D,20130613,000000,8.0856,8.0856,8.0856,8.0856,0,0
EAH_PE,D,20140207,000000,10.107,10.107,10.107,10.107,0,0
EAH_PE,D,20140210,000000,10.107,10.107,10.107,10.107,0,0
EAH_PE,D,20140211,000000,10.107,10.107,10.107,10.107,0,0
EAH_PE,D,20140212,000000,10.107,10.107,10.107,10.107,0,0
EAH_PE,D,20140213,000000,10.107,10.107,10.107,10.107,0,0
EAH_PE,D,20140217,000000,9.831,9.831,9.28,9.3718,0,0
EAH_PE,D,20140218,000000,9.831,9.831,9.831,9.831,0,0
EAH_PE,D,20140219,000000,9.831,9.831,9.831,9.831,0,0
EAH_PE,D,20140220,000000,9.831,9.831,9.831,9.831,0,0
EAH_PE,D,20140221,000000,9.831,9.831,9.831,9.831,0,0
EAH_PE,D,20140224,000000,9.831,9.831,9.831,9.831,0,0
EAH_PE,D,20140225,000000,9.831,9.831,9.831,9.831,0,0
EAH_PE,D,20140226,000000,9.831,9.831,9.0962,9.0962,0,0
EAH_PE,D,20140227,000000,9.1882,9.1882,8.1774,9.1882,0,0
EAH_PE,D,20140228,000000,9.0962,9.1882,9.0962,9.1882,0,0
EAH_PE,D,20140303,000000,9.1882,9.1882,9.1882,9.1882,0,0
EAH_PE,D,20140304,000000,9.1882,9.1882,9.1882,9.1882,0,0
EAH_PE,D,20140305,000000,9.1882,9.1882,9.1882,9.1882,0,0
EAH_PE,D,20140306,000000,9.1882,9.1882,9.1882,9.1882,0,0
EAH_PE,D,20140307,000000,9.1882,9.1882,9.1882,9.1882,0,0
EAH_PE,D,20140310,000000,9.1882,9.1882,9.1882,9.1882,0,0
EAH_PE,D,20140311,000000,9.1882,9.1882,9.1882,9.1882,0,0
EAH_PE,D,20140312,000000,9.1882,9.1882,9.1882,9.1882,0,0
EAH_PE,D,20140313,000000,9.1882,9.1882,9.1882,9.1882,0,0
EAH_PE,D,20140314,000000,9.1882,9.1882,9.1882,9.1882,0,0
EAH_PE,D,20140317,000000,9.1882,9.1882,9.1882,9.1882,0,0
EAH_PE,D,20140318,000000,9.1882,9.1882,9.1882,9.1882,0,0
EAH_PE,D,20140319,000000,9.1882,9.1882,9.1882,9.1882,0,0
EAH_PE,D,20140320,000000,9.1882,9.1882,9.1882,9.1882,0,0
EAH_PE,D,20140321,000000,9.1882,9.28,9.1882,9.1882,0,0
EAH_PE,D,20140324,000000,9.1882,9.1882,9.1882,9.1882,0,0
EAH_PE,D,20140325,000000,9.1882,9.1882,8.2694,9.0044,0,0
EAH_PE,D,20140326,000000,9.28,9.28,9.1882,9.1882,0,0
EAH_PE,D,20140327,000000,9.1882,9.1882,8.5449,9.1882,0,0
EAH_PE,D,20140328,000000,9.1882,9.1882,9.1882,9.1882,0,0
EAH_PE,D,20140331,000000,9.1882,9.1882,9.1882,9.1882,0,0
EAH_PE,D,20140401,000000,9.1882,9.1882,9.1882,9.1882,0,0
EAH_PE,D,20140402,000000,9.1882,9.1882,9.1882,9.1882,0,0
EAH_PE,D,20140403,000000,9.1882,9.1882,9.1882,9.1882,0,0
EAH_PE,D,20140404,000000,9.0044,9.1882,9.0044,9.1882,0,0
EAH_PE,D,20140407,000000,9.1882,9.1882,9.1882,9.1882,0,0
EAH_PE,D,20140408,000000,9.1882,9.1882,9.1882,9.1882,0,0
EAH_PE,D,20140409,000000,9.1882,9.1882,9.1882,9.1882,0,0
EAH_PE,D,20140410,000000,9.1882,9.1882,9.1882,9.1882,0,0
EAH_PE,D,20140411,000000,9.1882,9.1882,8.3612,9.0044,0,0
EAH_PE,D,20140414,000000,9.1882,9.1882,9.1882,9.1882,0,0
EAH_PE,D,20140415,000000,9.1882,9.1882,9.1882,9.1882,0,0
EAH_PE,D,20140416,000000,9.1882,9.1882,9.1882,9.1882,0,0
EAH_PE,D,20140417,000000,9.1882,9.1882,9.1882,9.1882,0,0
EAH_PE,D,20140422,000000,9.1882,9.1882,9.1882,9.1882,0,0
EAH_PE,D,20140423,000000,9.1882,9.1882,9.1882,9.1882,0,0
EAH_PE,D,20140424,000000,9.1882,9.1882,9.1882,9.1882,0,0
EAH_PE,D,20140425,000000,9.0962,9.1882,9.0962,9.1882,0,0
EAH_PE,D,20140428,000000,9.28,9.28,9.28,9.28,0,0
EAH_PE,D,20140429,000000,9.1882,9.1882,9.1882,9.1882,0,0
EAH_PE,D,20140430,000000,9.28,9.28,9.28,9.28,0,0
EAH_PE,D,20140502,000000,9.28,9.28,9.28,9.28,0,0
EAH_PE,D,20140505,000000,9.28,9.28,9.28,9.28,0,0
EAH_PE,D,20140506,000000,9.28,9.28,9.28,9.28,0,0
EAH_PE,D,20140507,000000,9.28,9.28,9.28,9.28,0,0
EAH_PE,D,20140508,000000,9.28,9.28,9.28,9.28,0,0
EAH_PE,D,20140509,000000,9.28,9.28,9.28,9.28,0,0
EAH_PE,D,20140512,000000,8.4531,9.28,8.4531,9.28,0,0
EAH_PE,D,20140513,000000,8.8206,8.8206,8.8206,8.8206,0,0
EAH_PE,D,20140514,000000,8.8206,8.8206,8.8206,8.8206,0,0
EAH_PE,D,20140515,000000,8.8206,8.8206,8.8206,8.8206,0,0
EAH_PE,D,20140516,000000,8.8206,8.8206,8.8206,8.8206,0,0
EAH_PE,D,20140519,000000,8.8206,8.8206,8.8206,8.8206,0,0
EAH_PE,D,20140520,000000,8.8206,8.8206,8.8206,8.8206,0,0
EAH_PE,D,20140521,000000,8.8206,8.8206,8.8206,8.8206,0,0
EAH_PE,D,20140522,000000,8.8206,8.8206,8.8206,8.8206,0,0
EAH_PE,D,20140523,000000,8.8206,8.8206,8.8206,8.8206,0,0
EAH_PE,D,20140526,000000,8.8206,8.8206,8.8206,8.8206,0,0
EAH_PE,D,20140527,000000,8.8206,8.8206,8.8206,8.8206,0,0
EAH_PE,D,20140528,000000,8.8206,8.8206,8.8206,8.8206,0,0
EAH_PE,D,20140529,000000,8.8206,8.8206,8.8206,8.8206,0,0
EAH_PE,D,20140530,000000,8.8206,8.8206,8.8206,8.8206,0,0
EAH_PE,D,20140602,000000,8.8206,8.8206,8.8206,8.8206,0,0
EAH_PE,D,20140603,000000,8.8206,8.8206,8.8206,8.8206,0,0
EAH_PE,D,20140604,000000,8.8206,10.291,8.8206,10.198,0,0
EAH_PE,D,20140605,000000,9.923,10.198,9.923,10.198,0,0
EAH_PE,D,20140606,000000,10.107,10.107,10.107,10.107,0,0
EAH_PE,D,20140609,000000,10.107,10.107,10.107,10.107,0,0
EAH_PE,D,20140610,000000,10.107,10.107,10.107,10.107,0,0
EAH_PE,D,20140611,000000,10.107,10.107,9.831,9.831,0,0
EAH_PE,D,20140612,000000,10.107,10.107,10.107,10.107,0,0
EAH_PE,D,20140613,000000,10.107,10.107,10.107,10.107,0,0
EAH_PE,D,20140616,000000,10.107,10.107,10.107,10.107,0,0
EAH_PE,D,20140617,000000,10.107,10.198,10.107,10.198,0,0
EAH_PE,D,20140618,000000,10.198,10.291,10.198,10.291,0,0
EAH_PE,D,20140620,000000,10.291,10.291,10.291,10.291,0,0
EAH_PE,D,20140623,000000,10.291,10.291,10.291,10.291,0,0
EAH_PE,D,20140624,000000,10.291,10.291,10.291,10.291,0,0
EAH_PE,D,20140625,000000,10.291,10.291,10.291,10.291,0,0
EAH_PE,D,20140626,000000,10.291,10.291,10.291,10.291,0,0
EAH_PE,D,20140627,000000,7.0748,7.1668,7.0748,7.1668,0,0
EAH_PE,D,20140630,000000,8.4531,10.107,8.4531,10.015,0,0
EAH_PE,D,20140701,000000,10.015,10.383,9.28,10.383,0,0
EAH_PE,D,20140702,000000,10.383,10.383,10.383,10.383,0,0
EAH_PE,D,20140703,000000,10.291,10.291,10.291,10.291,0,0
EAH_PE,D,20140704,000000,10.291,10.291,10.291,10.291,0,0
EAH_PE,D,20140707,000000,10.383,10.383,10.383,10.383,0,0
EAH_PE,D,20140708,000000,10.291,10.291,10.291,10.291,0,0
EAH_PE,D,20140709,000000,10.107,10.291,10.107,10.291,0,0
EAH_PE,D,20140710,000000,10.107,10.107,10.107,10.107,0,0
EAH_PE,D,20140711,000000,10.107,10.107,10.107,10.107,0,0
EAH_PE,D,20140714,000000,10.291,10.383,10.291,10.383,0,0
EAH_PE,D,20140715,000000,10.383,10.383,10.383,10.383,0,0
EAH_PE,D,20140716,000000,10.383,10.383,10.383,10.383,0,0
EAH_PE,D,20140717,000000,10.383,10.383,10.383,10.383,0,0
EAH_PE,D,20140718,000000,10.383,10.383,10.383,10.383,0,0
EAH_PE,D,20140721,000000,10.291,10.291,10.291,10.291,0,0
EAH_PE,D,20140722,000000,10.291,10.291,10.291,10.291,0,0
EAH_PE,D,20140723,000000,10.291,10.291,10.291,10.291,0,0
EAH_PE,D,20140724,000000,10.291,10.291,10.291,10.291,0,0
EAH_PE,D,20140725,000000,10.291,10.291,10.198,10.198,0,0
EAH_PE,D,20140728,000000,10.291,10.291,10.291,10.291,0,0
EAH_PE,D,20140729,000000,10.291,10.291,10.291,10.291,0,0
EAH_PE,D,20140730,000000,10.291,10.291,10.291,10.291,0,0
EAH_PE,D,20140731,000000,10.291,10.291,10.291,10.291,0,0
EAH_PE,D,20140801,000000,9.4637,10.291,9.4637,10.291,0,0
EAH_PE,D,20140804,000000,10.291,10.383,10.291,10.383,0,0
EAH_PE,D,20140805,000000,10.383,10.475,9.647,10.291,0,0
EAH_PE,D,20140806,000000,10.475,10.475,10.475,10.475,0,0
EAH_PE,D,20140807,000000,10.475,10.475,10.475,10.475,0,0
EAH_PE,D,20140808,000000,10.475,10.475,10.475,10.475,0,0
EAH_PE,D,20140811,000000,10.567,10.567,10.475,10.475,0,0
EAH_PE,D,20140812,000000,10.475,10.475,10.475,10.475,0,0
EAH_PE,D,20140813,000000,10.475,10.475,10.015,10.475,0,0
EAH_PE,D,20140814,000000,10.475,10.475,10.475,10.475,0,0
EAH_PE,D,20140818,000000,10.475,10.475,10.475,10.475,0,0
EAH_PE,D,20140819,000000,10.475,10.475,10.291,10.291,0,0
EAH_PE,D,20140820,000000,10.291,10.291,10.291,10.291,0,0
EAH_PE,D,20140821,000000,9.647,10.291,9.647,10.291,0,0
EAH_PE,D,20140822,000000,9.4637,10.291,9.4637,10.291,0,0
EAH_PE,D,20140825,000000,9.4637,10.291,9.4637,10.291,0,0
EAH_PE,D,20140826,000000,9.4637,10.198,9.4637,10.198,0,0
EAH_PE,D,20140827,000000,9.4637,10.198,9.3718,9.831,0,0
EAH_PE,D,20140828,000000,9.923,9.923,9.831,9.831,0,0
EAH_PE,D,20140829,000000,9.831,9.831,9.1882,9.28,0,0
EAH_PE,D,20140901,000000,9.831,9.831,9.831,9.831,0,0
EAH_PE,D,20140902,000000,9.831,9.831,8.8206,9.28,0,0
EAH_PE,D,20140903,000000,9.1882,9.647,9.1882,9.647,0,0
EAH_PE,D,20140904,000000,9.647,10.475,8.2694,8.2694,0,0
EAH_PE,D,20140905,000000,8.2694,8.2694,8.2694,8.2694,0,0
EAH_PE,D,20140908,000000,8.2694,8.2694,8.2694,8.2694,0,0
EAH_PE,D,20140909,000000,8.0856,8.0856,7.6261,8.0856,0,0
EAH_PE,D,20140910,000000,8.2694,8.2694,8.2694,8.2694,0,0
EAH_PE,D,20140911,000000,8.3612,8.3612,8.2694,8.2694,0,0
EAH_PE,D,20140912,000000,8.2694,8.2694,8.2694,8.2694,0,0
EAH_PE,D,20140915,000000,8.2694,8.2694,8.2694,8.2694,0,0
EAH_PE,D,20140916,000000,8.2694,8.2694,8.2694,8.2694,0,0
EAH_PE,D,20140917,000000,8.2694,8.2694,8.2694,8.2694,0,0
EAH_PE,D,20140918,000000,8.2694,8.2694,8.2694,8.2694,0,0
EAH_PE,D,20140919,000000,8.2694,8.2694,8.2694,8.2694,0,0
EAH_PE,D,20140922,000000,8.2694,8.2694,8.2694,8.2694,0,0
EAH_PE,D,20140923,000000,7.4424,8.2694,7.4424,8.2694,0,0
EAH_PE,D,20140924,000000,8.2694,8.2694,8.2694,8.2694,0,0
EAH_PE,D,20140926,000000,8.2694,8.2694,8.2694,8.2694,0,0
EAH_PE,D,20140929,000000,7.9937,7.9937,7.9937,7.9937,0,0
EAH_PE,D,20140930,000000,7.9937,7.9937,7.9937,7.9937,0,0
EAH_PE,D,20141001,000000,8.2694,8.2694,7.5343,8.2694,0,0
EAH_PE,D,20141002,000000,8.2694,8.2694,8.2694,8.2694,0,0
EAH_PE,D,20141003,000000,8.2694,8.6369,8.2694,8.6369,0,0
EAH_PE,D,20141006,000000,8.6369,8.6369,8.6369,8.6369,0,0
EAH_PE,D,20141007,000000,8.2694,8.2694,7.8099,8.2694,0,0
EAH_PE,D,20141008,000000,8.2694,8.2694,8.2694,8.2694,0,0
EAH_PE,D,20141009,000000,8.2694,8.2694,8.2694,8.2694,0,0
EAH_PE,D,20141013,000000,8.2694,8.2694,8.2694,8.2694,0,0
EAH_PE,D,20141014,000000,8.2694,8.2694,8.2694,8.2694,0,0
EAH_PE,D,20141015,000000,8.2694,8.2694,8.2694,8.2694,0,0
EAH_PE,D,20141016,000000,8.2694,8.2694,8.2694,8.2694,0,0
EAH_PE,D,20141020,000000,8.2694,8.2694,8.2694,8.2694,0,0
EAH_PE,D,20141021,000000,8.2694,8.2694,8.2694,8.2694,0,0
EAH_PE,D,20141022,000000,8.2694,8.2694,8.2694,8.2694,0,0
EAH_PE,D,20141028,000000,8.2694,8.2694,7.8099,7.8099,0,0
EAH_PE,D,20141030,000000,8.2694,8.2694,8.2694,8.2694,0,0
EAH_PE,D,20141031,000000,7.9018,8.2694,7.9018,8.2694,0,0
EAH_PE,D,20141104,000000,8.2694,8.2694,8.2694,8.2694,0,0
EAH_PE,D,20141105,000000,8.2694,8.2694,8.2694,8.2694,0,0
EAH_PE,D,20141106,000000,8.2694,8.2694,8.2694,8.2694,0,0
EAH_PE,D,20141107,000000,8.2694,8.2694,8.2694,8.2694,0,0
EAH_PE,D,20141110,000000,8.2694,8.2694,8.2694,8.2694,0,0
EAH_PE,D,20141112,000000,8.2694,8.2694,8.0856,8.1774,0,0
EAH_PE,D,20141113,000000,8.0856,8.0856,8.0856,8.0856,0,0
EAH_PE,D,20141117,000000,8.2694,8.6369,7.9937,7.9937,0,0
EAH_PE,D,20141118,000000,8.4531,8.4531,7.9937,7.9937,0,0
EAH_PE,D,20141119,000000,8.4531,8.4531,7.9018,7.9018,0,0
EAH_PE,D,20141120,000000,8.4531,8.4531,8.4531,8.4531,0,0
EAH_PE,D,20141121,000000,8.4531,8.4531,8.4531,8.4531,0,0
EAH_PE,D,20141124,000000,8.4531,8.4531,8.4531,8.4531,0,0
EAH_PE,D,20141125,000000,8.4531,8.4531,8.4531,8.4531,0,0
EAH_PE,D,20141126,000000,8.4531,8.4531,8.4531,8.4531,0,0
EAH_PE,D,20141127,000000,8.1774,8.1774,8.0856,8.1774,0,0
EAH_PE,D,20141128,000000,8.1774,8.1774,7.8099,7.8099,0,0
EAH_PE,D,20141201,000000,8.1774,8.1774,7.8099,7.8099,0,0
EAH_PE,D,20141202,000000,8.1774,8.1774,8.1774,8.1774,0,0
EAH_PE,D,20141203,000000,7.7181,7.7181,7.6261,7.6261,0,0
EAH_PE,D,20141204,000000,7.7181,7.7181,7.6261,7.7181,0,0
EAH_PE,D,20141205,000000,7.6261,7.6261,7.6261,7.6261,0,0
EAH_PE,D,20141208,000000,7.6261,7.6261,7.6261,7.6261,0,0
EAH_PE,D,20141209,000000,7.6261,7.6261,7.6261,7.6261,0,0
EAH_PE,D,20141210,000000,7.0748,7.0748,6.7073,6.7073,0,0
EAH_PE,D,20141211,000000,7.2586,7.2586,6.248,6.6155,0,0
EAH_PE,D,20141212,000000,6.6155,6.6155,5.8804,5.8804,0,0
EAH_PE,D,20141215,000000,6.156,6.156,5.7885,5.7885,0,0
EAH_PE,D,20141216,000000,6.156,6.156,5.9723,6.0642,0,0
EAH_PE,D,20141217,000000,6.0642,6.0642,5.6967,6.0642,0,0
EAH_PE,D,20141218,000000,7.2586,7.2586,5.8804,6.4317,0,0
EAH_PE,D,20141219,000000,7.2586,7.2586,6.248,6.248,0,0
EAH_PE,D,20141222,000000,6.7073,6.7073,6.0642,6.0642,0,0
EAH_PE,D,20141223,000000,6.0642,6.0642,5.8804,6.0642,0,0
EAH_PE,D,20141229,000000,6.0642,6.0642,5.8804,5.9723,0,0
EAH_PE,D,20141230,000000,6.156,7.7181,6.156,7.7181,0,0
EAH_PE,D,20150102,000000,7.7181,7.7181,6.7992,7.7181,0,0
EAH_PE,D,20150105,000000,7.5343,7.5343,7.1668,7.1668,0,0
EAH_PE,D,20150107,000000,8.6369,8.6369,7.0748,7.0748,0,0
EAH_PE,D,20150108,000000,7.4424,7.5343,7.4424,7.5343,0,0
EAH_PE,D,20150109,000000,7.5343,7.5343,6.4317,7.5343,0,0
EAH_PE,D,20150112,000000,7.5343,7.5343,7.5343,7.5343,0,0
EAH_PE,D,20150113,000000,7.5343,7.5343,6.6155,7.5343,0,0
EAH_PE,D,20150114,000000,7.5343,7.5343,6.6155,6.6155,0,0
EAH_PE,D,20150115,000000,7.0748,7.0748,7.0748,7.0748,0,0
EAH_PE,D,20150116,000000,6.8911,6.8911,6.8911,6.8911,0,0
EAH_PE,D,20150119,000000,6.8911,6.8911,6.8911,6.8911,0,0
EAH_PE,D,20150120,000000,6.8911,6.8911,6.8911,6.8911,0,0
EAH_PE,D,20150121,000000,6.8911,6.8911,6.4317,6.4317,0,0
EAH_PE,D,20150122,000000,6.8911,6.8911,6.8911,6.8911,0,0
EAH_PE,D,20150123,000000,6.8911,6.8911,6.8911,6.8911,0,0
EAH_PE,D,20150126,000000,6.8911,6.8911,6.8911,6.8911,0,0
EAH_PE,D,20150127,000000,6.8911,6.8911,6.8911,6.8911,0,0
EAH_PE,D,20150128,000000,6.8911,6.8911,6.8911,6.8911,0,0
EAH_PE,D,20150129,000000,6.8911,6.8911,6.8911,6.8911,0,0
EAH_PE,D,20150130,000000,6.8911,6.8911,6.8911,6.8911,0,0
EAH_PE,D,20150202,000000,7.9937,7.9937,7.9937,7.9937,0,0
EAH_PE,D,20150203,000000,6.983,7.0748,6.8911,7.0748,0,0
EAH_PE,D,20150204,000000,7.0748,7.0748,7.0748,7.0748,0,0
EAH_PE,D,20150205,000000,7.0748,7.0748,7.0748,7.0748,0,0
EAH_PE,D,20150206,000000,7.0748,8.0856,7.0748,7.8099,0,0
EAH_PE,D,20150209,000000,7.8099,7.8099,7.0748,7.0748,0,0
EAH_PE,D,20150210,000000,7.8099,7.8099,7.3505,7.8099,0,0
EAH_PE,D,20150211,000000,7.8099,7.8099,7.8099,7.8099,0,0
EAH_PE,D,20150212,000000,7.8099,7.8099,7.8099,7.8099,0,0
EAH_PE,D,20150213,000000,7.7181,7.7181,7.7181,7.7181,0,0
EAH_PE,D,20150216,000000,7.8099,7.8099,7.8099,7.8099,0,0
EAH_PE,D,20150217,000000,7.8099,7.8099,7.8099,7.8099,0,0
EAH_PE,D,20150218,000000,7.8099,7.8099,7.8099,7.8099,0,0
EAH_PE,D,20150219,000000,7.8099,7.8099,7.7181,7.7181,0,0
EAH_PE,D,20150220,000000,7.7181,7.9937,7.7181,7.9937,0,0
EAH_PE,D,20150223,000000,7.9937,7.9937,7.9937,7.9937,0,0
EAH_PE,D,20150224,000000,7.9937,7.9937,7.9937,7.9937,0,0
EAH_PE,D,20150225,000000,7.9937,9.0962,7.9937,8.6369,0,0
EAH_PE,D,20150226,000000,8.9125,8.9125,8.2694,8.2694,0,0
EAH_PE,D,20150227,000000,8.9125,8.9125,8.4531,8.6369,0,0
EAH_PE,D,20150302,000000,8.8206,8.8206,8.7287,8.7287,0,0
EAH_PE,D,20150303,000000,8.6369,8.7287,8.6369,8.7287,0,0
EAH_PE,D,20150304,000000,8.7287,8.7287,8.7287,8.7287,0,0
EAH_PE,D,20150305,000000,8.7287,8.7287,8.7287,8.7287,0,0
EAH_PE,D,20150306,000000,8.7287,8.7287,8.7287,8.7287,0,0
EAH_PE,D,20150309,000000,8.8206,10.475,8.7287,8.7287,0,0
EAH_PE,D,20150310,000000,8.7287,8.8206,8.7287,8.8206,0,0
EAH_PE,D,20150311,000000,8.8206,8.8206,8.7287,8.7287,0,0
EAH_PE,D,20150312,000000,8.3612,8.7287,8.3612,8.7287,0,0
EAH_PE,D,20150313,000000,8.7287,8.7287,8.7287,8.7287,0,0
EAH_PE,D,20150316,000000,8.7287,8.7287,8.3612,8.3612,0,0
EAH_PE,D,20150317,000000,8.7287,8.7287,8.7287,8.7287,0,0
EAH_PE,D,20150318,000000,8.7287,8.7287,8.7287,8.7287,0,0
EAH_PE,D,20150319,000000,8.7287,8.8206,8.7287,8.7287,0,0
EAH_PE,D,20150320,000000,8.7287,9.556,8.7287,9.556,0,0
EAH_PE,D,20150323,000000,10.198,10.198,9.0044,9.647,0,0
EAH_PE,D,20150324,000000,9.647,9.647,9.556,9.556,0,0
EAH_PE,D,20150325,000000,9.3718,9.4637,9.3718,9.4637,0,0
EAH_PE,D,20150326,000000,9.4637,9.4637,9.4637,9.4637,0,0
EAH_PE,D,20150327,000000,9.4637,9.4637,9.4637,9.4637,0,0
EAH_PE,D,20150330,000000,9.4637,9.647,9.4637,9.556,0,0
EAH_PE,D,20150331,000000,9.556,9.556,9.556,9.556,0,0
EAH_PE,D,20150401,000000,9.556,9.556,9.0044,9.556,0,0
EAH_PE,D,20150402,000000,10.198,10.291,9.1882,10.291,0,0
EAH_PE,D,20150407,000000,10.291,10.291,9.739,9.739,0,0
EAH_PE,D,20150408,000000,10.198,10.198,9.556,9.647,0,0
EAH_PE,D,20150409,000000,10.291,12.129,9.739,11.577,0,0
EAH_PE,D,20150410,000000,11.577,11.669,10.934,11.393,0,0
EAH_PE,D,20150413,000000,12.036,12.036,11.393,11.393,0,0
EAH_PE,D,20150414,000000,11.76,12.404,10.934,11.577,0,0
EAH_PE,D,20150415,000000,12.588,12.588,12.588,12.588,0,0
EAH_PE,D,20150416,000000,12.588,12.588,11.944,11.944,0,0
EAH_PE,D,20150417,000000,12.588,12.588,12.496,12.496,0,0
EAH_PE,D,20150420,000000,12.221,12.221,11.76,11.852,0,0
EAH_PE,D,20150421,000000,12.312,12.312,11.944,11.944,0,0
EAH_PE,D,20150422,000000,11.944,11.944,11.577,11.577,0,0
EAH_PE,D,20150423,000000,11.944,11.944,11.577,11.577,0,0
EAH_PE,D,20150424,000000,11.944,11.944,11.577,11.669,0,0
EAH_PE,D,20150427,000000,11.944,11.944,11.76,11.76,0,0
EAH_PE,D,20150428,000000,12.221,12.221,12.221,12.221,0,0
EAH_PE,D,20150429,000000,12.221,12.221,12.221,12.221,0,0
EAH_PE,D,20150430,000000,12.221,12.221,11.669,12.221,0,0
EAH_PE,D,20150504,000000,12.221,12.221,11.485,11.485,0,0
EAH_PE,D,20150505,000000,12.221,12.221,12.129,12.129,0,0
EAH_PE,D,20150506,000000,12.221,12.221,12.221,12.221,0,0
EAH_PE,D,20150507,000000,12.221,12.221,12.221,12.221,0,0
EAH_PE,D,20150508,000000,12.221,13.047,12.129,12.404,0,0
EAH_PE,D,20150511,000000,12.68,13.506,12.129,13.139,0,0
EAH_PE,D,20150513,000000,12.863,12.863,12.863,12.863,0,0
EAH_PE,D,20150514,000000,13.231,13.231,13.139,13.139,0,0
EAH_PE,D,20150515,000000,12.221,12.863,12.221,12.863,0,0
EAH_PE,D,20150518,000000,12.863,12.863,12.312,12.496,0,0
EAH_PE,D,20150519,000000,12.68,12.68,12.68,12.68,0,0
EAH_PE,D,20150520,000000,12.68,12.863,12.312,12.863,0,0
EAH_PE,D,20150521,000000,12.68,12.68,12.68,12.68,0,0
EAH_PE,D,20150522,000000,12.863,13.874,12.863,13.874,0,0
EAH_PE,D,20150525,000000,13.69,13.874,13.69,13.874,0,0
EAH_PE,D,20150526,000000,13.874,13.874,13.69,13.69,0,0
EAH_PE,D,20150527,000000,13.69,13.874,13.69,13.782,0,0
EAH_PE,D,20150528,000000,13.874,13.874,13.782,13.782,0,0
EAH_PE,D,20150529,000000,13.782,13.782,13.782,13.782,0,0
EAH_PE,D,20150601,000000,13.874,13.874,13.69,13.69,0,0
EAH_PE,D,20150602,000000,13.69,13.782,13.69,13.782,0,0
EAH_PE,D,20150603,000000,13.598,13.966,13.598,13.966,0,0
EAH_PE,D,20150605,000000,13.966,13.966,13.874,13.874,0,0
EAH_PE,D,20150608,000000,13.874,13.874,13.782,13.782,0,0
EAH_PE,D,20150609,000000,13.874,13.874,13.874,13.874,0,0
EAH_PE,D,20150610,000000,13.874,14.242,13.874,14.242,0,0
EAH_PE,D,20150611,000000,14.701,14.701,14.334,14.701,0,0
EAH_PE,D,20150612,000000,14.701,15.804,14.701,15.804,0,0
EAH_PE,D,20150615,000000,15.804,15.804,14.701,14.701,0,0
EAH_PE,D,20150616,000000,14.701,14.701,14.701,14.701,0,0
EAH_PE,D,20150617,000000,14.701,14.701,14.426,14.701,0,0
EAH_PE,D,20150618,000000,14.701,14.701,14.426,14.701,0,0
EAH_PE,D,20150623,000000,14.517,14.701,13.874,14.701,0,0
EAH_PE,D,20150624,000000,14.701,16.539,13.598,14.701,0,0
EAH_PE,D,20150625,000000,14.609,15.16,14.334,15.16,0,0
EAH_PE,D,20150626,000000,15.068,15.068,15.068,15.068,0,0
EAH_PE,D,20150629,000000,14.701,14.701,14.701,14.701,0,0
EAH_PE,D,20150630,000000,14.701,15.068,14.15,15.068,0,0
EAH_PE,D,20150701,000000,14.701,15.068,14.701,14.885,0,0
EAH_PE,D,20150702,000000,14.701,16.171,14.701,15.344,0,0
EAH_PE,D,20150703,000000,16.539,16.539,15.528,16.539,0,0
EAH_PE,D,20150706,000000,16.539,16.539,16.171,16.355,0,0
EAH_PE,D,20150707,000000,16.355,16.355,15.436,15.711,0,0
EAH_PE,D,20150708,000000,16.263,16.263,14.701,15.436,0,0
EAH_PE,D,20150709,000000,15.528,15.528,14.701,14.701,0,0
EAH_PE,D,20150710,000000,14.701,15.068,14.701,14.793,0,0
EAH_PE,D,20150713,000000,15.16,15.16,14.885,15.068,0,0
EAH_PE,D,20150714,000000,15.068,15.068,14.977,15.068,0,0
EAH_PE,D,20150715,000000,15.068,15.068,14.885,15.068,0,0
EAH_PE,D,20150716,000000,15.16,15.16,14.334,14.701,0,0
EAH_PE,D,20150717,000000,15.068,15.068,14.609,14.609,0,0
EAH_PE,D,20150720,000000,14.517,14.517,14.334,14.334,0,0
EAH_PE,D,20150721,000000,14.334,14.334,14.334,14.334,0,0
EAH_PE,D,20150722,000000,13.874,14.701,13.874,14.701,0,0
EAH_PE,D,20150723,000000,14.701,14.701,13.966,13.966,0,0
EAH_PE,D,20150724,000000,14.701,14.701,13.874,13.874,0,0
EAH_PE,D,20150727,000000,13.966,14.334,13.966,14.334,0,0
EAH_PE,D,20150728,000000,14.15,14.701,14.15,14.701,0,0
EAH_PE,D,20150729,000000,14.242,14.701,14.242,14.242,0,0
EAH_PE,D,20150730,000000,14.242,14.701,14.242,14.701,0,0
EAH_PE,D,20150803,000000,14.701,14.701,14.242,14.334,0,0
EAH_PE,D,20150804,000000,14.242,14.242,14.15,14.15,0,0
EAH_PE,D,20150805,000000,14.058,14.058,13.414,13.414,0,0
EAH_PE,D,20150806,000000,13.414,13.506,13.414,13.506,0,0
EAH_PE,D,20150807,000000,13.414,13.414,13.414,13.414,0,0
EAH_PE,D,20150810,000000,13.414,13.506,13.414,13.506,0,0
EAH_PE,D,20150811,000000,13.506,14.058,13.506,14.058,0,0
EAH_PE,D,20150813,000000,13.506,14.058,13.506,14.058,0,0
EAH_PE,D,20150814,000000,13.506,13.966,13.231,13.966,0,0
EAH_PE,D,20150817,000000,13.231,13.966,13.231,13.966,0,0
EAH_PE,D,20150819,000000,14.701,14.701,14.701,14.701,0,0
EAH_PE,D,20150821,000000,14.334,14.334,12.863,12.955,0,0
EAH_PE,D,20150824,000000,12.863,12.955,12.496,12.496,0,0
EAH_PE,D,20150825,000000,12.588,13.231,12.588,13.231,0,0
EAH_PE,D,20150827,000000,12.863,13.139,12.863,13.139,0,0
EAH_PE,D,20150828,000000,13.139,13.231,13.139,13.231,0,0
EAH_PE,D,20150831,000000,13.231,14.334,13.231,14.334,0,0
EAH_PE,D,20150901,000000,14.058,14.058,14.058,14.058,0,0
EAH_PE,D,20150904,000000,12.68,22.511,12.68,22.511,0,0
EAH_PE,D,20150907,000000,22.511,22.511,22.511,22.511,0,0
EAH_PE,D,20150909,000000,22.511,22.511,22.511,22.511,0,0
EAH_PE,D,20150910,000000,21.409,22.511,21.409,22.511,0,0
EAH_PE,D,20150911,000000,22.327,22.327,22.327,22.327,0,0
EAH_PE,D,20150914,000000,22.327,22.327,22.327,22.327,0,0
EAH_PE,D,20150916,000000,19.938,26.829,19.938,26.829,0,0
EAH_PE,D,20150917,000000,25.176,27.105,25.176,27.105,0,0
EAH_PE,D,20150921,000000,26.094,26.462,26.094,26.186,0,0
EAH_PE,D,20150922,000000,26.462,26.462,25.36,25.36,0,0
EAH_PE,D,20150924,000000,26.002,26.462,26.002,26.462,0,0
EAH_PE,D,20150925,000000,26.37,26.462,26.37,26.462,0,0
EAH_PE,D,20150929,000000,25.36,26.094,25.36,26.094,0,0
EAH_PE,D,20150930,000000,25.36,26.094,25.36,26.094,0,0
EAH_PE,D,20151001,000000,24.624,26.094,24.624,26.094,0,0
EAH_PE,D,20151002,000000,24.257,24.257,24.165,24.165,0,0
EAH_PE,D,20151005,000000,24.899,25.36,24.899,25.36,0,0
EAH_PE,D,20151009,000000,24.257,25.727,23.338,25.727,0,0
EAH_PE,D,20151012,000000,26.094,26.094,26.094,26.094,0,0
EAH_PE,D,20151013,000000,25.36,25.36,23.246,23.246,0,0
EAH_PE,D,20151014,000000,24.716,24.716,24.716,24.716,0,0
EAH_PE,D,20151015,000000,23.062,23.062,23.062,23.062,0,0
EAH_PE,D,20151016,000000,23.246,25.635,23.062,25.635,0,0
EAH_PE,D,20151020,000000,23.338,25.451,23.338,23.797,0,0
EAH_PE,D,20151021,000000,25.268,25.36,25.268,25.36,0,0
EAH_PE,D,20151023,000000,24.165,24.165,24.165,24.165,0,0
EAH_PE,D,20151026,000000,23.889,23.889,22.511,23.797,0,0
EAH_PE,D,20151027,000000,25.268,25.36,25.268,25.36,0,0
EAH_PE,D,20151029,000000,23.154,23.889,23.154,23.889,0,0
EAH_PE,D,20151030,000000,24.44,24.44,24.44,24.44,0,0
EAH_PE,D,20151102,000000,23.889,23.889,23.797,23.797,0,0
EAH_PE,D,20151103,000000,23.062,23.062,23.062,23.062,0,0
EAH_PE,D,20151104,000000,22.97,23.797,22.97,23.706,0,0
EAH_PE,D,20151105,000000,23.889,24.44,23.889,24.44,0,0
EAH_PE,D,20151106,000000,23.522,23.522,22.419,22.419,0,0
EAH_PE,D,20151109,000000,22.419,23.889,20.489,23.889,0,0
EAH_PE,D,20151112,000000,22.327,23.797,20.949,23.797,0,0
EAH_PE,D,20151113,000000,23.797,24.073,23.797,23.981,0,0
EAH_PE,D,20151116,000000,21.96,22.419,21.96,21.96,0,0
EAH_PE,D,20151117,000000,21.592,21.592,20.214,20.673,0,0
EAH_PE,D,20151118,000000,20.673,21.592,20.581,21.592,0,0
EAH_PE,D,20151119,000000,19.478,21.409,19.478,21.409,0,0
EAH_PE,D,20151120,000000,19.938,19.938,18.468,19.019,0,0
EAH_PE,D,20151124,000000,20.857,36.202,19.111,36.202,0,0
EAH_PE,D,20151125,000000,36.202,36.753,35.374,36.753,0,0
EAH_PE,D,20151126,000000,35.466,38.223,35.466,38.223,0,0
EAH_PE,D,20151127,000000,35.558,41.071,35.558,41.071,0,0
EAH_PE,D,20151130,000000,39.692,42.541,39.692,42.449,0,0
EAH_PE,D,20151201,000000,42.449,42.449,40.52,41.714,0,0
EAH_PE,D,20151202,000000,42.449,42.449,41.714,41.714,0,0
EAH_PE,D,20151203,000000,42.357,42.357,42.357,42.357,0,0
EAH_PE,D,20151204,000000,42.449,42.449,38.315,38.315,0,0
EAH_PE,D,20151207,000000,38.315,39.6,38.315,39.6,0,0
EAH_PE,D,20151208,000000,39.6,42.541,39.509,42.449,0,0
EAH_PE,D,20151209,000000,42.449,42.449,38.223,38.223,0,0
EAH_PE,D,20151210,000000,38.223,39.6,37.763,39.6,0,0
EAH_PE,D,20151211,000000,42.357,42.357,39.6,39.6,0,0
EAH_PE,D,20151214,000000,39.325,39.325,38.315,39.325,0,0
EAH_PE,D,20151215,000000,38.315,39.6,38.315,39.6,0,0
EAH_PE,D,20151216,000000,42.357,42.357,40.244,42.357,0,0
EAH_PE,D,20151217,000000,42.449,42.449,41.071,42.357,0,0
EAH_PE,D,20151218,000000,42.449,42.449,42.357,42.357,0,0
EAH_PE,D,20151221,000000,42.449,42.449,41.071,41.071,0,0
EAH_PE,D,20151222,000000,42.174,42.174,38.958,42.174,0,0
EAH_PE,D,20151223,000000,42.357,42.357,40.244,42.174,0,0
EAH_PE,D,20151228,000000,39.6,42.449,39.6,42.449,0,0
EAH_PE,D,20151229,000000,42.449,43.92,41.071,41.806,0,0
EAH_PE,D,20151230,000000,41.806,41.806,41.806,41.806,0,0
EAH_PE,D,20160104,000000,42.633,43.184,41.071,43,0,0
EAH_PE,D,20160105,000000,43,43,42.908,42.908,0,0
EAH_PE,D,20160107,000000,42.908,42.908,42.908,42.908,0,0
EAH_PE,D,20160108,000000,43,43.092,42.908,43.092,0,0
EAH_PE,D,20160111,000000,43.092,43.092,40.52,41.071,0,0
EAH_PE,D,20160112,000000,41.071,41.071,40.336,41.071,0,0
EAH_PE,D,20160113,000000,42.449,42.449,39.692,41.53,0,0
EAH_PE,D,20160114,000000,43.092,43.092,41.071,41.071,0,0
EAH_PE,D,20160115,000000,41.071,41.622,39.6,39.6,0,0
EAH_PE,D,20160118,000000,39.6,39.6,39.6,39.6,0,0
EAH_PE,D,20160119,000000,39.6,39.6,36.753,39.6,0,0
EAH_PE,D,20160120,000000,39.6,39.6,39.6,39.6,0,0
EAH_PE,D,20160121,000000,39.6,39.6,36.753,36.753,0,0
EAH_PE,D,20160122,000000,38.59,38.59,36.477,38.59,0,0
EAH_PE,D,20160125,000000,39.6,39.6,39.6,39.6,0,0
EAH_PE,D,20160126,000000,39.6,39.6,39.6,39.6,0,0
EAH_PE,D,20160127,000000,39.6,39.6,39.6,39.6,0,0
EAH_PE,D,20160128,000000,39.6,39.6,39.6,39.6,0,0
EAH_PE,D,20160129,000000,39.6,39.6,36.017,36.109,0,0
EAH_PE,D,20160201,000000,36.936,37.304,36.753,36.753,0,0
EAH_PE,D,20160202,000000,39.6,39.6,37.212,37.304,0,0
EAH_PE,D,20160203,000000,39.6,39.6,37.304,39.6,0,0
EAH_PE,D,20160204,000000,39.6,39.6,39.6,39.6,0,0
EAH_PE,D,20160205,000000,39.6,39.6,39.6,39.6,0,0
EAH_PE,D,20160208,000000,39.6,39.6,39.6,39.6,0,0
EAH_PE,D,20160209,000000,35.374,37.487,35.374,36.109,0,0
EAH_PE,D,20160210,000000,36.294,36.569,35.007,36.477,0,0
EAH_PE,D,20160211,000000,36.477,39.6,36.477,39.6,0,0
EAH_PE,D,20160212,000000,42.082,42.082,40.336,40.336,0,0
EAH_PE,D,20160215,000000,40.336,42.357,40.336,42.266,0,0
EAH_PE,D,20160216,000000,42.266,42.266,40.979,41.071,0,0
EAH_PE,D,20160217,000000,42.449,42.449,41.99,41.99,0,0
EAH_PE,D,20160218,000000,42.357,42.449,39.784,42.449,0,0
EAH_PE,D,20160219,000000,42.449,42.449,37.947,38.774,0,0
EAH_PE,D,20160222,000000,38.774,38.866,38.774,38.866,0,0
EAH_PE,D,20160223,000000,38.866,38.866,38.866,38.866,0,0
EAH_PE,D,20160224,000000,38.866,38.866,37.028,38.866,0,0
EAH_PE,D,20160225,000000,38.866,38.866,35.833,36.753,0,0
EAH_PE,D,20160226,000000,38.774,38.774,35.374,37.12,0,0
EAH_PE,D,20160229,000000,37.12,37.12,37.12,37.12,0,0
EAH_PE,D,20160301,000000,37.12,37.12,35.466,35.466,0,0
EAH_PE,D,20160302,000000,38.223,38.223,38.223,38.223,0,0
EAH_PE,D,20160303,000000,38.223,38.223,37.12,37.12,0,0
EAH_PE,D,20160304,000000,38.223,38.223,35.374,36.753,0,0
EAH_PE,D,20160307,000000,36.753,36.753,33.996,36.202,0,0
EAH_PE,D,20160308,000000,36.202,36.202,35.65,35.65,0,0
EAH_PE,D,20160309,000000,35.65,35.65,35.558,35.558,0,0
EAH_PE,D,20160310,000000,35.558,35.558,35.558,35.558,0,0
EAH_PE,D,20160311,000000,35.558,35.558,35.558,35.558,0,0
EAH_PE,D,20160314,000000,35.558,36.109,33.904,36.109,0,0
EAH_PE,D,20160315,000000,36.109,36.109,35.65,35.65,0,0
EAH_PE,D,20160316,000000,35.65,35.65,35.65,35.65,0,0
EAH_PE,D,20160317,000000,35.65,35.65,35.65,35.65,0,0
EAH_PE,D,20160318,000000,35.65,35.65,35.65,35.65,0,0
EAH_PE,D,20160321,000000,35.65,35.65,34.548,35.65,0,0
EAH_PE,D,20160322,000000,35.65,35.65,32.526,32.618,0,0
EAH_PE,D,20160323,000000,33.353,33.353,31.148,31.24,0,0
EAH_PE,D,20160324,000000,33.353,33.353,31.332,32.434,0,0
EAH_PE,D,20160329,000000,32.526,32.526,32.434,32.434,0,0
EAH_PE,D,20160330,000000,31.883,32.434,31.148,32.434,0,0
EAH_PE,D,20170928,000000,32.434,32.434,32.434,32.434,0,0
EAH_PE,D,20171204,000000,8.5449,8.5449,8.5449,8.5449,0,0
EAH_PE,D,20171205,000000,7.9937,8.1774,7.6261,8.1774,0,0
EAH_PE,D,20171206,000000,8.1774,8.3612,8.1774,8.3612,0,0
EAH_PE,D,20171207,000000,8.4531,8.4531,8.1774,8.3612,0,0
EAH_PE,D,20171208,000000,8.3612,8.3612,8.3612,8.3612,0,0
EAH_PE,D,20171211,000000,8.3612,8.3612,8.2694,8.3612,0,0
EAH_PE,D,20171212,000000,8.3612,8.3612,8.2694,8.3612,0,0
EAH_PE,D,20171213,000000,8.3612,8.5449,8.2694,8.3612,0,0
EAH_PE,D,20171214,000000,8.4531,8.4531,8.2694,8.2694,0,0
EAH_PE,D,20171215,000000,8.2694,8.2694,7.9937,8.1774,0,0
EAH_PE,D,20171218,000000,8.4531,8.6369,7.6261,7.8099,0,0
EAH_PE,D,20171219,000000,7.8099,8.4531,7.8099,8.2694,0,0
EAH_PE,D,20171220,000000,8.2694,8.3612,8.0856,8.1774,0,0
EAH_PE,D,20171221,000000,8.1774,8.3612,8.0856,8.3612,0,0
EAH_PE,D,20171222,000000,8.3612,8.4531,8.2694,8.2694,0,0
EAH_PE,D,20171227,000000,8.3612,9.0962,8.3612,8.6369,0,0
EAH_PE,D,20171228,000000,8.6369,8.9125,8.4531,8.8206,0,0
EAH_PE,D,20171229,000000,8.8206,8.8206,8.5449,8.8206,0,0
EAH_PE,D,20180103,000000,8.8206,8.9125,8.8206,8.9125,0,0
EAH_PE,D,20180104,000000,8.7287,9.0044,8.6369,8.9125,0,0
EAH_PE,D,20180105,000000,8.9125,9.1882,8.9125,9.1882,0,0
EAH_PE,D,20180108,000000,9.1882,9.647,9.1882,9.556,0,0
EAH_PE,D,20180109,000000,9.647,9.831,9.647,9.739,0,0
EAH_PE,D,20180110,000000,9.647,9.647,9.3718,9.647,0,0
EAH_PE,D,20180111,000000,9.556,9.647,9.3718,9.647,0,0
EAH_PE,D,20180112,000000,9.556,9.923,9.4637,9.831,0,0
EAH_PE,D,20180115,000000,9.831,9.923,9.556,9.923,0,0
EAH_PE,D,20180116,000000,9.923,9.923,9.647,9.831,0,0
EAH_PE,D,20180117,000000,10.015,10.015,9.3718,9.4637,0,0
EAH_PE,D,20180118,000000,9.3718,9.739,9.3718,9.647,0,0
EAH_PE,D,20180119,000000,9.3718,9.923,9.1882,9.831,0,0
EAH_PE,D,20180122,000000,9.831,9.923,9.4637,9.739,0,0
EAH_PE,D,20180123,000000,9.831,9.923,9.556,9.739,0,0
EAH_PE,D,20180124,000000,9.923,9.923,9.4637,9.556,0,0
EAH_PE,D,20180125,000000,9.556,10.198,9.556,10.198,0,0
EAH_PE,D,20180126,000000,10.198,10.934,10.198,10.658,0,0
EAH_PE,D,20180129,000000,10.658,10.842,10.567,10.567,0,0
EAH_PE,D,20180130,000000,10.75,10.75,10.383,10.75,0,0
EAH_PE,D,20180131,000000,10.75,10.75,10.567,10.658,0,0
EAH_PE,D,20180201,000000,10.75,10.75,10.383,10.383,0,0
EAH_PE,D,20180202,000000,10.475,10.475,9.831,10.015,0,0
EAH_PE,D,20180205,000000,9.556,10.291,9.556,9.556,0,0
EAH_PE,D,20180206,000000,9.0044,9.831,8.9125,9.739,0,0
EAH_PE,D,20180207,000000,9.923,10.475,9.923,10.383,0,0
EAH_PE,D,20180208,000000,10.383,10.383,9.647,9.739,0,0
EAH_PE,D,20180209,000000,9.923,9.923,9.3718,9.647,0,0
EAH_PE,D,20180212,000000,9.647,9.647,9.0962,9.4637,0,0
EAH_PE,D,20180213,000000,9.28,9.4637,8.9125,8.9125,0,0
EAH_PE,D,20180214,000000,8.9125,9.1882,8.9125,9.1882,0,0
EAH_PE,D,20180215,000000,9.1882,9.3718,8.9125,9.28,0,0
EAH_PE,D,20180216,000000,9.28,9.647,9.28,9.28,0,0
EAH_PE,D,20180219,000000,9.1882,9.28,8.5449,8.6369,0,0
EAH_PE,D,20180220,000000,8.5449,8.6369,8.0856,8.4531,0,0
EAH_PE,D,20180221,000000,8.1774,8.4531,7.9937,8.3612,0,0
EAH_PE,D,20180222,000000,8.1774,9.831,8.1774,9.739,0,0
EAH_PE,D,20180223,000000,9.739,10.75,9.647,10.475,0,0
EAH_PE,D,20180226,000000,10.75,10.75,10.198,10.383,0,0
EAH_PE,D,20180227,000000,10.383,10.383,9.831,10.198,0,0
EAH_PE,D,20180228,000000,9.923,10.383,9.923,10.015,0,0
EAH_PE,D,20180301,000000,10.015,10.015,9.647,9.923,0,0
EAH_PE,D,20180302,000000,9.831,9.831,9.3718,9.739,0,0
EAH_PE,D,20180305,000000,10.015,10.015,9.831,9.831,0,0
EAH_PE,D,20180306,000000,10.107,10.107,9.831,9.923,0,0
EAH_PE,D,20180307,000000,9.739,9.923,9.739,9.739,0,0
EAH_PE,D,20180308,000000,9.923,10.015,9.739,10.015,0,0
EAH_PE,D,20180309,000000,10.015,10.015,9.831,9.923,0,0
EAH_PE,D,20180312,000000,9.923,9.923,9.4637,9.831,0,0
EAH_PE,D,20180313,000000,9.831,9.831,9.647,9.647,0,0
EAH_PE,D,20180314,000000,9.4637,9.556,9.3718,9.556,0,0
EAH_PE,D,20180315,000000,9.556,9.556,9.3718,9.556,0,0
EAH_PE,D,20180316,000000,9.556,9.556,9.1882,9.4637,0,0
EAH_PE,D,20180319,000000,9.28,9.3718,9.0044,9.28,0,0
EAH_PE,D,20180320,000000,9.1882,9.1882,8.8206,8.9125,0,0
EAH_PE,D,20180321,000000,9.1882,9.1882,9.1882,9.1882,0,0
EAH_PE,D,20180322,000000,9.1882,9.1882,9.0962,9.1882,0,0
EAH_PE,D,20180323,000000,9.1882,9.1882,8.9125,9.1882,0,0
EAH_PE,D,20180326,000000,9.1882,9.1882,8.8206,9.0044,0,0
EAH_PE,D,20180327,000000,9.1882,9.1882,8.3612,9.0044,0,0
EAH_PE,D,20180328,000000,8.6369,8.8206,8.3612,8.6369,0,0
EAH_PE,D,20180329,000000,8.7287,8.7287,8.3612,8.6369,0,0
EAH_PE,D,20180403,000000,8.6369,9.0962,8.2694,9.0044,0,0
EAH_PE,D,20180404,000000,9.1882,9.556,8.8206,9.556,0,0
EAH_PE,D,20180405,000000,9.923,9.923,7.3505,7.3505,0,0
EAH_PE,D,20180406,000000,7.0748,7.2586,6.7992,7.1668,0,0
EAH_PE,D,20180409,000000,7.2586,7.2586,6.8911,7.1668,0,0
EAH_PE,D,20180410,000000,7.2586,7.2586,6.983,7.2586,0,0
EAH_PE,D,20180411,000000,7.2586,7.2586,7.1668,7.1668,0,0
EAH_PE,D,20180412,000000,6.8911,7.1668,6.7992,7.1668,0,0
EAH_PE,D,20180413,000000,7.1668,7.1668,6.7992,6.983,0,0
EAH_PE,D,20180416,000000,6.983,6.983,6.7073,6.8911,0,0
EAH_PE,D,20180417,000000,6.983,6.983,6.7992,6.7992,0,0
EAH_PE,D,20180418,000000,6.7073,6.7073,6.6155,6.7073,0,0
EAH_PE,D,20180419,000000,7.0748,7.0748,6.7073,6.7073,0,0
EAH_PE,D,20180420,000000,6.983,6.983,6.5236,6.7073,0,0
EAH_PE,D,20180423,000000,6.8911,6.8911,6.6155,6.7073,0,0
EAH_PE,D,20180424,000000,6.8911,6.8911,6.4317,6.6155,0,0
EAH_PE,D,20180425,000000,6.5236,6.7073,6.5236,6.7073,0,0
EAH_PE,D,20180426,000000,6.7073,6.7073,6.5236,6.7073,0,0
EAH_PE,D,20180427,000000,6.7992,6.7992,6.4317,6.7073,0,0
EAH_PE,D,20180430,000000,6.7073,6.7073,6.5236,6.6155,0,0
EAH_PE,D,20180502,000000,6.7992,6.7992,6.4317,6.5236,0,0
EAH_PE,D,20180504,000000,6.5236,6.6155,6.5236,6.5236,0,0
EAH_PE,D,20180507,000000,6.5236,6.5236,6.248,6.4317,0,0
EAH_PE,D,20180508,000000,6.4317,6.4317,6.156,6.4317,0,0
EAH_PE,D,20180509,000000,6.156,6.4317,6.156,6.3398,0,0
EAH_PE,D,20180510,000000,6.4317,6.4317,5.9723,6.248,0,0
EAH_PE,D,20180511,000000,6.248,6.4317,6.248,6.3398,0,0
EAH_PE,D,20180514,000000,6.156,6.3398,5.9723,6.3398,0,0
EAH_PE,D,20180515,000000,6.3398,6.3398,6.0642,6.248,0,0
EAH_PE,D,20180516,000000,6.248,6.6155,6.156,6.6155,0,0
EAH_PE,D,20180517,000000,6.6155,6.6155,6.5236,6.6155,0,0
EAH_PE,D,20180518,000000,6.5236,6.8911,6.5236,6.7073,0,0
EAH_PE,D,20180521,000000,6.6155,6.6155,6.0642,6.156,0,0
EAH_PE,D,20180522,000000,6.3398,6.4317,6.0642,6.4317,0,0
EAH_PE,D,20180523,000000,6.4317,6.4317,6.248,6.4317,0,0
EAH_PE,D,20180524,000000,6.4317,6.4317,6.4317,6.4317,0,0
EAH_PE,D,20180525,000000,6.156,6.156,5.0534,5.0534,0,0
EAH_PE,D,20180528,000000,4.9616,5.0534,4.5022,4.5941,0,0
EAH_PE,D,20180529,000000,4.6859,4.6859,4.5022,4.5941,0,0
EAH_PE,D,20180530,000000,4.5941,4.5941,4.1346,4.2266,0,0
EAH_PE,D,20180601,000000,4.2266,4.4103,4.1346,4.2266,0,0
EAH_PE,D,20180604,000000,4.2266,4.4103,4.2266,4.4103,0,0
EAH_PE,D,20180605,000000,4.4103,4.7778,4.4103,4.7778,0,0
EAH_PE,D,20180606,000000,4.8697,4.8697,4.5941,4.5941,0,0
EAH_PE,D,20180607,000000,4.6859,4.8697,4.5941,4.5941,0,0
EAH_PE,D,20180608,000000,4.7778,4.7778,4.6859,4.7778,0,0
EAH_PE,D,20180611,000000,4.7778,4.7778,4.5941,4.6859,0,0
EAH_PE,D,20180612,000000,4.5941,4.5941,4.5022,4.5941,0,0
EAH_PE,D,20180613,000000,4.6859,4.7778,4.5941,4.7778,0,0
EAH_PE,D,20180614,000000,4.7778,4.7778,4.5941,4.7778,0,0
EAH_PE,D,20180615,000000,4.7778,4.7778,4.6859,4.6859,0,0
EAH_PE,D,20180618,000000,4.6859,4.6859,4.6859,4.6859,0,0
EAH_PE,D,20180619,000000,4.6859,4.6859,4.5941,4.5941,0,0
EAH_PE,D,20180620,000000,4.5941,4.6859,4.5022,4.6859,0,0
EAH_PE,D,20180621,000000,4.6859,4.6859,4.5941,4.5941,0,0
EAH_PE,D,20180622,000000,4.5941,4.7778,4.5941,4.7778,0,0
EAH_PE,D,20180625,000000,4.7778,4.7778,4.3184,4.5941,0,0
EAH_PE,D,20180626,000000,4.5941,5.0534,4.5941,5.0534,0,0
EAH_PE,D,20180627,000000,5.0534,5.1454,4.8697,5.0534,0,0
EAH_PE,D,20180628,000000,5.0534,5.0534,4.6859,4.7778,0,0
EAH_PE,D,20180629,000000,4.8697,5.0534,4.8697,5.0534,0,0
EAH_PE,D,20180702,000000,5.1454,5.1454,5.0534,5.0534,0,0
EAH_PE,D,20180703,000000,5.1454,5.1454,4.8697,5.0534,0,0
EAH_PE,D,20180704,000000,5.1454,5.1454,5.0534,5.0534,0,0
EAH_PE,D,20180705,000000,5.0534,5.0534,4.9616,5.0534,0,0
EAH_PE,D,20180706,000000,5.0534,5.0534,4.7778,5.0534,0,0
EAH_PE,D,20180709,000000,5.1454,5.1454,4.9616,5.1454,0,0
EAH_PE,D,20180710,000000,5.1454,5.1454,4.7778,4.7778,0,0
EAH_PE,D,20180711,000000,4.7778,5.0534,4.7778,5.0534,0,0
EAH_PE,D,20180712,000000,4.6859,4.8697,4.6859,4.7778,0,0
EAH_PE,D,20180713,000000,4.9616,4.9616,4.7778,4.9616,0,0
EAH_PE,D,20180716,000000,5.0534,5.0534,4.8697,4.9616,0,0
EAH_PE,D,20180717,000000,4.9616,4.9616,4.7778,4.9616,0,0
EAH_PE,D,20180718,000000,4.9616,4.9616,4.7778,4.9616,0,0
EAH_PE,D,20180719,000000,5.0534,5.0534,4.9616,4.9616,0,0
EAH_PE,D,20180720,000000,4.9616,4.9616,4.7778,4.9616,0,0
EAH_PE,D,20180723,000000,4.9616,4.9616,4.8697,4.9616,0,0
EAH_PE,D,20180724,000000,4.9616,4.9616,4.8697,4.9616,0,0
EAH_PE,D,20180725,000000,4.8697,4.8697,4.5022,4.5941,0,0
EAH_PE,D,20180726,000000,4.5941,4.5941,4.3184,4.5941,0,0
EAH_PE,D,20180727,000000,4.6859,4.7778,4.4103,4.7778,0,0
EAH_PE,D,20180730,000000,4.8697,4.8697,4.5941,4.5941,0,0
EAH_PE,D,20180731,000000,4.8697,4.8697,4.5941,4.6859,0,0
EAH_PE,D,20180801,000000,4.6859,4.6859,4.5941,4.6859,0,0
EAH_PE,D,20180802,000000,4.6859,4.6859,4.5022,4.6859,0,0
EAH_PE,D,20180803,000000,4.6859,4.6859,4.5941,4.5941,0,0
EAH_PE,D,20180806,000000,4.8697,4.8697,4.6859,4.6859,0,0
EAH_PE,D,20180807,000000,4.5941,4.7778,4.5941,4.7778,0,0
EAH_PE,D,20180808,000000,4.7778,5.2372,4.7778,5.0534,0,0
EAH_PE,D,20180809,000000,5.3291,5.421,4.8697,5.421,0,0
EAH_PE,D,20180810,000000,5.2372,5.6967,5.2372,5.6967,0,0
EAH_PE,D,20180813,000000,5.6967,5.6967,5.6047,5.6047,0,0
EAH_PE,D,20180814,000000,5.6047,5.6047,5.421,5.6047,0,0
EAH_PE,D,20180816,000000,5.6047,5.6047,5.3291,5.5129,0,0
EAH_PE,D,20180817,000000,5.5129,5.6047,5.5129,5.6047,0,0
EAH_PE,D,20180820,000000,5.6967,5.6967,4.7778,4.7778,0,0
EAH_PE,D,20180821,000000,4.9616,5.0534,4.9616,4.9616,0,0
EAH_PE,D,20180822,000000,4.9616,5.0534,4.9616,5.0534,0,0
EAH_PE,D,20180823,000000,5.0534,5.0534,4.8697,4.9616,0,0
EAH_PE,D,20180824,000000,4.7778,5.0534,4.7778,5.0534,0,0
EAH_PE,D,20180827,000000,5.1454,5.1454,4.8697,4.8697,0,0
EAH_PE,D,20180828,000000,4.9616,4.9616,4.6859,4.9616,0,0
EAH_PE,D,20180829,000000,4.9616,4.9616,4.9616,4.9616,0,0
EAH_PE,D,20180830,000000,4.9616,4.9616,4.7778,4.9616,0,0
EAH_PE,D,20180831,000000,5.1454,5.1454,4.5941,4.8697,0,0
EAH_PE,D,20180903,000000,5.0534,5.0534,4.6859,4.8697,0,0
EAH_PE,D,20180904,000000,4.8697,4.8697,4.6859,4.6859,0,0
EAH_PE,D,20180905,000000,4.8697,4.8697,4.5941,4.6859,0,0
EAH_PE,D,20180906,000000,4.5941,4.7778,4.5022,4.6859,0,0
EAH_PE,D,20180907,000000,4.64,4.7367,4.64,4.7367,0,0
EAH_PE,D,20180910,000000,4.64,4.64,4.2533,4.5433,0,0
EAH_PE,D,20180911,000000,4.5433,4.8333,4.5433,4.7367,0,0
EAH_PE,D,20180912,000000,4.8333,5.1233,3.8667,3.8667,0,0
EAH_PE,D,20180913,000000,3.9633,3.9633,3.8667,3.8667,0,0
EAH_PE,D,20180914,000000,3.9633,3.9633,3.6733,3.8667,0,0
EAH_PE,D,20180917,000000,3.8667,3.9633,3.8667,3.9633,0,0
EAH_PE,D,20180918,000000,3.9633,3.9633,3.77,3.9633,0,0
EAH_PE,D,20180919,000000,3.9633,4.1567,3.9633,4.06,0,0
EAH_PE,D,20180920,000000,4.06,4.06,4.06,4.06,0,0
EAH_PE,D,20180921,000000,4.06,4.06,4.06,4.06,0,0
EAH_PE,D,20180924,000000,4.06,4.06,4.06,4.06,0,0
EAH_PE,D,20180925,000000,4.06,4.06,4.06,4.06,0,0
EAH_PE,D,20180926,000000,4.06,4.06,4.06,4.06,0,0
EAH_PE,D,20180927,000000,4.06,4.06,3.9633,4.06,0,0
EAH_PE,D,20180928,000000,4.06,4.06,3.8667,4.06,0,0
EAH_PE,D,20181001,000000,4.06,4.06,3.8667,3.8667,0,0
EAH_PE,D,20181002,000000,3.8667,3.9633,3.8667,3.8667,0,0
EAH_PE,D,20181003,000000,3.9633,3.9633,3.77,3.9633,0,0
EAH_PE,D,20181004,000000,3.9633,3.9633,3.8667,3.8667,0,0
EAH_PE,D,20181005,000000,3.9633,3.9633,3.8667,3.8667,0,0
EAH_PE,D,20181008,000000,3.8667,3.8667,3.77,3.8667,0,0
EAH_PE,D,20181009,000000,3.8667,3.8667,3.77,3.77,0,0
EAH_PE,D,20181010,000000,3.8667,3.8667,3.77,3.77,0,0
EAH_PE,D,20181011,000000,3.8667,3.8667,3.77,3.77,0,0
EAH_PE,D,20181012,000000,3.77,3.77,3.77,3.77,0,0
EAH_PE,D,20181015,000000,3.8667,3.8667,3.77,3.77,0,0
EAH_PE,D,20181016,000000,3.77,3.77,3.77,3.77,0,0
EAH_PE,D,20181017,000000,3.8667,3.8667,3.77,3.77,0,0
EAH_PE,D,20181018,000000,3.8667,3.8667,3.5767,3.5767,0,0
EAH_PE,D,20181019,000000,3.5767,3.5767,3.3833,3.48,0,0
EAH_PE,D,20181022,000000,3.48,3.48,3.19,3.3833,0,0
EAH_PE,D,20181023,000000,3.3833,3.3833,3.19,3.2867,0,0
EAH_PE,D,20181024,000000,3.3833,3.6733,3.2867,3.6733,0,0
EAH_PE,D,20181025,000000,3.6733,3.6733,3.48,3.6733,0,0
EAH_PE,D,20181026,000000,3.6733,3.6733,3.5767,3.5767,0,0
EAH_PE,D,20181029,000000,3.5767,3.5767,3.5767,3.5767,0,0
EAH_PE,D,20181030,000000,3.5767,3.5767,3.48,3.5767,0,0
EAH_PE,D,20181031,000000,3.77,3.77,3.5767,3.6733,0,0
EAH_PE,D,20181102,000000,3.6733,3.6733,3.5767,3.6733,0,0
EAH_PE,D,20181105,000000,3.77,3.77,3.6733,3.77,0,0
EAH_PE,D,20181106,000000,3.77,3.77,3.77,3.77,0,0
EAH_PE,D,20181107,000000,3.6733,3.6733,3.6733,3.6733,0,0
EAH_PE,D,20181108,000000,3.77,3.77,3.48,3.6733,0,0
EAH_PE,D,20181109,000000,3.6733,3.6733,3.3833,3.6733,0,0
EAH_PE,D,20181113,000000,3.3833,3.5767,3.3833,3.48,0,0
EAH_PE,D,20181114,000000,3.5767,3.5767,3.2867,3.3833,0,0
EAH_PE,D,20181115,000000,3.3833,3.3833,3.3833,3.3833,0,0
EAH_PE,D,20181116,000000,3.3833,3.3833,3.0933,3.2867,0,0
EAH_PE,D,20181119,000000,3.2867,3.2867,3.19,3.19,0,0
EAH_PE,D,20181120,000000,3.19,3.19,3.19,3.19,0,0
EAH_PE,D,20181121,000000,3.19,3.19,3.19,3.19,0,0
EAH_PE,D,20181122,000000,3.2867,3.2867,2.9967,3.19,0,0
EAH_PE,D,20181123,000000,3.19,3.2867,3.19,3.2867,0,0
EAH_PE,D,20181126,000000,3.2867,3.2867,3.19,3.2867,0,0
EAH_PE,D,20181127,000000,3.2867,3.3833,3.2867,3.3833,0,0
EAH_PE,D,20181128,000000,3.3833,5.0267,3.19,5.0267,0,0
EAH_PE,D,20181129,000000,5.0267,5.0267,4.7367,5.0267,0,0
EAH_PE,D,20181130,000000,5.1233,5.1233,4.93,4.93,0,0
EAH_PE,D,20181203,000000,5.0267,5.0267,4.93,4.93,0,0
EAH_PE,D,20181204,000000,4.93,4.93,4.8333,4.93,0,0
EAH_PE,D,20181205,000000,4.93,5.0267,4.8333,4.93,0,0
EAH_PE,D,20181206,000000,5.0267,5.0267,4.93,5.0267,0,0
EAH_PE,D,20181207,000000,5.0267,5.22,5.0267,5.1233,0,0
EAH_PE,D,20181210,000000,5.1233,5.22,5.1233,5.22,0,0
EAH_PE,D,20181211,000000,5.22,5.22,5.1233,5.22,0,0
EAH_PE,D,20181212,000000,5.22,5.22,5.0267,5.22,0,0
EAH_PE,D,20181213,000000,5.22,5.22,5.0267,5.22,0,0
EAH_PE,D,20181214,000000,5.22,5.22,5.1233,5.22,0,0
EAH_PE,D,20181217,000000,5.22,5.22,5.0267,5.22,0,0
EAH_PE,D,20181218,000000,5.1233,5.22,5.1233,5.22,0,0
EAH_PE,D,20181219,000000,5.22,5.4133,5.22,5.3167,0,0
EAH_PE,D,20181220,000000,5.3167,5.3167,5.22,5.3167,0,0
EAH_PE,D,20181221,000000,5.3167,5.3167,5.1233,5.22,0,0
EAH_PE,D,20181227,000000,5.3167,5.51,5.3167,5.4133,0,0
EAH_PE,D,20181228,000000,5.4133,5.4133,5.1233,5.22,0,0
EAH_PE,D,20190102,000000,5.3167,5.3167,5.22,5.22,0,0
EAH_PE,D,20190103,000000,5.22,5.22,5.22,5.22,0,0
EAH_PE,D,20190104,000000,5.3167,5.3167,5.0267,5.1233,0,0
EAH_PE,D,20190107,000000,5.1233,5.1233,5.0267,5.1233,0,0
EAH_PE,D,20190108,000000,4.93,5.1233,4.93,5.1233,0,0
EAH_PE,D,20190109,000000,5.3167,5.3167,5.1233,5.1233,0,0
EAH_PE,D,20190110,000000,5.1233,5.1233,5.0267,5.0267,0,0
EAH_PE,D,20190111,000000,5.0267,5.0267,4.93,5.0267,0,0
EAH_PE,D,20190114,000000,5.1233,5.1233,4.93,4.93,0,0
EAH_PE,D,20190115,000000,4.93,5.1233,4.93,5.1233,0,0
EAH_PE,D,20190116,000000,5.1233,5.1233,5.1233,5.1233,0,0
EAH_PE,D,20190117,000000,5.1233,5.1233,5.0267,5.1233,0,0
EAH_PE,D,20190118,000000,5.1233,5.1233,5.1233,5.1233,0,0
EAH_PE,D,20190121,000000,5.1233,5.3167,5.1233,5.22,0,0
EAH_PE,D,20190122,000000,5.3167,5.3167,5.1233,5.1233,0,0
EAH_PE,D,20190123,000000,5.22,5.22,5.1233,5.1233,0,0
EAH_PE,D,20190124,000000,5.22,5.22,5.1233,5.22,0,0
EAH_PE,D,20190125,000000,5.22,5.22,5.1233,5.1233,0,0
EAH_PE,D,20190128,000000,5.22,5.22,5.1233,5.1233,0,0
EAH_PE,D,20190129,000000,5.22,5.22,5.1233,5.1233,0,0
EAH_PE,D,20190130,000000,5.22,5.22,5.1233,5.1233,0,0
EAH_PE,D,20190131,000000,5.1233,5.22,5.1233,5.22,0,0
EAH_PE,D,20190201,000000,5.22,5.8,5.22,5.7033,0,0
EAH_PE,D,20190204,000000,5.9933,5.9933,5.8,5.8,0,0
EAH_PE,D,20190205,000000,5.8,5.8967,5.7033,5.8,0,0
EAH_PE,D,20190206,000000,5.7033,5.7033,5.51,5.51,0,0
EAH_PE,D,20190207,000000,5.6067,5.7033,5.4133,5.51,0,0
EAH_PE,D,20190208,000000,5.7033,5.7033,5.51,5.7033,0,0
EAH_PE,D,20190211,000000,5.7033,5.8,5.6067,5.8,0,0
EAH_PE,D,20190212,000000,5.8967,5.8967,5.8,5.8,0,0
EAH_PE,D,20190213,000000,5.7033,5.7033,5.4133,5.4133,0,0
EAH_PE,D,20190214,000000,5.51,5.6067,5.51,5.6067,0,0
EAH_PE,D,20190215,000000,5.6067,5.6067,5.4133,5.6067,0,0
EAH_PE,D,20190218,000000,5.7033,5.7033,5.51,5.6067,0,0
EAH_PE,D,20190219,000000,5.8,6.1867,5.8,5.9933,0,0
EAH_PE,D,20190220,000000,6.09,6.5733,5.9933,6.4767,0,0
EAH_PE,D,20190221,000000,6.4767,6.5733,6.2833,6.2833,0,0
EAH_PE,D,20190222,000000,6.2833,6.5733,6.2833,6.5733,0,0
EAH_PE,D,20190225,000000,6.67,6.8633,6.67,6.8633,0,0
EAH_PE,D,20190226,000000,6.8633,6.8633,6.4767,6.5733,0,0
EAH_PE,D,20190227,000000,6.5733,6.7667,6.5733,6.7667,0,0
EAH_PE,D,20190228,000000,6.7667,6.7667,6.4767,6.4767,0,0
EAH_PE,D,20190301,000000,6.8633,6.8633,6.5733,6.5733,0,0
EAH_PE,D,20190304,000000,6.5733,6.7667,6.5733,6.7667,0,0
EAH_PE,D,20190305,000000,6.7667,6.8633,6.5733,6.5733,0,0
EAH_PE,D,20190306,000000,6.5733,6.67,6.2833,6.5733,0,0
EAH_PE,D,20190307,000000,6.38,6.4767,6.1867,6.4767,0,0
EAH_PE,D,20190308,000000,6.4767,6.5733,6.2833,6.4767,0,0
EAH_PE,D,20190311,000000,6.4767,6.4767,6.2833,6.4767,0,0
EAH_PE,D,20190312,000000,6.4767,6.4767,6.4767,6.4767,0,0
EAH_PE,D,20190313,000000,6.5733,6.5733,6.38,6.4767,0,0
EAH_PE,D,20190314,000000,6.4767,6.5733,6.4767,6.5733,0,0
EAH_PE,D,20190315,000000,6.5733,6.7667,6.5733,6.7667,0,0
EAH_PE,D,20190318,000000,6.7667,6.7667,6.4767,6.67,0,0
EAH_PE,D,20190319,000000,6.8633,7.25,6.8633,7.1533,0,0
EAH_PE,D,20190320,000000,7.1533,7.25,7.0567,7.1533,0,0
EAH_PE,D,20190321,000000,7.1533,7.1533,7.0567,7.0567,0,0
EAH_PE,D,20190322,000000,7.0567,7.0567,6.67,6.8633,0,0
EAH_PE,D,20190325,000000,6.7667,6.7667,6.4767,6.5733,0,0
EAH_PE,D,20190326,000000,6.8633,6.8633,6.38,6.4767,0,0
EAH_PE,D,20190327,000000,6.5733,6.5733,6.2833,6.38,0,0
EAH_PE,D,20190328,000000,6.5733,6.5733,6.38,6.38,0,0
EAH_PE,D,20190329,000000,6.38,6.67,6.2833,6.67,0,0
EAH_PE,D,20190401,000000,6.67,6.67,6.5733,6.67,0,0
EAH_PE,D,20190402,000000,6.7667,6.7667,6.5733,6.5733,0,0
EAH_PE,D,20190403,000000,6.67,6.67,6.2833,6.4767,0,0
EAH_PE,D,20190404,000000,6.4767,6.4767,6.2833,6.38,0,0
EAH_PE,D,20190405,000000,6.5733,6.8633,6.5733,6.8633,0,0
EAH_PE,D,20190408,000000,6.8633,6.8633,6.7667,6.8633,0,0
EAH_PE,D,20190409,000000,6.8633,6.8633,6.8633,6.8633,0,0
EAH_PE,D,20190410,000000,6.8633,6.8633,6.8633,6.8633,0,0
EAH_PE,D,20190411,000000,6.8633,6.96,6.67,6.8633,0,0
EAH_PE,D,20190412,000000,6.96,6.96,6.67,6.8633,0,0
EAH_PE,D,20190415,000000,6.8633,6.8633,6.8633,6.8633,0,0
EAH_PE,D,20190416,000000,6.8633,6.96,6.8633,6.96,0,0
EAH_PE,D,20190417,000000,6.96,7.0567,6.96,6.96,0,0
EAH_PE,D,20190418,000000,6.7667,6.7667,6.09,6.1867,0,0
EAH_PE,D,20190423,000000,6.1867,6.1867,5.6067,5.8967,0,0
EAH_PE,D,20190424,000000,5.8,5.8967,5.6067,5.8,0,0
EAH_PE,D,20190425,000000,5.8,5.8,5.6067,5.6067,0,0
EAH_PE,D,20190426,000000,5.6067,5.6067,5.51,5.6067,0,0
EAH_PE,D,20190429,000000,5.4133,5.7033,5.4133,5.7033,0,0
EAH_PE,D,20190430,000000,5.7033,5.7033,5.7033,5.7033,0,0
EAH_PE,D,20190502,000000,5.7033,5.7033,5.51,5.7033,0,0
EAH_PE,D,20190506,000000,5.7033,5.7033,5.6067,5.7033,0,0
EAH_PE,D,20190507,000000,5.7033,5.8,5.6067,5.8,0,0
EAH_PE,D,20190508,000000,5.7033,5.7033,5.6067,5.7033,0,0
EAH_PE,D,20190509,000000,5.7033,5.7033,5.6067,5.6067,0,0
EAH_PE,D,20190510,000000,5.6067,5.7033,5.51,5.51,0,0
EAH_PE,D,20190513,000000,5.6067,5.6067,5.4133,5.4133,0,0
EAH_PE,D,20190514,000000,5.4133,5.4133,5.4133,5.4133,0,0
EAH_PE,D,20190515,000000,5.51,5.51,5.1233,5.1233,0,0
EAH_PE,D,20190516,000000,5.1233,5.1233,4.93,5.0267,0,0
EAH_PE,D,20190517,000000,5.0267,5.0267,4.8333,4.93,0,0
EAH_PE,D,20190520,000000,5.1233,5.1233,4.8333,4.8333,0,0
EAH_PE,D,20190521,000000,4.8333,4.8333,4.7367,4.7367,0,0
EAH_PE,D,20190522,000000,4.8333,5.3167,4.8333,5.3167,0,0
EAH_PE,D,20190523,000000,5.3167,5.3167,4.93,5.3167,0,0
EAH_PE,D,20190524,000000,5.3167,5.3167,5.0267,5.1233,0,0
EAH_PE,D,20190527,000000,5.1233,5.1233,4.93,5.0267,0,0
EAH_PE,D,20190528,000000,5.1233,5.1233,4.7367,4.8333,0,0
EAH_PE,D,20190529,000000,4.8333,4.8333,4.4467,4.5433,0,0
EAH_PE,D,20190530,000000,4.64,4.7367,4.2533,4.4467,0,0
EAH_PE,D,20190531,000000,3.8667,4.35,3.8667,4.2533,0,0
EAH_PE,D,20190603,000000,4.2533,4.64,3.8667,4.64,0,0
EAH_PE,D,20190604,000000,4.64,4.64,4.2533,4.4467,0,0
EAH_PE,D,20190605,000000,4.7367,4.7367,4.4467,4.7367,0,0
EAH_PE,D,20190606,000000,4.7367,4.7367,4.5433,4.64,0,0
EAH_PE,D,20190607,000000,4.64,4.7367,4.5433,4.7367,0,0
EAH_PE,D,20190610,000000,4.7367,4.8333,4.7367,4.8333,0,0
EAH_PE,D,20190611,000000,4.8333,4.93,4.8333,4.93,0,0
EAH_PE,D,20190612,000000,4.93,5.0267,4.64,4.7367,0,0
EAH_PE,D,20190613,000000,4.7367,4.7367,4.64,4.64,0,0
EAH_PE,D,20190614,000000,4.7367,4.7367,4.4467,4.4467,0,0
EAH_PE,D,20190617,000000,4.4467,4.5433,4.35,4.35,0,0
EAH_PE,D,20190618,000000,4.5433,4.5433,4.35,4.4467,0,0
EAH_PE,D,20190619,000000,4.5433,4.64,4.4467,4.64,0,0
EAH_PE,D,20190621,000000,4.7367,4.7367,4.64,4.64,0,0
EAH_PE,D,20190624,000000,4.7367,4.93,4.7367,4.8333,0,0
EAH_PE,D,20190625,000000,4.93,5.22,4.93,5.1233,0,0
EAH_PE,D,20190626,000000,5.1233,5.3167,4.93,5.3167,0,0
EAH_PE,D,20190627,000000,5.3167,5.3167,5.22,5.22,0,0
EAH_PE,D,20190628,000000,5.22,5.22,4.93,4.93,0,0
EAH_PE,D,20190701,000000,5.1233,5.1233,4.7367,4.93,0,0
EAH_PE,D,20190702,000000,4.93,4.93,4.93,4.93,0,0
EAH_PE,D,20190703,000000,4.93,4.93,4.7367,4.93,0,0
EAH_PE,D,20190704,000000,4.93,4.93,4.93,4.93,0,0
EAH_PE,D,20190705,000000,5.0267,5.1233,5.0267,5.0267,0,0
EAH_PE,D,20190708,000000,5.22,5.22,5.1233,5.1233,0,0
EAH_PE,D,20190709,000000,5.22,5.22,5.1233,5.1233,0,0
EAH_PE,D,20190710,000000,5.1233,5.1233,5.0267,5.0267,0,0
EAH_PE,D,20190711,000000,5.1233,5.1233,5.1233,5.1233,0,0
EAH_PE,D,20190712,000000,5.1233,5.1233,4.93,5.1233,0,0
EAH_PE,D,20190715,000000,5.1233,5.1233,5.0267,5.0267,0,0
EAH_PE,D,20190716,000000,5.1233,5.1233,5.1233,5.1233,0,0
EAH_PE,D,20190717,000000,5.1233,5.1233,4.93,4.93,0,0
EAH_PE,D,20190718,000000,5.0267,5.0267,4.7367,4.93,0,0
EAH_PE,D,20190719,000000,4.93,5.3167,4.93,5.1233,0,0
EAH_PE,D,20190722,000000,5.1233,5.3167,5.0267,5.22,0,0
EAH_PE,D,20190723,000000,5.22,5.3167,5.0267,5.1233,0,0
EAH_PE,D,20190724,000000,5.3167,5.3167,5.3167,5.3167,0,0
EAH_PE,D,20190725,000000,5.51,5.51,5.3167,5.3167,0,0
EAH_PE,D,20190726,000000,5.4133,5.4133,5.3167,5.4133,0,0
EAH_PE,D,20190729,000000,5.4133,5.6067,5.4133,5.4133,0,0
EAH_PE,D,20190730,000000,5.4133,5.4133,5.22,5.4133,0,0
EAH_PE,D,20190731,000000,5.4133,5.4133,5.4133,5.4133,0,0
EAH_PE,D,20190801,000000,5.4133,5.4133,5.22,5.22,0,0
EAH_PE,D,20190802,000000,5.22,5.22,5.0267,5.1233,0,0
EAH_PE,D,20190805,000000,5.3167,5.3167,4.8333,4.93,0,0
EAH_PE,D,20190806,000000,5.0267,5.0267,4.64,4.64,0,0
EAH_PE,D,20190807,000000,4.93,4.93,4.4467,4.5433,0,0
EAH_PE,D,20190808,000000,4.5433,4.64,4.4467,4.5433,0,0
EAH_PE,D,20190809,000000,4.35,4.5433,4.35,4.5433,0,0
EAH_PE,D,20190812,000000,4.5433,4.5433,4.5433,4.5433,0,0
EAH_PE,D,20190813,000000,4.4467,4.8333,4.4467,4.8333,0,0
EAH_PE,D,20190814,000000,4.8333,4.8333,4.5433,4.64,0,0
EAH_PE,D,20190816,000000,4.7367,4.7367,4.5433,4.64,0,0
EAH_PE,D,20190819,000000,4.8333,4.93,4.8333,4.93,0,0
EAH_PE,D,20190820,000000,4.93,4.93,4.8333,4.8333,0,0
EAH_PE,D,20190821,000000,4.93,4.93,4.8333,4.93,0,0
EAH_PE,D,20190822,000000,4.93,4.93,4.8333,4.8333,0,0
EAH_PE,D,20190823,000000,4.93,4.93,4.93,4.93,0,0
EAH_PE,D,20190826,000000,4.93,4.93,4.93,4.93,0,0
EAH_PE,D,20190827,000000,4.93,4.93,4.8333,4.93,0,0
EAH_PE,D,20190828,000000,5.0267,5.0267,4.7367,4.7367,0,0
EAH_PE,D,20190829,000000,5.0267,5.0267,4.64,4.7367,0,0
EAH_PE,D,20190830,000000,4.7367,4.7367,4.64,4.7367,0,0
EAH_PE,D,20190902,000000,4.7367,4.7367,4.64,4.7367,0,0
EAH_PE,D,20190903,000000,4.7367,4.7367,4.64,4.7367,0,0
EAH_PE,D,20190904,000000,5.0267,5.0267,4.7367,4.7367,0,0
EAH_PE,D,20190905,000000,5.0267,5.0267,4.7367,4.8333,0,0
EAH_PE,D,20190906,000000,5.0267,5.0267,4.93,5.0267,0,0
EAH_PE,D,20190909,000000,5.1,5.2,5.1,5.1,0,0
EAH_PE,D,20190910,000000,5.1,5.1,5.1,5.1,0,0
EAH_PE,D,20190911,000000,5.1,5.1,4.9,5.1,0,0
EAH_PE,D,20190912,000000,5.1,5.1,5.1,5.1,0,0
EAH_PE,D,20190913,000000,5.1,5.2,4.8,5.2,0,0
EAH_PE,D,20190916,000000,4.8,5.2,4.8,5.2,0,0
EAH_PE,D,20190917,000000,5.1,5.1,4.8,4.9,0,0
EAH_PE,D,20190918,000000,5.1,5.2,4.9,5.2,0,0
EAH_PE,D,20190919,000000,5.2,5.5,5.1,5.2,0,0
EAH_PE,D,20190920,000000,5.4,5.6,5.2,5.3,0,0
EAH_PE,D,20190923,000000,5.3,5.3,5.2,5.2,0,0
EAH_PE,D,20190924,000000,5.1,5.1,5.1,5.1,0,0
EAH_PE,D,20190925,000000,5.1,5.3,5.1,5.3,0,0
EAH_PE,D,20190926,000000,5,6,4.7,6,0,0
EAH_PE,D,20190927,000000,5.9,6.1,5.5,6.1,0,0
EAH_PE,D,20190930,000000,6.1,6.1,5.7,5.8,0,0
EAH_PE,D,20191001,000000,5.8,5.8,5.6,5.6,0,0
EAH_PE,D,20191002,000000,5.8,5.8,5.6,5.7,0,0
EAH_PE,D,20191003,000000,5.7,5.7,5.7,5.7,0,0
EAH_PE,D,20191004,000000,5.8,5.8,5.5,5.5,0,0
EAH_PE,D,20191007,000000,5.6,5.6,5.5,5.5,0,0
EAH_PE,D,20191008,000000,5.7,5.7,5.6,5.7,0,0
EAH_PE,D,20191009,000000,5.8,5.8,5.6,5.6,0,0
EAH_PE,D,20191010,000000,5.7,5.7,5.1,5.2,0,0
EAH_PE,D,20191011,000000,5.4,5.4,5.1,5.2,0,0
EAH_PE,D,20191014,000000,5.2,5.2,5.2,5.2,0,0
EAH_PE,D,20191015,000000,5.5,5.5,5,5,0,0
EAH_PE,D,20191016,000000,4.9,4.9,4.6,4.9,0,0
EAH_PE,D,20191017,000000,4.7,4.9,4.6,4.7,0,0
EAH_PE,D,20191018,000000,4.7,4.8,4.6,4.6,0,0
EAH_PE,D,20191021,000000,4.7,4.7,4.5,4.5,0,0
EAH_PE,D,20191022,000000,4.7,4.9,4.7,4.9,0,0
EAH_PE,D,20191023,000000,5,5.1,5,5.1,0,0
EAH_PE,D,20191024,000000,5.1,5.1,5.1,5.1,0,0
EAH_PE,D,20191025,000000,5.1,5.1,4.9,4.9,0,0
EAH_PE,D,20191028,000000,4.9,5,4.9,5,0,0
EAH_PE,D,20191029,000000,5,5,4.6,4.8,0,0
EAH_PE,D,20191030,000000,4.8,4.8,4.5,4.7,0,0
EAH_PE,D,20191031,000000,4.8,4.8,4.5,4.6,0,0
EAH_PE,D,20191104,000000,4.6,4.7,4.6,4.7,0,0
EAH_PE,D,20191105,000000,4.8,4.8,4.8,4.8,0,0
EAH_PE,D,20191106,000000,4.8,4.8,4.8,4.8,0,0
EAH_PE,D,20191107,000000,4.8,4.8,4.8,4.8,0,0
EAH_PE,D,20191108,000000,4.8,4.8,4.8,4.8,0,0
EAH_PE,D,20191112,000000,4.8,4.8,4.8,4.8,0,0
EAH_PE,D,20191113,000000,4.8,4.8,4.8,4.8,0,0
EAH_PE,D,20191114,000000,4.8,5,4.7,5,0,0
EAH_PE,D,20191115,000000,5.1,5.1,4.9,5.1,0,0
EAH_PE,D,20191118,000000,5.1,5.2,4.7,5.2,0,0
EAH_PE,D,20191119,000000,5.4,5.4,5.1,5.2,0,0
EAH_PE,D,20191120,000000,5.3,5.3,5.2,5.3,0,0
EAH_PE,D,20191121,000000,5.2,5.2,5,5.1,0,0
EAH_PE,D,20191122,000000,5.1,5.1,5,5.1,0,0
EAH_PE,D,20191125,000000,5.1,5.1,4.9,5,0,0
EAH_PE,D,20191126,000000,5,5,4.9,4.9,0,0
EAH_PE,D,20191127,000000,5,5,5,5,0,0
EAH_PE,D,20191128,000000,5,5,4.9,5,0,0
EAH_PE,D,20191129,000000,5,5,5,5,0,0
EAH_PE,D,20191202,000000,5,5,5,5,0,0
EAH_PE,D,20191203,000000,5,5,4.9,4.9,0,0
EAH_PE,D,20191204,000000,5,5,4.9,4.9,0,0
EAH_PE,D,20191205,000000,5,5.1,4.9,4.9,0,0
EAH_PE,D,20191206,000000,5,5.1,5,5.1,0,0
EAH_PE,D,20191209,000000,5.1,5.1,5.1,5.1,0,0
EAH_PE,D,20191210,000000,5.1,5.1,4.9,5.1,0,0
EAH_PE,D,20191211,000000,5.1,5.1,5.1,5.1,0,0
EAH_PE,D,20191212,000000,5.1,5.1,5,5,0,0
EAH_PE,D,20191213,000000,5.1,5.1,4.8,5,0,0
EAH_PE,D,20191216,000000,5,5.5,5,5.5,0,0
EAH_PE,D,20191217,000000,5.4,5.4,5.1,5.1,0,0
EAH_PE,D,20191218,000000,5.2,5.2,5,5.1,0,0
EAH_PE,D,20191219,000000,5.2,5.5,4.8,4.9,0,0
EAH_PE,D,20191220,000000,4.9,5,4.9,5,0,0
EAH_PE,D,20191223,000000,5,5.1,4.9,5.1,0,0
EAH_PE,D,20191227,000000,5.3,5.3,5.1,5.1,0,0
EAH_PE,D,20191230,000000,5.2,5.2,5.1,5.1,0,0
EAH_PE,D,20200102,000000,5.1,5.2,5,5.2,0,0
EAH_PE,D,20200103,000000,5.4,5.4,5.1,5.1,0,0
EAH_PE,D,20200107,000000,5,5.1,5,5,0,0
EAH_PE,D,20200108,000000,5.3,5.3,5.1,5.1,0,0
EAH_PE,D,20200109,000000,5,5,5,5,0,0
EAH_PE,D,20200110,000000,5.1,5.1,4.9,5,0,0
EAH_PE,D,20200113,000000,5,5,4.7,4.9,0,0
EAH_PE,D,20200114,000000,4.9,5,4.7,5,0,0
EAH_PE,D,20200115,000000,5,5,4.7,4.8,0,0
EAH_PE,D,20200116,000000,4.8,4.8,4.7,4.7,0,0
EAH_PE,D,20200117,000000,4.8,4.8,4.7,4.7,0,0
EAH_PE,D,20200120,000000,4.7,5.2,4.7,5,0,0
EAH_PE,D,20200121,000000,5,5,4.7,4.8,0,0
EAH_PE,D,20200122,000000,4.9,4.9,4.9,4.9,0,0
EAH_PE,D,20200123,000000,5.1,5.1,4.8,5,0,0
EAH_PE,D,20200124,000000,5,5,4.9,5,0,0
EAH_PE,D,20200127,000000,5,5,4.7,4.9,0,0
EAH_PE,D,20200128,000000,4.9,5.1,4.9,5.1,0,0
EAH_PE,D,20200129,000000,5.1,5.1,4.9,4.9,0,0
EAH_PE,D,20200130,000000,5,5,4.9,4.9,0,0
EAH_PE,D,20200131,000000,5,5,4.8,4.8,0,0
EAH_PE,D,20200203,000000,4.9,4.9,4.7,4.7,0,0
EAH_PE,D,20200204,000000,4.8,4.9,4.7,4.9,0,0
EAH_PE,D,20200205,000000,5.3,5.3,4.7,5,0,0
EAH_PE,D,20200206,000000,5.1,5.6,4.8,5.5,0,0
EAH_PE,D,20200207,000000,5.4,6.1,5.2,5.9,0,0
EAH_PE,D,20200210,000000,5.9,6,5.6,5.7,0,0
EAH_PE,D,20200211,000000,5.9,6.1,5.8,6,0,0
EAH_PE,D,20200212,000000,6,6,5.7,5.8,0,0
EAH_PE,D,20200213,000000,5.9,5.9,5.6,5.6,0,0
EAH_PE,D,20200214,000000,5.7,5.8,5.5,5.7,0,0
EAH_PE,D,20200217,000000,5.7,5.9,5.5,5.7,0,0
EAH_PE,D,20200218,000000,5.7,5.9,5.7,5.9,0,0
EAH_PE,D,20200219,000000,5.9,5.9,5.9,5.9,0,0
EAH_PE,D,20200220,000000,5.9,5.9,5.8,5.9,0,0
EAH_PE,D,20200221,000000,5.9,5.9,5.6,5.8,0,0
EAH_PE,D,20200224,000000,5.9,5.9,5.3,5.6,0,0
EAH_PE,D,20200225,000000,5.6,5.6,5,5.2,0,0
EAH_PE,D,20200226,000000,5.4,5.7,5.2,5.6,0,0
EAH_PE,D,20200227,000000,5.6,5.6,5.2,5.6,0,0
EAH_PE,D,20200228,000000,5.3,5.6,5,5.4,0,0
EAH_PE,D,20200302,000000,5.2,5.6,5.2,5.4,0,0
EAH_PE,D,20200303,000000,5.5,5.5,5.3,5.4,0,0
EAH_PE,D,20200304,000000,5.4,5.4,5.1,5.1,0,0
EAH_PE,D,20200305,000000,5.4,5.4,5.2,5.2,0,0
EAH_PE,D,20200306,000000,5.2,5.2,5.1,5.1,0,0
EAH_PE,D,20200309,000000,4.7,4.7,4.2,4.5,0,0
EAH_PE,D,20200310,000000,4.6,4.6,4.3,4.4,0,0
EAH_PE,D,20200311,000000,4.4,4.5,4,4.5,0,0
EAH_PE,D,20200312,000000,4.3,4.3,4.1,4.1,0,0
EAH_PE,D,20200313,000000,4.1,4.1,3.8,4.1,0,0
EAH_PE,D,20200316,000000,3.9,3.9,3.4,3.4,0,0
EAH_PE,D,20200317,000000,3.4,3.5,3.2,3.4,0,0
EAH_PE,D,20200318,000000,3.3,3.3,2.9,3.1,0,0
EAH_PE,D,20200319,000000,3.1,3.1,2.7,2.7,0,0
EAH_PE,D,20200320,000000,2.7,3,2.7,2.8,0,0
EAH_PE,D,20200323,000000,2.7,2.7,2.6,2.6,0,0
EAH_PE,D,20200324,000000,2.7,2.7,2.7,2.7,0,0
EAH_PE,D,20200325,000000,2.8,2.8,2.6,2.7,0,0
EAH_PE,D,20200326,000000,2.7,2.8,2.6,2.8,0,0
EAH_PE,D,20200327,000000,2.8,2.8,2.7,2.7,0,0
EAH_PE,D,20200330,000000,2.7,2.7,2.6,2.6,0,0
EAH_PE,D,20200331,000000,2.7,2.7,2.5,2.6,0,0
EAH_PE,D,20200401,000000,2.6,2.6,2.6,2.6,0,0
EAH_PE,D,20200402,000000,2.7,2.7,2.6,2.6,0,0
EAH_PE,D,20200403,000000,2.6,2.6,2.4,2.4,0,0
EAH_PE,D,20200406,000000,2.5,2.5,2.4,2.5,0,0
EAH_PE,D,20200407,000000,2.5,3,2.5,2.9,0,0
EAH_PE,D,20200408,000000,2.9,2.9,2.7,2.9,0,0
EAH_PE,D,20200409,000000,2.9,3.1,2.8,3,0,0
EAH_PE,D,20200414,000000,3.1,3.4,3.1,3.4,0,0
EAH_PE,D,20200415,000000,3.4,3.4,3.3,3.3,0,0
EAH_PE,D,20200416,000000,3.3,3.4,3.2,3.2,0,0
EAH_PE,D,20200417,000000,3.2,3.3,3.1,3.3,0,0
EAH_PE,D,20200420,000000,3.3,3.4,3.1,3.1,0,0
EAH_PE,D,20200421,000000,3.1,3.1,2.8,3,0,0
EAH_PE,D,20200422,000000,3,3,2.9,3,0,0
EAH_PE,D,20200423,000000,3,3,3,3,0,0
EAH_PE,D,20200424,000000,3,3.2,3,3.1,0,0
EAH_PE,D,20200427,000000,3.2,3.4,3.2,3.4,0,0
EAH_PE,D,20200428,000000,3.4,3.9,3.4,3.6,0,0
EAH_PE,D,20200429,000000,3.7,4,3.7,3.9,0,0
EAH_PE,D,20200430,000000,4,4.4,3.4,3.7,0,0
EAH_PE,D,20200504,000000,3.7,3.8,3.6,3.7,0,0
EAH_PE,D,20200505,000000,3.7,3.7,3.5,3.7,0,0
EAH_PE,D,20200506,000000,3.7,3.7,3.6,3.7,0,0
EAH_PE,D,20200507,000000,3.7,3.7,3.5,3.6,0,0
EAH_PE,D,20200508,000000,3.5,3.6,3.5,3.6,0,0
EAH_PE,D,20200511,000000,3.6,3.6,3.5,3.6,0,0
EAH_PE,D,20200512,000000,3.6,3.6,3.6,3.6,0,0
EAH_PE,D,20200513,000000,3.6,3.6,3.3,3.6,0,0
EAH_PE,D,20200514,000000,3.6,3.6,3.4,3.4,0,0
EAH_PE,D,20200515,000000,3.4,3.6,3.4,3.5,0,0
EAH_PE,D,20200518,000000,3.4,3.5,3.4,3.5,0,0
EAH_PE,D,20200519,000000,3.5,3.5,3.4,3.4,0,0
EAH_PE,D,20200520,000000,3.5,3.5,3.4,3.4,0,0
EAH_PE,D,20200521,000000,3.4,3.5,3.4,3.5,0,0
EAH_PE,D,20200522,000000,3.5,3.5,3.4,3.5,0,0
EAH_PE,D,20200525,000000,3.4,3.5,3.4,3.5,0,0
EAH_PE,D,20200526,000000,3.5,3.6,3.4,3.4,0,0
EAH_PE,D,20200527,000000,3.5,3.7,3.4,3.7,0,0
EAH_PE,D,20200528,000000,3.9,3.9,3.6,3.7,0,0
EAH_PE,D,20200529,000000,3.7,3.7,3.7,3.7,0,0
EAH_PE,D,20200601,000000,3.9,3.9,3.6,3.8,0,0
EAH_PE,D,20200602,000000,3.8,3.8,3.8,3.8,0,0
EAH_PE,D,20200603,000000,3.8,4.1,3.7,4,0,0
EAH_PE,D,20200604,000000,4.1,4.2,3.9,4,0,0
EAH_PE,D,20200605,000000,4,4.1,3.8,4.1,0,0
EAH_PE,D,20200608,000000,4.1,4.3,4.1,4.1,0,0
EAH_PE,D,20200609,000000,4,4.1,3.8,4,0,0
EAH_PE,D,20200610,000000,4,4,3.9,4,0,0
EAH_PE,D,20200612,000000,3.9,3.9,3.7,3.8,0,0
EAH_PE,D,20200615,000000,3.8,3.8,3.5,3.7,0,0
EAH_PE,D,20200616,000000,3.8,4,3.7,4,0,0
EAH_PE,D,20200617,000000,4.1,4.1,4,4,0,0
EAH_PE,D,20200618,000000,4.1,4.1,3.8,3.9,0,0
EAH_PE,D,20200619,000000,3.9,3.9,3.8,3.9,0,0
EAH_PE,D,20200622,000000,4,4,3.7,3.8,0,0
EAH_PE,D,20200623,000000,3.9,3.9,3.6,3.8,0,0
EAH_PE,D,20200624,000000,3.7,3.7,3.6,3.6,0,0
EAH_PE,D,20200625,000000,3.6,3.6,3.3,3.5,0,0
EAH_PE,D,20200626,000000,3.5,3.6,3.5,3.6,0,0
EAH_PE,D,20200629,000000,3.6,3.8,3.6,3.7,0,0
EAH_PE,D,20200630,000000,3.7,3.8,3.6,3.8,0,0
EAH_PE,D,20200701,000000,3.7,3.8,3.5,3.7,0,0
EAH_PE,D,20200702,000000,3.7,3.7,3.3,3.3,0,0
EAH_PE,D,20200703,000000,3.3,3.4,3.3,3.4,0,0
EAH_PE,D,20200706,000000,3.4,3.4,3.1,3.3,0,0
EAH_PE,D,20200707,000000,3.3,3.3,3.2,3.2,0,0
EAH_PE,D,20200708,000000,3.4,3.4,3.2,3.4,0,0
EAH_PE,D,20200709,000000,3.4,3.4,3.2,3.2,0,0
EAH_PE,D,20200710,000000,3.3,3.4,3.3,3.4,0,0
EAH_PE,D,20200713,000000,3.4,3.4,3.2,3.3,0,0
EAH_PE,D,20200714,000000,3.4,3.4,3.2,3.3,0,0
EAH_PE,D,20200715,000000,3.3,3.3,3.2,3.2,0,0
EAH_PE,D,20200716,000000,3.2,3.3,3.2,3.3,0,0
EAH_PE,D,20200717,000000,3.3,3.4,3.3,3.4,0,0
EAH_PE,D,20200720,000000,3.4,3.4,3.2,3.2,0,0
EAH_PE,D,20200721,000000,3.2,3.2,3.2,3.2,0,0
EAH_PE,D,20200722,000000,3.2,3.4,3.2,3.4,0,0
EAH_PE,D,20200723,000000,3.4,3.4,3.2,3.2,0,0
EAH_PE,D,20200724,000000,3.3,3.3,3.2,3.3,0,0
EAH_PE,D,20200727,000000,3.4,3.4,3.3,3.3,0,0
EAH_PE,D,20200728,000000,3.4,3.5,3.3,3.4,0,0
EAH_PE,D,20200729,000000,3.4,3.4,3.4,3.4,0,0
EAH_PE,D,20200730,000000,3.3,3.9,3.3,3.9,0,0
EAH_PE,D,20200731,000000,4,4,3.8,3.8,0,0
EAH_PE,D,20200803,000000,4,4,3.9,4,0,0
EAH_PE,D,20200804,000000,4,4,3.9,3.9,0,0
EAH_PE,D,20200805,000000,4,4,3.9,3.9,0,0
EAH_PE,D,20200806,000000,4,4,3.9,3.9,0,0
EAH_PE,D,20200807,000000,4,4,3.9,4,0,0
EAH_PE,D,20200810,000000,4,4.1,4,4,0,0
EAH_PE,D,20200811,000000,4,4.1,4,4.1,0,0
EAH_PE,D,20200812,000000,4.1,4.1,4.1,4.1,0,0
EAH_PE,D,20200813,000000,4.1,4.1,4,4.1,0,0
EAH_PE,D,20200814,000000,4.1,4.1,4,4,0,0
EAH_PE,D,20200817,000000,4.2,4.2,4.1,4.1,0,0
EAH_PE,D,20200818,000000,4.1,4.1,3.9,3.9,0,0
EAH_PE,D,20200819,000000,3.9,4,3.9,4,0,0
EAH_PE,D,20200820,000000,4,4,4,4,0,0
EAH_PE,D,20200821,000000,4,4,4,4,0,0
