<TICKER>,<PER>,<DATE>,<TIME>,<OPEN>,<HIGH>,<LOW>,<CLOSE>,<VOL>,<OPENINT>
FEE_PE,D,20130531,000000,12.164,12.164,12.164,12.164,0,0
FEE_PE,D,20130605,000000,11.966,12.164,11.274,11.867,0,0
FEE_PE,D,20130606,000000,11.867,12.065,11.867,11.966,0,0
FEE_PE,D,20130612,000000,11.175,11.867,11.175,11.867,0,0
FEE_PE,D,20130613,000000,11.076,11.669,11.076,11.57,0,0
FEE_PE,D,20130614,000000,11.57,11.57,11.57,11.57,0,0
FEE_PE,D,20130617,000000,11.57,11.57,11.076,11.274,0,0
FEE_PE,D,20130618,000000,11.373,11.867,11.373,11.867,0,0
FEE_PE,D,20130619,000000,11.669,11.768,11.57,11.768,0,0
FEE_PE,D,20130620,000000,11.57,11.669,11.57,11.669,0,0
FEE_PE,D,20130621,000000,11.57,11.867,11.57,11.669,0,0
FEE_PE,D,20130624,000000,11.471,11.867,11.471,11.867,0,0
FEE_PE,D,20130625,000000,11.867,12.065,11.57,11.867,0,0
FEE_PE,D,20130626,000000,12.065,12.065,11.867,11.966,0,0
FEE_PE,D,20130627,000000,11.966,11.966,11.867,11.966,0,0
FEE_PE,D,20130628,000000,11.966,12.065,11.966,12.065,0,0
FEE_PE,D,20130701,000000,12.065,12.361,12.065,12.361,0,0
FEE_PE,D,20130702,000000,12.263,12.263,12.065,12.263,0,0
FEE_PE,D,20130703,000000,12.263,12.263,12.065,12.263,0,0
FEE_PE,D,20130704,000000,12.263,12.757,12.263,12.757,0,0
FEE_PE,D,20130705,000000,12.757,12.757,12.757,12.757,0,0
FEE_PE,D,20130708,000000,12.361,12.46,12.361,12.46,0,0
FEE_PE,D,20130709,000000,12.46,12.46,12.164,12.46,0,0
FEE_PE,D,20130710,000000,12.46,12.46,12.164,12.46,0,0
FEE_PE,D,20130711,000000,12.164,12.46,12.164,12.46,0,0
FEE_PE,D,20130712,000000,12.559,12.658,12.46,12.658,0,0
FEE_PE,D,20130715,000000,12.559,12.658,12.559,12.658,0,0
FEE_PE,D,20130716,000000,12.658,13.35,12.658,13.153,0,0
FEE_PE,D,20130717,000000,13.153,14.339,13.153,13.252,0,0
FEE_PE,D,20130718,000000,14.142,15.032,13.944,14.537,0,0
FEE_PE,D,20130719,000000,14.834,14.834,14.339,14.339,0,0
FEE_PE,D,20130722,000000,14.834,14.834,14.438,14.438,0,0
FEE_PE,D,20130723,000000,14.834,14.834,14.438,14.438,0,0
FEE_PE,D,20130724,000000,13.548,14.339,13.252,14.142,0,0
FEE_PE,D,20130725,000000,13.252,14.339,13.252,13.944,0,0
FEE_PE,D,20130726,000000,13.746,14.24,13.746,13.944,0,0
FEE_PE,D,20130729,000000,14.537,14.537,13.944,14.438,0,0
FEE_PE,D,20130730,000000,14.834,14.834,13.845,13.944,0,0
FEE_PE,D,20130731,000000,14.043,14.438,13.944,14.438,0,0
FEE_PE,D,20130801,000000,14.438,14.438,13.845,13.944,0,0
FEE_PE,D,20130802,000000,14.339,14.339,13.647,14.339,0,0
FEE_PE,D,20130805,000000,14.339,14.339,14.24,14.24,0,0
FEE_PE,D,20130806,000000,13.845,14.339,13.746,14.339,0,0
FEE_PE,D,20130807,000000,13.845,14.339,13.845,13.845,0,0
FEE_PE,D,20130808,000000,13.845,13.944,13.845,13.845,0,0
FEE_PE,D,20130809,000000,13.845,13.845,13.845,13.845,0,0
FEE_PE,D,20130812,000000,13.944,14.735,13.944,14.735,0,0
FEE_PE,D,20130813,000000,14.735,17.504,14.735,17.504,0,0
FEE_PE,D,20130814,000000,17.504,18.592,17.504,17.801,0,0
FEE_PE,D,20130816,000000,18.196,19.778,17.801,19.778,0,0
FEE_PE,D,20130819,000000,19.778,21.163,18.691,19.679,0,0
FEE_PE,D,20130820,000000,18.592,19.778,18.592,19.778,0,0
FEE_PE,D,20130821,000000,19.778,20.866,19.778,20.273,0,0
FEE_PE,D,20130822,000000,20.273,20.273,19.581,19.778,0,0
FEE_PE,D,20130823,000000,19.778,19.778,19.778,19.778,0,0
FEE_PE,D,20130826,000000,19.778,19.778,19.185,19.482,0,0
FEE_PE,D,20130827,000000,19.482,19.482,19.185,19.185,0,0
FEE_PE,D,20130828,000000,19.185,19.185,18.493,19.086,0,0
FEE_PE,D,20130829,000000,19.086,19.086,18.888,18.888,0,0
FEE_PE,D,20130830,000000,19.086,19.086,18.888,18.888,0,0
FEE_PE,D,20130902,000000,18.888,19.086,18.592,18.888,0,0
FEE_PE,D,20130903,000000,18.493,18.789,18.493,18.789,0,0
FEE_PE,D,20130904,000000,19.185,19.383,18.394,18.789,0,0
FEE_PE,D,20130905,000000,18.493,19.086,17.108,17.899,0,0
FEE_PE,D,20130906,000000,18.493,19.482,18.295,19.482,0,0
FEE_PE,D,20130909,000000,19.482,21.064,19.284,21.064,0,0
FEE_PE,D,20130910,000000,20.866,22.943,20.866,21.954,0,0
FEE_PE,D,20130911,000000,22.152,22.646,20.668,21.855,0,0
FEE_PE,D,20130912,000000,22.35,22.448,21.163,22.448,0,0
FEE_PE,D,20130913,000000,22.547,22.547,21.558,22.35,0,0
FEE_PE,D,20130916,000000,22.448,22.547,21.756,21.756,0,0
FEE_PE,D,20130917,000000,22.547,22.547,21.756,22.547,0,0
FEE_PE,D,20130918,000000,22.547,22.547,22.448,22.448,0,0
FEE_PE,D,20130919,000000,22.547,22.547,22.35,22.448,0,0
FEE_PE,D,20130920,000000,21.855,22.35,21.855,22.35,0,0
FEE_PE,D,20130923,000000,22.547,22.547,21.855,22.547,0,0
FEE_PE,D,20130924,000000,22.547,22.547,22.053,22.251,0,0
FEE_PE,D,20130925,000000,22.547,22.547,22.547,22.547,0,0
FEE_PE,D,20130926,000000,22.152,22.448,22.053,22.053,0,0
FEE_PE,D,20130927,000000,22.448,22.448,22.448,22.448,0,0
FEE_PE,D,20130930,000000,22.448,22.547,22.448,22.448,0,0
FEE_PE,D,20131001,000000,22.448,23.042,22.152,23.042,0,0
FEE_PE,D,20131002,000000,23.042,23.042,22.943,22.943,0,0
FEE_PE,D,20131003,000000,21.855,23.042,21.855,22.844,0,0
FEE_PE,D,20131004,000000,23.042,23.042,22.943,22.943,0,0
FEE_PE,D,20131007,000000,22.943,22.943,22.547,22.745,0,0
FEE_PE,D,20131008,000000,22.745,22.844,22.745,22.844,0,0
FEE_PE,D,20131009,000000,21.855,22.844,21.855,22.844,0,0
FEE_PE,D,20131010,000000,22.943,22.943,22.448,22.844,0,0
FEE_PE,D,20131011,000000,22.844,22.844,22.646,22.646,0,0
FEE_PE,D,20131014,000000,23.141,23.24,22.646,23.24,0,0
FEE_PE,D,20131015,000000,23.24,25.514,23.24,25.514,0,0
FEE_PE,D,20131016,000000,25.514,27.887,24.426,24.426,0,0
FEE_PE,D,20131017,000000,25.514,27.887,25.514,27.887,0,0
FEE_PE,D,20131018,000000,27.887,27.887,26.602,26.997,0,0
FEE_PE,D,20131021,000000,27.887,28.481,26.8,27.887,0,0
FEE_PE,D,20131022,000000,27.986,30.162,26.8,28.184,0,0
FEE_PE,D,20131023,000000,28.184,28.184,27.294,27.887,0,0
FEE_PE,D,20131024,000000,28.283,28.283,27.294,27.294,0,0
FEE_PE,D,20131025,000000,27.294,27.69,27.294,27.294,0,0
FEE_PE,D,20131028,000000,27.887,27.887,26.8,27.591,0,0
FEE_PE,D,20131029,000000,27.591,27.887,27.294,27.887,0,0
FEE_PE,D,20131030,000000,27.887,27.887,27.294,27.492,0,0
FEE_PE,D,20131031,000000,27.393,27.393,26.701,27.294,0,0
FEE_PE,D,20131104,000000,27.294,27.294,26.701,27.195,0,0
FEE_PE,D,20131105,000000,27.195,27.195,26.701,27.195,0,0
FEE_PE,D,20131106,000000,27.195,27.492,27.096,27.195,0,0
FEE_PE,D,20131107,000000,27.195,27.69,26.899,27.69,0,0
FEE_PE,D,20131108,000000,27.393,27.887,26.8,27.887,0,0
FEE_PE,D,20131112,000000,27.887,28.58,22.844,22.844,0,0
FEE_PE,D,20131113,000000,22.844,22.844,22.35,22.646,0,0
FEE_PE,D,20131114,000000,22.646,23.24,22.646,22.745,0,0
FEE_PE,D,20131115,000000,23.24,23.24,22.35,23.042,0,0
FEE_PE,D,20131118,000000,23.536,25.119,23.536,23.734,0,0
FEE_PE,D,20131119,000000,24.13,24.13,23.635,23.734,0,0
FEE_PE,D,20131120,000000,23.734,23.833,23.734,23.833,0,0
FEE_PE,D,20131121,000000,23.833,23.833,23.042,23.833,0,0
FEE_PE,D,20131122,000000,23.734,23.734,23.042,23.635,0,0
FEE_PE,D,20131125,000000,23.635,23.635,22.745,23.042,0,0
FEE_PE,D,20131126,000000,23.141,23.141,22.448,22.943,0,0
FEE_PE,D,20131127,000000,22.745,22.745,22.251,22.547,0,0
FEE_PE,D,20131128,000000,22.547,23.24,21.46,23.24,0,0
FEE_PE,D,20131129,000000,23.141,23.734,22.35,23.437,0,0
FEE_PE,D,20131202,000000,23.042,23.536,23.042,23.536,0,0
FEE_PE,D,20131203,000000,23.635,23.635,23.042,23.042,0,0
FEE_PE,D,20131204,000000,23.635,23.635,22.35,22.943,0,0
FEE_PE,D,20131205,000000,23.635,23.635,22.844,23.437,0,0
FEE_PE,D,20131206,000000,23.635,23.635,23.635,23.635,0,0
FEE_PE,D,20131209,000000,23.635,23.635,23.635,23.635,0,0
FEE_PE,D,20131210,000000,23.635,24.624,23.635,24.228,0,0
FEE_PE,D,20131211,000000,24.228,24.723,23.833,24.624,0,0
FEE_PE,D,20131212,000000,24.624,24.624,24.624,24.624,0,0
FEE_PE,D,20131213,000000,24.624,24.624,23.833,24.426,0,0
FEE_PE,D,20131216,000000,24.723,24.723,24.13,24.228,0,0
FEE_PE,D,20131217,000000,24.723,25.02,23.734,23.833,0,0
FEE_PE,D,20131218,000000,24.822,24.822,22.35,23.24,0,0
FEE_PE,D,20131219,000000,24.624,24.624,23.24,24.228,0,0
FEE_PE,D,20131220,000000,24.228,24.228,22.844,23.437,0,0
FEE_PE,D,20131223,000000,24.327,24.327,22.844,22.844,0,0
FEE_PE,D,20131227,000000,23.734,23.734,22.844,23.437,0,0
FEE_PE,D,20131230,000000,23.437,24.031,22.844,23.734,0,0
FEE_PE,D,20140102,000000,23.734,24.228,23.042,23.042,0,0
FEE_PE,D,20140103,000000,23.635,24.031,22.448,22.547,0,0
FEE_PE,D,20140107,000000,22.152,23.734,22.152,23.141,0,0
FEE_PE,D,20140108,000000,23.635,23.635,23.141,23.141,0,0
FEE_PE,D,20140109,000000,23.536,23.536,22.745,23.141,0,0
FEE_PE,D,20140110,000000,23.635,23.635,22.251,23.141,0,0
FEE_PE,D,20140113,000000,23.141,23.932,22.943,23.042,0,0
FEE_PE,D,20140114,000000,23.635,23.635,22.646,23.635,0,0
FEE_PE,D,20140115,000000,23.635,25.514,23.042,25.119,0,0
FEE_PE,D,20140116,000000,27.294,29.766,26.305,26.305,0,0
FEE_PE,D,20140117,000000,25.119,26.997,25.119,25.712,0,0
FEE_PE,D,20140120,000000,25.613,26.009,25.119,26.009,0,0
FEE_PE,D,20140121,000000,26.899,26.899,25.91,26.009,0,0
FEE_PE,D,20140122,000000,26.899,26.899,25.119,25.119,0,0
FEE_PE,D,20140123,000000,25.119,25.415,24.921,24.921,0,0
FEE_PE,D,20140124,000000,24.921,24.921,24.13,24.327,0,0
FEE_PE,D,20140127,000000,24.327,25.415,24.327,24.327,0,0
FEE_PE,D,20140128,000000,25.02,25.02,22.844,24.031,0,0
FEE_PE,D,20140129,000000,24.031,25.613,24.031,24.228,0,0
FEE_PE,D,20140130,000000,23.734,25.02,23.734,24.426,0,0
FEE_PE,D,20140131,000000,25.514,25.514,23.932,24.031,0,0
FEE_PE,D,20140203,000000,23.734,24.822,23.734,24.031,0,0
FEE_PE,D,20140204,000000,23.338,23.734,23.24,23.24,0,0
FEE_PE,D,20140205,000000,23.24,24.525,23.24,23.734,0,0
FEE_PE,D,20140206,000000,23.437,24.327,23.437,24.031,0,0
FEE_PE,D,20140207,000000,23.932,25.316,23.932,24.723,0,0
FEE_PE,D,20140210,000000,25.316,25.316,23.932,24.031,0,0
FEE_PE,D,20140211,000000,25.02,25.02,24.031,24.624,0,0
FEE_PE,D,20140212,000000,25.217,25.217,23.932,24.031,0,0
FEE_PE,D,20140213,000000,25.119,25.119,23.734,23.734,0,0
FEE_PE,D,20140214,000000,24.723,24.723,24.426,24.426,0,0
FEE_PE,D,20140217,000000,24.426,24.426,24.13,24.228,0,0
FEE_PE,D,20140218,000000,24.228,24.228,23.734,24.031,0,0
FEE_PE,D,20140219,000000,24.228,24.228,23.734,24.031,0,0
FEE_PE,D,20140220,000000,24.228,24.228,23.734,23.734,0,0
FEE_PE,D,20140221,000000,23.734,24.228,23.734,24.031,0,0
FEE_PE,D,20140224,000000,24.228,24.723,24.031,24.031,0,0
FEE_PE,D,20140225,000000,24.13,24.228,23.437,23.536,0,0
FEE_PE,D,20140226,000000,23.734,23.734,23.536,23.536,0,0
FEE_PE,D,20140227,000000,24.13,24.228,24.13,24.228,0,0
FEE_PE,D,20140228,000000,24.228,24.228,23.734,23.734,0,0
FEE_PE,D,20140303,000000,23.437,23.437,21.064,21.064,0,0
FEE_PE,D,20140304,000000,21.064,22.251,21.064,21.558,0,0
FEE_PE,D,20140305,000000,21.46,23.635,21.46,21.756,0,0
FEE_PE,D,20140306,000000,22.844,22.844,21.657,21.657,0,0
FEE_PE,D,20140307,000000,22.251,23.635,22.251,22.943,0,0
FEE_PE,D,20140310,000000,22.943,23.536,22.844,22.844,0,0
FEE_PE,D,20140311,000000,23.734,24.228,21.46,21.46,0,0
FEE_PE,D,20140312,000000,21.064,21.855,16.713,16.713,0,0
FEE_PE,D,20140313,000000,16.713,17.108,15.724,15.823,0,0
FEE_PE,D,20140314,000000,15.724,15.724,14.043,14.537,0,0
FEE_PE,D,20140317,000000,14.537,15.229,14.438,14.834,0,0
FEE_PE,D,20140318,000000,15.328,15.328,13.944,15.229,0,0
FEE_PE,D,20140319,000000,15.427,17.009,15.229,17.009,0,0
FEE_PE,D,20140320,000000,17.009,18.196,17.009,17.405,0,0
FEE_PE,D,20140321,000000,17.899,17.899,17.108,17.801,0,0
FEE_PE,D,20140324,000000,17.801,17.801,16.614,17.504,0,0
FEE_PE,D,20140325,000000,16.911,17.702,16.911,17.504,0,0
FEE_PE,D,20140326,000000,17.603,18.196,17.504,17.603,0,0
FEE_PE,D,20140327,000000,17.207,17.899,17.207,17.801,0,0
FEE_PE,D,20140328,000000,17.899,17.998,17.899,17.899,0,0
FEE_PE,D,20140331,000000,18.196,18.196,17.306,17.603,0,0
FEE_PE,D,20140401,000000,18.196,19.185,17.899,19.185,0,0
FEE_PE,D,20140402,000000,19.185,19.185,17.998,18.789,0,0
FEE_PE,D,20140403,000000,19.185,19.185,17.899,18.888,0,0
FEE_PE,D,20140404,000000,19.086,19.086,18.691,18.691,0,0
FEE_PE,D,20140407,000000,18.691,18.691,18.592,18.592,0,0
FEE_PE,D,20140408,000000,18.493,19.086,18.493,19.086,0,0
FEE_PE,D,20140409,000000,19.185,20.273,19.185,19.581,0,0
FEE_PE,D,20140410,000000,19.877,19.877,19.482,19.482,0,0
FEE_PE,D,20140411,000000,19.877,19.877,19.086,19.778,0,0
FEE_PE,D,20140414,000000,19.778,19.778,18.888,18.987,0,0
FEE_PE,D,20140415,000000,19.877,19.877,18.295,19.482,0,0
FEE_PE,D,20140416,000000,19.482,19.482,17.998,19.086,0,0
FEE_PE,D,20140417,000000,19.086,19.086,18.394,18.394,0,0
FEE_PE,D,20140422,000000,19.482,19.482,18.888,18.888,0,0
FEE_PE,D,20140423,000000,19.778,19.778,17.207,17.998,0,0
FEE_PE,D,20140424,000000,18.789,18.789,18.295,18.394,0,0
FEE_PE,D,20140425,000000,19.482,19.482,17.504,18.394,0,0
FEE_PE,D,20140428,000000,19.185,19.185,17.306,17.899,0,0
FEE_PE,D,20140429,000000,17.899,18.592,17.108,17.108,0,0
FEE_PE,D,20140430,000000,17.504,17.504,16.515,17.108,0,0
FEE_PE,D,20140502,000000,17.108,18.691,17.108,18.691,0,0
FEE_PE,D,20140505,000000,17.108,18.493,17.108,18.493,0,0
FEE_PE,D,20140506,000000,18.493,18.493,16.812,17.108,0,0
FEE_PE,D,20140507,000000,16.911,17.504,16.911,17.405,0,0
FEE_PE,D,20140508,000000,18.493,18.493,17.405,17.603,0,0
FEE_PE,D,20140509,000000,18.493,18.493,18.295,18.295,0,0
FEE_PE,D,20140512,000000,18.097,18.097,16.515,16.515,0,0
FEE_PE,D,20140513,000000,17.306,17.405,16.317,17.306,0,0
FEE_PE,D,20140514,000000,17.306,18.493,17.306,18.493,0,0
FEE_PE,D,20140515,000000,18.592,18.592,17.306,18.394,0,0
FEE_PE,D,20140516,000000,18.592,18.592,17.801,18.493,0,0
FEE_PE,D,20140519,000000,18.394,18.394,17.899,17.899,0,0
FEE_PE,D,20140520,000000,17.899,17.899,17.108,17.899,0,0
FEE_PE,D,20140521,000000,17.405,17.899,17.108,17.801,0,0
FEE_PE,D,20140522,000000,18.295,18.295,18.196,18.196,0,0
FEE_PE,D,20140523,000000,18.196,18.196,18.196,18.196,0,0
FEE_PE,D,20140526,000000,18.097,18.196,17.207,18.196,0,0
FEE_PE,D,20140527,000000,18.097,18.196,17.306,17.306,0,0
FEE_PE,D,20140528,000000,18.097,18.097,17.306,17.306,0,0
FEE_PE,D,20140529,000000,17.702,17.899,17.504,17.899,0,0
FEE_PE,D,20140530,000000,18.196,18.196,18.196,18.196,0,0
FEE_PE,D,20140602,000000,18.196,18.196,18.196,18.196,0,0
FEE_PE,D,20140603,000000,18.196,18.196,17.899,17.899,0,0
FEE_PE,D,20140604,000000,18.196,18.196,17.207,18.196,0,0
FEE_PE,D,20140605,000000,18.196,18.196,18.196,18.196,0,0
FEE_PE,D,20140606,000000,18.196,18.196,18.196,18.196,0,0
FEE_PE,D,20140609,000000,18.196,18.196,17.405,18.196,0,0
FEE_PE,D,20140610,000000,18.196,18.196,18.196,18.196,0,0
FEE_PE,D,20140611,000000,18.196,18.196,17.306,18.196,0,0
FEE_PE,D,20140612,000000,18.196,18.196,17.899,17.899,0,0
FEE_PE,D,20140613,000000,18.196,18.196,17.899,17.899,0,0
FEE_PE,D,20140616,000000,18.097,18.196,17.405,18.196,0,0
FEE_PE,D,20140617,000000,18.196,18.196,18.196,18.196,0,0
FEE_PE,D,20140618,000000,18.196,18.196,17.108,18.097,0,0
FEE_PE,D,20140620,000000,17.998,17.998,17.207,17.998,0,0
FEE_PE,D,20140623,000000,18.097,18.097,17.108,17.998,0,0
FEE_PE,D,20140624,000000,18.394,18.394,17.504,17.899,0,0
FEE_PE,D,20140625,000000,17.899,17.899,17.108,17.108,0,0
FEE_PE,D,20140626,000000,17.207,17.899,17.108,17.702,0,0
FEE_PE,D,20140627,000000,17.702,17.702,17.702,17.702,0,0
FEE_PE,D,20140630,000000,17.899,17.899,16.812,16.812,0,0
FEE_PE,D,20140701,000000,17.108,17.108,17.108,17.108,0,0
FEE_PE,D,20140702,000000,17.108,17.108,16.317,16.416,0,0
FEE_PE,D,20140703,000000,17.108,17.108,16.218,16.218,0,0
FEE_PE,D,20140704,000000,17.899,17.899,17.702,17.702,0,0
FEE_PE,D,20140707,000000,17.801,17.801,17.801,17.801,0,0
FEE_PE,D,20140708,000000,17.702,17.801,17.702,17.801,0,0
FEE_PE,D,20140709,000000,17.899,17.899,17.801,17.801,0,0
FEE_PE,D,20140710,000000,17.603,17.603,16.317,16.317,0,0
FEE_PE,D,20140711,000000,17.108,17.108,14.438,14.735,0,0
FEE_PE,D,20140714,000000,16.218,16.218,15.229,16.02,0,0
FEE_PE,D,20140715,000000,16.02,16.02,16.02,16.02,0,0
FEE_PE,D,20140716,000000,16.02,16.02,16.02,16.02,0,0
FEE_PE,D,20140717,000000,16.02,16.02,16.02,16.02,0,0
FEE_PE,D,20140718,000000,16.02,16.02,16.02,16.02,0,0
FEE_PE,D,20140721,000000,16.02,16.02,16.02,16.02,0,0
FEE_PE,D,20140722,000000,16.02,16.02,15.328,15.724,0,0
FEE_PE,D,20140723,000000,16.02,16.02,15.625,15.724,0,0
FEE_PE,D,20140724,000000,16.119,16.119,16.02,16.02,0,0
FEE_PE,D,20140725,000000,16.02,16.02,14.834,16.02,0,0
FEE_PE,D,20140728,000000,16.02,16.02,16.02,16.02,0,0
FEE_PE,D,20140729,000000,16.02,16.02,14.636,15.922,0,0
FEE_PE,D,20140730,000000,15.922,15.922,14.043,14.043,0,0
FEE_PE,D,20140731,000000,15.13,15.13,14.834,14.834,0,0
FEE_PE,D,20140801,000000,13.944,14.735,13.944,14.339,0,0
FEE_PE,D,20140804,000000,14.735,14.735,14.24,14.24,0,0
FEE_PE,D,20140805,000000,14.636,14.834,13.153,14.834,0,0
FEE_PE,D,20140806,000000,14.834,14.834,14.636,14.735,0,0
FEE_PE,D,20140807,000000,14.834,14.834,14.735,14.735,0,0
FEE_PE,D,20140808,000000,14.834,14.834,14.636,14.735,0,0
FEE_PE,D,20140811,000000,14.933,14.933,14.834,14.834,0,0
FEE_PE,D,20140812,000000,14.834,14.834,14.834,14.834,0,0
FEE_PE,D,20140813,000000,14.735,14.735,14.735,14.735,0,0
FEE_PE,D,20140814,000000,14.735,14.735,14.735,14.735,0,0
FEE_PE,D,20140818,000000,14.735,14.735,14.537,14.537,0,0
FEE_PE,D,20140819,000000,14.735,14.735,14.735,14.735,0,0
FEE_PE,D,20140820,000000,14.834,14.834,14.834,14.834,0,0
FEE_PE,D,20140821,000000,14.834,14.834,14.537,14.537,0,0
FEE_PE,D,20140822,000000,14.834,14.834,14.834,14.834,0,0
FEE_PE,D,20140825,000000,14.735,14.735,14.735,14.735,0,0
FEE_PE,D,20140826,000000,14.834,14.834,14.834,14.834,0,0
FEE_PE,D,20140827,000000,14.735,14.735,13.35,14.735,0,0
FEE_PE,D,20140828,000000,14.339,14.339,11.669,11.768,0,0
FEE_PE,D,20140829,000000,11.768,11.768,9.593,11.57,0,0
FEE_PE,D,20140901,000000,11.768,11.768,10.581,10.581,0,0
FEE_PE,D,20140902,000000,10.878,10.878,9.988,10.087,0,0
FEE_PE,D,20140903,000000,10.878,10.878,10.384,10.384,0,0
FEE_PE,D,20140904,000000,10.878,10.878,9.691,9.691,0,0
FEE_PE,D,20140905,000000,9.79,9.79,9.1969,9.1969,0,0
FEE_PE,D,20140908,000000,9.691,10.285,9.4936,10.087,0,0
FEE_PE,D,20140909,000000,10.285,11.274,10.285,10.384,0,0
FEE_PE,D,20140910,000000,10.779,11.175,10.384,10.581,0,0
FEE_PE,D,20140911,000000,10.977,10.977,10.878,10.878,0,0
FEE_PE,D,20140912,000000,10.878,10.878,9.988,10.779,0,0
FEE_PE,D,20140915,000000,10.977,10.977,10.878,10.878,0,0
FEE_PE,D,20140916,000000,10.977,10.977,10.285,10.581,0,0
FEE_PE,D,20140917,000000,10.977,10.977,10.878,10.977,0,0
FEE_PE,D,20140918,000000,11.966,11.966,10.779,10.779,0,0
FEE_PE,D,20140919,000000,10.779,10.977,10.779,10.977,0,0
FEE_PE,D,20140922,000000,11.966,11.966,10.878,10.878,0,0
FEE_PE,D,20140923,000000,11.867,11.867,11.076,11.076,0,0
FEE_PE,D,20140924,000000,11.57,11.57,11.175,11.373,0,0
FEE_PE,D,20140925,000000,11.966,11.966,11.373,11.373,0,0
FEE_PE,D,20140926,000000,11.867,12.46,11.274,12.164,0,0
FEE_PE,D,20140929,000000,12.856,12.856,12.164,12.559,0,0
FEE_PE,D,20140930,000000,12.757,13.054,12.46,12.46,0,0
FEE_PE,D,20141001,000000,12.757,12.757,12.658,12.658,0,0
FEE_PE,D,20141002,000000,12.361,12.361,10.483,10.483,0,0
FEE_PE,D,20141003,000000,10.878,10.878,10.878,10.878,0,0
FEE_PE,D,20141006,000000,10.878,10.878,10.087,10.087,0,0
FEE_PE,D,20141007,000000,10.087,10.087,10.087,10.087,0,0
FEE_PE,D,20141008,000000,10.087,10.087,10.087,10.087,0,0
FEE_PE,D,20141009,000000,10.087,10.087,10.087,10.087,0,0
FEE_PE,D,20141010,000000,10.878,10.878,10.384,10.384,0,0
FEE_PE,D,20141013,000000,10.087,10.087,10.087,10.087,0,0
FEE_PE,D,20141014,000000,10.087,10.977,10.087,10.581,0,0
FEE_PE,D,20141015,000000,10.68,10.68,10.581,10.581,0,0
FEE_PE,D,20141016,000000,10.68,10.68,10.581,10.581,0,0
FEE_PE,D,20141017,000000,10.483,10.483,10.087,10.384,0,0
FEE_PE,D,20141020,000000,10.977,10.977,10.977,10.977,0,0
FEE_PE,D,20141021,000000,10.977,10.977,10.878,10.977,0,0
FEE_PE,D,20141022,000000,10.977,11.471,10.878,11.471,0,0
FEE_PE,D,20141023,000000,11.471,12.164,11.471,12.164,0,0
FEE_PE,D,20141024,000000,11.669,12.065,11.669,12.065,0,0
FEE_PE,D,20141027,000000,12.065,12.065,11.471,11.669,0,0
FEE_PE,D,20141028,000000,11.966,11.966,11.867,11.867,0,0
FEE_PE,D,20141029,000000,12.065,12.065,11.669,11.669,0,0
FEE_PE,D,20141030,000000,11.867,11.867,11.57,11.57,0,0
FEE_PE,D,20141031,000000,11.57,11.966,11.57,11.966,0,0
FEE_PE,D,20141103,000000,10.977,11.867,10.977,11.175,0,0
FEE_PE,D,20141104,000000,11.669,11.669,11.274,11.57,0,0
FEE_PE,D,20141105,000000,11.57,11.867,11.471,11.867,0,0
FEE_PE,D,20141106,000000,11.867,11.867,11.867,11.867,0,0
FEE_PE,D,20141107,000000,11.867,11.867,11.669,11.867,0,0
FEE_PE,D,20141110,000000,11.669,11.669,10.779,11.669,0,0
FEE_PE,D,20141112,000000,11.669,11.669,10.68,10.977,0,0
FEE_PE,D,20141113,000000,11.57,11.57,11.373,11.373,0,0
FEE_PE,D,20141114,000000,11.669,11.669,11.076,11.274,0,0
FEE_PE,D,20141117,000000,11.768,11.768,10.878,11.076,0,0
FEE_PE,D,20141118,000000,11.669,11.669,11.471,11.471,0,0
FEE_PE,D,20141119,000000,11.669,11.669,11.471,11.669,0,0
FEE_PE,D,20141120,000000,11.669,11.669,11.373,11.373,0,0
FEE_PE,D,20141121,000000,11.669,12.164,11.669,12.065,0,0
FEE_PE,D,20141124,000000,12.065,12.46,12.065,12.46,0,0
FEE_PE,D,20141125,000000,12.46,15.328,12.46,15.328,0,0
FEE_PE,D,20141126,000000,15.328,15.328,15.328,15.328,0,0
FEE_PE,D,20141127,000000,15.328,15.328,15.328,15.328,0,0
FEE_PE,D,20141128,000000,15.328,15.328,15.13,15.328,0,0
FEE_PE,D,20141201,000000,15.328,15.328,15.229,15.328,0,0
FEE_PE,D,20141202,000000,15.328,15.328,14.834,14.933,0,0
FEE_PE,D,20141203,000000,15.328,15.328,15.13,15.13,0,0
FEE_PE,D,20141204,000000,14.834,14.834,14.834,14.834,0,0
FEE_PE,D,20141205,000000,14.834,14.834,14.735,14.735,0,0
FEE_PE,D,20141208,000000,14.834,14.834,14.834,14.834,0,0
FEE_PE,D,20141209,000000,14.834,14.834,14.834,14.834,0,0
FEE_PE,D,20141210,000000,14.834,14.834,14.043,14.537,0,0
FEE_PE,D,20141211,000000,14.834,14.834,14.735,14.735,0,0
FEE_PE,D,20141212,000000,14.834,14.834,14.043,14.339,0,0
FEE_PE,D,20141215,000000,14.834,14.834,14.24,14.24,0,0
FEE_PE,D,20141216,000000,14.834,14.834,13.449,14.636,0,0
FEE_PE,D,20141217,000000,14.636,14.636,14.537,14.537,0,0
FEE_PE,D,20141218,000000,14.537,14.537,14.339,14.339,0,0
FEE_PE,D,20141219,000000,14.339,14.339,12.856,12.955,0,0
FEE_PE,D,20141222,000000,13.548,13.548,13.548,13.548,0,0
FEE_PE,D,20141223,000000,13.449,13.449,13.252,13.252,0,0
FEE_PE,D,20141229,000000,13.252,13.252,13.252,13.252,0,0
FEE_PE,D,20141230,000000,13.252,13.252,12.757,12.856,0,0
FEE_PE,D,20150102,000000,13.252,14.339,13.153,14.339,0,0
FEE_PE,D,20150105,000000,14.933,14.933,14.537,14.537,0,0
FEE_PE,D,20150107,000000,14.438,14.438,14.142,14.142,0,0
FEE_PE,D,20150108,000000,14.24,14.24,14.043,14.043,0,0
FEE_PE,D,20150109,000000,14.24,14.933,14.043,14.933,0,0
FEE_PE,D,20150112,000000,14.933,15.328,14.933,15.328,0,0
FEE_PE,D,20150113,000000,15.328,16.317,15.328,16.317,0,0
FEE_PE,D,20150114,000000,16.317,17.009,16.317,17.009,0,0
FEE_PE,D,20150115,000000,17.009,17.009,16.317,16.317,0,0
FEE_PE,D,20150116,000000,16.317,17.009,16.317,16.317,0,0
FEE_PE,D,20150119,000000,16.317,16.317,15.823,15.823,0,0
FEE_PE,D,20150120,000000,16.119,16.119,15.724,15.724,0,0
FEE_PE,D,20150121,000000,16.119,16.119,15.526,15.526,0,0
FEE_PE,D,20150122,000000,16.02,16.02,15.032,15.032,0,0
FEE_PE,D,20150123,000000,16.02,16.02,15.922,15.922,0,0
FEE_PE,D,20150126,000000,15.823,15.823,15.724,15.724,0,0
FEE_PE,D,20150127,000000,15.823,15.823,15.823,15.823,0,0
FEE_PE,D,20150128,000000,15.823,15.823,15.823,15.823,0,0
FEE_PE,D,20150129,000000,15.823,15.922,15.625,15.625,0,0
FEE_PE,D,20150130,000000,15.922,15.922,15.823,15.922,0,0
FEE_PE,D,20150202,000000,15.922,17.504,15.922,17.504,0,0
FEE_PE,D,20150203,000000,17.504,18.196,17.504,18.196,0,0
FEE_PE,D,20150204,000000,18.196,18.196,16.812,17.207,0,0
FEE_PE,D,20150205,000000,18.196,22.844,16.614,22.844,0,0
FEE_PE,D,20150206,000000,22.844,24.426,22.844,24.426,0,0
FEE_PE,D,20150209,000000,25.02,25.02,24.723,25.02,0,0
FEE_PE,D,20150210,000000,25.02,25.02,23.042,24.723,0,0
FEE_PE,D,20150211,000000,24.822,24.822,24.426,24.426,0,0
FEE_PE,D,20150212,000000,24.426,24.921,22.448,24.822,0,0
FEE_PE,D,20150213,000000,24.921,24.921,24.723,24.822,0,0
FEE_PE,D,20150216,000000,25.02,25.02,24.921,24.921,0,0
FEE_PE,D,20150217,000000,24.921,24.921,24.327,24.327,0,0
FEE_PE,D,20150218,000000,25.02,25.02,25.02,25.02,0,0
FEE_PE,D,20150219,000000,25.02,25.02,24.822,25.02,0,0
FEE_PE,D,20150220,000000,25.02,25.02,25.02,25.02,0,0
FEE_PE,D,20150223,000000,25.02,25.02,25.02,25.02,0,0
FEE_PE,D,20150224,000000,25.02,25.02,24.921,24.921,0,0
FEE_PE,D,20150225,000000,24.921,24.921,24.723,24.723,0,0
FEE_PE,D,20150226,000000,24.723,24.723,24.723,24.723,0,0
FEE_PE,D,20150227,000000,24.723,24.723,22.251,23.536,0,0
FEE_PE,D,20150302,000000,23.536,23.536,23.536,23.536,0,0
FEE_PE,D,20150303,000000,23.536,23.536,23.536,23.536,0,0
FEE_PE,D,20150304,000000,23.536,23.734,23.536,23.635,0,0
FEE_PE,D,20150305,000000,23.635,23.635,23.635,23.635,0,0
FEE_PE,D,20150306,000000,23.635,23.635,23.042,23.437,0,0
FEE_PE,D,20150309,000000,23.437,23.437,23.437,23.437,0,0
FEE_PE,D,20150310,000000,23.437,23.437,23.338,23.437,0,0
FEE_PE,D,20150311,000000,23.437,23.437,23.437,23.437,0,0
FEE_PE,D,20150312,000000,23.437,23.437,23.437,23.437,0,0
FEE_PE,D,20150313,000000,23.437,23.437,23.338,23.338,0,0
FEE_PE,D,20150316,000000,23.338,23.338,21.855,21.855,0,0
FEE_PE,D,20150317,000000,21.064,22.448,21.064,22.35,0,0
FEE_PE,D,20150318,000000,22.646,22.646,22.646,22.646,0,0
FEE_PE,D,20150319,000000,22.745,22.745,20.767,21.46,0,0
FEE_PE,D,20150320,000000,21.558,21.558,21.46,21.46,0,0
FEE_PE,D,20150323,000000,23.338,23.338,22.448,23.042,0,0
FEE_PE,D,20150324,000000,22.943,22.943,22.943,22.943,0,0
FEE_PE,D,20150325,000000,22.943,22.943,22.943,22.943,0,0
FEE_PE,D,20150326,000000,22.943,22.943,22.943,22.943,0,0
FEE_PE,D,20150327,000000,22.943,22.943,22.844,22.844,0,0
FEE_PE,D,20150330,000000,22.844,22.844,21.954,22.646,0,0
FEE_PE,D,20150331,000000,22.745,22.745,21.657,21.756,0,0
FEE_PE,D,20150401,000000,22.943,22.943,21.756,22.844,0,0
FEE_PE,D,20150402,000000,22.943,24.031,22.943,23.833,0,0
FEE_PE,D,20150407,000000,23.734,23.734,22.646,23.338,0,0
FEE_PE,D,20150408,000000,23.734,23.734,22.646,22.646,0,0
FEE_PE,D,20150409,000000,22.646,22.646,21.756,21.756,0,0
FEE_PE,D,20150410,000000,22.646,22.646,22.646,22.646,0,0
FEE_PE,D,20150413,000000,22.745,22.745,20.965,22.053,0,0
FEE_PE,D,20150414,000000,22.152,23.042,22.152,22.844,0,0
FEE_PE,D,20150415,000000,22.745,22.745,20.471,22.547,0,0
FEE_PE,D,20150416,000000,22.448,22.448,22.35,22.35,0,0
FEE_PE,D,20150417,000000,22.448,22.448,22.251,22.35,0,0
FEE_PE,D,20150420,000000,22.251,22.251,22.251,22.251,0,0
FEE_PE,D,20150421,000000,22.943,22.943,22.251,22.646,0,0
FEE_PE,D,20150422,000000,22.646,22.646,20.668,22.646,0,0
FEE_PE,D,20150423,000000,22.547,22.547,22.35,22.448,0,0
FEE_PE,D,20150424,000000,22.35,22.35,22.35,22.35,0,0
FEE_PE,D,20150427,000000,22.448,22.448,21.756,21.756,0,0
FEE_PE,D,20150428,000000,22.35,22.35,22.152,22.152,0,0
FEE_PE,D,20150429,000000,22.152,22.152,22.053,22.152,0,0
FEE_PE,D,20150430,000000,22.152,22.448,22.152,22.448,0,0
FEE_PE,D,20150504,000000,22.448,23.141,22.448,23.042,0,0
FEE_PE,D,20150505,000000,23.042,23.042,23.042,23.042,0,0
FEE_PE,D,20150506,000000,23.042,23.042,20.471,20.471,0,0
FEE_PE,D,20150507,000000,22.35,22.35,20.471,20.569,0,0
FEE_PE,D,20150508,000000,21.46,21.46,20.569,21.46,0,0
FEE_PE,D,20150511,000000,21.46,21.46,21.361,21.46,0,0
FEE_PE,D,20150512,000000,21.46,21.46,21.361,21.361,0,0
FEE_PE,D,20150513,000000,21.46,21.46,21.262,21.262,0,0
FEE_PE,D,20150514,000000,20.471,21.262,20.471,20.767,0,0
FEE_PE,D,20150515,000000,21.262,21.262,19.877,21.064,0,0
FEE_PE,D,20150518,000000,21.064,21.064,19.185,20.372,0,0
FEE_PE,D,20150519,000000,20.273,20.372,20.273,20.372,0,0
FEE_PE,D,20150520,000000,20.273,20.372,19.383,19.383,0,0
FEE_PE,D,20150521,000000,20.372,20.372,19.679,20.273,0,0
FEE_PE,D,20150522,000000,20.174,20.866,20.174,20.866,0,0
FEE_PE,D,20150525,000000,21.756,21.756,20.075,20.866,0,0
FEE_PE,D,20150526,000000,21.163,21.163,20.866,20.965,0,0
FEE_PE,D,20150527,000000,21.46,22.152,21.46,22.053,0,0
FEE_PE,D,20150528,000000,22.053,22.053,22.053,22.053,0,0
FEE_PE,D,20150529,000000,22.053,22.053,21.064,21.954,0,0
FEE_PE,D,20150601,000000,22.053,22.053,22.053,22.053,0,0
FEE_PE,D,20150602,000000,22.053,22.053,21.954,21.954,0,0
FEE_PE,D,20150603,000000,21.954,21.954,20.866,21.954,0,0
FEE_PE,D,20150605,000000,21.954,21.954,21.954,21.954,0,0
FEE_PE,D,20150608,000000,21.558,21.558,21.558,21.558,0,0
FEE_PE,D,20150609,000000,21.558,21.558,21.558,21.558,0,0
FEE_PE,D,20150610,000000,21.954,21.954,21.657,21.756,0,0
FEE_PE,D,20150611,000000,21.756,21.756,21.756,21.756,0,0
FEE_PE,D,20150612,000000,22.053,22.053,21.954,21.954,0,0
FEE_PE,D,20150615,000000,22.053,22.053,21.064,22.053,0,0
FEE_PE,D,20150616,000000,22.053,22.053,20.965,21.756,0,0
FEE_PE,D,20150617,000000,22.053,22.053,21.756,21.756,0,0
FEE_PE,D,20150618,000000,21.954,21.954,21.558,21.558,0,0
FEE_PE,D,20150619,000000,21.954,21.954,21.954,21.954,0,0
FEE_PE,D,20150622,000000,22.053,22.053,20.569,21.954,0,0
FEE_PE,D,20150623,000000,21.954,22.152,21.756,22.152,0,0
FEE_PE,D,20150624,000000,21.954,23.734,21.954,22.251,0,0
FEE_PE,D,20150625,000000,22.547,23.635,21.954,23.24,0,0
FEE_PE,D,20150626,000000,23.141,23.437,23.141,23.437,0,0
FEE_PE,D,20150629,000000,23.536,23.536,22.053,23.536,0,0
FEE_PE,D,20150630,000000,23.437,23.437,23.24,23.24,0,0
FEE_PE,D,20150701,000000,23.536,23.536,21.954,22.745,0,0
FEE_PE,D,20150702,000000,22.745,23.437,22.745,23.437,0,0
FEE_PE,D,20150703,000000,23.536,23.536,22.152,23.437,0,0
FEE_PE,D,20150706,000000,23.536,24.228,22.745,23.635,0,0
FEE_PE,D,20150707,000000,23.635,24.228,23.338,24.228,0,0
FEE_PE,D,20150708,000000,24.13,24.13,24.13,24.13,0,0
FEE_PE,D,20150709,000000,23.536,23.635,23.536,23.635,0,0
FEE_PE,D,20150710,000000,24.031,24.031,23.932,23.932,0,0
FEE_PE,D,20150713,000000,23.932,24.13,23.932,24.13,0,0
FEE_PE,D,20150714,000000,24.13,24.13,24.13,24.13,0,0
FEE_PE,D,20150715,000000,24.228,24.327,24.228,24.327,0,0
FEE_PE,D,20150716,000000,24.426,24.525,24.228,24.525,0,0
FEE_PE,D,20150717,000000,24.525,24.525,24.525,24.525,0,0
FEE_PE,D,20150720,000000,24.525,25.91,24.525,25.91,0,0
FEE_PE,D,20150721,000000,25.91,25.91,25.514,25.514,0,0
FEE_PE,D,20150722,000000,25.514,25.514,25.514,25.514,0,0
FEE_PE,D,20150723,000000,25.514,25.91,25.415,25.91,0,0
FEE_PE,D,20150724,000000,25.91,26.404,25.91,26.404,0,0
FEE_PE,D,20150727,000000,26.5,26.5,25.2,26.5,0,0
FEE_PE,D,20150728,000000,26.5,26.5,25.9,26.3,0,0
FEE_PE,D,20150729,000000,26.3,26.3,26.3,26.3,0,0
FEE_PE,D,20150730,000000,26.4,26.4,26.3,26.3,0,0
FEE_PE,D,20150731,000000,26.3,26.3,25.2,26.2,0,0
FEE_PE,D,20150803,000000,26.2,26.2,26.2,26.2,0,0
FEE_PE,D,20150804,000000,26.2,26.2,26.2,26.2,0,0
FEE_PE,D,20150805,000000,26.2,26.2,26.2,26.2,0,0
FEE_PE,D,20150806,000000,26.2,26.2,26.2,26.2,0,0
FEE_PE,D,20150807,000000,26.2,26.2,26.2,26.2,0,0
FEE_PE,D,20150810,000000,26.2,26.2,26.2,26.2,0,0
FEE_PE,D,20150811,000000,26.2,26.7,26.2,26.7,0,0
FEE_PE,D,20150812,000000,28,28.2,23.5,23.5,0,0
FEE_PE,D,20150813,000000,23.5,24.7,23.5,24.7,0,0
FEE_PE,D,20150814,000000,24.6,24.6,22.3,24.6,0,0
FEE_PE,D,20150817,000000,25.9,25.9,23.7,23.8,0,0
FEE_PE,D,20150818,000000,25.8,25.8,25.4,25.8,0,0
FEE_PE,D,20150819,000000,25.8,26.9,25.3,26.9,0,0
FEE_PE,D,20150820,000000,26.9,26.9,25.3,26.4,0,0
FEE_PE,D,20150821,000000,26.5,26.5,26.5,26.5,0,0
FEE_PE,D,20150824,000000,24.2,26.5,22.9,26.5,0,0
FEE_PE,D,20150825,000000,23.9,25.9,23.9,25.8,0,0
FEE_PE,D,20150826,000000,26.6,26.6,25.4,25.5,0,0
FEE_PE,D,20150827,000000,25.5,25.5,25.5,25.5,0,0
FEE_PE,D,20150828,000000,26.6,26.6,26.6,26.6,0,0
FEE_PE,D,20150831,000000,26.6,27,26.6,27,0,0
FEE_PE,D,20150901,000000,27,28.2,27,27,0,0
FEE_PE,D,20150902,000000,28.2,28.8,27,27,0,0
FEE_PE,D,20150903,000000,28.8,28.8,28.8,28.8,0,0
FEE_PE,D,20150904,000000,28.1,28.1,25.8,25.8,0,0
FEE_PE,D,20150907,000000,26.9,26.9,25.9,26.7,0,0
FEE_PE,D,20150908,000000,26.7,26.7,25.4,25.4,0,0
FEE_PE,D,20150909,000000,25.8,28,25.3,26.1,0,0
FEE_PE,D,20150910,000000,28.1,28.1,25.4,25.4,0,0
FEE_PE,D,20150911,000000,27.9,27.9,27,27,0,0
FEE_PE,D,20150914,000000,27,27,27,27,0,0
FEE_PE,D,20150915,000000,26.5,26.5,26.2,26.2,0,0
FEE_PE,D,20150916,000000,26.4,26.4,24.9,26.3,0,0
FEE_PE,D,20150917,000000,26.3,26.3,26.3,26.3,0,0
FEE_PE,D,20150918,000000,26.2,26.2,24.6,25.8,0,0
FEE_PE,D,20150921,000000,25.8,26.3,25.8,26.3,0,0
FEE_PE,D,20150922,000000,26.3,26.3,26.2,26.2,0,0
FEE_PE,D,20150923,000000,26.3,26.3,25.8,25.8,0,0
FEE_PE,D,20150924,000000,26.2,26.2,22.3,24,0,0
FEE_PE,D,20150925,000000,24.8,26.1,24.8,26.1,0,0
FEE_PE,D,20150928,000000,26.1,26.1,23.8,25.8,0,0
FEE_PE,D,20150929,000000,26.2,26.2,26.2,26.2,0,0
FEE_PE,D,20150930,000000,26,26,26,26,0,0
FEE_PE,D,20151001,000000,26.2,26.2,26.2,26.2,0,0
FEE_PE,D,20151002,000000,26,26,25.8,25.8,0,0
FEE_PE,D,20151005,000000,25.8,25.8,25.6,25.6,0,0
FEE_PE,D,20151006,000000,25.6,25.6,25.6,25.6,0,0
FEE_PE,D,20151007,000000,25.8,26.1,25.6,26.1,0,0
FEE_PE,D,20151008,000000,26.1,26.1,25.8,25.8,0,0
FEE_PE,D,20151009,000000,26,26,25.8,25.8,0,0
FEE_PE,D,20151012,000000,26,26.1,26,26.1,0,0
FEE_PE,D,20151013,000000,26.1,26.1,26.1,26.1,0,0
FEE_PE,D,20151014,000000,26.1,26.1,26,26,0,0
FEE_PE,D,20151015,000000,26,26,24.7,25.2,0,0
FEE_PE,D,20151016,000000,25.8,25.8,25.8,25.8,0,0
FEE_PE,D,20151019,000000,25.8,25.8,24.3,24.9,0,0
FEE_PE,D,20151020,000000,25.8,25.8,24.7,24.7,0,0
FEE_PE,D,20151021,000000,25.8,25.8,25.8,25.8,0,0
FEE_PE,D,20151022,000000,25.8,25.8,25.8,25.8,0,0
FEE_PE,D,20151023,000000,25.8,25.8,23.2,24.5,0,0
FEE_PE,D,20151026,000000,23.9,25.8,23.9,25.8,0,0
FEE_PE,D,20151027,000000,25.8,25.8,23.5,23.7,0,0
FEE_PE,D,20151028,000000,25.5,25.8,23.8,25.3,0,0
FEE_PE,D,20151029,000000,25.8,25.8,25.6,25.6,0,0
FEE_PE,D,20151030,000000,24.4,24.4,24.4,24.4,0,0
FEE_PE,D,20151102,000000,24.1,25.6,23.5,25.5,0,0
FEE_PE,D,20151103,000000,25.4,25.4,25.4,25.4,0,0
FEE_PE,D,20151104,000000,24,25.4,23.4,25.2,0,0
FEE_PE,D,20151105,000000,25.2,25.2,23.4,24.7,0,0
FEE_PE,D,20151106,000000,23.5,23.5,22.4,23.5,0,0
FEE_PE,D,20151109,000000,24.1,24.1,24.1,24.1,0,0
FEE_PE,D,20151110,000000,24.1,24.1,24,24,0,0
FEE_PE,D,20151112,000000,24.6,24.6,24.6,24.6,0,0
FEE_PE,D,20151113,000000,24.5,24.5,23.5,23.5,0,0
FEE_PE,D,20151116,000000,24.5,24.5,22.3,24.5,0,0
FEE_PE,D,20151117,000000,24.4,24.4,22.3,24.4,0,0
FEE_PE,D,20151118,000000,24.4,24.4,24.4,24.4,0,0
FEE_PE,D,20151119,000000,24.4,24.4,22.4,23.4,0,0
FEE_PE,D,20151120,000000,22.3,24.2,22.3,24.2,0,0
FEE_PE,D,20151123,000000,24.2,24.2,17.1,17.1,0,0
FEE_PE,D,20151124,000000,17.5,17.6,17.5,17.6,0,0
FEE_PE,D,20151125,000000,17.6,17.6,17.6,17.6,0,0
FEE_PE,D,20151126,000000,17.5,17.5,17.4,17.4,0,0
FEE_PE,D,20151127,000000,17.4,17.4,17.4,17.4,0,0
FEE_PE,D,20151130,000000,17.4,17.4,17.4,17.4,0,0
FEE_PE,D,20151201,000000,17.4,17.4,17.4,17.4,0,0
FEE_PE,D,20151202,000000,17.4,17.4,17.4,17.4,0,0
FEE_PE,D,20151203,000000,16.3,17.4,16.3,17.4,0,0
FEE_PE,D,20151204,000000,17.4,17.4,15.7,17.1,0,0
FEE_PE,D,20151207,000000,16.2,16.7,15.8,16.7,0,0
FEE_PE,D,20151208,000000,16.6,16.7,16.6,16.7,0,0
FEE_PE,D,20151209,000000,16.7,16.7,16.7,16.7,0,0
FEE_PE,D,20151210,000000,16.3,16.7,16,16.7,0,0
FEE_PE,D,20151211,000000,17.2,17.2,17.1,17.1,0,0
FEE_PE,D,20151214,000000,17.1,17.1,17.1,17.1,0,0
FEE_PE,D,20151215,000000,17.1,17.1,17.1,17.1,0,0
FEE_PE,D,20151216,000000,16.2,17.1,16.2,17.1,0,0
FEE_PE,D,20151217,000000,17.1,17.1,17.1,17.1,0,0
FEE_PE,D,20151218,000000,17.1,17.1,17.1,17.1,0,0
FEE_PE,D,20151221,000000,17.1,17.1,15.4,15.5,0,0
FEE_PE,D,20151222,000000,17.2,17.2,17,17,0,0
FEE_PE,D,20151223,000000,17.2,17.2,17.1,17.1,0,0
FEE_PE,D,20151228,000000,17,18,17,18,0,0
FEE_PE,D,20151229,000000,18,18,17.2,18,0,0
FEE_PE,D,20151230,000000,18,18.3,16.7,18.3,0,0
FEE_PE,D,20160104,000000,18.2,18.2,18.2,18.2,0,0
FEE_PE,D,20160105,000000,18.2,18.2,17.3,17.3,0,0
FEE_PE,D,20160107,000000,18.2,18.2,17.3,17.3,0,0
FEE_PE,D,20160108,000000,17.9,17.9,17.1,17.1,0,0
FEE_PE,D,20160111,000000,17.9,17.9,17.9,17.9,0,0
FEE_PE,D,20160112,000000,18,18,18,18,0,0
FEE_PE,D,20160113,000000,18,18,17.1,18,0,0
FEE_PE,D,20160114,000000,18,18,17.2,17.6,0,0
FEE_PE,D,20160115,000000,18,18,18,18,0,0
FEE_PE,D,20160118,000000,17.9,17.9,17.7,17.7,0,0
FEE_PE,D,20160119,000000,17.9,17.9,17,17.9,0,0
FEE_PE,D,20160120,000000,17.9,17.9,17.9,17.9,0,0
FEE_PE,D,20160121,000000,17.6,17.6,15.5,15.5,0,0
FEE_PE,D,20160122,000000,15.8,17,15.4,15.8,0,0
FEE_PE,D,20160125,000000,16.2,16.6,16.2,16.6,0,0
FEE_PE,D,20160126,000000,16.6,16.6,16.6,16.6,0,0
FEE_PE,D,20160127,000000,16.7,16.7,16.7,16.7,0,0
FEE_PE,D,20160128,000000,16.7,16.7,16.1,16.7,0,0
FEE_PE,D,20160129,000000,16.3,16.3,14.6,14.6,0,0
FEE_PE,D,20160201,000000,15.4,15.4,13.9,15,0,0
FEE_PE,D,20160202,000000,14.9,15,14.9,15,0,0
FEE_PE,D,20160203,000000,15,15,14.4,14.9,0,0
FEE_PE,D,20160204,000000,14.7,15.4,14.6,15.4,0,0
FEE_PE,D,20160205,000000,16.2,16.2,16.2,16.2,0,0
FEE_PE,D,20160208,000000,16.3,16.3,16.3,16.3,0,0
FEE_PE,D,20160209,000000,16.6,16.6,16.5,16.5,0,0
FEE_PE,D,20160210,000000,16.2,16.2,16.2,16.2,0,0
FEE_PE,D,20160211,000000,16.1,16.1,15.4,16.1,0,0
FEE_PE,D,20160212,000000,16.1,16.1,14.6,15.9,0,0
FEE_PE,D,20160215,000000,15.6,16.2,15.6,16.2,0,0
FEE_PE,D,20160216,000000,16.1,16.2,16.1,16.2,0,0
FEE_PE,D,20160217,000000,16.2,16.2,16.2,16.2,0,0
FEE_PE,D,20160218,000000,16.2,16.2,16.2,16.2,0,0
FEE_PE,D,20160219,000000,16.2,16.2,16.2,16.2,0,0
FEE_PE,D,20160222,000000,16.2,16.2,16.2,16.2,0,0
FEE_PE,D,20160223,000000,16.2,16.2,16.2,16.2,0,0
FEE_PE,D,20160224,000000,16.2,16.2,16.2,16.2,0,0
FEE_PE,D,20160225,000000,16.5,16.5,16.4,16.4,0,0
FEE_PE,D,20160226,000000,16.5,16.5,16.2,16.2,0,0
FEE_PE,D,20160229,000000,16.2,16.2,16.2,16.2,0,0
FEE_PE,D,20160301,000000,16.2,16.2,16.2,16.2,0,0
FEE_PE,D,20160302,000000,16.2,16.2,16.2,16.2,0,0
FEE_PE,D,20160303,000000,16.2,16.2,16.2,16.2,0,0
FEE_PE,D,20160304,000000,16.2,16.2,15.2,15.2,0,0
FEE_PE,D,20160307,000000,15.2,16.2,15.2,16.2,0,0
FEE_PE,D,20160308,000000,16.2,16.2,15.4,15.4,0,0
FEE_PE,D,20160309,000000,15.4,15.4,15.4,15.4,0,0
FEE_PE,D,20160310,000000,15.4,15.4,15.4,15.4,0,0
FEE_PE,D,20160311,000000,15.4,16.2,15.4,15.4,0,0
FEE_PE,D,20160314,000000,16,16,15,15.3,0,0
FEE_PE,D,20160315,000000,15.4,15.4,15.3,15.3,0,0
FEE_PE,D,20160316,000000,15.3,15.3,15,15,0,0
FEE_PE,D,20160317,000000,15.3,15.3,15,15,0,0
FEE_PE,D,20160318,000000,15,15,15,15,0,0
FEE_PE,D,20160321,000000,15.3,15.3,14.6,14.6,0,0
FEE_PE,D,20160322,000000,15.3,15.3,13.7,13.7,0,0
FEE_PE,D,20160323,000000,13.7,14.6,13.7,14.6,0,0
FEE_PE,D,20160324,000000,14.4,14.4,14.2,14.2,0,0
FEE_PE,D,20160329,000000,14.2,17.2,13.7,17.2,0,0
FEE_PE,D,20160330,000000,17.7,17.7,17.2,17.2,0,0
FEE_PE,D,20160331,000000,17.2,17.2,16.2,16.4,0,0
FEE_PE,D,20160401,000000,16.4,16.6,16.4,16.6,0,0
FEE_PE,D,20160404,000000,16.6,16.6,15.2,15.3,0,0
FEE_PE,D,20160405,000000,16.4,17.1,15.8,16.1,0,0
FEE_PE,D,20160406,000000,17.1,17.1,15.4,15.8,0,0
FEE_PE,D,20160407,000000,15.6,15.6,15,15,0,0
FEE_PE,D,20160408,000000,15.3,15.3,14.8,14.8,0,0
FEE_PE,D,20160411,000000,15,15.2,13.7,14.2,0,0
FEE_PE,D,20160412,000000,15,15,14.1,14.8,0,0
FEE_PE,D,20160413,000000,14.8,14.8,14,14.8,0,0
FEE_PE,D,20160414,000000,14.9,14.9,14,14.1,0,0
FEE_PE,D,20160415,000000,14.5,14.5,13.8,14.2,0,0
FEE_PE,D,20160418,000000,14.4,14.5,14,14.5,0,0
FEE_PE,D,20160419,000000,14.5,14.5,14.2,14.5,0,0
FEE_PE,D,20160420,000000,14.6,15.7,14.5,15.1,0,0
FEE_PE,D,20160421,000000,15.1,15.4,14.6,15.3,0,0
FEE_PE,D,20160422,000000,15,15.3,15,15.2,0,0
FEE_PE,D,20160425,000000,15.2,15.2,14.3,15,0,0
FEE_PE,D,20160426,000000,15,15,14.2,15,0,0
FEE_PE,D,20160427,000000,15,15,14.9,14.9,0,0
FEE_PE,D,20160428,000000,14.9,14.9,14.2,14.8,0,0
FEE_PE,D,20160429,000000,14.6,15.2,14.2,15.1,0,0
FEE_PE,D,20160502,000000,15.6,15.6,15.2,15.4,0,0
FEE_PE,D,20160504,000000,15.4,15.4,15.4,15.4,0,0
FEE_PE,D,20160505,000000,15.4,15.4,15.3,15.3,0,0
FEE_PE,D,20160506,000000,15,15,15,15,0,0
FEE_PE,D,20160509,000000,15.3,15.3,14.7,15.1,0,0
FEE_PE,D,20160510,000000,15.2,15.2,15,15,0,0
FEE_PE,D,20160511,000000,14.8,15.2,14.4,15.2,0,0
FEE_PE,D,20160512,000000,15.2,15.2,14.2,15,0,0
FEE_PE,D,20160513,000000,15.4,15.4,14.4,14.4,0,0
FEE_PE,D,20160516,000000,15.3,15.3,14.4,15,0,0
FEE_PE,D,20160517,000000,15.2,15.2,14.4,15,0,0
FEE_PE,D,20160518,000000,15.2,15.2,14.6,15.1,0,0
FEE_PE,D,20160519,000000,15.2,15.2,15,15,0,0
FEE_PE,D,20160520,000000,15.2,15.2,14.2,14.2,0,0
FEE_PE,D,20160523,000000,15.3,15.3,14.5,14.5,0,0
FEE_PE,D,20160524,000000,15,15.1,14.5,15.1,0,0
FEE_PE,D,20160525,000000,15.1,19.2,15.1,19.2,0,0
FEE_PE,D,20160527,000000,19.4,19.4,19.4,19.4,0,0
FEE_PE,D,20160530,000000,19.4,19.4,18.9,19.3,0,0
FEE_PE,D,20160531,000000,19.3,19.3,17.9,18.4,0,0
FEE_PE,D,20160601,000000,18.9,19.3,18,19.2,0,0
FEE_PE,D,20160602,000000,19.2,19.2,19.2,19.2,0,0
FEE_PE,D,20160603,000000,19.2,19.2,19.2,19.2,0,0
FEE_PE,D,20160606,000000,19.2,19.3,18.4,19.3,0,0
FEE_PE,D,20160607,000000,19.3,19.3,19.2,19.2,0,0
FEE_PE,D,20160608,000000,19.2,19.2,19.2,19.2,0,0
FEE_PE,D,20160609,000000,19.1,19.2,17.7,19.2,0,0
FEE_PE,D,20160610,000000,19.2,19.2,18.4,19.2,0,0
FEE_PE,D,20160613,000000,19.2,19.2,19.1,19.2,0,0
FEE_PE,D,20160614,000000,19.2,19.2,18,19.2,0,0
FEE_PE,D,20160615,000000,19.2,19.2,19.2,19.2,0,0
FEE_PE,D,20160616,000000,19.2,19.2,17.8,19.1,0,0
FEE_PE,D,20160617,000000,19.2,19.2,19.2,19.2,0,0
FEE_PE,D,20160620,000000,19.2,19.2,19.2,19.2,0,0
FEE_PE,D,20160621,000000,19.2,19.2,19.2,19.2,0,0
FEE_PE,D,20160622,000000,19.2,19.2,19.2,19.2,0,0
FEE_PE,D,20160623,000000,19.2,19.2,19.2,19.2,0,0
FEE_PE,D,20160624,000000,19.1,19.1,19,19,0,0
FEE_PE,D,20160627,000000,19,19,19,19,0,0
FEE_PE,D,20160628,000000,19,19,19,19,0,0
FEE_PE,D,20160629,000000,19,19,17.8,17.8,0,0
FEE_PE,D,20160630,000000,18.8,18.8,17.3,18.2,0,0
FEE_PE,D,20160701,000000,19.1,19.1,19,19,0,0
FEE_PE,D,20160704,000000,19,19,17.7,17.7,0,0
FEE_PE,D,20160705,000000,18.5,18.6,17.7,18.6,0,0
FEE_PE,D,20160706,000000,18.6,18.6,18.6,18.6,0,0
FEE_PE,D,20160707,000000,18.6,18.6,18.6,18.6,0,0
FEE_PE,D,20160708,000000,18.6,18.6,18.6,18.6,0,0
FEE_PE,D,20160711,000000,18.6,18.6,18.6,18.6,0,0
FEE_PE,D,20160712,000000,18.6,18.6,17.8,18.6,0,0
FEE_PE,D,20160713,000000,18.6,18.6,17.3,18.6,0,0
FEE_PE,D,20160714,000000,18.9,18.9,18.8,18.8,0,0
FEE_PE,D,20160715,000000,18.8,18.8,18.8,18.8,0,0
FEE_PE,D,20160718,000000,18.8,18.8,18.8,18.8,0,0
FEE_PE,D,20160719,000000,18.8,18.8,18.8,18.8,0,0
FEE_PE,D,20160720,000000,18.8,18.8,17.7,17.7,0,0
FEE_PE,D,20160721,000000,18.8,18.8,18.8,18.8,0,0
FEE_PE,D,20160722,000000,18.8,18.8,17.7,17.7,0,0
FEE_PE,D,20160725,000000,18.6,18.6,17.7,17.7,0,0
FEE_PE,D,20160726,000000,17.7,17.7,17.7,17.7,0,0
FEE_PE,D,20160727,000000,17.7,17.7,17.7,17.7,0,0
FEE_PE,D,20160728,000000,17.7,17.7,17.7,17.7,0,0
FEE_PE,D,20160729,000000,17.7,17.7,16.5,17.7,0,0
FEE_PE,D,20160801,000000,17.7,17.9,17.7,17.9,0,0
FEE_PE,D,20160802,000000,17.7,17.7,17.7,17.7,0,0
FEE_PE,D,20160803,000000,17.7,17.7,15.9,16,0,0
FEE_PE,D,20160804,000000,16.4,17.8,16.4,17.7,0,0
FEE_PE,D,20160805,000000,17.7,17.7,17.7,17.7,0,0
FEE_PE,D,20160808,000000,17.7,17.7,16.4,16.5,0,0
FEE_PE,D,20160809,000000,17.7,17.7,16.4,17.6,0,0
FEE_PE,D,20160810,000000,17.6,17.6,16.3,17.1,0,0
FEE_PE,D,20160811,000000,17.6,17.6,16.9,16.9,0,0
FEE_PE,D,20160812,000000,17.7,17.7,17.4,17.7,0,0
FEE_PE,D,20160816,000000,17.7,17.7,17.6,17.6,0,0
FEE_PE,D,20160817,000000,17.6,17.6,17.6,17.6,0,0
FEE_PE,D,20160818,000000,17.6,17.6,17.6,17.6,0,0
FEE_PE,D,20160819,000000,17.6,17.6,17.6,17.6,0,0
FEE_PE,D,20160822,000000,17.6,17.7,17.6,17.7,0,0
FEE_PE,D,20160823,000000,17.9,18.5,17.7,17.7,0,0
FEE_PE,D,20160824,000000,18.5,18.5,18.5,18.5,0,0
FEE_PE,D,20160825,000000,18.5,18.5,17.9,18.4,0,0
FEE_PE,D,20160826,000000,18.4,18.4,17.7,17.7,0,0
FEE_PE,D,20160829,000000,18.1,18.1,18.1,18.1,0,0
FEE_PE,D,20160830,000000,18.1,18.1,17.7,18.1,0,0
FEE_PE,D,20160831,000000,18.1,18.1,18.1,18.1,0,0
FEE_PE,D,20160901,000000,18.1,18.1,18.1,18.1,0,0
FEE_PE,D,20160902,000000,17.8,18,17.8,17.9,0,0
FEE_PE,D,20160905,000000,18.6,19,18.6,19,0,0
FEE_PE,D,20160906,000000,19,24.5,19,24.5,0,0
FEE_PE,D,20160907,000000,24.5,26.4,24.5,24.6,0,0
FEE_PE,D,20160908,000000,23.7,26.5,23.7,26.5,0,0
FEE_PE,D,20160909,000000,26.5,26.5,24.4,26.3,0,0
FEE_PE,D,20160912,000000,26.3,26.3,26.3,26.3,0,0
FEE_PE,D,20160913,000000,26.3,26.3,26.2,26.2,0,0
FEE_PE,D,20160914,000000,26.7,26.8,26.7,26.8,0,0
FEE_PE,D,20160915,000000,26.8,26.8,26.7,26.7,0,0
FEE_PE,D,20160916,000000,26.7,26.8,26.7,26.8,0,0
FEE_PE,D,20160919,000000,26.8,26.8,26.7,26.7,0,0
FEE_PE,D,20160920,000000,26.7,26.7,26.7,26.7,0,0
FEE_PE,D,20160921,000000,26.7,26.7,26.7,26.7,0,0
FEE_PE,D,20160922,000000,26.7,26.7,26.7,26.7,0,0
FEE_PE,D,20160923,000000,26.7,26.7,26.7,26.7,0,0
FEE_PE,D,20160926,000000,26.7,26.7,26.7,26.7,0,0
FEE_PE,D,20160927,000000,26.8,26.8,26.8,26.8,0,0
FEE_PE,D,20160928,000000,28.2,28.2,25.4,28,0,0
FEE_PE,D,20160929,000000,28.2,28.2,28.2,28.2,0,0
FEE_PE,D,20160930,000000,27.3,27.3,27.3,27.3,0,0
FEE_PE,D,20161003,000000,27.3,27.3,27.3,27.3,0,0
FEE_PE,D,20161004,000000,26.4,26.5,26.4,26.5,0,0
FEE_PE,D,20161005,000000,26.5,26.5,26.5,26.5,0,0
FEE_PE,D,20161006,000000,26.5,26.5,26.5,26.5,0,0
FEE_PE,D,20161007,000000,26.5,26.5,26.5,26.5,0,0
FEE_PE,D,20161010,000000,26.5,26.5,26.4,26.4,0,0
FEE_PE,D,20161011,000000,26.4,26.4,26.4,26.4,0,0
FEE_PE,D,20161012,000000,26.4,26.4,25,26.4,0,0
FEE_PE,D,20161013,000000,26.5,26.5,26.5,26.5,0,0
FEE_PE,D,20161014,000000,26.7,26.7,26.6,26.6,0,0
FEE_PE,D,20161017,000000,28.2,28.2,28.1,28.2,0,0
FEE_PE,D,20161018,000000,28.2,28.2,28.2,28.2,0,0
FEE_PE,D,20161019,000000,28.2,28.2,28.2,28.2,0,0
FEE_PE,D,20161020,000000,28.2,28.2,28.2,28.2,0,0
FEE_PE,D,20161021,000000,28.2,28.2,26.4,26.5,0,0
FEE_PE,D,20161024,000000,28.2,28.2,26.5,26.5,0,0
FEE_PE,D,20161025,000000,28.2,28.2,26.7,26.7,0,0
FEE_PE,D,20161026,000000,28.1,28.1,25.6,25.6,0,0
FEE_PE,D,20161027,000000,26.5,26.5,26.5,26.5,0,0
FEE_PE,D,20161028,000000,26.5,26.5,26.5,26.5,0,0
FEE_PE,D,20161031,000000,26.5,26.5,26.5,26.5,0,0
FEE_PE,D,20161102,000000,26.5,26.5,26.5,26.5,0,0
FEE_PE,D,20161103,000000,26.5,26.5,26.5,26.5,0,0
FEE_PE,D,20161104,000000,26.5,26.5,26.5,26.5,0,0
FEE_PE,D,20161107,000000,26.5,26.5,26.5,26.5,0,0
FEE_PE,D,20161108,000000,26.5,26.5,26.5,26.5,0,0
FEE_PE,D,20161109,000000,26.5,26.5,26.5,26.5,0,0
FEE_PE,D,20161110,000000,26.5,26.5,26.5,26.5,0,0
FEE_PE,D,20161114,000000,26.5,26.5,24,24,0,0
FEE_PE,D,20161115,000000,26.3,26.3,26.3,26.3,0,0
FEE_PE,D,20161116,000000,26.4,26.4,24.7,26.4,0,0
FEE_PE,D,20161117,000000,26.4,26.4,26,26.4,0,0
FEE_PE,D,20161118,000000,26.4,26.4,24.2,25.6,0,0
FEE_PE,D,20161121,000000,26.5,26.5,26.4,26.4,0,0
FEE_PE,D,20161122,000000,26.4,26.4,23.8,26.4,0,0
FEE_PE,D,20161123,000000,26.4,26.4,26.4,26.4,0,0
FEE_PE,D,20161124,000000,26.4,26.4,26.4,26.4,0,0
FEE_PE,D,20161125,000000,26.4,26.4,26.4,26.4,0,0
FEE_PE,D,20161128,000000,26.4,26.4,24.7,25,0,0
FEE_PE,D,20161129,000000,26.4,26.4,24.4,26.4,0,0
FEE_PE,D,20161130,000000,26.4,26.4,26.4,26.4,0,0
FEE_PE,D,20171129,000000,44.4,44.4,44.4,44.4,0,0
FEE_PE,D,20171130,000000,42.6,44.4,42.6,44.4,0,0
FEE_PE,D,20171201,000000,44.4,44.4,43.7,43.7,0,0
FEE_PE,D,20171204,000000,43.7,45.3,43.7,45.3,0,0
FEE_PE,D,20171205,000000,45.3,45.3,45.2,45.2,0,0
FEE_PE,D,20171206,000000,45.2,45.2,44.3,44.4,0,0
FEE_PE,D,20171207,000000,44.2,44.2,43.7,43.7,0,0
FEE_PE,D,20171208,000000,43.7,44.2,43.7,44.1,0,0
FEE_PE,D,20171211,000000,44.1,44.1,44.1,44.1,0,0
FEE_PE,D,20171212,000000,44.1,44.1,43,43,0,0
FEE_PE,D,20171213,000000,43,43,43,43,0,0
FEE_PE,D,20171214,000000,43,43,38.7,43,0,0
FEE_PE,D,20171215,000000,43,43,43,43,0,0
FEE_PE,D,20171218,000000,42.1,43,42.1,43,0,0
FEE_PE,D,20171219,000000,42.1,43,42.1,42.8,0,0
FEE_PE,D,20171220,000000,42.2,43.1,42.1,42.1,0,0
FEE_PE,D,20171221,000000,42.1,43,42.1,43,0,0
FEE_PE,D,20171222,000000,43,43,39,42.1,0,0
FEE_PE,D,20171227,000000,42.1,42.1,39.3,39.3,0,0
FEE_PE,D,20171228,000000,43,43,43,43,0,0
FEE_PE,D,20171229,000000,39.3,43,39.3,43,0,0
FEE_PE,D,20180103,000000,46.8,46.8,46.6,46.7,0,0
FEE_PE,D,20180104,000000,46.5,46.5,45.6,45.6,0,0
FEE_PE,D,20180105,000000,46.5,46.7,42.3,43.1,0,0
FEE_PE,D,20180108,000000,46.1,46.1,46,46,0,0
FEE_PE,D,20180109,000000,46,46,46,46,0,0
FEE_PE,D,20180110,000000,46,46,46,46,0,0
FEE_PE,D,20180111,000000,46,46,43.7,43.7,0,0
FEE_PE,D,20180112,000000,46,46,45.9,45.9,0,0
FEE_PE,D,20180115,000000,45.9,45.9,45.9,45.9,0,0
FEE_PE,D,20180116,000000,45.9,45.9,45.9,45.9,0,0
FEE_PE,D,20180117,000000,45.9,45.9,42.1,45.6,0,0
FEE_PE,D,20180118,000000,45.4,45.4,45.4,45.4,0,0
FEE_PE,D,20180119,000000,45.4,45.4,45.1,45.1,0,0
FEE_PE,D,20180122,000000,43.7,43.7,43.7,43.7,0,0
FEE_PE,D,20180123,000000,43.5,43.5,43.5,43.5,0,0
FEE_PE,D,20180124,000000,43.7,43.7,43.3,43.4,0,0
FEE_PE,D,20180125,000000,43.4,43.4,40.4,43.2,0,0
FEE_PE,D,20180126,000000,43.2,43.4,43.2,43.4,0,0
FEE_PE,D,20180129,000000,43.4,43.4,43.4,43.4,0,0
FEE_PE,D,20180130,000000,43.4,43.4,43.4,43.4,0,0
FEE_PE,D,20180131,000000,43.1,43.1,43.1,43.1,0,0
FEE_PE,D,20180201,000000,43.1,43.2,40.4,42.1,0,0
FEE_PE,D,20180202,000000,43.2,43.2,43.2,43.2,0,0
FEE_PE,D,20180205,000000,43,43.1,43,43.1,0,0
FEE_PE,D,20180206,000000,43.1,43.1,40.4,43.1,0,0
FEE_PE,D,20180207,000000,43.1,43.1,43.1,43.1,0,0
FEE_PE,D,20180208,000000,42.8,42.8,42,42.1,0,0
FEE_PE,D,20180209,000000,42.7,42.8,41.9,42.8,0,0
FEE_PE,D,20180212,000000,42.8,42.8,42.8,42.8,0,0
FEE_PE,D,20180213,000000,42.8,42.8,42.3,42.3,0,0
FEE_PE,D,20180214,000000,42.8,42.8,42.8,42.8,0,0
FEE_PE,D,20180215,000000,42.8,42.8,42.8,42.8,0,0
FEE_PE,D,20180216,000000,42.8,43,40.5,42.9,0,0
FEE_PE,D,20180219,000000,42.6,42.6,42.6,42.6,0,0
FEE_PE,D,20180220,000000,42.6,42.6,42.6,42.6,0,0
FEE_PE,D,20180221,000000,42.6,42.6,42.6,42.6,0,0
FEE_PE,D,20180222,000000,42.6,43.1,42.6,43.1,0,0
FEE_PE,D,20180223,000000,43.1,43.3,43.1,43.2,0,0
FEE_PE,D,20180226,000000,43.2,44.8,43.2,44.8,0,0
FEE_PE,D,20180227,000000,44.8,44.8,44.2,44.2,0,0
FEE_PE,D,20180228,000000,44.2,44.2,43.9,43.9,0,0
FEE_PE,D,20180301,000000,43.9,43.9,43.5,43.5,0,0
FEE_PE,D,20180302,000000,43.7,43.7,43,43.1,0,0
FEE_PE,D,20180305,000000,43.9,43.9,43.1,43.1,0,0
FEE_PE,D,20180306,000000,44.5,44.5,43.1,44.3,0,0
FEE_PE,D,20180307,000000,44.3,44.3,44.3,44.3,0,0
FEE_PE,D,20180308,000000,44.3,44.3,44.3,44.3,0,0
FEE_PE,D,20180309,000000,44.3,44.3,44.3,44.3,0,0
FEE_PE,D,20180312,000000,44.3,44.3,44.1,44.2,0,0
FEE_PE,D,20180313,000000,44.4,44.4,43.7,43.7,0,0
FEE_PE,D,20180314,000000,44.3,44.3,44.3,44.3,0,0
FEE_PE,D,20180315,000000,44.1,44.3,44.1,44.3,0,0
FEE_PE,D,20180316,000000,44.1,44.3,44.1,44.2,0,0
FEE_PE,D,20180319,000000,44.2,44.2,44,44,0,0
FEE_PE,D,20180320,000000,43.8,44,43.8,44,0,0
FEE_PE,D,20180321,000000,43.8,44,43.8,44,0,0
FEE_PE,D,20180322,000000,43.8,44,43.8,44,0,0
FEE_PE,D,20180323,000000,43.7,44,43.7,43.7,0,0
FEE_PE,D,20180326,000000,43.7,43.7,43.2,43.2,0,0
FEE_PE,D,20180327,000000,43.2,43.2,41.2,41.2,0,0
FEE_PE,D,20180328,000000,41.2,41.2,41.2,41.2,0,0
FEE_PE,D,20180329,000000,40.4,40.4,40.4,40.4,0,0
FEE_PE,D,20180403,000000,43.8,43.8,37,41.7,0,0
FEE_PE,D,20180404,000000,43.4,43.4,43.1,43.1,0,0
FEE_PE,D,20180405,000000,43.1,43.1,42.8,42.8,0,0
FEE_PE,D,20180406,000000,43,43,42.6,42.6,0,0
FEE_PE,D,20180409,000000,43.1,43.1,42.8,43.1,0,0
FEE_PE,D,20180410,000000,43.1,43.1,43.1,43.1,0,0
FEE_PE,D,20180411,000000,43.1,43.1,43.1,43.1,0,0
FEE_PE,D,20180412,000000,41.2,41.2,41.2,41.2,0,0
FEE_PE,D,20180413,000000,41,41.2,41,41,0,0
FEE_PE,D,20180416,000000,40.5,40.5,39,39,0,0
FEE_PE,D,20180417,000000,39,39,37.4,37.5,0,0
FEE_PE,D,20180418,000000,35.9,37.5,35.9,37.5,0,0
FEE_PE,D,20180419,000000,37.3,37.3,36.2,36.2,0,0
FEE_PE,D,20180420,000000,37.3,37.3,36.2,37.3,0,0
FEE_PE,D,20180423,000000,37.3,37.3,37.3,37.3,0,0
FEE_PE,D,20180424,000000,37.3,37.3,37.3,37.3,0,0
FEE_PE,D,20180425,000000,37.3,37.3,34.3,37.3,0,0
FEE_PE,D,20180426,000000,37,37,37,37,0,0
FEE_PE,D,20180427,000000,37,37,37,37,0,0
FEE_PE,D,20180430,000000,37,37,25.3,25.3,0,0
FEE_PE,D,20180504,000000,25.3,25.6,25.3,25.6,0,0
FEE_PE,D,20180507,000000,25.6,25.6,24.7,25.6,0,0
FEE_PE,D,20180508,000000,25.6,25.6,22.6,22.6,0,0
FEE_PE,D,20180509,000000,24.3,24.3,21.1,21.3,0,0
FEE_PE,D,20180510,000000,21.1,21.3,21.1,21.3,0,0
FEE_PE,D,20180511,000000,21.3,21.3,20,20.1,0,0
FEE_PE,D,20180514,000000,22,22.5,22,22.4,0,0
FEE_PE,D,20180515,000000,22.1,22.1,22.1,22.1,0,0
FEE_PE,D,20180516,000000,22.1,22.1,22.1,22.1,0,0
FEE_PE,D,20180521,000000,22.1,22.4,22.1,22.4,0,0
FEE_PE,D,20180522,000000,22.4,22.4,22.4,22.4,0,0
FEE_PE,D,20180523,000000,22.4,22.4,22.4,22.4,0,0
FEE_PE,D,20180524,000000,22.4,22.4,22.4,22.4,0,0
FEE_PE,D,20180525,000000,22.4,22.4,19.2,20.1,0,0
FEE_PE,D,20180528,000000,19.9,20.1,19.9,20,0,0
FEE_PE,D,20180529,000000,19.9,20.1,18.1,19.9,0,0
FEE_PE,D,20180530,000000,19.8,19.8,17.9,19.8,0,0
FEE_PE,D,20180601,000000,19.8,19.8,19.8,19.8,0,0
FEE_PE,D,20180604,000000,19.8,19.8,19.6,19.6,0,0
FEE_PE,D,20180605,000000,19.6,21.5,19.6,21.5,0,0
FEE_PE,D,20180606,000000,21.4,21.4,21.1,21.1,0,0
FEE_PE,D,20180607,000000,21.1,21.1,21.1,21.1,0,0
FEE_PE,D,20180608,000000,21.1,21.1,21.1,21.1,0,0
FEE_PE,D,20180611,000000,21.1,21.1,21.1,21.1,0,0
FEE_PE,D,20180612,000000,21.1,21.1,21.1,21.1,0,0
FEE_PE,D,20180613,000000,21.1,21.1,21.1,21.1,0,0
FEE_PE,D,20180614,000000,21.1,21.1,21.1,21.1,0,0
FEE_PE,D,20180615,000000,21.1,21.1,21.1,21.1,0,0
FEE_PE,D,20180618,000000,21.1,21.1,21.1,21.1,0,0
FEE_PE,D,20180619,000000,21.1,21.1,21.1,21.1,0,0
FEE_PE,D,20180620,000000,21.1,21.1,21.1,21.1,0,0
FEE_PE,D,20180621,000000,21.1,21.1,21.1,21.1,0,0
FEE_PE,D,20180622,000000,21.1,21.1,21.1,21.1,0,0
FEE_PE,D,20180625,000000,22.2,22.2,22.2,22.2,0,0
FEE_PE,D,20180626,000000,22.2,22.2,22.2,22.2,0,0
FEE_PE,D,20180627,000000,22.2,23.3,22.2,23,0,0
FEE_PE,D,20180628,000000,23,23,20.7,20.8,0,0
FEE_PE,D,20180629,000000,20.5,20.5,20.5,20.5,0,0
FEE_PE,D,20180702,000000,19.4,20.6,19.4,20.6,0,0
FEE_PE,D,20180703,000000,20.6,20.6,20.6,20.6,0,0
FEE_PE,D,20180704,000000,22.4,22.4,22.4,22.4,0,0
FEE_PE,D,20180705,000000,22.4,22.4,22.4,22.4,0,0
FEE_PE,D,20180706,000000,22.4,22.4,22.4,22.4,0,0
FEE_PE,D,20180709,000000,22.4,22.4,22.4,22.4,0,0
FEE_PE,D,20180710,000000,22.4,22.4,22.4,22.4,0,0
FEE_PE,D,20180711,000000,22.4,22.4,22.4,22.4,0,0
FEE_PE,D,20180712,000000,22.4,22.4,22.4,22.4,0,0
FEE_PE,D,20180713,000000,22.4,22.4,21.1,22.4,0,0
FEE_PE,D,20180716,000000,22.4,22.4,22.4,22.4,0,0
FEE_PE,D,20180717,000000,22.4,24.4,22.4,24.2,0,0
FEE_PE,D,20180718,000000,23.3,23.3,21.1,23.1,0,0
FEE_PE,D,20180719,000000,23.1,23.1,21.2,21.2,0,0
FEE_PE,D,20180720,000000,20.8,20.8,20.8,20.8,0,0
FEE_PE,D,20180723,000000,20.8,22.4,20.8,22.4,0,0
FEE_PE,D,20180724,000000,22.3,22.3,21.1,21.1,0,0
FEE_PE,D,20180725,000000,21.1,21.1,21.1,21.1,0,0
FEE_PE,D,20180726,000000,21.1,21.1,20.1,20.9,0,0
FEE_PE,D,20180727,000000,20.9,20.9,20.6,20.8,0,0
FEE_PE,D,20180730,000000,20.8,21.1,19.6,21.1,0,0
FEE_PE,D,20180731,000000,21.1,21.1,21.1,21.1,0,0
FEE_PE,D,20180801,000000,21.1,21.1,17.2,19.2,0,0
FEE_PE,D,20180802,000000,18.1,19.2,18.1,19.2,0,0
FEE_PE,D,20180803,000000,19.1,19.1,18,19,0,0
FEE_PE,D,20180806,000000,19,19,17.1,17.9,0,0
FEE_PE,D,20180807,000000,18.4,18.4,18.4,18.4,0,0
FEE_PE,D,20180808,000000,18.4,18.4,17.3,17.9,0,0
FEE_PE,D,20180809,000000,17.7,18.3,17.7,18.3,0,0
FEE_PE,D,20180810,000000,17.7,18.3,16,18.1,0,0
FEE_PE,D,20180813,000000,18.1,18.9,18.1,18.9,0,0
FEE_PE,D,20180814,000000,18.8,18.8,16.8,18.4,0,0
FEE_PE,D,20180816,000000,18.7,18.7,15.1,16.7,0,0
FEE_PE,D,20180817,000000,16.9,18.2,16.9,18.1,0,0
FEE_PE,D,20180820,000000,17.9,17.9,17.9,17.9,0,0
FEE_PE,D,20180821,000000,16.3,17.5,16,16.5,0,0
FEE_PE,D,20180822,000000,16.5,16.5,14.8,15.4,0,0
FEE_PE,D,20180823,000000,15.8,17.1,14.9,16.5,0,0
FEE_PE,D,20180824,000000,16.5,16.9,16.5,16.9,0,0
FEE_PE,D,20180827,000000,15.9,17.1,15.9,16.9,0,0
FEE_PE,D,20180828,000000,17.5,17.5,17.5,17.5,0,0
FEE_PE,D,20180829,000000,18.5,18.5,16.9,16.9,0,0
FEE_PE,D,20180830,000000,16.9,18.5,16.9,18.5,0,0
FEE_PE,D,20180831,000000,18.5,18.5,18.5,18.5,0,0
FEE_PE,D,20180903,000000,18.5,18.5,17.4,18.5,0,0
FEE_PE,D,20180904,000000,18.4,18.4,16.9,17.5,0,0
FEE_PE,D,20180905,000000,16.5,17.2,15.4,17.2,0,0
FEE_PE,D,20180906,000000,17.4,17.7,17.4,17.7,0,0
FEE_PE,D,20180907,000000,17.4,17.4,17.3,17.3,0,0
FEE_PE,D,20180910,000000,17.3,17.3,17.3,17.3,0,0
FEE_PE,D,20180911,000000,17.3,17.3,16.3,17.1,0,0
FEE_PE,D,20180912,000000,17.3,17.3,14.3,14.3,0,0
FEE_PE,D,20180913,000000,15.4,15.4,13.8,14.4,0,0
FEE_PE,D,20180914,000000,15.4,15.4,11.8,12.4,0,0
FEE_PE,D,20180917,000000,12.5,12.5,11.6,11.6,0,0
FEE_PE,D,20180918,000000,12.5,12.5,12.4,12.4,0,0
FEE_PE,D,20180919,000000,12.5,12.5,11.6,12.4,0,0
FEE_PE,D,20180920,000000,12.5,12.5,11.7,11.8,0,0
FEE_PE,D,20180921,000000,12.6,12.6,11.8,12.4,0,0
FEE_PE,D,20180924,000000,12.5,12.9,8.8,8.8,0,0
FEE_PE,D,20180925,000000,8.5,9.4,8.5,9.4,0,0
FEE_PE,D,20180926,000000,10.2,10.2,8.5,8.9,0,0
FEE_PE,D,20180927,000000,9.3,9.4,8.5,9.4,0,0
FEE_PE,D,20180928,000000,9.4,9.4,9.4,9.4,0,0
FEE_PE,D,20181001,000000,9.7,9.7,8.7,9.1,0,0
FEE_PE,D,20181002,000000,9.5,9.5,9.4,9.4,0,0
FEE_PE,D,20181003,000000,10,10,8.6,10,0,0
FEE_PE,D,20181004,000000,10,10,9.9,9.9,0,0
FEE_PE,D,20181005,000000,9.9,9.9,9.9,9.9,0,0
FEE_PE,D,20181008,000000,9.8,9.8,9.3,9.4,0,0
FEE_PE,D,20181009,000000,9.9,9.9,9.6,9.6,0,0
FEE_PE,D,20181010,000000,8.9,9.3,8.9,9,0,0
FEE_PE,D,20181011,000000,9,9,8.7,8.9,0,0
FEE_PE,D,20181012,000000,8.9,8.9,8.6,8.9,0,0
FEE_PE,D,20181015,000000,8.8,8.8,8.8,8.8,0,0
FEE_PE,D,20181016,000000,8.8,8.8,8.8,8.8,0,0
FEE_PE,D,20181017,000000,8.8,8.8,8.7,8.7,0,0
FEE_PE,D,20181018,000000,8.7,8.8,8.7,8.8,0,0
FEE_PE,D,20181019,000000,8.9,8.9,8.3,8.8,0,0
FEE_PE,D,20181022,000000,8.6,8.6,8.6,8.6,0,0
FEE_PE,D,20181023,000000,8.6,8.7,8.6,8.7,0,0
FEE_PE,D,20181024,000000,8.7,8.8,8.2,8.7,0,0
FEE_PE,D,20181025,000000,8.7,8.7,8.7,8.7,0,0
FEE_PE,D,20181026,000000,8.8,8.8,8.2,8.6,0,0
FEE_PE,D,20181029,000000,8.7,8.7,7.9,8.6,0,0
FEE_PE,D,20181030,000000,8.7,8.7,8.2,8.2,0,0
FEE_PE,D,20181031,000000,8.2,8.2,7.6,8.2,0,0
FEE_PE,D,20181102,000000,8.2,8.2,7.5,8.2,0,0
FEE_PE,D,20181105,000000,8.2,8.8,7.4,7.8,0,0
FEE_PE,D,20181106,000000,7.8,7.8,7.8,7.8,0,0
FEE_PE,D,20181107,000000,8.5,8.5,7.8,8.1,0,0
FEE_PE,D,20181108,000000,7.8,7.8,7.7,7.7,0,0
FEE_PE,D,20181109,000000,7.7,7.7,7.6,7.6,0,0
FEE_PE,D,20181113,000000,7.6,8.2,7.6,8.2,0,0
FEE_PE,D,20181114,000000,8.2,8.2,8.2,8.2,0,0
FEE_PE,D,20181115,000000,8.2,8.2,8.1,8.1,0,0
FEE_PE,D,20181116,000000,8.1,8.1,8.1,8.1,0,0
FEE_PE,D,20181119,000000,8,8.1,7.9,7.9,0,0
FEE_PE,D,20181120,000000,8,8,7.9,7.9,0,0
FEE_PE,D,20181121,000000,8,8,8,8,0,0
FEE_PE,D,20181122,000000,7.9,8.2,7.6,8,0,0
FEE_PE,D,20181123,000000,7.9,8.2,7.4,8.2,0,0
FEE_PE,D,20181126,000000,8.1,8.2,8.1,8.2,0,0
FEE_PE,D,20181127,000000,8.1,8.1,8,8,0,0
FEE_PE,D,20181128,000000,8.1,8.2,7.6,8.2,0,0
FEE_PE,D,20181129,000000,9.4,9.4,9,9.3,0,0
FEE_PE,D,20181130,000000,9.4,12.3,9.4,12.3,0,0
FEE_PE,D,20181203,000000,12.6,15.2,12.6,15.2,0,0
FEE_PE,D,20181204,000000,15.2,16.3,13.8,14.1,0,0
FEE_PE,D,20181205,000000,13.7,15,12.8,15,0,0
FEE_PE,D,20181206,000000,13.7,14.8,13.1,14.4,0,0
FEE_PE,D,20181207,000000,14.7,14.7,12.9,12.9,0,0
FEE_PE,D,20181210,000000,12.9,14,12,13.5,0,0
FEE_PE,D,20181211,000000,13.5,13.5,12.4,13.5,0,0
FEE_PE,D,20181212,000000,12.4,13.7,11.8,13.7,0,0
FEE_PE,D,20181213,000000,14.1,14.1,13.1,13.8,0,0
FEE_PE,D,20181214,000000,13.9,13.9,13.9,13.9,0,0
FEE_PE,D,20181217,000000,14.1,14.1,14.1,14.1,0,0
FEE_PE,D,20181218,000000,14.1,14.1,14.1,14.1,0,0
FEE_PE,D,20181219,000000,14.1,14.3,14,14.3,0,0
FEE_PE,D,20181220,000000,14.6,15.3,14.4,14.4,0,0
FEE_PE,D,20181221,000000,15,15,13.7,13.7,0,0
FEE_PE,D,20181227,000000,15.2,15.2,15.2,15.2,0,0
FEE_PE,D,20181228,000000,15.2,15.2,15.2,15.2,0,0
FEE_PE,D,20190102,000000,15.7,15.7,15.2,15.2,0,0
FEE_PE,D,20190103,000000,13.9,15.2,13.9,15.1,0,0
FEE_PE,D,20190104,000000,15.1,15.1,15.1,15.1,0,0
FEE_PE,D,20190107,000000,15.1,15.1,13.8,14.6,0,0
FEE_PE,D,20190108,000000,15.2,15.2,14.1,14.1,0,0
FEE_PE,D,20190109,000000,14.6,15.1,14.5,15.1,0,0
FEE_PE,D,20190110,000000,15.2,15.2,14.6,15.1,0,0
FEE_PE,D,20190111,000000,15.2,15.2,15.1,15.1,0,0
FEE_PE,D,20190114,000000,15.2,15.2,15.1,15.1,0,0
FEE_PE,D,20190115,000000,15.2,15.2,14.9,14.9,0,0
FEE_PE,D,20190116,000000,15.2,15.2,13.7,14.7,0,0
FEE_PE,D,20190117,000000,15.1,15.1,14.9,14.9,0,0
FEE_PE,D,20190118,000000,15.1,15.1,13.9,14.9,0,0
FEE_PE,D,20190121,000000,15.2,15.2,14.8,15.1,0,0
FEE_PE,D,20190122,000000,15.1,15.1,14.9,15,0,0
FEE_PE,D,20190123,000000,15.1,15.1,14.4,15.1,0,0
FEE_PE,D,20190124,000000,15.2,15.2,14.3,14.7,0,0
FEE_PE,D,20190125,000000,15.1,15.1,14.7,14.7,0,0
FEE_PE,D,20190128,000000,15.1,15.1,14.5,14.6,0,0
FEE_PE,D,20190129,000000,14.7,15.2,14.3,15.2,0,0
FEE_PE,D,20190130,000000,15.2,15.2,15.2,15.2,0,0
FEE_PE,D,20190131,000000,15.2,15.2,14.2,15.2,0,0
FEE_PE,D,20190201,000000,15.3,15.3,14.3,14.3,0,0
FEE_PE,D,20190204,000000,15.1,15.1,14,15.1,0,0
FEE_PE,D,20190205,000000,15.1,15.1,14.1,14.8,0,0
FEE_PE,D,20190206,000000,15.1,15.1,14.2,14.6,0,0
FEE_PE,D,20190207,000000,15.1,15.1,14.6,14.6,0,0
FEE_PE,D,20190208,000000,14.9,14.9,14,14.6,0,0
FEE_PE,D,20190211,000000,14.9,14.9,14.9,14.9,0,0
FEE_PE,D,20190212,000000,14.9,14.9,14.4,14.9,0,0
FEE_PE,D,20190213,000000,14.9,14.9,14.1,14.9,0,0
FEE_PE,D,20190214,000000,14.9,14.9,14,14.9,0,0
FEE_PE,D,20190215,000000,14.9,14.9,14.9,14.9,0,0
FEE_PE,D,20190218,000000,14.6,14.6,14.6,14.6,0,0
FEE_PE,D,20190219,000000,14.6,14.9,14.1,14.9,0,0
FEE_PE,D,20190220,000000,14.9,14.9,14.3,14.9,0,0
FEE_PE,D,20190221,000000,14.9,14.9,14.9,14.9,0,0
FEE_PE,D,20190222,000000,14.7,14.7,14.5,14.5,0,0
FEE_PE,D,20190225,000000,14.5,14.5,14.5,14.5,0,0
FEE_PE,D,20190226,000000,14.5,14.9,14.5,14.9,0,0
FEE_PE,D,20190227,000000,14.9,14.9,14.9,14.9,0,0
FEE_PE,D,20190228,000000,14.9,14.9,14.9,14.9,0,0
FEE_PE,D,20190301,000000,14.9,14.9,14.9,14.9,0,0
FEE_PE,D,20190304,000000,14.9,14.9,14.3,14.3,0,0
FEE_PE,D,20190305,000000,14.5,14.5,14.5,14.5,0,0
FEE_PE,D,20190306,000000,14.5,14.5,14,14.5,0,0
FEE_PE,D,20190307,000000,14.9,14.9,14.9,14.9,0,0
FEE_PE,D,20190308,000000,14.9,14.9,14.9,14.9,0,0
FEE_PE,D,20190311,000000,14.9,14.9,14.1,14.9,0,0
FEE_PE,D,20190312,000000,14.9,14.9,14.9,14.9,0,0
FEE_PE,D,20190313,000000,14.9,14.9,14.7,14.8,0,0
FEE_PE,D,20190314,000000,14.8,14.8,14.7,14.7,0,0
FEE_PE,D,20190315,000000,14.7,14.7,14.7,14.7,0,0
FEE_PE,D,20190318,000000,14.7,14.7,14.7,14.7,0,0
FEE_PE,D,20190319,000000,14.7,14.7,14.1,14.1,0,0
FEE_PE,D,20190320,000000,14.7,14.7,14.1,14.7,0,0
FEE_PE,D,20190321,000000,14.6,14.6,14.6,14.6,0,0
FEE_PE,D,20190322,000000,14.7,14.7,14,14.7,0,0
FEE_PE,D,20190325,000000,14,14.5,14,14.5,0,0
FEE_PE,D,20190326,000000,14.5,14.5,14,14.5,0,0
FEE_PE,D,20190327,000000,14.5,14.5,14,14.5,0,0
FEE_PE,D,20190328,000000,14.3,14.3,14,14,0,0
FEE_PE,D,20190329,000000,14.2,14.2,14.2,14.2,0,0
FEE_PE,D,20190401,000000,14.2,14.5,14,14,0,0
FEE_PE,D,20190402,000000,14.7,14.7,14.6,14.6,0,0
FEE_PE,D,20190403,000000,14.7,14.7,14.6,14.6,0,0
FEE_PE,D,20190404,000000,14.6,14.6,14.6,14.6,0,0
FEE_PE,D,20190405,000000,14.6,14.6,14.6,14.6,0,0
FEE_PE,D,20190408,000000,14.6,14.6,14.6,14.6,0,0
FEE_PE,D,20190409,000000,14.6,14.6,13.9,13.9,0,0
FEE_PE,D,20190410,000000,13.1,14.6,13.1,14.6,0,0
FEE_PE,D,20190411,000000,13.8,13.8,13.8,13.8,0,0
FEE_PE,D,20190412,000000,13.8,13.8,13.8,13.8,0,0
FEE_PE,D,20190415,000000,13.8,13.8,13.1,13.8,0,0
FEE_PE,D,20190416,000000,13.8,13.8,13.8,13.8,0,0
FEE_PE,D,20190417,000000,13.8,13.8,13.8,13.8,0,0
FEE_PE,D,20190418,000000,13.8,13.8,13.8,13.8,0,0
FEE_PE,D,20190423,000000,13.8,13.8,13.1,13.8,0,0
FEE_PE,D,20190424,000000,13.8,13.8,13.8,13.8,0,0
FEE_PE,D,20190425,000000,13.8,13.8,13.8,13.8,0,0
FEE_PE,D,20190426,000000,13.8,13.8,13.8,13.8,0,0
FEE_PE,D,20190429,000000,13.8,13.8,13.8,13.8,0,0
FEE_PE,D,20190502,000000,13.6,13.7,13.6,13.7,0,0
FEE_PE,D,20190506,000000,13.1,13.1,10.8,10.8,0,0
FEE_PE,D,20190507,000000,11,11.1,11,11.1,0,0
FEE_PE,D,20190508,000000,11.1,11.1,11.1,11.1,0,0
FEE_PE,D,20190509,000000,11.1,12.1,11,11.9,0,0
FEE_PE,D,20190510,000000,11.9,11.9,11.4,11.8,0,0
FEE_PE,D,20190513,000000,11.9,11.9,11.4,11.4,0,0
FEE_PE,D,20190514,000000,11.9,12,11.9,12,0,0
FEE_PE,D,20190515,000000,12,12,12,12,0,0
FEE_PE,D,20190516,000000,12,12,12,12,0,0
FEE_PE,D,20190517,000000,12,12,11,11.1,0,0
FEE_PE,D,20190520,000000,12,12,12,12,0,0
FEE_PE,D,20190521,000000,12,12,12,12,0,0
FEE_PE,D,20190522,000000,12,12,12,12,0,0
FEE_PE,D,20190523,000000,12,12,12,12,0,0
FEE_PE,D,20190524,000000,12,12,11.8,11.8,0,0
FEE_PE,D,20190527,000000,11.9,11.9,11.9,11.9,0,0
FEE_PE,D,20190528,000000,11.9,11.9,11.9,11.9,0,0
FEE_PE,D,20190529,000000,11.9,12.6,11.9,12.6,0,0
FEE_PE,D,20190530,000000,12.7,12.7,12.7,12.7,0,0
FEE_PE,D,20190531,000000,12,12.6,12,12.6,0,0
FEE_PE,D,20190603,000000,12.5,12.6,11.5,12.6,0,0
FEE_PE,D,20190604,000000,13.7,13.7,13.7,13.7,0,0
FEE_PE,D,20190605,000000,13.7,13.7,13.7,13.7,0,0
FEE_PE,D,20190606,000000,13.7,13.7,12.9,13.7,0,0
FEE_PE,D,20190607,000000,13.7,13.7,13.7,13.7,0,0
FEE_PE,D,20190610,000000,13.7,13.7,13.7,13.7,0,0
FEE_PE,D,20190611,000000,13.7,13.7,13.7,13.7,0,0
FEE_PE,D,20190612,000000,13.6,13.6,13.5,13.5,0,0
FEE_PE,D,20190613,000000,13.5,13.5,13.5,13.5,0,0
FEE_PE,D,20190614,000000,13.5,13.6,13.5,13.6,0,0
FEE_PE,D,20190617,000000,13.5,13.7,13.5,13.7,0,0
FEE_PE,D,20190618,000000,13.7,13.7,13.6,13.6,0,0
FEE_PE,D,20190619,000000,13.6,13.7,13.6,13.7,0,0
FEE_PE,D,20190621,000000,13.7,13.7,13.7,13.7,0,0
FEE_PE,D,20190624,000000,13.7,13.7,13.7,13.7,0,0
FEE_PE,D,20190625,000000,13.7,13.7,13.7,13.7,0,0
FEE_PE,D,20190626,000000,13.7,13.7,13.7,13.7,0,0
FEE_PE,D,20190627,000000,13.7,13.7,13.7,13.7,0,0
FEE_PE,D,20190628,000000,13.7,13.7,13.7,13.7,0,0
FEE_PE,D,20190701,000000,13.7,13.7,13.7,13.7,0,0
FEE_PE,D,20190702,000000,13.7,15.4,13.7,14.3,0,0
FEE_PE,D,20190703,000000,14.4,14.4,14.4,14.4,0,0
FEE_PE,D,20190704,000000,14.4,14.4,14.4,14.4,0,0
FEE_PE,D,20190705,000000,14.4,14.4,14.4,14.4,0,0
FEE_PE,D,20190708,000000,14.4,14.4,14.4,14.4,0,0
FEE_PE,D,20190709,000000,14.4,14.4,14.4,14.4,0,0
FEE_PE,D,20190710,000000,14.4,15.3,14.3,15.3,0,0
FEE_PE,D,20190711,000000,15.2,15.2,14.7,14.9,0,0
FEE_PE,D,20190712,000000,14.9,14.9,14.9,14.9,0,0
FEE_PE,D,20190715,000000,14.9,14.9,14.9,14.9,0,0
FEE_PE,D,20190716,000000,14.9,14.9,14.9,14.9,0,0
FEE_PE,D,20190717,000000,14.8,14.8,14.8,14.8,0,0
FEE_PE,D,20190718,000000,13.9,14.9,13.9,14.9,0,0
FEE_PE,D,20190719,000000,14.9,14.9,14.9,14.9,0,0
FEE_PE,D,20190722,000000,14.9,14.9,14.9,14.9,0,0
FEE_PE,D,20190723,000000,14.9,14.9,14.9,14.9,0,0
FEE_PE,D,20190724,000000,14.9,14.9,14.5,14.9,0,0
FEE_PE,D,20190725,000000,14.9,14.9,14.9,14.9,0,0
FEE_PE,D,20190726,000000,14.9,14.9,14.9,14.9,0,0
FEE_PE,D,20190729,000000,14.9,14.9,14.9,14.9,0,0
FEE_PE,D,20190730,000000,14.9,14.9,14.9,14.9,0,0
FEE_PE,D,20190731,000000,14.9,14.9,14.9,14.9,0,0
FEE_PE,D,20190801,000000,14.9,14.9,14.8,14.8,0,0
FEE_PE,D,20190802,000000,14.4,14.8,14.4,14.8,0,0
FEE_PE,D,20190805,000000,14.8,14.8,14,14,0,0
FEE_PE,D,20190806,000000,14.7,14.7,14.3,14.4,0,0
FEE_PE,D,20190807,000000,14.4,14.5,14.4,14.4,0,0
FEE_PE,D,20190808,000000,14.2,14.2,14.2,14.2,0,0
FEE_PE,D,20190809,000000,14.2,14.2,14.2,14.2,0,0
FEE_PE,D,20190812,000000,14.2,14.2,14.2,14.2,0,0
FEE_PE,D,20190813,000000,14.2,14.9,14.2,14.9,0,0
FEE_PE,D,20190814,000000,15,15,14.9,14.9,0,0
FEE_PE,D,20190816,000000,14.9,14.9,14.9,14.9,0,0
FEE_PE,D,20190819,000000,14.9,14.9,14.1,14.8,0,0
FEE_PE,D,20190820,000000,14.8,14.8,14.8,14.8,0,0
FEE_PE,D,20190821,000000,14.8,14.8,14.8,14.8,0,0
FEE_PE,D,20190822,000000,14.8,14.8,14.8,14.8,0,0
FEE_PE,D,20190823,000000,14.8,14.8,14.8,14.8,0,0
FEE_PE,D,20190826,000000,14.8,14.8,14.8,14.8,0,0
FEE_PE,D,20190827,000000,14.8,14.8,14.8,14.8,0,0
FEE_PE,D,20190828,000000,14.8,14.8,14.8,14.8,0,0
FEE_PE,D,20190829,000000,14.8,14.8,14.8,14.8,0,0
FEE_PE,D,20190830,000000,14.8,14.8,14,14,0,0
FEE_PE,D,20190902,000000,15,15,13.9,13.9,0,0
FEE_PE,D,20190903,000000,13.9,13.9,13.9,13.9,0,0
FEE_PE,D,20190904,000000,13.9,13.9,13.9,13.9,0,0
FEE_PE,D,20190905,000000,13.9,13.9,13.9,13.9,0,0
FEE_PE,D,20190906,000000,13.9,14,13.9,14,0,0
FEE_PE,D,20190909,000000,14,14,14,14,0,0
FEE_PE,D,20190910,000000,14,14,14,14,0,0
FEE_PE,D,20190911,000000,14,14,14,14,0,0
FEE_PE,D,20190912,000000,13.5,14,13.5,13.9,0,0
FEE_PE,D,20190913,000000,13.9,13.9,13.9,13.9,0,0
FEE_PE,D,20190916,000000,13.9,13.9,13.8,13.9,0,0
FEE_PE,D,20190917,000000,13.9,13.9,13.8,13.8,0,0
FEE_PE,D,20190918,000000,13.8,13.8,13.7,13.7,0,0
FEE_PE,D,20190919,000000,13.7,13.7,13.7,13.7,0,0
FEE_PE,D,20190920,000000,13.7,13.7,13.7,13.7,0,0
FEE_PE,D,20190923,000000,13.7,13.8,13.7,13.8,0,0
FEE_PE,D,20190924,000000,13.9,14.8,13.9,14,0,0
FEE_PE,D,20190925,000000,14.8,14.8,14.2,14.2,0,0
FEE_PE,D,20190926,000000,14.8,14.8,13.9,14.8,0,0
FEE_PE,D,20190927,000000,14.8,14.8,9.3,9.3,0,0
FEE_PE,D,20190930,000000,10,10,9.3,9.3,0,0
FEE_PE,D,20191001,000000,10.2,10.2,9.4,10.1,0,0
FEE_PE,D,20191002,000000,10.1,10.1,10.1,10.1,0,0
FEE_PE,D,20191003,000000,10.1,10.1,10.1,10.1,0,0
FEE_PE,D,20191004,000000,10.1,10.1,9.4,10.1,0,0
FEE_PE,D,20191007,000000,10,10.1,9.6,9.7,0,0
FEE_PE,D,20191008,000000,10.1,10.2,10.1,10.2,0,0
FEE_PE,D,20191009,000000,10.2,10.2,10.2,10.2,0,0
FEE_PE,D,20191010,000000,10.2,10.5,9.4,9.6,0,0
FEE_PE,D,20191011,000000,9.6,10.5,9.6,10.5,0,0
FEE_PE,D,20191014,000000,11.1,11.2,10.5,11,0,0
FEE_PE,D,20191015,000000,11.2,11.2,10.9,11.1,0,0
FEE_PE,D,20191016,000000,11.1,12.1,11.1,12.1,0,0
FEE_PE,D,20191017,000000,11.2,12.3,11.2,12.3,0,0
FEE_PE,D,20191018,000000,12,12,11.6,12,0,0
FEE_PE,D,20191021,000000,11.7,12,11.7,12,0,0
FEE_PE,D,20191022,000000,11.8,11.8,11.7,11.7,0,0
FEE_PE,D,20191023,000000,11.7,11.7,11.1,11.7,0,0
FEE_PE,D,20191024,000000,11.7,11.7,11.7,11.7,0,0
FEE_PE,D,20191025,000000,11.7,11.7,11,11.7,0,0
FEE_PE,D,20191028,000000,11.7,11.7,11.7,11.7,0,0
FEE_PE,D,20191029,000000,11.7,11.7,11,11.6,0,0
FEE_PE,D,20191030,000000,11.6,11.6,11.4,11.6,0,0
FEE_PE,D,20191031,000000,11.6,11.6,11.6,11.6,0,0
FEE_PE,D,20191104,000000,11.6,11.6,11.6,11.6,0,0
FEE_PE,D,20191105,000000,11.6,11.6,11.5,11.6,0,0
FEE_PE,D,20191106,000000,11.6,11.6,11.6,11.6,0,0
FEE_PE,D,20191107,000000,11.5,11.6,11.1,11.6,0,0
FEE_PE,D,20191108,000000,11.6,11.6,11.6,11.6,0,0
FEE_PE,D,20191112,000000,11.6,11.6,11.6,11.6,0,0
FEE_PE,D,20191113,000000,11.6,11.6,11.6,11.6,0,0
FEE_PE,D,20191114,000000,11.6,11.6,11.6,11.6,0,0
FEE_PE,D,20191115,000000,11.6,11.6,11,11.6,0,0
FEE_PE,D,20191118,000000,11.6,11.6,11.6,11.6,0,0
FEE_PE,D,20191119,000000,11.6,11.6,11.4,11.6,0,0
FEE_PE,D,20191120,000000,11.6,11.6,11.6,11.6,0,0
FEE_PE,D,20191121,000000,11.6,11.6,11.6,11.6,0,0
FEE_PE,D,20191122,000000,11.6,11.6,11.6,11.6,0,0
FEE_PE,D,20191125,000000,11.6,11.6,11.6,11.6,0,0
FEE_PE,D,20191126,000000,11.6,11.6,11.6,11.6,0,0
FEE_PE,D,20191127,000000,11.6,11.6,11.6,11.6,0,0
FEE_PE,D,20191128,000000,11.6,11.6,11.6,11.6,0,0
FEE_PE,D,20191129,000000,11.6,11.6,11.6,11.6,0,0
FEE_PE,D,20191202,000000,12,12,7.4,7.4,0,0
FEE_PE,D,20191203,000000,7.5,7.6,7.4,7.6,0,0
FEE_PE,D,20191204,000000,7.6,7.6,7.6,7.6,0,0
FEE_PE,D,20191205,000000,7.6,7.6,7.6,7.6,0,0
FEE_PE,D,20191206,000000,7.6,7.6,7.6,7.6,0,0
FEE_PE,D,20191209,000000,7.6,7.6,7.3,7.6,0,0
FEE_PE,D,20191210,000000,7.6,7.6,7.6,7.6,0,0
FEE_PE,D,20191211,000000,7.6,7.7,7.6,7.7,0,0
FEE_PE,D,20191212,000000,7.7,7.7,7.7,7.7,0,0
FEE_PE,D,20191213,000000,7.7,7.7,7.7,7.7,0,0
FEE_PE,D,20191216,000000,7.7,7.7,7.6,7.6,0,0
FEE_PE,D,20191217,000000,7.6,7.6,7.6,7.6,0,0
FEE_PE,D,20191218,000000,7.6,7.6,7.6,7.6,0,0
FEE_PE,D,20191219,000000,7.6,7.6,7.3,7.6,0,0
FEE_PE,D,20191220,000000,7.6,7.6,7.6,7.6,0,0
FEE_PE,D,20191223,000000,7.6,7.6,7.6,7.6,0,0
FEE_PE,D,20191227,000000,7.6,7.6,7.6,7.6,0,0
FEE_PE,D,20191230,000000,7.6,7.6,7.5,7.6,0,0
FEE_PE,D,20200102,000000,7.2,7.6,7.2,7.5,0,0
FEE_PE,D,20200107,000000,7.5,7.5,7.5,7.5,0,0
FEE_PE,D,20200108,000000,7.5,7.5,7.5,7.5,0,0
FEE_PE,D,20200109,000000,7.5,7.5,7.5,7.5,0,0
FEE_PE,D,20200110,000000,7.5,7.5,7.5,7.5,0,0
FEE_PE,D,20200113,000000,7.5,7.5,7.5,7.5,0,0
FEE_PE,D,20200114,000000,7.5,7.5,7.5,7.5,0,0
FEE_PE,D,20200115,000000,7.5,7.5,7.5,7.5,0,0
FEE_PE,D,20200116,000000,7.5,7.5,7.2,7.5,0,0
FEE_PE,D,20200117,000000,7.5,7.5,7.1,7.5,0,0
FEE_PE,D,20200120,000000,7.5,7.5,7.5,7.5,0,0
FEE_PE,D,20200121,000000,7.5,7.5,7.1,7.4,0,0
FEE_PE,D,20200122,000000,7.4,7.4,7.2,7.4,0,0
FEE_PE,D,20200123,000000,7.4,7.4,7.4,7.4,0,0
FEE_PE,D,20200124,000000,7.4,7.4,7.4,7.4,0,0
FEE_PE,D,20200127,000000,7.4,7.4,7.2,7.4,0,0
FEE_PE,D,20200128,000000,7.4,7.4,7.3,7.4,0,0
FEE_PE,D,20200129,000000,7.4,7.5,7.4,7.4,0,0
FEE_PE,D,20200130,000000,7.4,7.8,7.4,7.7,0,0
FEE_PE,D,20200131,000000,7.6,7.6,7.5,7.6,0,0
FEE_PE,D,20200203,000000,7.6,7.8,7.6,7.8,0,0
FEE_PE,D,20200204,000000,7.8,7.8,7.8,7.8,0,0
FEE_PE,D,20200205,000000,7.8,7.8,7.8,7.8,0,0
FEE_PE,D,20200206,000000,7.8,7.8,7.7,7.8,0,0
FEE_PE,D,20200207,000000,7.8,7.8,7.7,7.7,0,0
FEE_PE,D,20200210,000000,7.7,7.7,7.7,7.7,0,0
FEE_PE,D,20200211,000000,7.7,7.7,7.6,7.6,0,0
FEE_PE,D,20200212,000000,7.6,7.8,7.6,7.8,0,0
FEE_PE,D,20200213,000000,8.6,8.6,7.9,8.1,0,0
FEE_PE,D,20200214,000000,8.2,8.2,8,8,0,0
FEE_PE,D,20200217,000000,8,8,8,8,0,0
FEE_PE,D,20200218,000000,8,8,8,8,0,0
FEE_PE,D,20200219,000000,8,8.2,7.4,7.4,0,0
FEE_PE,D,20200220,000000,7.8,8.1,7.8,8.1,0,0
FEE_PE,D,20200221,000000,7.7,7.8,7.5,7.5,0,0
FEE_PE,D,20200224,000000,7.7,7.8,7.4,7.8,0,0
FEE_PE,D,20200225,000000,8.1,8.1,7.8,8.1,0,0
FEE_PE,D,20200226,000000,8.1,8.1,8.1,8.1,0,0
FEE_PE,D,20200227,000000,8.1,8.1,7.7,7.8,0,0
FEE_PE,D,20200228,000000,7.2,7.4,7.2,7.4,0,0
FEE_PE,D,20200302,000000,7.2,7.8,7.2,7.7,0,0
FEE_PE,D,20200303,000000,7.8,7.8,7.8,7.8,0,0
FEE_PE,D,20200304,000000,7.8,7.9,7.3,7.9,0,0
FEE_PE,D,20200305,000000,7.6,7.6,7.6,7.6,0,0
FEE_PE,D,20200306,000000,7.8,7.8,7.6,7.8,0,0
FEE_PE,D,20200309,000000,7.8,7.8,7,7.7,0,0
FEE_PE,D,20200310,000000,7.6,7.6,7.3,7.6,0,0
FEE_PE,D,20200311,000000,7.6,7.6,7.6,7.6,0,0
FEE_PE,D,20200312,000000,7.6,7.6,7.6,7.6,0,0
FEE_PE,D,20200313,000000,7.6,7.6,7.4,7.4,0,0
FEE_PE,D,20200316,000000,7.4,7.4,6.5,6.6,0,0
FEE_PE,D,20200317,000000,6.6,6.6,6,6.6,0,0
FEE_PE,D,20200318,000000,6.6,6.9,6.6,6.9,0,0
FEE_PE,D,20200319,000000,6.9,6.9,6.9,6.9,0,0
FEE_PE,D,20200320,000000,6.9,7.5,6.9,7.4,0,0
FEE_PE,D,20200323,000000,7.4,7.4,7.1,7.1,0,0
FEE_PE,D,20200324,000000,7.1,7.3,6.6,7.3,0,0
FEE_PE,D,20200325,000000,7.3,7.3,7.3,7.3,0,0
FEE_PE,D,20200326,000000,7.2,7.2,7.1,7.1,0,0
FEE_PE,D,20200327,000000,7.2,7.2,7.2,7.2,0,0
FEE_PE,D,20200330,000000,7.1,7.2,7.1,7.1,0,0
FEE_PE,D,20200331,000000,7.1,7.2,7.1,7.1,0,0
FEE_PE,D,20200401,000000,7.4,7.4,7.4,7.4,0,0
FEE_PE,D,20200402,000000,7.4,7.4,7.3,7.3,0,0
FEE_PE,D,20200403,000000,7.3,7.3,7.3,7.3,0,0
FEE_PE,D,20200406,000000,7.4,7.4,7.1,7.1,0,0
FEE_PE,D,20200407,000000,7.3,7.3,7.1,7.3,0,0
FEE_PE,D,20200408,000000,7.4,7.4,7.4,7.4,0,0
FEE_PE,D,20200409,000000,7.4,7.4,7.1,7.1,0,0
FEE_PE,D,20200414,000000,7.1,7.1,6.7,7.1,0,0
FEE_PE,D,20200415,000000,7.1,7.1,7.1,7.1,0,0
FEE_PE,D,20200416,000000,7,7.1,7,7.1,0,0
FEE_PE,D,20200417,000000,7.1,7.1,7.1,7.1,0,0
FEE_PE,D,20200420,000000,7.3,7.4,7.3,7.4,0,0
FEE_PE,D,20200421,000000,6.9,6.9,6.9,6.9,0,0
FEE_PE,D,20200422,000000,6.9,6.9,6.9,6.9,0,0
FEE_PE,D,20200423,000000,6.6,6.9,6.6,6.9,0,0
FEE_PE,D,20200424,000000,6.9,6.9,6.6,6.9,0,0
FEE_PE,D,20200427,000000,6.9,6.9,6.9,6.9,0,0
FEE_PE,D,20200428,000000,6.9,6.9,6.6,6.8,0,0
FEE_PE,D,20200429,000000,6.8,6.8,6.8,6.8,0,0
FEE_PE,D,20200430,000000,6.8,6.8,6.7,6.8,0,0
FEE_PE,D,20200504,000000,6.8,6.8,6.7,6.7,0,0
FEE_PE,D,20200505,000000,6.7,6.7,6.6,6.7,0,0
FEE_PE,D,20200506,000000,6.8,6.8,6.7,6.7,0,0
FEE_PE,D,20200507,000000,6.8,6.8,6.6,6.7,0,0
FEE_PE,D,20200508,000000,6.8,6.8,6.8,6.8,0,0
FEE_PE,D,20200511,000000,6.8,7.1,6.8,7.1,0,0
FEE_PE,D,20200512,000000,7,7.3,6.6,7.3,0,0
FEE_PE,D,20200513,000000,7.3,7.3,7.1,7.1,0,0
FEE_PE,D,20200514,000000,7.1,7.3,7.1,7.3,0,0
FEE_PE,D,20200515,000000,7.3,7.3,7.3,7.3,0,0
FEE_PE,D,20200518,000000,7.3,7.3,7.3,7.3,0,0
FEE_PE,D,20200519,000000,7.3,7.3,7.3,7.3,0,0
FEE_PE,D,20200520,000000,7.4,8,6.6,6.6,0,0
FEE_PE,D,20200521,000000,6.7,6.7,6.6,6.6,0,0
FEE_PE,D,20200522,000000,6.6,6.6,6.1,6.5,0,0
FEE_PE,D,20200525,000000,6.4,6.4,6.3,6.3,0,0
FEE_PE,D,20200526,000000,6.3,6.3,6.1,6.1,0,0
FEE_PE,D,20200527,000000,6.2,6.2,6.2,6.2,0,0
FEE_PE,D,20200528,000000,6.3,6.6,6.3,6.6,0,0
FEE_PE,D,20200529,000000,6.6,6.6,6.5,6.5,0,0
FEE_PE,D,20200601,000000,6.6,6.6,6.3,6.4,0,0
FEE_PE,D,20200602,000000,6.6,6.6,6.5,6.5,0,0
FEE_PE,D,20200603,000000,6.8,6.8,6.4,6.5,0,0
FEE_PE,D,20200604,000000,6.3,6.5,6.3,6.5,0,0
FEE_PE,D,20200605,000000,6.5,6.5,6.3,6.3,0,0
FEE_PE,D,20200608,000000,6.5,6.5,6.5,6.5,0,0
FEE_PE,D,20200609,000000,6.8,6.8,6.8,6.8,0,0
FEE_PE,D,20200610,000000,6.8,6.8,6.4,6.8,0,0
FEE_PE,D,20200612,000000,6.8,6.8,6.7,6.7,0,0
FEE_PE,D,20200615,000000,6.6,6.7,6.6,6.7,0,0
FEE_PE,D,20200616,000000,6.7,6.8,6.4,6.6,0,0
FEE_PE,D,20200617,000000,6.8,7.1,6.5,6.5,0,0
FEE_PE,D,20200618,000000,6.9,6.9,6.5,6.9,0,0
FEE_PE,D,20200619,000000,6.9,6.9,6.9,6.9,0,0
FEE_PE,D,20200622,000000,6.9,6.9,6.3,6.8,0,0
FEE_PE,D,20200623,000000,6.5,6.8,6.5,6.8,0,0
FEE_PE,D,20200624,000000,6.6,6.6,6.2,6.6,0,0
FEE_PE,D,20200625,000000,6.9,6.9,6.3,6.3,0,0
FEE_PE,D,20200626,000000,6.6,6.6,6.6,6.6,0,0
FEE_PE,D,20200629,000000,6.8,6.8,6.7,6.7,0,0
FEE_PE,D,20200630,000000,6.8,6.8,6.8,6.8,0,0
FEE_PE,D,20200701,000000,6.8,7.1,6,6,0,0
FEE_PE,D,20200702,000000,6.1,6.2,5.9,6.2,0,0
FEE_PE,D,20200703,000000,6,6,5.9,6,0,0
FEE_PE,D,20200706,000000,5.9,6.2,5.9,6.2,0,0
FEE_PE,D,20200707,000000,6,6,5.8,5.8,0,0
FEE_PE,D,20200708,000000,6,6,5.8,5.9,0,0
FEE_PE,D,20200709,000000,5.9,5.9,5.9,5.9,0,0
FEE_PE,D,20200710,000000,5.9,6,5.4,5.4,0,0
FEE_PE,D,20200713,000000,5.9,5.9,5.5,5.8,0,0
FEE_PE,D,20200714,000000,5.8,5.8,5.6,5.8,0,0
FEE_PE,D,20200715,000000,5.8,5.8,5.5,5.8,0,0
FEE_PE,D,20200716,000000,5.7,5.7,5.6,5.6,0,0
FEE_PE,D,20200717,000000,5.7,5.7,5.6,5.7,0,0
FEE_PE,D,20200720,000000,6,6,5.4,5.4,0,0
FEE_PE,D,20200721,000000,5.7,5.7,5.6,5.6,0,0
FEE_PE,D,20200722,000000,5.2,5.7,5.2,5.5,0,0
FEE_PE,D,20200723,000000,5.6,5.6,5.5,5.6,0,0
FEE_PE,D,20200724,000000,5.2,5.6,5.2,5.4,0,0
FEE_PE,D,20200727,000000,5.4,5.5,5.4,5.4,0,0
FEE_PE,D,20200728,000000,5.5,5.5,5.4,5.5,0,0
FEE_PE,D,20200729,000000,5.5,5.5,5.4,5.5,0,0
FEE_PE,D,20200730,000000,5.5,5.5,5.4,5.5,0,0
FEE_PE,D,20200731,000000,5.5,5.5,5.4,5.5,0,0
FEE_PE,D,20200803,000000,5.5,5.5,5.5,5.5,0,0
FEE_PE,D,20200804,000000,5.5,5.5,5.3,5.5,0,0
FEE_PE,D,20200805,000000,5.5,5.5,5.5,5.5,0,0
FEE_PE,D,20200806,000000,5.5,5.5,5.5,5.5,0,0
FEE_PE,D,20200807,000000,5.4,5.5,5.4,5.5,0,0
FEE_PE,D,20200810,000000,5.5,5.5,5.5,5.5,0,0
FEE_PE,D,20200811,000000,5.5,5.5,5.5,5.5,0,0
FEE_PE,D,20200812,000000,5.6,5.6,5.6,5.6,0,0
FEE_PE,D,20200813,000000,5.6,5.6,5.6,5.6,0,0
FEE_PE,D,20200814,000000,5.6,5.6,5.5,5.5,0,0
FEE_PE,D,20200817,000000,5.6,5.6,5.6,5.6,0,0
FEE_PE,D,20200818,000000,5.6,5.6,5.6,5.6,0,0
FEE_PE,D,20200819,000000,5.6,5.6,5.6,5.6,0,0
FEE_PE,D,20200820,000000,5.6,5.6,5.6,5.6,0,0
FEE_PE,D,20200821,000000,5.6,5.6,5.5,5.5,0,0
