<TICKER>,<PER>,<DATE>,<TIME>,<OPEN>,<HIGH>,<LOW>,<CLOSE>,<VOL>,<OPENINT>
FON_PE,D,20110322,000000,9.6,9.6,9.6,9.6,0,0
FON_PE,D,20110323,000000,9.4,9.6,8.9,9.4,0,0
FON_PE,D,20110324,000000,9.2,9.4,8.9,9,0,0
FON_PE,D,20110325,000000,9,9.2,8.8,9.2,0,0
FON_PE,D,20110328,000000,9.2,9.2,8.7,9.2,0,0
FON_PE,D,20110329,000000,9,9.2,8.7,9.2,0,0
FON_PE,D,20110330,000000,9.2,9.2,8.7,9.2,0,0
FON_PE,D,20110331,000000,9,9.2,8.7,9,0,0
FON_PE,D,20110401,000000,9,9,8.8,9,0,0
FON_PE,D,20110404,000000,9,9,8.6,9,0,0
FON_PE,D,20110405,000000,9,9,8.3,8.5,0,0
FON_PE,D,20110406,000000,8.5,8.7,8.5,8.7,0,0
FON_PE,D,20110407,000000,8.7,9,8.5,9,0,0
FON_PE,D,20110408,000000,9,9.9,8.8,9.4,0,0
FON_PE,D,20110411,000000,9.2,9.6,8.9,9,0,0
FON_PE,D,20110412,000000,9.2,9.5,9,9.4,0,0
FON_PE,D,20110413,000000,9.4,9.4,9.2,9.4,0,0
FON_PE,D,20110414,000000,9.4,9.6,8.9,9.6,0,0
FON_PE,D,20110415,000000,9.2,9.6,9.2,9.4,0,0
FON_PE,D,20110418,000000,9.6,9.6,9.2,9.4,0,0
FON_PE,D,20110419,000000,9.4,9.4,9.2,9.4,0,0
FON_PE,D,20110420,000000,9.2,9.4,8.5,9,0,0
FON_PE,D,20110421,000000,9,9.2,8.7,8.7,0,0
FON_PE,D,20110426,000000,8.9,9,8.7,9,0,0
FON_PE,D,20110427,000000,8.8,9,8.6,9,0,0
FON_PE,D,20110428,000000,8.8,9,8.7,8.7,0,0
FON_PE,D,20110429,000000,8.9,9,8.7,9,0,0
FON_PE,D,20110502,000000,8.8,9,8.7,8.7,0,0
FON_PE,D,20110504,000000,8.7,8.9,8.5,8.7,0,0
FON_PE,D,20110505,000000,8.7,8.9,8.5,8.5,0,0
FON_PE,D,20110506,000000,8.5,8.9,8.5,8.7,0,0
FON_PE,D,20110509,000000,8.7,8.7,8.5,8.7,0,0
FON_PE,D,20110510,000000,8.7,8.7,8.5,8.7,0,0
FON_PE,D,20110511,000000,8.7,8.9,8.5,8.7,0,0
FON_PE,D,20110512,000000,8.5,8.7,8.5,8.7,0,0
FON_PE,D,20110513,000000,8.5,8.7,8.5,8.7,0,0
FON_PE,D,20110516,000000,8.5,8.7,8.3,8.7,0,0
FON_PE,D,20110517,000000,8.7,16.8,8.2,16.8,0,0
FON_PE,D,20110518,000000,16.8,17.3,16.8,17.3,0,0
FON_PE,D,20110519,000000,17.3,17.3,16.8,17.3,0,0
FON_PE,D,20110520,000000,16.8,17.3,16.8,16.8,0,0
FON_PE,D,20110523,000000,17.3,17.3,16.4,17.3,0,0
FON_PE,D,20110524,000000,16.4,17.3,16.4,16.8,0,0
FON_PE,D,20110525,000000,16.4,17.3,16.4,17.3,0,0
FON_PE,D,20110526,000000,17.3,17.3,16.4,16.8,0,0
FON_PE,D,20110527,000000,16.8,18.7,16.4,18.7,0,0
FON_PE,D,20110530,000000,19.2,19.2,17.8,17.8,0,0
FON_PE,D,20110531,000000,18.3,18.3,17.8,17.8,0,0
FON_PE,D,20110601,000000,17.8,17.8,16.9,17.8,0,0
FON_PE,D,20110602,000000,17.4,17.8,17.4,17.8,0,0
FON_PE,D,20110603,000000,17.4,17.8,17.3,17.3,0,0
FON_PE,D,20110606,000000,17.7,17.7,17.3,17.3,0,0
FON_PE,D,20110607,000000,17.3,17.8,17.3,17.8,0,0
FON_PE,D,20110608,000000,17.4,17.4,17.3,17.3,0,0
FON_PE,D,20110609,000000,17.3,17.7,16.8,17.3,0,0
FON_PE,D,20110610,000000,16.8,17.7,16.8,16.8,0,0
FON_PE,D,20110613,000000,17.3,17.3,16.8,16.8,0,0
FON_PE,D,20110614,000000,17.3,17.3,16.8,17.3,0,0
FON_PE,D,20110615,000000,16.8,17.3,16.8,16.8,0,0
FON_PE,D,20110616,000000,16.8,17.3,16.8,17.3,0,0
FON_PE,D,20110617,000000,16.8,17.3,16.8,17.3,0,0
FON_PE,D,20110620,000000,16.8,17.3,16.8,16.8,0,0
FON_PE,D,20110621,000000,16.8,16.8,16.8,16.8,0,0
FON_PE,D,20110622,000000,16.8,16.8,16.4,16.4,0,0
FON_PE,D,20110624,000000,16.8,16.8,16.4,16.4,0,0
FON_PE,D,20110627,000000,16.8,16.8,15.9,15.9,0,0
FON_PE,D,20110628,000000,15.9,15.9,15.5,15.5,0,0
FON_PE,D,20110629,000000,15.5,16.4,15.5,16.4,0,0
FON_PE,D,20110630,000000,15.9,16.4,15.9,16.4,0,0
FON_PE,D,20110701,000000,16.4,16.4,15.9,15.9,0,0
FON_PE,D,20110704,000000,15.9,16.4,15.9,15.9,0,0
FON_PE,D,20110705,000000,15.9,17.3,15.5,16.4,0,0
FON_PE,D,20110706,000000,16.8,16.8,16.4,16.4,0,0
FON_PE,D,20110707,000000,16.4,16.4,16.4,16.4,0,0
FON_PE,D,20110708,000000,15.9,16.8,15.9,16.4,0,0
FON_PE,D,20110711,000000,16.4,16.4,16.4,16.4,0,0
FON_PE,D,20110712,000000,15.9,15.9,15.5,15.9,0,0
FON_PE,D,20110713,000000,15.9,16.4,15.9,16.4,0,0
FON_PE,D,20110714,000000,16.4,16.4,16.4,16.4,0,0
FON_PE,D,20110715,000000,16.4,16.4,15.5,16.4,0,0
FON_PE,D,20110718,000000,15.9,15.9,15.9,15.9,0,0
FON_PE,D,20110719,000000,15.5,16.8,15.5,16.4,0,0
FON_PE,D,20110720,000000,16.4,17.8,16.4,17.8,0,0
FON_PE,D,20110721,000000,17.8,53.3,16.4,53.3,0,0
FON_PE,D,20110722,000000,53.4,54.8,50.7,53.3,0,0
FON_PE,D,20110725,000000,53.4,53.4,50.7,53.3,0,0
FON_PE,D,20110726,000000,53.4,53.4,50.7,51.9,0,0
FON_PE,D,20110727,000000,50.7,52.1,49.3,50.5,0,0
FON_PE,D,20110728,000000,49.3,49.3,49.2,49.2,0,0
FON_PE,D,20110729,000000,50.7,50.7,47.9,49.2,0,0
FON_PE,D,20110801,000000,49.3,50.7,49.3,50.5,0,0
FON_PE,D,20110802,000000,49.3,49.3,47.8,47.8,0,0
FON_PE,D,20110803,000000,47.9,47.9,45.1,45.1,0,0
FON_PE,D,20110804,000000,44,45.3,38.7,39.6,0,0
FON_PE,D,20110805,000000,39.7,39.7,34.2,38.2,0,0
FON_PE,D,20110808,000000,35.6,38.4,34.1,34.1,0,0
FON_PE,D,20110809,000000,32.9,34.2,30,30,0,0
FON_PE,D,20110810,000000,32.9,32.9,30.1,31.4,0,0
FON_PE,D,20110811,000000,30.1,32.9,30.1,32.8,0,0
FON_PE,D,20110812,000000,32.9,35.6,32.8,34.1,0,0
FON_PE,D,20110816,000000,35.6,35.6,34.1,34.1,0,0
FON_PE,D,20110817,000000,35.6,37,34.1,36.9,0,0
FON_PE,D,20110818,000000,37,37,31.5,34.1,0,0
FON_PE,D,20110819,000000,31.5,34.2,31.5,34.1,0,0
FON_PE,D,20110822,000000,34.2,34.2,31.5,34.1,0,0
FON_PE,D,20110823,000000,34.2,34.2,32.9,34.1,0,0
FON_PE,D,20110824,000000,34.2,34.2,32.8,32.8,0,0
FON_PE,D,20110825,000000,34.2,35.6,34.2,35.5,0,0
FON_PE,D,20110826,000000,34.2,35.5,32.9,34.1,0,0
FON_PE,D,20110829,000000,34.2,35.6,34.2,35.5,0,0
FON_PE,D,20110830,000000,35.6,35.6,34.2,35.5,0,0
FON_PE,D,20110831,000000,35.6,35.6,35.5,35.5,0,0
FON_PE,D,20110901,000000,34.2,35.6,32.8,32.8,0,0
FON_PE,D,20110902,000000,32.9,42.8,32.9,42.8,0,0
FON_PE,D,20110905,000000,44.6,44.6,41,41,0,0
FON_PE,D,20110906,000000,39.3,42.9,39.3,41,0,0
FON_PE,D,20110907,000000,42.9,44.6,41,41,0,0
FON_PE,D,20110908,000000,41.1,42.9,41,41,0,0
FON_PE,D,20110909,000000,41.1,42.9,41,41,0,0
FON_PE,D,20110912,000000,39.3,39.3,37.5,39.3,0,0
FON_PE,D,20110913,000000,39.3,39.3,37.5,37.5,0,0
FON_PE,D,20110914,000000,39.3,39.3,37.5,37.5,0,0
FON_PE,D,20110915,000000,37.5,39.3,37.5,39.3,0,0
FON_PE,D,20110916,000000,39.3,39.3,39.3,39.3,0,0
FON_PE,D,20110919,000000,37.5,39.3,35.7,35.7,0,0
FON_PE,D,20110920,000000,35.7,37.5,33.9,37.5,0,0
FON_PE,D,20110921,000000,35.7,37.5,33.9,35.7,0,0
FON_PE,D,20110922,000000,33.9,35.7,32.1,33.9,0,0
FON_PE,D,20110923,000000,32.1,33.9,30.4,32.1,0,0
FON_PE,D,20110926,000000,32.1,33.9,30.4,32.1,0,0
FON_PE,D,20110927,000000,32.1,32.1,30.4,32.1,0,0
FON_PE,D,20110928,000000,32.1,32.1,30.3,30.3,0,0
FON_PE,D,20110929,000000,30.4,30.4,30.3,30.3,0,0
FON_PE,D,20110930,000000,28.6,30.3,28.6,28.6,0,0
FON_PE,D,20111003,000000,28.6,30.4,26.8,26.8,0,0
FON_PE,D,20111004,000000,28.6,28.6,26.8,28.6,0,0
FON_PE,D,20111005,000000,28.6,30.3,26.8,30.3,0,0
FON_PE,D,20111006,000000,30.4,30.4,28.6,28.6,0,0
FON_PE,D,20111007,000000,30.4,30.4,28.6,28.6,0,0
FON_PE,D,20111010,000000,30.4,30.4,28.6,30.3,0,0
FON_PE,D,20111011,000000,32.1,32.1,30.3,30.3,0,0
FON_PE,D,20111012,000000,30.4,33.9,30.4,32.1,0,0
FON_PE,D,20111013,000000,32.1,33.9,30.4,33.9,0,0
FON_PE,D,20111014,000000,33.9,35.7,32.1,33.9,0,0
FON_PE,D,20111017,000000,35.7,39.3,35.7,35.7,0,0
FON_PE,D,20111018,000000,35.7,35.7,33.9,35.7,0,0
FON_PE,D,20111019,000000,35.7,37.5,35.7,35.7,0,0
FON_PE,D,20111020,000000,35.7,35.7,33.9,33.9,0,0
FON_PE,D,20111021,000000,33.9,35.7,33.9,33.9,0,0
FON_PE,D,20111024,000000,33.9,35.7,33.9,33.9,0,0
FON_PE,D,20111025,000000,35.7,35.7,33.9,33.9,0,0
FON_PE,D,20111026,000000,33.9,33.9,32.1,33.9,0,0
FON_PE,D,20111027,000000,35.7,35.7,33.9,33.9,0,0
FON_PE,D,20111028,000000,35.7,35.7,33.9,33.9,0,0
FON_PE,D,20111031,000000,33.9,35.7,32.1,33.9,0,0
FON_PE,D,20111102,000000,32.1,33.9,32.1,33.9,0,0
FON_PE,D,20111103,000000,33.9,39.3,32.1,39.3,0,0
FON_PE,D,20111104,000000,39.3,42.9,35.7,35.7,0,0
FON_PE,D,20111107,000000,37.5,42.9,35.7,41,0,0
FON_PE,D,20111108,000000,39.3,41.1,37.5,39.3,0,0
FON_PE,D,20111109,000000,41.1,41.1,37.5,37.5,0,0
FON_PE,D,20111110,000000,37.5,39.3,35.7,35.7,0,0
FON_PE,D,20111114,000000,39.3,39.3,37.5,39.3,0,0
FON_PE,D,20111115,000000,39.3,39.3,35.7,35.7,0,0
FON_PE,D,20111116,000000,35.7,35.7,7.7,7.7,0,0
FON_PE,D,20111117,000000,7.7,8.1,7.3,7.7,0,0
FON_PE,D,20111118,000000,7.7,9.5,7.7,9.5,0,0
FON_PE,D,20111121,000000,9.1,9.1,8,8.1,0,0
FON_PE,D,20111122,000000,8.1,10.3,8.1,10.3,0,0
FON_PE,D,20111123,000000,10.3,12.5,10.3,12.5,0,0
FON_PE,D,20111124,000000,11.4,15.4,11,15.4,0,0
FON_PE,D,20111125,000000,13.9,15,11.7,11.7,0,0
FON_PE,D,20111128,000000,10.9,12,9.9,10.3,0,0
FON_PE,D,20111129,000000,10.3,11,9.6,9.9,0,0
FON_PE,D,20111130,000000,9.5,9.5,8.8,8.8,0,0
FON_PE,D,20111201,000000,8.8,9.2,7.3,7.7,0,0
FON_PE,D,20111202,000000,7.7,8.4,7,7.3,0,0
FON_PE,D,20111205,000000,7.3,7.3,6.9,7.3,0,0
FON_PE,D,20111206,000000,7.3,7.3,6.6,6.6,0,0
FON_PE,D,20111207,000000,7,7.3,6.6,7,0,0
FON_PE,D,20111208,000000,7.4,7.4,6.6,7,0,0
FON_PE,D,20111209,000000,7,7.4,6.6,7.3,0,0
FON_PE,D,20111212,000000,7.3,8.4,7.3,8.1,0,0
FON_PE,D,20111213,000000,7.7,7.7,6.6,7,0,0
FON_PE,D,20111214,000000,6.6,7,6.3,7,0,0
FON_PE,D,20111215,000000,6.6,7,6.6,7,0,0
FON_PE,D,20111216,000000,6.6,7,6.6,6.6,0,0
FON_PE,D,20111219,000000,6.2,7,6.2,6.6,0,0
FON_PE,D,20111220,000000,6.6,7,6.2,7,0,0
FON_PE,D,20111221,000000,6.6,7,6.3,7,0,0
FON_PE,D,20111222,000000,7,7,6.3,6.6,0,0
FON_PE,D,20111223,000000,6.6,6.6,6.2,6.6,0,0
FON_PE,D,20111227,000000,6.2,6.6,6.2,6.2,0,0
FON_PE,D,20111228,000000,6.2,6.6,6.2,6.6,0,0
FON_PE,D,20111229,000000,6.2,6.6,6.2,6.6,0,0
FON_PE,D,20111230,000000,6.6,6.6,6.2,6.6,0,0
FON_PE,D,20120102,000000,6.6,6.6,6.2,6.6,0,0
FON_PE,D,20120103,000000,6.2,7,6.2,7,0,0
FON_PE,D,20120104,000000,6.6,7.4,6.6,7,0,0
FON_PE,D,20120105,000000,7,7,6.6,6.6,0,0
FON_PE,D,20120109,000000,7,7,6.2,7,0,0
FON_PE,D,20120110,000000,6.6,7,6.3,6.6,0,0
FON_PE,D,20120111,000000,6.6,7,6.6,6.6,0,0
FON_PE,D,20120112,000000,6.6,7,6.6,6.6,0,0
FON_PE,D,20120113,000000,6.6,7.7,6.6,7.3,0,0
FON_PE,D,20120116,000000,6.9,7.7,6.9,7.7,0,0
FON_PE,D,20120117,000000,7.7,8.1,7.3,8.1,0,0
FON_PE,D,20120118,000000,7.4,7.7,6.6,6.6,0,0
FON_PE,D,20120119,000000,6.2,6.6,5.9,6.6,0,0
FON_PE,D,20120120,000000,6.6,6.6,6.2,6.6,0,0
FON_PE,D,20120123,000000,6.2,6.6,6.2,6.6,0,0
FON_PE,D,20120124,000000,6.2,6.6,5.9,6.2,0,0
FON_PE,D,20120125,000000,6.2,6.6,6.2,6.2,0,0
FON_PE,D,20120126,000000,6.2,6.6,6.2,6.6,0,0
FON_PE,D,20120127,000000,6.6,6.6,6.2,6.6,0,0
FON_PE,D,20120130,000000,6.6,7,6.2,7,0,0
FON_PE,D,20120131,000000,7,7,6.6,6.6,0,0
FON_PE,D,20120201,000000,7,7,6.6,7,0,0
FON_PE,D,20120202,000000,6.6,7,6.6,6.6,0,0
FON_PE,D,20120203,000000,7,7.3,6.6,7.3,0,0
FON_PE,D,20120206,000000,7.3,7.3,6.9,7,0,0
FON_PE,D,20120207,000000,7.4,7.4,7,7.3,0,0
FON_PE,D,20120208,000000,6.9,7.3,6.9,7,0,0
FON_PE,D,20120209,000000,7,7.4,7,7.3,0,0
FON_PE,D,20120210,000000,6.9,7.3,6.9,7.3,0,0
FON_PE,D,20120213,000000,6.9,7.3,6.9,7,0,0
FON_PE,D,20120214,000000,7,7.4,7,7,0,0
FON_PE,D,20120215,000000,7.4,7.4,7,7.3,0,0
FON_PE,D,20120216,000000,6.9,7.3,6.9,7.3,0,0
FON_PE,D,20120217,000000,7.3,8,6.9,7.7,0,0
FON_PE,D,20120220,000000,8.1,8.8,8.1,8.8,0,0
FON_PE,D,20120221,000000,9.2,9.5,8.4,8.8,0,0
FON_PE,D,20120222,000000,9.2,11.7,9.2,11.7,0,0
FON_PE,D,20120223,000000,11.7,11.7,9.9,10.3,0,0
FON_PE,D,20120224,000000,9.6,9.9,7.4,7.7,0,0
FON_PE,D,20120227,000000,7.7,7.7,6.6,7,0,0
FON_PE,D,20120228,000000,6.6,7,6.3,6.6,0,0
FON_PE,D,20120229,000000,6.6,7,6.2,6.6,0,0
FON_PE,D,20120301,000000,6.2,6.6,6.2,6.6,0,0
FON_PE,D,20120302,000000,6.6,7,6.2,6.6,0,0
FON_PE,D,20120305,000000,7,7,6.6,7,0,0
FON_PE,D,20120306,000000,7,7,6.3,6.6,0,0
FON_PE,D,20120307,000000,6.2,6.6,6.2,6.6,0,0
FON_PE,D,20120308,000000,6.6,7,6.6,6.6,0,0
FON_PE,D,20120309,000000,6.6,7,6.2,6.6,0,0
FON_PE,D,20120312,000000,6.6,7,6.2,6.6,0,0
FON_PE,D,20120313,000000,6.6,7,6.2,6.6,0,0
FON_PE,D,20120314,000000,7,7,6.6,6.6,0,0
FON_PE,D,20120315,000000,6.2,6.6,6.2,6.6,0,0
FON_PE,D,20120316,000000,6.6,6.6,6.2,6.6,0,0
FON_PE,D,20120319,000000,6.6,7,6.2,7,0,0
FON_PE,D,20120320,000000,7,7.4,6.6,7,0,0
FON_PE,D,20120321,000000,7,7.4,6.6,7.3,0,0
FON_PE,D,20120322,000000,7.3,7.3,4.2,4.2,0,0
FON_PE,D,20120323,000000,4.2,4.2,4,4,0,0
FON_PE,D,20120326,000000,4,4.2,4,4,0,0
FON_PE,D,20120327,000000,4,4.2,4,4.2,0,0
FON_PE,D,20120328,000000,4,4.2,4,4.2,0,0
FON_PE,D,20120329,000000,4,4.2,4,4,0,0
FON_PE,D,20120330,000000,4,4.2,3.8,4,0,0
FON_PE,D,20120402,000000,4,4.2,4,4.2,0,0
FON_PE,D,20120403,000000,4,4.2,4,4,0,0
FON_PE,D,20120404,000000,4,4.2,4,4,0,0
FON_PE,D,20120405,000000,4,4.2,3.8,4.2,0,0
FON_PE,D,20120410,000000,4,4.2,4,4.2,0,0
FON_PE,D,20120411,000000,4,4.2,4,4,0,0
FON_PE,D,20120412,000000,4,4.2,3.8,4,0,0
FON_PE,D,20120413,000000,4,4,3.8,4,0,0
FON_PE,D,20120416,000000,4,4.2,3.8,4,0,0
FON_PE,D,20120417,000000,4,4,3.8,4,0,0
FON_PE,D,20120418,000000,4,4,3.8,4,0,0
FON_PE,D,20120419,000000,3.8,4,3.8,4,0,0
FON_PE,D,20120420,000000,4,4,3.8,4,0,0
FON_PE,D,20120423,000000,4,4,3.6,3.8,0,0
FON_PE,D,20120424,000000,3.8,4,3.8,4,0,0
FON_PE,D,20120425,000000,4,4.2,4,4.2,0,0
FON_PE,D,20120426,000000,4,4.2,3.8,3.8,0,0
FON_PE,D,20120427,000000,4,4.3,3.8,4,0,0
FON_PE,D,20120430,000000,4,4.2,3.8,4,0,0
FON_PE,D,20120502,000000,4,4,3.8,4,0,0
FON_PE,D,20120504,000000,4,4,3.8,4,0,0
FON_PE,D,20120507,000000,4,4,3.8,3.8,0,0
FON_PE,D,20120508,000000,3.8,4,3.8,4,0,0
FON_PE,D,20120509,000000,4,4,3.8,3.8,0,0
FON_PE,D,20120510,000000,4,4,3.8,4,0,0
FON_PE,D,20120511,000000,3.8,4,3.8,4,0,0
FON_PE,D,20120514,000000,4,4,3.6,4,0,0
FON_PE,D,20120515,000000,3.8,4,3.6,4,0,0
FON_PE,D,20120516,000000,3.8,8.3,3.6,8.3,0,0
FON_PE,D,20120517,000000,8.3,8.3,7.8,7.8,0,0
FON_PE,D,20120518,000000,7.3,7.8,6.8,7.8,0,0
FON_PE,D,20120521,000000,7.8,8.3,7.3,8.3,0,0
FON_PE,D,20120522,000000,7.8,8.3,7.8,7.8,0,0
FON_PE,D,20120523,000000,8.3,8.3,8.3,8.3,0,0
FON_PE,D,20120524,000000,7.8,8.3,7.8,8.3,0,0
FON_PE,D,20120525,000000,7.8,8.3,7.8,7.8,0,0
FON_PE,D,20120528,000000,7.8,8.3,7.8,8.3,0,0
FON_PE,D,20120529,000000,8.3,8.3,7.8,8.3,0,0
FON_PE,D,20120530,000000,8.3,8.3,7.8,7.8,0,0
FON_PE,D,20120531,000000,7.8,8.3,7.3,7.8,0,0
FON_PE,D,20120601,000000,7.8,7.8,7.3,7.3,0,0
FON_PE,D,20120604,000000,7.3,7.8,7.3,7.8,0,0
FON_PE,D,20120605,000000,7.8,7.8,6.8,7.3,0,0
FON_PE,D,20120606,000000,7.3,7.8,7.3,7.8,0,0
FON_PE,D,20120608,000000,7.8,7.8,7.3,7.8,0,0
FON_PE,D,20120611,000000,7.8,7.8,7.3,7.8,0,0
FON_PE,D,20120612,000000,7.8,7.8,7.3,7.8,0,0
FON_PE,D,20120613,000000,7.3,7.8,7.3,7.8,0,0
FON_PE,D,20120614,000000,7.8,7.8,7.3,7.8,0,0
FON_PE,D,20120615,000000,7.8,7.8,7.3,7.8,0,0
FON_PE,D,20120618,000000,7.8,7.8,7.3,7.8,0,0
FON_PE,D,20120619,000000,7.8,7.8,7.3,7.8,0,0
FON_PE,D,20120620,000000,7.8,7.8,7.3,7.8,0,0
FON_PE,D,20120621,000000,7.8,7.8,7.3,7.8,0,0
FON_PE,D,20120622,000000,7.8,7.8,7.8,7.8,0,0
FON_PE,D,20120625,000000,7.3,7.8,7.3,7.3,0,0
FON_PE,D,20120626,000000,7.8,7.8,7.3,7.3,0,0
FON_PE,D,20120627,000000,7.8,7.8,7.3,7.3,0,0
FON_PE,D,20120628,000000,7.3,7.8,6.8,7.3,0,0
FON_PE,D,20120629,000000,7.3,7.3,6.8,7.3,0,0
FON_PE,D,20120702,000000,7.3,7.3,6.8,7.3,0,0
FON_PE,D,20120703,000000,7.3,7.3,6.3,6.8,0,0
FON_PE,D,20120704,000000,6.8,7.3,6.3,6.8,0,0
FON_PE,D,20120705,000000,6.8,6.8,6.3,6.3,0,0
FON_PE,D,20120706,000000,6.8,7.3,6.8,7.3,0,0
FON_PE,D,20120709,000000,7.3,7.3,6.8,7.3,0,0
FON_PE,D,20120710,000000,7.3,7.3,6.8,6.8,0,0
FON_PE,D,20120711,000000,6.8,7.3,6.8,7.3,0,0
FON_PE,D,20120712,000000,7.3,7.3,6.3,6.8,0,0
FON_PE,D,20120713,000000,6.8,6.8,6.8,6.8,0,0
FON_PE,D,20120716,000000,6.8,6.8,6.3,6.3,0,0
FON_PE,D,20120717,000000,6.3,6.8,5.8,6.3,0,0
FON_PE,D,20120718,000000,6.3,6.8,5.8,6.8,0,0
FON_PE,D,20120719,000000,6.8,6.8,6.3,6.3,0,0
FON_PE,D,20120720,000000,6.8,6.8,6.3,6.3,0,0
FON_PE,D,20120723,000000,5.8,6.3,5.8,6.3,0,0
FON_PE,D,20120724,000000,6.3,6.3,5.8,6.3,0,0
FON_PE,D,20120725,000000,6.3,6.3,5.8,6.3,0,0
FON_PE,D,20120726,000000,6.3,6.3,6.3,6.3,0,0
FON_PE,D,20120727,000000,5.8,6.3,5.8,6.3,0,0
FON_PE,D,20120730,000000,6.3,6.3,6.3,6.3,0,0
FON_PE,D,20120731,000000,6.3,6.3,5.8,6.3,0,0
FON_PE,D,20120801,000000,6.3,6.8,6.3,6.3,0,0
FON_PE,D,20120802,000000,6.8,6.8,6.3,6.8,0,0
FON_PE,D,20120803,000000,6.3,6.8,6.3,6.8,0,0
FON_PE,D,20120806,000000,6.8,6.8,6.3,6.8,0,0
FON_PE,D,20120807,000000,6.3,6.8,5.8,6.3,0,0
FON_PE,D,20120808,000000,6.3,6.8,5.8,6.3,0,0
FON_PE,D,20120809,000000,6.8,6.8,6.3,6.3,0,0
FON_PE,D,20120810,000000,6.3,6.8,6.3,6.3,0,0
FON_PE,D,20120813,000000,6.3,6.8,6.3,6.8,0,0
FON_PE,D,20120814,000000,6.8,6.8,6.3,6.8,0,0
FON_PE,D,20120816,000000,6.3,6.8,6.3,6.8,0,0
FON_PE,D,20120817,000000,6.3,6.8,6.3,6.3,0,0
FON_PE,D,20120820,000000,6.3,6.8,6.3,6.3,0,0
FON_PE,D,20120821,000000,6.3,6.3,5.8,6.3,0,0
FON_PE,D,20120822,000000,6.3,6.3,5.8,6.3,0,0
FON_PE,D,20120823,000000,6.3,6.3,5.8,6.3,0,0
FON_PE,D,20120824,000000,6.3,6.3,5.8,6.3,0,0
FON_PE,D,20120827,000000,6.3,6.3,6.3,6.3,0,0
FON_PE,D,20120828,000000,6.3,6.3,5.8,6.3,0,0
FON_PE,D,20120829,000000,5.8,6.3,5.8,6.3,0,0
FON_PE,D,20120830,000000,6.3,6.3,6.3,6.3,0,0
FON_PE,D,20120831,000000,6.3,6.3,4.2,4.2,0,0
FON_PE,D,20120903,000000,4.2,4.2,3.9,4.2,0,0
FON_PE,D,20120904,000000,4.2,4.2,3.9,4.2,0,0
FON_PE,D,20120905,000000,4.2,4.2,3.9,4.2,0,0
FON_PE,D,20120906,000000,3.9,4.2,3.9,4.2,0,0
FON_PE,D,20120907,000000,4.2,4.2,3.9,4.2,0,0
FON_PE,D,20120910,000000,3.9,4.2,3.9,3.9,0,0
FON_PE,D,20120911,000000,3.9,3.9,3.6,3.9,0,0
FON_PE,D,20120912,000000,3.9,3.9,3.6,3.9,0,0
FON_PE,D,20120913,000000,3.9,3.9,3.6,3.9,0,0
FON_PE,D,20120914,000000,3.9,3.9,3.6,3.9,0,0
FON_PE,D,20120917,000000,3.9,3.9,3.6,3.9,0,0
FON_PE,D,20120918,000000,3.9,3.9,3.6,3.6,0,0
FON_PE,D,20120919,000000,3.9,3.9,3.6,3.9,0,0
FON_PE,D,20120920,000000,3.9,5.2,3.9,5.2,0,0
FON_PE,D,20120921,000000,5.2,5.8,5.2,5.5,0,0
FON_PE,D,20120924,000000,5.5,5.5,4.9,5.2,0,0
FON_PE,D,20120925,000000,4.9,4.9,4.2,4.2,0,0
FON_PE,D,20120926,000000,4.5,4.8,4.2,4.5,0,0
FON_PE,D,20120927,000000,4.5,4.9,4.2,4.9,0,0
FON_PE,D,20120928,000000,4.6,4.9,4.6,4.9,0,0
FON_PE,D,20121001,000000,4.9,5.6,4.9,4.9,0,0
FON_PE,D,20121002,000000,4.9,5.2,4.9,5.2,0,0
FON_PE,D,20121003,000000,5.2,5.2,4.9,5.2,0,0
FON_PE,D,20121004,000000,4.9,5.2,4.5,4.5,0,0
FON_PE,D,20121005,000000,4.5,4.8,4.2,4.5,0,0
FON_PE,D,20121008,000000,4.5,4.8,4.2,4.5,0,0
FON_PE,D,20121009,000000,4.5,4.8,4.5,4.5,0,0
FON_PE,D,20121010,000000,4.2,4.5,4.2,4.2,0,0
FON_PE,D,20121011,000000,4.5,4.9,4.2,4.9,0,0
FON_PE,D,20121012,000000,4.9,5.2,4.9,4.9,0,0
FON_PE,D,20121015,000000,4.9,4.9,4.2,4.5,0,0
FON_PE,D,20121016,000000,4.5,4.9,4.2,4.9,0,0
FON_PE,D,20121017,000000,4.6,4.9,4.2,4.2,0,0
FON_PE,D,20121018,000000,4.2,4.9,4.2,4.9,0,0
FON_PE,D,20121019,000000,4.9,4.9,4.6,4.9,0,0
FON_PE,D,20121022,000000,4.9,4.9,4.5,4.5,0,0
FON_PE,D,20121023,000000,4.5,4.5,4.2,4.5,0,0
FON_PE,D,20121024,000000,4.2,4.5,4.2,4.2,0,0
FON_PE,D,20121025,000000,4.2,4.2,3.9,4.2,0,0
FON_PE,D,20121026,000000,4.2,4.2,3.9,4.2,0,0
FON_PE,D,20121029,000000,4.2,4.2,3.9,4.2,0,0
FON_PE,D,20121030,000000,4.2,4.2,3.9,3.9,0,0
FON_PE,D,20121031,000000,3.9,4.2,3.9,4.2,0,0
FON_PE,D,20121102,000000,3.9,4.2,3.9,4.2,0,0
FON_PE,D,20121105,000000,3.9,4.2,3.9,4.2,0,0
FON_PE,D,20121106,000000,3.9,4.2,3.9,3.9,0,0
FON_PE,D,20121107,000000,3.9,4.2,3.9,3.9,0,0
FON_PE,D,20121108,000000,3.9,4.2,3.9,4.2,0,0
FON_PE,D,20121109,000000,3.9,4.2,3.9,4.2,0,0
FON_PE,D,20121112,000000,3.9,4.2,3.9,4.2,0,0
FON_PE,D,20121113,000000,3.9,4.2,3.9,3.9,0,0
FON_PE,D,20121114,000000,4.2,4.2,3.9,3.9,0,0
FON_PE,D,20121115,000000,3.9,23.4,3.6,23.4,0,0
FON_PE,D,20121116,000000,21.6,23.5,21.4,21.4,0,0
FON_PE,D,20121119,000000,21.6,21.6,19.6,21.4,0,0
FON_PE,D,20121120,000000,19.6,23.5,19.6,21.4,0,0
FON_PE,D,20121121,000000,21.6,23.5,21.4,21.4,0,0
FON_PE,D,20121122,000000,21.6,23.5,21.6,23.4,0,0
FON_PE,D,20121123,000000,21.6,23.5,21.6,23.4,0,0
FON_PE,D,20121126,000000,21.6,23.5,21.4,21.4,0,0
FON_PE,D,20121127,000000,21.6,21.6,21.4,21.4,0,0
FON_PE,D,20121128,000000,21.6,23.5,21.4,21.4,0,0
FON_PE,D,20121129,000000,23.5,23.5,21.4,21.4,0,0
FON_PE,D,20121130,000000,21.6,23.5,19.6,21.4,0,0
FON_PE,D,20121203,000000,21.6,21.6,19.6,19.6,0,0
FON_PE,D,20121204,000000,19.6,21.6,19.6,19.6,0,0
FON_PE,D,20121205,000000,19.6,21.6,19.6,21.5,0,0
FON_PE,D,20121206,000000,19.6,21.6,19.6,19.6,0,0
FON_PE,D,20121207,000000,19.6,21.6,19.6,19.6,0,0
FON_PE,D,20121210,000000,19.6,19.6,17.6,19.6,0,0
FON_PE,D,20121211,000000,19.6,19.6,17.6,19.6,0,0
FON_PE,D,20121212,000000,19.6,19.6,17.6,19.6,0,0
FON_PE,D,20121213,000000,19.6,19.6,17.6,19.6,0,0
FON_PE,D,20121214,000000,17.6,19.6,17.6,17.6,0,0
FON_PE,D,20121217,000000,17.6,17.6,17.6,17.6,0,0
FON_PE,D,20121218,000000,17.6,19.6,17.6,19.6,0,0
FON_PE,D,20121219,000000,17.6,19.6,17.6,17.6,0,0
FON_PE,D,20121220,000000,17.6,19.6,17.6,19.6,0,0
FON_PE,D,20121221,000000,19.6,19.6,17.6,19.6,0,0
FON_PE,D,20121227,000000,19.6,19.6,17.6,19.6,0,0
FON_PE,D,20121228,000000,17.6,19.6,17.6,19.6,0,0
FON_PE,D,20130102,000000,19.6,19.6,17.6,19.6,0,0
FON_PE,D,20130103,000000,19.6,19.6,17.6,19.6,0,0
FON_PE,D,20130104,000000,17.6,19.6,17.6,17.6,0,0
FON_PE,D,20130107,000000,17.6,19.6,17.6,19.6,0,0
FON_PE,D,20130108,000000,17.6,19.6,17.6,19.6,0,0
FON_PE,D,20130109,000000,17.6,19.6,17.6,19.6,0,0
FON_PE,D,20130110,000000,19.6,21.6,19.6,19.6,0,0
FON_PE,D,20130111,000000,19.6,21.6,19.6,21.5,0,0
FON_PE,D,20130114,000000,19.6,21.6,19.6,21.5,0,0
FON_PE,D,20130115,000000,21.6,21.6,19.6,19.6,0,0
FON_PE,D,20130116,000000,19.6,21.5,19.6,21.5,0,0
FON_PE,D,20130117,000000,21.6,21.6,19.6,21.5,0,0
FON_PE,D,20130118,000000,21.6,21.6,19.6,19.6,0,0
FON_PE,D,20130121,000000,21.6,21.6,19.6,19.6,0,0
FON_PE,D,20130122,000000,19.6,21.6,19.6,21.5,0,0
FON_PE,D,20130123,000000,21.6,21.6,19.6,19.6,0,0
FON_PE,D,20130124,000000,19.6,21.6,19.6,19.6,0,0
FON_PE,D,20130125,000000,19.6,21.6,19.6,19.6,0,0
FON_PE,D,20130128,000000,19.6,21.6,19.6,19.6,0,0
FON_PE,D,20130129,000000,19.6,19.6,19.6,19.6,0,0
FON_PE,D,20130130,000000,17.6,19.6,17.6,19.6,0,0
FON_PE,D,20130131,000000,17.6,19.6,17.6,19.6,0,0
FON_PE,D,20130201,000000,19.6,19.6,17.6,19.6,0,0
FON_PE,D,20130204,000000,19.6,19.6,17.6,19.6,0,0
FON_PE,D,20130205,000000,19.6,19.6,17.6,19.6,0,0
FON_PE,D,20130206,000000,17.6,19.6,17.6,17.6,0,0
FON_PE,D,20130207,000000,17.6,19.6,17.6,19.6,0,0
FON_PE,D,20130208,000000,17.6,19.6,17.6,17.6,0,0
FON_PE,D,20130211,000000,17.6,17.6,17.6,17.6,0,0
FON_PE,D,20130212,000000,19.6,19.6,17.6,17.6,0,0
FON_PE,D,20130213,000000,17.6,19.6,17.6,17.6,0,0
FON_PE,D,20130214,000000,17.6,17.6,15.7,17.6,0,0
FON_PE,D,20130215,000000,15.7,17.6,15.7,17.6,0,0
FON_PE,D,20130218,000000,17.6,17.6,15.7,15.7,0,0
FON_PE,D,20130219,000000,17.6,17.6,15.7,17.6,0,0
FON_PE,D,20130220,000000,17.6,17.6,15.7,17.6,0,0
FON_PE,D,20130221,000000,17.6,17.6,15.7,17.6,0,0
FON_PE,D,20130222,000000,17.6,17.6,17.6,17.6,0,0
FON_PE,D,20130225,000000,17.6,17.6,15.7,17.6,0,0
FON_PE,D,20130226,000000,17.6,52.6,17.6,52.6,0,0
FON_PE,D,20130227,000000,52.9,52.9,47.1,52.6,0,0
FON_PE,D,20130228,000000,52.9,52.9,47.1,52.6,0,0
FON_PE,D,20130301,000000,52.9,58.4,52.6,58.4,0,0
FON_PE,D,20130304,000000,52.9,58.8,52.9,58.8,0,0
FON_PE,D,20140327,000000,3.6,3.6,3.6,3.6,0,0
FON_PE,D,20140328,000000,3.5,3.5,3.5,3.5,0,0
FON_PE,D,20140331,000000,3.4,3.5,3.4,3.4,0,0
FON_PE,D,20140401,000000,3.5,3.6,3.5,3.6,0,0
FON_PE,D,20140402,000000,3.5,3.5,3.5,3.5,0,0
FON_PE,D,20140403,000000,3.5,3.5,3.4,3.5,0,0
FON_PE,D,20140404,000000,3.5,3.5,3.5,3.5,0,0
FON_PE,D,20140407,000000,3.5,3.5,3.4,3.4,0,0
FON_PE,D,20140408,000000,3.4,3.4,3.3,3.4,0,0
FON_PE,D,20140409,000000,3.4,3.4,3.4,3.4,0,0
FON_PE,D,20140410,000000,3.4,3.4,3.4,3.4,0,0
FON_PE,D,20140411,000000,3.4,3.4,3.4,3.4,0,0
FON_PE,D,20140414,000000,3.4,3.4,3.3,3.3,0,0
FON_PE,D,20140415,000000,3.3,3.3,3.2,3.3,0,0
FON_PE,D,20140416,000000,3.3,3.3,3.2,3.2,0,0
FON_PE,D,20140417,000000,3.2,3.2,3.1,3.1,0,0
FON_PE,D,20140422,000000,3.1,3.2,3.1,3.2,0,0
FON_PE,D,20140423,000000,3.1,3.2,3.1,3.2,0,0
FON_PE,D,20140424,000000,3.2,3.2,3.1,3.1,0,0
FON_PE,D,20140425,000000,3.1,3.1,3.1,3.1,0,0
FON_PE,D,20140428,000000,3.1,3.1,3,3,0,0
FON_PE,D,20140429,000000,3,3.2,3,3,0,0
FON_PE,D,20140430,000000,3,3,3,3,0,0
FON_PE,D,20140502,000000,3,3.1,3,3,0,0
FON_PE,D,20140505,000000,2.9,2.9,2.9,2.9,0,0
FON_PE,D,20140506,000000,2.9,2.9,2.6,2.7,0,0
FON_PE,D,20140507,000000,2.7,2.7,2.6,2.7,0,0
FON_PE,D,20140508,000000,2.7,2.7,2.6,2.6,0,0
FON_PE,D,20140509,000000,2.6,2.6,2.6,2.6,0,0
FON_PE,D,20140512,000000,2.6,2.6,2.6,2.6,0,0
FON_PE,D,20140513,000000,2.6,2.7,2.6,2.7,0,0
FON_PE,D,20140514,000000,2.7,2.7,2.7,2.7,0,0
FON_PE,D,20140515,000000,2.7,2.7,2.7,2.7,0,0
FON_PE,D,20140516,000000,2.7,2.7,2.6,2.6,0,0
FON_PE,D,20140519,000000,2.6,2.6,2.6,2.6,0,0
FON_PE,D,20140520,000000,2.6,2.7,2.6,2.7,0,0
FON_PE,D,20140521,000000,2.7,2.8,2.7,2.7,0,0
FON_PE,D,20140522,000000,2.7,2.7,2.7,2.7,0,0
FON_PE,D,20140523,000000,2.7,2.7,2.7,2.7,0,0
FON_PE,D,20140526,000000,2.7,2.7,2.7,2.7,0,0
FON_PE,D,20140527,000000,2.7,2.7,2.7,2.7,0,0
FON_PE,D,20140528,000000,2.7,2.7,2.7,2.7,0,0
FON_PE,D,20140529,000000,2.7,2.8,2.7,2.8,0,0
FON_PE,D,20140530,000000,2.8,2.8,2.7,2.7,0,0
FON_PE,D,20140602,000000,2.7,2.8,2.7,2.8,0,0
FON_PE,D,20140603,000000,2.9,2.9,2.8,2.8,0,0
FON_PE,D,20140604,000000,2.8,2.8,2.8,2.8,0,0
FON_PE,D,20140605,000000,2.8,2.8,2.8,2.8,0,0
FON_PE,D,20140606,000000,2.8,2.8,2.8,2.8,0,0
FON_PE,D,20140609,000000,2.9,2.9,2.8,2.8,0,0
FON_PE,D,20140610,000000,2.8,2.8,2.8,2.8,0,0
FON_PE,D,20140611,000000,2.9,2.9,2.8,2.8,0,0
FON_PE,D,20140612,000000,2.8,2.8,2.7,2.8,0,0
FON_PE,D,20140613,000000,2.8,2.8,2.8,2.8,0,0
FON_PE,D,20140616,000000,2.8,2.8,2.7,2.8,0,0
FON_PE,D,20140617,000000,2.8,2.9,2.8,2.8,0,0
FON_PE,D,20140618,000000,2.8,2.8,2.7,2.8,0,0
FON_PE,D,20140620,000000,2.8,2.8,2.7,2.8,0,0
FON_PE,D,20140623,000000,2.7,2.8,2.7,2.8,0,0
FON_PE,D,20140624,000000,2.8,2.8,2.7,2.8,0,0
FON_PE,D,20140625,000000,2.8,2.8,2.8,2.8,0,0
FON_PE,D,20140626,000000,2.8,2.8,2.8,2.8,0,0
FON_PE,D,20140627,000000,2.8,2.8,2.8,2.8,0,0
FON_PE,D,20140630,000000,2.8,2.8,2.8,2.8,0,0
FON_PE,D,20140701,000000,2.7,2.8,2.7,2.8,0,0
FON_PE,D,20140702,000000,2.8,2.8,2.7,2.8,0,0
FON_PE,D,20140703,000000,2.7,2.8,2.7,2.8,0,0
FON_PE,D,20140704,000000,2.8,2.8,2.7,2.7,0,0
FON_PE,D,20140707,000000,2.7,2.7,2.6,2.7,0,0
FON_PE,D,20140708,000000,2.7,2.7,2.6,2.7,0,0
FON_PE,D,20140709,000000,2.7,2.8,2.7,2.7,0,0
FON_PE,D,20140710,000000,2.7,2.7,2.7,2.7,0,0
FON_PE,D,20140711,000000,2.7,2.7,2.7,2.7,0,0
FON_PE,D,20140714,000000,2.7,2.7,2.7,2.7,0,0
FON_PE,D,20140715,000000,2.6,2.7,2.6,2.7,0,0
FON_PE,D,20140716,000000,2.7,2.7,2.7,2.7,0,0
FON_PE,D,20140717,000000,2.7,2.7,2.7,2.7,0,0
FON_PE,D,20140718,000000,2.7,2.7,2.7,2.7,0,0
FON_PE,D,20140721,000000,2.7,2.7,2.6,2.7,0,0
FON_PE,D,20140722,000000,2.7,2.7,2.6,2.7,0,0
FON_PE,D,20140723,000000,2.7,2.7,2.7,2.7,0,0
FON_PE,D,20140724,000000,2.6,2.7,2.6,2.7,0,0
FON_PE,D,20140725,000000,2.7,2.7,2.6,2.6,0,0
FON_PE,D,20140728,000000,2.6,2.6,2.5,2.5,0,0
FON_PE,D,20140729,000000,2.5,2.5,2.5,2.5,0,0
FON_PE,D,20140730,000000,2.5,2.5,2.4,2.5,0,0
FON_PE,D,20140731,000000,2.5,2.5,2.5,2.5,0,0
FON_PE,D,20140801,000000,2.5,2.5,2.4,2.5,0,0
FON_PE,D,20140804,000000,2.5,2.5,2.4,2.5,0,0
FON_PE,D,20140805,000000,2.4,2.5,2.4,2.4,0,0
FON_PE,D,20140806,000000,2.4,2.4,2.4,2.4,0,0
FON_PE,D,20140807,000000,2.4,2.4,2.3,2.4,0,0
FON_PE,D,20140808,000000,2.3,2.4,2.3,2.3,0,0
FON_PE,D,20140811,000000,2.2,2.3,2.2,2.2,0,0
FON_PE,D,20140812,000000,2.2,2.2,2.2,2.2,0,0
FON_PE,D,20140813,000000,2.2,2.7,2.2,2.6,0,0
FON_PE,D,20140814,000000,2.6,2.6,2.2,2.2,0,0
FON_PE,D,20140818,000000,2.2,2.3,2.2,2.3,0,0
FON_PE,D,20140819,000000,2.4,2.4,2.3,2.4,0,0
FON_PE,D,20140820,000000,2.3,2.4,2.3,2.3,0,0
FON_PE,D,20140821,000000,2.3,2.4,2.2,2.4,0,0
FON_PE,D,20140822,000000,2.3,2.4,2.3,2.3,0,0
FON_PE,D,20140825,000000,2.2,2.3,2.2,2.3,0,0
FON_PE,D,20140826,000000,2.3,2.3,2.2,2.3,0,0
FON_PE,D,20140827,000000,2.4,2.4,2.2,2.2,0,0
FON_PE,D,20140828,000000,2.2,2.3,2.2,2.3,0,0
FON_PE,D,20140829,000000,2.2,2.4,2.2,2.3,0,0
FON_PE,D,20140901,000000,2.4,2.6,2.3,2.4,0,0
FON_PE,D,20140902,000000,2.5,2.5,2.3,2.3,0,0
FON_PE,D,20140903,000000,2.3,2.3,2.3,2.3,0,0
FON_PE,D,20140904,000000,2.3,2.4,2.3,2.3,0,0
FON_PE,D,20140905,000000,2.3,2.3,2.3,2.3,0,0
FON_PE,D,20140908,000000,2.3,2.3,2.3,2.3,0,0
FON_PE,D,20140909,000000,2.3,2.3,2.3,2.3,0,0
FON_PE,D,20140910,000000,2.3,2.4,2.3,2.3,0,0
FON_PE,D,20140911,000000,2.3,2.3,2.2,2.3,0,0
FON_PE,D,20140912,000000,2.3,10.5,2.3,10.5,0,0
FON_PE,D,20140915,000000,10.5,10.5,10.4,10.5,0,0
FON_PE,D,20140916,000000,10.4,10.5,10.3,10.5,0,0
FON_PE,D,20140917,000000,10.5,10.5,10.3,10.5,0,0
FON_PE,D,20140918,000000,10.5,10.5,10.3,10.5,0,0
FON_PE,D,20140919,000000,10.5,10.5,10.4,10.5,0,0
FON_PE,D,20140922,000000,10.3,10.5,10.3,10.5,0,0
FON_PE,D,20140923,000000,10.4,10.6,10.4,10.6,0,0
FON_PE,D,20140924,000000,10.5,10.7,10.5,10.6,0,0
FON_PE,D,20140925,000000,10.6,10.9,10.6,10.8,0,0
FON_PE,D,20140926,000000,10.7,10.8,10.6,10.8,0,0
FON_PE,D,20140929,000000,10.6,11.4,10.6,11.4,0,0
FON_PE,D,20140930,000000,11.3,11.5,11.2,11.3,0,0
FON_PE,D,20141001,000000,11.3,11.3,11.2,11.3,0,0
FON_PE,D,20141002,000000,11.3,11.3,11.2,11.3,0,0
FON_PE,D,20141003,000000,11.3,11.9,11.3,11.7,0,0
FON_PE,D,20141006,000000,12.1,13,12.1,12.8,0,0
FON_PE,D,20141007,000000,12.8,12.8,12.3,12.7,0,0
FON_PE,D,20141008,000000,12.4,12.7,12.4,12.4,0,0
FON_PE,D,20141009,000000,12.4,12.6,12.3,12.6,0,0
FON_PE,D,20141010,000000,12.3,12.4,12,12.4,0,0
FON_PE,D,20141013,000000,12.4,12.4,12,12.3,0,0
FON_PE,D,20141014,000000,12,12.4,12,12.3,0,0
FON_PE,D,20141015,000000,12.3,12.3,12,12.3,0,0
FON_PE,D,20141016,000000,12.1,12.4,12,12.3,0,0
FON_PE,D,20141017,000000,12.3,12.3,12,12.1,0,0
FON_PE,D,20141020,000000,12.2,12.3,12,12.2,0,0
FON_PE,D,20141021,000000,12.2,12.2,12.1,12.2,0,0
FON_PE,D,20141022,000000,12.2,12.2,12.1,12.2,0,0
FON_PE,D,20141023,000000,12.2,12.2,12,12.2,0,0
FON_PE,D,20141024,000000,12.2,12.2,11.8,12.1,0,0
FON_PE,D,20141027,000000,12,12.1,11.6,11.8,0,0
FON_PE,D,20141028,000000,11.8,11.8,11.4,11.7,0,0
FON_PE,D,20141029,000000,11.7,11.7,11.5,11.7,0,0
FON_PE,D,20141030,000000,11.7,12,11.6,12,0,0
FON_PE,D,20141031,000000,12,12.2,12,12,0,0
FON_PE,D,20141103,000000,11.5,11.9,11.2,11.4,0,0
FON_PE,D,20141104,000000,11.2,11.5,11.2,11.2,0,0
FON_PE,D,20141105,000000,11.2,11.4,11.2,11.4,0,0
FON_PE,D,20141106,000000,11.2,11.4,11.2,11.4,0,0
FON_PE,D,20141107,000000,11.5,11.5,11.2,11.4,0,0
FON_PE,D,20141110,000000,11.2,11.4,11.2,11.4,0,0
FON_PE,D,20141112,000000,11.3,11.5,11.2,11.2,0,0
FON_PE,D,20141113,000000,11.2,11.5,11.2,11.5,0,0
FON_PE,D,20141114,000000,11.3,11.7,11.2,11.7,0,0
FON_PE,D,20141117,000000,11.7,11.7,11.3,11.5,0,0
FON_PE,D,20150831,000000,103,103,103,103,0,0
FON_PE,D,20150901,000000,103.4,106.9,101.7,103,0,0
FON_PE,D,20150902,000000,100,100,95,98,0,0
FON_PE,D,20150903,000000,96.7,98.3,93.3,96.3,0,0
FON_PE,D,20150904,000000,93.3,95,90,94.7,0,0
FON_PE,D,20150907,000000,90,93.3,83,83,0,0
FON_PE,D,20150908,000000,83.3,91.7,81.7,91.3,0,0
FON_PE,D,20150909,000000,93.3,93.3,86.7,89.7,0,0
FON_PE,D,20150910,000000,90,90,83.3,88,0,0
FON_PE,D,20150911,000000,83.3,88.3,83.3,88,0,0
FON_PE,D,20150914,000000,83.3,88.3,83.3,88,0,0
FON_PE,D,20150915,000000,85,111.7,83.3,111.3,0,0
FON_PE,D,20150916,000000,116.7,116.7,104.6,104.6,0,0
FON_PE,D,20150917,000000,105,105,98.3,100,0,0
FON_PE,D,20150918,000000,98.3,106.7,96.7,103,0,0
FON_PE,D,20150921,000000,98.3,108.3,98.3,104.6,0,0
FON_PE,D,20150922,000000,103.3,106.7,101.7,104.6,0,0
FON_PE,D,20150923,000000,103.3,108.3,103.3,106.3,0,0
FON_PE,D,20150924,000000,101.7,101.7,98.3,101.3,0,0
FON_PE,D,20150925,000000,103.3,103.3,96.7,99.7,0,0
FON_PE,D,20150928,000000,96.7,98.3,96.7,98,0,0
FON_PE,D,20150929,000000,96.7,101.7,91.7,96.3,0,0
FON_PE,D,20150930,000000,95,100,93.3,99.7,0,0
FON_PE,D,20151001,000000,93.3,96.7,93.3,96.3,0,0
FON_PE,D,20151002,000000,93.3,98.3,93,93,0,0
FON_PE,D,20151005,000000,91.7,100,91.7,94.7,0,0
FON_PE,D,20151006,000000,96.7,98.3,93.3,98,0,0
FON_PE,D,20151007,000000,95,100,93.3,98,0,0
FON_PE,D,20151008,000000,98.3,98.3,95,98,0,0
FON_PE,D,20151009,000000,95,100,95,99.7,0,0
FON_PE,D,20151012,000000,95,105,95,103,0,0
FON_PE,D,20151013,000000,96.7,106.7,96.7,106.3,0,0
FON_PE,D,20151014,000000,105,111.7,103.3,108,0,0
FON_PE,D,20151015,000000,111.7,111.7,105,108,0,0
FON_PE,D,20151016,000000,106.7,106.7,103.3,106.3,0,0
FON_PE,D,20151019,000000,103.3,110,103.3,109.6,0,0
FON_PE,D,20151020,000000,108.3,123.3,108.3,119.6,0,0
FON_PE,D,20151021,000000,120,123.3,111.7,116.3,0,0
FON_PE,D,20151022,000000,113.3,115,110,114.6,0,0
FON_PE,D,20151023,000000,110,115,110,112.9,0,0
FON_PE,D,20151026,000000,110,111.7,108.3,109.6,0,0
FON_PE,D,20151027,000000,110,111.7,105,109.6,0,0
FON_PE,D,20151028,000000,108.3,111.7,105,106.3,0,0
FON_PE,D,20151029,000000,105,106.7,105,106.3,0,0
FON_PE,D,20151030,000000,103.3,106.7,101.7,106.3,0,0
FON_PE,D,20151102,000000,106.7,106.7,101.7,104.6,0,0
FON_PE,D,20151103,000000,106.7,106.7,103.3,104.6,0,0
FON_PE,D,20151104,000000,105,108.3,101.7,106.3,0,0
FON_PE,D,20151105,000000,106.7,106.7,101.7,106.3,0,0
FON_PE,D,20151106,000000,101.7,103.3,96.7,98,0,0
FON_PE,D,20151109,000000,98.3,100,96.7,99.7,0,0
FON_PE,D,20151110,000000,95,98.3,95,98,0,0
FON_PE,D,20151112,000000,95,98.3,95,96.3,0,0
FON_PE,D,20151113,000000,96.7,98.3,91.7,96.3,0,0
FON_PE,D,20151116,000000,91.7,96.7,91.7,96.3,0,0
FON_PE,D,20151117,000000,91.7,100,90,98,0,0
FON_PE,D,20151118,000000,96.7,96.7,91.7,96.3,0,0
FON_PE,D,20151119,000000,93.3,95,91.7,94.7,0,0
FON_PE,D,20151120,000000,91.7,95,91.7,94.7,0,0
FON_PE,D,20151123,000000,91.7,93.3,90,93.3,0,0
FON_PE,D,20170928,000000,93.3,93.3,93.3,93.3,0,0
