<TICKER>,<PER>,<DATE>,<TIME>,<OPEN>,<HIGH>,<LOW>,<CLOSE>,<VOL>,<OPENINT>
GLC_PE,D,20130819,000000,10.969,10.969,10.969,10.969,0,0
GLC_PE,D,20130820,000000,10.969,10.969,10.969,10.969,0,0
GLC_PE,D,20130821,000000,10.969,10.969,10.969,10.969,0,0
GLC_PE,D,20130822,000000,10.969,10.969,10.479,10.871,0,0
GLC_PE,D,20130823,000000,10.969,10.969,10.969,10.969,0,0
GLC_PE,D,20130826,000000,10.969,10.969,10.969,10.969,0,0
GLC_PE,D,20130827,000000,10.969,10.969,10.969,10.969,0,0
GLC_PE,D,20130828,000000,10.969,10.969,10.675,10.675,0,0
GLC_PE,D,20130829,000000,10.871,10.871,10.675,10.675,0,0
GLC_PE,D,20130830,000000,10.675,10.675,10.675,10.675,0,0
GLC_PE,D,20130902,000000,10.675,10.675,10.675,10.675,0,0
GLC_PE,D,20130903,000000,10.675,10.675,10.381,10.381,0,0
GLC_PE,D,20130904,000000,10.675,10.871,10.675,10.871,0,0
GLC_PE,D,20130905,000000,10.773,10.871,10.773,10.871,0,0
GLC_PE,D,20130906,000000,10.871,10.871,10.284,10.675,0,0
GLC_PE,D,20130909,000000,10.675,10.675,10.675,10.675,0,0
GLC_PE,D,20130910,000000,10.479,11.165,10.479,11.165,0,0
GLC_PE,D,20130911,000000,11.263,11.263,11.165,11.165,0,0
GLC_PE,D,20130912,000000,11.263,11.263,10.773,10.871,0,0
GLC_PE,D,20130913,000000,10.871,10.871,10.871,10.871,0,0
GLC_PE,D,20130916,000000,10.871,11.557,10.871,11.557,0,0
GLC_PE,D,20130917,000000,11.655,13.222,11.557,12.83,0,0
GLC_PE,D,20130918,000000,12.83,12.83,11.948,12.634,0,0
GLC_PE,D,20130919,000000,12.634,12.732,12.438,12.634,0,0
GLC_PE,D,20130920,000000,12.634,13.418,12.634,13.418,0,0
GLC_PE,D,20130923,000000,13.907,13.907,13.222,13.222,0,0
GLC_PE,D,20130924,000000,13.907,13.907,13.026,13.222,0,0
GLC_PE,D,20130925,000000,13.418,13.418,12.83,13.418,0,0
GLC_PE,D,20130926,000000,13.418,13.418,12.928,13.418,0,0
GLC_PE,D,20130927,000000,13.418,13.418,12.438,12.536,0,0
GLC_PE,D,20130930,000000,12.536,12.536,12.144,12.536,0,0
GLC_PE,D,20131001,000000,12.536,12.536,12.34,12.536,0,0
GLC_PE,D,20131002,000000,12.536,12.536,11.948,12.536,0,0
GLC_PE,D,20131003,000000,12.536,12.536,12.536,12.536,0,0
GLC_PE,D,20131004,000000,12.536,12.536,12.536,12.536,0,0
GLC_PE,D,20131007,000000,12.046,12.242,12.046,12.242,0,0
GLC_PE,D,20131008,000000,12.242,12.242,12.144,12.242,0,0
GLC_PE,D,20131009,000000,12.144,12.144,11.753,12.144,0,0
GLC_PE,D,20131010,000000,12.144,12.144,12.144,12.144,0,0
GLC_PE,D,20131011,000000,11.948,11.948,11.753,11.851,0,0
GLC_PE,D,20131014,000000,12.046,12.046,11.753,12.046,0,0
GLC_PE,D,20131015,000000,12.046,12.046,12.046,12.046,0,0
GLC_PE,D,20131016,000000,12.046,12.732,11.948,12.536,0,0
GLC_PE,D,20131017,000000,12.928,13.613,12.928,13.32,0,0
GLC_PE,D,20131018,000000,13.124,13.515,12.928,12.928,0,0
GLC_PE,D,20131021,000000,13.026,13.026,12.438,12.83,0,0
GLC_PE,D,20131022,000000,12.83,12.83,12.536,12.536,0,0
GLC_PE,D,20131023,000000,12.536,12.536,12.34,12.536,0,0
GLC_PE,D,20131024,000000,12.536,12.536,12.438,12.536,0,0
GLC_PE,D,20131025,000000,12.536,12.536,11.851,11.851,0,0
GLC_PE,D,20131028,000000,12.242,12.928,12.242,12.928,0,0
GLC_PE,D,20131029,000000,13.026,14.299,13.026,14.103,0,0
GLC_PE,D,20131030,000000,14.005,14.201,13.711,13.711,0,0
GLC_PE,D,20131031,000000,13.809,14.201,13.711,13.711,0,0
GLC_PE,D,20131104,000000,14.005,15.474,14.005,14.789,0,0
GLC_PE,D,20131105,000000,14.789,15.278,14.103,14.887,0,0
GLC_PE,D,20131106,000000,14.789,14.789,14.299,14.593,0,0
GLC_PE,D,20131107,000000,14.691,14.691,14.201,14.593,0,0
GLC_PE,D,20131108,000000,14.593,14.691,14.593,14.593,0,0
GLC_PE,D,20131112,000000,14.593,15.082,14.495,15.082,0,0
GLC_PE,D,20131113,000000,15.18,16.062,15.082,15.474,0,0
GLC_PE,D,20131114,000000,15.866,16.258,15.572,16.258,0,0
GLC_PE,D,20131115,000000,16.258,16.258,15.768,16.258,0,0
GLC_PE,D,20131118,000000,16.062,16.258,15.866,16.16,0,0
GLC_PE,D,20131119,000000,16.062,16.16,15.18,15.67,0,0
GLC_PE,D,20131120,000000,15.67,16.258,15.474,16.062,0,0
GLC_PE,D,20131121,000000,15.964,16.16,15.67,16.16,0,0
GLC_PE,D,20131122,000000,16.16,16.16,15.964,16.062,0,0
GLC_PE,D,20131125,000000,16.16,16.16,15.572,15.572,0,0
GLC_PE,D,20131126,000000,15.572,15.964,15.474,15.866,0,0
GLC_PE,D,20131127,000000,15.964,15.964,15.082,15.67,0,0
GLC_PE,D,20140131,000000,13.613,13.613,13.613,13.613,0,0
GLC_PE,D,20140203,000000,13.515,13.515,13.026,13.32,0,0
GLC_PE,D,20140204,000000,13.32,13.418,13.222,13.222,0,0
GLC_PE,D,20140205,000000,13.418,13.418,13.124,13.222,0,0
GLC_PE,D,20140206,000000,13.222,13.515,13.026,13.418,0,0
GLC_PE,D,20140207,000000,13.515,13.515,12.928,13.222,0,0
GLC_PE,D,20140210,000000,13.222,13.418,12.928,13.222,0,0
GLC_PE,D,20140211,000000,13.124,13.222,12.732,12.83,0,0
GLC_PE,D,20140212,000000,12.928,12.928,12.34,12.732,0,0
GLC_PE,D,20140213,000000,12.732,12.732,12.438,12.634,0,0
GLC_PE,D,20140214,000000,12.732,12.83,12.634,12.83,0,0
GLC_PE,D,20140217,000000,12.83,12.928,12.83,12.83,0,0
GLC_PE,D,20140218,000000,13.124,13.124,12.732,13.026,0,0
GLC_PE,D,20140219,000000,12.83,13.124,12.83,13.124,0,0
GLC_PE,D,20140220,000000,13.026,13.124,13.026,13.124,0,0
GLC_PE,D,20140221,000000,13.124,13.124,12.83,13.124,0,0
GLC_PE,D,20140224,000000,13.124,13.124,12.634,12.83,0,0
GLC_PE,D,20140225,000000,12.83,13.124,12.438,13.124,0,0
GLC_PE,D,20140226,000000,13.124,13.124,12.144,12.144,0,0
GLC_PE,D,20140227,000000,12.144,12.536,11.851,11.851,0,0
GLC_PE,D,20140228,000000,12.144,12.242,11.753,12.242,0,0
GLC_PE,D,20140303,000000,12.046,12.046,11.067,11.655,0,0
GLC_PE,D,20140304,000000,11.361,11.948,11.361,11.753,0,0
GLC_PE,D,20140305,000000,12.046,12.732,12.046,12.438,0,0
GLC_PE,D,20140306,000000,12.536,12.732,12.438,12.438,0,0
GLC_PE,D,20140307,000000,12.438,12.438,12.144,12.438,0,0
GLC_PE,D,20140310,000000,12.732,12.732,12.438,12.732,0,0
GLC_PE,D,20140311,000000,12.732,12.732,12.634,12.634,0,0
GLC_PE,D,20140312,000000,12.732,12.732,12.732,12.732,0,0
GLC_PE,D,20140313,000000,12.732,12.732,12.144,12.438,0,0
GLC_PE,D,20140314,000000,12.438,12.732,12.438,12.438,0,0
GLC_PE,D,20140317,000000,12.34,12.34,12.34,12.34,0,0
GLC_PE,D,20140318,000000,12.34,12.34,11.851,12.242,0,0
GLC_PE,D,20140319,000000,12.242,12.242,12.144,12.144,0,0
GLC_PE,D,20140320,000000,12.242,12.732,12.046,12.732,0,0
GLC_PE,D,20140321,000000,12.732,13.026,12.438,13.026,0,0
GLC_PE,D,20140324,000000,12.928,13.124,12.438,13.124,0,0
GLC_PE,D,20140325,000000,13.222,13.222,12.242,13.124,0,0
GLC_PE,D,20140326,000000,13.124,13.124,12.634,12.732,0,0
GLC_PE,D,20140327,000000,12.928,12.928,12.928,12.928,0,0
GLC_PE,D,20140328,000000,12.732,12.732,12.732,12.732,0,0
GLC_PE,D,20140331,000000,12.732,12.732,12.732,12.732,0,0
GLC_PE,D,20140401,000000,12.732,12.732,12.144,12.34,0,0
GLC_PE,D,20140402,000000,12.34,13.026,11.067,11.067,0,0
GLC_PE,D,20140403,000000,11.165,11.361,11.067,11.361,0,0
GLC_PE,D,20140404,000000,11.459,11.851,11.459,11.655,0,0
GLC_PE,D,20140407,000000,11.655,11.655,11.655,11.655,0,0
GLC_PE,D,20140408,000000,11.459,11.655,11.459,11.655,0,0
GLC_PE,D,20140409,000000,11.655,11.655,11.361,11.655,0,0
GLC_PE,D,20140410,000000,11.655,11.851,11.263,11.753,0,0
GLC_PE,D,20140411,000000,11.753,11.948,11.753,11.948,0,0
GLC_PE,D,20140414,000000,12.046,12.046,11.459,11.851,0,0
GLC_PE,D,20140415,000000,11.948,11.948,11.361,11.753,0,0
GLC_PE,D,20140416,000000,11.851,11.851,11.067,11.753,0,0
GLC_PE,D,20140417,000000,11.948,11.948,11.263,11.263,0,0
GLC_PE,D,20140422,000000,11.851,11.851,11.165,11.557,0,0
GLC_PE,D,20140423,000000,11.557,11.557,10.969,11.067,0,0
GLC_PE,D,20140424,000000,11.067,11.459,11.067,11.459,0,0
GLC_PE,D,20140425,000000,10.969,11.557,10.969,11.459,0,0
GLC_PE,D,20140428,000000,11.459,11.459,11.459,11.459,0,0
GLC_PE,D,20140429,000000,11.361,11.459,11.361,11.459,0,0
GLC_PE,D,20140430,000000,11.361,11.459,10.675,11.263,0,0
GLC_PE,D,20140502,000000,11.165,11.263,11.165,11.165,0,0
GLC_PE,D,20140507,000000,10.773,10.871,10.381,10.871,0,0
GLC_PE,D,20140508,000000,11.067,11.067,11.067,11.067,0,0
GLC_PE,D,20140512,000000,10.969,10.969,10.969,10.969,0,0
GLC_PE,D,20140513,000000,11.067,11.067,10.969,10.969,0,0
GLC_PE,D,20140514,000000,10.969,10.969,10.969,10.969,0,0
GLC_PE,D,20140515,000000,10.969,10.969,10.969,10.969,0,0
GLC_PE,D,20140516,000000,10.871,10.871,10.773,10.773,0,0
GLC_PE,D,20140519,000000,10.773,10.773,10.773,10.773,0,0
GLC_PE,D,20140520,000000,10.773,10.773,10.773,10.773,0,0
GLC_PE,D,20140521,000000,10.773,10.773,10.479,10.773,0,0
GLC_PE,D,20140522,000000,10.773,10.773,10.381,10.773,0,0
GLC_PE,D,20140523,000000,10.577,10.773,10.577,10.773,0,0
GLC_PE,D,20140526,000000,10.773,11.067,10.773,11.067,0,0
GLC_PE,D,20140527,000000,11.067,11.067,11.067,11.067,0,0
GLC_PE,D,20140528,000000,11.067,11.067,11.067,11.067,0,0
GLC_PE,D,20140529,000000,10.773,11.067,10.773,11.067,0,0
GLC_PE,D,20140530,000000,10.969,11.165,10.969,11.067,0,0
GLC_PE,D,20140602,000000,10.969,10.969,10.969,10.969,0,0
GLC_PE,D,20140603,000000,11.067,11.067,11.067,11.067,0,0
GLC_PE,D,20140604,000000,11.067,11.067,11.067,11.067,0,0
GLC_PE,D,20140605,000000,10.969,11.067,10.969,11.067,0,0
GLC_PE,D,20140609,000000,10.969,10.969,10.969,10.969,0,0
GLC_PE,D,20140610,000000,10.773,10.773,10.773,10.773,0,0
GLC_PE,D,20140612,000000,10.675,10.773,10.088,10.186,0,0
GLC_PE,D,20140613,000000,10.871,10.871,10.186,10.773,0,0
GLC_PE,D,20140616,000000,10.088,10.969,10.088,10.871,0,0
GLC_PE,D,20140617,000000,10.577,10.871,10.577,10.675,0,0
GLC_PE,D,20140618,000000,10.871,10.871,10.675,10.871,0,0
GLC_PE,D,20140620,000000,10.969,11.263,10.969,11.067,0,0
GLC_PE,D,20140623,000000,11.165,11.263,11.067,11.067,0,0
GLC_PE,D,20140624,000000,10.773,11.165,10.479,11.165,0,0
GLC_PE,D,20140626,000000,11.067,11.067,11.067,11.067,0,0
GLC_PE,D,20140630,000000,8.6186,8.7165,8.6186,8.7165,0,0
GLC_PE,D,20140701,000000,8.7165,8.7165,8.5206,8.7165,0,0
GLC_PE,D,20140702,000000,8.7165,8.7165,8.7165,8.7165,0,0
GLC_PE,D,20140703,000000,8.7165,8.7165,8.7165,8.7165,0,0
GLC_PE,D,20140704,000000,8.7165,8.7165,8.5206,8.7165,0,0
GLC_PE,D,20140707,000000,8.7165,8.8144,8.6186,8.7165,0,0
GLC_PE,D,20140708,000000,8.7165,8.7165,8.7165,8.7165,0,0
GLC_PE,D,20140709,000000,8.6186,8.7165,8.5206,8.7165,0,0
GLC_PE,D,20140710,000000,8.7165,8.7165,8.5206,8.7165,0,0
GLC_PE,D,20140711,000000,8.7165,8.7165,8.1289,8.6186,0,0
GLC_PE,D,20140714,000000,8.6186,9.3041,8.6186,9.3041,0,0
GLC_PE,D,20140715,000000,9.3041,9.598,9.1082,9.3041,0,0
GLC_PE,D,20140716,000000,9.3041,9.4021,8.9124,9.1082,0,0
GLC_PE,D,20140717,000000,9.1082,9.2062,8.9124,9.2062,0,0
GLC_PE,D,20140718,000000,9.2062,9.2062,9.0103,9.2062,0,0
GLC_PE,D,20140721,000000,9.2062,9.3041,9.1082,9.3041,0,0
GLC_PE,D,20140722,000000,9.2062,9.2062,9.0103,9.2062,0,0
GLC_PE,D,20140723,000000,9.2062,9.3041,9.2062,9.3041,0,0
GLC_PE,D,20140724,000000,9.3041,9.3041,9.1082,9.3041,0,0
GLC_PE,D,20140725,000000,9.3041,9.3041,9.0103,9.3041,0,0
GLC_PE,D,20140728,000000,9.3041,9.3041,9.1082,9.3041,0,0
GLC_PE,D,20140729,000000,9.3041,9.3041,9.1082,9.3041,0,0
GLC_PE,D,20140730,000000,9.3041,9.3041,9.3041,9.3041,0,0
GLC_PE,D,20140731,000000,9.3041,9.3041,9.3041,9.3041,0,0
GLC_PE,D,20140801,000000,9.3041,9.3041,9.0103,9.2062,0,0
GLC_PE,D,20140804,000000,9.2062,9.2062,9.0103,9.2062,0,0
GLC_PE,D,20140805,000000,9.2062,9.2062,8.8144,9.2062,0,0
GLC_PE,D,20140806,000000,9.2062,9.3041,9.2062,9.3041,0,0
GLC_PE,D,20140807,000000,9.3041,9.3041,9.1082,9.3041,0,0
GLC_PE,D,20140808,000000,9.3041,9.3041,9.3041,9.3041,0,0
GLC_PE,D,20140811,000000,9.3041,9.3041,9.0103,9.2062,0,0
GLC_PE,D,20140812,000000,9.2062,9.2062,9.2062,9.2062,0,0
GLC_PE,D,20140813,000000,9.2062,9.2062,9.0103,9.2062,0,0
GLC_PE,D,20140814,000000,9.2062,9.2062,8.9124,9.2062,0,0
GLC_PE,D,20140818,000000,9.2062,9.3041,9.0103,9.2062,0,0
GLC_PE,D,20140819,000000,9.2062,10.675,9.2062,10.675,0,0
GLC_PE,D,20140820,000000,10.675,10.969,10.675,10.871,0,0
GLC_PE,D,20140821,000000,10.969,11.263,10.969,11.165,0,0
GLC_PE,D,20140822,000000,11.165,11.459,11.165,11.459,0,0
GLC_PE,D,20140825,000000,11.459,11.948,11.263,11.948,0,0
GLC_PE,D,20140826,000000,11.948,11.948,11.557,11.851,0,0
GLC_PE,D,20140827,000000,11.851,11.948,11.459,11.948,0,0
GLC_PE,D,20140828,000000,11.948,11.948,11.459,11.948,0,0
GLC_PE,D,20140829,000000,11.948,12.83,11.948,12.83,0,0
GLC_PE,D,20140901,000000,12.83,13.515,12.83,12.928,0,0
GLC_PE,D,20140902,000000,12.634,13.026,12.438,13.026,0,0
GLC_PE,D,20140903,000000,13.515,13.613,13.124,13.515,0,0
GLC_PE,D,20140904,000000,13.515,13.515,13.222,13.515,0,0
GLC_PE,D,20140905,000000,13.515,14.103,13.515,14.103,0,0
GLC_PE,D,20140908,000000,14.103,14.103,13.515,13.907,0,0
GLC_PE,D,20140909,000000,13.907,13.907,13.418,13.418,0,0
GLC_PE,D,20140910,000000,13.809,13.809,13.32,13.809,0,0
GLC_PE,D,20140911,000000,13.809,13.809,13.222,13.515,0,0
GLC_PE,D,20140912,000000,13.613,13.809,13.32,13.809,0,0
GLC_PE,D,20140915,000000,13.907,14.593,13.907,14.299,0,0
GLC_PE,D,20140916,000000,14.299,14.397,14.103,14.299,0,0
GLC_PE,D,20140917,000000,14.397,14.789,14.103,14.789,0,0
GLC_PE,D,20140918,000000,14.593,15.18,14.593,15.082,0,0
GLC_PE,D,20140919,000000,15.082,15.082,14.691,15.082,0,0
GLC_PE,D,20140922,000000,15.082,15.082,14.691,15.082,0,0
GLC_PE,D,20140923,000000,14.985,15.18,14.691,15.082,0,0
GLC_PE,D,20140924,000000,14.691,15.082,14.691,15.082,0,0
GLC_PE,D,20140925,000000,15.082,15.082,15.082,15.082,0,0
GLC_PE,D,20140926,000000,15.082,15.082,14.887,15.082,0,0
GLC_PE,D,20140929,000000,14.985,15.572,14.985,15.474,0,0
GLC_PE,D,20140930,000000,15.474,16.454,15.474,16.454,0,0
GLC_PE,D,20141001,000000,16.454,16.454,15.67,16.16,0,0
GLC_PE,D,20141002,000000,16.258,16.356,16.258,16.356,0,0
GLC_PE,D,20141003,000000,16.258,16.258,15.768,16.16,0,0
GLC_PE,D,20141006,000000,15.964,16.454,15.964,16.258,0,0
GLC_PE,D,20141007,000000,16.16,16.552,15.964,16.552,0,0
GLC_PE,D,20141008,000000,16.552,16.649,16.356,16.649,0,0
GLC_PE,D,20141009,000000,16.649,17.335,16.454,17.041,0,0
GLC_PE,D,20141010,000000,17.041,17.335,16.943,17.139,0,0
GLC_PE,D,20141013,000000,17.139,17.531,17.139,17.531,0,0
GLC_PE,D,20141014,000000,17.531,18.314,17.531,18.314,0,0
GLC_PE,D,20141015,000000,18.412,18.412,17.433,18.119,0,0
GLC_PE,D,20141016,000000,18.119,18.119,17.825,18.119,0,0
GLC_PE,D,20141017,000000,18.119,19.098,18.119,18.902,0,0
GLC_PE,D,20141020,000000,19.098,20.077,18.608,20.077,0,0
GLC_PE,D,20141021,000000,20.077,20.861,20.077,20.175,0,0
GLC_PE,D,20141022,000000,20.175,20.175,19.979,20.077,0,0
GLC_PE,D,20141023,000000,20.077,20.077,19.294,19.49,0,0
GLC_PE,D,20141024,000000,19.392,20.763,19.392,19.979,0,0
GLC_PE,D,20141027,000000,20.763,20.763,19.392,19.588,0,0
GLC_PE,D,20141028,000000,19.588,19.588,19.196,19.588,0,0
GLC_PE,D,20141029,000000,19.588,20.665,19.588,20.175,0,0
GLC_PE,D,20141030,000000,20.371,20.371,19.784,20.175,0,0
GLC_PE,D,20141031,000000,20.175,20.567,20.077,20.469,0,0
GLC_PE,D,20141103,000000,20.469,22.428,20.469,20.861,0,0
GLC_PE,D,20141104,000000,20.861,22.036,20.861,21.155,0,0
GLC_PE,D,20141105,000000,21.351,21.546,20.959,21.253,0,0
GLC_PE,D,20141106,000000,20.959,21.448,20.567,20.959,0,0
GLC_PE,D,20141107,000000,20.273,20.959,20.077,20.959,0,0
GLC_PE,D,20141110,000000,21.253,21.253,21.155,21.155,0,0
GLC_PE,D,20141112,000000,21.155,21.351,21.057,21.351,0,0
GLC_PE,D,20141113,000000,21.351,22.526,21.351,22.134,0,0
GLC_PE,D,20141114,000000,21.644,22.428,21.644,22.232,0,0
GLC_PE,D,20141117,000000,22.33,22.33,22.134,22.33,0,0
GLC_PE,D,20141118,000000,22.232,22.33,22.036,22.036,0,0
GLC_PE,D,20141119,000000,22.036,22.036,21.448,22.036,0,0
GLC_PE,D,20141120,000000,22.036,22.036,21.448,22.036,0,0
GLC_PE,D,20141121,000000,22.036,22.036,21.742,22.036,0,0
GLC_PE,D,20141124,000000,22.036,22.036,21.644,21.938,0,0
GLC_PE,D,20141125,000000,21.644,22.624,21.448,22.624,0,0
GLC_PE,D,20141126,000000,22.624,22.624,21.84,22.428,0,0
GLC_PE,D,20141127,000000,22.428,23.897,22.428,23.799,0,0
GLC_PE,D,20141128,000000,23.995,26.247,23.897,26.247,0,0
GLC_PE,D,20141201,000000,25.856,28.402,25.856,27.912,0,0
GLC_PE,D,20141202,000000,28.304,28.794,26.737,27.031,0,0
GLC_PE,D,20141203,000000,27.031,27.031,25.954,27.031,0,0
GLC_PE,D,20141204,000000,27.031,27.031,26.052,27.031,0,0
GLC_PE,D,20141205,000000,27.031,27.031,25.366,26.247,0,0
GLC_PE,D,20141208,000000,26.639,27.031,26.639,26.933,0,0
GLC_PE,D,20141209,000000,26.933,27.031,25.366,26.835,0,0
GLC_PE,D,20141210,000000,26.149,26.933,25.758,26.639,0,0
GLC_PE,D,20141211,000000,26.737,26.737,25.758,26.737,0,0
GLC_PE,D,20141212,000000,26.247,27.031,26.247,27.031,0,0
GLC_PE,D,20141215,000000,27.031,28.304,26.247,27.325,0,0
GLC_PE,D,20141216,000000,25.856,27.031,25.856,27.031,0,0
GLC_PE,D,20141217,000000,27.912,27.912,26.541,26.933,0,0
GLC_PE,D,20141218,000000,27.814,27.814,26.247,26.247,0,0
GLC_PE,D,20141219,000000,26.247,27.031,26.247,26.835,0,0
GLC_PE,D,20141222,000000,27.227,27.227,26.247,26.933,0,0
GLC_PE,D,20141223,000000,27.031,27.031,26.247,26.835,0,0
GLC_PE,D,20141229,000000,26.835,27.129,25.66,27.031,0,0
GLC_PE,D,20141230,000000,27.031,27.423,26.247,27.423,0,0
GLC_PE,D,20150102,000000,28.794,30.067,28.402,29.675,0,0
GLC_PE,D,20150105,000000,30.067,31.34,30.067,30.753,0,0
GLC_PE,D,20150107,000000,32.418,32.418,29.284,29.284,0,0
GLC_PE,D,20150108,000000,30.361,30.361,29.381,30.165,0,0
GLC_PE,D,20150109,000000,30.459,30.459,29.871,29.871,0,0
GLC_PE,D,20150112,000000,30.361,30.361,29.675,30.165,0,0
GLC_PE,D,20150113,000000,30.165,30.165,29.479,29.773,0,0
GLC_PE,D,20150114,000000,30.067,30.263,30.067,30.165,0,0
GLC_PE,D,20150115,000000,30.165,30.165,29.479,29.969,0,0
GLC_PE,D,20150116,000000,29.969,30.263,29.577,30.263,0,0
GLC_PE,D,20150119,000000,30.557,30.948,29.577,29.577,0,0
GLC_PE,D,20150120,000000,30.165,30.165,29.088,29.871,0,0
GLC_PE,D,20150121,000000,29.871,30.067,29.675,30.067,0,0
GLC_PE,D,20150122,000000,30.067,30.067,29.088,29.871,0,0
GLC_PE,D,20150123,000000,30.067,30.557,29.479,29.969,0,0
GLC_PE,D,20150126,000000,29.969,29.969,29.088,29.969,0,0
GLC_PE,D,20150127,000000,29.675,29.675,25.562,25.562,0,0
GLC_PE,D,20150128,000000,25.072,27.325,22.624,27.325,0,0
GLC_PE,D,20150129,000000,25.954,27.814,25.954,27.521,0,0
GLC_PE,D,20150130,000000,27.521,28.108,27.129,27.912,0,0
GLC_PE,D,20150202,000000,27.227,27.814,27.227,27.423,0,0
GLC_PE,D,20150203,000000,27.423,27.423,25.366,26.639,0,0
GLC_PE,D,20150204,000000,25.366,26.247,24.974,25.954,0,0
GLC_PE,D,20150205,000000,25.954,25.954,25.856,25.856,0,0
GLC_PE,D,20150206,000000,24.974,25.562,23.995,25.464,0,0
GLC_PE,D,20150209,000000,24.289,24.289,23.015,24.093,0,0
GLC_PE,D,20150210,000000,23.897,23.897,23.015,23.603,0,0
GLC_PE,D,20150211,000000,23.407,23.603,21.84,21.84,0,0
GLC_PE,D,20150212,000000,20.175,21.155,19.098,20.469,0,0
GLC_PE,D,20150213,000000,20.469,22.036,19.294,22.036,0,0
GLC_PE,D,20150216,000000,22.036,23.603,22.036,23.603,0,0
GLC_PE,D,20150217,000000,23.701,23.995,23.211,23.603,0,0
GLC_PE,D,20150218,000000,23.505,23.505,23.211,23.211,0,0
GLC_PE,D,20150219,000000,22.722,23.897,22.722,23.799,0,0
GLC_PE,D,20150220,000000,23.799,23.799,23.211,23.799,0,0
GLC_PE,D,20150223,000000,23.799,23.799,22.33,23.603,0,0
GLC_PE,D,20150224,000000,23.603,23.603,22.722,23.603,0,0
GLC_PE,D,20150225,000000,23.603,23.603,23.407,23.407,0,0
GLC_PE,D,20150226,000000,23.505,24.778,23.505,24.778,0,0
GLC_PE,D,20150227,000000,24.778,26.247,24.778,25.562,0,0
GLC_PE,D,20150302,000000,26.149,26.149,25.366,25.954,0,0
GLC_PE,D,20150303,000000,26.247,26.247,25.66,26.149,0,0
GLC_PE,D,20150304,000000,25.758,26.149,25.366,26.149,0,0
GLC_PE,D,20150305,000000,25.954,26.639,25.562,26.639,0,0
GLC_PE,D,20150306,000000,26.639,27.325,26.639,27.227,0,0
GLC_PE,D,20150309,000000,27.227,27.716,27.227,27.716,0,0
GLC_PE,D,20150310,000000,28.304,28.402,27.912,28.108,0,0
GLC_PE,D,20150311,000000,28.304,28.402,25.758,26.933,0,0
GLC_PE,D,20150312,000000,27.325,28.01,27.227,27.227,0,0
GLC_PE,D,20150313,000000,25.366,27.227,25.366,26.737,0,0
GLC_PE,D,20150316,000000,26.737,26.737,26.639,26.639,0,0
GLC_PE,D,20150317,000000,26.247,26.737,25.856,26.052,0,0
GLC_PE,D,20150318,000000,26.443,26.737,26.247,26.541,0,0
GLC_PE,D,20150319,000000,26.639,27.716,23.799,23.799,0,0
GLC_PE,D,20150320,000000,22.722,24.68,22.722,24.68,0,0
GLC_PE,D,20150323,000000,24.68,24.876,23.799,24.485,0,0
GLC_PE,D,20150324,000000,24.289,24.485,24.289,24.485,0,0
GLC_PE,D,20150325,000000,24.485,24.485,24.387,24.387,0,0
GLC_PE,D,20150326,000000,24.485,24.485,23.309,24.485,0,0
GLC_PE,D,20150327,000000,25.072,25.072,24.582,24.68,0,0
GLC_PE,D,20150330,000000,24.974,25.072,23.701,24.68,0,0
GLC_PE,D,20150331,000000,24.778,24.974,24.191,24.974,0,0
GLC_PE,D,20150401,000000,24.974,24.974,23.407,23.603,0,0
GLC_PE,D,20150402,000000,24.387,24.387,24.387,24.387,0,0
GLC_PE,D,20150407,000000,24.387,24.387,23.701,24.289,0,0
GLC_PE,D,20150408,000000,23.603,23.897,23.211,23.799,0,0
GLC_PE,D,20150409,000000,23.309,23.995,22.82,23.995,0,0
GLC_PE,D,20150410,000000,24.485,24.485,24.485,24.485,0,0
GLC_PE,D,20150413,000000,23.995,23.995,23.995,23.995,0,0
GLC_PE,D,20150414,000000,23.211,24.387,23.211,24.387,0,0
GLC_PE,D,20150415,000000,24.387,24.68,24.387,24.387,0,0
GLC_PE,D,20150416,000000,24.387,24.582,23.701,24.387,0,0
GLC_PE,D,20150420,000000,23.407,24.191,23.407,24.093,0,0
GLC_PE,D,20150421,000000,23.407,23.897,23.015,23.211,0,0
GLC_PE,D,20150422,000000,23.211,23.799,22.624,22.624,0,0
GLC_PE,D,20150423,000000,22.82,23.799,22.82,23.799,0,0
GLC_PE,D,20150424,000000,23.799,23.799,23.505,23.505,0,0
GLC_PE,D,20150427,000000,23.505,23.701,23.407,23.505,0,0
GLC_PE,D,20150428,000000,22.134,23.211,22.134,23.211,0,0
GLC_PE,D,20150429,000000,23.211,23.407,22.036,22.82,0,0
GLC_PE,D,20150430,000000,22.82,23.799,22.82,23.799,0,0
GLC_PE,D,20150504,000000,23.603,23.603,22.82,23.211,0,0
GLC_PE,D,20150505,000000,22.134,22.82,21.938,21.938,0,0
GLC_PE,D,20150506,000000,22.036,22.526,20.861,22.33,0,0
GLC_PE,D,20150507,000000,22.232,24.582,20.469,24.582,0,0
GLC_PE,D,20150508,000000,23.505,24.582,23.505,24.582,0,0
GLC_PE,D,20150511,000000,23.701,24.387,22.722,24.191,0,0
GLC_PE,D,20150512,000000,24.191,24.191,22.82,23.799,0,0
GLC_PE,D,20150513,000000,23.995,23.995,23.799,23.799,0,0
GLC_PE,D,20150514,000000,22.82,23.701,21.057,22.722,0,0
GLC_PE,D,20150515,000000,21.84,22.624,21.84,22.624,0,0
GLC_PE,D,20150518,000000,22.624,23.505,22.624,23.505,0,0
GLC_PE,D,20150519,000000,22.134,23.505,21.742,21.938,0,0
GLC_PE,D,20150520,000000,21.84,22.722,20.371,22.722,0,0
GLC_PE,D,20150521,000000,22.722,22.722,21.155,21.84,0,0
GLC_PE,D,20150522,000000,21.351,21.644,20.959,21.448,0,0
GLC_PE,D,20150525,000000,21.351,21.84,21.351,21.644,0,0
GLC_PE,D,20150526,000000,21.644,21.938,20.175,21.448,0,0
GLC_PE,D,20150527,000000,21.644,21.644,20.273,21.644,0,0
GLC_PE,D,20150528,000000,21.84,21.84,20.175,20.665,0,0
GLC_PE,D,20150529,000000,20.273,21.057,19.784,20.175,0,0
GLC_PE,D,20150601,000000,20.469,20.567,19.979,20.077,0,0
GLC_PE,D,20150602,000000,20.077,20.077,19.979,19.979,0,0
GLC_PE,D,20150603,000000,19.979,19.979,19.784,19.784,0,0
GLC_PE,D,20150605,000000,19.784,19.784,19.784,19.784,0,0
GLC_PE,D,20150608,000000,18.706,19.784,18.706,19.784,0,0
GLC_PE,D,20150609,000000,19.784,20.175,19.392,19.686,0,0
GLC_PE,D,20150610,000000,19.588,20.665,19.588,20.567,0,0
GLC_PE,D,20150611,000000,20.567,21.84,19.979,20.371,0,0
GLC_PE,D,20150612,000000,20.959,20.959,20.077,20.665,0,0
GLC_PE,D,20150615,000000,20.567,20.665,20.077,20.567,0,0
GLC_PE,D,20150616,000000,20.273,20.567,20.175,20.371,0,0
GLC_PE,D,20150617,000000,20.371,20.371,19.392,20.077,0,0
GLC_PE,D,20150618,000000,19.686,20.273,19.686,20.077,0,0
GLC_PE,D,20150619,000000,19.979,20.469,19.979,20.273,0,0
GLC_PE,D,20150622,000000,20.371,20.567,20.371,20.567,0,0
GLC_PE,D,20150623,000000,20.567,20.567,20.567,20.567,0,0
GLC_PE,D,20150624,000000,20.469,20.469,20.371,20.371,0,0
GLC_PE,D,20150625,000000,20.567,21.057,20.273,20.959,0,0
GLC_PE,D,20150626,000000,20.959,21.448,20.861,20.959,0,0
GLC_PE,D,20150629,000000,20.665,20.665,20.273,20.567,0,0
GLC_PE,D,20150630,000000,19.294,21.155,19,21.155,0,0
GLC_PE,D,20150701,000000,20.665,21.155,20.665,21.155,0,0
GLC_PE,D,20150702,000000,21.155,21.155,20.273,20.763,0,0
GLC_PE,D,20150703,000000,20.567,20.567,20.567,20.567,0,0
GLC_PE,D,20150706,000000,20.763,21.351,20.763,20.861,0,0
GLC_PE,D,20150707,000000,21.057,21.253,20.077,20.371,0,0
GLC_PE,D,20150708,000000,21.1,21.1,20.2,20.2,0,0
GLC_PE,D,20150709,000000,20.2,20.7,19.3,20.7,0,0
GLC_PE,D,20150710,000000,20.7,20.7,19.8,20.5,0,0
GLC_PE,D,20150713,000000,20.7,21.1,19.5,20.1,0,0
GLC_PE,D,20150714,000000,20.4,20.4,19.5,20,0,0
GLC_PE,D,20150715,000000,20.8,20.8,19.3,19.3,0,0
GLC_PE,D,20150716,000000,19.3,20.2,19.3,19.9,0,0
GLC_PE,D,20150717,000000,19.7,19.7,19.4,19.4,0,0
GLC_PE,D,20150720,000000,19.1,20,19.1,19.9,0,0
GLC_PE,D,20150721,000000,20,20,18.9,19.2,0,0
GLC_PE,D,20150722,000000,19.8,19.8,19.1,19.7,0,0
GLC_PE,D,20150723,000000,19.9,20.3,19.2,19.3,0,0
GLC_PE,D,20150724,000000,19.7,19.7,19.1,19.7,0,0
GLC_PE,D,20150727,000000,19.7,19.7,19.7,19.7,0,0
GLC_PE,D,20150728,000000,19.7,19.7,18.8,19.1,0,0
GLC_PE,D,20150729,000000,19.6,19.6,18.8,19.6,0,0
GLC_PE,D,20150730,000000,19.6,19.6,19.5,19.5,0,0
GLC_PE,D,20150731,000000,19.5,19.9,18.5,19.9,0,0
GLC_PE,D,20150803,000000,19.9,21.8,18.5,21.8,0,0
GLC_PE,D,20150804,000000,21.8,23.2,21.8,22.3,0,0
GLC_PE,D,20150805,000000,22,22.3,21.5,21.8,0,0
GLC_PE,D,20150806,000000,21.8,21.8,21.5,21.5,0,0
GLC_PE,D,20150807,000000,21.5,21.5,20.6,21.3,0,0
GLC_PE,D,20150810,000000,21,21,20,20,0,0
GLC_PE,D,20150811,000000,20,20.3,19.4,19.7,0,0
GLC_PE,D,20150812,000000,19.7,21,19.7,20.6,0,0
GLC_PE,D,20150813,000000,20.8,21.4,20.3,21.1,0,0
GLC_PE,D,20150814,000000,21.4,21.4,20.6,20.6,0,0
GLC_PE,D,20150817,000000,20.6,22.2,20.6,21.9,0,0
GLC_PE,D,20150818,000000,21.5,21.5,20.6,21.4,0,0
GLC_PE,D,20150819,000000,21.4,21.9,21.4,21.7,0,0
GLC_PE,D,20150820,000000,21.7,21.7,21.5,21.6,0,0
GLC_PE,D,20150821,000000,21.6,21.6,21.3,21.6,0,0
GLC_PE,D,20150824,000000,21,21,19.7,20.2,0,0
GLC_PE,D,20150825,000000,20.2,20.8,20.1,20.7,0,0
GLC_PE,D,20150826,000000,20.8,20.8,19.8,20.5,0,0
GLC_PE,D,20150827,000000,20.5,21.5,19.3,19.3,0,0
GLC_PE,D,20150828,000000,19.5,19.5,19.2,19.2,0,0
GLC_PE,D,20150831,000000,19.4,19.4,19.2,19.3,0,0
GLC_PE,D,20150901,000000,19.3,20.1,18.5,20.1,0,0
GLC_PE,D,20150902,000000,20.1,20.1,19.3,19.7,0,0
GLC_PE,D,20150903,000000,19.9,19.9,19.6,19.8,0,0
GLC_PE,D,20150904,000000,19.8,19.8,19.8,19.8,0,0
GLC_PE,D,20150907,000000,19.8,19.8,19.1,19.5,0,0
GLC_PE,D,20150908,000000,19.5,19.5,19.5,19.5,0,0
GLC_PE,D,20150909,000000,19.5,19.8,19.5,19.8,0,0
GLC_PE,D,20150910,000000,19.8,19.9,19.8,19.9,0,0
GLC_PE,D,20150911,000000,19.9,19.9,19.9,19.9,0,0
GLC_PE,D,20150914,000000,19.9,19.9,19.7,19.8,0,0
GLC_PE,D,20150915,000000,19.9,19.9,19.9,19.9,0,0
GLC_PE,D,20150916,000000,19.9,19.9,19.4,19.8,0,0
GLC_PE,D,20150917,000000,19.8,19.8,19.8,19.8,0,0
GLC_PE,D,20150918,000000,19.8,19.8,19.8,19.8,0,0
GLC_PE,D,20150921,000000,19.8,19.8,19.1,19.5,0,0
GLC_PE,D,20150922,000000,19.5,19.5,19.5,19.5,0,0
GLC_PE,D,20150923,000000,19.3,19.4,19.3,19.4,0,0
GLC_PE,D,20150924,000000,19.4,19.4,19.4,19.4,0,0
GLC_PE,D,20150925,000000,19.4,19.4,19,19.1,0,0
GLC_PE,D,20150928,000000,19.1,19.1,18.9,18.9,0,0
GLC_PE,D,20150929,000000,19.2,19.2,17.9,19.1,0,0
GLC_PE,D,20150930,000000,19.2,19.2,19,19,0,0
GLC_PE,D,20151001,000000,19,19,18.2,18.3,0,0
GLC_PE,D,20151002,000000,18.3,18.3,18.2,18.2,0,0
GLC_PE,D,20151005,000000,18.1,18.2,17.3,17.9,0,0
GLC_PE,D,20151006,000000,18,18.1,18,18.1,0,0
GLC_PE,D,20151007,000000,18.1,18.1,18.1,18.1,0,0
GLC_PE,D,20151008,000000,18.2,18.2,17.5,18,0,0
GLC_PE,D,20151009,000000,18,18,17.1,17.3,0,0
GLC_PE,D,20151012,000000,17.2,17.3,17.2,17.3,0,0
GLC_PE,D,20151013,000000,17.7,17.8,17.2,17.5,0,0
GLC_PE,D,20151014,000000,17.7,17.7,17,17.6,0,0
GLC_PE,D,20151015,000000,17.7,17.7,17.4,17.5,0,0
GLC_PE,D,20151016,000000,17.7,17.7,17.6,17.6,0,0
GLC_PE,D,20151019,000000,17.1,17.6,17.1,17.5,0,0
GLC_PE,D,20151020,000000,17.5,17.5,17,17.5,0,0
GLC_PE,D,20151021,000000,17.7,17.7,17.3,17.7,0,0
GLC_PE,D,20151022,000000,17.5,17.5,17.1,17.5,0,0
GLC_PE,D,20151023,000000,17.5,17.7,17.3,17.6,0,0
GLC_PE,D,20151026,000000,17.6,17.6,17,17.1,0,0
GLC_PE,D,20151027,000000,17.1,17.7,17.1,17.5,0,0
GLC_PE,D,20151028,000000,17.7,17.7,17.1,17.4,0,0
GLC_PE,D,20151029,000000,17.6,17.7,16.9,17.7,0,0
GLC_PE,D,20151030,000000,17.7,17.7,17.1,17.7,0,0
GLC_PE,D,20151102,000000,17.7,17.7,17.7,17.7,0,0
GLC_PE,D,20151103,000000,17.7,17.7,17.7,17.7,0,0
GLC_PE,D,20151104,000000,17.7,17.7,17.6,17.6,0,0
GLC_PE,D,20151105,000000,16.9,18.4,15.3,18.4,0,0
GLC_PE,D,20151106,000000,18.4,18.4,17.5,18,0,0
GLC_PE,D,20151109,000000,18,18.4,17.7,18.4,0,0
GLC_PE,D,20151110,000000,18.4,18.4,17.5,18.2,0,0
GLC_PE,D,20151112,000000,18.3,18.3,17.9,18.1,0,0
GLC_PE,D,20151113,000000,18.1,18.1,17.3,17.8,0,0
GLC_PE,D,20151116,000000,17.8,17.8,17.6,17.6,0,0
GLC_PE,D,20151117,000000,17.7,17.8,17.6,17.8,0,0
GLC_PE,D,20151118,000000,17.8,17.8,17.6,17.6,0,0
GLC_PE,D,20151119,000000,17.8,17.8,17.3,17.8,0,0
GLC_PE,D,20151120,000000,17.8,17.8,17.8,17.8,0,0
GLC_PE,D,20151123,000000,17.8,18,17.6,18,0,0
GLC_PE,D,20151124,000000,18,18.2,17.8,18.2,0,0
GLC_PE,D,20151125,000000,18.2,18.3,17.8,18.3,0,0
GLC_PE,D,20151126,000000,18.3,18.3,17.8,18.3,0,0
GLC_PE,D,20151127,000000,18.3,19,17.9,18.9,0,0
GLC_PE,D,20151130,000000,18.9,18.9,18,18.5,0,0
GLC_PE,D,20151201,000000,18.5,18.9,18.5,18.9,0,0
GLC_PE,D,20151202,000000,19,19,18.2,18.5,0,0
GLC_PE,D,20151203,000000,18.5,18.5,18.4,18.4,0,0
GLC_PE,D,20151204,000000,18.4,18.4,17.9,18.3,0,0
GLC_PE,D,20151207,000000,18.4,18.4,17.6,18.2,0,0
GLC_PE,D,20151208,000000,18.2,18.2,17.4,17.6,0,0
GLC_PE,D,20151209,000000,17.6,17.6,16.9,17.5,0,0
GLC_PE,D,20151210,000000,17.5,17.9,16.4,17.9,0,0
GLC_PE,D,20151211,000000,17.9,17.9,17.1,17.9,0,0
GLC_PE,D,20151214,000000,17.9,17.9,17.3,17.8,0,0
GLC_PE,D,20151215,000000,17.9,17.9,17,17.6,0,0
GLC_PE,D,20151216,000000,17.8,18.1,16.9,17.5,0,0
GLC_PE,D,20151217,000000,17.5,18,17.5,18,0,0
GLC_PE,D,20151218,000000,18.5,18.8,17.1,17.8,0,0
GLC_PE,D,20151221,000000,18.3,18.8,18.1,18.4,0,0
GLC_PE,D,20151222,000000,18.5,18.8,18,18.8,0,0
GLC_PE,D,20151223,000000,18.8,19.5,18.8,19.4,0,0
GLC_PE,D,20151228,000000,20,20,19,19,0,0
GLC_PE,D,20151229,000000,19.8,19.9,18.6,19.9,0,0
GLC_PE,D,20151230,000000,19.9,20.7,19.7,20.3,0,0
GLC_PE,D,20160104,000000,20.7,20.7,18.7,19.6,0,0
GLC_PE,D,20160105,000000,19.6,19.6,19.1,19.3,0,0
GLC_PE,D,20160107,000000,19.3,19.3,18.5,19.1,0,0
GLC_PE,D,20160108,000000,19.2,19.2,19.1,19.2,0,0
GLC_PE,D,20160111,000000,19.2,19.2,18.4,18.5,0,0
GLC_PE,D,20160112,000000,18.7,18.7,18.1,18.6,0,0
GLC_PE,D,20160113,000000,18.7,18.7,18,18.2,0,0
GLC_PE,D,20160114,000000,18.2,18.2,17.5,18,0,0
GLC_PE,D,20160115,000000,18,18,17.5,18,0,0
GLC_PE,D,20160118,000000,17.2,18,17.2,17.7,0,0
GLC_PE,D,20160119,000000,17.8,17.8,17.6,17.8,0,0
GLC_PE,D,20160120,000000,17.8,17.8,17.2,17.7,0,0
GLC_PE,D,20160121,000000,17.7,17.7,17.2,17.5,0,0
GLC_PE,D,20160122,000000,17.5,18.7,17,18.7,0,0
GLC_PE,D,20160125,000000,18.7,19.6,18.7,19.6,0,0
GLC_PE,D,20160126,000000,19.6,19.7,18.4,19.5,0,0
GLC_PE,D,20160127,000000,19.5,19.7,19,19.6,0,0
GLC_PE,D,20160128,000000,19.6,19.6,18.3,18.3,0,0
GLC_PE,D,20160129,000000,18.4,19,17.6,18,0,0
GLC_PE,D,20160201,000000,18,18,17.7,18,0,0
GLC_PE,D,20160202,000000,18,18,18,18,0,0
GLC_PE,D,20160203,000000,18,18,17.6,17.9,0,0
GLC_PE,D,20160204,000000,18,18,17.6,17.9,0,0
GLC_PE,D,20160205,000000,18,18,17.9,17.9,0,0
GLC_PE,D,20160208,000000,18,18,17.9,17.9,0,0
GLC_PE,D,20160209,000000,17.9,18,17.9,18,0,0
GLC_PE,D,20160210,000000,17.9,18,17.9,17.9,0,0
GLC_PE,D,20160211,000000,17.9,17.9,17.9,17.9,0,0
GLC_PE,D,20160212,000000,17.9,17.9,17.9,17.9,0,0
GLC_PE,D,20160215,000000,17.9,18,17.9,18,0,0
GLC_PE,D,20160216,000000,18,18,18,18,0,0
GLC_PE,D,20160217,000000,18,18,18,18,0,0
GLC_PE,D,20160218,000000,18,18,18,18,0,0
GLC_PE,D,20160219,000000,18,18,18,18,0,0
GLC_PE,D,20160222,000000,18,18,18,18,0,0
GLC_PE,D,20160223,000000,18,18,17.5,18,0,0
GLC_PE,D,20160224,000000,17.9,17.9,17.9,17.9,0,0
GLC_PE,D,20160225,000000,18,18,17.3,17.8,0,0
GLC_PE,D,20160226,000000,18.1,18.1,18,18,0,0
GLC_PE,D,20160229,000000,18,18,17.5,18,0,0
GLC_PE,D,20160301,000000,17.9,17.9,17.9,17.9,0,0
GLC_PE,D,20160302,000000,18,18,17.9,17.9,0,0
GLC_PE,D,20160303,000000,18,18,17.5,17.8,0,0
GLC_PE,D,20160304,000000,17.8,18.1,17.8,18,0,0
GLC_PE,D,20160307,000000,18,18,18,18,0,0
GLC_PE,D,20160308,000000,18,18,17.3,18,0,0
GLC_PE,D,20160309,000000,18,18,17.4,17.9,0,0
GLC_PE,D,20160310,000000,17.9,17.9,17.3,17.8,0,0
GLC_PE,D,20160311,000000,17.9,17.9,17.4,17.9,0,0
GLC_PE,D,20160314,000000,17.9,17.9,17.9,17.9,0,0
GLC_PE,D,20160315,000000,17.9,17.9,17.9,17.9,0,0
GLC_PE,D,20160316,000000,17.9,18.7,17.9,18.7,0,0
GLC_PE,D,20160317,000000,18.7,18.7,18.2,18.7,0,0
GLC_PE,D,20160318,000000,18.7,18.7,18.3,18.5,0,0
GLC_PE,D,20160321,000000,18.1,18.2,17.6,18.2,0,0
GLC_PE,D,20160322,000000,18.2,18.8,18.2,18.7,0,0
GLC_PE,D,20160323,000000,18.7,18.7,18.7,18.7,0,0
GLC_PE,D,20160324,000000,18.7,18.7,18.7,18.7,0,0
GLC_PE,D,20160329,000000,18.7,18.7,18.7,18.7,0,0
GLC_PE,D,20160330,000000,18.7,34.2,18.7,34.2,0,0
GLC_PE,D,20160331,000000,34.3,34.3,34.2,34.2,0,0
GLC_PE,D,20160401,000000,34.2,34.3,33.1,33.9,0,0
GLC_PE,D,20160404,000000,33.9,34.2,33.1,34.2,0,0
GLC_PE,D,20160405,000000,34.2,34.2,33.1,34.2,0,0
GLC_PE,D,20160406,000000,33.9,34.2,33.9,34.2,0,0
GLC_PE,D,20160407,000000,33.9,34.3,33.9,34.3,0,0
GLC_PE,D,20160408,000000,34.2,34.3,33.6,34.3,0,0
GLC_PE,D,20160411,000000,34.3,34.5,33.6,34.4,0,0
GLC_PE,D,20160412,000000,34.4,34.4,34,34.3,0,0
GLC_PE,D,20160413,000000,34.3,36.4,33.1,33.9,0,0
GLC_PE,D,20160414,000000,34.4,34.4,33.9,33.9,0,0
GLC_PE,D,20160415,000000,33.8,33.9,33.3,33.9,0,0
GLC_PE,D,20160418,000000,34.7,34.7,33.3,33.9,0,0
GLC_PE,D,20160419,000000,34.3,34.8,33.9,34.8,0,0
GLC_PE,D,20160420,000000,34.8,34.8,34.8,34.8,0,0
GLC_PE,D,20160421,000000,34.8,34.8,34.4,34.7,0,0
GLC_PE,D,20160422,000000,34.7,34.8,34.7,34.8,0,0
GLC_PE,D,20160425,000000,34.8,34.8,34.7,34.7,0,0
GLC_PE,D,20160426,000000,34.7,34.7,34.7,34.7,0,0
GLC_PE,D,20160427,000000,34.7,34.7,34.3,34.3,0,0
GLC_PE,D,20160428,000000,34.3,34.3,34.3,34.3,0,0
GLC_PE,D,20160429,000000,34.3,34.6,34.3,34.6,0,0
GLC_PE,D,20160502,000000,34.7,34.7,34.6,34.6,0,0
GLC_PE,D,20160504,000000,34.7,34.7,33.3,33.3,0,0
GLC_PE,D,20160505,000000,33.3,33.3,32.5,33.2,0,0
GLC_PE,D,20160506,000000,33.1,33.9,33.1,33.9,0,0
GLC_PE,D,20160509,000000,33.3,34.3,32.5,34.3,0,0
GLC_PE,D,20160510,000000,32.9,34.1,32.9,34.1,0,0
GLC_PE,D,20160511,000000,34.1,34.1,32.9,34.1,0,0
GLC_PE,D,20160512,000000,34.2,34.2,33.2,34.2,0,0
GLC_PE,D,20160513,000000,34.2,34.4,34.2,34.3,0,0
GLC_PE,D,20160516,000000,33.2,34.3,33.2,34.3,0,0
GLC_PE,D,20160517,000000,34,34.6,34,34.6,0,0
GLC_PE,D,20160518,000000,34.6,34.6,33.9,33.9,0,0
GLC_PE,D,20160519,000000,33.9,69.5,33.6,69.5,0,0
GLC_PE,D,20160520,000000,69.7,73.3,68.8,73.3,0,0
GLC_PE,D,20160523,000000,73.7,75.9,73.7,75.6,0,0
GLC_PE,D,20160524,000000,75.6,78.5,75.6,78.5,0,0
GLC_PE,D,20160525,000000,78,83,78,83,0,0
GLC_PE,D,20160527,000000,81.5,84.9,81.5,84.9,0,0
GLC_PE,D,20160530,000000,84.9,89.9,84.9,89.6,0,0
GLC_PE,D,20160531,000000,85.6,87.5,83.7,85.6,0,0
GLC_PE,D,20160601,000000,84.9,86.7,79.9,86.7,0,0
GLC_PE,D,20160602,000000,88.9,88.9,85.6,85.6,0,0
GLC_PE,D,20160603,000000,86.5,86.5,86.1,86.1,0,0
GLC_PE,D,20160606,000000,86.3,86.3,84.2,86.3,0,0
GLC_PE,D,20160607,000000,86.3,86.3,86.3,86.3,0,0
GLC_PE,D,20160608,000000,86.3,86.3,82.8,86.3,0,0
GLC_PE,D,20160609,000000,86.3,86.3,86.3,86.3,0,0
GLC_PE,D,20160610,000000,86.3,86.3,86.1,86.1,0,0
GLC_PE,D,20160613,000000,86.3,86.7,82.7,86.7,0,0
GLC_PE,D,20160614,000000,89.6,89.6,88.4,89.3,0,0
GLC_PE,D,20160615,000000,89.6,89.6,88.4,88.4,0,0
GLC_PE,D,20160616,000000,85.8,88.4,79.9,81.3,0,0
GLC_PE,D,20160617,000000,81.3,86.3,79.7,84.7,0,0
GLC_PE,D,20160620,000000,84.2,88.2,84.2,87.3,0,0
GLC_PE,D,20160621,000000,87.3,87.3,85.6,87.2,0,0
GLC_PE,D,20160622,000000,87.2,87.9,86.7,87.9,0,0
GLC_PE,D,20160623,000000,87.9,91,87.9,91,0,0
GLC_PE,D,20160624,000000,89.1,90.8,80.4,89.6,0,0
GLC_PE,D,20160627,000000,89.3,89.9,85.8,89.1,0,0
GLC_PE,D,20160628,000000,89.1,89.1,86.3,86.5,0,0
GLC_PE,D,20160629,000000,88,88.2,84.1,86.7,0,0
GLC_PE,D,20160630,000000,87.9,87.9,83.5,85.8,0,0
GLC_PE,D,20160701,000000,87.5,87.5,81.1,83,0,0
GLC_PE,D,20160704,000000,83.2,83.2,83.2,83.2,0,0
GLC_PE,D,20160705,000000,85.8,85.8,80.8,84.4,0,0
GLC_PE,D,20160706,000000,84.4,84.4,81.3,84.1,0,0
GLC_PE,D,20160707,000000,84.9,84.9,84.4,84.4,0,0
GLC_PE,D,20160708,000000,83.2,86.7,79.9,86.7,0,0
GLC_PE,D,20160711,000000,86.1,86.1,86.1,86.1,0,0
GLC_PE,D,20160712,000000,85.8,85.8,85.8,85.8,0,0
GLC_PE,D,20160713,000000,85.8,85.8,85.8,85.8,0,0
GLC_PE,D,20160714,000000,85.3,86.7,85.3,86.7,0,0
GLC_PE,D,20160715,000000,85.8,85.8,85.6,85.6,0,0
GLC_PE,D,20160718,000000,84.9,84.9,84.9,84.9,0,0
GLC_PE,D,20160719,000000,82.7,82.7,82.7,82.7,0,0
GLC_PE,D,20160720,000000,84.9,84.9,84.9,84.9,0,0
GLC_PE,D,20160721,000000,82.7,86.7,82.7,86.7,0,0
GLC_PE,D,20160722,000000,88.6,88.6,87.3,87.3,0,0
GLC_PE,D,20160725,000000,88.6,88.6,88.6,88.6,0,0
GLC_PE,D,20160726,000000,88.6,88.6,88.6,88.6,0,0
GLC_PE,D,20160727,000000,88.6,89.9,86.7,89.9,0,0
GLC_PE,D,20160728,000000,89.9,91.2,89.9,91.2,0,0
GLC_PE,D,20160729,000000,91.5,91.5,91.2,91.2,0,0
GLC_PE,D,20160801,000000,91.5,91.5,88.4,91.3,0,0
GLC_PE,D,20160802,000000,89.3,91.3,89.3,91.3,0,0
GLC_PE,D,20160803,000000,91.3,91.3,89.4,91.3,0,0
GLC_PE,D,20160804,000000,91.3,91.3,86.7,91.3,0,0
GLC_PE,D,20160805,000000,91.3,91.3,91.3,91.3,0,0
GLC_PE,D,20160808,000000,91.3,91.3,87.9,91.3,0,0
GLC_PE,D,20160809,000000,91.2,92.5,91,92.5,0,0
GLC_PE,D,20160810,000000,92.5,92.5,92.5,92.5,0,0
GLC_PE,D,20160811,000000,92.5,92.5,89.3,92.4,0,0
GLC_PE,D,20160812,000000,92.4,92.4,92.4,92.4,0,0
GLC_PE,D,20160816,000000,91.9,107.4,91.9,107.4,0,0
GLC_PE,D,20160817,000000,107.5,107.5,104.5,107,0,0
GLC_PE,D,20160818,000000,107.3,107.3,105.4,105.4,0,0
GLC_PE,D,20160819,000000,107.3,107.3,107.2,107.2,0,0
GLC_PE,D,20160822,000000,107.5,107.5,107.4,107.4,0,0
GLC_PE,D,20160823,000000,107.5,107.5,107.4,107.4,0,0
GLC_PE,D,20160824,000000,107.5,107.5,106.9,107.4,0,0
GLC_PE,D,20160825,000000,107.3,107.3,107,107,0,0
GLC_PE,D,20160826,000000,107.5,108.3,107.5,108.3,0,0
GLC_PE,D,20160829,000000,108.3,108.3,103.9,108.1,0,0
GLC_PE,D,20160830,000000,107.3,109.1,103.4,109.1,0,0
GLC_PE,D,20160831,000000,107.5,110.5,106.9,110.3,0,0
GLC_PE,D,20160901,000000,110.3,110.3,109.5,109.5,0,0
GLC_PE,D,20160902,000000,109.5,109.5,106.3,109.1,0,0
GLC_PE,D,20160905,000000,109.1,109.3,101.3,101.3,0,0
GLC_PE,D,20160906,000000,101.5,101.5,100.6,101.3,0,0
GLC_PE,D,20160907,000000,101.3,101.3,101.3,101.3,0,0
GLC_PE,D,20160908,000000,101.3,102.8,101.3,101.5,0,0
GLC_PE,D,20160909,000000,102.4,102.4,102.4,102.4,0,0
GLC_PE,D,20160912,000000,98.9,102.4,98.9,102.4,0,0
GLC_PE,D,20160913,000000,101.5,102.8,101.5,102.8,0,0
GLC_PE,D,20160914,000000,102.8,102.8,102.4,102.4,0,0
GLC_PE,D,20160915,000000,102.4,102.8,100.6,102.8,0,0
GLC_PE,D,20160916,000000,101.5,102.8,100.6,101.5,0,0
GLC_PE,D,20160919,000000,102.4,102.4,101.3,101.3,0,0
GLC_PE,D,20160920,000000,101.1,102.8,101.1,102.8,0,0
GLC_PE,D,20160921,000000,102.8,107.1,102.1,104.3,0,0
GLC_PE,D,20160922,000000,105.3,107.9,105.3,107.9,0,0
GLC_PE,D,20160923,000000,108.5,117.3,106.2,112.6,0,0
GLC_PE,D,20160926,000000,117.1,117.1,116.9,116.9,0,0
GLC_PE,D,20160927,000000,110.9,115.2,110.9,113.4,0,0
GLC_PE,D,20160928,000000,110,110.3,108.6,109.2,0,0
GLC_PE,D,20160929,000000,107.9,112.4,107.9,112.4,0,0
GLC_PE,D,20160930,000000,112.4,112.4,112.2,112.2,0,0
GLC_PE,D,20161003,000000,112,112,111.1,111.1,0,0
GLC_PE,D,20161004,000000,110.9,111.7,107.7,111.7,0,0
GLC_PE,D,20161005,000000,111.8,111.8,111.8,111.8,0,0
GLC_PE,D,20161006,000000,111.7,112,108.5,112,0,0
GLC_PE,D,20161007,000000,111.8,114.3,109.4,114.1,0,0
GLC_PE,D,20161010,000000,116.9,116.9,113.9,114.1,0,0
GLC_PE,D,20161011,000000,114.1,114.1,114.1,114.1,0,0
GLC_PE,D,20161012,000000,114.1,114.1,114.1,114.1,0,0
GLC_PE,D,20161013,000000,113.5,113.5,109.4,112.8,0,0
GLC_PE,D,20161014,000000,114.1,114.1,112.8,112.8,0,0
GLC_PE,D,20161017,000000,112.8,112.8,112.6,112.6,0,0
GLC_PE,D,20161018,000000,113.9,113.9,109,109,0,0
GLC_PE,D,20161019,000000,109,110.9,109,110.9,0,0
GLC_PE,D,20161020,000000,110.9,110.9,103.6,107.1,0,0
GLC_PE,D,20161021,000000,107,107,106.8,106.8,0,0
GLC_PE,D,20161024,000000,103.9,108.7,101.5,108.7,0,0
GLC_PE,D,20161025,000000,107.1,107.1,103.8,106.4,0,0
GLC_PE,D,20161026,000000,108.6,108.6,103.6,106.2,0,0
GLC_PE,D,20161027,000000,106.6,106.6,106.6,106.6,0,0
GLC_PE,D,20161028,000000,106.6,106.8,106.6,106.8,0,0
GLC_PE,D,20161031,000000,107.1,107.1,106.8,107.1,0,0
GLC_PE,D,20161102,000000,108.1,108.1,105.1,105.1,0,0
GLC_PE,D,20161103,000000,108.6,108.6,105.5,105.5,0,0
GLC_PE,D,20161104,000000,107.1,107.1,102.4,102.4,0,0
GLC_PE,D,20161107,000000,97,169.1,97,169.1,0,0
GLC_PE,D,20161108,000000,169.8,169.8,168.2,168.2,0,0
GLC_PE,D,20161109,000000,168.2,168.2,168.2,168.2,0,0
GLC_PE,D,20161110,000000,166.7,171.4,166.7,171.3,0,0
GLC_PE,D,20161114,000000,171.4,171.4,169.8,169.8,0,0
GLC_PE,D,20161115,000000,169.8,169.8,161.9,168.5,0,0
GLC_PE,D,20161116,000000,169.8,169.8,169.1,169.1,0,0
GLC_PE,D,20161117,000000,169.2,169.2,169.1,169.1,0,0
GLC_PE,D,20161118,000000,169.8,170.4,162.9,167.9,0,0
GLC_PE,D,20161121,000000,167.9,167.9,167.9,167.9,0,0
GLC_PE,D,20161122,000000,169.8,169.8,163.5,168.2,0,0
GLC_PE,D,20161123,000000,166.4,175.5,166.4,175.1,0,0
GLC_PE,D,20161124,000000,181.8,181.8,171.4,173.8,0,0
GLC_PE,D,20161125,000000,174.2,174.5,169.2,174.5,0,0
GLC_PE,D,20161128,000000,181.8,181.8,181.7,181.7,0,0
GLC_PE,D,20161129,000000,181.8,189.3,176.1,188.3,0,0
GLC_PE,D,20161130,000000,188.4,188.4,182.4,188.3,0,0
GLC_PE,D,20161201,000000,188.4,188.4,185.5,185.5,0,0
GLC_PE,D,20161202,000000,180.8,182.4,180.5,180.5,0,0
GLC_PE,D,20161205,000000,182.4,191.5,182.4,191.5,0,0
GLC_PE,D,20161206,000000,191.2,191.5,191.1,191.1,0,0
GLC_PE,D,20161207,000000,191.5,191.5,191.5,191.5,0,0
GLC_PE,D,20161208,000000,191.5,193.4,185.5,193.3,0,0
GLC_PE,D,20161209,000000,193.1,193.1,191.8,193,0,0
GLC_PE,D,20161212,000000,193.4,193.4,193,193,0,0
GLC_PE,D,20161213,000000,194,196.2,191.8,196.2,0,0
GLC_PE,D,20161214,000000,196.2,196.2,195.9,195.9,0,0
GLC_PE,D,20161215,000000,194.7,196.2,194.7,196.2,0,0
GLC_PE,D,20161216,000000,196.2,196.2,194.6,194.6,0,0
GLC_PE,D,20161219,000000,191.8,192.8,169.8,169.8,0,0
GLC_PE,D,20161220,000000,173.6,180.5,167.6,180.5,0,0
GLC_PE,D,20161221,000000,184.6,184.6,179.2,179.2,0,0
GLC_PE,D,20161222,000000,179.2,180.8,172,180.8,0,0
GLC_PE,D,20161223,000000,180.8,180.8,172.6,176.1,0,0
GLC_PE,D,20161227,000000,183,183,172.6,173.2,0,0
GLC_PE,D,20161228,000000,177.4,177.4,168.6,172,0,0
GLC_PE,D,20161229,000000,175.5,179.9,169.8,179.8,0,0
GLC_PE,D,20161230,000000,179.6,186.2,179.6,185.5,0,0
GLC_PE,D,20170102,000000,185.8,195.9,185.8,195.9,0,0
GLC_PE,D,20170103,000000,196.5,198.1,189.3,197.7,0,0
GLC_PE,D,20170104,000000,197.8,200.9,197.8,198.7,0,0
GLC_PE,D,20170105,000000,198.1,198.1,191.5,193,0,0
GLC_PE,D,20170109,000000,193.1,195,192.8,194.9,0,0
GLC_PE,D,20170110,000000,194.7,194.7,194.3,194.3,0,0
GLC_PE,D,20170111,000000,194.3,194.3,194.3,194.3,0,0
GLC_PE,D,20170112,000000,194.3,194.3,194,194,0,0
GLC_PE,D,20170113,000000,194.7,194.7,193.3,193.3,0,0
GLC_PE,D,20170116,000000,193.4,193.4,193.3,193.3,0,0
GLC_PE,D,20170117,000000,193.4,193.4,178.6,184.9,0,0
GLC_PE,D,20170118,000000,193.4,193.4,174.5,174.5,0,0
GLC_PE,D,20170119,000000,175.5,176.1,170.8,171.3,0,0
GLC_PE,D,20170120,000000,171.4,171.4,167.9,167.9,0,0
GLC_PE,D,20170123,000000,167.3,177.7,167.3,177.6,0,0
GLC_PE,D,20170124,000000,179.2,179.2,176.1,176.1,0,0
GLC_PE,D,20170125,000000,176.1,176.1,169.2,171.1,0,0
GLC_PE,D,20170126,000000,174.5,176.1,167.6,176.1,0,0
GLC_PE,D,20170127,000000,176.7,176.7,169.2,174.8,0,0
GLC_PE,D,20170130,000000,175.5,175.5,168.2,168.5,0,0
GLC_PE,D,20170131,000000,174.2,174.2,167.6,174.2,0,0
GLC_PE,D,20170201,000000,174.2,174.2,167.9,171,0,0
GLC_PE,D,20170202,000000,171.1,171.1,165.4,169.8,0,0
GLC_PE,D,20170203,000000,169.8,169.8,164.4,164.4,0,0
GLC_PE,D,20170206,000000,170.8,170.8,164.2,170.4,0,0
GLC_PE,D,20170207,000000,170.1,170.1,169.8,169.8,0,0
GLC_PE,D,20170208,000000,169.9,170.1,169.6,170.1,0,0
GLC_PE,D,20170209,000000,170.1,170.1,169.4,169.4,0,0
GLC_PE,D,20170210,000000,169.8,169.8,169.4,169.4,0,0
GLC_PE,D,20170213,000000,169.8,169.8,163.5,168.2,0,0
GLC_PE,D,20170214,000000,169.8,169.8,161,166.6,0,0
GLC_PE,D,20170215,000000,166.7,169.2,161.6,169.1,0,0
GLC_PE,D,20170216,000000,169.8,169.8,168.8,168.8,0,0
GLC_PE,D,20170217,000000,168.9,168.9,168.8,168.8,0,0
GLC_PE,D,20170220,000000,168.9,168.9,168.5,168.5,0,0
GLC_PE,D,20170221,000000,168.9,168.9,168.6,168.8,0,0
GLC_PE,D,20170222,000000,168.9,168.9,166.6,166.6,0,0
GLC_PE,D,20170223,000000,168.2,168.9,162.3,168.2,0,0
GLC_PE,D,20170224,000000,163.5,166.7,161,166.6,0,0
GLC_PE,D,20170227,000000,168.9,168.9,159.1,166,0,0
GLC_PE,D,20170228,000000,166.7,166.7,166,166,0,0
GLC_PE,D,20170301,000000,160.7,166,160.7,166,0,0
GLC_PE,D,20170302,000000,163.5,166,158.8,166,0,0
GLC_PE,D,20170303,000000,166,166,166,166,0,0
GLC_PE,D,20170306,000000,166,166,159.7,166,0,0
GLC_PE,D,20170307,000000,166,166,159.1,165.4,0,0
GLC_PE,D,20170308,000000,165.4,165.4,165,165,0,0
GLC_PE,D,20170309,000000,165.1,165.1,163.5,163.5,0,0
GLC_PE,D,20170310,000000,163.5,163.5,163.5,163.5,0,0
GLC_PE,D,20170313,000000,163.5,163.5,163.5,163.5,0,0
GLC_PE,D,20170314,000000,163.5,163.5,163.5,163.5,0,0
GLC_PE,D,20170315,000000,160.4,161.9,160.4,161.9,0,0
GLC_PE,D,20170316,000000,161.9,161.9,159.1,159.1,0,0
GLC_PE,D,20170317,000000,159.1,159.1,157.9,158.4,0,0
GLC_PE,D,20170320,000000,158.5,158.5,158.4,158.4,0,0
GLC_PE,D,20170321,000000,158.5,158.5,158.4,158.4,0,0
GLC_PE,D,20170322,000000,158.2,158.2,156.6,156.9,0,0
GLC_PE,D,20170323,000000,158.2,158.2,158.1,158.1,0,0
GLC_PE,D,20170324,000000,158.2,158.2,150.9,155.6,0,0
GLC_PE,D,20170327,000000,155.7,155.7,155.7,155.7,0,0
GLC_PE,D,20170328,000000,155.7,155.7,148.4,155.6,0,0
GLC_PE,D,20170329,000000,155.7,155.7,137.1,139.6,0,0
GLC_PE,D,20170330,000000,138.4,138.4,117.9,133,0,0
GLC_PE,D,20170331,000000,133,133,129.6,130.2,0,0
GLC_PE,D,20170403,000000,130.2,130.2,125.8,125.8,0,0
GLC_PE,D,20170404,000000,125.8,127,125.8,127,0,0
GLC_PE,D,20170405,000000,126.1,127,126.1,127,0,0
GLC_PE,D,20170406,000000,127,127,121.4,125.8,0,0
GLC_PE,D,20170407,000000,121.7,127.4,121.7,121.7,0,0
GLC_PE,D,20170410,000000,119.5,125.8,119.5,125.1,0,0
GLC_PE,D,20170411,000000,122.6,122.6,122.6,122.6,0,0
GLC_PE,D,20170412,000000,119.5,122.6,119.5,122.6,0,0
GLC_PE,D,20170413,000000,122.6,126.1,122.6,125.4,0,0
GLC_PE,D,20170418,000000,131.8,131.8,125.8,131.7,0,0
GLC_PE,D,20170419,000000,131.8,131.8,119.5,119.5,0,0
GLC_PE,D,20170420,000000,130.2,130.2,127.3,127.3,0,0
GLC_PE,D,20170421,000000,130.2,130.2,124.2,127.3,0,0
GLC_PE,D,20170424,000000,127.4,127.4,121.7,127.3,0,0
GLC_PE,D,20170425,000000,127.4,127.4,121.1,127.3,0,0
GLC_PE,D,20170426,000000,127.4,127.4,117,119.5,0,0
GLC_PE,D,20170427,000000,126.4,126.4,116.9,116.9,0,0
GLC_PE,D,20170428,000000,113.8,125.2,110.1,125.1,0,0
GLC_PE,D,20170502,000000,124.8,124.8,122.3,122.3,0,0
GLC_PE,D,20170504,000000,123.9,123.9,123.9,123.9,0,0
GLC_PE,D,20200324,000000,20.9,20.9,20.9,20.9,0,0
GLC_PE,D,20200325,000000,21.4,21.4,19.3,19.9,0,0
GLC_PE,D,20200326,000000,19.9,20.1,18.5,19.1,0,0
GLC_PE,D,20200327,000000,19.6,19.6,17.9,18.4,0,0
GLC_PE,D,20200330,000000,18.4,22.5,18.4,22.5,0,0
GLC_PE,D,20200331,000000,24.6,29.1,24.6,28.7,0,0
GLC_PE,D,20200401,000000,30,33.7,29.8,31.3,0,0
GLC_PE,D,20200402,000000,31.9,33.2,30.5,31.6,0,0
GLC_PE,D,20200403,000000,31.9,31.9,28.7,31.3,0,0
GLC_PE,D,20200406,000000,33.9,42.6,33.9,42.6,0,0
GLC_PE,D,20200407,000000,54.8,54.8,39.4,39.4,0,0
GLC_PE,D,20200408,000000,39.2,41.3,35.2,37.1,0,0
GLC_PE,D,20200409,000000,39.9,40.2,37.1,37.9,0,0
GLC_PE,D,20200414,000000,38.1,46,38.1,40.5,0,0
GLC_PE,D,20200415,000000,39.9,39.9,37.9,39.2,0,0
GLC_PE,D,20200416,000000,38.1,39.2,36.8,37.9,0,0
GLC_PE,D,20200417,000000,37.1,38.6,36.3,36.6,0,0
GLC_PE,D,20200420,000000,36.6,38.4,35.8,38.4,0,0
GLC_PE,D,20200421,000000,38.4,38.4,31.6,34.2,0,0
GLC_PE,D,20200422,000000,33.9,36,33.7,35.2,0,0
GLC_PE,D,20200423,000000,35.2,42.2,35.2,41,0,0
GLC_PE,D,20200424,000000,40.5,49.1,40.5,48.3,0,0
GLC_PE,D,20200427,000000,54.3,67.9,54.3,62.7,0,0
GLC_PE,D,20200428,000000,64.8,75.7,58,62.7,0,0
GLC_PE,D,20200429,000000,66.3,66.3,59.5,62.7,0,0
GLC_PE,D,20200430,000000,68.9,79.9,68.9,79.9,0,0
GLC_PE,D,20200504,000000,87.7,101.8,87.7,101.8,0,0
GLC_PE,D,20200505,000000,115.4,130.5,110.2,125.3,0,0
GLC_PE,D,20200506,000000,130,130,121.7,124.8,0,0
GLC_PE,D,20200507,000000,102.3,117.5,44.7,44.7,0,0
GLC_PE,D,20200508,000000,42.2,46.4,40.3,40.8,0,0
GLC_PE,D,20200511,000000,42.7,46.5,42,46.5,0,0
GLC_PE,D,20200512,000000,46.3,46.5,43.3,44,0,0
GLC_PE,D,20200513,000000,44,44,40.8,42.8,0,0
GLC_PE,D,20200514,000000,42.8,42.8,36.7,38.4,0,0
GLC_PE,D,20200515,000000,39.1,43,39.1,40.6,0,0
GLC_PE,D,20200518,000000,41.6,41.6,38.4,39.1,0,0
GLC_PE,D,20200519,000000,38.9,38.9,36.7,37.2,0,0
GLC_PE,D,20200520,000000,36.7,38.2,34.5,35.2,0,0
GLC_PE,D,20200521,000000,35.5,35.5,33.3,34,0,0
GLC_PE,D,20200522,000000,33,37.4,32.8,35.4,0,0
GLC_PE,D,20200525,000000,36.4,36.4,34.4,35.2,0,0
GLC_PE,D,20200526,000000,35,36.2,34.7,35.4,0,0
GLC_PE,D,20200527,000000,35.4,35.4,33.2,33.2,0,0
GLC_PE,D,20200528,000000,33.7,35.2,33,35.2,0,0
GLC_PE,D,20200529,000000,35,37.2,34.2,36.2,0,0
GLC_PE,D,20200601,000000,37.2,37.2,35,35.9,0,0
GLC_PE,D,20200602,000000,35.9,35.9,33.5,34.2,0,0
GLC_PE,D,20200603,000000,34.2,34.7,32.2,33,0,0
GLC_PE,D,20200604,000000,34,35.2,32.3,34.5,0,0
GLC_PE,D,20200605,000000,34,34.5,33.3,34.2,0,0
GLC_PE,D,20200608,000000,34.7,34.7,31.7,34,0,0
GLC_PE,D,20200609,000000,34,34.2,33,33.7,0,0
GLC_PE,D,20200610,000000,33.7,33.7,32.7,33.2,0,0
GLC_PE,D,20200612,000000,31.7,32,30.5,31.8,0,0
GLC_PE,D,20200615,000000,31.1,31.1,29.8,29.8,0,0
GLC_PE,D,20200616,000000,29.8,39.1,29.8,39.1,0,0
GLC_PE,D,20200617,000000,40.1,40.8,36.2,39.1,0,0
GLC_PE,D,20200618,000000,40.3,40.3,36.4,36.4,0,0
GLC_PE,D,20200619,000000,36.2,37.9,36.2,36.7,0,0
GLC_PE,D,20200622,000000,38.7,46.5,38.7,46,0,0
GLC_PE,D,20200623,000000,47.2,47.2,44.3,45,0,0
GLC_PE,D,20200624,000000,45.8,50.4,44.3,50.4,0,0
GLC_PE,D,20200625,000000,49.4,56.3,48.7,51.3,0,0
GLC_PE,D,20200626,000000,52.5,54.7,47.6,47.7,0,0
GLC_PE,D,20200629,000000,48.9,50.9,45.7,46.9,0,0
GLC_PE,D,20200630,000000,47.1,49.1,43,43,0,0
GLC_PE,D,20200701,000000,43,45.2,40.5,42,0,0
GLC_PE,D,20200702,000000,42,46.2,41.5,45.7,0,0
GLC_PE,D,20200703,000000,46.2,47.9,45.2,46,0,0
GLC_PE,D,20200706,000000,46,49.7,46,48.9,0,0
GLC_PE,D,20200707,000000,49.9,49.9,46.5,48.2,0,0
GLC_PE,D,20200708,000000,48.2,48.7,46.5,48.2,0,0
GLC_PE,D,20200709,000000,49,53.1,46.5,48.7,0,0
GLC_PE,D,20200710,000000,47.2,48.2,46.5,47.9,0,0
GLC_PE,D,20200713,000000,48.2,48.2,46.5,47.7,0,0
GLC_PE,D,20200714,000000,46.7,47.2,45,46.2,0,0
GLC_PE,D,20200715,000000,46.7,50.1,46.5,49.1,0,0
GLC_PE,D,20200716,000000,49.3,49.3,47.4,47.7,0,0
GLC_PE,D,20200717,000000,47.2,48.4,46.2,47.7,0,0
GLC_PE,D,20200720,000000,50.6,59.7,50.6,58.4,0,0
GLC_PE,D,20200721,000000,59.9,73.3,59.9,73.3,0,0
GLC_PE,D,20200722,000000,79.4,91.7,75.1,91.7,0,0
GLC_PE,D,20200723,000000,94.1,111.9,89.2,89.2,0,0
GLC_PE,D,20200724,000000,102.7,103.3,92.9,99,0,0
GLC_PE,D,20200727,000000,100.2,128.4,100.2,128.3,0,0
GLC_PE,D,20200728,000000,144.3,151.6,140.6,145.5,0,0
GLC_PE,D,20200729,000000,146.7,146.7,123.5,123.5,0,0
GLC_PE,D,20200730,000000,124.7,124.7,81.9,81.9,0,0
GLC_PE,D,20200731,000000,79.5,103.3,79.5,103.3,0,0
GLC_PE,D,20200803,000000,127.1,127.1,112.5,127.1,0,0
GLC_PE,D,20200804,000000,133.3,133.3,110,114.3,0,0
GLC_PE,D,20200805,000000,117.4,117.4,105.7,108.8,0,0
GLC_PE,D,20200806,000000,110,110,94.1,99,0,0
GLC_PE,D,20200807,000000,99,99,82.5,97.2,0,0
GLC_PE,D,20200810,000000,91.7,100.2,88,91.7,0,0
GLC_PE,D,20200811,000000,88,91.7,74.6,85.6,0,0
GLC_PE,D,20200812,000000,85.6,85.6,74,77,0,0
GLC_PE,D,20200813,000000,75.8,97.8,75.8,97.8,0,0
GLC_PE,D,20200814,000000,97.8,102.7,91.1,93.5,0,0
GLC_PE,D,20200817,000000,95.4,100.9,91.7,99,0,0
GLC_PE,D,20200818,000000,99,99,91.7,92.9,0,0
GLC_PE,D,20200819,000000,91.7,96.6,91.7,93.5,0,0
GLC_PE,D,20200820,000000,95.4,95.4,87.4,91.1,0,0
GLC_PE,D,20200821,000000,91.7,91.7,85,89.2,0,0
