<TICKER>,<PER>,<DATE>,<TIME>,<OPEN>,<HIGH>,<LOW>,<CLOSE>,<VOL>,<OPENINT>
GRN_PE,D,20110628,000000,7.6328,7.6328,7.6328,7.6328,0,0
GRN_PE,D,20110630,000000,7.8044,7.8044,7.8044,7.8044,0,0
GRN_PE,D,20110706,000000,7.8062,7.8062,7.8062,7.8062,0,0
GRN_PE,D,20110707,000000,7.8062,7.8062,7.8062,7.8062,0,0
GRN_PE,D,20110711,000000,7.8062,7.8062,7.7193,7.7193,0,0
GRN_PE,D,20110713,000000,7.7193,7.8062,7.7193,7.8062,0,0
GRN_PE,D,20110718,000000,7.9796,7.9796,7.8929,7.8929,0,0
GRN_PE,D,20110727,000000,7.3725,7.3725,7.2857,7.2857,0,0
GRN_PE,D,20110728,000000,7.0256,7.0256,7.0256,7.0256,0,0
GRN_PE,D,20110802,000000,6.6806,6.6806,6.2418,6.2418,0,0
GRN_PE,D,20110803,000000,6.1583,6.1583,5.7246,5.7246,0,0
GRN_PE,D,20110804,000000,5.6378,6.8521,5.3776,6.8521,0,0
GRN_PE,D,20110805,000000,5.8112,6.6787,5.8112,6.6787,0,0
GRN_PE,D,20110808,000000,6.4183,6.4183,5.7246,5.7246,0,0
GRN_PE,D,20110810,000000,5.898,5.898,5.7246,5.7246,0,0
GRN_PE,D,20110811,000000,5.7246,5.7246,5.7246,5.7246,0,0
GRN_PE,D,20110812,000000,5.7246,5.7246,5.7246,5.7246,0,0
GRN_PE,D,20110816,000000,5.4643,5.4643,5.4643,5.4643,0,0
GRN_PE,D,20110823,000000,5.5512,5.7246,5.5512,5.7246,0,0
GRN_PE,D,20110829,000000,5.6378,5.898,5.6378,5.898,0,0
GRN_PE,D,20110830,000000,6.1583,6.6787,6.1583,6.4183,0,0
GRN_PE,D,20110831,000000,6.4174,7.023,6.4174,7.023,0,0
GRN_PE,D,20110901,000000,6.6787,6.6787,6.5919,6.6787,0,0
GRN_PE,D,20110902,000000,6.4174,6.4174,6.2418,6.2418,0,0
GRN_PE,D,20110905,000000,6.3317,7.1992,6.3317,7.1992,0,0
GRN_PE,D,20110907,000000,6.5051,6.5051,6.3296,6.3296,0,0
GRN_PE,D,20110908,000000,6.4174,6.6806,6.4174,6.6806,0,0
GRN_PE,D,20110909,000000,6.8521,6.8521,6.7654,6.7654,0,0
GRN_PE,D,20110912,000000,6.8521,6.9388,6.8521,6.9388,0,0
GRN_PE,D,20110913,000000,6.9388,7.1992,6.9388,7.1123,0,0
GRN_PE,D,20110915,000000,7.1123,7.1123,6.8521,7.1123,0,0
GRN_PE,D,20110916,000000,6.8562,6.8562,6.8562,6.8562,0,0
GRN_PE,D,20110919,000000,6.6787,6.6787,6.6787,6.6787,0,0
GRN_PE,D,20110920,000000,6.7654,6.7654,6.6787,6.6787,0,0
GRN_PE,D,20110923,000000,6.6806,6.6806,6.6806,6.6806,0,0
GRN_PE,D,20110926,000000,6.3317,6.3317,6.3317,6.3317,0,0
GRN_PE,D,20110928,000000,6.075,6.3296,6.075,6.3296,0,0
GRN_PE,D,20110929,000000,6.075,6.3296,6.075,6.3296,0,0
GRN_PE,D,20110930,000000,5.9872,6.075,5.9872,5.9872,0,0
GRN_PE,D,20111003,000000,6.075,6.154,6.075,6.154,0,0
GRN_PE,D,20111005,000000,6.233,6.233,6.233,6.233,0,0
GRN_PE,D,20111006,000000,5.9696,5.9696,5.9696,5.9696,0,0
GRN_PE,D,20111007,000000,5.7063,5.7063,5.5307,5.5307,0,0
GRN_PE,D,20111010,000000,5.4429,5.4429,5.4429,5.4429,0,0
GRN_PE,D,20111011,000000,5.4429,5.7063,5.4429,5.6184,0,0
GRN_PE,D,20111012,000000,5.3551,5.4429,5.1795,5.4429,0,0
GRN_PE,D,20111013,000000,5.3551,5.3551,5.3551,5.3551,0,0
GRN_PE,D,20111014,000000,5.3551,5.3551,5.3551,5.3551,0,0
GRN_PE,D,20111018,000000,5.2673,5.2673,5.1795,5.1795,0,0
GRN_PE,D,20111021,000000,5.3551,5.3551,5.3551,5.3551,0,0
GRN_PE,D,20111025,000000,5.1795,5.1795,5.1795,5.1795,0,0
GRN_PE,D,20111028,000000,5.2673,5.2673,5.2673,5.2673,0,0
GRN_PE,D,20111031,000000,5.3551,5.4429,5.3551,5.4429,0,0
GRN_PE,D,20111102,000000,5.3551,5.3551,5.3551,5.3551,0,0
GRN_PE,D,20111104,000000,5.1795,5.1795,5.0919,5.0919,0,0
GRN_PE,D,20111107,000000,5.0919,5.1795,5.0919,5.1795,0,0
GRN_PE,D,20111109,000000,5.0038,5.0919,5.0038,5.0038,0,0
GRN_PE,D,20111110,000000,5.0038,5.0038,5.0038,5.0038,0,0
GRN_PE,D,20111114,000000,4.9162,4.9162,4.9162,4.9162,0,0
GRN_PE,D,20111115,000000,4.9162,5.1795,4.9162,5.1795,0,0
GRN_PE,D,20111116,000000,5.1795,5.1795,5.1795,5.1795,0,0
GRN_PE,D,20111121,000000,5.2673,5.2673,5.1795,5.1795,0,0
GRN_PE,D,20111125,000000,5.0038,6.1452,5.0038,6.1452,0,0
GRN_PE,D,20111129,000000,5.7063,5.7063,5.4429,5.4429,0,0
GRN_PE,D,20111201,000000,5.5307,5.7941,5.5307,5.7941,0,0
GRN_PE,D,20111202,000000,5.7063,5.8819,5.7063,5.8819,0,0
GRN_PE,D,20111208,000000,5.6184,5.6184,5.3551,5.3551,0,0
GRN_PE,D,20111209,000000,5.3551,5.3551,5.3551,5.3551,0,0
GRN_PE,D,20111212,000000,5.3551,5.3551,5.3551,5.3551,0,0
GRN_PE,D,20111216,000000,5.4429,5.4429,4.9162,4.9162,0,0
GRN_PE,D,20111219,000000,5.0038,5.0038,3.9505,3.9505,0,0
GRN_PE,D,20111220,000000,4.8283,4.8283,4.4771,4.7406,0,0
GRN_PE,D,20111222,000000,4.9162,5.4429,4.7406,5.0038,0,0
GRN_PE,D,20111223,000000,4.7406,4.7406,4.7406,4.7406,0,0
GRN_PE,D,20111227,000000,4.6528,5.6184,4.5651,5.6184,0,0
GRN_PE,D,20111228,000000,4.7406,6.233,4.7406,6.233,0,0
GRN_PE,D,20111229,000000,4.7406,5.9696,4.7406,5.9696,0,0
GRN_PE,D,20120102,000000,5.7063,5.7063,5.0919,5.0919,0,0
GRN_PE,D,20120103,000000,5.3551,5.6184,5.3551,5.6184,0,0
GRN_PE,D,20120110,000000,5.2673,5.2673,4.5651,4.5651,0,0
GRN_PE,D,20120116,000000,5.2673,5.2673,5.0038,5.0038,0,0
GRN_PE,D,20120117,000000,5.3551,5.4429,5.3551,5.4429,0,0
GRN_PE,D,20120125,000000,5.3551,5.3551,5.3551,5.3551,0,0
GRN_PE,D,20120127,000000,5.4429,5.6184,5.4429,5.6184,0,0
GRN_PE,D,20120202,000000,5.7941,5.7941,5.5307,5.5307,0,0
GRN_PE,D,20120203,000000,5.5307,5.6184,5.5307,5.6184,0,0
GRN_PE,D,20120206,000000,5.7941,5.7941,5.7063,5.7063,0,0
GRN_PE,D,20120208,000000,6.1452,6.7597,6.1452,6.233,0,0
GRN_PE,D,20120209,000000,6.4964,6.5842,6.4964,6.5842,0,0
GRN_PE,D,20120214,000000,6.4087,6.4087,6.4087,6.4087,0,0
GRN_PE,D,20120215,000000,6.4087,6.4087,6.4087,6.4087,0,0
GRN_PE,D,20120216,000000,6.233,6.233,6.233,6.233,0,0
GRN_PE,D,20120220,000000,6.233,6.233,6.233,6.233,0,0
GRN_PE,D,20120221,000000,6.0575,6.1452,6.0575,6.0575,0,0
GRN_PE,D,20120222,000000,5.9696,6.233,5.9696,6.233,0,0
GRN_PE,D,20120223,000000,6.233,6.233,6.233,6.233,0,0
GRN_PE,D,20120224,000000,6.0575,6.0575,6.0575,6.0575,0,0
GRN_PE,D,20120227,000000,6.233,6.233,6.233,6.233,0,0
GRN_PE,D,20120228,000000,6.233,6.233,6.233,6.233,0,0
GRN_PE,D,20120305,000000,6.233,6.233,6.233,6.233,0,0
GRN_PE,D,20120306,000000,6.1452,6.233,6.1452,6.233,0,0
GRN_PE,D,20120307,000000,6.233,6.4087,5.9696,5.9696,0,0
GRN_PE,D,20120308,000000,5.9696,5.9696,5.9696,5.9696,0,0
GRN_PE,D,20120309,000000,6.1452,6.233,6.1452,6.233,0,0
GRN_PE,D,20120312,000000,6.0575,6.0575,5.9696,5.9696,0,0
GRN_PE,D,20120313,000000,5.8819,5.8819,5.8819,5.8819,0,0
GRN_PE,D,20120316,000000,5.8819,5.8819,5.8819,5.8819,0,0
GRN_PE,D,20120320,000000,5.7063,5.7063,5.6184,5.6184,0,0
GRN_PE,D,20120321,000000,5.4429,5.4429,5.4429,5.4429,0,0
GRN_PE,D,20120326,000000,5.4429,5.4429,5.4429,5.4429,0,0
GRN_PE,D,20120327,000000,5.7063,5.7063,5.6184,5.6184,0,0
GRN_PE,D,20120402,000000,5.7063,6.6719,5.7063,6.4087,0,0
GRN_PE,D,20120403,000000,6.5842,6.5842,6.4964,6.5842,0,0
GRN_PE,D,20120404,000000,6.4087,6.4087,6.4087,6.4087,0,0
GRN_PE,D,20120413,000000,6.233,6.233,6.233,6.233,0,0
GRN_PE,D,20120423,000000,6.233,6.233,6.233,6.233,0,0
GRN_PE,D,20120424,000000,6.0575,6.0575,5.9696,5.9696,0,0
GRN_PE,D,20120514,000000,5.9696,5.9696,5.8819,5.9696,0,0
GRN_PE,D,20120515,000000,5.8819,5.8819,5.8819,5.8819,0,0
GRN_PE,D,20120516,000000,5.6184,5.6184,5.4429,5.4429,0,0
GRN_PE,D,20120517,000000,5.6184,5.6184,5.6184,5.6184,0,0
GRN_PE,D,20120521,000000,5.5307,5.5307,5.5307,5.5307,0,0
GRN_PE,D,20120523,000000,5.5307,5.5307,4.4771,5.3551,0,0
GRN_PE,D,20120528,000000,5.2673,5.2673,5.2673,5.2673,0,0
GRN_PE,D,20120529,000000,4.9162,5.2673,4.9162,5.2673,0,0
GRN_PE,D,20120530,000000,5.1795,5.1795,5.1795,5.1795,0,0
GRN_PE,D,20120531,000000,5.3551,6.233,5.3551,6.233,0,0
GRN_PE,D,20120606,000000,5.3551,5.3551,5.0038,5.1795,0,0
GRN_PE,D,20120608,000000,5.0919,5.0919,5.0919,5.0919,0,0
GRN_PE,D,20120614,000000,5.0919,5.0919,5.0919,5.0919,0,0
GRN_PE,D,20120615,000000,4.8283,4.8283,4.7406,4.7406,0,0
GRN_PE,D,20120618,000000,4.7406,4.7406,4.4771,4.6528,0,0
GRN_PE,D,20120619,000000,4.7406,5.5307,4.7406,5.5307,0,0
GRN_PE,D,20120620,000000,6.4964,6.4964,4.126,4.126,0,0
GRN_PE,D,20120621,000000,4.6528,4.6528,4.3895,4.4771,0,0
GRN_PE,D,20120622,000000,4.4771,4.6528,4.4771,4.6528,0,0
GRN_PE,D,20120625,000000,4.4771,4.4771,4.4771,4.4771,0,0
GRN_PE,D,20120626,000000,4.6528,4.8283,4.4771,4.4771,0,0
GRN_PE,D,20120627,000000,4.3895,4.3895,4.3017,4.3017,0,0
GRN_PE,D,20120628,000000,4.2138,5.1795,4.2138,4.2138,0,0
GRN_PE,D,20120629,000000,4.5683,5.0917,4.5683,4.9142,0,0
GRN_PE,D,20120702,000000,4.5651,4.5651,3.9505,3.9505,0,0
GRN_PE,D,20120703,000000,4.0384,4.0384,3.1605,3.775,0,0
GRN_PE,D,20120705,000000,3.775,4.0384,3.1605,3.9505,0,0
GRN_PE,D,20120706,000000,4.0384,4.126,4.0384,4.126,0,0
GRN_PE,D,20120709,000000,4.126,4.9162,4.126,4.9162,0,0
GRN_PE,D,20120710,000000,5.0038,5.1795,4.4771,4.9162,0,0
GRN_PE,D,20120711,000000,4.9162,4.9162,4.2138,4.2138,0,0
GRN_PE,D,20120712,000000,4.4771,4.4771,4.126,4.3895,0,0
GRN_PE,D,20120713,000000,4.2138,4.8283,4.2138,4.8283,0,0
GRN_PE,D,20120716,000000,4.3017,4.8283,3.8627,4.5651,0,0
GRN_PE,D,20120718,000000,4.0384,4.0384,4.0384,4.0384,0,0
GRN_PE,D,20120719,000000,4.0384,4.8283,4.0384,4.8283,0,0
GRN_PE,D,20120720,000000,4.9162,5.7063,4.6528,5.7063,0,0
GRN_PE,D,20120723,000000,4.6528,5.4429,4.6528,5.4429,0,0
GRN_PE,D,20120724,000000,4.6528,6.4964,4.6528,6.4964,0,0
GRN_PE,D,20120726,000000,5.3551,6.0575,5.3551,6.0575,0,0
GRN_PE,D,20120727,000000,5.9696,6.3207,5.5307,6.3207,0,0
GRN_PE,D,20120730,000000,5.5307,6.6719,5.5307,5.8819,0,0
GRN_PE,D,20120731,000000,6.1472,6.6704,4.8254,6.6704,0,0
GRN_PE,D,20120801,000000,6.6719,6.7597,6.3207,6.3207,0,0
GRN_PE,D,20120803,000000,6.233,6.233,6.0575,6.0575,0,0
GRN_PE,D,20120806,000000,6.0575,6.0575,6.0575,6.0575,0,0
GRN_PE,D,20120807,000000,5.9696,6.5842,4.8283,6.4087,0,0
GRN_PE,D,20120808,000000,5.5307,6.4087,5.3551,5.3551,0,0
GRN_PE,D,20120809,000000,5.3551,6.4087,5.0919,6.4087,0,0
GRN_PE,D,20120810,000000,5.3551,6.1452,5.2673,6.0575,0,0
GRN_PE,D,20120813,000000,5.4429,5.9696,5.1795,5.9696,0,0
GRN_PE,D,20120814,000000,5.3551,6.4087,5.1795,6.4087,0,0
GRN_PE,D,20120816,000000,5.8819,6.3207,5.6184,6.3207,0,0
GRN_PE,D,20120822,000000,5.5307,6.0575,5.5307,6.0575,0,0
GRN_PE,D,20120823,000000,5.5307,6.0575,5.2673,5.4429,0,0
GRN_PE,D,20120824,000000,5.7063,6.0575,5.5307,5.8819,0,0
GRN_PE,D,20120827,000000,5.7941,6.4087,5.7941,6.4087,0,0
GRN_PE,D,20120830,000000,7.023,7.023,7.023,7.023,0,0
GRN_PE,D,20120831,000000,6.4931,7.0254,5.8811,7.0254,0,0
GRN_PE,D,20120903,000000,6.6719,6.6719,6.6719,6.6719,0,0
GRN_PE,D,20120904,000000,6.5842,6.5842,6.4087,6.4087,0,0
GRN_PE,D,20120905,000000,6.4931,6.4931,6.4931,6.4931,0,0
GRN_PE,D,20120906,000000,6.233,6.233,6.0575,6.0575,0,0
GRN_PE,D,20120907,000000,6.1452,6.7597,5.7941,5.7941,0,0
GRN_PE,D,20120910,000000,5.7063,6.4087,5.3551,6.4087,0,0
GRN_PE,D,20120912,000000,5.4429,5.7063,5.4429,5.4429,0,0
GRN_PE,D,20120913,000000,5.3551,6.4087,4.3895,6.3207,0,0
GRN_PE,D,20120914,000000,5.0919,6.3207,5.0919,6.3207,0,0
GRN_PE,D,20120917,000000,6.1452,6.1452,6.1452,6.1452,0,0
GRN_PE,D,20120918,000000,5.4429,6.233,5.3551,6.1452,0,0
GRN_PE,D,20120920,000000,5.4429,6.3207,5.4429,6.3207,0,0
GRN_PE,D,20120925,000000,5.7063,6.233,5.7063,6.233,0,0
GRN_PE,D,20121004,000000,5.6149,6.8479,5.4463,6.8479,0,0
GRN_PE,D,20121005,000000,5.7063,7.111,5.7063,7.111,0,0
GRN_PE,D,20121008,000000,6.1452,7.7254,6.1452,7.7254,0,0
GRN_PE,D,20121009,000000,7.4621,7.6377,7.023,7.5498,0,0
GRN_PE,D,20121011,000000,7.023,7.8132,6.4087,7.7254,0,0
GRN_PE,D,20121018,000000,6.9354,7.7254,6.4964,7.6377,0,0
GRN_PE,D,20121019,000000,6.7592,7.726,6.7592,7.726,0,0
GRN_PE,D,20121023,000000,7.1141,7.726,7.0254,7.726,0,0
GRN_PE,D,20121024,000000,7.2027,7.2027,7.2027,7.2027,0,0
GRN_PE,D,20121026,000000,7.2027,7.726,6.4044,7.1141,0,0
GRN_PE,D,20121029,000000,7.0254,7.726,7.0254,7.726,0,0
GRN_PE,D,20121030,000000,7.2825,7.726,7.2825,7.5487,0,0
GRN_PE,D,20121031,000000,7.3623,8.9585,7.3623,8.9585,0,0
GRN_PE,D,20121102,000000,8.9585,10.112,8.9585,10.112,0,0
GRN_PE,D,20121105,000000,8.072,9.4025,8.072,9.4025,0,0
GRN_PE,D,20121106,000000,8.1606,9.3143,6.4753,9.3143,0,0
GRN_PE,D,20121107,000000,7.8946,7.8946,7.6285,7.6285,0,0
GRN_PE,D,20121109,000000,7.6285,7.6285,7.6285,7.6285,0,0
GRN_PE,D,20121112,000000,7.4511,8.6928,7.4511,8.6042,0,0
GRN_PE,D,20121119,000000,7.3623,7.8946,7.3623,7.8946,0,0
GRN_PE,D,20121120,000000,7.3623,8.5156,7.3623,8.3382,0,0
GRN_PE,D,20121121,000000,7.3623,8.4268,7.3623,8.3382,0,0
GRN_PE,D,20121123,000000,7.8946,7.8946,6.7415,7.8946,0,0
GRN_PE,D,20121126,000000,9.4025,9.4025,9.4025,9.4025,0,0
GRN_PE,D,20121128,000000,9.4025,10.645,8.5156,10.289,0,0
GRN_PE,D,20121130,000000,9.935,10.289,9.935,10.289,0,0
GRN_PE,D,20121212,000000,9.4917,9.4917,9.4025,9.4025,0,0
GRN_PE,D,20121214,000000,9.756,10.289,9.3143,10.289,0,0
GRN_PE,D,20121220,000000,9.2251,10.289,9.2251,10.289,0,0
GRN_PE,D,20121221,000000,8.4268,10.289,8.4268,10.289,0,0
GRN_PE,D,20121227,000000,10.289,10.289,10.289,10.289,0,0
GRN_PE,D,20121228,000000,8.8702,10.289,8.8702,10.2,0,0
GRN_PE,D,20130102,000000,8.9585,9.935,8.9585,9.935,0,0
GRN_PE,D,20130103,000000,9.935,9.935,9.935,9.935,0,0
GRN_PE,D,20130110,000000,9.756,9.756,9.0479,9.0479,0,0
GRN_PE,D,20130125,000000,9.756,9.756,9.756,9.756,0,0
GRN_PE,D,20130206,000000,9.0479,9.0479,8.9585,8.9585,0,0
GRN_PE,D,20130225,000000,8.4268,8.4268,8.4268,8.4268,0,0
GRN_PE,D,20130226,000000,8.4268,8.4268,8.4268,8.4268,0,0
GRN_PE,D,20130301,000000,8.4268,10.112,8.4268,8.4268,0,0
GRN_PE,D,20130308,000000,8.6928,10.112,8.6928,10.112,0,0
GRN_PE,D,20130311,000000,9.1362,11,9.1362,11,0,0
GRN_PE,D,20130321,000000,21.82,24.394,21.82,24.039,0,0
GRN_PE,D,20130325,000000,22.62,24.216,22.62,24.216,0,0
GRN_PE,D,20130327,000000,22.62,23.861,22.62,23.861,0,0
GRN_PE,D,20130328,000000,22.62,26.434,21.023,26.434,0,0
GRN_PE,D,20130402,000000,23.95,24.926,23.95,24.926,0,0
GRN_PE,D,20130403,000000,23.861,24.926,19.958,22.708,0,0
GRN_PE,D,20130404,000000,22.353,22.353,22.264,22.264,0,0
GRN_PE,D,20130405,000000,22.353,22.353,22.353,22.353,0,0
GRN_PE,D,20130408,000000,22.531,26.078,22.353,22.353,0,0
GRN_PE,D,20130409,000000,22.264,22.264,22.264,22.264,0,0
GRN_PE,D,20130412,000000,18.893,18.893,18.893,18.893,0,0
GRN_PE,D,20130415,000000,20.757,20.757,20.757,20.757,0,0
GRN_PE,D,20130429,000000,22.442,26.078,22.442,26.078,0,0
GRN_PE,D,20130430,000000,26.078,28.297,26.078,28.208,0,0
GRN_PE,D,20130506,000000,24.837,24.837,24.837,24.837,0,0
GRN_PE,D,20130507,000000,23.596,23.596,23.596,23.596,0,0
GRN_PE,D,20130510,000000,23.596,23.596,23.596,23.596,0,0
GRN_PE,D,20130521,000000,24.216,24.216,24.216,24.216,0,0
GRN_PE,D,20130523,000000,23.507,23.507,23.419,23.419,0,0
GRN_PE,D,20130611,000000,21.82,24.926,21.82,24.926,0,0
GRN_PE,D,20130612,000000,23.062,24.926,23.062,24.216,0,0
GRN_PE,D,20130619,000000,7.0962,7.8059,7.0962,7.8059,0,0
GRN_PE,D,20130625,000000,7.0962,7.7172,7.0962,7.7172,0,0
GRN_PE,D,20130704,000000,7.0962,7.0962,5.8544,5.8544,0,0
GRN_PE,D,20130705,000000,7.0962,7.0962,7.0962,7.0962,0,0
GRN_PE,D,20130708,000000,7.185,7.185,7.185,7.185,0,0
GRN_PE,D,20130718,000000,7.0962,7.0962,7.0962,7.0962,0,0
GRN_PE,D,20130724,000000,6.6528,7.0962,6.6528,7.0962,0,0
GRN_PE,D,20130726,000000,6.6528,6.6528,6.3866,6.3866,0,0
GRN_PE,D,20130729,000000,5.2334,6.7415,5.2334,6.7415,0,0
GRN_PE,D,20130730,000000,6.8302,7.5398,6.8302,7.5398,0,0
GRN_PE,D,20130801,000000,6.5639,6.6528,6.5639,6.6528,0,0
GRN_PE,D,20130808,000000,6.8302,6.8302,6.7415,6.7415,0,0
GRN_PE,D,20130809,000000,6.5639,6.6528,6.5639,6.6528,0,0
GRN_PE,D,20130812,000000,6.1205,6.1205,6.1205,6.1205,0,0
GRN_PE,D,20130813,000000,6.4753,6.4753,6.4753,6.4753,0,0
GRN_PE,D,20130820,000000,6.5639,6.6528,6.5639,6.6528,0,0
GRN_PE,D,20130828,000000,6.6528,6.6528,6.6528,6.6528,0,0
GRN_PE,D,20130902,000000,6.1205,7.3623,5.7658,7.3623,0,0
GRN_PE,D,20130904,000000,6.1205,7.3623,5.677,7.3623,0,0
GRN_PE,D,20130909,000000,6.298,6.7415,6.298,6.7415,0,0
GRN_PE,D,20130910,000000,6.298,6.7415,5.2334,6.7415,0,0
GRN_PE,D,20130911,000000,5.8544,6.7415,5.8544,6.7415,0,0
GRN_PE,D,20130912,000000,6.6528,6.6528,6.6528,6.6528,0,0
GRN_PE,D,20130913,000000,6.6528,6.6528,6.6528,6.6528,0,0
GRN_PE,D,20130916,000000,7.3623,7.3623,7.2737,7.2737,0,0
GRN_PE,D,20130919,000000,6.6528,7.2737,6.6528,7.2737,0,0
GRN_PE,D,20130923,000000,7.2737,7.2737,7.2737,7.2737,0,0
GRN_PE,D,20130925,000000,6.7415,7.2737,6.7415,7.2737,0,0
GRN_PE,D,20130926,000000,6.298,7.0962,6.298,6.6528,0,0
GRN_PE,D,20130927,000000,6.6528,7.0962,6.6528,7.0962,0,0
GRN_PE,D,20130930,000000,6.6528,7.8059,6.6528,7.8059,0,0
GRN_PE,D,20131001,000000,7.0962,7.185,7.0962,7.185,0,0
GRN_PE,D,20131002,000000,7.0076,7.0076,5.5883,5.5883,0,0
GRN_PE,D,20131003,000000,5.3222,5.411,5.3222,5.411,0,0
GRN_PE,D,20131004,000000,6.9189,6.9189,6.8302,6.8302,0,0
GRN_PE,D,20131007,000000,6.3866,7.8059,6.3866,7.8059,0,0
GRN_PE,D,20131008,000000,7.4511,7.8059,7.4511,7.8059,0,0
GRN_PE,D,20131010,000000,7.8059,7.8059,7.8059,7.8059,0,0
GRN_PE,D,20131014,000000,7.0962,7.7172,7.0962,7.7172,0,0
GRN_PE,D,20131022,000000,7.6285,7.6285,7.6285,7.6285,0,0
GRN_PE,D,20131029,000000,7.6285,7.6285,7.6285,7.6285,0,0
GRN_PE,D,20131106,000000,7.0962,7.0962,7.0962,7.0962,0,0
GRN_PE,D,20131118,000000,7.185,7.185,6.1205,6.1205,0,0
GRN_PE,D,20131126,000000,6.0317,6.0317,6.0317,6.0317,0,0
GRN_PE,D,20131129,000000,6.1205,6.6528,6.1205,6.5639,0,0
GRN_PE,D,20131210,000000,6.2094,6.5639,5.7658,6.3866,0,0
GRN_PE,D,20131212,000000,6.2094,6.2094,5.7658,6.2094,0,0
GRN_PE,D,20131217,000000,5.8544,6.3866,5.8544,6.3866,0,0
GRN_PE,D,20131220,000000,5.7658,6.2094,5.7658,6.2094,0,0
GRN_PE,D,20131223,000000,6.2094,6.2094,5.8544,6.2094,0,0
GRN_PE,D,20140102,000000,6.2094,7.4511,6.2094,7.4511,0,0
GRN_PE,D,20140103,000000,6.3866,6.3866,6.3866,6.3866,0,0
GRN_PE,D,20140107,000000,5.2334,6.2094,5.2334,6.2094,0,0
GRN_PE,D,20140108,000000,5.7658,5.7658,5.7658,5.7658,0,0
GRN_PE,D,20140114,000000,5.5883,5.5883,5.5883,5.5883,0,0
GRN_PE,D,20140120,000000,5.4996,5.5883,5.4996,5.5883,0,0
GRN_PE,D,20140121,000000,5.5883,5.5883,5.5883,5.5883,0,0
GRN_PE,D,20140124,000000,5.5883,5.5883,5.5883,5.5883,0,0
GRN_PE,D,20140127,000000,5.7658,5.7658,5.7658,5.7658,0,0
GRN_PE,D,20140203,000000,5.7658,6.0317,5.7658,6.0317,0,0
GRN_PE,D,20140210,000000,5.7658,5.7658,5.677,5.677,0,0
GRN_PE,D,20140211,000000,5.2334,5.5883,5.1448,5.5883,0,0
GRN_PE,D,20140213,000000,6.0317,6.3866,5.411,6.298,0,0
GRN_PE,D,20140214,000000,6.1205,6.2094,5.411,6.2094,0,0
GRN_PE,D,20140218,000000,6.0317,6.0317,4.5239,4.5239,0,0
GRN_PE,D,20140219,000000,4.6126,4.6126,4.5239,4.5239,0,0
GRN_PE,D,20140221,000000,4.5239,4.5239,4.5239,4.5239,0,0
GRN_PE,D,20140224,000000,4.3464,4.3464,4.3464,4.3464,0,0
GRN_PE,D,20140225,000000,4.3464,4.5239,4.3464,4.4351,0,0
GRN_PE,D,20140226,000000,4.5239,4.6126,4.5239,4.6126,0,0
GRN_PE,D,20140227,000000,4.3464,4.9674,4.3464,4.9674,0,0
GRN_PE,D,20140304,000000,4.5239,4.5239,4.5239,4.5239,0,0
GRN_PE,D,20140305,000000,4.7899,4.7899,4.7899,4.7899,0,0
GRN_PE,D,20140306,000000,4.5239,4.5239,4.5239,4.5239,0,0
GRN_PE,D,20140307,000000,4.4351,4.7899,4.4351,4.7899,0,0
GRN_PE,D,20140310,000000,4.5239,4.9674,4.5239,4.9674,0,0
GRN_PE,D,20140401,000000,4.7899,4.7899,4.7899,4.7899,0,0
GRN_PE,D,20140407,000000,4.3464,4.7013,4.3464,4.7013,0,0
GRN_PE,D,20140411,000000,4.9674,4.9674,4.9674,4.9674,0,0
GRN_PE,D,20140414,000000,4.6126,4.6126,4.6126,4.6126,0,0
GRN_PE,D,20140415,000000,4.5239,4.5239,4.5239,4.5239,0,0
GRN_PE,D,20140416,000000,4.3464,4.3464,4.3464,4.3464,0,0
GRN_PE,D,20140417,000000,4.5239,4.9674,4.5239,4.9674,0,0
GRN_PE,D,20140422,000000,4.7899,4.7899,4.7013,4.7013,0,0
GRN_PE,D,20140423,000000,4.9674,4.9674,4.8787,4.9674,0,0
GRN_PE,D,20140424,000000,4.9674,5.1448,4.9674,5.1448,0,0
GRN_PE,D,20140425,000000,5.1448,5.2334,4.7899,5.2334,0,0
GRN_PE,D,20140429,000000,5.2334,5.2334,4.8787,4.8787,0,0
GRN_PE,D,20140430,000000,5.2334,5.2334,5.2334,5.2334,0,0
GRN_PE,D,20140502,000000,4.7013,5.2334,4.7013,5.2334,0,0
GRN_PE,D,20140506,000000,4.8787,4.8787,4.7899,4.7899,0,0
GRN_PE,D,20140513,000000,5.0561,5.1448,5.0561,5.1448,0,0
GRN_PE,D,20140514,000000,5.1448,5.1448,5.1448,5.1448,0,0
GRN_PE,D,20140520,000000,4.9674,4.9674,4.8787,4.8787,0,0
GRN_PE,D,20140521,000000,4.8787,4.8787,4.8787,4.8787,0,0
GRN_PE,D,20140522,000000,5.0561,5.0561,5.0561,5.0561,0,0
GRN_PE,D,20140529,000000,5.0561,5.2334,4.8787,4.8787,0,0
GRN_PE,D,20140530,000000,5.1448,5.2334,5.1448,5.2334,0,0
GRN_PE,D,20140606,000000,5.2334,5.2334,5.2334,5.2334,0,0
GRN_PE,D,20140609,000000,5.2334,5.2334,5.2334,5.2334,0,0
GRN_PE,D,20140612,000000,5.2334,5.2334,5.2334,5.2334,0,0
GRN_PE,D,20140617,000000,5.2334,5.2334,5.2334,5.2334,0,0
GRN_PE,D,20140618,000000,5.2334,5.2334,4.9674,5.2334,0,0
GRN_PE,D,20140623,000000,5.2334,5.2334,5.2334,5.2334,0,0
GRN_PE,D,20140624,000000,5.2334,5.2334,5.2334,5.2334,0,0
GRN_PE,D,20140625,000000,5.2334,5.7658,5.2334,5.7658,0,0
GRN_PE,D,20140626,000000,5.9431,5.9431,5.4996,5.8544,0,0
GRN_PE,D,20140627,000000,5.5883,5.5883,5.2334,5.3222,0,0
GRN_PE,D,20140630,000000,5.2334,5.3222,5.2334,5.3222,0,0
GRN_PE,D,20140701,000000,5.3222,5.3222,5.3222,5.3222,0,0
GRN_PE,D,20140702,000000,5.5883,5.5883,5.5883,5.5883,0,0
GRN_PE,D,20140708,000000,5.1448,5.1448,5.1448,5.1448,0,0
GRN_PE,D,20140718,000000,8.6928,8.6928,7.3623,8.6928,0,0
GRN_PE,D,20140724,000000,8.4268,8.6928,8.4268,8.6928,0,0
GRN_PE,D,20140730,000000,8.2494,8.5156,8.2494,8.5156,0,0
GRN_PE,D,20140801,000000,7.9833,8.6042,7.9833,8.6042,0,0
GRN_PE,D,20140805,000000,8.6042,8.6042,8.6042,8.6042,0,0
GRN_PE,D,20140808,000000,7.3623,8.4268,7.3623,8.4268,0,0
GRN_PE,D,20140813,000000,7.7172,8.4268,7.7172,8.4268,0,0
GRN_PE,D,20140829,000000,7.9833,8.4268,7.9833,8.4268,0,0
GRN_PE,D,20140903,000000,8.1606,8.1606,7.9833,8.1606,0,0
GRN_PE,D,20140911,000000,7.7172,8.072,7.7172,8.072,0,0
GRN_PE,D,20140912,000000,8.072,8.072,8.072,8.072,0,0
GRN_PE,D,20140916,000000,7.7172,8.072,7.7172,8.072,0,0
GRN_PE,D,20140917,000000,7.7172,7.9833,7.7172,7.9833,0,0
GRN_PE,D,20140924,000000,8.072,8.072,8.072,8.072,0,0
GRN_PE,D,20141006,000000,7.8059,8.9585,7.8059,8.8702,0,0
GRN_PE,D,20141014,000000,7.7172,8.3382,7.7172,8.3382,0,0
GRN_PE,D,20141017,000000,7.4511,8.2494,7.4511,8.1606,0,0
GRN_PE,D,20141027,000000,8.072,8.072,7.9833,7.9833,0,0
GRN_PE,D,20141028,000000,7.9833,7.9833,7.9833,7.9833,0,0
GRN_PE,D,20141029,000000,7.9833,7.9833,7.9833,7.9833,0,0
GRN_PE,D,20141030,000000,7.9833,8.072,7.9833,8.072,0,0
GRN_PE,D,20141110,000000,7.8305,8.1947,7.2844,8.1947,0,0
GRN_PE,D,20141112,000000,7.5574,7.6485,7.5574,7.6485,0,0
GRN_PE,D,20141113,000000,7.9217,7.9217,7.6485,7.6485,0,0
GRN_PE,D,20141114,000000,7.8305,8.1947,6.829,8.1947,0,0
GRN_PE,D,20141117,000000,6.92,8.1947,6.92,8.1947,0,0
GRN_PE,D,20141119,000000,7.3753,7.3753,7.3753,7.3753,0,0
GRN_PE,D,20141120,000000,8.1037,8.1037,7.1931,7.4664,0,0
GRN_PE,D,20141121,000000,8.1947,8.1947,8.1947,8.1947,0,0
GRN_PE,D,20141124,000000,7.3753,8.1947,7.3753,8.1947,0,0
GRN_PE,D,20141125,000000,8.1947,8.1947,7.3753,8.1947,0,0
GRN_PE,D,20141128,000000,8.1947,8.1947,8.1947,8.1947,0,0
GRN_PE,D,20141201,000000,8.0126,8.0126,7.7396,7.7396,0,0
GRN_PE,D,20141203,000000,8.0126,8.0126,8.0126,8.0126,0,0
GRN_PE,D,20141204,000000,7.9217,8.0126,7.9217,7.9217,0,0
GRN_PE,D,20141205,000000,7.9217,7.9217,7.9217,7.9217,0,0
GRN_PE,D,20141215,000000,7.9217,8.0126,7.9217,8.0126,0,0
GRN_PE,D,20141216,000000,8.0126,8.0126,8.0126,8.0126,0,0
GRN_PE,D,20141217,000000,8.0126,8.0126,8.0126,8.0126,0,0
GRN_PE,D,20141218,000000,8.0126,8.0126,8.0126,8.0126,0,0
GRN_PE,D,20141219,000000,7.8305,7.8305,7.8305,7.8305,0,0
GRN_PE,D,20141222,000000,8.1947,8.1947,8.1947,8.1947,0,0
GRN_PE,D,20141223,000000,7.9217,8.559,7.9217,8.559,0,0
GRN_PE,D,20141229,000000,9.1056,9.1056,9.0144,9.0144,0,0
GRN_PE,D,20141230,000000,8.377,8.377,8.377,8.377,0,0
GRN_PE,D,20150102,000000,8.65,8.7411,8.65,8.7411,0,0
GRN_PE,D,20150105,000000,9.1056,9.1966,9.1056,9.1966,0,0
GRN_PE,D,20150113,000000,10.472,10.744,10.472,10.653,0,0
GRN_PE,D,20150114,000000,10.472,10.744,10.379,10.653,0,0
GRN_PE,D,20150115,000000,9.652,10.653,9.652,10.653,0,0
GRN_PE,D,20150120,000000,10.107,10.288,10.107,10.288,0,0
GRN_PE,D,20150122,000000,9.835,10.288,9.743,10.198,0,0
GRN_PE,D,20150128,000000,8.9232,9.4694,8.9232,9.4694,0,0
GRN_PE,D,20150129,000000,9.1966,9.4694,9.1966,9.4694,0,0
GRN_PE,D,20150130,000000,9.1966,9.4694,9.1966,9.4694,0,0
GRN_PE,D,20150202,000000,9.4694,9.4694,9.4694,9.4694,0,0
GRN_PE,D,20150203,000000,9.1966,9.2872,9.1966,9.2872,0,0
GRN_PE,D,20150204,000000,9.2872,9.2872,9.1966,9.1966,0,0
GRN_PE,D,20150206,000000,9.1966,9.1966,9.1966,9.1966,0,0
GRN_PE,D,20150210,000000,9.0144,9.2872,9.0144,9.2872,0,0
GRN_PE,D,20150211,000000,9.2872,9.56,7.6485,7.6485,0,0
GRN_PE,D,20150212,000000,7.6485,7.9217,7.6485,7.9217,0,0
GRN_PE,D,20150213,000000,7.9217,8.1947,7.9217,8.1947,0,0
GRN_PE,D,20150216,000000,8.1947,8.1947,8.1947,8.1947,0,0
GRN_PE,D,20150217,000000,8.1947,8.1947,7.9217,8.1947,0,0
GRN_PE,D,20150218,000000,8.1947,8.1947,8.0126,8.1037,0,0
GRN_PE,D,20150219,000000,7.9217,8.1037,7.9217,7.9217,0,0
GRN_PE,D,20150220,000000,8.1037,8.1037,8.1037,8.1037,0,0
GRN_PE,D,20150223,000000,8.1037,8.1037,8.1037,8.1037,0,0
GRN_PE,D,20150224,000000,8.0126,8.1037,7.9217,8.1037,0,0
GRN_PE,D,20150225,000000,7.9217,7.9217,7.9217,7.9217,0,0
GRN_PE,D,20150226,000000,8.0126,8.0126,8.0126,8.0126,0,0
GRN_PE,D,20150227,000000,8.0126,8.65,8.0126,8.65,0,0
GRN_PE,D,20150302,000000,8.65,8.9232,8.65,8.8321,0,0
GRN_PE,D,20150303,000000,8.9232,9.743,8.9232,9.3783,0,0
GRN_PE,D,20150304,000000,8.9232,9.2872,8.9232,9.1966,0,0
GRN_PE,D,20150305,000000,8.559,9.1966,8.559,9.1056,0,0
GRN_PE,D,20150306,000000,8.9232,9.3783,8.7411,9.3783,0,0
GRN_PE,D,20150309,000000,9.3783,11.109,9.1966,10.562,0,0
GRN_PE,D,20150310,000000,10.562,11.018,10.107,10.107,0,0
GRN_PE,D,20150311,000000,10.107,10.472,9.652,10.107,0,0
GRN_PE,D,20150312,000000,10.198,10.379,10.016,10.379,0,0
GRN_PE,D,20150313,000000,10.472,11.018,9.925,10.562,0,0
GRN_PE,D,20150316,000000,11.018,11.018,10.744,10.926,0,0
GRN_PE,D,20150317,000000,11.291,11.291,10.926,11.291,0,0
GRN_PE,D,20150318,000000,11.109,11.291,10.926,10.926,0,0
GRN_PE,D,20150319,000000,10.926,11.018,10.562,10.926,0,0
GRN_PE,D,20150320,000000,10.926,10.926,10.562,10.926,0,0
GRN_PE,D,20150323,000000,10.653,11.018,10.562,10.653,0,0
GRN_PE,D,20150324,000000,10.472,10.562,10.107,10.379,0,0
GRN_PE,D,20150325,000000,10.107,10.198,10.107,10.107,0,0
GRN_PE,D,20150326,000000,10.288,10.288,9.652,10.288,0,0
GRN_PE,D,20150327,000000,10.288,10.288,9.56,10.288,0,0
GRN_PE,D,20150330,000000,10.198,10.198,9.652,10.107,0,0
GRN_PE,D,20150331,000000,10.107,10.107,9.743,9.925,0,0
GRN_PE,D,20150401,000000,10.016,10.016,9.925,9.925,0,0
GRN_PE,D,20150402,000000,9.925,10.562,9.835,10.562,0,0
GRN_PE,D,20150407,000000,9.835,10.288,9.743,10.288,0,0
GRN_PE,D,20150408,000000,10.198,10.472,9.835,10.379,0,0
GRN_PE,D,20150409,000000,10.198,10.379,10.198,10.379,0,0
GRN_PE,D,20150410,000000,10.288,10.472,10.198,10.472,0,0
GRN_PE,D,20150413,000000,10.016,10.107,10.016,10.107,0,0
GRN_PE,D,20150414,000000,10.016,10.107,9.925,9.925,0,0
GRN_PE,D,20150415,000000,10.016,10.016,10.016,10.016,0,0
GRN_PE,D,20150416,000000,9.925,10.288,9.743,9.743,0,0
GRN_PE,D,20150417,000000,9.835,9.835,9.652,9.835,0,0
GRN_PE,D,20150420,000000,9.743,9.925,9.743,9.835,0,0
GRN_PE,D,20150421,000000,9.925,10.288,9.925,9.925,0,0
GRN_PE,D,20150422,000000,10.107,10.107,10.107,10.107,0,0
GRN_PE,D,20150423,000000,10.016,10.107,9.925,10.107,0,0
GRN_PE,D,20150424,000000,10.016,10.107,10.016,10.107,0,0
GRN_PE,D,20150427,000000,10.016,10.016,9.925,10.016,0,0
GRN_PE,D,20150428,000000,10.016,10.016,9.56,9.743,0,0
GRN_PE,D,20150429,000000,9.925,9.925,9.925,9.925,0,0
GRN_PE,D,20150430,000000,9.925,10.288,9.925,10.288,0,0
GRN_PE,D,20150505,000000,10.107,10.288,10.107,10.288,0,0
GRN_PE,D,20150506,000000,10.016,10.016,9.925,9.925,0,0
GRN_PE,D,20150507,000000,10.288,10.653,10.198,10.562,0,0
GRN_PE,D,20150508,000000,10.562,10.653,10.198,10.653,0,0
GRN_PE,D,20150511,000000,10.653,10.653,10.379,10.379,0,0
GRN_PE,D,20150512,000000,10.472,10.562,10.288,10.288,0,0
GRN_PE,D,20150513,000000,10.562,10.562,10.288,10.562,0,0
GRN_PE,D,20150514,000000,10.562,10.926,10.472,10.835,0,0
GRN_PE,D,20150515,000000,10.835,10.835,10.653,10.835,0,0
GRN_PE,D,20150518,000000,10.835,11.564,9.743,9.743,0,0
GRN_PE,D,20150519,000000,9.743,9.925,9.652,9.652,0,0
GRN_PE,D,20150520,000000,9.652,9.743,9.4694,9.652,0,0
GRN_PE,D,20150521,000000,9.652,9.743,9.652,9.743,0,0
GRN_PE,D,20150522,000000,9.743,9.925,9.4694,9.835,0,0
GRN_PE,D,20150525,000000,9.4694,9.835,9.4694,9.835,0,0
GRN_PE,D,20150526,000000,9.925,10.107,9.652,9.743,0,0
GRN_PE,D,20150527,000000,9.743,9.743,9.652,9.652,0,0
GRN_PE,D,20150528,000000,9.4694,9.835,9.4694,9.835,0,0
GRN_PE,D,20150529,000000,9.4694,10.562,9.4694,10.562,0,0
GRN_PE,D,20150601,000000,10.379,10.562,10.379,10.472,0,0
GRN_PE,D,20150602,000000,10.379,10.379,10.288,10.379,0,0
GRN_PE,D,20150603,000000,10.288,11.018,10.288,11.018,0,0
GRN_PE,D,20150605,000000,10.926,10.926,10.744,10.744,0,0
GRN_PE,D,20150608,000000,10.744,10.744,10.744,10.744,0,0
GRN_PE,D,20150609,000000,10.472,10.744,10.472,10.744,0,0
GRN_PE,D,20150610,000000,10.744,10.744,10.562,10.744,0,0
GRN_PE,D,20150611,000000,10.744,10.744,10.744,10.744,0,0
GRN_PE,D,20150612,000000,10.744,11.018,10.744,10.744,0,0
GRN_PE,D,20150615,000000,10.744,10.744,10.379,10.744,0,0
GRN_PE,D,20150616,000000,10.744,10.744,10.198,10.744,0,0
GRN_PE,D,20150619,000000,10.107,10.653,10.107,10.562,0,0
GRN_PE,D,20150622,000000,10.562,10.653,10.562,10.562,0,0
GRN_PE,D,20150623,000000,10.562,10.562,10.562,10.562,0,0
GRN_PE,D,20150624,000000,10.288,10.562,10.288,10.562,0,0
GRN_PE,D,20150625,000000,10.562,10.835,10.562,10.835,0,0
GRN_PE,D,20150626,000000,10.107,10.835,10.107,10.835,0,0
GRN_PE,D,20150629,000000,10.472,10.835,9.925,10.835,0,0
GRN_PE,D,20150630,000000,10.472,10.835,10.472,10.835,0,0
GRN_PE,D,20150701,000000,10.562,10.835,10.562,10.835,0,0
GRN_PE,D,20150702,000000,10.562,11.199,10.562,11.199,0,0
GRN_PE,D,20150703,000000,10.472,11.018,10.472,11.018,0,0
GRN_PE,D,20150707,000000,11.018,11.291,11.018,11.109,0,0
GRN_PE,D,20150708,000000,11.018,11.018,10.835,10.835,0,0
GRN_PE,D,20150709,000000,11.291,11.291,10.926,11.291,0,0
GRN_PE,D,20150710,000000,11.291,11.291,11.291,11.291,0,0
GRN_PE,D,20150713,000000,10.926,11.564,10.926,11.473,0,0
GRN_PE,D,20150714,000000,11.109,11.473,11.018,11.473,0,0
GRN_PE,D,20150715,000000,11.109,11.473,11.109,11.473,0,0
GRN_PE,D,20150716,000000,11.473,11.564,11.473,11.473,0,0
GRN_PE,D,20150717,000000,11.473,11.927,11.473,11.927,0,0
GRN_PE,D,20150720,000000,11.836,11.927,11.656,11.927,0,0
GRN_PE,D,20150721,000000,11.927,11.927,11.747,11.927,0,0
GRN_PE,D,20150722,000000,11.747,11.747,11.747,11.747,0,0
GRN_PE,D,20150723,000000,11.747,11.927,11.747,11.927,0,0
GRN_PE,D,20150724,000000,11.747,11.836,11.747,11.836,0,0
GRN_PE,D,20150727,000000,11.747,11.927,11.747,11.927,0,0
GRN_PE,D,20150728,000000,11.747,11.927,11.747,11.927,0,0
GRN_PE,D,20150729,000000,11.747,11.927,11.747,11.927,0,0
GRN_PE,D,20150730,000000,11.927,12.11,11.927,12.018,0,0
GRN_PE,D,20150731,000000,12.018,12.384,12.018,12.384,0,0
GRN_PE,D,20150803,000000,12.384,12.384,12.293,12.384,0,0
GRN_PE,D,20150804,000000,12.293,12.293,12.201,12.293,0,0
GRN_PE,D,20150805,000000,12.201,12.293,12.201,12.201,0,0
GRN_PE,D,20150806,000000,11.927,11.927,11.927,11.927,0,0
GRN_PE,D,20150807,000000,11.564,12.293,11.564,12.293,0,0
GRN_PE,D,20150810,000000,12.293,12.293,12.293,12.293,0,0
GRN_PE,D,20150812,000000,12.201,12.474,11.656,11.656,0,0
GRN_PE,D,20150813,000000,11.656,12.474,11.656,12.11,0,0
GRN_PE,D,20150814,000000,12.293,12.565,12.293,12.474,0,0
GRN_PE,D,20150817,000000,12.474,12.656,12.474,12.474,0,0
GRN_PE,D,20150818,000000,12.747,12.838,12.656,12.747,0,0
GRN_PE,D,20150819,000000,12.838,12.838,11.836,12.656,0,0
GRN_PE,D,20150820,000000,12.384,12.384,11.747,12.293,0,0
GRN_PE,D,20150821,000000,12.018,12.11,11.291,12.11,0,0
GRN_PE,D,20150824,000000,11.927,11.927,11.018,11.018,0,0
GRN_PE,D,20150825,000000,10.379,11.656,10.379,11.656,0,0
GRN_PE,D,20150826,000000,11.656,11.656,11.109,11.656,0,0
GRN_PE,D,20150827,000000,11.656,11.927,11.656,11.927,0,0
GRN_PE,D,20150828,000000,11.836,11.836,11.836,11.836,0,0
GRN_PE,D,20150831,000000,11.291,11.836,11.199,11.836,0,0
GRN_PE,D,20150901,000000,11.836,11.836,11.836,11.836,0,0
GRN_PE,D,20150902,000000,11.382,11.836,11.199,11.836,0,0
GRN_PE,D,20150903,000000,11.199,11.564,11.109,11.564,0,0
GRN_PE,D,20150904,000000,11.564,11.564,11.109,11.473,0,0
GRN_PE,D,20150907,000000,12.018,12.11,12.018,12.11,0,0
GRN_PE,D,20150909,000000,12.018,12.018,11.927,11.927,0,0
GRN_PE,D,20150914,000000,11.836,11.836,11.836,11.836,0,0
GRN_PE,D,20150915,000000,11.836,11.836,11.836,11.836,0,0
GRN_PE,D,20150916,000000,10.926,11.836,10.835,11.018,0,0
GRN_PE,D,20150917,000000,11.656,11.656,11.656,11.656,0,0
GRN_PE,D,20150921,000000,10.926,11.747,10.926,11.656,0,0
GRN_PE,D,20150922,000000,11.018,11.656,11.018,11.656,0,0
GRN_PE,D,20150924,000000,11.473,11.656,11.473,11.656,0,0
GRN_PE,D,20150925,000000,11.656,11.836,11.656,11.747,0,0
GRN_PE,D,20150928,000000,11.656,11.656,11.382,11.656,0,0
GRN_PE,D,20150929,000000,11.109,11.656,11.109,11.564,0,0
GRN_PE,D,20150930,000000,11.109,11.836,11.109,11.836,0,0
GRN_PE,D,20151001,000000,11.564,11.836,11.564,11.836,0,0
GRN_PE,D,20151005,000000,11.656,11.656,11.109,11.109,0,0
GRN_PE,D,20151006,000000,11.564,11.747,11.564,11.747,0,0
GRN_PE,D,20151007,000000,11.747,11.836,11.747,11.836,0,0
GRN_PE,D,20151008,000000,11.747,11.836,11.747,11.747,0,0
GRN_PE,D,20151009,000000,11.836,12.474,11.836,12.293,0,0
GRN_PE,D,20151012,000000,11.927,11.927,11.927,11.927,0,0
GRN_PE,D,20151013,000000,11.199,12.293,11.199,12.293,0,0
GRN_PE,D,20151014,000000,12.293,12.293,12.201,12.201,0,0
GRN_PE,D,20151015,000000,12.201,12.201,12.201,12.201,0,0
GRN_PE,D,20151016,000000,12.201,12.474,12.201,12.384,0,0
GRN_PE,D,20151019,000000,12.293,12.293,11.836,12.293,0,0
GRN_PE,D,20151020,000000,11.836,12.293,11.836,12.293,0,0
GRN_PE,D,20151021,000000,12.293,12.293,11.836,12.293,0,0
GRN_PE,D,20151022,000000,11.836,11.836,11.836,11.836,0,0
GRN_PE,D,20151023,000000,11.656,11.836,11.382,11.836,0,0
GRN_PE,D,20151026,000000,11.473,12.11,11.473,12.11,0,0
GRN_PE,D,20151027,000000,11.927,11.927,11.836,11.836,0,0
GRN_PE,D,20151028,000000,12.018,12.018,11.291,11.836,0,0
GRN_PE,D,20151029,000000,12.018,12.11,12.018,12.11,0,0
GRN_PE,D,20151030,000000,12.189,12.561,12.189,12.561,0,0
GRN_PE,D,20151102,000000,12.561,12.561,12.561,12.561,0,0
GRN_PE,D,20151103,000000,12.375,12.561,12.375,12.468,0,0
GRN_PE,D,20151105,000000,12.283,12.468,12.096,12.468,0,0
GRN_PE,D,20151106,000000,11.724,12.375,11.724,12.375,0,0
GRN_PE,D,20151109,000000,12.189,12.283,11.631,12.283,0,0
GRN_PE,D,20151110,000000,11.724,12.468,11.724,12.468,0,0
GRN_PE,D,20151112,000000,12.468,12.747,12.468,12.747,0,0
GRN_PE,D,20151113,000000,12.468,12.747,12.468,12.747,0,0
GRN_PE,D,20151116,000000,12.747,12.747,12.654,12.654,0,0
GRN_PE,D,20151117,000000,12.654,12.654,12.654,12.654,0,0
GRN_PE,D,20151118,000000,12.654,12.654,12.654,12.654,0,0
GRN_PE,D,20151119,000000,11.91,12.654,11.91,12.654,0,0
GRN_PE,D,20151123,000000,12.654,12.654,12.561,12.561,0,0
GRN_PE,D,20151124,000000,12.468,12.468,12.468,12.468,0,0
GRN_PE,D,20151126,000000,12.468,13.12,12.468,12.747,0,0
GRN_PE,D,20151127,000000,12.747,12.747,12.189,12.189,0,0
GRN_PE,D,20151130,000000,12.189,12.468,12.189,12.468,0,0
GRN_PE,D,20151201,000000,12.468,12.468,12.468,12.468,0,0
GRN_PE,D,20151202,000000,12.468,12.468,12.468,12.468,0,0
GRN_PE,D,20151203,000000,11.817,12.468,11.817,12.375,0,0
GRN_PE,D,20151204,000000,12.375,12.375,12.283,12.283,0,0
GRN_PE,D,20151207,000000,11.539,12.283,11.539,12.283,0,0
GRN_PE,D,20151208,000000,11.724,12.283,11.724,12.283,0,0
GRN_PE,D,20151209,000000,11.817,12.283,11.817,12.283,0,0
GRN_PE,D,20151211,000000,11.631,12.189,11.631,12.189,0,0
GRN_PE,D,20151214,000000,11.817,12.096,11.817,12.096,0,0
GRN_PE,D,20151215,000000,11.445,12.189,11.445,12.189,0,0
GRN_PE,D,20151216,000000,12.189,12.189,11.539,12.189,0,0
GRN_PE,D,20151217,000000,11.539,12.189,10.979,11.724,0,0
GRN_PE,D,20151218,000000,11.072,11.724,11.072,11.631,0,0
GRN_PE,D,20151222,000000,11.539,12.375,11.539,12.375,0,0
GRN_PE,D,20151223,000000,11.631,12.283,11.631,12.189,0,0
GRN_PE,D,20151228,000000,12.189,12.189,11.724,12.189,0,0
GRN_PE,D,20151229,000000,11.817,12.189,11.817,12.189,0,0
GRN_PE,D,20151230,000000,12.189,12.189,11.724,11.817,0,0
GRN_PE,D,20160104,000000,12.283,12.468,11.91,12.189,0,0
GRN_PE,D,20160105,000000,12.375,12.375,11.91,12.189,0,0
GRN_PE,D,20160107,000000,12.189,12.189,11.445,11.817,0,0
GRN_PE,D,20160108,000000,11.817,11.817,11.631,11.817,0,0
GRN_PE,D,20160111,000000,11.817,11.817,11.539,11.539,0,0
GRN_PE,D,20160112,000000,11.724,11.724,11.539,11.539,0,0
GRN_PE,D,20160113,000000,11.724,12.096,11.445,12.096,0,0
GRN_PE,D,20160114,000000,12.096,12.096,11.631,12.003,0,0
GRN_PE,D,20160115,000000,12.003,12.189,11.631,11.817,0,0
GRN_PE,D,20160118,000000,12.003,12.003,11.91,11.91,0,0
GRN_PE,D,20160119,000000,12.003,12.003,11.817,12.003,0,0
GRN_PE,D,20160120,000000,11.631,11.91,11.631,11.91,0,0
GRN_PE,D,20160121,000000,11.91,11.91,11.445,11.445,0,0
GRN_PE,D,20160122,000000,11.817,11.91,11.445,11.817,0,0
GRN_PE,D,20160125,000000,11.817,11.817,11.817,11.817,0,0
GRN_PE,D,20160126,000000,11.817,11.817,11.631,11.724,0,0
GRN_PE,D,20160127,000000,11.817,11.817,11.817,11.817,0,0
GRN_PE,D,20160128,000000,11.817,11.817,11.817,11.817,0,0
GRN_PE,D,20160129,000000,11.817,11.817,11.352,11.817,0,0
GRN_PE,D,20160201,000000,11.817,11.817,11.817,11.817,0,0
GRN_PE,D,20160202,000000,11.817,11.817,11.352,11.724,0,0
GRN_PE,D,20160203,000000,11.724,11.817,11.724,11.817,0,0
GRN_PE,D,20160204,000000,11.724,11.817,11.724,11.724,0,0
GRN_PE,D,20160205,000000,11.352,11.817,11.352,11.817,0,0
GRN_PE,D,20160208,000000,11.91,11.91,11.817,11.817,0,0
GRN_PE,D,20160209,000000,11.817,11.817,11.817,11.817,0,0
GRN_PE,D,20160210,000000,11.817,11.817,11.817,11.817,0,0
GRN_PE,D,20160211,000000,11.817,11.817,11.724,11.724,0,0
GRN_PE,D,20160212,000000,11.724,11.724,11.724,11.724,0,0
GRN_PE,D,20160215,000000,11.724,11.91,11.724,11.91,0,0
GRN_PE,D,20160216,000000,12.189,12.375,11.91,12.189,0,0
GRN_PE,D,20160217,000000,12.189,12.189,12.096,12.096,0,0
GRN_PE,D,20160218,000000,12.096,12.096,11.817,12.096,0,0
GRN_PE,D,20160219,000000,12.096,12.096,12.096,12.096,0,0
GRN_PE,D,20160222,000000,12.096,12.096,8.8395,8.8395,0,0
GRN_PE,D,20160223,000000,8.7464,8.8395,8.7464,8.8395,0,0
GRN_PE,D,20160224,000000,8.8395,8.8395,8.6534,8.8395,0,0
GRN_PE,D,20160225,000000,8.7464,8.8395,8.7464,8.8395,0,0
GRN_PE,D,20160226,000000,8.7464,8.9325,8.6534,8.6534,0,0
GRN_PE,D,20160229,000000,8.6534,8.6534,8.3743,8.3743,0,0
GRN_PE,D,20160301,000000,8.3743,8.3743,8.3743,8.3743,0,0
GRN_PE,D,20160302,000000,8.3743,8.5603,8.1882,8.5603,0,0
GRN_PE,D,20160303,000000,8.6534,8.6534,8.5603,8.5603,0,0
GRN_PE,D,20160304,000000,8.6534,8.6534,8.6534,8.6534,0,0
GRN_PE,D,20160307,000000,8.6534,8.6534,8.6534,8.6534,0,0
GRN_PE,D,20160308,000000,8.5603,8.5603,8.5603,8.5603,0,0
GRN_PE,D,20160309,000000,8.5603,8.5603,8.1882,8.4673,0,0
GRN_PE,D,20160310,000000,8.6534,8.6534,8.6534,8.6534,0,0
GRN_PE,D,20160311,000000,8.6534,8.6534,8.6534,8.6534,0,0
GRN_PE,D,20160314,000000,8.6534,8.6534,8.6534,8.6534,0,0
GRN_PE,D,20160315,000000,8.6534,8.6534,8.5603,8.5603,0,0
GRN_PE,D,20160316,000000,8.6534,8.6534,8.2812,8.6534,0,0
GRN_PE,D,20160317,000000,8.6534,8.6534,8.6534,8.6534,0,0
GRN_PE,D,20160318,000000,8.5603,8.6534,8.3743,8.6534,0,0
GRN_PE,D,20160321,000000,8.6534,8.6534,8.3743,8.5603,0,0
GRN_PE,D,20160322,000000,8.5603,8.6534,8.5603,8.6534,0,0
GRN_PE,D,20160323,000000,8.6534,8.7464,8.6534,8.6534,0,0
GRN_PE,D,20160324,000000,8.7464,8.7464,8.6534,8.6534,0,0
GRN_PE,D,20160329,000000,8.7464,8.7464,8.4673,8.7464,0,0
GRN_PE,D,20160330,000000,8.7464,8.7464,8.6534,8.7464,0,0
GRN_PE,D,20160331,000000,8.7464,8.7464,8.5603,8.6534,0,0
GRN_PE,D,20160401,000000,8.7464,8.7464,8.6534,8.6534,0,0
GRN_PE,D,20160404,000000,8.7464,8.7464,8.7464,8.7464,0,0
GRN_PE,D,20160405,000000,8.7464,8.7464,8.7464,8.7464,0,0
GRN_PE,D,20160406,000000,8.7464,8.7464,8.3743,8.7464,0,0
GRN_PE,D,20160407,000000,8.7464,8.7464,8.6534,8.6534,0,0
GRN_PE,D,20160408,000000,8.6534,8.6534,8.4673,8.4673,0,0
GRN_PE,D,20160411,000000,8.6534,8.6534,8.4673,8.4673,0,0
GRN_PE,D,20160412,000000,8.4673,8.6534,8.2812,8.6534,0,0
GRN_PE,D,20160413,000000,8.6534,8.6534,8.2812,8.6534,0,0
GRN_PE,D,20160414,000000,8.2812,8.6534,8.2812,8.6534,0,0
GRN_PE,D,20160415,000000,8.6534,8.6534,8.4673,8.6534,0,0
GRN_PE,D,20160418,000000,8.6534,8.6534,8.6534,8.6534,0,0
GRN_PE,D,20160419,000000,8.6534,8.6534,8.5603,8.6534,0,0
GRN_PE,D,20160420,000000,8.6534,8.6534,8.4673,8.6534,0,0
GRN_PE,D,20160421,000000,8.6534,8.6534,8.4673,8.5603,0,0
GRN_PE,D,20160422,000000,8.5603,8.5603,8.5603,8.5603,0,0
GRN_PE,D,20160425,000000,8.5603,8.5603,8.5603,8.5603,0,0
GRN_PE,D,20160426,000000,8.5603,8.6534,8.5603,8.6534,0,0
GRN_PE,D,20160427,000000,8.6534,8.6534,8.6534,8.6534,0,0
GRN_PE,D,20160428,000000,8.6534,8.6534,8.6534,8.6534,0,0
GRN_PE,D,20160429,000000,8.6534,8.6534,8.6534,8.6534,0,0
GRN_PE,D,20160502,000000,8.6534,8.7464,8.6534,8.7464,0,0
GRN_PE,D,20160504,000000,8.7464,8.7464,8.6534,8.6534,0,0
GRN_PE,D,20160505,000000,8.6534,8.6534,8.5603,8.5603,0,0
GRN_PE,D,20160509,000000,8.5603,8.5603,8.5603,8.5603,0,0
GRN_PE,D,20160510,000000,8.5603,8.5603,8.5603,8.5603,0,0
GRN_PE,D,20160511,000000,8.5603,8.5603,8.4673,8.5603,0,0
GRN_PE,D,20160512,000000,8.6534,8.6534,8.4673,8.5603,0,0
GRN_PE,D,20160513,000000,8.5603,8.6534,8.5603,8.6534,0,0
GRN_PE,D,20160516,000000,8.6534,8.6534,8.3743,8.5603,0,0
GRN_PE,D,20160517,000000,8.5603,8.5603,8.4673,8.4673,0,0
GRN_PE,D,20160518,000000,8.4673,8.4673,8.1882,8.4673,0,0
GRN_PE,D,20160519,000000,8.4673,8.6534,8.1882,8.6534,0,0
GRN_PE,D,20160520,000000,8.6534,8.6534,8.6534,8.6534,0,0
GRN_PE,D,20160523,000000,8.6534,8.6534,8.6534,8.6534,0,0
GRN_PE,D,20160524,000000,8.6534,8.6534,8.6534,8.6534,0,0
GRN_PE,D,20160525,000000,8.3743,8.6534,8.3743,8.6534,0,0
GRN_PE,D,20160527,000000,8.6534,8.6534,8.6534,8.6534,0,0
GRN_PE,D,20160530,000000,8.6534,8.6534,8.6534,8.6534,0,0
GRN_PE,D,20160531,000000,8.6534,8.6534,8.6534,8.6534,0,0
GRN_PE,D,20160601,000000,8.5603,8.6534,8.4673,8.6534,0,0
GRN_PE,D,20160602,000000,8.6534,8.6534,8.4673,8.6534,0,0
GRN_PE,D,20160603,000000,8.5603,8.6534,8.3743,8.3743,0,0
GRN_PE,D,20160606,000000,8.3743,8.3743,8.3743,8.3743,0,0
GRN_PE,D,20160607,000000,8.2812,8.6534,8.1882,8.6534,0,0
GRN_PE,D,20160608,000000,8.5603,8.5603,8.5603,8.5603,0,0
GRN_PE,D,20160609,000000,8.5603,8.7464,8.5603,8.6534,0,0
GRN_PE,D,20160610,000000,8.7464,8.7464,8.4673,8.7464,0,0
GRN_PE,D,20160613,000000,8.7464,8.7464,8.6534,8.6534,0,0
GRN_PE,D,20160614,000000,8.6534,8.6534,8.3743,8.3743,0,0
GRN_PE,D,20160615,000000,8.3743,8.4673,8.3743,8.4673,0,0
GRN_PE,D,20160616,000000,8.6534,8.6534,8.6534,8.6534,0,0
GRN_PE,D,20160617,000000,8.4673,8.4673,8.4673,8.4673,0,0
GRN_PE,D,20160620,000000,8.6534,8.6534,8.6534,8.6534,0,0
GRN_PE,D,20160621,000000,8.6534,8.6534,8.6534,8.6534,0,0
GRN_PE,D,20160622,000000,8.6534,8.6534,8.6534,8.6534,0,0
GRN_PE,D,20160623,000000,8.6534,8.6534,8.6534,8.6534,0,0
GRN_PE,D,20160624,000000,8.6534,8.6534,8.6534,8.6534,0,0
GRN_PE,D,20160627,000000,8.6534,8.6534,8.0951,8.5603,0,0
GRN_PE,D,20160628,000000,8.5603,8.6534,8.2812,8.5603,0,0
GRN_PE,D,20160629,000000,8.5603,8.5603,8.2812,8.4673,0,0
GRN_PE,D,20160630,000000,8.3743,8.5603,8.2812,8.5603,0,0
GRN_PE,D,20160701,000000,8.5603,8.5603,8.5603,8.5603,0,0
GRN_PE,D,20160704,000000,8.5603,8.5603,8.3743,8.4673,0,0
GRN_PE,D,20160705,000000,8.4673,8.4673,8.1882,8.2812,0,0
GRN_PE,D,20160706,000000,8.1882,8.1882,8.1882,8.1882,0,0
GRN_PE,D,20160707,000000,8.2812,8.2812,8.2812,8.2812,0,0
GRN_PE,D,20160708,000000,8.2812,8.2812,8.1882,8.2812,0,0
GRN_PE,D,20160711,000000,8.3743,8.3743,8.2812,8.2812,0,0
GRN_PE,D,20160712,000000,8.2812,8.2812,8.2812,8.2812,0,0
GRN_PE,D,20160713,000000,8.1882,8.2812,8.1882,8.2812,0,0
GRN_PE,D,20160714,000000,8.2812,8.2812,8.2812,8.2812,0,0
GRN_PE,D,20160715,000000,8.2812,8.2812,8.2812,8.2812,0,0
GRN_PE,D,20160718,000000,8.2812,8.2812,8.2812,8.2812,0,0
GRN_PE,D,20160719,000000,8.2812,8.2812,8.2812,8.2812,0,0
GRN_PE,D,20160720,000000,8.2812,8.2812,8.2812,8.2812,0,0
GRN_PE,D,20160721,000000,8.2812,8.2812,7.909,8.0951,0,0
GRN_PE,D,20160722,000000,8.0021,8.0951,8.0021,8.0021,0,0
GRN_PE,D,20160725,000000,8.0021,8.0021,7.909,8.0021,0,0
GRN_PE,D,20160726,000000,8.0021,8.2812,8.0021,8.2812,0,0
GRN_PE,D,20160727,000000,8.2812,8.2812,8.2812,8.2812,0,0
GRN_PE,D,20160728,000000,8.2812,8.2812,8.0021,8.2812,0,0
GRN_PE,D,20160729,000000,8.2812,8.3743,8.2812,8.2812,0,0
GRN_PE,D,20160801,000000,8.2812,8.2812,8.2812,8.2812,0,0
GRN_PE,D,20160802,000000,8.2812,8.2812,8.2812,8.2812,0,0
GRN_PE,D,20160803,000000,8.2812,8.2812,7.6299,8.2812,0,0
GRN_PE,D,20160804,000000,8.3743,8.3743,7.909,8.1882,0,0
GRN_PE,D,20160805,000000,8.1882,8.1882,8.1882,8.1882,0,0
GRN_PE,D,20160808,000000,8.1882,8.1882,7.909,8.1882,0,0
GRN_PE,D,20160809,000000,8.1882,8.1882,8.0021,8.1882,0,0
GRN_PE,D,20160810,000000,8.1882,8.1882,7.909,8.1882,0,0
GRN_PE,D,20160811,000000,8.2812,8.2812,8.0021,8.2812,0,0
GRN_PE,D,20160812,000000,8.2812,8.3743,8.1882,8.3743,0,0
GRN_PE,D,20160816,000000,8.3743,8.8395,8.3743,8.8395,0,0
GRN_PE,D,20160817,000000,8.7464,8.7464,8.6534,8.6534,0,0
GRN_PE,D,20160818,000000,8.7464,8.7464,8.3743,8.5603,0,0
GRN_PE,D,20160819,000000,8.5603,8.5603,8.2812,8.5603,0,0
GRN_PE,D,20160822,000000,8.5603,8.5603,8.5603,8.5603,0,0
GRN_PE,D,20160823,000000,8.5603,8.5603,8.4673,8.4673,0,0
GRN_PE,D,20160824,000000,8.4673,8.5603,8.4673,8.5603,0,0
GRN_PE,D,20160825,000000,8.7464,8.7464,8.7464,8.7464,0,0
GRN_PE,D,20160826,000000,8.7464,8.7464,8.6534,8.7464,0,0
GRN_PE,D,20160829,000000,8.8395,8.8395,8.6534,8.6534,0,0
GRN_PE,D,20160830,000000,8.7464,8.7464,8.6534,8.6534,0,0
GRN_PE,D,20160831,000000,8.7464,8.7464,8.2812,8.7464,0,0
GRN_PE,D,20160901,000000,8.6534,8.6534,8.3743,8.6534,0,0
GRN_PE,D,20160902,000000,8.9325,8.9325,8.9325,8.9325,0,0
GRN_PE,D,20160905,000000,8.7464,8.7464,8.6534,8.6534,0,0
GRN_PE,D,20160906,000000,8.6534,8.9325,8.6534,8.9325,0,0
GRN_PE,D,20160907,000000,8.9325,8.9325,8.4673,8.5603,0,0
GRN_PE,D,20160908,000000,8.7464,8.7464,8.6534,8.7464,0,0
GRN_PE,D,20160909,000000,8.4673,8.5603,8.4673,8.5603,0,0
GRN_PE,D,20160912,000000,8.7464,8.7464,8.7464,8.7464,0,0
GRN_PE,D,20160913,000000,8.7464,8.7464,8.7464,8.7464,0,0
GRN_PE,D,20160914,000000,8.7464,8.7464,8.7464,8.7464,0,0
GRN_PE,D,20160915,000000,8.7464,8.7464,8.6534,8.6534,0,0
GRN_PE,D,20160916,000000,8.6534,8.6534,8.3743,8.3743,0,0
GRN_PE,D,20160919,000000,8.6534,8.8395,8.6534,8.8395,0,0
GRN_PE,D,20160920,000000,8.8395,8.8395,8.7464,8.7464,0,0
GRN_PE,D,20160921,000000,8.8395,8.9325,8.8395,8.9325,0,0
GRN_PE,D,20160922,000000,8.9325,9.3977,8.9325,9.3056,0,0
GRN_PE,D,20160923,000000,9.3056,9.3056,9.0256,9.1186,0,0
GRN_PE,D,20160926,000000,9.1186,9.1186,9.0256,9.0256,0,0
GRN_PE,D,20160927,000000,9.0256,9.0256,8.9325,8.9325,0,0
GRN_PE,D,20160928,000000,8.9325,9.3056,8.9325,9.3056,0,0
GRN_PE,D,20160929,000000,9.3056,9.3056,9.0256,9.2116,0,0
GRN_PE,D,20160930,000000,9.3056,9.3056,8.9325,9.0256,0,0
GRN_PE,D,20161003,000000,9.3056,9.3056,9.0256,9.0256,0,0
GRN_PE,D,20161004,000000,9.3056,9.3056,8.8395,8.8395,0,0
GRN_PE,D,20161005,000000,9.1186,9.1186,8.6534,8.6534,0,0
GRN_PE,D,20161006,000000,8.6534,8.6534,8.6534,8.6534,0,0
GRN_PE,D,20161007,000000,8.6534,8.6534,8.6534,8.6534,0,0
GRN_PE,D,20161010,000000,8.5603,8.6534,8.5603,8.6534,0,0
GRN_PE,D,20161011,000000,8.6534,9.0256,8.6534,9.0256,0,0
GRN_PE,D,20161012,000000,9.3056,9.3056,8.6534,8.6534,0,0
GRN_PE,D,20161013,000000,8.7464,8.7464,8.6534,8.6534,0,0
GRN_PE,D,20161014,000000,8.5603,8.6534,8.5603,8.6534,0,0
GRN_PE,D,20161017,000000,8.8395,8.8395,8.6534,8.6534,0,0
GRN_PE,D,20161018,000000,8.5603,9.0256,8.5603,9.0256,0,0
GRN_PE,D,20161019,000000,9.1186,9.1186,8.5603,8.6534,0,0
GRN_PE,D,20161020,000000,8.5603,8.5603,8.4673,8.5603,0,0
GRN_PE,D,20161021,000000,8.5603,8.5603,8.5603,8.5603,0,0
GRN_PE,D,20161024,000000,8.6534,8.6534,8.6534,8.6534,0,0
GRN_PE,D,20161025,000000,8.6534,8.6534,8.6534,8.6534,0,0
GRN_PE,D,20161026,000000,8.5603,8.5603,8.4673,8.5603,0,0
GRN_PE,D,20161027,000000,8.4673,9.0256,8.4673,8.7464,0,0
GRN_PE,D,20161028,000000,8.7464,8.7464,8.7464,8.7464,0,0
GRN_PE,D,20161031,000000,9.0286,9.0286,8.6444,8.6444,0,0
GRN_PE,D,20161102,000000,9.0286,9.0286,8.2602,8.5483,0,0
GRN_PE,D,20161103,000000,8.5483,8.5483,8.5483,8.5483,0,0
GRN_PE,D,20161104,000000,8.5483,8.5483,8.5483,8.5483,0,0
GRN_PE,D,20161107,000000,8.5483,8.5483,8.5483,8.5483,0,0
GRN_PE,D,20161108,000000,8.5483,8.5483,8.1641,8.5483,0,0
GRN_PE,D,20161109,000000,8.1641,8.4523,7.972,8.4523,0,0
GRN_PE,D,20161110,000000,8.5483,8.5483,8.5483,8.5483,0,0
GRN_PE,D,20161114,000000,8.5483,8.5483,8.5483,8.5483,0,0
GRN_PE,D,20161115,000000,8.4523,8.7404,8.4523,8.7404,0,0
GRN_PE,D,20161116,000000,9.2203,9.2203,8.7404,8.7404,0,0
GRN_PE,D,20161117,000000,8.8365,8.8365,8.4523,8.5483,0,0
GRN_PE,D,20161118,000000,8.5483,8.5483,8.2602,8.4523,0,0
GRN_PE,D,20161121,000000,8.4523,8.4523,8.4523,8.4523,0,0
GRN_PE,D,20161122,000000,8.3562,8.5483,8.3562,8.4523,0,0
GRN_PE,D,20161123,000000,8.5483,8.8365,8.5483,8.8365,0,0
GRN_PE,D,20161124,000000,9.2203,9.2203,8.8365,8.9325,0,0
GRN_PE,D,20161125,000000,9.2203,9.2203,8.9325,9.0286,0,0
GRN_PE,D,20161128,000000,9.0286,9.2203,8.7404,8.9325,0,0
GRN_PE,D,20161129,000000,9.1246,9.605,9.0286,9.2203,0,0
GRN_PE,D,20161130,000000,9.605,9.605,9.0286,9.4132,0,0
GRN_PE,D,20161201,000000,9.3162,9.3162,9.1246,9.2203,0,0
GRN_PE,D,20161202,000000,9.3162,9.3162,9.2203,9.2203,0,0
GRN_PE,D,20161205,000000,9.2203,9.701,8.8365,9.701,0,0
GRN_PE,D,20161206,000000,9.701,9.893,9.3162,9.701,0,0
GRN_PE,D,20161207,000000,9.893,9.893,9.2203,9.701,0,0
GRN_PE,D,20161208,000000,9.797,9.797,9.701,9.701,0,0
GRN_PE,D,20161209,000000,9.701,9.701,9.3162,9.605,0,0
GRN_PE,D,20161212,000000,9.605,9.605,9.2203,9.605,0,0
GRN_PE,D,20161213,000000,9.605,9.605,9.1246,9.1246,0,0
GRN_PE,D,20161214,000000,9.1246,9.2203,9.0286,9.2203,0,0
GRN_PE,D,20161215,000000,9.2203,9.2203,9.2203,9.2203,0,0
GRN_PE,D,20161216,000000,9.3162,9.3162,8.8365,9.2203,0,0
GRN_PE,D,20161219,000000,9.3162,9.3162,9.2203,9.2203,0,0
GRN_PE,D,20161220,000000,8.9325,9.2203,8.9325,9.2203,0,0
GRN_PE,D,20161221,000000,9.2203,9.2203,9.2203,9.2203,0,0
GRN_PE,D,20161222,000000,9.2203,9.2203,9.1246,9.1246,0,0
GRN_PE,D,20161223,000000,9.1246,9.1246,9.1246,9.1246,0,0
GRN_PE,D,20161227,000000,9.2203,9.2203,9.2203,9.2203,0,0
GRN_PE,D,20161228,000000,9.2203,9.4132,8.9325,9.0286,0,0
GRN_PE,D,20161229,000000,9.3162,9.3162,9.3162,9.3162,0,0
GRN_PE,D,20161230,000000,9.1246,9.1246,9.1246,9.1246,0,0
GRN_PE,D,20170102,000000,9.3162,9.3162,9.0286,9.0286,0,0
GRN_PE,D,20170103,000000,9.0286,9.0286,9.0286,9.0286,0,0
GRN_PE,D,20170104,000000,9.0286,9.0286,8.8365,8.8365,0,0
GRN_PE,D,20170105,000000,8.7404,9.1246,8.7404,9.0286,0,0
GRN_PE,D,20170109,000000,9.1246,9.3162,9.1246,9.3162,0,0
GRN_PE,D,20170110,000000,9.3162,9.3162,9.2203,9.2203,0,0
GRN_PE,D,20170111,000000,9.3162,9.3162,9.3162,9.3162,0,0
GRN_PE,D,20170112,000000,9.3162,9.3162,9.2203,9.3162,0,0
GRN_PE,D,20170113,000000,9.3162,9.3162,9.2203,9.3162,0,0
GRN_PE,D,20170116,000000,9.2203,9.2203,9.2203,9.2203,0,0
GRN_PE,D,20170117,000000,9.3162,9.3162,9.1246,9.1246,0,0
GRN_PE,D,20170118,000000,9.2203,9.2203,9.2203,9.2203,0,0
GRN_PE,D,20170119,000000,9.2203,9.2203,9.1246,9.2203,0,0
GRN_PE,D,20170120,000000,9.2203,9.4132,9.2203,9.2203,0,0
GRN_PE,D,20170123,000000,9.2203,9.2203,9.2203,9.2203,0,0
GRN_PE,D,20170124,000000,9.605,9.605,9.4132,9.605,0,0
GRN_PE,D,20170125,000000,9.605,10.085,9.4132,10.085,0,0
GRN_PE,D,20170126,000000,9.893,9.989,9.797,9.893,0,0
GRN_PE,D,20170127,000000,9.893,9.893,9.893,9.893,0,0
GRN_PE,D,20170130,000000,9.893,9.893,9.893,9.893,0,0
GRN_PE,D,20170131,000000,9.893,10.277,9.893,10.277,0,0
GRN_PE,D,20170201,000000,10.181,10.181,10.085,10.085,0,0
GRN_PE,D,20170202,000000,10.085,10.085,10.085,10.085,0,0
GRN_PE,D,20170203,000000,10.085,10.085,9.797,9.989,0,0
GRN_PE,D,20170206,000000,9.989,9.989,9.893,9.893,0,0
GRN_PE,D,20170207,000000,9.989,9.989,9.989,9.989,0,0
GRN_PE,D,20170208,000000,9.989,10.085,9.989,10.085,0,0
GRN_PE,D,20170209,000000,10.181,10.662,9.989,10.277,0,0
GRN_PE,D,20170210,000000,10.085,10.277,9.893,10.181,0,0
GRN_PE,D,20170213,000000,10.181,10.181,10.181,10.181,0,0
GRN_PE,D,20170214,000000,10.181,10.277,10.181,10.181,0,0
GRN_PE,D,20170215,000000,10.181,10.181,9.893,10.085,0,0
GRN_PE,D,20170216,000000,10.181,10.181,9.893,9.893,0,0
GRN_PE,D,20170217,000000,10.085,10.085,10.085,10.085,0,0
GRN_PE,D,20170220,000000,10.085,10.085,10.085,10.085,0,0
GRN_PE,D,20170221,000000,10.085,10.085,9.797,9.797,0,0
GRN_PE,D,20170222,000000,9.989,9.989,9.605,9.989,0,0
GRN_PE,D,20170223,000000,9.989,9.989,9.989,9.989,0,0
GRN_PE,D,20170224,000000,9.989,9.989,9.989,9.989,0,0
GRN_PE,D,20170227,000000,9.989,9.989,9.989,9.989,0,0
GRN_PE,D,20170228,000000,9.989,9.989,9.605,9.893,0,0
GRN_PE,D,20170301,000000,9.989,9.989,9.605,9.989,0,0
GRN_PE,D,20170302,000000,9.989,9.989,9.989,9.989,0,0
GRN_PE,D,20170303,000000,9.605,9.989,9.605,9.989,0,0
GRN_PE,D,20170306,000000,9.989,9.989,9.701,9.989,0,0
GRN_PE,D,20170307,000000,9.989,10.085,9.701,9.989,0,0
GRN_PE,D,20170308,000000,9.989,9.989,9.989,9.989,0,0
GRN_PE,D,20170309,000000,9.989,9.989,9.989,9.989,0,0
GRN_PE,D,20170310,000000,9.989,9.989,9.701,9.989,0,0
GRN_PE,D,20170313,000000,9.989,9.989,9.893,9.893,0,0
GRN_PE,D,20170314,000000,9.893,9.893,9.893,9.893,0,0
GRN_PE,D,20170315,000000,9.893,10.085,9.893,10.085,0,0
GRN_PE,D,20170316,000000,10.085,10.085,10.085,10.085,0,0
GRN_PE,D,20170317,000000,10.085,10.181,9.701,10.181,0,0
GRN_PE,D,20170320,000000,10.181,10.277,10.181,10.277,0,0
GRN_PE,D,20170321,000000,10.277,10.277,9.893,10.277,0,0
GRN_PE,D,20170322,000000,10.277,10.277,10.085,10.085,0,0
GRN_PE,D,20170323,000000,10.277,10.277,10.277,10.277,0,0
GRN_PE,D,20170324,000000,10.277,10.277,10.277,10.277,0,0
GRN_PE,D,20170327,000000,10.277,10.277,10.181,10.181,0,0
GRN_PE,D,20170328,000000,10.181,10.181,10.181,10.181,0,0
GRN_PE,D,20170329,000000,10.181,10.181,10.181,10.181,0,0
GRN_PE,D,20170330,000000,10.085,10.085,10.085,10.085,0,0
GRN_PE,D,20170331,000000,10.085,10.085,9.797,9.989,0,0
GRN_PE,D,20170403,000000,10.181,10.181,9.989,9.989,0,0
GRN_PE,D,20170404,000000,9.989,10.181,9.797,10.085,0,0
GRN_PE,D,20170405,000000,9.893,10.085,9.893,10.085,0,0
GRN_PE,D,20170406,000000,9.893,10.085,9.797,10.085,0,0
GRN_PE,D,20170407,000000,10.085,10.085,10.085,10.085,0,0
GRN_PE,D,20170410,000000,9.893,9.989,9.893,9.989,0,0
GRN_PE,D,20170411,000000,10.085,10.085,10.085,10.085,0,0
GRN_PE,D,20170412,000000,10.085,10.085,10.085,10.085,0,0
GRN_PE,D,20170413,000000,10.181,10.181,10.085,10.085,0,0
GRN_PE,D,20170418,000000,10.085,10.181,9.701,9.989,0,0
GRN_PE,D,20170419,000000,10.085,10.277,10.085,10.181,0,0
GRN_PE,D,20170420,000000,10.181,10.181,10.181,10.181,0,0
GRN_PE,D,20170421,000000,10.181,10.181,10.181,10.181,0,0
GRN_PE,D,20170424,000000,10.181,10.181,10.181,10.181,0,0
GRN_PE,D,20170425,000000,10.181,10.277,10.181,10.277,0,0
GRN_PE,D,20170426,000000,10.277,10.277,10.181,10.181,0,0
GRN_PE,D,20170427,000000,10.181,10.277,10.181,10.277,0,0
GRN_PE,D,20170428,000000,10.277,10.47,10.277,10.47,0,0
GRN_PE,D,20170502,000000,10.47,10.662,10.47,10.662,0,0
GRN_PE,D,20170504,000000,10.662,10.662,10.47,10.662,0,0
GRN_PE,D,20170505,000000,10.662,10.662,10.662,10.662,0,0
GRN_PE,D,20170508,000000,10.662,10.662,10.566,10.566,0,0
GRN_PE,D,20170509,000000,10.566,10.566,10.566,10.566,0,0
GRN_PE,D,20170510,000000,10.374,10.566,10.374,10.566,0,0
GRN_PE,D,20170511,000000,10.566,10.662,10.566,10.662,0,0
GRN_PE,D,20170512,000000,10.662,11.141,10.662,10.757,0,0
GRN_PE,D,20170515,000000,10.757,10.949,10.566,10.949,0,0
GRN_PE,D,20170516,000000,10.757,11.334,10.566,10.566,0,0
GRN_PE,D,20170517,000000,10.757,11.141,10.757,11.045,0,0
GRN_PE,D,20170518,000000,10.949,10.949,10.566,10.853,0,0
GRN_PE,D,20170519,000000,11.045,11.045,10.662,11.045,0,0
GRN_PE,D,20170522,000000,10.949,10.949,10.662,10.949,0,0
GRN_PE,D,20170523,000000,10.853,10.853,10.853,10.853,0,0
GRN_PE,D,20170524,000000,10.949,10.949,10.853,10.853,0,0
GRN_PE,D,20170525,000000,10.949,10.949,10.181,10.853,0,0
GRN_PE,D,20170526,000000,10.757,11.141,10.277,11.045,0,0
GRN_PE,D,20170529,000000,11.045,12.102,11.045,11.91,0,0
GRN_PE,D,20170530,000000,12.198,12.966,12.102,12.774,0,0
GRN_PE,D,20170531,000000,12.774,13.062,12.774,13.062,0,0
GRN_PE,D,20170601,000000,13.062,14.312,13.062,13.543,0,0
GRN_PE,D,20170602,000000,13.639,13.735,12.87,13.735,0,0
GRN_PE,D,20170605,000000,14.023,14.312,14.023,14.023,0,0
GRN_PE,D,20170606,000000,13.831,14.6,13.831,14.504,0,0
GRN_PE,D,20170607,000000,14.312,14.887,14.312,14.312,0,0
GRN_PE,D,20170608,000000,14.119,14.312,13.447,14.312,0,0
GRN_PE,D,20170609,000000,14.408,14.6,13.639,14.6,0,0
GRN_PE,D,20170612,000000,14.504,14.695,14.504,14.6,0,0
GRN_PE,D,20170613,000000,14.119,14.791,14.119,14.791,0,0
GRN_PE,D,20170614,000000,14.791,15.175,14.408,14.983,0,0
GRN_PE,D,20170616,000000,15.175,15.848,14.695,15.56,0,0
GRN_PE,D,20170619,000000,15.944,15.944,15.368,15.656,0,0
GRN_PE,D,20170620,000000,15.848,15.848,15.272,15.752,0,0
GRN_PE,D,20170621,000000,15.944,15.944,15.079,15.848,0,0
GRN_PE,D,20170622,000000,15.752,15.752,15.175,15.656,0,0
GRN_PE,D,20170623,000000,15.656,15.752,15.56,15.752,0,0
GRN_PE,D,20170626,000000,15.752,15.848,15.656,15.848,0,0
GRN_PE,D,20170627,000000,15.848,15.944,15.56,15.848,0,0
GRN_PE,D,20170628,000000,15.272,15.848,15.272,15.848,0,0
GRN_PE,D,20170629,000000,15.272,15.848,15.272,15.848,0,0
GRN_PE,D,20170630,000000,15.272,15.848,15.272,15.848,0,0
GRN_PE,D,20170703,000000,15.848,15.848,15.752,15.752,0,0
GRN_PE,D,20170704,000000,15.752,15.752,15.752,15.752,0,0
GRN_PE,D,20170705,000000,15.752,16.425,15.368,16.425,0,0
GRN_PE,D,20170706,000000,16.04,16.808,16.04,16.712,0,0
GRN_PE,D,20170707,000000,16.712,16.712,16.04,16.616,0,0
GRN_PE,D,20170710,000000,16.712,16.712,16.521,16.521,0,0
GRN_PE,D,20170711,000000,16.521,16.521,16.521,16.521,0,0
GRN_PE,D,20170712,000000,16.521,16.521,15.944,15.944,0,0
GRN_PE,D,20170713,000000,15.656,16.425,15.272,16.04,0,0
GRN_PE,D,20170714,000000,16.04,16.04,16.04,16.04,0,0
GRN_PE,D,20170717,000000,16.04,16.04,16.04,16.04,0,0
GRN_PE,D,20170718,000000,15.272,15.464,14.791,14.791,0,0
GRN_PE,D,20170719,000000,14.791,14.791,13.639,14.023,0,0
GRN_PE,D,20170720,000000,14.023,14.312,13.639,14.312,0,0
GRN_PE,D,20170721,000000,14.312,14.312,14.312,14.312,0,0
GRN_PE,D,20170724,000000,14.312,14.312,14.312,14.312,0,0
GRN_PE,D,20170725,000000,14.312,14.312,14.312,14.312,0,0
GRN_PE,D,20170726,000000,14.312,14.791,14.312,14.695,0,0
GRN_PE,D,20170727,000000,14.215,14.983,14.215,14.983,0,0
GRN_PE,D,20170728,000000,14.983,15.272,14.983,15.272,0,0
GRN_PE,D,20170731,000000,15.175,15.848,15.079,15.752,0,0
GRN_PE,D,20170801,000000,16.04,16.04,14.695,15.079,0,0
GRN_PE,D,20170802,000000,15.079,15.079,14.312,14.312,0,0
GRN_PE,D,20170803,000000,14.695,14.791,14.695,14.695,0,0
GRN_PE,D,20170804,000000,14.695,14.791,14.695,14.791,0,0
GRN_PE,D,20170807,000000,15.464,15.752,14.791,15.752,0,0
GRN_PE,D,20170808,000000,15.752,15.752,14.791,14.791,0,0
GRN_PE,D,20170809,000000,15.368,15.752,15.368,15.656,0,0
GRN_PE,D,20170810,000000,15.656,15.656,14.983,15.656,0,0
GRN_PE,D,20170811,000000,15.656,15.656,15.656,15.656,0,0
GRN_PE,D,20170814,000000,15.368,15.656,15.368,15.656,0,0
GRN_PE,D,20170816,000000,15.656,15.656,15.656,15.656,0,0
GRN_PE,D,20170817,000000,15.656,15.656,15.656,15.656,0,0
GRN_PE,D,20170818,000000,15.368,15.56,15.368,15.56,0,0
GRN_PE,D,20170821,000000,15.56,16.521,15.56,16.425,0,0
GRN_PE,D,20170822,000000,16.712,16.712,16.329,16.425,0,0
GRN_PE,D,20170823,000000,16.712,16.808,16.712,16.712,0,0
GRN_PE,D,20170824,000000,16.712,16.712,16.712,16.712,0,0
GRN_PE,D,20170825,000000,16.712,16.712,15.848,16.233,0,0
GRN_PE,D,20170828,000000,16.425,16.712,15.656,16.712,0,0
GRN_PE,D,20170829,000000,16.712,16.904,16.712,16.808,0,0
GRN_PE,D,20170830,000000,16.904,16.904,16.904,16.904,0,0
GRN_PE,D,20170831,000000,16.904,16.904,16.904,16.904,0,0
GRN_PE,D,20170901,000000,16.808,17.961,16.04,17.961,0,0
GRN_PE,D,20170904,000000,17.961,19.69,17.961,18.729,0,0
GRN_PE,D,20170905,000000,21.515,21.515,20.074,20.074,0,0
GRN_PE,D,20170906,000000,20.554,20.938,19.786,19.786,0,0
GRN_PE,D,20170907,000000,19.786,19.786,19.786,19.786,0,0
GRN_PE,D,20170908,000000,19.786,20.267,18.729,20.074,0,0
GRN_PE,D,20170911,000000,20.074,20.554,20.074,20.554,0,0
GRN_PE,D,20170912,000000,20.554,20.554,20.554,20.554,0,0
GRN_PE,D,20170913,000000,20.554,20.554,19.498,20.459,0,0
GRN_PE,D,20170914,000000,20.267,20.267,20.171,20.171,0,0
GRN_PE,D,20170915,000000,20.363,20.459,19.402,20.459,0,0
GRN_PE,D,20170918,000000,21.227,21.227,20.554,20.554,0,0
GRN_PE,D,20170919,000000,20.746,20.746,20.363,20.363,0,0
GRN_PE,D,20170920,000000,20.554,20.554,20.171,20.554,0,0
GRN_PE,D,20170921,000000,20.746,20.746,19.882,20.554,0,0
GRN_PE,D,20170922,000000,20.459,20.459,20.363,20.363,0,0
GRN_PE,D,20170925,000000,20.363,21.227,20.363,20.363,0,0
GRN_PE,D,20170926,000000,20.459,20.554,20.171,20.554,0,0
GRN_PE,D,20170927,000000,20.554,22.284,20.171,22.284,0,0
GRN_PE,D,20170928,000000,22.284,22.284,22.284,22.284,0,0
GRN_PE,D,20170929,000000,21.995,21.995,21.995,21.995,0,0
GRN_PE,D,20171002,000000,22.188,22.188,21.034,21.899,0,0
GRN_PE,D,20171003,000000,21.803,21.803,20.842,21.419,0,0
GRN_PE,D,20171004,000000,21.419,21.419,21.034,21.419,0,0
GRN_PE,D,20171005,000000,21.419,21.803,21.419,21.803,0,0
GRN_PE,D,20171006,000000,21.803,21.803,20.074,21.707,0,0
GRN_PE,D,20171009,000000,21.707,21.803,20.842,21.803,0,0
GRN_PE,D,20171010,000000,21.803,22.188,21.034,21.803,0,0
GRN_PE,D,20171011,000000,21.803,21.803,21.707,21.707,0,0
GRN_PE,D,20171012,000000,21.707,21.707,21.034,21.227,0,0
GRN_PE,D,20171013,000000,21.803,21.803,21.131,21.131,0,0
GRN_PE,D,20171016,000000,21.131,21.707,20.746,21.707,0,0
GRN_PE,D,20171017,000000,21.707,21.707,21.707,21.707,0,0
GRN_PE,D,20171018,000000,21.611,21.707,20.65,21.707,0,0
GRN_PE,D,20171019,000000,21.611,21.611,20.746,21.611,0,0
GRN_PE,D,20171020,000000,21.611,21.611,20.938,21.611,0,0
GRN_PE,D,20171023,000000,21.611,22.475,21.611,22.475,0,0
GRN_PE,D,20171024,000000,22.667,22.667,21.899,22.667,0,0
GRN_PE,D,20171025,000000,23.532,23.532,21.899,23.051,0,0
GRN_PE,D,20171026,000000,23.532,24.301,23.532,24.301,0,0
GRN_PE,D,20171027,000000,24.301,25.069,23.916,25.069,0,0
GRN_PE,D,20171030,000000,24.78,25.165,23.724,23.724,0,0
GRN_PE,D,20171031,000000,24.328,24.328,22.874,24.231,0,0
GRN_PE,D,20171102,000000,25.297,25.297,24.134,25.2,0,0
GRN_PE,D,20171103,000000,24.618,24.812,24.328,24.522,0,0
GRN_PE,D,20171106,000000,24.134,24.909,24.134,24.522,0,0
GRN_PE,D,20171107,000000,24.522,24.522,24.328,24.328,0,0
GRN_PE,D,20171108,000000,24.328,24.909,24.328,24.425,0,0
GRN_PE,D,20171109,000000,24.812,24.812,24.328,24.328,0,0
GRN_PE,D,20171110,000000,24.134,24.134,23.649,23.843,0,0
GRN_PE,D,20171113,000000,23.552,23.552,23.262,23.552,0,0
GRN_PE,D,20171114,000000,23.552,23.552,23.552,23.552,0,0
GRN_PE,D,20171115,000000,24.328,24.328,23.552,24.328,0,0
GRN_PE,D,20171116,000000,24.328,24.328,24.328,24.328,0,0
GRN_PE,D,20171117,000000,24.328,24.328,22.389,23.455,0,0
GRN_PE,D,20171120,000000,23.455,23.455,22.389,23.455,0,0
GRN_PE,D,20171121,000000,24.037,24.037,23.746,23.94,0,0
GRN_PE,D,20171122,000000,23.746,23.94,22.486,23.262,0,0
GRN_PE,D,20171123,000000,21.614,22.583,21.614,22.292,0,0
GRN_PE,D,20171124,000000,22.098,22.098,21.517,21.517,0,0
GRN_PE,D,20171127,000000,21.905,21.905,20.935,21.614,0,0
GRN_PE,D,20171128,000000,21.711,21.711,21.517,21.614,0,0
GRN_PE,D,20171129,000000,21.517,21.517,21.226,21.517,0,0
GRN_PE,D,20171130,000000,21.517,21.517,21.517,21.517,0,0
GRN_PE,D,20171201,000000,21.517,21.517,19.772,21.129,0,0
GRN_PE,D,20171204,000000,21.129,21.129,21.129,21.129,0,0
GRN_PE,D,20171205,000000,21.129,21.129,21.032,21.032,0,0
GRN_PE,D,20171206,000000,21.032,21.032,21.032,21.032,0,0
GRN_PE,D,20171207,000000,21.129,21.129,20.257,21.129,0,0
GRN_PE,D,20171208,000000,21.129,21.129,21.129,21.129,0,0
GRN_PE,D,20171211,000000,20.354,21.42,19.288,21.42,0,0
GRN_PE,D,20171212,000000,21.711,21.905,20.935,21.905,0,0
GRN_PE,D,20171213,000000,21.905,21.905,21.905,21.905,0,0
GRN_PE,D,20171214,000000,22.486,22.486,21.905,21.905,0,0
GRN_PE,D,20171215,000000,21.711,22.389,21.711,22.389,0,0
GRN_PE,D,20171218,000000,22.486,22.486,22.389,22.486,0,0
GRN_PE,D,20171219,000000,22.486,22.486,21.42,22.389,0,0
GRN_PE,D,20171220,000000,22.389,22.389,21.808,21.808,0,0
GRN_PE,D,20171221,000000,21.42,21.808,21.032,21.42,0,0
GRN_PE,D,20171222,000000,21.323,21.517,21.323,21.517,0,0
GRN_PE,D,20171227,000000,22.389,22.389,21.711,21.711,0,0
GRN_PE,D,20171228,000000,21.711,21.711,21.517,21.517,0,0
GRN_PE,D,20171229,000000,21.711,21.711,21.614,21.614,0,0
GRN_PE,D,20180103,000000,21.711,21.711,21.711,21.711,0,0
GRN_PE,D,20180104,000000,22.292,22.292,21.711,22.292,0,0
GRN_PE,D,20180105,000000,22.292,22.292,21.517,22.195,0,0
GRN_PE,D,20180108,000000,21.517,22.195,21.42,22.098,0,0
GRN_PE,D,20180109,000000,22.002,22.002,21.517,21.808,0,0
GRN_PE,D,20180110,000000,22.098,22.098,22.002,22.002,0,0
GRN_PE,D,20180111,000000,22.002,22.002,22.002,22.002,0,0
GRN_PE,D,20180112,000000,22.002,22.002,21.323,21.42,0,0
GRN_PE,D,20180115,000000,21.42,21.42,20.645,21.226,0,0
GRN_PE,D,20180116,000000,21.323,21.323,20.257,20.354,0,0
GRN_PE,D,20180117,000000,20.354,21.129,20.354,21.129,0,0
GRN_PE,D,20180118,000000,21.226,21.226,21.129,21.129,0,0
GRN_PE,D,20180119,000000,20.257,20.354,20.257,20.257,0,0
GRN_PE,D,20180122,000000,19.675,20.257,19.675,20.16,0,0
GRN_PE,D,20180123,000000,20.16,20.16,18.609,19.578,0,0
GRN_PE,D,20180124,000000,19.869,19.869,18.318,18.803,0,0
GRN_PE,D,20180125,000000,18.609,19.385,18.609,18.609,0,0
GRN_PE,D,20180126,000000,19.288,19.675,19.288,19.675,0,0
GRN_PE,D,20180129,000000,20.257,20.257,20.257,20.257,0,0
GRN_PE,D,20180130,000000,20.645,20.645,20.645,20.645,0,0
GRN_PE,D,20180131,000000,20.645,21.711,20.645,21.614,0,0
GRN_PE,D,20180201,000000,21.614,21.614,21.614,21.614,0,0
GRN_PE,D,20180202,000000,21.614,21.614,21.517,21.614,0,0
GRN_PE,D,20180205,000000,21.614,22.195,21.517,22.195,0,0
GRN_PE,D,20180206,000000,22.195,22.195,21.517,22.195,0,0
GRN_PE,D,20180207,000000,22.195,22.195,22.195,22.195,0,0
GRN_PE,D,20180208,000000,22.195,22.195,22.195,22.195,0,0
GRN_PE,D,20180209,000000,22.195,22.195,22.195,22.195,0,0
GRN_PE,D,20180212,000000,22.292,22.292,22.195,22.195,0,0
GRN_PE,D,20180213,000000,22.292,22.292,22.292,22.292,0,0
GRN_PE,D,20180214,000000,22.292,22.292,21.42,21.42,0,0
GRN_PE,D,20180215,000000,21.42,21.42,21.42,21.42,0,0
GRN_PE,D,20180216,000000,21.42,21.42,21.42,21.42,0,0
GRN_PE,D,20180219,000000,21.42,21.42,21.42,21.42,0,0
GRN_PE,D,20180220,000000,21.323,21.323,21.323,21.323,0,0
GRN_PE,D,20180221,000000,21.323,21.323,21.323,21.323,0,0
GRN_PE,D,20180222,000000,21.323,21.323,21.323,21.323,0,0
GRN_PE,D,20180223,000000,21.323,21.323,21.323,21.323,0,0
GRN_PE,D,20180226,000000,21.42,21.905,21.42,21.905,0,0
GRN_PE,D,20180227,000000,21.905,21.905,21.323,21.323,0,0
GRN_PE,D,20180228,000000,21.323,22.195,21.323,22.195,0,0
GRN_PE,D,20180301,000000,21.808,21.808,21.808,21.808,0,0
GRN_PE,D,20180302,000000,21.808,21.808,21.808,21.808,0,0
GRN_PE,D,20180305,000000,21.905,21.905,21.42,21.808,0,0
GRN_PE,D,20180306,000000,21.808,21.808,21.711,21.808,0,0
GRN_PE,D,20180307,000000,21.905,21.905,21.614,21.614,0,0
GRN_PE,D,20180308,000000,22.002,22.002,19.869,19.869,0,0
GRN_PE,D,20180309,000000,20.645,20.645,20.645,20.645,0,0
GRN_PE,D,20180312,000000,19.966,20.645,19.966,20.645,0,0
GRN_PE,D,20180313,000000,20.548,20.645,20.548,20.645,0,0
GRN_PE,D,20180314,000000,21.323,21.323,20.645,20.645,0,0
GRN_PE,D,20180315,000000,21.323,21.323,21.323,21.323,0,0
GRN_PE,D,20180316,000000,21.323,21.323,21.323,21.323,0,0
GRN_PE,D,20180319,000000,21.226,21.323,21.226,21.323,0,0
GRN_PE,D,20180320,000000,21.323,21.323,21.323,21.323,0,0
GRN_PE,D,20180321,000000,21.323,21.323,21.323,21.323,0,0
GRN_PE,D,20180322,000000,21.808,21.808,21.129,21.517,0,0
GRN_PE,D,20180323,000000,21.517,21.517,21.517,21.517,0,0
GRN_PE,D,20180326,000000,21.517,21.517,21.517,21.517,0,0
GRN_PE,D,20180327,000000,21.517,21.517,21.517,21.517,0,0
GRN_PE,D,20180328,000000,21.517,21.808,20.451,21.808,0,0
GRN_PE,D,20180329,000000,21.517,21.808,20.838,21.808,0,0
GRN_PE,D,20180403,000000,21.808,21.808,21.808,21.808,0,0
GRN_PE,D,20180404,000000,21.808,21.808,21.808,21.808,0,0
GRN_PE,D,20180405,000000,21.808,21.905,21.808,21.808,0,0
GRN_PE,D,20180406,000000,21.808,21.808,21.808,21.808,0,0
GRN_PE,D,20180409,000000,21.42,21.517,21.42,21.517,0,0
GRN_PE,D,20180410,000000,21.517,21.517,21.517,21.517,0,0
GRN_PE,D,20180411,000000,21.517,21.517,21.226,21.226,0,0
GRN_PE,D,20180412,000000,20.645,21.42,20.645,21.42,0,0
GRN_PE,D,20180413,000000,21.517,21.517,20.451,21.517,0,0
GRN_PE,D,20180416,000000,21.517,21.517,21.517,21.517,0,0
GRN_PE,D,20180417,000000,21.517,21.517,19.869,20.451,0,0
GRN_PE,D,20180418,000000,21.517,21.517,21.517,21.517,0,0
GRN_PE,D,20180419,000000,21.42,21.42,20.548,20.548,0,0
GRN_PE,D,20180420,000000,21.42,21.42,21.42,21.42,0,0
GRN_PE,D,20180423,000000,21.129,21.129,19.966,20.935,0,0
GRN_PE,D,20180424,000000,20.935,20.935,20.935,20.935,0,0
GRN_PE,D,20180425,000000,20.935,20.935,20.257,20.257,0,0
GRN_PE,D,20180426,000000,20.257,20.257,19.288,20.16,0,0
GRN_PE,D,20180427,000000,20.16,20.645,19.191,20.645,0,0
GRN_PE,D,20180430,000000,20.645,21.032,20.645,21.032,0,0
GRN_PE,D,20180502,000000,21.42,21.42,20.063,21.032,0,0
GRN_PE,D,20180504,000000,21.032,21.032,20.742,21.032,0,0
GRN_PE,D,20180507,000000,21.032,21.032,20.354,21.032,0,0
GRN_PE,D,20180508,000000,20.742,20.838,20.742,20.838,0,0
GRN_PE,D,20180509,000000,20.645,20.645,20.063,20.645,0,0
GRN_PE,D,20180510,000000,20.645,20.645,20.645,20.645,0,0
GRN_PE,D,20180511,000000,20.645,20.645,19.482,20.451,0,0
GRN_PE,D,20180514,000000,20.451,20.451,19.482,20.451,0,0
GRN_PE,D,20180515,000000,20.645,20.645,20.645,20.645,0,0
GRN_PE,D,20180516,000000,20.16,20.645,20.16,20.645,0,0
GRN_PE,D,20180517,000000,19.772,19.772,19.772,19.772,0,0
GRN_PE,D,20180518,000000,19.772,19.772,19.772,19.772,0,0
GRN_PE,D,20180521,000000,19.772,19.772,19.772,19.772,0,0
GRN_PE,D,20180522,000000,19.772,19.772,19.772,19.772,0,0
GRN_PE,D,20180523,000000,19.772,19.772,19.675,19.772,0,0
GRN_PE,D,20180524,000000,19.772,19.772,19.772,19.772,0,0
GRN_PE,D,20180525,000000,19.772,19.772,19.772,19.772,0,0
GRN_PE,D,20180528,000000,19.772,19.772,19.772,19.772,0,0
GRN_PE,D,20180529,000000,19.578,19.772,18.803,19.772,0,0
GRN_PE,D,20180530,000000,19.772,20.645,19.772,20.645,0,0
GRN_PE,D,20180601,000000,21.808,21.808,21.808,21.808,0,0
GRN_PE,D,20180604,000000,19.772,19.772,19.675,19.772,0,0
GRN_PE,D,20180605,000000,19.772,19.772,19.675,19.772,0,0
GRN_PE,D,20180606,000000,19.772,19.772,19.772,19.772,0,0
GRN_PE,D,20180607,000000,19.578,19.578,19.578,19.578,0,0
GRN_PE,D,20180608,000000,19.578,19.772,19.578,19.772,0,0
GRN_PE,D,20180611,000000,19.772,19.772,19.772,19.772,0,0
GRN_PE,D,20180612,000000,19.772,19.772,19.772,19.772,0,0
GRN_PE,D,20180613,000000,19.772,19.772,18.9,18.9,0,0
GRN_PE,D,20180614,000000,19.675,19.675,18.803,19.578,0,0
GRN_PE,D,20180615,000000,19.869,19.869,19.772,19.772,0,0
GRN_PE,D,20180618,000000,19.772,19.772,19.772,19.772,0,0
GRN_PE,D,20180619,000000,19.772,19.772,19.772,19.772,0,0
GRN_PE,D,20180620,000000,19.772,19.772,19.772,19.772,0,0
GRN_PE,D,20180621,000000,19.482,19.772,19.482,19.772,0,0
GRN_PE,D,20180622,000000,19.772,19.772,19.772,19.772,0,0
GRN_PE,D,20180625,000000,19.772,19.772,19.772,19.772,0,0
GRN_PE,D,20180626,000000,19.772,19.772,19.772,19.772,0,0
GRN_PE,D,20180627,000000,19.772,19.772,19.772,19.772,0,0
GRN_PE,D,20180628,000000,19.772,19.772,19.772,19.772,0,0
GRN_PE,D,20180629,000000,19.772,19.772,19.772,19.772,0,0
GRN_PE,D,20180703,000000,19.385,19.482,19.385,19.482,0,0
GRN_PE,D,20180704,000000,19.482,19.482,19.482,19.482,0,0
GRN_PE,D,20180705,000000,19.094,19.094,19.094,19.094,0,0
GRN_PE,D,20180706,000000,19.094,19.094,19.094,19.094,0,0
GRN_PE,D,20180709,000000,19.094,19.094,18.706,18.706,0,0
GRN_PE,D,20180710,000000,18.706,18.706,16.962,17.252,0,0
GRN_PE,D,20180711,000000,17.252,17.252,17.155,17.155,0,0
GRN_PE,D,20180712,000000,16.477,16.477,16.283,16.283,0,0
GRN_PE,D,20180713,000000,16.865,16.865,16.768,16.768,0,0
GRN_PE,D,20180716,000000,17.058,17.058,17.058,17.058,0,0
GRN_PE,D,20180717,000000,17.058,17.058,16.865,17.058,0,0
GRN_PE,D,20180718,000000,17.058,17.058,17.058,17.058,0,0
GRN_PE,D,20180719,000000,17.058,17.058,15.992,16.962,0,0
GRN_PE,D,20180720,000000,15.992,16.962,15.992,16.962,0,0
GRN_PE,D,20180723,000000,16.962,16.962,16.962,16.962,0,0
GRN_PE,D,20180724,000000,16.962,16.962,16.962,16.962,0,0
GRN_PE,D,20180725,000000,16.962,16.962,16.865,16.865,0,0
GRN_PE,D,20180726,000000,17.058,17.446,17.058,17.446,0,0
GRN_PE,D,20180727,000000,17.543,17.543,17.155,17.543,0,0
GRN_PE,D,20180730,000000,17.834,17.834,17.834,17.834,0,0
GRN_PE,D,20180731,000000,17.931,17.931,17.155,17.155,0,0
GRN_PE,D,20180801,000000,17.252,17.252,16.477,17.252,0,0
GRN_PE,D,20180802,000000,17.252,17.252,16.477,16.671,0,0
GRN_PE,D,20180803,000000,15.895,15.895,14.248,15.798,0,0
GRN_PE,D,20180806,000000,15.798,15.798,15.411,15.798,0,0
GRN_PE,D,20180807,000000,15.798,15.798,15.411,15.798,0,0
GRN_PE,D,20180808,000000,15.798,15.798,15.798,15.798,0,0
GRN_PE,D,20180809,000000,15.798,15.798,15.605,15.605,0,0
GRN_PE,D,20180810,000000,15.605,15.605,14.732,14.732,0,0
GRN_PE,D,20180813,000000,14.732,14.732,14.248,14.732,0,0
GRN_PE,D,20180814,000000,14.732,15.12,14.732,15.12,0,0
GRN_PE,D,20180816,000000,15.605,15.605,15.605,15.605,0,0
GRN_PE,D,20180817,000000,15.605,15.605,15.605,15.605,0,0
GRN_PE,D,20180820,000000,15.605,15.605,15.12,15.605,0,0
GRN_PE,D,20180821,000000,16.477,16.477,15.12,15.605,0,0
GRN_PE,D,20180822,000000,15.605,15.605,15.12,15.605,0,0
GRN_PE,D,20180823,000000,14.442,15.023,14.442,14.442,0,0
GRN_PE,D,20180824,000000,15.023,15.023,15.023,15.023,0,0
GRN_PE,D,20180828,000000,15.023,15.023,15.023,15.023,0,0
GRN_PE,D,20180829,000000,15.023,15.12,15.023,15.12,0,0
GRN_PE,D,20180830,000000,15.12,15.217,15.12,15.217,0,0
GRN_PE,D,20180831,000000,15.508,15.508,15.508,15.508,0,0
GRN_PE,D,20180903,000000,15.411,15.411,14.635,14.635,0,0
GRN_PE,D,20180904,000000,14.635,14.732,14.635,14.732,0,0
GRN_PE,D,20180905,000000,14.732,14.732,14.054,14.248,0,0
GRN_PE,D,20180906,000000,14.248,14.248,12.988,12.988,0,0
GRN_PE,D,20180907,000000,11.728,11.728,9.4985,9.4985,0,0
GRN_PE,D,20180910,000000,9.4985,9.4985,8.6262,8.7231,0,0
GRN_PE,D,20180911,000000,8.7231,8.7231,8.7231,8.7231,0,0
GRN_PE,D,20180912,000000,8.7231,8.7231,8.5292,8.7231,0,0
GRN_PE,D,20180913,000000,8.7231,8.7231,8.4323,8.4323,0,0
GRN_PE,D,20180914,000000,8.4323,8.4323,7.7538,7.8508,0,0
GRN_PE,D,20180917,000000,7.56,7.56,6.8815,7.2692,0,0
GRN_PE,D,20180918,000000,7.2692,7.2692,6.7846,6.9785,0,0
GRN_PE,D,20180919,000000,7.2692,7.2692,6.9785,7.1723,0,0
GRN_PE,D,20180920,000000,7.1723,7.7538,7.1723,7.4631,0,0
GRN_PE,D,20180921,000000,7.56,7.56,7.0754,7.4631,0,0
GRN_PE,D,20180924,000000,7.4631,7.4631,7.2692,7.4631,0,0
GRN_PE,D,20180925,000000,7.7538,7.7538,6.4938,6.7846,0,0
GRN_PE,D,20180926,000000,6.4938,6.6877,6.2031,6.5908,0,0
GRN_PE,D,20180927,000000,6.5908,7.1723,6.4938,7.0754,0,0
GRN_PE,D,20180928,000000,7.2692,7.56,6.7846,6.9785,0,0
GRN_PE,D,20181001,000000,6.8815,7.2692,6.8815,7.0754,0,0
GRN_PE,D,20181002,000000,7.0754,7.0754,6.4938,6.5908,0,0
GRN_PE,D,20181003,000000,6.5908,6.5908,6.3,6.3969,0,0
GRN_PE,D,20181004,000000,6.4938,6.5908,6.3969,6.5908,0,0
GRN_PE,D,20181005,000000,6.5908,6.8815,6.4938,6.7846,0,0
GRN_PE,D,20181008,000000,6.8815,7.1723,6.6877,7.0754,0,0
GRN_PE,D,20181009,000000,7.1723,7.1723,6.6877,6.8815,0,0
GRN_PE,D,20181010,000000,6.8815,7.0754,6.8815,7.0754,0,0
GRN_PE,D,20181011,000000,6.9785,6.9785,6.8815,6.8815,0,0
GRN_PE,D,20181012,000000,6.8815,6.9785,6.8815,6.9785,0,0
GRN_PE,D,20181015,000000,7.0754,7.0754,6.9785,6.9785,0,0
GRN_PE,D,20181016,000000,6.9785,6.9785,6.9785,6.9785,0,0
GRN_PE,D,20181017,000000,6.9785,6.9785,6.9785,6.9785,0,0
GRN_PE,D,20181018,000000,6.9785,6.9785,6.8815,6.9785,0,0
GRN_PE,D,20181019,000000,6.9785,6.9785,6.7846,6.9785,0,0
GRN_PE,D,20181022,000000,6.8815,6.9785,6.7846,6.9785,0,0
GRN_PE,D,20181023,000000,6.9785,6.9785,6.7846,6.9785,0,0
GRN_PE,D,20181024,000000,6.7846,6.9785,6.7846,6.8815,0,0
GRN_PE,D,20181025,000000,6.8815,6.9785,6.8815,6.9785,0,0
GRN_PE,D,20181026,000000,6.7846,6.9785,6.7846,6.9785,0,0
GRN_PE,D,20181029,000000,6.9785,6.9785,6.9785,6.9785,0,0
GRN_PE,D,20181030,000000,6.9785,6.9785,6.9785,6.9785,0,0
GRN_PE,D,20181031,000000,6.9785,6.9785,6.7846,6.7846,0,0
GRN_PE,D,20181102,000000,7.1,7.1,7,7,0,0
GRN_PE,D,20181105,000000,7.2,7.2,6.6,7,0,0
GRN_PE,D,20181106,000000,7,7,6.6,6.6,0,0
GRN_PE,D,20181107,000000,6.6,6.6,6.1,6.3,0,0
GRN_PE,D,20181108,000000,6.3,6.3,5.9,5.9,0,0
GRN_PE,D,20181109,000000,5.9,5.9,5.4,5.4,0,0
GRN_PE,D,20181113,000000,5.4,5.4,4.8,4.8,0,0
GRN_PE,D,20181114,000000,4.8,4.8,4.4,4.5,0,0
GRN_PE,D,20181115,000000,4.5,4.5,4.1,4.1,0,0
GRN_PE,D,20181116,000000,4.1,4.1,3.9,3.9,0,0
GRN_PE,D,20181119,000000,3.9,4,3.2,3.5,0,0
GRN_PE,D,20181120,000000,3.6,3.6,3.4,3.6,0,0
GRN_PE,D,20181121,000000,3.6,3.7,3.4,3.6,0,0
GRN_PE,D,20181122,000000,3.6,4.9,3.6,4.9,0,0
GRN_PE,D,20181123,000000,5.2,5.7,5.2,5.7,0,0
GRN_PE,D,20181126,000000,6.2,7.4,6.1,7.4,0,0
GRN_PE,D,20181127,000000,7.4,7.4,6.4,6.7,0,0
GRN_PE,D,20181128,000000,6.6,6.6,6,6.3,0,0
GRN_PE,D,20181129,000000,6.5,6.9,6,6.9,0,0
GRN_PE,D,20181130,000000,7,7.5,6.6,6.8,0,0
GRN_PE,D,20181203,000000,6.8,6.8,6.3,6.6,0,0
GRN_PE,D,20181204,000000,6.6,7.1,6.6,6.9,0,0
GRN_PE,D,20181205,000000,6.9,6.9,6.4,6.8,0,0
GRN_PE,D,20181206,000000,6.5,6.6,6.5,6.6,0,0
GRN_PE,D,20181207,000000,6.6,6.6,6.3,6.6,0,0
GRN_PE,D,20181210,000000,6.6,6.6,6.3,6.4,0,0
GRN_PE,D,20181211,000000,6.6,6.6,6.2,6.3,0,0
GRN_PE,D,20181212,000000,6.6,6.7,6.3,6.7,0,0
GRN_PE,D,20181213,000000,6.7,6.9,6.5,6.9,0,0
GRN_PE,D,20181214,000000,7,7,6.4,6.4,0,0
GRN_PE,D,20181217,000000,6.7,7.3,6.7,7.3,0,0
GRN_PE,D,20181218,000000,7.4,7.4,6.4,6.4,0,0
GRN_PE,D,20181219,000000,6.9,6.9,6.2,6.3,0,0
GRN_PE,D,20181220,000000,6.5,6.5,6.2,6.2,0,0
GRN_PE,D,20181221,000000,6.3,6.4,6.2,6.3,0,0
GRN_PE,D,20181227,000000,6.4,6.7,6.2,6.2,0,0
GRN_PE,D,20181228,000000,6.4,6.7,6.3,6.6,0,0
GRN_PE,D,20190102,000000,6.6,6.6,6.3,6.4,0,0
GRN_PE,D,20190103,000000,6.5,6.5,6.3,6.4,0,0
GRN_PE,D,20190104,000000,6.3,6.3,5.8,6.1,0,0
GRN_PE,D,20190107,000000,6.3,6.9,6.1,6.6,0,0
GRN_PE,D,20190108,000000,6.6,6.6,6.3,6.5,0,0
GRN_PE,D,20190109,000000,6.5,6.8,6.4,6.8,0,0
GRN_PE,D,20190110,000000,6.8,6.8,6.6,6.7,0,0
GRN_PE,D,20190111,000000,6.8,6.8,6.6,6.6,0,0
GRN_PE,D,20190114,000000,6.7,6.7,6.6,6.6,0,0
GRN_PE,D,20190115,000000,6.6,6.9,6.5,6.8,0,0
GRN_PE,D,20190116,000000,6.8,6.8,6.6,6.8,0,0
GRN_PE,D,20190117,000000,6.7,7,6.6,7,0,0
GRN_PE,D,20190118,000000,7,7.5,6.9,7.3,0,0
GRN_PE,D,20190121,000000,7.4,8.1,7.4,7.9,0,0
GRN_PE,D,20190122,000000,7.9,8.5,7.9,8.5,0,0
GRN_PE,D,20190123,000000,8.6,9.5,8.5,9.5,0,0
GRN_PE,D,20190124,000000,9.6,11.5,9.6,10.7,0,0
GRN_PE,D,20190125,000000,10.7,10.9,9.5,10.4,0,0
GRN_PE,D,20190128,000000,9.6,11.1,9.6,10.5,0,0
GRN_PE,D,20190129,000000,10.9,11,10.2,10.7,0,0
GRN_PE,D,20190130,000000,10.8,10.8,10.1,10.1,0,0
GRN_PE,D,20190131,000000,10.3,10.3,9.7,9.7,0,0
GRN_PE,D,20190201,000000,10.1,10.1,9.1,10.1,0,0
GRN_PE,D,20190204,000000,10,10.5,9.7,10,0,0
GRN_PE,D,20190205,000000,10,10.2,9.5,10.2,0,0
GRN_PE,D,20190206,000000,10.2,10.2,9.7,10,0,0
GRN_PE,D,20190207,000000,10.1,10.1,9.2,9.6,0,0
GRN_PE,D,20190208,000000,9.5,9.6,8.9,9.6,0,0
GRN_PE,D,20190211,000000,9.7,10.1,9.4,10,0,0
GRN_PE,D,20190212,000000,9.9,10.1,9.4,9.7,0,0
GRN_PE,D,20190213,000000,10,10,9.5,9.7,0,0
GRN_PE,D,20190214,000000,9.9,9.9,9.3,9.7,0,0
GRN_PE,D,20190215,000000,9.5,10.4,9.2,10.4,0,0
GRN_PE,D,20190218,000000,10.5,10.5,10.2,10.5,0,0
GRN_PE,D,20190219,000000,10.5,10.5,9.9,10,0,0
GRN_PE,D,20190220,000000,10,10,9.5,9.5,0,0
GRN_PE,D,20190221,000000,9.6,9.6,9.2,9.3,0,0
GRN_PE,D,20190222,000000,9.3,9.8,9.3,9.8,0,0
GRN_PE,D,20190225,000000,9.8,10.2,9.8,9.9,0,0
GRN_PE,D,20190226,000000,10.3,10.3,9.4,9.8,0,0
GRN_PE,D,20190227,000000,9.8,9.8,9.7,9.8,0,0
GRN_PE,D,20190228,000000,9.8,10.3,9.5,9.8,0,0
GRN_PE,D,20190301,000000,9.8,10.2,9.8,10,0,0
GRN_PE,D,20190304,000000,10,10,9.9,10,0,0
GRN_PE,D,20190305,000000,10.1,10.1,10,10,0,0
GRN_PE,D,20190306,000000,10,10,9.7,10,0,0
GRN_PE,D,20190307,000000,10,10,9.5,9.7,0,0
GRN_PE,D,20190308,000000,10.1,10.1,9.6,9.8,0,0
GRN_PE,D,20190311,000000,9.9,9.9,9.5,9.5,0,0
GRN_PE,D,20190312,000000,9.3,9.3,8.7,9.1,0,0
GRN_PE,D,20190313,000000,8.9,9.4,8.9,8.9,0,0
GRN_PE,D,20190314,000000,8.9,9.2,8.9,9,0,0
GRN_PE,D,20190315,000000,8.9,9.5,8.9,9.2,0,0
GRN_PE,D,20190318,000000,9.4,9.6,9.2,9.5,0,0
GRN_PE,D,20190319,000000,9.7,9.7,9.2,9.3,0,0
GRN_PE,D,20190320,000000,9.3,9.3,9.1,9.1,0,0
GRN_PE,D,20190321,000000,9.1,9.1,9,9.1,0,0
GRN_PE,D,20190322,000000,9.1,9.4,9.1,9.3,0,0
GRN_PE,D,20190325,000000,9.3,9.3,9,9.2,0,0
GRN_PE,D,20190326,000000,9.4,9.4,9.1,9.2,0,0
GRN_PE,D,20190327,000000,9.4,9.4,9.2,9.2,0,0
GRN_PE,D,20190328,000000,9.4,9.4,9.1,9.1,0,0
GRN_PE,D,20190329,000000,8.7,9,8.7,9,0,0
GRN_PE,D,20190401,000000,9,9.1,9,9.1,0,0
GRN_PE,D,20190402,000000,8.7,8.8,8.3,8.8,0,0
GRN_PE,D,20190403,000000,9.1,9.1,8.6,8.6,0,0
GRN_PE,D,20190404,000000,8.6,8.8,8.6,8.7,0,0
GRN_PE,D,20190405,000000,9.1,9.1,8.9,8.9,0,0
GRN_PE,D,20190408,000000,8.9,8.9,8.6,8.6,0,0
GRN_PE,D,20190409,000000,8.6,8.8,8.6,8.8,0,0
GRN_PE,D,20190410,000000,8.8,8.9,8.7,8.8,0,0
GRN_PE,D,20190411,000000,8.8,8.8,8.8,8.8,0,0
GRN_PE,D,20190412,000000,8.8,8.8,8.6,8.7,0,0
GRN_PE,D,20190415,000000,8.8,8.8,8.7,8.8,0,0
GRN_PE,D,20190416,000000,8.8,8.8,8.6,8.7,0,0
GRN_PE,D,20190417,000000,8.8,8.8,8.8,8.8,0,0
GRN_PE,D,20190418,000000,8.8,8.8,8.7,8.7,0,0
GRN_PE,D,20190423,000000,8.8,8.8,8.4,8.4,0,0
GRN_PE,D,20190424,000000,8.4,8.4,8,8.3,0,0
GRN_PE,D,20190425,000000,8.3,8.6,7.9,8.6,0,0
GRN_PE,D,20190426,000000,8.6,8.6,8.2,8.4,0,0
GRN_PE,D,20190429,000000,8.2,8.5,8.2,8.5,0,0
GRN_PE,D,20190430,000000,8.6,8.6,8.6,8.6,0,0
GRN_PE,D,20190502,000000,8.6,8.7,8.2,8.7,0,0
GRN_PE,D,20190506,000000,8.5,8.5,8.1,8.4,0,0
GRN_PE,D,20190507,000000,8.4,8.4,8.4,8.4,0,0
GRN_PE,D,20190508,000000,8.4,8.4,7.9,7.9,0,0
GRN_PE,D,20190509,000000,7.9,8.3,7.9,8.3,0,0
GRN_PE,D,20190510,000000,8.6,8.6,8.3,8.3,0,0
GRN_PE,D,20190513,000000,8.6,8.6,8.2,8.2,0,0
GRN_PE,D,20190514,000000,8,8,8,8,0,0
GRN_PE,D,20190515,000000,8,8.1,8,8.1,0,0
GRN_PE,D,20190516,000000,8.1,8.2,8.1,8.2,0,0
GRN_PE,D,20190517,000000,8.4,8.4,7.8,8,0,0
GRN_PE,D,20190520,000000,8.2,8.2,7.8,7.8,0,0
GRN_PE,D,20190521,000000,7.9,7.9,7.7,7.7,0,0
GRN_PE,D,20190522,000000,7.8,7.8,7.2,7.5,0,0
GRN_PE,D,20190523,000000,7.6,7.9,7.2,7.3,0,0
GRN_PE,D,20190524,000000,7.3,7.5,6.9,7.4,0,0
GRN_PE,D,20190527,000000,7.4,7.6,7.2,7.6,0,0
GRN_PE,D,20190528,000000,7.9,7.9,7.4,7.4,0,0
GRN_PE,D,20190529,000000,7.5,7.5,7.4,7.5,0,0
GRN_PE,D,20190530,000000,7.8,7.8,7.3,7.5,0,0
GRN_PE,D,20190531,000000,7.4,7.5,7.4,7.5,0,0
GRN_PE,D,20190603,000000,7.5,7.5,7.5,7.5,0,0
GRN_PE,D,20190604,000000,7.9,7.9,7.5,7.6,0,0
GRN_PE,D,20190605,000000,7.8,7.8,7.3,7.3,0,0
GRN_PE,D,20190606,000000,7.4,7.4,7.3,7.3,0,0
GRN_PE,D,20190607,000000,7.9,7.9,7.4,7.4,0,0
GRN_PE,D,20190610,000000,7.2,7.2,7.2,7.2,0,0
GRN_PE,D,20190611,000000,7.2,7.3,7.2,7.3,0,0
GRN_PE,D,20190612,000000,7.3,7.4,7.3,7.4,0,0
GRN_PE,D,20190613,000000,7.4,8.2,7.4,8,0,0
GRN_PE,D,20190614,000000,8.1,8.2,8,8.2,0,0
GRN_PE,D,20190617,000000,8.2,8.2,7.9,7.9,0,0
GRN_PE,D,20190618,000000,8.2,8.2,8.2,8.2,0,0
GRN_PE,D,20190619,000000,8.1,8.1,8.1,8.1,0,0
GRN_PE,D,20190621,000000,8.3,8.3,8.2,8.2,0,0
GRN_PE,D,20190624,000000,8.1,8.1,8,8.1,0,0
GRN_PE,D,20190625,000000,8.2,8.3,8,8.2,0,0
GRN_PE,D,20190626,000000,8.2,8.2,8.2,8.2,0,0
GRN_PE,D,20190627,000000,7.9,8.2,7.9,8.2,0,0
GRN_PE,D,20190628,000000,8.2,8.2,8.2,8.2,0,0
GRN_PE,D,20190701,000000,8.2,8.2,8.1,8.1,0,0
GRN_PE,D,20190702,000000,8.1,8.1,7.9,8,0,0
GRN_PE,D,20190703,000000,8,8,8,8,0,0
GRN_PE,D,20190704,000000,8,8,7.9,7.9,0,0
GRN_PE,D,20190705,000000,7.9,7.9,7.9,7.9,0,0
GRN_PE,D,20190708,000000,7.9,8,7.9,8,0,0
GRN_PE,D,20190709,000000,8,8,7.6,7.6,0,0
GRN_PE,D,20190710,000000,7.6,7.6,7.6,7.6,0,0
GRN_PE,D,20190711,000000,7.6,7.6,7.5,7.6,0,0
GRN_PE,D,20190712,000000,7.6,7.6,7.3,7.3,0,0
GRN_PE,D,20190715,000000,7.4,7.6,7.4,7.5,0,0
GRN_PE,D,20190716,000000,7.5,7.5,7.5,7.5,0,0
GRN_PE,D,20190717,000000,7.5,7.5,7.5,7.5,0,0
GRN_PE,D,20190718,000000,7.3,7.5,7.3,7.5,0,0
GRN_PE,D,20190719,000000,7.5,7.5,7.5,7.5,0,0
GRN_PE,D,20190722,000000,7.5,8.3,7.5,7.8,0,0
GRN_PE,D,20190723,000000,8.1,8.1,7.4,7.7,0,0
GRN_PE,D,20190724,000000,7.7,7.8,7.7,7.8,0,0
GRN_PE,D,20190725,000000,7.8,7.8,7.7,7.7,0,0
GRN_PE,D,20190726,000000,7.7,7.8,7.7,7.8,0,0
GRN_PE,D,20190729,000000,7.8,7.8,7.6,7.7,0,0
GRN_PE,D,20190730,000000,7.7,7.7,7.2,7.4,0,0
GRN_PE,D,20190731,000000,7.5,7.5,7.5,7.5,0,0
GRN_PE,D,20190801,000000,7.4,7.4,7.2,7.3,0,0
GRN_PE,D,20190802,000000,7.3,7.3,7.2,7.3,0,0
GRN_PE,D,20190805,000000,7.3,7.3,7.1,7.2,0,0
GRN_PE,D,20190806,000000,7.2,7.2,7.1,7.1,0,0
GRN_PE,D,20190807,000000,7.7,7.7,7.3,7.4,0,0
GRN_PE,D,20190808,000000,7.5,7.5,7.5,7.5,0,0
GRN_PE,D,20190809,000000,7.2,7.4,7.2,7.4,0,0
GRN_PE,D,20190812,000000,7.4,7.5,7.4,7.5,0,0
GRN_PE,D,20190813,000000,7.7,7.7,7.5,7.7,0,0
GRN_PE,D,20190814,000000,7.7,7.7,7.4,7.6,0,0
GRN_PE,D,20190816,000000,7.7,7.7,7.1,7.1,0,0
GRN_PE,D,20190819,000000,7.3,7.3,6.6,6.8,0,0
GRN_PE,D,20190820,000000,6.9,7.1,6.9,7.1,0,0
GRN_PE,D,20190821,000000,7.1,7.1,7,7,0,0
GRN_PE,D,20190822,000000,7,7,6.9,6.9,0,0
GRN_PE,D,20190823,000000,7,7,6.7,6.9,0,0
GRN_PE,D,20190826,000000,6.9,6.9,6.9,6.9,0,0
GRN_PE,D,20190827,000000,6.9,6.9,6.6,6.7,0,0
GRN_PE,D,20190828,000000,7,7,6.5,6.6,0,0
GRN_PE,D,20190829,000000,6.6,6.6,6.6,6.6,0,0
GRN_PE,D,20190830,000000,6.6,6.6,6.6,6.6,0,0
GRN_PE,D,20190902,000000,6.9,6.9,6.4,6.7,0,0
GRN_PE,D,20190903,000000,6.9,6.9,6.7,6.8,0,0
GRN_PE,D,20190904,000000,6.9,6.9,6.4,6.8,0,0
GRN_PE,D,20190905,000000,6.9,6.9,6.8,6.8,0,0
GRN_PE,D,20190906,000000,6.8,6.8,6.7,6.7,0,0
GRN_PE,D,20190909,000000,6.8,6.9,6.7,6.9,0,0
GRN_PE,D,20190910,000000,6.9,6.9,6.6,6.8,0,0
GRN_PE,D,20190911,000000,6.8,6.9,6.6,6.9,0,0
GRN_PE,D,20190912,000000,6.9,6.9,6.6,6.6,0,0
GRN_PE,D,20190913,000000,6.8,6.8,6.6,6.6,0,0
GRN_PE,D,20190916,000000,6.7,6.8,6.6,6.8,0,0
GRN_PE,D,20190917,000000,6.9,6.9,6.6,6.6,0,0
GRN_PE,D,20190918,000000,6.5,7,6.5,6.9,0,0
GRN_PE,D,20190919,000000,6.9,6.9,6.5,6.8,0,0
GRN_PE,D,20190920,000000,7,7,6.8,6.8,0,0
GRN_PE,D,20190923,000000,6.8,6.8,6.4,6.6,0,0
GRN_PE,D,20190924,000000,6.7,6.8,6.6,6.6,0,0
GRN_PE,D,20190925,000000,6.8,6.8,6.6,6.8,0,0
GRN_PE,D,20190926,000000,6.8,7.2,6.8,7.2,0,0
GRN_PE,D,20190927,000000,7.2,7.8,7,7.8,0,0
GRN_PE,D,20190930,000000,7.8,8,7.3,7.7,0,0
GRN_PE,D,20191001,000000,7.7,7.7,7.4,7.4,0,0
GRN_PE,D,20191002,000000,7.5,7.5,7.2,7.3,0,0
GRN_PE,D,20191003,000000,7.1,7.7,7.1,7.3,0,0
GRN_PE,D,20191004,000000,7.3,7.5,7.2,7.5,0,0
GRN_PE,D,20191007,000000,7.5,7.5,7.1,7.1,0,0
GRN_PE,D,20191008,000000,7.1,7.5,7,7.5,0,0
GRN_PE,D,20191009,000000,7.5,7.7,7.5,7.6,0,0
GRN_PE,D,20191010,000000,7.5,7.6,7.5,7.6,0,0
GRN_PE,D,20191011,000000,7.6,7.8,7.6,7.8,0,0
GRN_PE,D,20191014,000000,7.8,8.4,7.8,8.4,0,0
GRN_PE,D,20191015,000000,8.5,8.6,8.2,8.4,0,0
GRN_PE,D,20191016,000000,8.4,8.5,8.2,8.5,0,0
GRN_PE,D,20191017,000000,8.5,8.5,8.2,8.4,0,0
GRN_PE,D,20191018,000000,8.4,8.4,8,8,0,0
GRN_PE,D,20191021,000000,8,8.3,7.9,8,0,0
GRN_PE,D,20191022,000000,8,8.1,7.8,8,0,0
GRN_PE,D,20191023,000000,7.9,8,7.8,7.9,0,0
GRN_PE,D,20191024,000000,7.9,8,7.2,7.4,0,0
GRN_PE,D,20191025,000000,7.5,7.6,7.2,7.6,0,0
GRN_PE,D,20191028,000000,7.6,7.7,7.2,7.5,0,0
GRN_PE,D,20191029,000000,7.5,7.5,7.2,7.5,0,0
GRN_PE,D,20191030,000000,7.5,9.4,7.5,9.4,0,0
GRN_PE,D,20191031,000000,9.8,10.2,9.1,9.8,0,0
GRN_PE,D,20191104,000000,10.1,12,10.1,11.9,0,0
GRN_PE,D,20191105,000000,12.6,13.9,11.4,12,0,0
GRN_PE,D,20191106,000000,12.1,12.7,11.8,11.9,0,0
GRN_PE,D,20191107,000000,11.9,12.9,11.3,12.6,0,0
GRN_PE,D,20191108,000000,13,13,12.1,12.4,0,0
GRN_PE,D,20191112,000000,12.7,12.7,11.8,11.8,0,0
GRN_PE,D,20191113,000000,11.8,12.3,11.8,11.9,0,0
GRN_PE,D,20191114,000000,12,12,10.8,11.2,0,0
GRN_PE,D,20191115,000000,11.2,11.4,10.8,11.4,0,0
GRN_PE,D,20191118,000000,11.6,11.6,10.3,10.3,0,0
GRN_PE,D,20191119,000000,10.4,10.8,9.8,10.1,0,0
GRN_PE,D,20191120,000000,10.1,10.6,9.9,10.3,0,0
GRN_PE,D,20191121,000000,10.3,11.9,10.3,11.9,0,0
GRN_PE,D,20191122,000000,11.9,12.1,11.1,12.1,0,0
GRN_PE,D,20191125,000000,12.2,12.2,11.6,12,0,0
GRN_PE,D,20191126,000000,11.7,12,11.4,11.5,0,0
GRN_PE,D,20191127,000000,11.6,11.9,11.1,11.1,0,0
GRN_PE,D,20191128,000000,11.1,11.6,11.1,11.5,0,0
GRN_PE,D,20191129,000000,11.5,11.5,11.3,11.5,0,0
GRN_PE,D,20191202,000000,11.5,11.6,11.3,11.4,0,0
GRN_PE,D,20191203,000000,11.4,11.4,10.8,11.1,0,0
GRN_PE,D,20191204,000000,11.1,11.3,10.9,11.2,0,0
GRN_PE,D,20191205,000000,11,11.2,11,11,0,0
GRN_PE,D,20191206,000000,11.1,11.1,10.4,10.5,0,0
GRN_PE,D,20191209,000000,10.7,10.7,9.9,10.6,0,0
GRN_PE,D,20191210,000000,10.6,10.6,10.3,10.4,0,0
GRN_PE,D,20191211,000000,10.5,10.5,10.1,10.3,0,0
GRN_PE,D,20191212,000000,10.5,10.5,10.1,10.2,0,0
GRN_PE,D,20191213,000000,10.2,10.2,9.2,9.9,0,0
GRN_PE,D,20191216,000000,9.7,9.9,9.5,9.7,0,0
GRN_PE,D,20191217,000000,9.8,11.3,9.8,11.2,0,0
GRN_PE,D,20191218,000000,11.2,12.2,10.9,11.8,0,0
GRN_PE,D,20191219,000000,11.6,11.7,11.3,11.3,0,0
GRN_PE,D,20191220,000000,11.2,11.4,10.9,10.9,0,0
GRN_PE,D,20191223,000000,10.8,11.1,10.7,10.9,0,0
GRN_PE,D,20191227,000000,10.9,11.1,10.4,10.8,0,0
GRN_PE,D,20191230,000000,11,11.3,11,11,0,0
GRN_PE,D,20200102,000000,11,12,10.9,11.7,0,0
GRN_PE,D,20200103,000000,12.1,12.1,11.1,11.1,0,0
GRN_PE,D,20200107,000000,11.1,11.5,10.9,11.2,0,0
GRN_PE,D,20200108,000000,11.2,11.2,10.5,10.9,0,0
GRN_PE,D,20200109,000000,10.9,10.9,10.6,10.9,0,0
GRN_PE,D,20200110,000000,11,11.3,10.8,10.8,0,0
GRN_PE,D,20200113,000000,10.8,11.5,10.8,11.5,0,0
GRN_PE,D,20200114,000000,11.6,12.7,11.4,12.6,0,0
GRN_PE,D,20200115,000000,12.7,13.2,12.1,12.9,0,0
GRN_PE,D,20200116,000000,12.5,13.1,12.3,12.6,0,0
GRN_PE,D,20200117,000000,12.7,13.1,12,12.7,0,0
GRN_PE,D,20200120,000000,13,13,12.1,12.1,0,0
GRN_PE,D,20200121,000000,12.3,12.3,11.5,11.7,0,0
GRN_PE,D,20200122,000000,11.7,12.1,11.6,11.6,0,0
GRN_PE,D,20200123,000000,11.8,11.8,11.2,11.3,0,0
GRN_PE,D,20200124,000000,11.2,11.7,11.1,11.6,0,0
GRN_PE,D,20200127,000000,11.6,11.6,10.6,10.6,0,0
GRN_PE,D,20200128,000000,10.9,11.1,10.6,10.9,0,0
GRN_PE,D,20200129,000000,10.8,11.1,10.8,10.8,0,0
GRN_PE,D,20200130,000000,10.7,11,10.3,10.9,0,0
GRN_PE,D,20200131,000000,10.9,11.1,10.5,10.9,0,0
GRN_PE,D,20200203,000000,11.7,11.7,10.9,11.1,0,0
GRN_PE,D,20200204,000000,11.2,11.5,11,11.3,0,0
GRN_PE,D,20200205,000000,11.1,11.7,10.7,11.3,0,0
GRN_PE,D,20200206,000000,11.5,11.7,10.8,10.9,0,0
GRN_PE,D,20200207,000000,10.9,11.3,10.9,11.3,0,0
GRN_PE,D,20200210,000000,11.3,11.8,11,11.7,0,0
GRN_PE,D,20200211,000000,11.7,11.7,11.4,11.5,0,0
GRN_PE,D,20200212,000000,11.7,11.7,11.1,11.2,0,0
GRN_PE,D,20200213,000000,11.5,11.6,9.7,9.7,0,0
GRN_PE,D,20200214,000000,9.8,9.8,9.6,9.7,0,0
GRN_PE,D,20200217,000000,9.7,10.6,9.7,10.5,0,0
GRN_PE,D,20200218,000000,10.5,10.5,10.1,10.2,0,0
GRN_PE,D,20200219,000000,10.2,10.3,9.6,10,0,0
GRN_PE,D,20200220,000000,10.1,10.1,9.9,10.1,0,0
GRN_PE,D,20200221,000000,10.1,10.1,9.6,9.9,0,0
GRN_PE,D,20200224,000000,9.5,9.5,8.5,8.5,0,0
GRN_PE,D,20200225,000000,8.3,8.4,7.9,8.4,0,0
GRN_PE,D,20200226,000000,8.2,8.9,8,8.6,0,0
GRN_PE,D,20200227,000000,8.4,8.8,7.4,7.8,0,0
GRN_PE,D,20200228,000000,7.4,7.5,6.7,7.1,0,0
GRN_PE,D,20200302,000000,7.5,7.5,7.1,7.3,0,0
GRN_PE,D,20200303,000000,7.6,8.2,7.6,8.2,0,0
GRN_PE,D,20200304,000000,8,8.1,7.5,7.8,0,0
GRN_PE,D,20200305,000000,7.8,8.1,7.3,7.3,0,0
GRN_PE,D,20200306,000000,7.2,7.4,6.8,7.2,0,0
GRN_PE,D,20200309,000000,6.7,6.7,6.1,6.1,0,0
GRN_PE,D,20200310,000000,6.2,6.5,6,6,0,0
GRN_PE,D,20200311,000000,5.9,5.9,5.3,5.3,0,0
GRN_PE,D,20200312,000000,4.9,4.9,4.1,4.2,0,0
GRN_PE,D,20200313,000000,4.3,4.8,4.2,4.2,0,0
GRN_PE,D,20200316,000000,4.1,4.6,3.7,4.6,0,0
GRN_PE,D,20200317,000000,4.6,5.2,4.6,5.2,0,0
GRN_PE,D,20200318,000000,5.2,5.2,4.4,4.4,0,0
GRN_PE,D,20200319,000000,4.5,5,4.4,4.9,0,0
GRN_PE,D,20200320,000000,4.9,5.5,4.8,5.1,0,0
GRN_PE,D,20200323,000000,4.9,5.4,4.7,4.7,0,0
GRN_PE,D,20200324,000000,4.8,5.1,4.7,4.9,0,0
GRN_PE,D,20200325,000000,4.9,5.2,4.8,4.8,0,0
GRN_PE,D,20200326,000000,4.9,4.9,4.7,4.8,0,0
GRN_PE,D,20200327,000000,4.8,4.9,4.7,4.8,0,0
GRN_PE,D,20200330,000000,4.8,4.8,4.6,4.8,0,0
GRN_PE,D,20200331,000000,4.8,5,4.7,4.8,0,0
GRN_PE,D,20200401,000000,4.8,4.9,4.7,4.8,0,0
GRN_PE,D,20200402,000000,4.8,5,4.7,4.8,0,0
GRN_PE,D,20200403,000000,4.9,4.9,4.8,4.8,0,0
GRN_PE,D,20200406,000000,4.8,5.3,4.8,5.2,0,0
GRN_PE,D,20200407,000000,5.3,5.7,5.3,5.6,0,0
GRN_PE,D,20200408,000000,5.7,5.8,5.6,5.6,0,0
GRN_PE,D,20200409,000000,5.6,6.4,5.6,5.9,0,0
GRN_PE,D,20200414,000000,6.1,6.9,6,6.7,0,0
GRN_PE,D,20200415,000000,7,7,6.6,6.8,0,0
GRN_PE,D,20200416,000000,6.8,7,6.6,6.8,0,0
GRN_PE,D,20200417,000000,6.8,6.8,6.3,6.4,0,0
GRN_PE,D,20200420,000000,6.4,6.7,6.4,6.6,0,0
GRN_PE,D,20200421,000000,6.7,6.7,5.9,6.2,0,0
GRN_PE,D,20200422,000000,6.2,6.4,5.9,6.3,0,0
GRN_PE,D,20200423,000000,6.4,6.4,6.2,6.3,0,0
GRN_PE,D,20200424,000000,6.4,6.4,6.2,6.4,0,0
GRN_PE,D,20200427,000000,6.4,6.6,6.2,6.2,0,0
GRN_PE,D,20200428,000000,6.3,6.3,6,6.2,0,0
GRN_PE,D,20200429,000000,6.2,6.5,5.9,6.5,0,0
GRN_PE,D,20200430,000000,6.7,6.9,6.4,6.6,0,0
GRN_PE,D,20200504,000000,6.7,6.7,6.3,6.5,0,0
GRN_PE,D,20200505,000000,6.5,7,6.4,6.5,0,0
GRN_PE,D,20200506,000000,6.5,6.7,6.4,6.4,0,0
GRN_PE,D,20200507,000000,6.5,6.5,6.3,6.4,0,0
GRN_PE,D,20200508,000000,6.4,6.4,6.3,6.4,0,0
GRN_PE,D,20200511,000000,6.5,6.5,6.4,6.4,0,0
GRN_PE,D,20200512,000000,6.4,6.7,6.3,6.7,0,0
GRN_PE,D,20200513,000000,6.7,6.7,6.6,6.6,0,0
GRN_PE,D,20200514,000000,6.5,6.5,6.1,6.3,0,0
GRN_PE,D,20200515,000000,6.2,6.4,6.1,6.2,0,0
GRN_PE,D,20200518,000000,6.2,6.5,6.1,6.5,0,0
GRN_PE,D,20200519,000000,6.5,6.5,6.3,6.4,0,0
GRN_PE,D,20200520,000000,6.4,6.7,6.4,6.5,0,0
GRN_PE,D,20200521,000000,6.6,6.6,6.2,6.4,0,0
GRN_PE,D,20200522,000000,6.4,6.4,6.2,6.3,0,0
GRN_PE,D,20200525,000000,6.3,6.3,6.2,6.3,0,0
GRN_PE,D,20200526,000000,6.5,6.8,6.3,6.8,0,0
GRN_PE,D,20200527,000000,6.9,7.2,6.4,6.5,0,0
GRN_PE,D,20200528,000000,6.5,6.6,6.4,6.5,0,0
GRN_PE,D,20200529,000000,6.5,6.8,6.4,6.5,0,0
GRN_PE,D,20200601,000000,6.5,6.9,6.5,6.9,0,0
GRN_PE,D,20200602,000000,7,7.2,7,7.2,0,0
GRN_PE,D,20200603,000000,7.3,8.1,7.3,7.9,0,0
GRN_PE,D,20200604,000000,7.9,8,7.7,7.8,0,0
GRN_PE,D,20200605,000000,7.5,7.9,7.5,7.8,0,0
GRN_PE,D,20200608,000000,7.9,8.2,7.8,8.1,0,0
GRN_PE,D,20200609,000000,8.2,8.2,7.8,7.9,0,0
GRN_PE,D,20200610,000000,7.9,8.8,7.9,8.8,0,0
GRN_PE,D,20200612,000000,8.5,8.7,8.2,8.6,0,0
GRN_PE,D,20200615,000000,8.4,8.6,8.3,8.5,0,0
GRN_PE,D,20200616,000000,8.5,8.9,8.5,8.8,0,0
GRN_PE,D,20200617,000000,8.8,8.8,8.6,8.7,0,0
GRN_PE,D,20200618,000000,8.6,8.8,8.5,8.6,0,0
GRN_PE,D,20200619,000000,8.7,8.7,8.4,8.6,0,0
GRN_PE,D,20200622,000000,8.6,8.7,8.3,8.7,0,0
GRN_PE,D,20200623,000000,8.7,8.7,8.4,8.5,0,0
GRN_PE,D,20200624,000000,8.6,8.6,8.2,8.4,0,0
GRN_PE,D,20200625,000000,8.3,8.3,8,8.2,0,0
GRN_PE,D,20200626,000000,8.4,8.4,7.9,7.9,0,0
GRN_PE,D,20200629,000000,8.1,8.9,7.7,8.9,0,0
GRN_PE,D,20200630,000000,9.8,9.8,8.9,8.9,0,0
GRN_PE,D,20200701,000000,8.9,9.2,8.8,9.1,0,0
GRN_PE,D,20200702,000000,9.1,9.3,9,9.1,0,0
GRN_PE,D,20200703,000000,9.2,9.5,9.2,9.4,0,0
GRN_PE,D,20200706,000000,9.7,11.2,9.7,10.9,0,0
GRN_PE,D,20200707,000000,11.1,13.5,11.1,12.6,0,0
GRN_PE,D,20200708,000000,13.2,13.5,12.6,12.9,0,0
GRN_PE,D,20200709,000000,13.3,13.3,11.9,12.3,0,0
GRN_PE,D,20200710,000000,12.5,12.9,11.7,12.8,0,0
GRN_PE,D,20200713,000000,13.2,14.4,13.2,14.1,0,0
GRN_PE,D,20200714,000000,14.5,14.5,13.4,13.5,0,0
GRN_PE,D,20200715,000000,13.6,14,12.9,13.3,0,0
GRN_PE,D,20200716,000000,13.4,13.4,12.7,12.8,0,0
GRN_PE,D,20200717,000000,12.9,13,12.6,12.9,0,0
GRN_PE,D,20200720,000000,13.4,13.8,13,13.2,0,0
GRN_PE,D,20200721,000000,13.2,14,12.4,14,0,0
GRN_PE,D,20200722,000000,14.6,16.1,14.6,16,0,0
GRN_PE,D,20200723,000000,23.7,23.7,16,16,0,0
GRN_PE,D,20200724,000000,16.9,17.1,15.9,16.6,0,0
GRN_PE,D,20200727,000000,17.5,21.2,17.5,21.2,0,0
GRN_PE,D,20200728,000000,25.4,25.4,25,25.4,0,0
GRN_PE,D,20200729,000000,26.9,29.4,24.3,25.5,0,0
GRN_PE,D,20200730,000000,25.3,25.8,19.3,19.3,0,0
GRN_PE,D,20200731,000000,19.3,22.4,19.3,22.4,0,0
GRN_PE,D,20200803,000000,24.7,25.2,23.2,24.6,0,0
GRN_PE,D,20200804,000000,24.7,24.7,21.2,22.8,0,0
GRN_PE,D,20200805,000000,22.9,23.1,21.2,22.8,0,0
GRN_PE,D,20200806,000000,24.9,26.7,23.9,25.4,0,0
GRN_PE,D,20200807,000000,24.7,24.7,22.2,23.4,0,0
GRN_PE,D,20200810,000000,24,24.6,23.9,24.2,0,0
GRN_PE,D,20200811,000000,24.5,24.5,22.2,23.7,0,0
GRN_PE,D,20200812,000000,23.7,23.7,21.2,21.2,0,0
GRN_PE,D,20200813,000000,21.9,23.1,15.1,15.1,0,0
GRN_PE,D,20200814,000000,15.3,15.3,14.5,14.8,0,0
GRN_PE,D,20200817,000000,14.9,14.9,14.1,14.4,0,0
GRN_PE,D,20200818,000000,14.1,14.1,12.8,13,0,0
GRN_PE,D,20200819,000000,13.2,16.5,13.2,16.5,0,0
GRN_PE,D,20200820,000000,16.1,17.5,15.7,16.9,0,0
GRN_PE,D,20200821,000000,17,17,16.1,16.1,0,0
