<TICKER>,<PER>,<DATE>,<TIME>,<OPEN>,<HIGH>,<LOW>,<CLOSE>,<VOL>,<OPENINT>
IDA_PE,D,20150429,000000,8.6,8.6,8.6,8.6,0,0
IDA_PE,D,20150430,000000,8.6,8.8,8.6,8.6,0,0
IDA_PE,D,20150504,000000,8.5,8.9,8.5,8.8,0,0
IDA_PE,D,20150505,000000,8.7,8.8,8.7,8.8,0,0
IDA_PE,D,20150506,000000,8.8,9.1,8.7,9.1,0,0
IDA_PE,D,20150507,000000,9.3,9.3,8.1,8.1,0,0
IDA_PE,D,20150508,000000,8.1,8.1,8,8,0,0
IDA_PE,D,20150511,000000,8,8,7.9,8,0,0
IDA_PE,D,20150512,000000,8,8,7.5,8,0,0
IDA_PE,D,20150513,000000,7.9,8,7.8,8,0,0
IDA_PE,D,20150514,000000,8,8.1,7.8,8,0,0
IDA_PE,D,20150515,000000,8,8.2,7.8,8.2,0,0
IDA_PE,D,20150518,000000,8.2,8.2,7.9,7.9,0,0
IDA_PE,D,20150519,000000,7.8,8.1,7.8,8.1,0,0
IDA_PE,D,20150520,000000,8.2,8.2,7.9,8,0,0
IDA_PE,D,20150521,000000,7.9,8,7.9,8,0,0
IDA_PE,D,20150522,000000,8,8,7.9,8,0,0
IDA_PE,D,20150525,000000,7.8,8,7.8,8,0,0
IDA_PE,D,20150526,000000,7.9,8,7.8,7.8,0,0
IDA_PE,D,20150527,000000,7.7,7.9,7.7,7.9,0,0
IDA_PE,D,20150528,000000,7.9,8,7.8,8,0,0
IDA_PE,D,20150529,000000,7.8,8,7.8,8,0,0
IDA_PE,D,20150601,000000,7.9,8,7.8,8,0,0
IDA_PE,D,20150602,000000,8,8,7.8,8,0,0
IDA_PE,D,20150603,000000,8,8,7.8,7.9,0,0
IDA_PE,D,20150605,000000,7.8,7.8,7.6,7.6,0,0
IDA_PE,D,20150608,000000,7.6,7.6,7.3,7.6,0,0
IDA_PE,D,20150609,000000,7.6,7.6,7.6,7.6,0,0
IDA_PE,D,20150610,000000,7.4,7.5,7.3,7.5,0,0
IDA_PE,D,20150611,000000,7.5,7.5,7.3,7.5,0,0
IDA_PE,D,20150612,000000,7.3,7.6,7.3,7.6,0,0
IDA_PE,D,20150615,000000,7.4,7.6,7.4,7.6,0,0
IDA_PE,D,20150616,000000,7.4,7.6,7.4,7.5,0,0
IDA_PE,D,20150617,000000,7.4,7.5,7.4,7.5,0,0
IDA_PE,D,20150618,000000,7.5,7.5,7,7.3,0,0
IDA_PE,D,20150619,000000,7.3,7.3,7.2,7.3,0,0
IDA_PE,D,20150622,000000,7.1,7.3,7.1,7.3,0,0
IDA_PE,D,20150623,000000,7.3,7.4,7.2,7.3,0,0
IDA_PE,D,20150624,000000,7.4,7.5,7.4,7.4,0,0
IDA_PE,D,20150625,000000,7.5,7.6,7.4,7.5,0,0
IDA_PE,D,20150626,000000,7.5,7.5,7.3,7.5,0,0
IDA_PE,D,20150629,000000,7.2,7.5,7.1,7.5,0,0
IDA_PE,D,20150630,000000,7.4,7.6,7.4,7.5,0,0
IDA_PE,D,20150701,000000,7.3,7.6,7.3,7.5,0,0
IDA_PE,D,20150702,000000,7.5,7.5,7.4,7.5,0,0
IDA_PE,D,20150703,000000,7.5,7.5,7.5,7.5,0,0
IDA_PE,D,20150706,000000,7.4,7.5,7.3,7.4,0,0
IDA_PE,D,20150707,000000,7.3,7.4,7.2,7.4,0,0
IDA_PE,D,20150708,000000,7.3,7.3,7.2,7.2,0,0
IDA_PE,D,20150709,000000,7.1,7.2,6.9,7.2,0,0
IDA_PE,D,20150710,000000,7.2,7.4,7.2,7.4,0,0
IDA_PE,D,20150713,000000,7.4,7.4,7.4,7.4,0,0
IDA_PE,D,20150714,000000,7.2,7.4,7.2,7.4,0,0
IDA_PE,D,20150715,000000,7.2,7.4,7.2,7.4,0,0
IDA_PE,D,20150716,000000,7.4,7.4,7.4,7.4,0,0
IDA_PE,D,20150717,000000,7.2,7.5,7.2,7.4,0,0
IDA_PE,D,20150720,000000,7.4,7.4,7.4,7.4,0,0
IDA_PE,D,20150721,000000,7.4,7.4,7.4,7.4,0,0
IDA_PE,D,20150722,000000,7.3,7.4,7.1,7.4,0,0
IDA_PE,D,20150723,000000,7.1,7.3,7.1,7.2,0,0
IDA_PE,D,20150724,000000,7,7.2,7,7.2,0,0
IDA_PE,D,20150727,000000,7.2,7.2,7,7.2,0,0
IDA_PE,D,20150728,000000,7.2,7.3,7.2,7.3,0,0
IDA_PE,D,20150729,000000,7.4,7.4,5.6,5.6,0,0
IDA_PE,D,20150730,000000,5.6,5.7,5.6,5.7,0,0
IDA_PE,D,20150731,000000,5.7,5.7,5.7,5.7,0,0
IDA_PE,D,20150803,000000,5.7,5.7,5.7,5.7,0,0
IDA_PE,D,20150804,000000,5.7,5.7,5.7,5.7,0,0
IDA_PE,D,20150805,000000,5.7,5.7,5.7,5.7,0,0
IDA_PE,D,20150806,000000,5.5,5.7,5.5,5.6,0,0
IDA_PE,D,20150807,000000,5.5,5.7,5.5,5.7,0,0
IDA_PE,D,20150810,000000,5.7,5.7,5.6,5.6,0,0
IDA_PE,D,20150811,000000,5.7,5.7,5.6,5.6,0,0
IDA_PE,D,20150812,000000,5.6,5.6,5.6,5.6,0,0
IDA_PE,D,20150813,000000,5.6,5.6,5.6,5.6,0,0
IDA_PE,D,20150814,000000,5.6,5.6,5.6,5.6,0,0
IDA_PE,D,20150817,000000,5.6,5.6,5.6,5.6,0,0
IDA_PE,D,20150818,000000,5.5,5.6,5.5,5.6,0,0
IDA_PE,D,20150819,000000,5.3,5.7,5.3,5.7,0,0
IDA_PE,D,20150820,000000,5.6,5.7,5.6,5.7,0,0
IDA_PE,D,20150821,000000,5.7,5.7,5.6,5.6,0,0
IDA_PE,D,20150824,000000,5.3,5.5,5.3,5.5,0,0
IDA_PE,D,20150825,000000,5.5,5.5,5.5,5.5,0,0
IDA_PE,D,20150826,000000,5.3,5.5,5.3,5.5,0,0
IDA_PE,D,20150827,000000,5.5,5.5,5.5,5.5,0,0
IDA_PE,D,20150828,000000,5.5,5.5,5.5,5.5,0,0
IDA_PE,D,20150831,000000,5.5,5.7,5.5,5.7,0,0
IDA_PE,D,20150901,000000,5.5,5.6,5.5,5.6,0,0
IDA_PE,D,20150902,000000,5.5,5.6,5.5,5.6,0,0
IDA_PE,D,20150903,000000,5.6,5.6,5.6,5.6,0,0
IDA_PE,D,20150904,000000,5.5,5.6,5.5,5.6,0,0
IDA_PE,D,20150907,000000,5.6,5.6,5.6,5.6,0,0
IDA_PE,D,20150908,000000,5.5,5.7,5.5,5.7,0,0
IDA_PE,D,20150909,000000,5.5,5.7,5.5,5.6,0,0
IDA_PE,D,20150910,000000,5.6,5.6,5.6,5.6,0,0
IDA_PE,D,20150911,000000,5.5,5.6,5.5,5.6,0,0
IDA_PE,D,20150914,000000,5.5,5.6,5.5,5.6,0,0
IDA_PE,D,20150915,000000,5.5,5.7,5.5,5.6,0,0
IDA_PE,D,20150916,000000,5.5,5.5,5.4,5.5,0,0
IDA_PE,D,20150917,000000,5.5,5.6,5.5,5.6,0,0
IDA_PE,D,20150918,000000,5.5,5.6,5.5,5.6,0,0
IDA_PE,D,20150921,000000,5.6,5.6,5.5,5.6,0,0
IDA_PE,D,20150922,000000,5.5,5.6,5.5,5.6,0,0
IDA_PE,D,20150924,000000,5.4,5.5,5.4,5.5,0,0
IDA_PE,D,20150925,000000,5.5,5.5,5.5,5.5,0,0
IDA_PE,D,20150928,000000,5.5,5.6,5.4,5.6,0,0
IDA_PE,D,20150929,000000,5.6,5.7,5.6,5.6,0,0
IDA_PE,D,20150930,000000,5.6,5.7,5.6,5.7,0,0
IDA_PE,D,20151001,000000,5.5,5.6,5.5,5.6,0,0
IDA_PE,D,20151002,000000,5.5,5.6,5.5,5.6,0,0
IDA_PE,D,20151005,000000,5.5,5.6,5.5,5.6,0,0
IDA_PE,D,20151006,000000,5.5,5.6,5.5,5.6,0,0
IDA_PE,D,20151007,000000,5.6,5.6,5.5,5.6,0,0
IDA_PE,D,20151008,000000,5.6,5.6,5.6,5.6,0,0
IDA_PE,D,20151009,000000,5.5,5.7,5.5,5.7,0,0
IDA_PE,D,20151012,000000,5.7,5.7,5.6,5.6,0,0
IDA_PE,D,20151013,000000,5.6,5.6,5.6,5.6,0,0
IDA_PE,D,20151014,000000,5.5,5.6,5.5,5.6,0,0
IDA_PE,D,20151015,000000,5.6,5.6,5.6,5.6,0,0
IDA_PE,D,20151016,000000,5.6,5.6,5.6,5.6,0,0
IDA_PE,D,20151019,000000,5.6,5.6,5.6,5.6,0,0
IDA_PE,D,20151020,000000,5.6,5.6,5.6,5.6,0,0
IDA_PE,D,20151021,000000,5.6,5.6,5.6,5.6,0,0
IDA_PE,D,20151023,000000,5.5,5.6,5.5,5.6,0,0
IDA_PE,D,20151026,000000,5.5,5.6,5.5,5.6,0,0
IDA_PE,D,20151027,000000,5.5,5.6,5.5,5.6,0,0
IDA_PE,D,20151028,000000,5.5,6.3,5.5,6.3,0,0
IDA_PE,D,20151029,000000,6.3,6.4,6.2,6.3,0,0
IDA_PE,D,20151030,000000,6.3,6.4,6.3,6.3,0,0
IDA_PE,D,20151102,000000,6.3,6.3,6.3,6.3,0,0
IDA_PE,D,20151103,000000,6.2,6.3,6.1,6.3,0,0
IDA_PE,D,20151104,000000,6.3,6.3,6.3,6.3,0,0
IDA_PE,D,20151105,000000,6.2,6.3,6.2,6.3,0,0
IDA_PE,D,20151106,000000,6.3,6.3,6.3,6.3,0,0
IDA_PE,D,20151109,000000,6.3,6.3,6.1,6.1,0,0
IDA_PE,D,20151110,000000,6.1,6.1,6.1,6.1,0,0
IDA_PE,D,20151112,000000,6,6.1,6,6.1,0,0
IDA_PE,D,20151113,000000,6,6.1,6,6.1,0,0
IDA_PE,D,20151116,000000,6.1,6.1,6.1,6.1,0,0
IDA_PE,D,20151117,000000,6.1,6.1,6.1,6.1,0,0
IDA_PE,D,20151118,000000,6.1,6.2,6.1,6.2,0,0
IDA_PE,D,20151119,000000,6.1,6.2,6.1,6.2,0,0
IDA_PE,D,20151120,000000,6.2,6.2,6.1,6.2,0,0
IDA_PE,D,20151123,000000,6.1,6.1,6.1,6.1,0,0
IDA_PE,D,20151124,000000,6.1,6.1,6.1,6.1,0,0
IDA_PE,D,20151125,000000,6.1,6.1,6.1,6.1,0,0
IDA_PE,D,20151126,000000,6.1,6.3,6.1,6.3,0,0
IDA_PE,D,20151127,000000,6.1,6.3,6.1,6.3,0,0
IDA_PE,D,20151130,000000,6.2,6.3,6.2,6.3,0,0
IDA_PE,D,20151201,000000,6.3,6.3,6.1,6.3,0,0
IDA_PE,D,20151202,000000,6.3,6.3,6.2,6.3,0,0
IDA_PE,D,20151203,000000,6.2,6.3,6.1,6.3,0,0
IDA_PE,D,20151204,000000,6.3,6.3,6,6.2,0,0
IDA_PE,D,20151207,000000,6.2,6.2,6.2,6.2,0,0
IDA_PE,D,20151208,000000,6.2,6.2,6.2,6.2,0,0
IDA_PE,D,20151209,000000,6.1,6.2,6,6.2,0,0
IDA_PE,D,20151210,000000,6.2,6.2,6,6.2,0,0
IDA_PE,D,20151211,000000,6.2,6.2,6.1,6.1,0,0
IDA_PE,D,20151214,000000,6.1,6.1,6,6.1,0,0
IDA_PE,D,20151215,000000,5.9,6.2,5.9,6.2,0,0
IDA_PE,D,20151216,000000,6.2,6.2,6.1,6.2,0,0
IDA_PE,D,20151217,000000,6.1,6.3,6.1,6.3,0,0
IDA_PE,D,20151218,000000,6.3,6.3,6.3,6.3,0,0
IDA_PE,D,20151221,000000,6.3,6.3,6.1,6.3,0,0
IDA_PE,D,20151222,000000,6.2,6.3,6.2,6.2,0,0
IDA_PE,D,20151223,000000,6.1,6.3,6.1,6.3,0,0
IDA_PE,D,20151228,000000,6.3,6.3,6.2,6.2,0,0
IDA_PE,D,20151229,000000,6.2,6.2,6,6.2,0,0
IDA_PE,D,20151230,000000,6.3,6.3,6.1,6.2,0,0
IDA_PE,D,20160104,000000,6.1,6.2,6.1,6.2,0,0
IDA_PE,D,20160105,000000,6.2,6.2,6.1,6.1,0,0
IDA_PE,D,20160107,000000,6.3,6.3,6,6.2,0,0
IDA_PE,D,20160108,000000,6.2,6.2,6.1,6.1,0,0
IDA_PE,D,20160111,000000,6.2,6.2,6.1,6.2,0,0
IDA_PE,D,20160112,000000,6.1,6.3,6.1,6.2,0,0
IDA_PE,D,20160113,000000,6.3,6.3,6.3,6.3,0,0
IDA_PE,D,20160114,000000,6.3,6.3,6.2,6.2,0,0
IDA_PE,D,20160115,000000,6.3,6.3,6.2,6.2,0,0
IDA_PE,D,20160118,000000,6.1,6.2,6.1,6.2,0,0
IDA_PE,D,20160119,000000,6.2,6.2,6,6.2,0,0
IDA_PE,D,20160120,000000,6.2,6.2,6,6.2,0,0
IDA_PE,D,20160121,000000,6.2,6.2,5.9,6,0,0
IDA_PE,D,20160122,000000,6.1,6.2,5.9,6.1,0,0
IDA_PE,D,20160125,000000,6.2,6.2,6.1,6.1,0,0
IDA_PE,D,20160126,000000,6.1,6.1,6.1,6.1,0,0
IDA_PE,D,20160127,000000,6,6,5.9,6,0,0
IDA_PE,D,20160128,000000,6.2,6.2,6,6,0,0
IDA_PE,D,20160129,000000,6,6,5.9,5.9,0,0
IDA_PE,D,20160201,000000,5.9,6,5.9,6,0,0
IDA_PE,D,20160202,000000,6,6,5.9,5.9,0,0
IDA_PE,D,20160203,000000,5.9,5.9,5.8,5.9,0,0
IDA_PE,D,20160204,000000,5.9,5.9,5.8,5.9,0,0
IDA_PE,D,20160205,000000,5.8,5.9,5.8,5.9,0,0
IDA_PE,D,20160208,000000,5.9,5.9,5.6,5.7,0,0
IDA_PE,D,20160209,000000,5.7,5.7,5.4,5.7,0,0
IDA_PE,D,20160210,000000,5.7,5.9,5.6,5.9,0,0
IDA_PE,D,20160211,000000,5.9,5.9,5.6,5.6,0,0
IDA_PE,D,20160212,000000,5.9,5.9,5.5,5.5,0,0
IDA_PE,D,20160215,000000,5.6,5.6,5.5,5.6,0,0
IDA_PE,D,20160216,000000,5.6,5.6,5.4,5.6,0,0
IDA_PE,D,20160217,000000,5.4,5.8,5.4,5.8,0,0
IDA_PE,D,20160218,000000,5.8,5.9,5.8,5.9,0,0
IDA_PE,D,20160219,000000,6,6,5.9,6,0,0
IDA_PE,D,20160222,000000,5.9,6,5.8,6,0,0
IDA_PE,D,20160223,000000,6,6,6,6,0,0
IDA_PE,D,20160224,000000,6,6,5.9,5.9,0,0
IDA_PE,D,20160225,000000,5.9,6,5.8,6,0,0
IDA_PE,D,20160226,000000,6,6,6,6,0,0
IDA_PE,D,20160229,000000,6,6,6,6,0,0
IDA_PE,D,20160301,000000,6,6,6,6,0,0
IDA_PE,D,20160302,000000,6,6,6,6,0,0
IDA_PE,D,20160303,000000,6,6,5.7,5.9,0,0
IDA_PE,D,20160304,000000,6,6,5.8,6,0,0
IDA_PE,D,20160307,000000,6,6.1,5.8,6.1,0,0
IDA_PE,D,20160308,000000,6.2,6.2,5.9,6.1,0,0
IDA_PE,D,20160309,000000,6.1,6.1,5.9,6.1,0,0
IDA_PE,D,20160310,000000,6.1,6.1,5.9,5.9,0,0
IDA_PE,D,20160311,000000,5.9,6,5.8,5.8,0,0
IDA_PE,D,20160314,000000,5.9,5.9,5.9,5.9,0,0
IDA_PE,D,20160315,000000,5.9,6.1,5.9,6,0,0
IDA_PE,D,20160316,000000,6.2,6.2,5.8,5.9,0,0
IDA_PE,D,20160317,000000,5.9,6.1,5.9,6,0,0
IDA_PE,D,20160318,000000,5.9,6,5.9,6,0,0
IDA_PE,D,20160321,000000,6.1,6.1,6,6,0,0
IDA_PE,D,20160322,000000,6.1,6.1,5.9,5.9,0,0
IDA_PE,D,20160323,000000,6.1,6.2,5.9,6.2,0,0
IDA_PE,D,20160324,000000,6,6.2,6,6.2,0,0
IDA_PE,D,20160329,000000,6.2,6.2,6,6.1,0,0
IDA_PE,D,20160330,000000,6.1,6.2,6,6.2,0,0
IDA_PE,D,20160331,000000,6.2,6.2,6.1,6.2,0,0
IDA_PE,D,20160401,000000,6.2,6.2,6.2,6.2,0,0
IDA_PE,D,20160404,000000,6.3,6.3,6.1,6.1,0,0
IDA_PE,D,20160405,000000,6.1,6.1,6,6.1,0,0
IDA_PE,D,20160406,000000,6.1,6.1,6,6.1,0,0
IDA_PE,D,20160407,000000,6.1,6.1,6.1,6.1,0,0
IDA_PE,D,20160408,000000,6.1,6.1,6.1,6.1,0,0
IDA_PE,D,20160411,000000,6.1,6.1,6.1,6.1,0,0
IDA_PE,D,20160412,000000,6.1,6.1,6.1,6.1,0,0
IDA_PE,D,20160413,000000,6.1,6.1,6.1,6.1,0,0
IDA_PE,D,20160414,000000,6.1,6.1,6,6.1,0,0
IDA_PE,D,20160415,000000,6.1,6.1,6,6.1,0,0
IDA_PE,D,20160418,000000,6,6.2,6,6.2,0,0
IDA_PE,D,20160419,000000,6.2,6.2,6.1,6.1,0,0
IDA_PE,D,20160420,000000,6.2,6.2,6.1,6.1,0,0
IDA_PE,D,20160421,000000,6.1,6.1,6.1,6.1,0,0
IDA_PE,D,20160422,000000,6.1,6.1,6,6.1,0,0
IDA_PE,D,20160425,000000,6.1,6.1,6.1,6.1,0,0
IDA_PE,D,20160426,000000,6.1,6.1,6.1,6.1,0,0
IDA_PE,D,20160427,000000,6.1,6.1,6.1,6.1,0,0
IDA_PE,D,20160428,000000,6.1,6.1,6,6.1,0,0
IDA_PE,D,20160429,000000,6.2,6.2,6,6,0,0
IDA_PE,D,20160502,000000,6.1,6.1,5.9,6.1,0,0
IDA_PE,D,20160504,000000,6.1,6.1,6.1,6.1,0,0
IDA_PE,D,20160505,000000,6.1,6.1,5.7,5.7,0,0
IDA_PE,D,20160506,000000,5.7,5.7,5.6,5.7,0,0
IDA_PE,D,20160509,000000,5.7,5.7,5.7,5.7,0,0
IDA_PE,D,20160510,000000,5.7,5.7,5.6,5.6,0,0
IDA_PE,D,20160511,000000,5.6,5.7,5.5,5.7,0,0
IDA_PE,D,20160512,000000,5.7,5.7,5.6,5.6,0,0
IDA_PE,D,20160513,000000,5.6,5.7,5.5,5.7,0,0
IDA_PE,D,20160516,000000,5.7,5.7,5.5,5.7,0,0
IDA_PE,D,20160517,000000,5.7,5.7,5.7,5.7,0,0
IDA_PE,D,20160518,000000,5.7,5.7,5.5,5.5,0,0
IDA_PE,D,20160519,000000,5.6,5.7,5.6,5.7,0,0
IDA_PE,D,20160520,000000,5.7,5.7,5.7,5.7,0,0
IDA_PE,D,20160523,000000,5.7,5.8,5.6,5.8,0,0
IDA_PE,D,20160524,000000,5.8,5.8,5.7,5.8,0,0
IDA_PE,D,20160525,000000,5.8,5.8,5.8,5.8,0,0
IDA_PE,D,20160527,000000,5.8,5.8,5.7,5.8,0,0
IDA_PE,D,20160530,000000,5.5,5.8,5.5,5.8,0,0
IDA_PE,D,20160531,000000,5.8,5.8,5.8,5.8,0,0
IDA_PE,D,20160601,000000,5.7,5.7,5.7,5.7,0,0
IDA_PE,D,20160602,000000,5.8,5.8,5.6,5.6,0,0
IDA_PE,D,20160603,000000,5.8,5.8,5.8,5.8,0,0
IDA_PE,D,20160606,000000,5.8,5.8,5.8,5.8,0,0
IDA_PE,D,20160607,000000,5.8,5.8,5.6,5.7,0,0
IDA_PE,D,20160608,000000,5.7,5.7,5.7,5.7,0,0
IDA_PE,D,20160609,000000,5.7,5.7,5.6,5.6,0,0
IDA_PE,D,20160610,000000,5.7,5.7,5.6,5.6,0,0
IDA_PE,D,20160613,000000,5.6,5.6,5.5,5.6,0,0
IDA_PE,D,20160614,000000,5.6,5.6,5.5,5.5,0,0
IDA_PE,D,20160615,000000,5.5,5.7,5.5,5.6,0,0
IDA_PE,D,20160616,000000,5.6,5.6,5.4,5.5,0,0
IDA_PE,D,20160617,000000,5.5,5.5,5.3,5.5,0,0
IDA_PE,D,20160620,000000,5.5,5.8,5.5,5.7,0,0
IDA_PE,D,20160621,000000,5.5,5.7,5.5,5.6,0,0
IDA_PE,D,20160622,000000,5.4,5.6,5.4,5.6,0,0
IDA_PE,D,20160623,000000,5.4,5.7,5.4,5.7,0,0
IDA_PE,D,20160624,000000,5.3,5.6,5.3,5.6,0,0
IDA_PE,D,20160627,000000,5.2,5.6,5.2,5.6,0,0
IDA_PE,D,20160628,000000,5.6,5.6,5.6,5.6,0,0
IDA_PE,D,20160629,000000,5.6,5.6,5.6,5.6,0,0
IDA_PE,D,20160630,000000,5.5,5.8,5.4,5.7,0,0
IDA_PE,D,20160701,000000,5.7,5.7,5.6,5.6,0,0
IDA_PE,D,20160704,000000,5.7,5.7,5.4,5.7,0,0
IDA_PE,D,20160705,000000,5.7,5.7,5.7,5.7,0,0
IDA_PE,D,20160706,000000,5.7,5.7,5.7,5.7,0,0
IDA_PE,D,20160707,000000,5.7,5.7,5.7,5.7,0,0
IDA_PE,D,20160708,000000,5.7,5.7,5.7,5.7,0,0
IDA_PE,D,20160711,000000,5.7,5.7,5.5,5.7,0,0
IDA_PE,D,20160712,000000,5.7,5.7,5.5,5.6,0,0
IDA_PE,D,20160713,000000,5.7,5.7,5.7,5.7,0,0
IDA_PE,D,20160714,000000,5.7,5.7,5.6,5.7,0,0
IDA_PE,D,20160715,000000,5.7,5.7,5.5,5.6,0,0
IDA_PE,D,20160718,000000,5.8,5.8,5.4,5.7,0,0
IDA_PE,D,20160719,000000,5.7,5.7,5.7,5.7,0,0
IDA_PE,D,20160720,000000,5.7,5.7,5.7,5.7,0,0
IDA_PE,D,20160721,000000,5.7,5.7,5.6,5.6,0,0
IDA_PE,D,20160722,000000,5.7,5.7,5.6,5.7,0,0
IDA_PE,D,20160725,000000,5.7,5.7,5.7,5.7,0,0
IDA_PE,D,20160726,000000,5.7,5.7,5.6,5.7,0,0
IDA_PE,D,20160727,000000,5.7,5.7,5.7,5.7,0,0
IDA_PE,D,20160728,000000,5.7,5.7,5.6,5.7,0,0
IDA_PE,D,20160729,000000,5.7,5.7,5.7,5.7,0,0
IDA_PE,D,20160801,000000,5.6,5.7,5.6,5.7,0,0
IDA_PE,D,20160802,000000,5.7,5.7,5.7,5.7,0,0
IDA_PE,D,20160803,000000,5.7,5.7,5.7,5.7,0,0
IDA_PE,D,20160804,000000,5.7,5.8,3.8,3.8,0,0
IDA_PE,D,20160805,000000,3.9,3.9,3.8,3.9,0,0
IDA_PE,D,20160808,000000,3.9,3.9,3.8,3.9,0,0
IDA_PE,D,20160809,000000,3.9,3.9,3.9,3.9,0,0
IDA_PE,D,20160810,000000,3.9,3.9,3.8,3.8,0,0
IDA_PE,D,20160811,000000,3.9,3.9,3.8,3.8,0,0
IDA_PE,D,20160812,000000,3.8,3.9,3.7,3.9,0,0
IDA_PE,D,20160816,000000,3.8,3.9,3.8,3.9,0,0
IDA_PE,D,20160817,000000,3.9,3.9,3.8,3.9,0,0
IDA_PE,D,20160818,000000,3.9,3.9,3.9,3.9,0,0
IDA_PE,D,20160819,000000,3.9,3.9,3.9,3.9,0,0
IDA_PE,D,20160822,000000,3.9,3.9,3.8,3.8,0,0
IDA_PE,D,20160823,000000,3.9,3.9,3.8,3.8,0,0
IDA_PE,D,20160824,000000,3.8,3.8,3.7,3.8,0,0
IDA_PE,D,20160825,000000,3.8,3.8,3.7,3.8,0,0
IDA_PE,D,20160826,000000,3.8,3.9,3.7,3.9,0,0
IDA_PE,D,20160829,000000,3.8,3.8,3.7,3.7,0,0
IDA_PE,D,20160830,000000,3.8,3.8,3.8,3.8,0,0
IDA_PE,D,20160831,000000,3.8,3.8,3.7,3.8,0,0
IDA_PE,D,20160901,000000,3.8,3.8,3.7,3.8,0,0
IDA_PE,D,20160902,000000,3.8,3.8,3.7,3.8,0,0
IDA_PE,D,20160905,000000,3.8,3.8,3.8,3.8,0,0
IDA_PE,D,20160906,000000,3.8,3.8,3.7,3.8,0,0
IDA_PE,D,20160907,000000,3.8,3.8,3.7,3.8,0,0
IDA_PE,D,20160908,000000,3.8,3.8,3.7,3.8,0,0
IDA_PE,D,20160909,000000,3.8,3.8,3.7,3.8,0,0
IDA_PE,D,20160912,000000,3.8,3.8,3.7,3.8,0,0
IDA_PE,D,20160913,000000,3.7,3.8,3.7,3.7,0,0
IDA_PE,D,20160914,000000,3.8,3.8,3.8,3.8,0,0
IDA_PE,D,20160915,000000,3.8,3.8,3.8,3.8,0,0
IDA_PE,D,20160916,000000,3.8,3.8,3.8,3.8,0,0
IDA_PE,D,20160919,000000,3.8,3.8,3.7,3.8,0,0
IDA_PE,D,20160920,000000,3.8,3.8,3.7,3.8,0,0
IDA_PE,D,20160921,000000,3.8,3.8,3.7,3.7,0,0
IDA_PE,D,20160922,000000,3.6,3.7,3.6,3.7,0,0
IDA_PE,D,20160923,000000,3.6,3.7,3.6,3.7,0,0
IDA_PE,D,20160926,000000,3.7,3.7,3.6,3.7,0,0
IDA_PE,D,20160927,000000,3.6,3.7,3.6,3.7,0,0
IDA_PE,D,20160928,000000,3.7,3.7,3.6,3.7,0,0
IDA_PE,D,20160929,000000,3.6,3.7,3.6,3.7,0,0
IDA_PE,D,20160930,000000,3.7,3.7,3.7,3.7,0,0
IDA_PE,D,20161003,000000,3.7,3.7,3.6,3.6,0,0
IDA_PE,D,20161004,000000,3.6,3.6,3.6,3.6,0,0
IDA_PE,D,20161005,000000,3.6,3.6,3.6,3.6,0,0
IDA_PE,D,20161006,000000,3.6,3.6,3.6,3.6,0,0
IDA_PE,D,20161007,000000,3.6,3.6,3.6,3.6,0,0
IDA_PE,D,20161010,000000,3.6,3.7,3.6,3.7,0,0
IDA_PE,D,20161011,000000,3.7,3.7,3.6,3.6,0,0
IDA_PE,D,20161012,000000,3.6,3.6,3.6,3.6,0,0
IDA_PE,D,20161013,000000,3.6,3.6,3.6,3.6,0,0
IDA_PE,D,20161014,000000,3.6,3.6,3.5,3.6,0,0
IDA_PE,D,20161017,000000,3.6,3.7,3.6,3.7,0,0
IDA_PE,D,20161018,000000,3.7,3.7,3.6,3.6,0,0
IDA_PE,D,20161019,000000,3.6,3.6,3.5,3.5,0,0
IDA_PE,D,20161020,000000,3.6,3.9,3.5,3.9,0,0
IDA_PE,D,20161021,000000,4,4.1,3.9,4,0,0
IDA_PE,D,20161024,000000,4,4.1,4,4,0,0
IDA_PE,D,20161025,000000,4,4.1,4,4,0,0
IDA_PE,D,20161026,000000,3.9,4,3.9,4,0,0
IDA_PE,D,20161027,000000,4,4,4,4,0,0
IDA_PE,D,20161028,000000,4,4.1,4,4.1,0,0
IDA_PE,D,20161031,000000,4,4.1,4,4.1,0,0
IDA_PE,D,20161102,000000,4.1,4.2,4,4.2,0,0
IDA_PE,D,20161103,000000,4.2,4.2,4.2,4.2,0,0
IDA_PE,D,20161104,000000,4.2,4.2,4.2,4.2,0,0
IDA_PE,D,20161107,000000,4.2,4.2,4.2,4.2,0,0
IDA_PE,D,20161108,000000,4.2,4.2,4.2,4.2,0,0
IDA_PE,D,20161109,000000,4.2,4.2,4.2,4.2,0,0
IDA_PE,D,20161110,000000,4.2,4.2,4.1,4.1,0,0
IDA_PE,D,20161114,000000,4.1,4.1,4.1,4.1,0,0
IDA_PE,D,20161115,000000,4.1,4.1,4.1,4.1,0,0
IDA_PE,D,20161116,000000,4.1,4.1,4,4.1,0,0
IDA_PE,D,20161117,000000,4.1,4.1,4.1,4.1,0,0
IDA_PE,D,20161118,000000,4.1,4.1,4,4.1,0,0
IDA_PE,D,20161121,000000,4.1,4.1,3.8,4,0,0
IDA_PE,D,20161122,000000,3.9,4.2,3.9,4,0,0
IDA_PE,D,20161123,000000,4,4.1,4,4.1,0,0
IDA_PE,D,20161124,000000,4.1,4.1,4,4,0,0
IDA_PE,D,20161125,000000,4.1,4.1,4,4,0,0
IDA_PE,D,20161128,000000,4,4.1,4,4,0,0
IDA_PE,D,20161129,000000,4,4,3.9,4,0,0
IDA_PE,D,20161130,000000,4,4,4,4,0,0
IDA_PE,D,20161201,000000,4,4,4,4,0,0
IDA_PE,D,20161202,000000,3.9,4.1,3.9,4.1,0,0
IDA_PE,D,20161205,000000,4.1,4.1,4.1,4.1,0,0
IDA_PE,D,20161206,000000,4.1,4.1,4,4,0,0
IDA_PE,D,20161207,000000,4,4,3.9,4,0,0
IDA_PE,D,20161208,000000,4,4.1,4,4,0,0
IDA_PE,D,20161209,000000,4.1,4.1,4.1,4.1,0,0
IDA_PE,D,20161212,000000,4.1,4.1,4,4.1,0,0
IDA_PE,D,20161213,000000,4.1,4.1,4,4,0,0
IDA_PE,D,20161214,000000,4.1,4.1,4,4.1,0,0
IDA_PE,D,20161215,000000,4.1,4.1,4.1,4.1,0,0
IDA_PE,D,20161216,000000,4.1,4.1,4,4.1,0,0
IDA_PE,D,20161219,000000,4.1,4.1,4.1,4.1,0,0
IDA_PE,D,20161220,000000,4.1,4.1,4,4,0,0
IDA_PE,D,20161221,000000,4,4,4,4,0,0
IDA_PE,D,20161222,000000,4,4,3.9,4,0,0
IDA_PE,D,20161223,000000,4.1,4.1,4,4.1,0,0
IDA_PE,D,20161227,000000,4.1,4.1,4,4.1,0,0
IDA_PE,D,20161228,000000,4.1,4.2,4.1,4.2,0,0
IDA_PE,D,20161229,000000,4.2,4.2,4.1,4.1,0,0
IDA_PE,D,20161230,000000,4,4,3.9,3.9,0,0
IDA_PE,D,20170102,000000,3.9,4.1,3.9,4.1,0,0
IDA_PE,D,20170103,000000,3.9,4.2,3.9,4.2,0,0
IDA_PE,D,20170104,000000,4.2,4.2,4.1,4.1,0,0
IDA_PE,D,20170105,000000,4.2,4.2,4.1,4.1,0,0
IDA_PE,D,20170109,000000,4.1,4.1,4,4.1,0,0
IDA_PE,D,20170110,000000,4.1,4.1,4,4.1,0,0
IDA_PE,D,20170111,000000,4,4.1,4,4.1,0,0
IDA_PE,D,20170112,000000,4.1,4.1,4.1,4.1,0,0
IDA_PE,D,20170113,000000,4.1,4.1,4,4.1,0,0
IDA_PE,D,20170116,000000,4.1,4.1,4.1,4.1,0,0
IDA_PE,D,20170117,000000,4.1,4.1,4,4,0,0
IDA_PE,D,20170118,000000,4,4,4,4,0,0
IDA_PE,D,20170119,000000,4,4.1,3.9,4.1,0,0
IDA_PE,D,20170120,000000,4.1,4.1,3.9,3.9,0,0
IDA_PE,D,20170123,000000,4,4.1,3.9,4.1,0,0
IDA_PE,D,20170124,000000,4.1,4.1,4,4,0,0
IDA_PE,D,20170125,000000,4,4,4,4,0,0
IDA_PE,D,20170126,000000,4.1,4.1,4,4.1,0,0
IDA_PE,D,20170127,000000,4.1,4.1,4,4.1,0,0
IDA_PE,D,20170130,000000,4.2,4.2,4,4,0,0
IDA_PE,D,20170131,000000,4,4,4,4,0,0
IDA_PE,D,20170201,000000,4,4.1,4,4.1,0,0
IDA_PE,D,20170202,000000,4.1,4.1,4.1,4.1,0,0
IDA_PE,D,20170203,000000,4.1,4.1,4.1,4.1,0,0
IDA_PE,D,20170206,000000,4.1,4.1,4,4.1,0,0
IDA_PE,D,20170207,000000,4.1,4.1,4.1,4.1,0,0
IDA_PE,D,20170208,000000,4.1,4.1,4.1,4.1,0,0
IDA_PE,D,20170209,000000,4.1,4.1,4.1,4.1,0,0
IDA_PE,D,20170210,000000,4.1,4.2,4.1,4.2,0,0
IDA_PE,D,20170213,000000,4.2,4.6,4.2,4.4,0,0
IDA_PE,D,20170214,000000,4.5,4.6,4.3,4.4,0,0
IDA_PE,D,20170215,000000,4.5,4.5,4.4,4.5,0,0
IDA_PE,D,20170216,000000,4.5,4.6,4.4,4.5,0,0
IDA_PE,D,20170217,000000,4.5,4.5,4.4,4.4,0,0
IDA_PE,D,20170220,000000,4.4,4.5,4.4,4.4,0,0
IDA_PE,D,20170221,000000,4.5,4.6,4.3,4.3,0,0
IDA_PE,D,20170222,000000,4.3,4.4,4.2,4.3,0,0
IDA_PE,D,20170223,000000,4.3,4.3,4.2,4.2,0,0
IDA_PE,D,20170224,000000,4.3,4.4,4.2,4.3,0,0
IDA_PE,D,20170227,000000,4.3,4.4,4.2,4.2,0,0
IDA_PE,D,20170228,000000,4.4,4.4,4.2,4.4,0,0
IDA_PE,D,20170301,000000,4.5,4.6,4.4,4.5,0,0
IDA_PE,D,20170302,000000,4.7,4.7,4.5,4.6,0,0
IDA_PE,D,20170303,000000,4.7,4.8,4.6,4.6,0,0
IDA_PE,D,20170306,000000,4.6,4.7,4.5,4.5,0,0
IDA_PE,D,20170307,000000,4.5,4.6,4.4,4.4,0,0
IDA_PE,D,20170308,000000,4.4,4.5,4.4,4.5,0,0
IDA_PE,D,20170309,000000,4.5,4.5,4.5,4.5,0,0
IDA_PE,D,20170310,000000,4.5,4.7,4.4,4.4,0,0
IDA_PE,D,20170313,000000,4.5,4.5,4.4,4.4,0,0
IDA_PE,D,20170314,000000,4.4,4.5,4.4,4.4,0,0
IDA_PE,D,20170315,000000,4.4,4.4,4.3,4.4,0,0
IDA_PE,D,20170316,000000,4.4,4.5,4.4,4.5,0,0
IDA_PE,D,20170317,000000,4.5,4.5,4.4,4.4,0,0
IDA_PE,D,20170320,000000,4.4,4.5,4.4,4.5,0,0
IDA_PE,D,20170321,000000,4.5,4.5,4.4,4.4,0,0
IDA_PE,D,20170322,000000,4.5,4.5,4.3,4.4,0,0
IDA_PE,D,20170323,000000,4.4,4.4,4.3,4.4,0,0
IDA_PE,D,20170324,000000,4.4,4.5,4.4,4.5,0,0
IDA_PE,D,20170327,000000,4.5,4.5,4.5,4.5,0,0
IDA_PE,D,20170328,000000,4.5,4.5,4.5,4.5,0,0
IDA_PE,D,20170329,000000,4.5,4.5,4.4,4.4,0,0
IDA_PE,D,20170330,000000,4.4,4.5,4.3,4.5,0,0
IDA_PE,D,20170331,000000,4.4,4.5,4.4,4.4,0,0
IDA_PE,D,20170403,000000,4.3,4.4,4.3,4.4,0,0
IDA_PE,D,20170404,000000,4.5,4.5,4.4,4.4,0,0
IDA_PE,D,20170405,000000,4.3,4.4,4.3,4.4,0,0
IDA_PE,D,20170406,000000,4.5,4.5,4.4,4.4,0,0
IDA_PE,D,20170407,000000,4.4,4.4,4.4,4.4,0,0
IDA_PE,D,20170410,000000,4.4,4.4,4.4,4.4,0,0
IDA_PE,D,20170411,000000,4.4,4.4,4.3,4.4,0,0
IDA_PE,D,20170412,000000,4.4,4.4,4.2,4.2,0,0
IDA_PE,D,20170413,000000,4.3,4.3,4.1,4.2,0,0
IDA_PE,D,20170418,000000,4.2,4.2,4.2,4.2,0,0
IDA_PE,D,20170419,000000,4.2,4.2,4.2,4.2,0,0
IDA_PE,D,20170420,000000,4.2,4.2,4.2,4.2,0,0
IDA_PE,D,20170421,000000,4.2,4.3,4.2,4.3,0,0
IDA_PE,D,20170424,000000,4.3,4.4,4.3,4.4,0,0
IDA_PE,D,20170425,000000,4.4,4.4,4.4,4.4,0,0
IDA_PE,D,20170426,000000,4.4,4.4,4.4,4.4,0,0
IDA_PE,D,20170427,000000,4.4,4.4,4.3,4.4,0,0
IDA_PE,D,20170428,000000,4.4,4.4,4.4,4.4,0,0
IDA_PE,D,20170502,000000,4.4,4.4,4.4,4.4,0,0
IDA_PE,D,20170504,000000,4.4,4.4,4.3,4.4,0,0
IDA_PE,D,20170505,000000,4.4,4.4,4.3,4.4,0,0
IDA_PE,D,20170508,000000,4.4,4.4,4.4,4.4,0,0
IDA_PE,D,20170509,000000,4.4,4.4,4.3,4.4,0,0
IDA_PE,D,20170510,000000,4.4,4.4,4.3,4.3,0,0
IDA_PE,D,20170511,000000,4.4,4.4,4.3,4.4,0,0
IDA_PE,D,20170512,000000,4.4,4.4,4.3,4.4,0,0
IDA_PE,D,20170515,000000,4.4,4.4,4.3,4.4,0,0
IDA_PE,D,20170516,000000,4.4,4.4,4.3,4.4,0,0
IDA_PE,D,20170517,000000,4.4,4.4,4.4,4.4,0,0
IDA_PE,D,20170518,000000,4.4,4.4,4.3,4.4,0,0
IDA_PE,D,20170519,000000,4.4,4.5,4.3,4.5,0,0
IDA_PE,D,20170522,000000,4.5,4.5,4.4,4.4,0,0
IDA_PE,D,20170523,000000,4.4,4.4,4.4,4.4,0,0
IDA_PE,D,20170524,000000,4.4,4.4,4.4,4.4,0,0
IDA_PE,D,20170525,000000,4.3,4.4,4.3,4.4,0,0
IDA_PE,D,20170526,000000,4.4,4.4,4.4,4.4,0,0
IDA_PE,D,20170529,000000,4.4,4.5,4.4,4.5,0,0
IDA_PE,D,20170530,000000,4.4,4.5,4.4,4.5,0,0
IDA_PE,D,20170531,000000,4.5,4.5,4.4,4.4,0,0
IDA_PE,D,20170601,000000,4.4,4.5,4.4,4.5,0,0
IDA_PE,D,20170602,000000,4.4,4.5,4.4,4.4,0,0
IDA_PE,D,20170605,000000,4.4,4.4,4.4,4.4,0,0
IDA_PE,D,20170606,000000,4.4,4.4,4.3,4.4,0,0
IDA_PE,D,20170607,000000,4.4,4.4,4.4,4.4,0,0
IDA_PE,D,20170608,000000,4.4,4.4,4.4,4.4,0,0
IDA_PE,D,20170609,000000,4.4,4.4,4.4,4.4,0,0
IDA_PE,D,20170612,000000,4.4,4.4,4.4,4.4,0,0
IDA_PE,D,20170613,000000,4.4,4.4,4.4,4.4,0,0
IDA_PE,D,20170614,000000,4.4,4.4,4.4,4.4,0,0
IDA_PE,D,20170616,000000,4.4,4.4,4.4,4.4,0,0
IDA_PE,D,20170619,000000,4.4,4.4,4.3,4.3,0,0
IDA_PE,D,20170620,000000,4.3,4.3,4.3,4.3,0,0
IDA_PE,D,20170621,000000,4.3,4.3,4.3,4.3,0,0
IDA_PE,D,20170622,000000,4.3,4.3,4.3,4.3,0,0
IDA_PE,D,20170623,000000,4.3,4.3,4.3,4.3,0,0
IDA_PE,D,20170626,000000,4.3,4.3,4.3,4.3,0,0
IDA_PE,D,20170627,000000,4.3,4.3,4.3,4.3,0,0
IDA_PE,D,20170628,000000,4.3,4.3,4.3,4.3,0,0
IDA_PE,D,20170629,000000,4.3,4.3,4.3,4.3,0,0
IDA_PE,D,20170630,000000,4.3,4.4,4.3,4.4,0,0
IDA_PE,D,20170703,000000,4.4,4.5,4.4,4.4,0,0
IDA_PE,D,20170704,000000,4.4,4.4,4.4,4.4,0,0
IDA_PE,D,20170705,000000,4.4,4.4,4.3,4.4,0,0
IDA_PE,D,20170706,000000,4.5,4.5,4.4,4.4,0,0
IDA_PE,D,20170707,000000,4.4,4.5,4.4,4.4,0,0
IDA_PE,D,20170710,000000,4.5,4.5,4.3,4.3,0,0
IDA_PE,D,20170711,000000,4.3,4.4,4.3,4.3,0,0
IDA_PE,D,20170712,000000,4.4,4.4,4.1,4.4,0,0
IDA_PE,D,20170713,000000,4.4,4.4,4.3,4.4,0,0
IDA_PE,D,20170714,000000,4.4,4.4,4.4,4.4,0,0
IDA_PE,D,20170717,000000,4.4,4.4,4.3,4.4,0,0
IDA_PE,D,20170718,000000,4.4,4.4,4.3,4.4,0,0
IDA_PE,D,20170719,000000,4.4,4.4,4.3,4.4,0,0
IDA_PE,D,20170720,000000,4.4,4.5,4.4,4.4,0,0
IDA_PE,D,20170721,000000,4.5,4.6,4.5,4.6,0,0
IDA_PE,D,20170724,000000,4.6,4.6,4.5,4.6,0,0
IDA_PE,D,20170725,000000,4.6,4.6,4.5,4.5,0,0
IDA_PE,D,20170726,000000,4.6,4.6,4.5,4.6,0,0
IDA_PE,D,20170727,000000,4.6,4.6,4.6,4.6,0,0
IDA_PE,D,20170728,000000,4.6,4.7,4.6,4.6,0,0
IDA_PE,D,20170731,000000,4.6,4.7,4.6,4.7,0,0
IDA_PE,D,20170801,000000,4.7,4.7,4.6,4.7,0,0
IDA_PE,D,20170802,000000,4.6,4.7,4.6,4.6,0,0
IDA_PE,D,20170803,000000,4.7,4.7,4.6,4.7,0,0
IDA_PE,D,20170804,000000,4.8,9.5,4.7,9.5,0,0
IDA_PE,D,20170807,000000,9.5,9.5,9.4,9.4,0,0
IDA_PE,D,20170808,000000,9.5,9.5,9.2,9.4,0,0
IDA_PE,D,20170809,000000,9.4,9.4,9.3,9.4,0,0
IDA_PE,D,20170810,000000,9.4,9.6,9.3,9.5,0,0
IDA_PE,D,20170811,000000,9.5,9.5,9.3,9.5,0,0
IDA_PE,D,20170814,000000,9.5,9.6,9.3,9.5,0,0
IDA_PE,D,20170816,000000,9.5,9.5,9.4,9.4,0,0
IDA_PE,D,20170817,000000,9.5,9.6,9.4,9.6,0,0
IDA_PE,D,20170818,000000,9.4,9.6,9.4,9.5,0,0
IDA_PE,D,20170821,000000,9.5,9.5,9.4,9.4,0,0
IDA_PE,D,20170822,000000,9.5,9.6,9.3,9.4,0,0
IDA_PE,D,20170823,000000,9.3,9.6,9.3,9.4,0,0
IDA_PE,D,20170824,000000,9.5,9.7,9.5,9.7,0,0
IDA_PE,D,20170825,000000,9.7,9.7,9.6,9.7,0,0
IDA_PE,D,20170828,000000,9.7,9.7,9.6,9.6,0,0
IDA_PE,D,20170829,000000,9.6,9.6,9.6,9.6,0,0
IDA_PE,D,20170830,000000,9.6,9.9,9.6,9.9,0,0
IDA_PE,D,20170831,000000,9.9,9.9,9.9,9.9,0,0
IDA_PE,D,20170901,000000,9.9,9.9,9.8,9.9,0,0
IDA_PE,D,20170904,000000,9.9,9.9,9.6,9.7,0,0
IDA_PE,D,20170905,000000,9.7,9.7,9.7,9.7,0,0
IDA_PE,D,20170906,000000,9.7,9.7,9.5,9.6,0,0
IDA_PE,D,20170907,000000,9.7,9.7,9.5,9.5,0,0
IDA_PE,D,20170908,000000,9.5,9.5,9.4,9.4,0,0
IDA_PE,D,20170911,000000,9.4,9.5,9.4,9.5,0,0
IDA_PE,D,20170912,000000,9.6,9.6,9.4,9.6,0,0
IDA_PE,D,20170913,000000,9.6,9.6,9.4,9.6,0,0
IDA_PE,D,20170914,000000,9.6,9.6,9.5,9.5,0,0
IDA_PE,D,20170915,000000,9.5,9.5,9.4,9.4,0,0
IDA_PE,D,20170918,000000,9.5,9.5,9.4,9.5,0,0
IDA_PE,D,20170919,000000,9.5,9.5,9.3,9.4,0,0
IDA_PE,D,20170920,000000,9.5,9.5,9.4,9.5,0,0
IDA_PE,D,20170921,000000,9.5,9.6,9.5,9.6,0,0
IDA_PE,D,20170922,000000,9.6,9.6,9.6,9.6,0,0
IDA_PE,D,20170925,000000,9.5,9.5,9.4,9.5,0,0
IDA_PE,D,20170926,000000,9.5,9.5,9.1,9.3,0,0
IDA_PE,D,20170927,000000,9.3,9.3,9.1,9.2,0,0
IDA_PE,D,20170928,000000,9.2,9.2,9.2,9.2,0,0
IDA_PE,D,20170929,000000,9.4,9.4,9.4,9.4,0,0
IDA_PE,D,20171002,000000,9.1,9.2,9.1,9.2,0,0
IDA_PE,D,20171003,000000,9.2,9.2,9.2,9.2,0,0
IDA_PE,D,20171004,000000,9.1,9.1,9,9.1,0,0
IDA_PE,D,20171005,000000,9.2,9.2,9.1,9.2,0,0
IDA_PE,D,20171006,000000,9.2,9.2,9,9,0,0
IDA_PE,D,20171009,000000,9,9,8.9,8.9,0,0
IDA_PE,D,20171010,000000,9.2,9.2,8.8,9,0,0
IDA_PE,D,20171011,000000,8.9,8.9,8.7,8.7,0,0
IDA_PE,D,20171012,000000,8.7,8.8,8.7,8.8,0,0
IDA_PE,D,20171013,000000,8.8,8.8,8.8,8.8,0,0
IDA_PE,D,20171016,000000,8.6,8.9,8.6,8.8,0,0
IDA_PE,D,20171017,000000,8.8,8.8,8.7,8.8,0,0
IDA_PE,D,20171018,000000,8.8,8.8,8.7,8.8,0,0
IDA_PE,D,20171019,000000,8.7,8.7,8.5,8.6,0,0
IDA_PE,D,20171020,000000,8.7,8.7,8.5,8.6,0,0
IDA_PE,D,20171023,000000,8.6,8.6,8.4,8.4,0,0
IDA_PE,D,20171024,000000,8.4,8.4,8.3,8.4,0,0
IDA_PE,D,20171025,000000,8.4,8.6,8.4,8.6,0,0
IDA_PE,D,20171026,000000,8.4,8.5,8.4,8.5,0,0
IDA_PE,D,20171027,000000,8.7,8.7,6.1,6.1,0,0
IDA_PE,D,20171030,000000,6.3,6.3,6.1,6.3,0,0
IDA_PE,D,20171031,000000,6.2,6.5,6.2,6.5,0,0
IDA_PE,D,20171102,000000,6.7,6.7,6.5,6.5,0,0
IDA_PE,D,20171103,000000,6.6,6.6,6.4,6.4,0,0
IDA_PE,D,20171106,000000,6.5,6.5,6.3,6.3,0,0
IDA_PE,D,20171107,000000,6.3,6.4,6.3,6.4,0,0
IDA_PE,D,20171108,000000,6.4,6.4,6.3,6.3,0,0
IDA_PE,D,20171109,000000,6.3,6.3,6.3,6.3,0,0
IDA_PE,D,20171110,000000,6.3,6.3,6.3,6.3,0,0
IDA_PE,D,20171113,000000,6.4,6.4,6.3,6.3,0,0
IDA_PE,D,20171114,000000,6.3,6.4,6.3,6.3,0,0
IDA_PE,D,20171115,000000,6.5,6.5,6.3,6.3,0,0
IDA_PE,D,20171116,000000,6.3,6.3,6.3,6.3,0,0
IDA_PE,D,20171117,000000,6.2,6.3,6.2,6.3,0,0
IDA_PE,D,20171120,000000,6.4,6.4,6.3,6.4,0,0
IDA_PE,D,20171121,000000,6.4,6.5,6.4,6.4,0,0
IDA_PE,D,20171122,000000,6.4,6.4,6.3,6.4,0,0
IDA_PE,D,20171123,000000,6.5,6.5,6.3,6.3,0,0
IDA_PE,D,20171124,000000,6.3,6.3,6.2,6.3,0,0
IDA_PE,D,20171127,000000,6.3,6.3,6.3,6.3,0,0
IDA_PE,D,20171128,000000,6.3,6.4,6.2,6.2,0,0
IDA_PE,D,20171129,000000,6.2,6.4,6.2,6.2,0,0
IDA_PE,D,20171130,000000,6.2,6.4,6.2,6.3,0,0
IDA_PE,D,20171201,000000,6.3,6.3,6,6.3,0,0
IDA_PE,D,20171204,000000,6.3,6.4,6.3,6.3,0,0
IDA_PE,D,20171205,000000,6.3,6.4,6.3,6.4,0,0
IDA_PE,D,20171206,000000,6.4,6.4,6.3,6.3,0,0
IDA_PE,D,20171207,000000,6.4,6.4,6.2,6.3,0,0
IDA_PE,D,20171208,000000,6.3,6.3,6.2,6.3,0,0
IDA_PE,D,20171211,000000,6.3,6.4,6.3,6.4,0,0
IDA_PE,D,20171212,000000,6.4,6.4,6.3,6.4,0,0
IDA_PE,D,20171213,000000,6.4,6.4,6.4,6.4,0,0
IDA_PE,D,20171214,000000,6.4,6.4,6.4,6.4,0,0
IDA_PE,D,20171215,000000,6.4,6.4,6.2,6.3,0,0
IDA_PE,D,20171218,000000,6.3,6.3,6.2,6.3,0,0
IDA_PE,D,20171219,000000,6.3,6.3,6.2,6.3,0,0
IDA_PE,D,20171220,000000,6.3,6.3,6.3,6.3,0,0
IDA_PE,D,20171221,000000,6.3,6.3,6.3,6.3,0,0
IDA_PE,D,20171222,000000,6.3,6.3,6.3,6.3,0,0
IDA_PE,D,20171227,000000,6.3,6.3,6.3,6.3,0,0
IDA_PE,D,20171228,000000,6.3,6.3,6.1,6.1,0,0
IDA_PE,D,20171229,000000,6.2,6.2,6.1,6.1,0,0
IDA_PE,D,20180103,000000,6.2,6.2,6.1,6.2,0,0
IDA_PE,D,20180104,000000,6.2,6.2,6.1,6.1,0,0
IDA_PE,D,20180105,000000,6.2,6.2,6.1,6.1,0,0
IDA_PE,D,20180108,000000,6.2,6.2,6,6.2,0,0
IDA_PE,D,20180109,000000,6.2,6.2,6.1,6.1,0,0
IDA_PE,D,20180110,000000,6.1,6.1,6,6,0,0
IDA_PE,D,20180111,000000,6,6.1,5.9,5.9,0,0
IDA_PE,D,20180112,000000,5.9,6.1,5.9,6.1,0,0
IDA_PE,D,20180115,000000,6,6,5.8,6,0,0
IDA_PE,D,20180116,000000,6,6,5.8,5.8,0,0
IDA_PE,D,20180117,000000,5.9,5.9,5.8,5.9,0,0
IDA_PE,D,20180118,000000,5.9,5.9,5.7,5.7,0,0
IDA_PE,D,20180119,000000,5.8,5.8,5.5,5.5,0,0
IDA_PE,D,20180122,000000,5.5,5.7,5.5,5.6,0,0
IDA_PE,D,20180123,000000,5.6,5.7,5.5,5.6,0,0
IDA_PE,D,20180124,000000,5.7,5.7,5.5,5.5,0,0
IDA_PE,D,20180125,000000,5.6,5.6,5.5,5.6,0,0
IDA_PE,D,20180126,000000,5.6,5.7,5.6,5.6,0,0
IDA_PE,D,20180129,000000,5.6,5.6,5.5,5.6,0,0
IDA_PE,D,20180130,000000,5.6,5.6,5.5,5.5,0,0
IDA_PE,D,20180131,000000,5.5,5.5,5.4,5.5,0,0
IDA_PE,D,20180201,000000,5.5,5.5,5.4,5.4,0,0
IDA_PE,D,20180202,000000,5.4,5.5,5.4,5.5,0,0
IDA_PE,D,20180205,000000,5.4,5.4,5.4,5.4,0,0
IDA_PE,D,20180206,000000,5.3,5.3,5.1,5.3,0,0
IDA_PE,D,20180207,000000,5.2,5.3,5.2,5.3,0,0
IDA_PE,D,20180208,000000,5.2,5.3,5.1,5.1,0,0
IDA_PE,D,20180209,000000,5.1,5.1,4.8,5,0,0
IDA_PE,D,20180212,000000,4.9,5,4.8,5,0,0
IDA_PE,D,20180213,000000,5,5,4.9,4.9,0,0
IDA_PE,D,20180214,000000,4.9,5,4.9,4.9,0,0
IDA_PE,D,20180215,000000,4.9,5,4.8,4.8,0,0
IDA_PE,D,20180216,000000,4.9,4.9,4.8,4.9,0,0
IDA_PE,D,20180219,000000,4.8,4.9,4.8,4.9,0,0
IDA_PE,D,20180220,000000,4.9,4.9,4.8,4.8,0,0
IDA_PE,D,20180221,000000,4.8,4.8,4.7,4.8,0,0
IDA_PE,D,20180222,000000,4.8,4.8,4.7,4.8,0,0
IDA_PE,D,20180223,000000,4.8,4.8,4.6,4.7,0,0
IDA_PE,D,20180226,000000,4.8,4.8,4.7,4.7,0,0
IDA_PE,D,20180227,000000,4.7,4.7,4.6,4.7,0,0
IDA_PE,D,20180228,000000,4.7,4.7,4.6,4.7,0,0
IDA_PE,D,20180301,000000,4.6,4.7,4.6,4.7,0,0
IDA_PE,D,20180302,000000,4.6,5,4.4,5,0,0
IDA_PE,D,20180305,000000,5,5,4.7,4.9,0,0
IDA_PE,D,20180306,000000,4.9,4.9,4.7,4.9,0,0
IDA_PE,D,20180307,000000,4.9,4.9,4.9,4.9,0,0
IDA_PE,D,20180308,000000,4.9,5.2,4.9,5.1,0,0
IDA_PE,D,20180309,000000,5,5.5,4.7,5.5,0,0
IDA_PE,D,20180312,000000,5.5,5.6,5.5,5.5,0,0
IDA_PE,D,20180313,000000,5.5,5.5,5.4,5.4,0,0
IDA_PE,D,20180314,000000,5.5,5.5,5.3,5.4,0,0
IDA_PE,D,20180315,000000,5.5,5.5,5.2,5.4,0,0
IDA_PE,D,20180316,000000,5.5,5.5,5.3,5.3,0,0
IDA_PE,D,20180319,000000,5.4,5.4,5.1,5.2,0,0
IDA_PE,D,20180320,000000,5.1,5.2,5,5.2,0,0
IDA_PE,D,20180321,000000,5.2,5.3,5.1,5.3,0,0
IDA_PE,D,20180322,000000,5.3,5.3,5.1,5.2,0,0
IDA_PE,D,20180323,000000,5,5.3,5,5.2,0,0
IDA_PE,D,20180326,000000,5.3,5.3,5.1,5.3,0,0
IDA_PE,D,20180327,000000,5.3,5.3,5.1,5.2,0,0
IDA_PE,D,20180328,000000,5.2,5.2,5.1,5.1,0,0
IDA_PE,D,20180329,000000,5.1,5.1,5,5.1,0,0
IDA_PE,D,20180403,000000,5.1,5.1,4.8,5.1,0,0
IDA_PE,D,20180404,000000,5.1,5.2,5,5.2,0,0
IDA_PE,D,20180405,000000,5.2,5.4,5.1,5.4,0,0
IDA_PE,D,20180406,000000,5.4,5.4,5.2,5.3,0,0
IDA_PE,D,20180409,000000,5.2,5.3,5.2,5.3,0,0
IDA_PE,D,20180410,000000,5.2,5.2,5,5.1,0,0
IDA_PE,D,20180411,000000,5.2,5.2,4.9,5,0,0
IDA_PE,D,20180412,000000,5,5.2,4.9,4.9,0,0
IDA_PE,D,20180413,000000,4.8,5,4.5,4.6,0,0
IDA_PE,D,20180416,000000,4.6,4.6,4.3,4.4,0,0
IDA_PE,D,20180417,000000,4.3,4.7,4.2,4.5,0,0
IDA_PE,D,20180418,000000,4.4,4.5,4.4,4.4,0,0
IDA_PE,D,20180419,000000,4.5,4.5,3.7,3.7,0,0
IDA_PE,D,20180420,000000,3.8,3.8,3.4,3.7,0,0
IDA_PE,D,20180423,000000,3.7,3.7,3.4,3.5,0,0
IDA_PE,D,20180424,000000,3.4,3.5,3.3,3.4,0,0
IDA_PE,D,20180425,000000,3.3,3.3,3,3.1,0,0
IDA_PE,D,20180426,000000,3.1,3.1,2.5,2.6,0,0
IDA_PE,D,20180427,000000,2.7,3.3,2.6,3.3,0,0
IDA_PE,D,20180430,000000,3.6,4,3.6,4,0,0
IDA_PE,D,20180502,000000,4.1,4.3,3.9,4,0,0
IDA_PE,D,20180504,000000,4,4,3.6,3.9,0,0
IDA_PE,D,20180507,000000,3.8,3.8,3.5,3.5,0,0
IDA_PE,D,20180508,000000,3.4,3.4,3,3.2,0,0
IDA_PE,D,20180509,000000,3.2,3.3,3.2,3.3,0,0
IDA_PE,D,20180510,000000,3.3,3.3,3.2,3.3,0,0
IDA_PE,D,20180511,000000,3.3,3.4,3.2,3.2,0,0
IDA_PE,D,20180514,000000,3.3,3.3,3.1,3.2,0,0
IDA_PE,D,20180515,000000,3.2,3.2,3,3.1,0,0
IDA_PE,D,20180516,000000,3.1,3.4,2.8,3.4,0,0
IDA_PE,D,20180517,000000,3.4,3.6,3.2,3.6,0,0
IDA_PE,D,20180518,000000,3.7,4,3.6,3.6,0,0
IDA_PE,D,20180521,000000,3.6,3.6,3.5,3.6,0,0
IDA_PE,D,20180522,000000,3.6,3.6,3.4,3.4,0,0
IDA_PE,D,20180523,000000,3.3,3.4,3.2,3.2,0,0
IDA_PE,D,20180524,000000,3.1,3.2,2.9,3,0,0
IDA_PE,D,20180525,000000,3,3,3,3,0,0
IDA_PE,D,20180528,000000,3,3.4,3,3,0,0
IDA_PE,D,20180529,000000,3.1,3.1,2.8,2.8,0,0
IDA_PE,D,20180530,000000,2.8,2.8,2.6,2.6,0,0
IDA_PE,D,20180601,000000,2.7,2.8,2.6,2.6,0,0
IDA_PE,D,20180604,000000,2.7,2.7,2.5,2.6,0,0
IDA_PE,D,20180605,000000,2.6,2.9,2.6,2.8,0,0
IDA_PE,D,20180606,000000,2.9,3.1,2.8,2.8,0,0
IDA_PE,D,20180607,000000,2.9,2.9,2.8,2.8,0,0
IDA_PE,D,20180608,000000,2.8,2.8,2.7,2.7,0,0
IDA_PE,D,20180611,000000,2.7,2.8,2.7,2.8,0,0
IDA_PE,D,20180612,000000,2.8,3,2.8,2.8,0,0
IDA_PE,D,20180613,000000,2.9,2.9,2.8,2.8,0,0
IDA_PE,D,20180614,000000,2.8,2.9,2.7,2.8,0,0
IDA_PE,D,20180615,000000,2.8,2.8,2.7,2.7,0,0
IDA_PE,D,20180618,000000,2.6,2.6,2.6,2.6,0,0
IDA_PE,D,20180619,000000,2.6,2.6,2.6,2.6,0,0
IDA_PE,D,20180620,000000,2.6,2.6,2.6,2.6,0,0
IDA_PE,D,20180621,000000,2.6,2.6,2.6,2.6,0,0
IDA_PE,D,20180622,000000,2.6,2.6,2.6,2.6,0,0
IDA_PE,D,20180625,000000,2.6,2.6,2.5,2.6,0,0
IDA_PE,D,20180626,000000,2.6,2.6,2.6,2.6,0,0
IDA_PE,D,20180627,000000,2.6,2.6,2.5,2.6,0,0
IDA_PE,D,20180628,000000,2.6,2.6,2.6,2.6,0,0
IDA_PE,D,20180629,000000,2.6,2.6,2.5,2.5,0,0
IDA_PE,D,20180702,000000,2.5,2.5,2.4,2.5,0,0
IDA_PE,D,20180703,000000,2.5,2.5,2.5,2.5,0,0
IDA_PE,D,20180704,000000,2.5,2.5,2.4,2.5,0,0
IDA_PE,D,20180705,000000,2.5,2.5,2.5,2.5,0,0
IDA_PE,D,20180706,000000,2.5,2.5,2.5,2.5,0,0
IDA_PE,D,20180709,000000,2.5,2.5,2.5,2.5,0,0
IDA_PE,D,20180710,000000,2.5,2.5,2.5,2.5,0,0
IDA_PE,D,20180711,000000,2.5,2.5,2.5,2.5,0,0
IDA_PE,D,20180712,000000,2.5,2.5,2.4,2.4,0,0
IDA_PE,D,20180713,000000,2.4,2.4,2.4,2.4,0,0
IDA_PE,D,20180716,000000,2.4,2.7,2.4,2.6,0,0
IDA_PE,D,20180717,000000,2.6,2.8,2.5,2.6,0,0
IDA_PE,D,20180718,000000,2.8,3.2,2.8,3.2,0,0
IDA_PE,D,20180719,000000,3.2,3.2,3.1,3.1,0,0
IDA_PE,D,20180720,000000,3.1,3.1,2.9,3,0,0
IDA_PE,D,20180723,000000,3,3.1,2.9,3.1,0,0
IDA_PE,D,20180724,000000,3.1,3.2,3.1,3.2,0,0
IDA_PE,D,20180725,000000,3.2,3.2,3.1,3.1,0,0
IDA_PE,D,20180726,000000,3.1,3.2,3.1,3.1,0,0
IDA_PE,D,20180727,000000,3.1,3.1,2.9,3,0,0
IDA_PE,D,20180730,000000,3,3,2.9,3,0,0
IDA_PE,D,20180731,000000,3.1,3.1,3,3,0,0
IDA_PE,D,20180801,000000,3,3,2.8,2.8,0,0
IDA_PE,D,20180802,000000,2.8,2.8,2.8,2.8,0,0
IDA_PE,D,20180803,000000,2.8,2.9,2.7,2.9,0,0
IDA_PE,D,20180806,000000,2.9,2.9,2.8,2.8,0,0
IDA_PE,D,20180807,000000,2.8,2.8,2.7,2.8,0,0
IDA_PE,D,20180808,000000,2.7,2.8,2.7,2.8,0,0
IDA_PE,D,20180809,000000,2.8,2.8,2.7,2.8,0,0
IDA_PE,D,20180810,000000,2.8,2.8,2.7,2.7,0,0
IDA_PE,D,20180813,000000,2.7,2.7,2.6,2.7,0,0
IDA_PE,D,20180814,000000,2.7,2.7,2.5,2.6,0,0
IDA_PE,D,20180816,000000,2.6,2.6,2.5,2.5,0,0
IDA_PE,D,20180817,000000,2.5,2.5,2.4,2.5,0,0
IDA_PE,D,20180820,000000,2.3,2.3,1.8,1.8,0,0
IDA_PE,D,20180821,000000,1.8,1.9,1.8,1.8,0,0
IDA_PE,D,20180822,000000,1.8,1.9,1.8,1.8,0,0
IDA_PE,D,20180823,000000,1.9,1.9,1.8,1.8,0,0
IDA_PE,D,20180824,000000,1.8,1.8,1.8,1.8,0,0
IDA_PE,D,20180827,000000,1.8,1.8,1.8,1.8,0,0
IDA_PE,D,20180828,000000,1.8,1.8,1.8,1.8,0,0
IDA_PE,D,20180829,000000,1.8,1.8,1.8,1.8,0,0
IDA_PE,D,20180830,000000,1.8,1.8,1.8,1.8,0,0
IDA_PE,D,20180831,000000,1.8,1.8,1.7,1.7,0,0
IDA_PE,D,20180903,000000,1.7,1.8,1.7,1.7,0,0
IDA_PE,D,20180904,000000,1.7,1.7,1.6,1.6,0,0
IDA_PE,D,20180905,000000,1.6,1.6,1.5,1.5,0,0
IDA_PE,D,20180906,000000,1.5,1.5,1.5,1.5,0,0
IDA_PE,D,20180907,000000,1.5,1.5,1.4,1.5,0,0
IDA_PE,D,20180910,000000,1.5,1.5,1.4,1.5,0,0
IDA_PE,D,20180911,000000,1.5,1.5,1.4,1.4,0,0
IDA_PE,D,20180912,000000,1.4,1.4,1.3,1.4,0,0
IDA_PE,D,20180913,000000,1.4,1.4,1.4,1.4,0,0
IDA_PE,D,20180914,000000,1.4,1.6,1.4,1.5,0,0
IDA_PE,D,20180917,000000,1.5,1.5,1.4,1.5,0,0
IDA_PE,D,20180918,000000,1.5,1.5,1.4,1.4,0,0
IDA_PE,D,20180919,000000,1.4,1.4,1.3,1.4,0,0
IDA_PE,D,20180920,000000,1.4,1.4,1.4,1.4,0,0
IDA_PE,D,20180921,000000,1.3,1.5,1.3,1.4,0,0
IDA_PE,D,20200521,000000,3.7,3.7,3.7,3.7,0,0
IDA_PE,D,20200522,000000,3.9,3.9,3.6,3.6,0,0
IDA_PE,D,20200525,000000,3.6,3.7,3.6,3.6,0,0
IDA_PE,D,20200526,000000,3.6,3.6,3.4,3.4,0,0
IDA_PE,D,20200527,000000,3.4,3.7,3.4,3.5,0,0
IDA_PE,D,20200528,000000,3.5,3.6,3.3,3.4,0,0
IDA_PE,D,20200529,000000,3.4,3.4,3.3,3.4,0,0
IDA_PE,D,20200601,000000,3.4,3.5,3.4,3.4,0,0
IDA_PE,D,20200602,000000,3.4,3.4,3.3,3.3,0,0
IDA_PE,D,20200603,000000,3.3,3.4,3.3,3.4,0,0
IDA_PE,D,20200604,000000,3.4,3.4,3.3,3.3,0,0
IDA_PE,D,20200605,000000,3.4,3.4,3.3,3.3,0,0
IDA_PE,D,20200608,000000,3.3,3.4,3.3,3.3,0,0
IDA_PE,D,20200609,000000,3.4,3.4,3.2,3.3,0,0
IDA_PE,D,20200610,000000,3.3,3.3,3.2,3.3,0,0
IDA_PE,D,20200612,000000,3.3,3.6,3.3,3.4,0,0
IDA_PE,D,20200615,000000,3.4,3.4,3.3,3.4,0,0
IDA_PE,D,20200616,000000,3.4,3.4,3.3,3.4,0,0
IDA_PE,D,20200617,000000,3.5,3.5,3.3,3.4,0,0
IDA_PE,D,20200618,000000,3.4,3.4,3.3,3.4,0,0
IDA_PE,D,20200619,000000,3.5,3.5,3.3,3.3,0,0
IDA_PE,D,20200622,000000,3.4,3.4,3.3,3.3,0,0
IDA_PE,D,20200623,000000,3.3,3.3,3.3,3.3,0,0
IDA_PE,D,20200624,000000,3.3,3.3,3.3,3.3,0,0
IDA_PE,D,20200625,000000,3.3,3.3,3.2,3.3,0,0
IDA_PE,D,20200626,000000,3.3,3.4,3.3,3.3,0,0
IDA_PE,D,20200629,000000,3.4,4.4,3.4,4.4,0,0
IDA_PE,D,20200630,000000,5.1,5.3,4,4,0,0
IDA_PE,D,20200701,000000,4.2,4.3,3.8,3.8,0,0
IDA_PE,D,20200702,000000,3.8,4.1,3.8,3.9,0,0
IDA_PE,D,20200703,000000,3.9,4.3,3.9,4.2,0,0
IDA_PE,D,20200706,000000,4.3,4.6,4.3,4.4,0,0
IDA_PE,D,20200707,000000,4.5,4.7,4.2,4.3,0,0
IDA_PE,D,20200708,000000,4.3,4.6,4.1,4.3,0,0
IDA_PE,D,20200709,000000,4.3,4.3,4.2,4.2,0,0
IDA_PE,D,20200710,000000,4.2,4.2,4.1,4.2,0,0
IDA_PE,D,20200713,000000,4.3,4.3,4.1,4.2,0,0
IDA_PE,D,20200714,000000,4.1,4.1,3.9,3.9,0,0
IDA_PE,D,20200715,000000,4,4,3.9,3.9,0,0
IDA_PE,D,20200716,000000,3.9,4,3.8,4,0,0
IDA_PE,D,20200717,000000,4,4,3.8,3.9,0,0
IDA_PE,D,20200720,000000,3.7,3.8,3.7,3.8,0,0
IDA_PE,D,20200721,000000,3.8,3.8,3.7,3.7,0,0
IDA_PE,D,20200722,000000,3.7,3.7,3.6,3.6,0,0
IDA_PE,D,20200723,000000,3.6,3.6,3.4,3.5,0,0
IDA_PE,D,20200724,000000,3.6,3.9,3.3,3.8,0,0
IDA_PE,D,20200727,000000,3.9,3.9,3.7,3.8,0,0
IDA_PE,D,20200728,000000,4.2,4.2,3.9,4,0,0
IDA_PE,D,20200729,000000,4,4.1,3.9,3.9,0,0
IDA_PE,D,20200730,000000,3.9,3.9,3.5,3.6,0,0
IDA_PE,D,20200731,000000,3.6,3.8,3.6,3.8,0,0
IDA_PE,D,20200803,000000,3.7,3.8,3.6,3.7,0,0
IDA_PE,D,20200804,000000,3.7,4,3.6,3.6,0,0
IDA_PE,D,20200805,000000,3.7,3.9,3.7,3.8,0,0
IDA_PE,D,20200806,000000,3.8,3.8,3.7,3.7,0,0
IDA_PE,D,20200807,000000,3.6,3.7,3.5,3.7,0,0
IDA_PE,D,20200810,000000,3.7,3.7,3.6,3.6,0,0
IDA_PE,D,20200811,000000,3.7,3.7,3.6,3.7,0,0
IDA_PE,D,20200812,000000,3.7,3.7,3.5,3.6,0,0
IDA_PE,D,20200813,000000,3.6,3.7,3.5,3.6,0,0
IDA_PE,D,20200814,000000,3.7,3.7,3.3,3.5,0,0
IDA_PE,D,20200817,000000,3.5,3.5,3.4,3.4,0,0
IDA_PE,D,20200818,000000,3.5,3.5,3.3,3.4,0,0
IDA_PE,D,20200819,000000,3.4,3.4,3.3,3.3,0,0
IDA_PE,D,20200820,000000,3.3,3.3,3.2,3.3,0,0
IDA_PE,D,20200821,000000,3.3,3.3,3,3.1,0,0
