<TICKER>,<PER>,<DATE>,<TIME>,<OPEN>,<HIGH>,<LOW>,<CLOSE>,<VOL>,<OPENINT>
INC_PE,D,20071120,000000,61.2,61.2,61.2,61.2,0,0
INC_PE,D,20071121,000000,62.8,62.8,53.1,58.9,0,0
INC_PE,D,20071122,000000,55.9,64.1,54.4,61.9,0,0
INC_PE,D,20071123,000000,62.9,63.3,61.9,62.8,0,0
INC_PE,D,20071126,000000,63.7,65.6,60.4,61.4,0,0
INC_PE,D,20071127,000000,57.1,60.1,57.1,59.3,0,0
INC_PE,D,20071128,000000,59.3,61.9,58.9,61.2,0,0
INC_PE,D,20071129,000000,62,64.5,62,64.2,0,0
INC_PE,D,20071130,000000,65.5,70.1,65.5,69.8,0,0
INC_PE,D,20071203,000000,70.6,70.6,66.4,68.2,0,0
INC_PE,D,20071204,000000,66.1,68.3,62.5,65,0,0
INC_PE,D,20071205,000000,66.5,70.1,66.5,67.3,0,0
INC_PE,D,20071206,000000,68.7,69,64.3,66.6,0,0
INC_PE,D,20071207,000000,66.6,66.6,62.7,65.3,0,0
INC_PE,D,20071210,000000,65.7,65.7,60.6,63,0,0
INC_PE,D,20071211,000000,61.9,61.9,60.1,61,0,0
INC_PE,D,20071212,000000,58.6,60.9,58.6,59.6,0,0
INC_PE,D,20071213,000000,59.7,60.5,58,58.2,0,0
INC_PE,D,20071214,000000,58.4,59,56,56.3,0,0
INC_PE,D,20071217,000000,56.2,56.2,50.7,51.5,0,0
INC_PE,D,20071218,000000,50.1,55.1,49,50.7,0,0
INC_PE,D,20071219,000000,51.8,51.8,49,49.6,0,0
INC_PE,D,20071220,000000,49.2,50.3,46.7,46.7,0,0
INC_PE,D,20071221,000000,47,48.1,43.5,45,0,0
INC_PE,D,20071227,000000,45.6,52,45.6,51.5,0,0
INC_PE,D,20071228,000000,51.3,55.2,49.9,54.5,0,0
INC_PE,D,20080102,000000,56.6,66.5,56.6,65.2,0,0
INC_PE,D,20080103,000000,64.9,64.9,61.2,63.3,0,0
INC_PE,D,20080104,000000,63.9,64.5,59.7,61.5,0,0
INC_PE,D,20080107,000000,59.1,66.3,59.1,66.3,0,0
INC_PE,D,20080108,000000,69.6,75.8,69.6,73.1,0,0
INC_PE,D,20080109,000000,70.5,70.5,65,66,0,0
INC_PE,D,20080110,000000,66.4,67.1,59.9,63,0,0
INC_PE,D,20080111,000000,62,65.2,62,62.7,0,0
INC_PE,D,20080114,000000,64.8,64.8,64.8,64.8,0,0
INC_PE,D,20080115,000000,61.9,64.2,54.1,54.1,0,0
INC_PE,D,20080116,000000,48.5,56.7,45.7,56.7,0,0
INC_PE,D,20080117,000000,56.7,59.7,52.8,59.2,0,0
INC_PE,D,20080118,000000,57.4,61.1,56.1,61,0,0
INC_PE,D,20080121,000000,55.6,59.7,55.6,59.7,0,0
INC_PE,D,20080122,000000,53.7,58.5,53.7,57.4,0,0
INC_PE,D,20080123,000000,60.4,60.4,53.7,57.8,0,0
INC_PE,D,20080124,000000,60.4,60.4,58.9,59.5,0,0
INC_PE,D,20080125,000000,61.1,61.1,55.3,55.8,0,0
INC_PE,D,20080128,000000,53.3,54.7,52.9,53,0,0
INC_PE,D,20080129,000000,55.5,55.5,53.1,54.6,0,0
INC_PE,D,20080130,000000,53.7,55,53.7,54.3,0,0
INC_PE,D,20080131,000000,55,55,53.2,53.2,0,0
INC_PE,D,20080201,000000,55.1,55.1,52.2,53.7,0,0
INC_PE,D,20080204,000000,55.3,56.8,54.6,54.9,0,0
INC_PE,D,20080205,000000,54.8,54.9,53,53.8,0,0
INC_PE,D,20080206,000000,52.3,54.5,51.9,54.5,0,0
INC_PE,D,20080207,000000,55.6,55.6,53.1,54.5,0,0
INC_PE,D,20080208,000000,55.9,55.9,53.5,54.4,0,0
INC_PE,D,20080211,000000,54.3,58.8,54.3,57.7,0,0
INC_PE,D,20080212,000000,58.9,58.9,56.2,57.8,0,0
INC_PE,D,20080213,000000,56.7,57.4,55.4,56.7,0,0
INC_PE,D,20080214,000000,58.1,58.1,56.8,56.8,0,0
INC_PE,D,20080215,000000,56.8,59,56.8,58.6,0,0
INC_PE,D,20080218,000000,61.6,71.6,61.6,71.2,0,0
INC_PE,D,20080219,000000,74.2,74.9,71.6,71.6,0,0
INC_PE,D,20080220,000000,71.6,71.6,68.3,70.1,0,0
INC_PE,D,20080221,000000,70.5,74.6,66.7,72.4,0,0
INC_PE,D,20080222,000000,65.7,72.2,65.7,67.9,0,0
INC_PE,D,20080225,000000,67.9,69.1,64.9,64.9,0,0
INC_PE,D,20080226,000000,67.6,68.7,65.7,67,0,0
INC_PE,D,20080227,000000,67.9,70.9,67.9,70,0,0
INC_PE,D,20080228,000000,70.3,71.3,69.4,71.3,0,0
INC_PE,D,20080229,000000,71.3,71.3,68.1,68.3,0,0
INC_PE,D,20080303,000000,66.6,66.9,13.5,13.5,0,0
INC_PE,D,20080304,000000,12.8,13.5,12.8,13.2,0,0
INC_PE,D,20080305,000000,13.5,13.5,12.7,13.3,0,0
INC_PE,D,20080306,000000,13.2,13.2,12.7,13.2,0,0
INC_PE,D,20080307,000000,12.5,13,12.5,12.8,0,0
INC_PE,D,20080310,000000,12.4,12.9,12.3,12.6,0,0
INC_PE,D,20080311,000000,12.6,12.6,11.8,12.1,0,0
INC_PE,D,20080312,000000,11.9,12.3,11.5,11.8,0,0
INC_PE,D,20080313,000000,11.8,11.9,11.2,11.7,0,0
INC_PE,D,20080314,000000,12,12.2,11.8,12.2,0,0
INC_PE,D,20080317,000000,12.3,12.3,12,12.1,0,0
INC_PE,D,20080318,000000,12.4,12.4,11.9,12.1,0,0
INC_PE,D,20080319,000000,12.2,12.2,11.9,12.2,0,0
INC_PE,D,20080320,000000,12.2,12.2,12,12.1,0,0
INC_PE,D,20080325,000000,11.9,12,11.9,11.9,0,0
INC_PE,D,20080326,000000,11.9,11.9,11.6,11.9,0,0
INC_PE,D,20080327,000000,11.9,11.9,11.4,11.8,0,0
INC_PE,D,20080328,000000,11.8,11.9,11.6,11.8,0,0
INC_PE,D,20080331,000000,11.3,11.3,11.3,11.3,0,0
INC_PE,D,20080401,000000,11.7,11.7,10.7,10.7,0,0
INC_PE,D,20080402,000000,10.8,10.8,10.2,10.3,0,0
INC_PE,D,20080403,000000,10.4,10.4,9.4,9.5,0,0
INC_PE,D,20080404,000000,9.7,10,9.6,10,0,0
INC_PE,D,20080407,000000,10.5,11.6,10,11.1,0,0
INC_PE,D,20080408,000000,6.7,7.6,6.6,6.9,0,0
INC_PE,D,20080409,000000,6.9,6.9,6.3,6.3,0,0
INC_PE,D,20080410,000000,6.3,6.3,5.9,5.9,0,0
INC_PE,D,20080411,000000,5.9,5.9,5.5,5.6,0,0
INC_PE,D,20080414,000000,5.4,5.7,5.2,5.7,0,0
INC_PE,D,20080415,000000,5.7,6,5.4,5.5,0,0
INC_PE,D,20080416,000000,5.3,5.6,5.3,5.5,0,0
INC_PE,D,20080417,000000,5.6,5.6,5.4,5.5,0,0
INC_PE,D,20080418,000000,5.5,5.6,5.4,5.6,0,0
INC_PE,D,20080421,000000,5.6,5.6,5.4,5.5,0,0
INC_PE,D,20080422,000000,5.4,5.4,4.9,5.3,0,0
INC_PE,D,20080423,000000,5.1,5.2,4.8,5,0,0
INC_PE,D,20080424,000000,5,5.1,4.9,5.1,0,0
INC_PE,D,20080425,000000,5.2,5.2,4.9,5.1,0,0
INC_PE,D,20080428,000000,5.2,5.6,5.1,5.4,0,0
INC_PE,D,20080429,000000,5.4,5.5,5.3,5.4,0,0
INC_PE,D,20080430,000000,5.4,5.5,5.4,5.5,0,0
INC_PE,D,20080505,000000,5.5,5.6,5.4,5.4,0,0
INC_PE,D,20080506,000000,5.4,5.4,5.3,5.4,0,0
INC_PE,D,20080507,000000,5.3,5.4,5.2,5.4,0,0
INC_PE,D,20080508,000000,5.5,5.5,5.2,5.3,0,0
INC_PE,D,20080509,000000,5.3,5.3,5.2,5.3,0,0
INC_PE,D,20080512,000000,5.3,5.3,5.1,5.1,0,0
INC_PE,D,20080513,000000,5.2,5.2,5,5.1,0,0
INC_PE,D,20080514,000000,5.1,5.4,5,5.3,0,0
INC_PE,D,20080515,000000,5.4,5.4,5,5.3,0,0
INC_PE,D,20080516,000000,5.3,5.3,5,5.2,0,0
INC_PE,D,20080519,000000,5.1,5.2,4.6,4.6,0,0
INC_PE,D,20080520,000000,4.5,4.7,4.5,4.5,0,0
INC_PE,D,20080521,000000,4.5,4.6,4.4,4.6,0,0
INC_PE,D,20080523,000000,4.6,4.8,4.6,4.7,0,0
INC_PE,D,20080526,000000,4.6,4.9,4.6,4.9,0,0
INC_PE,D,20080527,000000,5,5,4.9,4.9,0,0
INC_PE,D,20080528,000000,4.9,4.9,4.8,4.8,0,0
INC_PE,D,20080529,000000,4.8,4.8,4.5,4.8,0,0
INC_PE,D,20080530,000000,4.8,5,4.8,5,0,0
INC_PE,D,20080602,000000,4.9,5.1,4.9,5,0,0
INC_PE,D,20080603,000000,5,5,4.8,4.8,0,0
INC_PE,D,20080604,000000,4.9,4.9,4.7,4.7,0,0
INC_PE,D,20080605,000000,4.6,4.7,4.6,4.7,0,0
INC_PE,D,20080606,000000,4.7,4.8,4.6,4.7,0,0
INC_PE,D,20080609,000000,4.6,4.7,4.4,4.5,0,0
INC_PE,D,20080610,000000,4.7,4.7,4.2,4.4,0,0
INC_PE,D,20080611,000000,4.4,4.9,4.4,4.6,0,0
INC_PE,D,20080612,000000,4.8,4.8,4.5,4.7,0,0
INC_PE,D,20080613,000000,4.7,4.7,4.6,4.7,0,0
INC_PE,D,20080616,000000,4.6,4.7,4.5,4.5,0,0
INC_PE,D,20080617,000000,4.6,4.6,4.3,4.6,0,0
INC_PE,D,20080618,000000,4.5,4.5,4.3,4.5,0,0
INC_PE,D,20080619,000000,4.4,4.6,4.4,4.6,0,0
INC_PE,D,20080620,000000,4.5,4.5,4.4,4.4,0,0
INC_PE,D,20080623,000000,4.4,4.5,4.3,4.5,0,0
INC_PE,D,20080624,000000,4.6,4.7,4.5,4.7,0,0
INC_PE,D,20080625,000000,4.7,4.8,4.5,4.7,0,0
INC_PE,D,20080626,000000,4.5,4.7,4.5,4.7,0,0
INC_PE,D,20080627,000000,4.6,4.8,4.4,4.7,0,0
INC_PE,D,20080630,000000,4.6,4.7,4.6,4.7,0,0
INC_PE,D,20080701,000000,4.5,4.7,4.5,4.7,0,0
INC_PE,D,20080702,000000,4.6,4.7,4.5,4.5,0,0
INC_PE,D,20080703,000000,4.5,4.6,4.4,4.6,0,0
INC_PE,D,20080704,000000,4.4,4.6,4.3,4.4,0,0
INC_PE,D,20080707,000000,4.4,4.4,4.3,4.3,0,0
INC_PE,D,20080708,000000,4.3,4.5,4.3,4.5,0,0
INC_PE,D,20080709,000000,4.5,4.5,4.4,4.4,0,0
INC_PE,D,20080710,000000,4.3,4.5,4.3,4.5,0,0
INC_PE,D,20080711,000000,4.4,4.5,4.4,4.5,0,0
INC_PE,D,20080714,000000,4.4,4.6,4.4,4.5,0,0
INC_PE,D,20080715,000000,4.3,4.4,4.3,4.3,0,0
INC_PE,D,20080716,000000,4.3,4.3,4,4.1,0,0
INC_PE,D,20080717,000000,4.3,4.3,4.3,4.3,0,0
INC_PE,D,20080718,000000,4.2,4.4,4.1,4.3,0,0
INC_PE,D,20080721,000000,4.2,4.4,4.2,4.4,0,0
INC_PE,D,20080722,000000,4.2,4.4,4,4,0,0
INC_PE,D,20080723,000000,4.3,4.4,4,4.3,0,0
INC_PE,D,20080724,000000,4.3,4.4,4.3,4.3,0,0
INC_PE,D,20080725,000000,4.2,4.5,4.2,4.5,0,0
INC_PE,D,20080728,000000,4.5,4.5,4.3,4.4,0,0
INC_PE,D,20080729,000000,4.3,4.5,4.3,4.4,0,0
INC_PE,D,20080730,000000,4.4,4.5,4.3,4.5,0,0
INC_PE,D,20080731,000000,4.3,4.6,4.3,4.5,0,0
INC_PE,D,20080801,000000,4.6,4.6,4.5,4.5,0,0
INC_PE,D,20080804,000000,4.6,4.6,4.3,4.3,0,0
INC_PE,D,20080805,000000,4.2,4.5,4.1,4.3,0,0
INC_PE,D,20080806,000000,4.3,4.3,4.3,4.3,0,0
INC_PE,D,20080807,000000,4.1,4.2,4.1,4.1,0,0
INC_PE,D,20080808,000000,4,4.2,4,4.1,0,0
INC_PE,D,20080811,000000,4,4.3,4,4.3,0,0
INC_PE,D,20080812,000000,4.3,4.5,4.3,4.4,0,0
INC_PE,D,20080813,000000,4.3,4.4,4.3,4.4,0,0
INC_PE,D,20080814,000000,4.5,4.5,4.3,4.4,0,0
INC_PE,D,20080818,000000,4.3,4.3,4.1,4.1,0,0
INC_PE,D,20080819,000000,4.1,4.1,3.7,3.7,0,0
INC_PE,D,20080820,000000,3.6,3.9,3.6,3.7,0,0
INC_PE,D,20080821,000000,3.8,3.8,3.8,3.8,0,0
INC_PE,D,20080822,000000,3.8,3.8,3.5,3.5,0,0
INC_PE,D,20080825,000000,3.7,3.7,3.3,3.4,0,0
INC_PE,D,20080826,000000,3.4,3.5,3.3,3.3,0,0
INC_PE,D,20080827,000000,3.5,3.6,3.4,3.6,0,0
INC_PE,D,20080828,000000,3.6,4,3.6,4,0,0
INC_PE,D,20080829,000000,4,4,3.8,3.9,0,0
INC_PE,D,20080901,000000,3.9,4.2,3.7,4.2,0,0
INC_PE,D,20080902,000000,4.2,4.2,3.9,4.1,0,0
INC_PE,D,20080903,000000,3.9,4.1,3.9,4,0,0
INC_PE,D,20080904,000000,3.9,4,3.8,3.9,0,0
INC_PE,D,20080905,000000,3.9,4.1,3.8,4.1,0,0
INC_PE,D,20080908,000000,4.1,4.2,4,4.1,0,0
INC_PE,D,20080909,000000,4,4.1,4,4,0,0
INC_PE,D,20080910,000000,4,4,3.8,3.9,0,0
INC_PE,D,20080911,000000,3.8,3.9,3.7,3.9,0,0
INC_PE,D,20080912,000000,3.8,3.9,3.8,3.9,0,0
INC_PE,D,20080915,000000,4.2,4.2,3.9,3.9,0,0
INC_PE,D,20080916,000000,4,4.3,3.9,4.2,0,0
INC_PE,D,20080917,000000,4.2,4.3,4.1,4.2,0,0
INC_PE,D,20080918,000000,4.2,4.2,4,4.1,0,0
INC_PE,D,20080919,000000,4.3,4.3,3.9,4.2,0,0
INC_PE,D,20080922,000000,4,4.2,4,4.1,0,0
INC_PE,D,20080923,000000,3.9,4,3.9,4,0,0
INC_PE,D,20080924,000000,4,4,3.9,4,0,0
INC_PE,D,20080925,000000,4,4.1,3.8,4.1,0,0
INC_PE,D,20080926,000000,3.8,4.1,3.8,4.1,0,0
INC_PE,D,20080929,000000,4.1,4.1,4,4,0,0
INC_PE,D,20080930,000000,3.7,4,3.7,4,0,0
INC_PE,D,20081001,000000,3.9,4,3.9,4,0,0
INC_PE,D,20081002,000000,3.9,4,3.8,4,0,0
INC_PE,D,20081003,000000,3.8,3.8,3.6,3.8,0,0
INC_PE,D,20081006,000000,3.7,3.8,3.6,3.8,0,0
INC_PE,D,20081007,000000,3.6,3.7,3.5,3.7,0,0
INC_PE,D,20081008,000000,3.7,3.8,3.4,3.7,0,0
INC_PE,D,20081009,000000,3.8,3.8,3.5,3.7,0,0
INC_PE,D,20081010,000000,3.7,3.7,3.2,3.6,0,0
INC_PE,D,20081013,000000,3.5,3.6,3.4,3.4,0,0
INC_PE,D,20081014,000000,3.6,3.6,3.3,3.5,0,0
INC_PE,D,20081015,000000,3.6,3.6,3.2,3.5,0,0
INC_PE,D,20081016,000000,3.2,3.4,3.1,3.2,0,0
INC_PE,D,20081017,000000,3.2,3.4,2.8,3.4,0,0
INC_PE,D,20081020,000000,3.1,3.5,3.1,3.2,0,0
INC_PE,D,20081021,000000,3.1,3.3,3.1,3.2,0,0
INC_PE,D,20081022,000000,3.2,3.3,3,3.3,0,0
INC_PE,D,20081023,000000,3,3.3,2.9,3.2,0,0
INC_PE,D,20081024,000000,3.1,3.2,2.9,3.2,0,0
INC_PE,D,20081027,000000,3.1,3.4,3,3.1,0,0
INC_PE,D,20081028,000000,3.5,3.5,3.3,3.3,0,0
INC_PE,D,20081029,000000,3.3,3.4,3.1,3.4,0,0
INC_PE,D,20081031,000000,3.2,3.3,3.2,3.3,0,0
INC_PE,D,20081103,000000,3.1,3.3,3.1,3.1,0,0
INC_PE,D,20081104,000000,3.3,3.3,3.1,3.3,0,0
INC_PE,D,20081105,000000,3.2,3.4,3.2,3.2,0,0
INC_PE,D,20081106,000000,3.2,3.3,3.1,3.3,0,0
INC_PE,D,20081107,000000,3.4,3.4,3.2,3.3,0,0
INC_PE,D,20081110,000000,3.3,3.3,3.1,3.2,0,0
INC_PE,D,20081112,000000,3.3,3.3,3,3.2,0,0
INC_PE,D,20081113,000000,2.7,6.6,2.7,6.6,0,0
INC_PE,D,20081114,000000,6.4,6.4,6,6,0,0
INC_PE,D,20081117,000000,6,6.4,4.4,4.4,0,0
INC_PE,D,20081118,000000,4.3,4.6,4.3,4.5,0,0
INC_PE,D,20081119,000000,4.4,7.5,4.3,7.5,0,0
INC_PE,D,20081120,000000,6.7,7.1,6.6,7.1,0,0
INC_PE,D,20081121,000000,7.1,7.1,6.6,6.7,0,0
INC_PE,D,20081124,000000,7,7.6,7,7.5,0,0
INC_PE,D,20081125,000000,7.2,7.5,7.2,7.5,0,0
INC_PE,D,20081126,000000,7.8,7.8,7.4,7.5,0,0
INC_PE,D,20081127,000000,7.6,7.6,7.3,7.5,0,0
INC_PE,D,20081128,000000,7.2,7.6,7.2,7.6,0,0
INC_PE,D,20081201,000000,7.3,7.6,7.2,7.6,0,0
INC_PE,D,20081202,000000,7.2,7.6,7.2,7.6,0,0
INC_PE,D,20081203,000000,7.6,7.6,7.3,7.5,0,0
INC_PE,D,20081204,000000,7.8,7.8,7.2,7.8,0,0
INC_PE,D,20081205,000000,7.3,7.8,7.3,7.4,0,0
INC_PE,D,20081208,000000,7.8,8.3,7.8,8,0,0
INC_PE,D,20081209,000000,8.2,8.2,7.9,8,0,0
INC_PE,D,20081210,000000,8.1,8.2,7.8,8.2,0,0
INC_PE,D,20081211,000000,8.1,8.1,8.1,8.1,0,0
INC_PE,D,20081212,000000,8.1,8.1,7.3,7.4,0,0
INC_PE,D,20081215,000000,7.5,7.7,7.5,7.7,0,0
INC_PE,D,20081216,000000,7.4,7.7,7.4,7.7,0,0
INC_PE,D,20081217,000000,7.5,7.5,7.2,7.2,0,0
INC_PE,D,20081218,000000,7.2,7.6,6.7,7.3,0,0
INC_PE,D,20081219,000000,7.2,7.5,6.7,7.5,0,0
INC_PE,D,20081222,000000,7.2,7.2,6.8,7.1,0,0
INC_PE,D,20081223,000000,6.9,6.9,6.6,6.7,0,0
INC_PE,D,20081229,000000,6.7,7.1,6.7,6.7,0,0
INC_PE,D,20081230,000000,7,7,6.6,6.7,0,0
INC_PE,D,20081231,000000,6.7,7,6.7,6.7,0,0
INC_PE,D,20090105,000000,7.2,7.2,6.7,7,0,0
INC_PE,D,20090106,000000,7,7,6.7,6.9,0,0
INC_PE,D,20090107,000000,6.9,6.9,6.8,6.8,0,0
INC_PE,D,20090108,000000,6.8,6.8,6.6,6.7,0,0
INC_PE,D,20090109,000000,6.7,6.7,6.5,6.6,0,0
INC_PE,D,20090112,000000,6.6,6.6,6.2,6.5,0,0
INC_PE,D,20090113,000000,6.3,6.5,6.2,6.2,0,0
INC_PE,D,20090114,000000,6.5,6.5,6.2,6.5,0,0
INC_PE,D,20090115,000000,6.3,6.5,6.3,6.5,0,0
INC_PE,D,20090116,000000,6.3,6.5,6.2,6.5,0,0
INC_PE,D,20090119,000000,6.3,6.5,6.3,6.5,0,0
INC_PE,D,20090120,000000,6.4,6.5,6.2,6.5,0,0
INC_PE,D,20090121,000000,6.3,6.5,6,6.5,0,0
INC_PE,D,20090122,000000,6.1,6.5,6.1,6.5,0,0
INC_PE,D,20090123,000000,6.3,6.3,6.3,6.3,0,0
INC_PE,D,20090126,000000,6.5,6.5,6.5,6.5,0,0
INC_PE,D,20090127,000000,6.6,6.6,6.5,6.5,0,0
INC_PE,D,20090128,000000,6.1,6.6,6.1,6.4,0,0
INC_PE,D,20090129,000000,6.3,6.5,6.1,6.5,0,0
INC_PE,D,20090130,000000,6.2,6.5,6.2,6.5,0,0
INC_PE,D,20090202,000000,6,6,5.9,5.9,0,0
INC_PE,D,20090203,000000,6.3,6.5,6,6.5,0,0
INC_PE,D,20090205,000000,6.4,6.4,5.9,6.4,0,0
INC_PE,D,20090206,000000,6.2,6.5,6.2,6.5,0,0
INC_PE,D,20090209,000000,6,6.4,5.9,6.4,0,0
INC_PE,D,20090210,000000,6.4,6.4,6.2,6.3,0,0
INC_PE,D,20090211,000000,6.2,6.3,6,6.3,0,0
INC_PE,D,20090212,000000,6.2,6.2,5.9,6.2,0,0
INC_PE,D,20090213,000000,6.3,6.4,5.9,6.4,0,0
INC_PE,D,20090216,000000,6,6,6,6,0,0
INC_PE,D,20090217,000000,6.1,6.2,5.4,6.2,0,0
INC_PE,D,20090218,000000,6.1,6.2,5.9,6.2,0,0
INC_PE,D,20090219,000000,6.2,6.3,5.9,6.2,0,0
INC_PE,D,20090223,000000,6.2,6.2,5.9,6.2,0,0
INC_PE,D,20090224,000000,5.9,6.2,5.9,6.2,0,0
INC_PE,D,20090225,000000,6.1,6.2,5.7,6.2,0,0
INC_PE,D,20090226,000000,6,6.3,6,6.2,0,0
INC_PE,D,20090227,000000,5.8,6.2,5.7,6.2,0,0
INC_PE,D,20090302,000000,6.1,6.2,6,6,0,0
INC_PE,D,20090303,000000,5.9,29.5,5.7,29.5,0,0
INC_PE,D,20090304,000000,29.8,29.8,29.5,29.5,0,0
INC_PE,D,20090305,000000,28.2,29.8,28.2,29.8,0,0
INC_PE,D,20090306,000000,29.8,29.8,28.2,28.2,0,0
INC_PE,D,20090309,000000,28.2,29.8,27.6,29.8,0,0
INC_PE,D,20090310,000000,29.2,29.5,29.2,29.2,0,0
INC_PE,D,20091118,000000,30.7,30.7,30.7,30.7,0,0
INC_PE,D,20091119,000000,30.3,30.7,29.7,30.3,0,0
INC_PE,D,20091120,000000,30.3,30.7,28.9,30.3,0,0
INC_PE,D,20091123,000000,30.5,32.6,30.5,32.6,0,0
INC_PE,D,20091124,000000,33,33,30.9,31,0,0
INC_PE,D,20091125,000000,31.6,31.6,31,31,0,0
INC_PE,D,20091126,000000,31.4,32,30.6,31.6,0,0
INC_PE,D,20091127,000000,30.6,30.8,29.5,30.1,0,0
INC_PE,D,20091130,000000,29.1,30.5,29.1,30.5,0,0
INC_PE,D,20091201,000000,30.7,30.7,28.9,30.1,0,0
INC_PE,D,20091202,000000,30.1,30.1,29.3,29.9,0,0
INC_PE,D,20091203,000000,29.1,29.7,29.1,29.1,0,0
INC_PE,D,20091204,000000,29.1,29.9,28.9,29.1,0,0
INC_PE,D,20091207,000000,29.9,29.9,29.1,29.9,0,0
INC_PE,D,20091208,000000,29.1,29.9,29.1,29.3,0,0
INC_PE,D,20091209,000000,29.5,29.9,28.2,28.5,0,0
INC_PE,D,20091210,000000,28.1,28.9,28.1,28.5,0,0
INC_PE,D,20091211,000000,28.7,30.4,28.5,29.7,0,0
INC_PE,D,20091214,000000,29.7,30.3,29.7,29.9,0,0
INC_PE,D,20091215,000000,29.9,31,29.1,31,0,0
INC_PE,D,20091216,000000,31.2,32.6,31.2,32.4,0,0
INC_PE,D,20091217,000000,32.2,34,32.2,33.6,0,0
INC_PE,D,20091218,000000,33,35.1,32.8,33,0,0
INC_PE,D,20091221,000000,33,34,33,33.2,0,0
INC_PE,D,20091222,000000,33,34.6,33,33.2,0,0
INC_PE,D,20091223,000000,33.6,34.3,33,34.3,0,0
INC_PE,D,20091228,000000,35.3,39.9,34.3,39.8,0,0
INC_PE,D,20091229,000000,39.2,39.8,37.5,37.8,0,0
INC_PE,D,20091230,000000,37.6,37.8,35.7,36.7,0,0
INC_PE,D,20091231,000000,36.1,40,36.1,39.6,0,0
INC_PE,D,20100104,000000,40,43.7,22.6,22.6,0,0
INC_PE,D,20100105,000000,23.1,23.4,21.5,22.2,0,0
INC_PE,D,20100106,000000,22.2,23.3,21.6,23.2,0,0
INC_PE,D,20100107,000000,23.1,24.7,23.1,23.4,0,0
INC_PE,D,20100108,000000,23.7,23.7,22.5,22.9,0,0
INC_PE,D,20100111,000000,23,23,21.7,22.1,0,0
INC_PE,D,20100112,000000,22.1,22.1,20.5,20.5,0,0
INC_PE,D,20100113,000000,20.5,21.6,20.5,21.3,0,0
INC_PE,D,20100114,000000,21.5,21.5,20.5,21.1,0,0
INC_PE,D,20100115,000000,21.1,21.1,20.3,20.4,0,0
INC_PE,D,20100118,000000,20.5,21.5,20.5,21.4,0,0
INC_PE,D,20100119,000000,21.5,22,21.1,21.5,0,0
INC_PE,D,20100120,000000,21.5,21.5,20.6,21.1,0,0
INC_PE,D,20100121,000000,21.4,21.4,20.6,20.7,0,0
INC_PE,D,20100122,000000,20.2,20.5,19.7,20.4,0,0
INC_PE,D,20100125,000000,20,20.7,20,20.1,0,0
INC_PE,D,20100126,000000,19.9,19.9,18.9,19.1,0,0
INC_PE,D,20100127,000000,18.7,19.3,18.7,19.1,0,0
INC_PE,D,20100128,000000,19.4,19.4,18.6,19.1,0,0
INC_PE,D,20100129,000000,18.8,19.3,18.3,19.1,0,0
INC_PE,D,20100201,000000,19.1,19.1,18.4,18.8,0,0
INC_PE,D,20100202,000000,18.8,19.2,18.7,18.7,0,0
INC_PE,D,20100203,000000,19.2,20.2,18.8,19.5,0,0
INC_PE,D,20100204,000000,20,20.6,18.7,18.7,0,0
INC_PE,D,20100205,000000,18.4,18.7,17.6,18.3,0,0
INC_PE,D,20100208,000000,18.3,18.3,17.4,17.7,0,0
INC_PE,D,20100209,000000,17.6,18.3,17.6,18.1,0,0
INC_PE,D,20100210,000000,18.6,19.1,18.4,18.5,0,0
INC_PE,D,20100211,000000,18.8,18.8,18,18.3,0,0
INC_PE,D,20100212,000000,18.2,18.2,17.9,18.2,0,0
INC_PE,D,20100215,000000,18.2,18.7,17.9,18.7,0,0
INC_PE,D,20100216,000000,18.8,19.4,18.1,18.7,0,0
INC_PE,D,20100217,000000,18.9,19.1,18.6,18.8,0,0
INC_PE,D,20100218,000000,18.8,18.8,18.3,18.7,0,0
INC_PE,D,20100219,000000,18.5,18.7,18.1,18.7,0,0
INC_PE,D,20100222,000000,18.9,18.9,18.1,18.8,0,0
INC_PE,D,20100223,000000,18.7,18.7,18.2,18.5,0,0
INC_PE,D,20100224,000000,18.8,18.8,18.6,18.7,0,0
INC_PE,D,20100225,000000,18.7,18.9,18.3,18.3,0,0
INC_PE,D,20100226,000000,18.3,18.6,18.2,18.3,0,0
INC_PE,D,20100301,000000,18.4,18.6,17.9,18.4,0,0
INC_PE,D,20100302,000000,18.2,18.3,18,18.3,0,0
INC_PE,D,20100303,000000,18.3,18.3,17.8,18,0,0
INC_PE,D,20100304,000000,18.1,20.8,18,20.8,0,0
INC_PE,D,20100305,000000,20.7,20.8,19.8,20.8,0,0
INC_PE,D,20100308,000000,20.9,21.4,20.7,21.1,0,0
INC_PE,D,20100309,000000,21.3,22.6,20.8,21.8,0,0
INC_PE,D,20100310,000000,22.2,22.3,21.7,22.1,0,0
INC_PE,D,20100311,000000,22.3,22.3,21.6,22.1,0,0
INC_PE,D,20100312,000000,21.8,22.1,21.1,21.5,0,0
INC_PE,D,20100315,000000,21.5,21.7,20.8,21.2,0,0
INC_PE,D,20100316,000000,21.5,22.3,21,21.9,0,0
INC_PE,D,20100317,000000,21.6,22.3,20.9,21,0,0
INC_PE,D,20100318,000000,20.7,21.1,20.5,21,0,0
INC_PE,D,20100319,000000,22.5,22.5,20.6,20.8,0,0
INC_PE,D,20100322,000000,20.5,21.2,7.6,7.6,0,0
INC_PE,D,20100323,000000,7.3,7.7,7.3,7.4,0,0
INC_PE,D,20100324,000000,7.4,7.4,7.1,7.2,0,0
INC_PE,D,20100325,000000,7.2,7.2,7,7.2,0,0
INC_PE,D,20100326,000000,7.2,7.5,7.2,7.4,0,0
INC_PE,D,20100329,000000,7.4,7.4,7.2,7.4,0,0
INC_PE,D,20100330,000000,7.6,7.9,7.5,7.9,0,0
INC_PE,D,20100331,000000,7.9,8.9,7.9,8.8,0,0
INC_PE,D,20100401,000000,8.8,9.3,8.6,8.6,0,0
INC_PE,D,20100406,000000,8.6,9.5,8.6,9.3,0,0
INC_PE,D,20100407,000000,9.2,9.5,9.1,9.3,0,0
INC_PE,D,20100408,000000,9.1,9.1,8.9,9.1,0,0
INC_PE,D,20100409,000000,9.4,9.4,9.1,9.2,0,0
INC_PE,D,20100412,000000,9,9.1,8.8,8.8,0,0
INC_PE,D,20100413,000000,8.8,9.1,8.6,8.6,0,0
INC_PE,D,20100414,000000,8.6,8.8,8.3,8.6,0,0
INC_PE,D,20100415,000000,8.8,9.1,8.5,8.8,0,0
INC_PE,D,20100416,000000,8.8,9,8.6,8.7,0,0
INC_PE,D,20100419,000000,8.7,8.7,8.4,8.5,0,0
INC_PE,D,20100420,000000,8.4,8.5,8.4,8.4,0,0
INC_PE,D,20100421,000000,8.5,8.8,8.5,8.7,0,0
INC_PE,D,20100422,000000,9,9,8.7,9,0,0
INC_PE,D,20100423,000000,9.2,9.7,9.1,9.7,0,0
INC_PE,D,20100426,000000,9.8,9.8,9.1,9.1,0,0
INC_PE,D,20100427,000000,9.2,9.2,8.9,8.9,0,0
INC_PE,D,20100428,000000,8.9,9,8.7,9,0,0
INC_PE,D,20100429,000000,9,9.1,8.8,8.8,0,0
INC_PE,D,20100430,000000,8.8,9,8.8,8.9,0,0
INC_PE,D,20100504,000000,9.2,9.2,8.7,8.7,0,0
INC_PE,D,20100505,000000,8.7,8.7,8.3,8.4,0,0
INC_PE,D,20100506,000000,8.4,8.7,8.4,8.5,0,0
INC_PE,D,20100507,000000,8,8.4,8,8.3,0,0
INC_PE,D,20100510,000000,8.5,8.7,8.4,8.5,0,0
INC_PE,D,20100511,000000,8.5,8.5,8.3,8.5,0,0
INC_PE,D,20100512,000000,8.4,8.7,8.4,8.6,0,0
INC_PE,D,20100513,000000,8.6,8.8,8.6,8.6,0,0
INC_PE,D,20100514,000000,8.7,8.7,8.4,8.4,0,0
INC_PE,D,20100517,000000,8.3,8.3,8.1,8.3,0,0
INC_PE,D,20100518,000000,8.2,8.3,8,8.3,0,0
INC_PE,D,20100519,000000,8.3,8.3,7.8,7.9,0,0
INC_PE,D,20100520,000000,7.8,7.9,7.6,7.7,0,0
INC_PE,D,20100521,000000,7.5,7.9,7.5,7.8,0,0
INC_PE,D,20100524,000000,8,8,7.6,7.7,0,0
INC_PE,D,20100525,000000,7.6,7.6,7.3,7.6,0,0
INC_PE,D,20100526,000000,7.6,7.8,7.6,7.8,0,0
INC_PE,D,20100527,000000,7.8,8.1,7.7,7.7,0,0
INC_PE,D,20100528,000000,7.9,7.9,7.7,7.7,0,0
INC_PE,D,20100531,000000,7.9,7.9,7.5,7.8,0,0
INC_PE,D,20100601,000000,7.8,7.8,7.4,7.4,0,0
INC_PE,D,20100602,000000,7.3,7.7,7.3,7.6,0,0
INC_PE,D,20100604,000000,7.8,7.9,7.4,7.5,0,0
INC_PE,D,20100607,000000,7.4,7.5,7.3,7.4,0,0
INC_PE,D,20100608,000000,7.4,8,7.4,7.8,0,0
INC_PE,D,20100609,000000,7.9,8,7.8,7.8,0,0
INC_PE,D,20100610,000000,7.8,8,7.7,7.8,0,0
INC_PE,D,20100611,000000,8,8,7.6,7.6,0,0
INC_PE,D,20100614,000000,7.7,7.8,7.6,7.8,0,0
INC_PE,D,20100615,000000,7.7,7.8,7.6,7.6,0,0
INC_PE,D,20100616,000000,7.4,7.8,7.4,7.8,0,0
INC_PE,D,20100617,000000,7.6,7.8,7.6,7.7,0,0
INC_PE,D,20100618,000000,7.5,7.9,7.5,7.5,0,0
INC_PE,D,20100621,000000,7.4,7.7,7.4,7.7,0,0
INC_PE,D,20100622,000000,7.7,7.7,7.5,7.6,0,0
INC_PE,D,20100623,000000,7.5,7.7,7.5,7.5,0,0
INC_PE,D,20100624,000000,7.5,7.5,7.1,7.2,0,0
INC_PE,D,20100625,000000,7.1,7.2,6.9,7.1,0,0
INC_PE,D,20100628,000000,7.2,7.3,7,7.1,0,0
INC_PE,D,20100629,000000,7.1,7.1,6.9,7,0,0
INC_PE,D,20100630,000000,6.8,6.9,6.8,6.9,0,0
INC_PE,D,20100701,000000,6.7,6.8,6.6,6.8,0,0
INC_PE,D,20100702,000000,6.8,7,6.7,6.8,0,0
INC_PE,D,20100705,000000,7,7.2,6.8,7,0,0
INC_PE,D,20100706,000000,7.2,7.6,7.1,7.2,0,0
INC_PE,D,20100707,000000,7.1,7.2,7,7,0,0
INC_PE,D,20100708,000000,7.3,7.3,7,7,0,0
INC_PE,D,20100709,000000,7.2,7.2,7,7,0,0
INC_PE,D,20100712,000000,7,7.2,7,7.2,0,0
INC_PE,D,20100713,000000,7.2,7.2,7.1,7.1,0,0
INC_PE,D,20100714,000000,7.1,7.1,6.9,7,0,0
INC_PE,D,20100715,000000,7,7,6.9,7,0,0
INC_PE,D,20100716,000000,6.9,7.4,6.9,7.3,0,0
INC_PE,D,20100719,000000,7.4,7.4,7,7.1,0,0
INC_PE,D,20100720,000000,7.1,7.2,7.1,7.1,0,0
INC_PE,D,20100721,000000,7.2,7.4,7.2,7.2,0,0
INC_PE,D,20100722,000000,7.4,7.4,7.1,7.1,0,0
INC_PE,D,20100723,000000,7.1,7.3,7,7.2,0,0
INC_PE,D,20100726,000000,7.4,7.4,7.2,7.3,0,0
INC_PE,D,20100727,000000,7.3,7.4,7.3,7.3,0,0
INC_PE,D,20100728,000000,7.2,7.3,7.1,7.1,0,0
INC_PE,D,20100729,000000,7.1,7.1,7,7.1,0,0
INC_PE,D,20100730,000000,7.1,7.3,7.1,7.2,0,0
INC_PE,D,20100802,000000,7.2,7.3,7.1,7.2,0,0
INC_PE,D,20100803,000000,7.2,7.4,7.2,7.3,0,0
INC_PE,D,20100804,000000,7.3,7.4,7.1,7.3,0,0
INC_PE,D,20100805,000000,7.3,7.4,7.2,7.3,0,0
INC_PE,D,20100806,000000,7.5,7.5,7.3,7.4,0,0
INC_PE,D,20100809,000000,7.4,7.4,7.1,7.2,0,0
INC_PE,D,20100810,000000,7.1,7.2,7,7.1,0,0
INC_PE,D,20100811,000000,7.1,7.1,6.9,7,0,0
INC_PE,D,20100812,000000,7,7.1,6.9,7.1,0,0
INC_PE,D,20100813,000000,7.2,7.2,7,7.1,0,0
INC_PE,D,20100816,000000,7.1,7.1,7,7,0,0
INC_PE,D,20100817,000000,7,7.1,6.9,7.1,0,0
INC_PE,D,20100818,000000,7,7.2,7,7.1,0,0
INC_PE,D,20100819,000000,7.1,7.1,7,7.1,0,0
INC_PE,D,20100820,000000,7,7.1,7,7.1,0,0
INC_PE,D,20100823,000000,7.1,7.1,6.9,6.9,0,0
INC_PE,D,20100824,000000,6.9,7.1,6.9,7.1,0,0
INC_PE,D,20100825,000000,7,7.1,7,7,0,0
INC_PE,D,20100826,000000,7.2,7.2,7,7.1,0,0
INC_PE,D,20100827,000000,7.1,7.1,7,7,0,0
INC_PE,D,20100830,000000,7.1,7.2,7,7.1,0,0
INC_PE,D,20100831,000000,6.9,7.1,6.9,7,0,0
INC_PE,D,20100901,000000,7,12.4,6.9,12.4,0,0
INC_PE,D,20100902,000000,12.5,12.8,12.1,12.5,0,0
INC_PE,D,20100903,000000,12.5,12.5,12.2,12.2,0,0
INC_PE,D,20100906,000000,12.2,12.5,11.7,12.5,0,0
INC_PE,D,20100907,000000,12.6,12.6,11.7,12.2,0,0
INC_PE,D,20100908,000000,12.2,12.6,11.9,12.6,0,0
INC_PE,D,20100909,000000,12.5,12.6,12,12.3,0,0
INC_PE,D,20100910,000000,12.1,12.4,12.1,12.4,0,0
INC_PE,D,20100913,000000,12.4,12.5,12.3,12.4,0,0
INC_PE,D,20100914,000000,12.3,12.3,12.1,12.1,0,0
INC_PE,D,20100915,000000,12.1,12.4,12,12.3,0,0
INC_PE,D,20100916,000000,12.2,12.4,12.1,12.1,0,0
INC_PE,D,20100917,000000,12.1,12.2,12,12.2,0,0
INC_PE,D,20100920,000000,12.1,12.3,12.1,12.3,0,0
INC_PE,D,20100921,000000,12.3,12.5,12.2,12.4,0,0
INC_PE,D,20100922,000000,12.2,12.3,12.2,12.3,0,0
INC_PE,D,20100923,000000,12.2,12.2,12.1,12.1,0,0
INC_PE,D,20100924,000000,12,12.2,12,12.1,0,0
INC_PE,D,20100927,000000,12.2,12.2,11.8,11.9,0,0
INC_PE,D,20100928,000000,11.9,11.9,11.6,11.9,0,0
INC_PE,D,20100929,000000,11.8,12.2,11.8,12.1,0,0
INC_PE,D,20100930,000000,11.8,12.1,11.7,11.9,0,0
INC_PE,D,20101001,000000,12,12.2,12,12.1,0,0
INC_PE,D,20101004,000000,12.2,12.4,12,12.4,0,0
INC_PE,D,20101005,000000,12.4,12.4,12.2,12.2,0,0
INC_PE,D,20101006,000000,12.2,12.3,12.1,12.1,0,0
INC_PE,D,20101007,000000,12,12.7,12,12.6,0,0
INC_PE,D,20101008,000000,12.7,12.8,12.3,12.5,0,0
INC_PE,D,20101011,000000,12.5,12.5,12.3,12.5,0,0
INC_PE,D,20101012,000000,12.5,12.5,12.2,12.3,0,0
INC_PE,D,20101013,000000,12.3,12.5,12.3,12.4,0,0
INC_PE,D,20101014,000000,12.3,12.5,12.2,12.5,0,0
INC_PE,D,20101015,000000,12.6,13.3,12.3,13.2,0,0
INC_PE,D,20101018,000000,13.2,13.4,12.7,12.7,0,0
INC_PE,D,20101019,000000,12.8,13,12.6,12.8,0,0
INC_PE,D,20101020,000000,12.6,13.1,12.5,12.9,0,0
INC_PE,D,20101021,000000,12.9,13.2,12.6,13.2,0,0
INC_PE,D,20101022,000000,13.2,13.4,12.9,13.4,0,0
INC_PE,D,20101025,000000,13.4,14.4,13.4,14.2,0,0
INC_PE,D,20101026,000000,14.1,14.1,13.6,13.9,0,0
INC_PE,D,20101027,000000,13.9,14.4,13.8,14.1,0,0
INC_PE,D,20101028,000000,14.1,14.1,13.8,14,0,0
INC_PE,D,20101029,000000,13.9,14.1,13.8,13.9,0,0
INC_PE,D,20101102,000000,13.8,13.8,13.4,13.8,0,0
INC_PE,D,20101103,000000,13.8,13.8,13.7,13.7,0,0
INC_PE,D,20101104,000000,13.5,13.8,13.5,13.8,0,0
INC_PE,D,20101105,000000,13.4,13.8,13.4,13.8,0,0
INC_PE,D,20101108,000000,13.7,13.7,13.6,13.7,0,0
INC_PE,D,20101109,000000,13.7,13.7,13.5,13.7,0,0
INC_PE,D,20101110,000000,13.6,13.6,13.4,13.4,0,0
INC_PE,D,20101112,000000,13.3,13.3,12.7,13,0,0
INC_PE,D,20101115,000000,12.9,12.9,12.4,12.4,0,0
INC_PE,D,20101116,000000,12.6,12.6,12.3,12.3,0,0
INC_PE,D,20101117,000000,12.1,12.3,12.1,12.2,0,0
INC_PE,D,20101118,000000,12.2,12.5,12.2,12.4,0,0
INC_PE,D,20101119,000000,12.5,12.6,11.9,11.9,0,0
INC_PE,D,20101122,000000,11.8,11.8,11.5,11.8,0,0
INC_PE,D,20101123,000000,11.8,11.8,11.5,11.7,0,0
INC_PE,D,20101124,000000,11.6,11.9,11.6,11.8,0,0
INC_PE,D,20101125,000000,11.6,11.8,11.5,11.8,0,0
INC_PE,D,20101126,000000,11.5,11.8,11.5,11.5,0,0
INC_PE,D,20101129,000000,11.5,11.8,11.4,11.8,0,0
INC_PE,D,20101130,000000,11.5,11.7,11.5,11.7,0,0
INC_PE,D,20101201,000000,11.8,11.8,11.6,11.8,0,0
INC_PE,D,20101202,000000,11.8,11.9,11.6,11.9,0,0
INC_PE,D,20101203,000000,11.7,11.9,11.6,11.9,0,0
INC_PE,D,20101206,000000,11.8,11.9,11.6,11.7,0,0
INC_PE,D,20101207,000000,11.6,11.9,11.6,11.7,0,0
INC_PE,D,20101208,000000,11.6,12.3,11.6,12.2,0,0
INC_PE,D,20101209,000000,12.4,12.4,12.2,12.4,0,0
INC_PE,D,20101210,000000,12.4,12.4,12,12.2,0,0
INC_PE,D,20101213,000000,12,12,12,12,0,0
INC_PE,D,20101214,000000,12,12,11.8,12,0,0
INC_PE,D,20101215,000000,12,12,11.8,11.8,0,0
INC_PE,D,20101216,000000,11.7,11.8,11.6,11.6,0,0
INC_PE,D,20101217,000000,11.8,11.8,11.5,11.8,0,0
INC_PE,D,20101220,000000,11.6,11.8,11.5,11.6,0,0
INC_PE,D,20101221,000000,11.7,11.7,11.6,11.7,0,0
INC_PE,D,20101222,000000,11.5,11.8,11.4,11.7,0,0
INC_PE,D,20101223,000000,11.5,11.8,11.5,11.8,0,0
INC_PE,D,20101227,000000,11.6,11.7,11.5,11.6,0,0
INC_PE,D,20101228,000000,11.5,11.6,11.1,11.1,0,0
INC_PE,D,20101229,000000,11.3,11.8,11.1,11.8,0,0
INC_PE,D,20101230,000000,11.5,11.9,11.5,11.9,0,0
INC_PE,D,20101231,000000,12,12,12,12,0,0
INC_PE,D,20110103,000000,11.9,12.1,11.7,12.1,0,0
INC_PE,D,20110104,000000,12.2,12.2,11.8,11.8,0,0
INC_PE,D,20110105,000000,11.8,11.8,11.5,11.5,0,0
INC_PE,D,20110107,000000,11.5,11.8,11.5,11.7,0,0
INC_PE,D,20110110,000000,11.6,11.8,11.5,11.7,0,0
INC_PE,D,20110111,000000,11.7,11.7,11.5,11.5,0,0
INC_PE,D,20110112,000000,11.5,11.5,11.3,11.5,0,0
INC_PE,D,20110113,000000,11.4,11.7,11.4,11.7,0,0
INC_PE,D,20110114,000000,11.4,11.8,11.4,11.8,0,0
INC_PE,D,20110117,000000,11.7,12.1,11.7,11.8,0,0
INC_PE,D,20110118,000000,11.9,12.9,11.9,12.9,0,0
INC_PE,D,20110119,000000,12.9,13.1,12.5,13,0,0
INC_PE,D,20110120,000000,13,13.7,12.7,13.6,0,0
INC_PE,D,20110121,000000,13.4,13.8,13.4,13.8,0,0
INC_PE,D,20110124,000000,13.8,13.8,12.9,13.4,0,0
INC_PE,D,20110125,000000,13.1,13.5,13.1,13.5,0,0
INC_PE,D,20110126,000000,13.2,13.4,13.2,13.4,0,0
INC_PE,D,20110127,000000,12.9,13.2,12.9,13.2,0,0
INC_PE,D,20110128,000000,13.3,13.3,13.3,13.3,0,0
INC_PE,D,20110131,000000,13.2,14,13.2,13.4,0,0
INC_PE,D,20110201,000000,13.4,13.5,13.2,13.4,0,0
INC_PE,D,20110202,000000,13.3,13.6,13,13.6,0,0
INC_PE,D,20110203,000000,13.4,13.7,13.3,13.3,0,0
INC_PE,D,20110204,000000,13.2,13.6,13.2,13.6,0,0
INC_PE,D,20110207,000000,13.2,13.7,13.2,13.7,0,0
INC_PE,D,20110208,000000,13.5,13.7,13.4,13.6,0,0
INC_PE,D,20110209,000000,13.7,14.8,13.3,14.8,0,0
INC_PE,D,20110210,000000,14.8,16,14.6,15.1,0,0
INC_PE,D,20110211,000000,15.5,16.3,15.4,16.1,0,0
INC_PE,D,20110214,000000,16,16.4,15.8,16.1,0,0
INC_PE,D,20110215,000000,16.2,16.4,15.9,16.1,0,0
INC_PE,D,20110216,000000,15.9,17,15.6,16.8,0,0
INC_PE,D,20110217,000000,16.9,17.5,16.5,16.7,0,0
INC_PE,D,20110218,000000,16.6,16.9,16.4,16.5,0,0
INC_PE,D,20110221,000000,16.4,17.9,16.2,17.8,0,0
INC_PE,D,20110222,000000,18.1,18.1,17.3,17.7,0,0
INC_PE,D,20110223,000000,17.4,17.4,17,17.3,0,0
INC_PE,D,20110224,000000,16.9,17.1,16.6,16.9,0,0
INC_PE,D,20110225,000000,16.7,17.1,16.6,17.1,0,0
INC_PE,D,20110228,000000,17.1,17.1,16.8,17.1,0,0
INC_PE,D,20110301,000000,17.6,18.4,17.1,18.4,0,0
INC_PE,D,20110302,000000,18.1,18.7,18.1,18.6,0,0
INC_PE,D,20110303,000000,18.7,18.7,18.1,18.2,0,0
INC_PE,D,20110304,000000,18.2,18.6,18.2,18.6,0,0
INC_PE,D,20110307,000000,18.5,18.9,18.5,18.9,0,0
INC_PE,D,20110308,000000,18.9,18.9,18.5,18.6,0,0
INC_PE,D,20110309,000000,18.6,19,18.2,18.2,0,0
INC_PE,D,20110310,000000,18.3,18.3,17.7,18.2,0,0
INC_PE,D,20110311,000000,17.7,18.3,17.6,17.8,0,0
INC_PE,D,20110314,000000,17.2,17.7,16.8,17.7,0,0
INC_PE,D,20110315,000000,17,17.5,16.8,17.4,0,0
INC_PE,D,20110316,000000,17.1,17.9,17,17.7,0,0
INC_PE,D,20110317,000000,18.4,18.9,7.1,7.1,0,0
INC_PE,D,20110318,000000,6.9,7.3,6.9,7.3,0,0
INC_PE,D,20110321,000000,7.3,7.3,7.2,7.2,0,0
INC_PE,D,20110322,000000,7.2,7.2,6.9,7.1,0,0
INC_PE,D,20110323,000000,7.1,7.1,6.9,7,0,0
INC_PE,D,20110324,000000,6.9,7.1,6.9,7,0,0
INC_PE,D,20110325,000000,7,7,6.9,7,0,0
INC_PE,D,20110328,000000,7,7,6.9,7,0,0
INC_PE,D,20110329,000000,7,7.1,7,7,0,0
INC_PE,D,20110330,000000,7,7.2,7,7.1,0,0
INC_PE,D,20110331,000000,7.1,7.2,7.1,7.2,0,0
INC_PE,D,20110401,000000,7.2,7.3,7.2,7.2,0,0
INC_PE,D,20110404,000000,7.2,7.2,6.8,7.2,0,0
INC_PE,D,20110405,000000,7.2,7.2,7,7.2,0,0
INC_PE,D,20110406,000000,7.1,7.1,7,7.1,0,0
INC_PE,D,20110407,000000,7,7.1,6.9,7,0,0
INC_PE,D,20110408,000000,6.9,7,6.9,7,0,0
INC_PE,D,20110411,000000,6.9,7.1,6.8,7.1,0,0
INC_PE,D,20110412,000000,6.9,7.1,6.9,7.1,0,0
INC_PE,D,20110413,000000,7,7.2,6.9,6.9,0,0
INC_PE,D,20110414,000000,6.8,6.9,6.7,6.9,0,0
INC_PE,D,20110415,000000,6.8,7,6.8,6.9,0,0
INC_PE,D,20110418,000000,6.9,6.9,6.7,6.7,0,0
INC_PE,D,20110419,000000,6.6,6.9,6.5,6.9,0,0
INC_PE,D,20110420,000000,6.9,6.9,6.8,6.9,0,0
INC_PE,D,20110421,000000,6.8,6.9,6.7,6.8,0,0
INC_PE,D,20110426,000000,6.8,7,6.7,7,0,0
INC_PE,D,20110427,000000,6.8,7.4,6.8,7.4,0,0
INC_PE,D,20110428,000000,7.5,7.9,7.5,7.7,0,0
INC_PE,D,20110429,000000,7.8,7.8,7.6,7.8,0,0
INC_PE,D,20110502,000000,7.9,8,7.7,7.8,0,0
INC_PE,D,20110504,000000,7.8,8.1,7.7,8.1,0,0
INC_PE,D,20110505,000000,8.3,8.3,7.7,7.7,0,0
INC_PE,D,20110506,000000,7.6,7.9,7.5,7.8,0,0
INC_PE,D,20110509,000000,7.8,8.2,7.7,8.2,0,0
INC_PE,D,20110510,000000,8.3,8.3,8.1,8.2,0,0
INC_PE,D,20110511,000000,8.1,8.2,8.1,8.2,0,0
INC_PE,D,20110512,000000,8.1,8.9,8,8.9,0,0
INC_PE,D,20110513,000000,9.2,9.4,8.8,9.1,0,0
INC_PE,D,20110516,000000,9.2,9.4,9.1,9.2,0,0
INC_PE,D,20110517,000000,8.9,9,8.7,8.8,0,0
INC_PE,D,20110518,000000,8.7,8.8,8.6,8.7,0,0
INC_PE,D,20110519,000000,8.7,89.6,8.6,89.6,0,0
INC_PE,D,20110520,000000,88.2,89.6,88,89.3,0,0
INC_PE,D,20110523,000000,89.3,89.3,85.7,87.8,0,0
INC_PE,D,20110524,000000,87,87.8,85.4,86,0,0
INC_PE,D,20110525,000000,86.4,87.5,82.9,84.2,0,0
INC_PE,D,20110526,000000,83.4,85.4,83.1,84.7,0,0
INC_PE,D,20110527,000000,83.4,86.4,80.6,84,0,0
INC_PE,D,20110530,000000,83.3,85.9,81.5,81.9,0,0
INC_PE,D,20110531,000000,81.6,82.1,80.1,80.9,0,0
INC_PE,D,20110601,000000,80.9,81.4,80.2,80.9,0,0
INC_PE,D,20110602,000000,80.3,81.6,80.3,81.2,0,0
INC_PE,D,20110603,000000,81.3,84.4,80.5,83.7,0,0
INC_PE,D,20110606,000000,83.9,90.3,82.1,89.6,0,0
INC_PE,D,20110607,000000,89.8,91.8,87.5,90.4,0,0
INC_PE,D,20110608,000000,90.8,91,88.5,88.8,0,0
INC_PE,D,20110609,000000,87.2,90,87.2,88.3,0,0
INC_PE,D,20110610,000000,87.2,88.3,85,85,0,0
INC_PE,D,20110613,000000,84.9,84.9,80.6,80.6,0,0
INC_PE,D,20110614,000000,78,82.9,78,79.6,0,0
INC_PE,D,20110615,000000,79.5,81.3,79.5,79.6,0,0
INC_PE,D,20110616,000000,79,79,77,78.6,0,0
INC_PE,D,20110617,000000,79.8,80.6,78.6,79.4,0,0
INC_PE,D,20110620,000000,81.5,81.5,78.2,78.6,0,0
INC_PE,D,20110621,000000,78.3,79.3,77,78.9,0,0
INC_PE,D,20110622,000000,79.5,79.5,76.9,78.6,0,0
INC_PE,D,20110624,000000,77.2,77.7,75.2,76.5,0,0
INC_PE,D,20110627,000000,74.4,78.3,72.1,76.5,0,0
INC_PE,D,20110628,000000,76.5,77.5,74.7,76.3,0,0
INC_PE,D,20110629,000000,76.5,76.8,75.7,76.8,0,0
INC_PE,D,20110630,000000,76.7,76.7,74.9,76.5,0,0
INC_PE,D,20110701,000000,75.4,76.8,74.9,76.8,0,0
INC_PE,D,20110704,000000,76.7,76.8,74.9,76.8,0,0
INC_PE,D,20110705,000000,76.7,76.7,74.8,74.8,0,0
INC_PE,D,20110706,000000,75.4,75.4,73.3,74.8,0,0
INC_PE,D,20110707,000000,73.3,74.9,72.5,72.5,0,0
INC_PE,D,20110708,000000,72.6,73.6,71.3,72.2,0,0
INC_PE,D,20110711,000000,71.1,71.6,69.8,71.2,0,0
INC_PE,D,20110712,000000,70,70,66.7,67.6,0,0
INC_PE,D,20110713,000000,66.2,70.3,66.2,67.6,0,0
INC_PE,D,20110714,000000,66.8,66.8,63.4,63.7,0,0
INC_PE,D,20110715,000000,62.1,63.2,59.8,62.7,0,0
INC_PE,D,20110718,000000,60.4,61.4,57.8,60.9,0,0
INC_PE,D,20110719,000000,61.1,63.2,59.1,63.2,0,0
INC_PE,D,20110720,000000,61.6,63.9,61.6,63.7,0,0
INC_PE,D,20110721,000000,63.7,64.2,61.4,63.7,0,0
INC_PE,D,20110722,000000,61.9,63.4,61.7,61.7,0,0
INC_PE,D,20110725,000000,61.4,63.4,61.4,63,0,0
INC_PE,D,20110726,000000,63.1,65.1,61.8,62.7,0,0
INC_PE,D,20110727,000000,63.9,63.9,61.9,62,0,0
INC_PE,D,20110728,000000,61.5,62.1,59.9,59.9,0,0
INC_PE,D,20110729,000000,60.6,60.6,57,60.2,0,0
INC_PE,D,20110801,000000,58.2,61.8,58.2,60.9,0,0
INC_PE,D,20110802,000000,57.5,61.1,57.5,58.6,0,0
INC_PE,D,20110803,000000,57.5,59.8,55,55.8,0,0
INC_PE,D,20110804,000000,53.6,56.1,48.9,53.8,0,0
INC_PE,D,20110805,000000,48.8,57.3,48.8,57.3,0,0
INC_PE,D,20110808,000000,54.7,57,51.2,53,0,0
INC_PE,D,20110809,000000,51.4,52.9,47.1,51.2,0,0
INC_PE,D,20110810,000000,52.9,56.3,50.1,51.7,0,0
INC_PE,D,20110811,000000,51.7,55.3,49.9,55.3,0,0
INC_PE,D,20110812,000000,55.5,56,54.7,55.3,0,0
INC_PE,D,20110816,000000,55.5,55.8,53.7,54,0,0
INC_PE,D,20110817,000000,53.7,55,53.5,54.3,0,0
INC_PE,D,20110818,000000,53.8,54.4,51,52.7,0,0
INC_PE,D,20110819,000000,51.2,52.7,8,8,0,0
INC_PE,D,20110822,000000,8.2,8.2,7.6,8.1,0,0
INC_PE,D,20110823,000000,8,8.3,8,8.2,0,0
INC_PE,D,20110824,000000,8.1,8.2,7.9,8.1,0,0
INC_PE,D,20110825,000000,8.5,8.5,7.9,8.4,0,0
INC_PE,D,20110826,000000,8.4,8.5,8,8.5,0,0
INC_PE,D,20110829,000000,8.5,8.6,8.3,8.3,0,0
INC_PE,D,20110830,000000,8.3,8.5,8.1,8.2,0,0
INC_PE,D,20110831,000000,8.3,8.3,8,8,0,0
INC_PE,D,20110901,000000,8,8.5,7.9,8.4,0,0
INC_PE,D,20110902,000000,8.1,8.4,7.9,7.9,0,0
INC_PE,D,20110905,000000,7.8,8.2,7.5,8.1,0,0
INC_PE,D,20110906,000000,7.8,8.1,7.8,8,0,0
INC_PE,D,20110907,000000,7.8,8,7.8,7.9,0,0
INC_PE,D,20110908,000000,8.1,8.2,7.9,8.2,0,0
INC_PE,D,20110909,000000,7.6,8.2,7.6,8,0,0
INC_PE,D,20110912,000000,7.6,7.7,7.4,7.6,0,0
INC_PE,D,20110913,000000,7.4,7.5,7.2,7.3,0,0
INC_PE,D,20110914,000000,7.4,7.6,7.4,7.4,0,0
INC_PE,D,20110915,000000,7.4,7.4,7.3,7.4,0,0
INC_PE,D,20110916,000000,7.5,7.7,7.3,7.6,0,0
INC_PE,D,20110919,000000,7.5,7.6,7.5,7.6,0,0
INC_PE,D,20110920,000000,7.6,7.6,7.6,7.6,0,0
INC_PE,D,20110921,000000,7.6,7.9,7.4,7.9,0,0
INC_PE,D,20110922,000000,7.6,7.6,7.1,7.1,0,0
INC_PE,D,20110923,000000,7.6,7.6,6.7,7.3,0,0
INC_PE,D,20110926,000000,7.4,7.4,7.1,7.4,0,0
INC_PE,D,20110927,000000,7.4,7.7,7.2,7.7,0,0
INC_PE,D,20110928,000000,7.7,7.7,7.3,7.6,0,0
INC_PE,D,20110929,000000,7.6,7.7,7.4,7.7,0,0
INC_PE,D,20110930,000000,7.7,7.8,7.7,7.8,0,0
INC_PE,D,20111003,000000,7.5,7.7,7.4,7.7,0,0
INC_PE,D,20111004,000000,7.7,7.7,7.3,7.6,0,0
INC_PE,D,20111005,000000,7.3,7.8,7.3,7.7,0,0
INC_PE,D,20111006,000000,7.3,7.7,7.3,7.6,0,0
INC_PE,D,20111007,000000,7.3,7.5,7.3,7.5,0,0
INC_PE,D,20111010,000000,7.3,7.8,7.3,7.8,0,0
INC_PE,D,20111011,000000,7.8,8.1,7.8,8,0,0
INC_PE,D,20111012,000000,7.7,8,7.7,7.9,0,0
INC_PE,D,20111013,000000,7.6,7.9,7.6,7.9,0,0
INC_PE,D,20111014,000000,7.7,7.7,7.6,7.6,0,0
INC_PE,D,20111017,000000,7.4,7.6,7.2,7.5,0,0
INC_PE,D,20111018,000000,7.3,7.4,7.1,7.4,0,0
INC_PE,D,20111019,000000,7.3,7.5,7.2,7.4,0,0
INC_PE,D,20111020,000000,7.2,7.5,7.2,7.4,0,0
INC_PE,D,20111021,000000,7.2,7.5,7.2,7.5,0,0
INC_PE,D,20111024,000000,7.5,7.9,7.5,7.9,0,0
INC_PE,D,20111025,000000,7.9,8.3,7.9,8.2,0,0
INC_PE,D,20111026,000000,7.8,8.2,7.8,8,0,0
INC_PE,D,20111027,000000,8.1,8.2,8,8.2,0,0
INC_PE,D,20111028,000000,8.2,8.3,7.9,8.2,0,0
INC_PE,D,20111031,000000,8.2,8.2,7.9,8.2,0,0
INC_PE,D,20111102,000000,7.7,8,7.7,7.9,0,0
INC_PE,D,20111103,000000,8,8.1,7.7,8.1,0,0
INC_PE,D,20111104,000000,8.1,8.3,8.1,8.3,0,0
INC_PE,D,20111107,000000,8.1,8.2,8.1,8.1,0,0
INC_PE,D,20111108,000000,8.1,8.1,7.9,8.1,0,0
INC_PE,D,20111109,000000,7.9,8,7.8,8,0,0
INC_PE,D,20111110,000000,7.7,8,7.7,8,0,0
INC_PE,D,20111114,000000,8,8.4,8,8,0,0
INC_PE,D,20111115,000000,7.8,8,7.8,8,0,0
INC_PE,D,20131120,000000,27.9,27.9,27.9,27.9,0,0
INC_PE,D,20131121,000000,27.9,28.6,27.9,28.6,0,0
INC_PE,D,20131122,000000,28.2,29.6,28.2,28.9,0,0
INC_PE,D,20131125,000000,29.6,30.3,28.6,29.9,0,0
INC_PE,D,20131126,000000,29.9,31.3,29.9,31.3,0,0
INC_PE,D,20131127,000000,31.3,33.3,31.3,33.3,0,0
INC_PE,D,20131128,000000,32.7,32.7,31.3,32.3,0,0
INC_PE,D,20131129,000000,32.3,32.7,31.6,31.6,0,0
INC_PE,D,20131202,000000,31.6,32.3,31.6,31.9,0,0
INC_PE,D,20131203,000000,31.5,31.9,30.8,31.9,0,0
INC_PE,D,20131204,000000,30.8,31.5,30.5,30.9,0,0
INC_PE,D,20131205,000000,31,31.3,29.9,30.9,0,0
INC_PE,D,20131206,000000,31,31.6,30.6,31.3,0,0
INC_PE,D,20131209,000000,31.3,31.6,29.9,30.6,0,0
INC_PE,D,20131210,000000,30.6,31,29.6,30.9,0,0
INC_PE,D,20131211,000000,31,31,29.9,30.6,0,0
INC_PE,D,20131212,000000,29.9,29.9,28.6,28.9,0,0
INC_PE,D,20131213,000000,28.9,29.6,28.2,28.9,0,0
INC_PE,D,20131216,000000,28.9,29.6,28.9,29.6,0,0
INC_PE,D,20131217,000000,29.9,30.3,26.9,27.2,0,0
INC_PE,D,20131218,000000,27.2,27.9,27.2,27.9,0,0
INC_PE,D,20131219,000000,27.9,27.9,26.9,27.9,0,0
INC_PE,D,20131220,000000,26.9,27.2,25.9,26.8,0,0
INC_PE,D,20131223,000000,26.4,27.5,26.1,26.5,0,0
INC_PE,D,20131227,000000,26.5,27.2,26.2,26.5,0,0
INC_PE,D,20131230,000000,26.5,27.2,26.5,27.2,0,0
INC_PE,D,20140102,000000,27.2,27.9,27.2,27.5,0,0
INC_PE,D,20140103,000000,26.8,27.2,26.8,27.2,0,0
INC_PE,D,20140107,000000,27.9,27.9,26.5,27.2,0,0
INC_PE,D,20140108,000000,27.2,27.2,26.9,27.2,0,0
INC_PE,D,20140109,000000,27.2,27.2,26.2,26.2,0,0
INC_PE,D,20140110,000000,26.5,27.6,26.2,26.2,0,0
INC_PE,D,20140113,000000,25.2,27.5,25.2,27.5,0,0
INC_PE,D,20140114,000000,26.1,27.2,26.1,27.2,0,0
INC_PE,D,20140115,000000,27.2,27.2,26.2,27.2,0,0
INC_PE,D,20140116,000000,26.9,27.2,26.5,27.2,0,0
INC_PE,D,20140117,000000,26.5,26.9,26.5,26.8,0,0
INC_PE,D,20140120,000000,27.1,27.2,27.1,27.2,0,0
INC_PE,D,20140121,000000,27.2,27.2,26.9,27.2,0,0
INC_PE,D,20140122,000000,26.9,27.2,26.8,26.8,0,0
INC_PE,D,20140123,000000,27.1,27.5,26.8,27.5,0,0
INC_PE,D,20140124,000000,27.5,27.5,26.1,27.2,0,0
INC_PE,D,20140127,000000,26.2,27.2,26.2,27.2,0,0
INC_PE,D,20140128,000000,27.2,27.2,25.5,25.8,0,0
INC_PE,D,20140129,000000,25.4,26.5,25.4,26.5,0,0
INC_PE,D,20140130,000000,26.2,26.5,25.2,25.8,0,0
INC_PE,D,20140203,000000,26.1,26.2,26.1,26.2,0,0
INC_PE,D,20140204,000000,25.9,26.2,25.5,26.2,0,0
INC_PE,D,20140205,000000,26.2,26.2,26.2,26.2,0,0
INC_PE,D,20140206,000000,26.2,26.5,26.2,26.5,0,0
INC_PE,D,20140207,000000,26.2,26.5,26.2,26.5,0,0
INC_PE,D,20140210,000000,26.5,26.5,25.5,26.5,0,0
INC_PE,D,20140211,000000,25.9,26.9,25.9,26.8,0,0
INC_PE,D,20140212,000000,26.8,29.2,26.4,29.2,0,0
INC_PE,D,20140213,000000,29.2,29.8,28.5,28.9,0,0
INC_PE,D,20140214,000000,28.9,28.9,28.2,28.9,0,0
INC_PE,D,20140217,000000,28.9,29.9,28.9,29.9,0,0
INC_PE,D,20140218,000000,28.6,29.6,28.2,29.6,0,0
INC_PE,D,20140219,000000,28.9,29.6,28.2,29.2,0,0
INC_PE,D,20140220,000000,28.5,28.5,28.1,28.2,0,0
INC_PE,D,20140221,000000,28.2,28.6,27.9,28.5,0,0
INC_PE,D,20140224,000000,27.8,28.5,27.1,28.2,0,0
INC_PE,D,20140225,000000,27.6,27.6,27.2,27.5,0,0
INC_PE,D,20140226,000000,26.8,27.2,26.4,27.2,0,0
INC_PE,D,20140227,000000,26.5,27.9,26.2,27.9,0,0
INC_PE,D,20140228,000000,27.9,28.6,27.9,28.5,0,0
INC_PE,D,20140303,000000,26.4,27.8,25.8,27.2,0,0
INC_PE,D,20140304,000000,26.2,27.9,26.2,27.9,0,0
INC_PE,D,20140305,000000,26.5,27.6,26.5,27.2,0,0
INC_PE,D,20140306,000000,26.5,27.2,26.5,26.5,0,0
INC_PE,D,20140307,000000,26.5,26.5,26.5,26.5,0,0
INC_PE,D,20140310,000000,26.2,26.9,25.2,26.2,0,0
INC_PE,D,20140311,000000,25.5,27.2,25.5,27.2,0,0
INC_PE,D,20140312,000000,26.5,27.2,25.5,27.2,0,0
INC_PE,D,20140313,000000,25.9,26.9,25.9,26.8,0,0
INC_PE,D,20140314,000000,25.4,26.2,25.4,26.2,0,0
INC_PE,D,20140317,000000,26.9,26.9,26.2,26.8,0,0
INC_PE,D,20140318,000000,26.1,26.5,25.8,26.5,0,0
INC_PE,D,20140319,000000,26.9,27.9,26.2,26.8,0,0
INC_PE,D,20140320,000000,26.8,28.8,26.8,27.9,0,0
INC_PE,D,20140321,000000,27.6,27.6,3.3,3.3,0,0
INC_PE,D,20140324,000000,3.3,3.4,3.3,3.3,0,0
INC_PE,D,20140325,000000,3.3,3.4,3.2,3.4,0,0
INC_PE,D,20140326,000000,3.4,3.4,3.3,3.4,0,0
INC_PE,D,20140327,000000,3.3,3.5,3.3,3.5,0,0
INC_PE,D,20140328,000000,3.5,3.5,3.4,3.4,0,0
INC_PE,D,20140331,000000,3.4,3.4,3.4,3.4,0,0
INC_PE,D,20140401,000000,3.4,3.4,3.4,3.4,0,0
INC_PE,D,20140402,000000,3.4,3.4,3.3,3.4,0,0
INC_PE,D,20140403,000000,3.4,3.4,3.3,3.4,0,0
INC_PE,D,20140404,000000,3.4,3.5,3.4,3.5,0,0
INC_PE,D,20140407,000000,3.5,3.6,3.4,3.4,0,0
INC_PE,D,20140408,000000,3.4,3.4,3.3,3.4,0,0
INC_PE,D,20140409,000000,3.4,3.4,3.4,3.4,0,0
INC_PE,D,20140410,000000,3.4,3.4,3.3,3.4,0,0
INC_PE,D,20140411,000000,3.4,3.4,3.4,3.4,0,0
INC_PE,D,20140414,000000,3.4,3.4,3.3,3.4,0,0
INC_PE,D,20140415,000000,3.4,3.4,3.4,3.4,0,0
INC_PE,D,20140416,000000,3.3,3.3,3.3,3.3,0,0
INC_PE,D,20140417,000000,3.3,3.3,3.2,3.2,0,0
INC_PE,D,20140422,000000,3.2,3.2,3.1,3.2,0,0
INC_PE,D,20140423,000000,3.2,3.2,3.2,3.2,0,0
INC_PE,D,20140424,000000,3.1,3.2,3.1,3.2,0,0
INC_PE,D,20140425,000000,3.1,3.2,3.1,3.2,0,0
INC_PE,D,20140428,000000,3.1,3.2,3.1,3.2,0,0
INC_PE,D,20140429,000000,3.1,3.2,3.1,3.2,0,0
INC_PE,D,20140430,000000,3.2,3.2,3,3.1,0,0
INC_PE,D,20140502,000000,3.1,3.2,3.1,3.2,0,0
INC_PE,D,20140505,000000,3.2,3.2,3.2,3.2,0,0
INC_PE,D,20140506,000000,3.2,3.2,2.9,2.9,0,0
INC_PE,D,20140507,000000,2.9,3,2.9,3,0,0
INC_PE,D,20140508,000000,3,3.1,2.9,2.9,0,0
INC_PE,D,20140509,000000,2.9,2.9,2.9,2.9,0,0
INC_PE,D,20140512,000000,2.9,2.9,2.9,2.9,0,0
INC_PE,D,20140513,000000,2.9,2.9,2.9,2.9,0,0
INC_PE,D,20140514,000000,2.8,2.9,2.8,2.9,0,0
INC_PE,D,20140515,000000,2.7,2.9,2.6,2.8,0,0
INC_PE,D,20140516,000000,2.6,2.8,2.6,2.8,0,0
INC_PE,D,20140519,000000,2.6,2.7,2.6,2.7,0,0
INC_PE,D,20140520,000000,2.7,3,2.7,2.9,0,0
INC_PE,D,20140521,000000,2.9,2.9,2.7,2.9,0,0
INC_PE,D,20140522,000000,2.9,2.9,2.8,2.9,0,0
INC_PE,D,20140523,000000,2.9,2.9,2.8,2.8,0,0
INC_PE,D,20140526,000000,2.8,3,2.8,3,0,0
INC_PE,D,20140527,000000,3,3,2.9,2.9,0,0
INC_PE,D,20140528,000000,2.9,2.9,2.9,2.9,0,0
INC_PE,D,20140529,000000,2.8,2.9,2.7,2.7,0,0
INC_PE,D,20140530,000000,2.7,2.8,2.7,2.8,0,0
INC_PE,D,20150518,000000,71.7,71.7,71.7,71.7,0,0
INC_PE,D,20150519,000000,72.5,73.8,69.5,69.5,0,0
INC_PE,D,20150520,000000,71,71,68.8,68.8,0,0
INC_PE,D,20150521,000000,68.3,71,68.3,71,0,0
INC_PE,D,20150522,000000,69.5,69.5,63.5,69.5,0,0
INC_PE,D,20150525,000000,65.9,69.1,64.5,69,0,0
INC_PE,D,20150526,000000,68.1,69.1,64.7,69,0,0
INC_PE,D,20150527,000000,67.1,67.1,67.1,67.1,0,0
INC_PE,D,20150528,000000,69.1,69.1,69,69,0,0
INC_PE,D,20150529,000000,68.8,68.8,68.8,68.8,0,0
INC_PE,D,20150601,000000,68.3,69.1,68.3,69,0,0
INC_PE,D,20150605,000000,69.1,69.3,69.1,69.3,0,0
INC_PE,D,20150608,000000,69.5,69.5,69.5,69.5,0,0
INC_PE,D,20150609,000000,69.5,69.5,63.5,69.5,0,0
INC_PE,D,20150610,000000,69.3,69.5,69.3,69.5,0,0
INC_PE,D,20150611,000000,68.8,68.8,65.9,68.6,0,0
INC_PE,D,20150612,000000,68.8,68.8,68.8,68.8,0,0
INC_PE,D,20150615,000000,67.1,67.1,67.1,67.1,0,0
INC_PE,D,20150616,000000,64.7,66.9,63.5,66.9,0,0
INC_PE,D,20150618,000000,67.1,67.1,67.1,67.1,0,0
INC_PE,D,20150619,000000,66.9,66.9,66.9,66.9,0,0
INC_PE,D,20150622,000000,65.7,65.7,59.7,65.5,0,0
INC_PE,D,20150623,000000,64.7,64.7,58.8,64.7,0,0
INC_PE,D,20150624,000000,60,64,60,64,0,0
INC_PE,D,20150625,000000,60,64.7,60,64.7,0,0
INC_PE,D,20150626,000000,60,64.7,60,64.7,0,0
INC_PE,D,20150629,000000,61.2,64.7,60,64.7,0,0
INC_PE,D,20150630,000000,64.7,65.2,64.7,65.2,0,0
INC_PE,D,20150702,000000,65,65.2,65,65.2,0,0
INC_PE,D,20150703,000000,62.4,63.5,62.4,63.5,0,0
INC_PE,D,20150706,000000,59.5,61.9,59.5,61.9,0,0
INC_PE,D,20150707,000000,61.4,61.4,60,61.4,0,0
INC_PE,D,20150708,000000,61.9,62.8,61.9,62.8,0,0
INC_PE,D,20150709,000000,63.5,67.1,58,64.7,0,0
INC_PE,D,20150710,000000,64.7,64.7,64.7,64.7,0,0
INC_PE,D,20150713,000000,66.2,66.2,63.5,64.7,0,0
INC_PE,D,20150714,000000,60,64.3,58.8,64.3,0,0
INC_PE,D,20150716,000000,64.7,64.7,64.7,64.7,0,0
INC_PE,D,20150717,000000,64.7,64.7,60,62.3,0,0
INC_PE,D,20150720,000000,58,63.8,56.4,63.8,0,0
INC_PE,D,20150721,000000,63.8,63.8,63.8,63.8,0,0
INC_PE,D,20150722,000000,62.4,62.4,62.3,62.3,0,0
INC_PE,D,20150727,000000,60.9,60.9,57.6,57.6,0,0
INC_PE,D,20150728,000000,60.7,60.7,60.7,60.7,0,0
INC_PE,D,20150729,000000,60.7,62.1,60.7,62.1,0,0
INC_PE,D,20150730,000000,61.9,61.9,61.9,61.9,0,0
INC_PE,D,20150731,000000,61.9,61.9,61.9,61.9,0,0
INC_PE,D,20150803,000000,61.2,61.2,61.1,61.1,0,0
INC_PE,D,20150804,000000,61.2,61.2,61.1,61.1,0,0
INC_PE,D,20150805,000000,60,60,59.9,59.9,0,0
INC_PE,D,20150806,000000,60,60.9,56.4,60.9,0,0
INC_PE,D,20150807,000000,60,61.2,57.6,61.1,0,0
INC_PE,D,20150810,000000,57.3,59.5,52.3,57.1,0,0
INC_PE,D,20150811,000000,59.7,59.7,55.2,56.3,0,0
INC_PE,D,20150812,000000,56.4,56.4,55.1,55.1,0,0
INC_PE,D,20150813,000000,55.2,55.2,52.3,55.1,0,0
INC_PE,D,20150814,000000,55.2,55.4,55.2,55.4,0,0
INC_PE,D,20150818,000000,55.2,55.2,53.2,54.7,0,0
INC_PE,D,20150819,000000,52.8,52.8,50.4,52.7,0,0
INC_PE,D,20150820,000000,52.8,52.8,52.7,52.7,0,0
INC_PE,D,20150821,000000,52.8,52.8,52.7,52.7,0,0
INC_PE,D,20150824,000000,45.6,52.5,45.6,52.5,0,0
INC_PE,D,20150825,000000,47.7,49.9,45.3,49.9,0,0
INC_PE,D,20150826,000000,52.5,52.5,49.2,49.6,0,0
INC_PE,D,20150827,000000,52,127.6,48,127.6,0,0
INC_PE,D,20150828,000000,131.9,135,131.9,135,0,0
INC_PE,D,20150831,000000,135,135,135,135,0,0
INC_PE,D,20150901,000000,135,135,135,135,0,0
INC_PE,D,20150902,000000,135,135,135,135,0,0
INC_PE,D,20150903,000000,135,135,135,135,0,0
INC_PE,D,20150904,000000,134.4,134.4,131.9,131.9,0,0
INC_PE,D,20150907,000000,131.9,131.9,131.9,131.9,0,0
INC_PE,D,20150908,000000,125.2,133.7,121.5,133.7,0,0
INC_PE,D,20150909,000000,133.7,133.7,125.8,133.1,0,0
INC_PE,D,20150910,000000,132.5,132.5,131.3,131.9,0,0
INC_PE,D,20150911,000000,132.5,132.5,125.8,130.7,0,0
INC_PE,D,20150914,000000,130.7,130.7,122.7,130.7,0,0
INC_PE,D,20150915,000000,130.7,130.7,120.2,128.2,0,0
INC_PE,D,20150916,000000,121.5,130.1,120.9,130.1,0,0
INC_PE,D,20150917,000000,120.2,130.1,120.2,122.1,0,0
INC_PE,D,20150918,000000,130.1,130.1,120.2,125.8,0,0
INC_PE,D,20150921,000000,130.1,130.1,130.1,130.1,0,0
INC_PE,D,20150922,000000,129.4,129.4,129.4,129.4,0,0
INC_PE,D,20150923,000000,129.4,130.1,129.4,130.1,0,0
INC_PE,D,20150924,000000,128.2,128.8,128.2,128.8,0,0
INC_PE,D,20150925,000000,128.8,128.8,128.8,128.8,0,0
INC_PE,D,20150928,000000,128.2,130.1,119.6,119.6,0,0
INC_PE,D,20150929,000000,121.5,128.8,121.5,128.8,0,0
INC_PE,D,20150930,000000,128.8,128.8,128.8,128.8,0,0
INC_PE,D,20151001,000000,128.8,131.3,128.8,131.3,0,0
INC_PE,D,20151002,000000,131.3,131.3,128.8,131.3,0,0
INC_PE,D,20151005,000000,131.9,131.9,131.9,131.9,0,0
INC_PE,D,20151006,000000,131.9,131.9,128.8,131.9,0,0
INC_PE,D,20151007,000000,131.9,131.9,131.9,131.9,0,0
INC_PE,D,20151008,000000,131.9,133.1,131.9,133.1,0,0
INC_PE,D,20151009,000000,133.1,141.1,133.1,141.1,0,0
INC_PE,D,20151013,000000,141.7,141.7,141.7,141.7,0,0
INC_PE,D,20151014,000000,135,142.3,134.4,142.3,0,0
INC_PE,D,20151015,000000,142.3,142.3,142.3,142.3,0,0
INC_PE,D,20151016,000000,137.4,137.4,137.4,137.4,0,0
INC_PE,D,20151019,000000,137.4,137.4,137.4,137.4,0,0
INC_PE,D,20151020,000000,137.4,137.4,137.4,137.4,0,0
INC_PE,D,20151021,000000,137.4,137.4,137.4,137.4,0,0
INC_PE,D,20151022,000000,135,137.4,134.4,137.4,0,0
INC_PE,D,20151023,000000,137.4,137.4,137.4,137.4,0,0
INC_PE,D,20151026,000000,137.4,137.4,137.4,137.4,0,0
INC_PE,D,20151027,000000,137.4,137.4,137.4,137.4,0,0
INC_PE,D,20151028,000000,137.4,137.4,137.4,137.4,0,0
INC_PE,D,20151029,000000,137.4,137.4,137.4,137.4,0,0
INC_PE,D,20151030,000000,136.8,136.8,128.8,136.8,0,0
INC_PE,D,20151102,000000,136.8,136.8,129.4,136.8,0,0
INC_PE,D,20151103,000000,136.8,136.8,136.8,136.8,0,0
INC_PE,D,20151104,000000,136.8,136.8,136.8,136.8,0,0
INC_PE,D,20151105,000000,136.8,136.8,136.8,136.8,0,0
INC_PE,D,20151106,000000,136.8,136.8,136.8,136.8,0,0
INC_PE,D,20151109,000000,136.8,136.8,129.4,136.8,0,0
INC_PE,D,20151110,000000,137.4,137.4,137.4,137.4,0,0
INC_PE,D,20151112,000000,136.2,136.2,129.4,136.2,0,0
INC_PE,D,20151113,000000,136.2,143.6,136.2,143.6,0,0
INC_PE,D,20151116,000000,143.6,143.6,143.6,143.6,0,0
INC_PE,D,20151117,000000,143.6,143.6,143.6,143.6,0,0
INC_PE,D,20151118,000000,142.9,142.9,129.4,142.9,0,0
INC_PE,D,20151119,000000,142.9,151.5,138,147.2,0,0
INC_PE,D,20151120,000000,141.1,152.8,11.3,11.3,0,0
INC_PE,D,20151123,000000,11.3,11.3,11.2,11.2,0,0
INC_PE,D,20151124,000000,11.2,11.2,10.4,11.2,0,0
INC_PE,D,20151125,000000,11.2,11.2,10.5,11.2,0,0
INC_PE,D,20151126,000000,11.2,11.2,10.5,11.2,0,0
INC_PE,D,20151127,000000,11.2,11.2,10.9,10.9,0,0
INC_PE,D,20151130,000000,10.9,10.9,9.8,10.7,0,0
INC_PE,D,20151201,000000,10.7,10.7,10.7,10.7,0,0
INC_PE,D,20151202,000000,10.7,10.7,10.7,10.7,0,0
INC_PE,D,20151203,000000,10.7,10.7,10.7,10.7,0,0
INC_PE,D,20151204,000000,10.9,10.9,10.9,10.9,0,0
INC_PE,D,20151207,000000,11.1,11.2,11.1,11.2,0,0
INC_PE,D,20151208,000000,11.2,11.2,11.2,11.2,0,0
INC_PE,D,20151209,000000,11.2,11.2,11.2,11.2,0,0
INC_PE,D,20151210,000000,11.2,11.2,11.2,11.2,0,0
INC_PE,D,20151211,000000,11.2,11.2,11.2,11.2,0,0
INC_PE,D,20151214,000000,11.2,11.2,10.9,10.9,0,0
INC_PE,D,20151215,000000,10.9,11,10.9,11,0,0
INC_PE,D,20151217,000000,11,11,11,11,0,0
INC_PE,D,20151218,000000,10,10.9,9.4,10.9,0,0
INC_PE,D,20151221,000000,10.9,10.9,10.1,10.9,0,0
INC_PE,D,20151222,000000,10.9,10.9,10.2,10.9,0,0
INC_PE,D,20151223,000000,10.9,10.9,10.3,10.5,0,0
INC_PE,D,20151228,000000,10.5,10.5,10.4,10.4,0,0
INC_PE,D,20151229,000000,10.4,10.4,9.7,10.4,0,0
INC_PE,D,20151230,000000,10.4,10.4,10.4,10.4,0,0
INC_PE,D,20160104,000000,10.4,10.4,10.4,10.4,0,0
INC_PE,D,20160105,000000,10.4,10.4,9.8,10.4,0,0
INC_PE,D,20160107,000000,10.4,10.4,9.6,9.9,0,0
INC_PE,D,20160108,000000,9.9,9.9,9.9,9.9,0,0
INC_PE,D,20160111,000000,9.8,10,9.8,10,0,0
INC_PE,D,20160112,000000,10,10.4,10,10.4,0,0
INC_PE,D,20160113,000000,10.3,10.4,10.3,10.3,0,0
INC_PE,D,20160114,000000,10.3,10.3,9.5,9.6,0,0
INC_PE,D,20160115,000000,9.6,10,8.9,9.9,0,0
INC_PE,D,20160118,000000,9.9,9.9,9.9,9.9,0,0
INC_PE,D,20160119,000000,9.5,10,9.5,10,0,0
INC_PE,D,20160120,000000,9.6,9.6,9.6,9.6,0,0
INC_PE,D,20160121,000000,9.1,9.6,9.1,9.6,0,0
INC_PE,D,20160122,000000,9.7,9.7,9.7,9.7,0,0
INC_PE,D,20160125,000000,9.6,9.7,9.6,9.7,0,0
INC_PE,D,20160126,000000,9.6,9.6,9.6,9.6,0,0
INC_PE,D,20160127,000000,9.7,9.7,9.6,9.6,0,0
INC_PE,D,20160128,000000,9.7,9.7,9.1,9.6,0,0
INC_PE,D,20160129,000000,9.7,9.7,9.6,9.6,0,0
INC_PE,D,20160201,000000,9.6,9.6,9.6,9.6,0,0
INC_PE,D,20160202,000000,9.6,9.6,9.6,9.6,0,0
INC_PE,D,20160203,000000,9.6,9.6,9.6,9.6,0,0
INC_PE,D,20160204,000000,9.6,9.6,9.6,9.6,0,0
INC_PE,D,20160205,000000,9.6,9.7,9.6,9.6,0,0
INC_PE,D,20160208,000000,9.6,9.6,9.5,9.5,0,0
INC_PE,D,20160209,000000,9.4,9.6,9.3,9.6,0,0
INC_PE,D,20160210,000000,9.6,9.6,9.6,9.6,0,0
INC_PE,D,20160211,000000,9.6,9.6,9.6,9.6,0,0
INC_PE,D,20160212,000000,9.6,9.6,9.6,9.6,0,0
INC_PE,D,20160215,000000,9.6,9.6,9.4,9.6,0,0
INC_PE,D,20160216,000000,9.6,9.6,9.6,9.6,0,0
INC_PE,D,20160217,000000,9.6,9.6,9.1,9.6,0,0
INC_PE,D,20160218,000000,9.6,9.6,9.6,9.6,0,0
INC_PE,D,20160219,000000,9.7,9.7,9,9.6,0,0
INC_PE,D,20160222,000000,9.6,9.8,9.1,9.8,0,0
INC_PE,D,20160223,000000,9.6,9.6,9.6,9.6,0,0
INC_PE,D,20160224,000000,9.6,9.6,9.6,9.6,0,0
INC_PE,D,20160225,000000,9.4,9.6,9,9.6,0,0
INC_PE,D,20160226,000000,9.7,9.7,8.8,9.5,0,0
INC_PE,D,20160229,000000,9.5,9.5,9.5,9.5,0,0
INC_PE,D,20160301,000000,9.5,9.6,9.5,9.6,0,0
INC_PE,D,20160302,000000,9.6,9.6,9.4,9.4,0,0
INC_PE,D,20160303,000000,9.4,9.4,9.4,9.4,0,0
INC_PE,D,20160304,000000,9.3,9.4,9.3,9.4,0,0
INC_PE,D,20160307,000000,9.4,9.4,9.4,9.4,0,0
INC_PE,D,20160308,000000,9.4,9.4,9.3,9.3,0,0
INC_PE,D,20160309,000000,9.3,9.3,9.2,9.2,0,0
INC_PE,D,20160310,000000,9.2,9.2,9.2,9.2,0,0
INC_PE,D,20160311,000000,9.2,9.2,8.8,9.1,0,0
INC_PE,D,20160314,000000,8.8,9.1,8.5,9.1,0,0
INC_PE,D,20160315,000000,9.1,9.4,9.1,9.4,0,0
INC_PE,D,20160317,000000,9.2,9.2,9.2,9.2,0,0
INC_PE,D,20160318,000000,9.2,9.3,9.2,9.3,0,0
INC_PE,D,20160321,000000,8.9,35.9,8.7,35.9,0,0
INC_PE,D,20160322,000000,35.8,35.8,35.8,35.8,0,0
INC_PE,D,20160323,000000,34.5,34.5,33.2,34.5,0,0
INC_PE,D,20160324,000000,34.5,34.5,34.5,34.5,0,0
INC_PE,D,20160329,000000,34.5,34.5,34.4,34.4,0,0
INC_PE,D,20160330,000000,33.6,34.1,33.4,34,0,0
INC_PE,D,20160331,000000,33.7,34.5,33.7,33.7,0,0
INC_PE,D,20160401,000000,33.9,34.5,33.9,34.5,0,0
INC_PE,D,20160404,000000,34.1,34.5,34.1,34.5,0,0
INC_PE,D,20160405,000000,34.5,34.5,34.5,34.5,0,0
INC_PE,D,20160406,000000,34.7,34.7,34.7,34.7,0,0
INC_PE,D,20160407,000000,34.7,34.7,34.7,34.7,0,0
INC_PE,D,20160408,000000,34.7,34.7,33.5,34.7,0,0
INC_PE,D,20160411,000000,34.7,34.7,34.7,34.7,0,0
INC_PE,D,20160412,000000,34.7,34.7,34.7,34.7,0,0
INC_PE,D,20160413,000000,34.7,34.7,34.7,34.7,0,0
INC_PE,D,20160414,000000,34.7,34.7,34.5,34.5,0,0
INC_PE,D,20160415,000000,34.5,34.5,33.1,34.5,0,0
INC_PE,D,20160418,000000,34.5,34.5,34.5,34.5,0,0
INC_PE,D,20160419,000000,33.6,33.9,32.2,33.9,0,0
INC_PE,D,20160420,000000,33.9,33.9,33.9,33.9,0,0
INC_PE,D,20160421,000000,33.9,33.9,32.4,33.7,0,0
INC_PE,D,20160425,000000,33.5,33.7,33.5,33.7,0,0
INC_PE,D,20160428,000000,33.7,33.9,32.6,32.6,0,0
INC_PE,D,20160429,000000,33.3,33.3,33.3,33.3,0,0
INC_PE,D,20160504,000000,32.1,32.8,31.6,32.8,0,0
INC_PE,D,20160506,000000,31.6,33.7,31.4,33.7,0,0
INC_PE,D,20160509,000000,33.7,34.2,33.7,34.2,0,0
INC_PE,D,20160513,000000,34.5,34.5,34.5,34.5,0,0
INC_PE,D,20160516,000000,32.8,34.9,32.8,34.9,0,0
INC_PE,D,20160518,000000,33.7,34.2,33.5,34.2,0,0
INC_PE,D,20160520,000000,34,34,34,34,0,0
INC_PE,D,20160524,000000,33.7,34.2,33.7,34.2,0,0
INC_PE,D,20160525,000000,34.4,34.7,34.4,34.5,0,0
INC_PE,D,20170928,000000,34.5,34.5,34.5,34.5,0,0
INC_PE,D,20200519,000000,5.1,5.1,5.1,5.1,0,0
INC_PE,D,20200520,000000,4.6,5.2,4.3,5.2,0,0
INC_PE,D,20200521,000000,5.2,5.5,5.2,5.4,0,0
INC_PE,D,20200522,000000,5.5,5.5,5.2,5.4,0,0
INC_PE,D,20200525,000000,5.5,5.5,5.1,5.4,0,0
INC_PE,D,20200526,000000,5.3,5.3,5,5.3,0,0
INC_PE,D,20200527,000000,5.3,5.5,5.1,5.3,0,0
INC_PE,D,20200528,000000,5.3,5.3,5.1,5.3,0,0
INC_PE,D,20200529,000000,5.3,5.3,5.2,5.3,0,0
INC_PE,D,20200601,000000,5.4,5.4,5.2,5.4,0,0
INC_PE,D,20200602,000000,5.5,5.5,5.2,5.4,0,0
INC_PE,D,20200603,000000,5.4,6,5.4,5.9,0,0
INC_PE,D,20200604,000000,5.9,6.2,5.9,6,0,0
INC_PE,D,20200605,000000,6.1,6.1,6,6,0,0
INC_PE,D,20200608,000000,6,6.1,5.8,6,0,0
INC_PE,D,20200609,000000,6,6.5,6,6.3,0,0
INC_PE,D,20200610,000000,6.6,6.7,6.4,6.6,0,0
INC_PE,D,20200612,000000,6.1,6.6,6.1,6.6,0,0
INC_PE,D,20200615,000000,6.6,6.6,6.3,6.6,0,0
INC_PE,D,20200616,000000,6.6,6.9,6.6,6.8,0,0
INC_PE,D,20200617,000000,6.9,6.9,6.7,6.9,0,0
INC_PE,D,20200618,000000,7,7,6.4,6.9,0,0
INC_PE,D,20200619,000000,6.9,6.9,6.6,6.8,0,0
INC_PE,D,20200622,000000,6.9,6.9,6.6,6.8,0,0
INC_PE,D,20200623,000000,6.8,6.9,6.6,6.8,0,0
INC_PE,D,20200624,000000,6.9,6.9,6.5,6.7,0,0
INC_PE,D,20200625,000000,6.8,6.8,6.5,6.7,0,0
INC_PE,D,20200626,000000,6.7,6.8,6.4,6.8,0,0
INC_PE,D,20200629,000000,6.8,6.9,6.6,6.8,0,0
INC_PE,D,20200630,000000,6.7,7,6.7,7,0,0
INC_PE,D,20200701,000000,7.1,7.3,7,7.2,0,0
INC_PE,D,20200702,000000,7.3,7.9,7.3,7.7,0,0
INC_PE,D,20200703,000000,7.7,8.1,7.7,8.1,0,0
INC_PE,D,20200706,000000,8.5,8.8,8.4,8.7,0,0
INC_PE,D,20200707,000000,9.2,9.8,9.2,9.6,0,0
INC_PE,D,20200708,000000,9.9,11.9,9.9,11.7,0,0
INC_PE,D,20200709,000000,12.8,14.8,12.8,14.8,0,0
INC_PE,D,20200710,000000,14.4,14.8,13.9,14.6,0,0
INC_PE,D,20200713,000000,15.2,16.6,15.2,15.9,0,0
INC_PE,D,20200714,000000,15.7,15.9,14.8,15.3,0,0
INC_PE,D,20200715,000000,15.7,18.2,15.7,17.9,0,0
INC_PE,D,20200716,000000,18.3,21.6,17.8,21.5,0,0
INC_PE,D,20200717,000000,21.9,23.1,21.5,21.5,0,0
INC_PE,D,20200720,000000,21.5,23.1,20.8,21.5,0,0
INC_PE,D,20200721,000000,21.6,21.6,19.7,20.7,0,0
INC_PE,D,20200722,000000,21.2,25.6,19.7,25.6,0,0
INC_PE,D,20200723,000000,26.1,26.6,23.5,23.6,0,0
INC_PE,D,20200724,000000,23.6,24.3,22.2,23.7,0,0
INC_PE,D,20200727,000000,24.1,26.5,22.4,26.3,0,0
INC_PE,D,20200728,000000,26.7,31.1,25.6,31,0,0
INC_PE,D,20200729,000000,31.4,32.1,28.3,30.7,0,0
INC_PE,D,20200730,000000,30.9,30.9,19.6,29,0,0
INC_PE,D,20200731,000000,30.8,33.2,30.3,31.8,0,0
INC_PE,D,20200803,000000,34.3,39.6,34.3,39.5,0,0
INC_PE,D,20200804,000000,45.3,45.3,37.8,42.3,0,0
INC_PE,D,20200805,000000,42.6,42.6,39,40.6,0,0
INC_PE,D,20200806,000000,41.3,41.3,35.3,36.1,0,0
INC_PE,D,20200807,000000,35,35.8,29,35.2,0,0
INC_PE,D,20200810,000000,37,37.7,35.9,36.9,0,0
INC_PE,D,20200811,000000,35.8,35.8,30.3,30.6,0,0
INC_PE,D,20200812,000000,30.1,30.1,24.5,26.4,0,0
INC_PE,D,20200813,000000,28.4,33.7,27.2,32.4,0,0
INC_PE,D,20200814,000000,32.9,32.9,30.3,31.8,0,0
INC_PE,D,20200817,000000,33.7,38,33.7,38,0,0
INC_PE,D,20200818,000000,37.3,38,34.8,36,0,0
INC_PE,D,20200819,000000,36.9,38,36.1,36.6,0,0
INC_PE,D,20200820,000000,36.3,37.4,35.5,36.8,0,0
INC_PE,D,20200821,000000,36.9,37.6,36.3,37.6,0,0
