<TICKER>,<PER>,<DATE>,<TIME>,<OPEN>,<HIGH>,<LOW>,<CLOSE>,<VOL>,<OPENINT>
JWW_PE,D,20140813,000000,62,62,62,62,0,0
JWW_PE,D,20140814,000000,89.2,106.9,85.9,89.1,0,0
JWW_PE,D,20140818,000000,102.6,102.6,81.8,81.8,0,0
JWW_PE,D,20140819,000000,88.7,88.7,75.5,87.6,0,0
JWW_PE,D,20140820,000000,84.8,84.8,82,83.3,0,0
JWW_PE,D,20140821,000000,83,87.6,83,84.7,0,0
JWW_PE,D,20140822,000000,83.6,99,83.5,86.3,0,0
JWW_PE,D,20140825,000000,92,92,84.8,88.9,0,0
JWW_PE,D,20140826,000000,88.9,88.9,88.9,88.9,0,0
JWW_PE,D,20140827,000000,85.5,91.8,84.1,91.7,0,0
JWW_PE,D,20140828,000000,91.4,91.4,84.6,87.7,0,0
JWW_PE,D,20140829,000000,87.7,87.7,83.2,87.4,0,0
JWW_PE,D,20140901,000000,84.6,84.6,73.2,73.2,0,0
JWW_PE,D,20140902,000000,74.6,74.6,74.6,74.6,0,0
JWW_PE,D,20140903,000000,77.5,77.7,77.5,77.7,0,0
JWW_PE,D,20140904,000000,78.3,91.8,78.3,91.7,0,0
JWW_PE,D,20140905,000000,93.3,94.7,89,94.7,0,0
JWW_PE,D,20140908,000000,91.8,93.3,90,93.3,0,0
JWW_PE,D,20140909,000000,89,106.7,89,101.9,0,0
JWW_PE,D,20140910,000000,107.3,127.8,107.3,127.8,0,0
JWW_PE,D,20140911,000000,127.9,127.9,102.3,112,0,0
JWW_PE,D,20140912,000000,113.5,113.5,91.2,101.9,0,0
JWW_PE,D,20140915,000000,97.6,97.6,86.1,88.7,0,0
JWW_PE,D,20140916,000000,89,101.9,89,101.9,0,0
JWW_PE,D,20140917,000000,101.9,101.9,101.9,101.9,0,0
JWW_PE,D,20140918,000000,97.6,97.6,86.1,86.3,0,0
JWW_PE,D,20140919,000000,86.5,86.9,86.5,86.8,0,0
JWW_PE,D,20140922,000000,86.8,87.5,86.1,86.1,0,0
JWW_PE,D,20140923,000000,88.8,88.9,88.8,88.9,0,0
JWW_PE,D,20140924,000000,89.1,99.9,89.1,99.8,0,0
JWW_PE,D,20140925,000000,99.1,99.1,97.6,97.6,0,0
JWW_PE,D,20140926,000000,96.1,96.2,96.1,96.2,0,0
JWW_PE,D,20140929,000000,96.3,96.3,96.2,96.2,0,0
JWW_PE,D,20140930,000000,96,96,90.4,90.4,0,0
JWW_PE,D,20141001,000000,96.1,96.1,90.5,90.6,0,0
JWW_PE,D,20141002,000000,93.4,110.6,93.4,110.5,0,0
JWW_PE,D,20141003,000000,111.9,112,111.9,112,0,0
JWW_PE,D,20141006,000000,109.9,109.9,109.8,109.8,0,0
JWW_PE,D,20141007,000000,109,109,103.3,103.4,0,0
JWW_PE,D,20141008,000000,103.4,103.4,103.4,103.4,0,0
JWW_PE,D,20141009,000000,103.4,103.4,92.6,92.6,0,0
JWW_PE,D,20141013,000000,90.4,93.3,89.1,93.3,0,0
JWW_PE,D,20141014,000000,94.7,97.6,94.7,97.6,0,0
JWW_PE,D,20141015,000000,97.6,99,97.6,99,0,0
JWW_PE,D,20141017,000000,99,99,99,99,0,0
JWW_PE,D,20141020,000000,99.7,99.8,99.7,99.8,0,0
JWW_PE,D,20141021,000000,96.3,96.3,88.4,95.5,0,0
JWW_PE,D,20141023,000000,87.6,87.6,87.6,87.6,0,0
JWW_PE,D,20141024,000000,86.2,89.7,84.9,89.7,0,0
JWW_PE,D,20141027,000000,84.8,84.8,84.1,84.1,0,0
JWW_PE,D,20141030,000000,84.6,89,84.6,89,0,0
JWW_PE,D,20141031,000000,89,93.3,89,93.3,0,0
JWW_PE,D,20141103,000000,96.1,97.6,96.1,97.6,0,0
JWW_PE,D,20141105,000000,100.3,100.7,98.3,98.3,0,0
JWW_PE,D,20141106,000000,101.9,101.9,101.9,101.9,0,0
JWW_PE,D,20141107,000000,103.3,124,93.3,104.8,0,0
JWW_PE,D,20141110,000000,104.7,123.4,104.7,114.8,0,0
JWW_PE,D,20141112,000000,122,150.7,122,150.7,0,0
JWW_PE,D,20141113,000000,157.1,188.5,156.8,186.2,0,0
JWW_PE,D,20141114,000000,186.4,204.3,186.4,186.5,0,0
JWW_PE,D,20141117,000000,189.4,200.9,168.6,168.7,0,0
JWW_PE,D,20141118,000000,165,187.9,165,173.7,0,0
JWW_PE,D,20141119,000000,175,183.4,172.9,173,0,0
JWW_PE,D,20141120,000000,179.3,182.1,173.6,173.7,0,0
JWW_PE,D,20141121,000000,173.6,173.6,172.9,173,0,0
JWW_PE,D,20141124,000000,177.9,185.8,173.6,173.7,0,0
JWW_PE,D,20141125,000000,177.9,180.1,172.2,172.3,0,0
JWW_PE,D,20141126,000000,178.2,179.6,177.3,177.3,0,0
JWW_PE,D,20141127,000000,179.3,179.3,177.2,177.3,0,0
JWW_PE,D,20141128,000000,177.9,177.9,172.2,175.8,0,0
JWW_PE,D,20141201,000000,176.5,177.9,175.9,176,0,0
JWW_PE,D,20141202,000000,177.2,177.3,173.6,173.7,0,0
JWW_PE,D,20141203,000000,172.9,172.9,167.9,168,0,0
JWW_PE,D,20141204,000000,165.2,175.3,165.2,172.3,0,0
JWW_PE,D,20141205,000000,173.9,173.9,173.7,173.7,0,0
JWW_PE,D,20141208,000000,175,177.3,174.3,177.3,0,0
JWW_PE,D,20141209,000000,177.2,177.3,177.2,177.3,0,0
JWW_PE,D,20141210,000000,176.9,182.2,176.9,177.3,0,0
JWW_PE,D,20141211,000000,177.2,179.3,175,178,0,0
JWW_PE,D,20141212,000000,177.9,178,172.2,178,0,0
JWW_PE,D,20141215,000000,177.9,178,177.9,178,0,0
JWW_PE,D,20141216,000000,177.9,177.9,25.7,25.7,0,0
JWW_PE,D,20141217,000000,24.1,27.5,24.1,24.1,0,0
JWW_PE,D,20141218,000000,24.1,24.1,21.4,21.4,0,0
JWW_PE,D,20141219,000000,20.9,20.9,20,20,0,0
JWW_PE,D,20141222,000000,20,20.1,20,20.1,0,0
JWW_PE,D,20141223,000000,20.1,23,19.9,19.9,0,0
JWW_PE,D,20141229,000000,19.2,20.8,19,19.5,0,0
JWW_PE,D,20141230,000000,18.7,22.4,18.7,19.6,0,0
JWW_PE,D,20150102,000000,19.7,19.7,19.5,19.5,0,0
JWW_PE,D,20150107,000000,20.6,20.7,19,19,0,0
JWW_PE,D,20150108,000000,20.1,20.1,20,20,0,0
JWW_PE,D,20150109,000000,20.1,20.2,20.1,20.2,0,0
JWW_PE,D,20150112,000000,20.3,20.3,20.3,20.3,0,0
JWW_PE,D,20150115,000000,19.3,19.8,19.3,19.8,0,0
JWW_PE,D,20150119,000000,19.3,19.8,19.3,19.7,0,0
JWW_PE,D,20150120,000000,20,20.5,18.9,19,0,0
JWW_PE,D,20150121,000000,18.7,18.7,18.7,18.7,0,0
JWW_PE,D,20150122,000000,18.7,21.4,18.7,21.4,0,0
JWW_PE,D,20150123,000000,23.5,28.1,23.5,28.1,0,0
JWW_PE,D,20150126,000000,26.8,26.8,26.7,26.7,0,0
JWW_PE,D,20150128,000000,28.4,28.4,25.6,25.7,0,0
JWW_PE,D,20150129,000000,26.8,26.8,26.7,26.7,0,0
JWW_PE,D,20150130,000000,28,28.1,28,28.1,0,0
JWW_PE,D,20150204,000000,26.8,28.9,26.8,28.7,0,0
JWW_PE,D,20150205,000000,28.7,28.7,28.7,28.7,0,0
JWW_PE,D,20150206,000000,28.7,28.7,28.7,28.7,0,0
JWW_PE,D,20150209,000000,28.7,28.7,28.7,28.7,0,0
JWW_PE,D,20150210,000000,28,28,26.1,27,0,0
JWW_PE,D,20150211,000000,25.7,25.8,23.9,25.7,0,0
JWW_PE,D,20150212,000000,24.1,25.2,23.1,23.1,0,0
JWW_PE,D,20150213,000000,24,24.3,19.5,23.1,0,0
JWW_PE,D,20150216,000000,22.1,22.1,18.1,18.2,0,0
JWW_PE,D,20150217,000000,19.8,23.7,18.2,18.4,0,0
JWW_PE,D,20150218,000000,18.4,19.8,18.4,19.8,0,0
JWW_PE,D,20150219,000000,18.6,20.6,18.6,20.6,0,0
JWW_PE,D,20150220,000000,20.9,25.7,20.9,25.7,0,0
JWW_PE,D,20150223,000000,26.8,29.5,17.2,17.2,0,0
JWW_PE,D,20150224,000000,19.4,19.4,16.9,18.2,0,0
JWW_PE,D,20150225,000000,18.5,18.5,17,18,0,0
JWW_PE,D,20150226,000000,18.4,18.4,17.8,18,0,0
JWW_PE,D,20150227,000000,17.7,17.7,17,17.7,0,0
JWW_PE,D,20150302,000000,17,18,17,18,0,0
JWW_PE,D,20150303,000000,18,18,15.3,18,0,0
JWW_PE,D,20150304,000000,18,18.9,17.2,18.9,0,0
JWW_PE,D,20150306,000000,18.9,19.6,18.9,18.9,0,0
JWW_PE,D,20150309,000000,18.6,18.6,18.6,18.6,0,0
JWW_PE,D,20150310,000000,18.9,19.3,18.9,19.3,0,0
JWW_PE,D,20150311,000000,19.3,19.3,16.7,18.2,0,0
JWW_PE,D,20150312,000000,17.2,17.2,17.2,17.2,0,0
JWW_PE,D,20150313,000000,17.2,17.2,13.8,13.8,0,0
JWW_PE,D,20150316,000000,16,18.6,16,18.6,0,0
JWW_PE,D,20150317,000000,18.6,19.6,18.6,19.6,0,0
JWW_PE,D,20150318,000000,17.2,17.2,13.8,13.8,0,0
JWW_PE,D,20150319,000000,13.9,16.2,13.8,16.2,0,0
JWW_PE,D,20150320,000000,16,16,16,16,0,0
JWW_PE,D,20150323,000000,16,16,14.8,14.8,0,0
JWW_PE,D,20150324,000000,15.2,16.9,10.8,10.8,0,0
JWW_PE,D,20150325,000000,13,14.1,13,14.1,0,0
JWW_PE,D,20150326,000000,14.1,14.1,13,13.3,0,0
JWW_PE,D,20150327,000000,13.3,13.3,10.9,12.2,0,0
JWW_PE,D,20150330,000000,12.2,12.2,12.2,12.2,0,0
JWW_PE,D,20150401,000000,12.2,12.3,12.2,12.3,0,0
JWW_PE,D,20150402,000000,12.5,12.6,12.5,12.6,0,0
JWW_PE,D,20150408,000000,12.6,12.6,12.6,12.6,0,0
JWW_PE,D,20150409,000000,12.4,14.3,11.9,14.3,0,0
JWW_PE,D,20150410,000000,12.6,14.3,12.6,14.3,0,0
JWW_PE,D,20150413,000000,13.8,14.2,13.3,14.2,0,0
JWW_PE,D,20150414,000000,13.5,13.5,13,13,0,0
JWW_PE,D,20150415,000000,13,15.6,12.7,15.5,0,0
JWW_PE,D,20150416,000000,15.8,18.9,15.8,18.3,0,0
JWW_PE,D,20150417,000000,18.3,19.9,18.3,18.3,0,0
JWW_PE,D,20150421,000000,18.3,18.3,18.3,18.3,0,0
JWW_PE,D,20150422,000000,18,18,18,18,0,0
JWW_PE,D,20150428,000000,17.7,17.7,17.4,17.4,0,0
JWW_PE,D,20150430,000000,17.3,17.3,17.1,17.1,0,0
JWW_PE,D,20150506,000000,17.1,17.1,17.1,17.1,0,0
JWW_PE,D,20150512,000000,17.1,17.1,17.1,17.1,0,0
JWW_PE,D,20150513,000000,17.1,17.1,17.1,17.1,0,0
JWW_PE,D,20150515,000000,16.9,16.9,16.9,16.9,0,0
JWW_PE,D,20150518,000000,16.7,16.7,16.2,16.3,0,0
JWW_PE,D,20150519,000000,16.3,16.6,15.7,16.6,0,0
JWW_PE,D,20150520,000000,15.8,15.8,15.7,15.7,0,0
JWW_PE,D,20150521,000000,15.7,15.7,15.7,15.7,0,0
JWW_PE,D,20150525,000000,15.8,15.8,15.8,15.8,0,0
JWW_PE,D,20150526,000000,15.8,15.8,15.8,15.8,0,0
JWW_PE,D,20150527,000000,15.7,15.8,15.7,15.8,0,0
JWW_PE,D,20150528,000000,15.8,15.8,15.8,15.8,0,0
JWW_PE,D,20150605,000000,25.7,25.7,25.7,25.7,0,0
JWW_PE,D,20150611,000000,25.7,25.7,25.7,25.7,0,0
JWW_PE,D,20150615,000000,25.7,25.7,25.7,25.7,0,0
JWW_PE,D,20150616,000000,25.7,25.7,25.7,25.7,0,0
JWW_PE,D,20150617,000000,25.7,25.7,24.1,25.2,0,0
JWW_PE,D,20150618,000000,25.2,25.2,25.2,25.2,0,0
JWW_PE,D,20150619,000000,25.3,25.3,25.2,25.2,0,0
JWW_PE,D,20150622,000000,24.9,24.9,23.5,23.5,0,0
JWW_PE,D,20150623,000000,23.5,23.5,23.5,23.5,0,0
JWW_PE,D,20150624,000000,23.3,23.3,23.3,23.3,0,0
JWW_PE,D,20150630,000000,23.8,24.3,23.8,24.3,0,0
JWW_PE,D,20150701,000000,24.1,24.1,22.9,22.9,0,0
JWW_PE,D,20150703,000000,22.6,22.6,22,22,0,0
JWW_PE,D,20150706,000000,22.3,22.7,22.3,22.7,0,0
JWW_PE,D,20150707,000000,22.7,22.7,22.7,22.7,0,0
JWW_PE,D,20150709,000000,22,22,22,22,0,0
JWW_PE,D,20150710,000000,21.9,21.9,21.8,21.8,0,0
JWW_PE,D,20150713,000000,21.2,21.2,21.1,21.1,0,0
JWW_PE,D,20150714,000000,21.7,21.7,20.9,20.9,0,0
JWW_PE,D,20150716,000000,20.9,20.9,20.9,20.9,0,0
JWW_PE,D,20150720,000000,21,21,21,21,0,0
JWW_PE,D,20150721,000000,21,21,21,21,0,0
JWW_PE,D,20150722,000000,21,21,21,21,0,0
JWW_PE,D,20150723,000000,21,21,21,21,0,0
JWW_PE,D,20150727,000000,21,21,21,21,0,0
JWW_PE,D,20150729,000000,21.3,25.2,21.3,25.2,0,0
JWW_PE,D,20150730,000000,23.8,23.8,23.8,23.8,0,0
JWW_PE,D,20150731,000000,24.1,24.1,24,24,0,0
JWW_PE,D,20150803,000000,23.9,23.9,23.9,23.9,0,0
JWW_PE,D,20150804,000000,24,24.1,24,24.1,0,0
JWW_PE,D,20150811,000000,24.6,24.6,24.6,24.6,0,0
JWW_PE,D,20150824,000000,23.8,23.8,22.2,22.2,0,0
JWW_PE,D,20150828,000000,22.9,22.9,22.8,22.8,0,0
JWW_PE,D,20150907,000000,21.9,21.9,21.5,21.6,0,0
JWW_PE,D,20150928,000000,21.4,21.4,20.1,20.1,0,0
JWW_PE,D,20151001,000000,19.8,19.8,19.2,19.2,0,0
JWW_PE,D,20151016,000000,19.2,19.2,19.2,19.2,0,0
JWW_PE,D,20151106,000000,19.3,19.3,19.3,19.3,0,0
JWW_PE,D,20151110,000000,19.4,19.6,19.4,19.6,0,0
JWW_PE,D,20151117,000000,19.5,19.6,19.5,19.6,0,0
JWW_PE,D,20151216,000000,35.8,35.9,35.8,35.9,0,0
JWW_PE,D,20151217,000000,35.9,35.9,35.9,35.9,0,0
JWW_PE,D,20151218,000000,35.9,35.9,35.9,35.9,0,0
JWW_PE,D,20151221,000000,35.9,35.9,35.9,35.9,0,0
JWW_PE,D,20151222,000000,35.9,35.9,35.9,35.9,0,0
JWW_PE,D,20151223,000000,35.9,35.9,35.9,35.9,0,0
JWW_PE,D,20151228,000000,35.9,35.9,35.9,35.9,0,0
JWW_PE,D,20151229,000000,35.9,35.9,35.9,35.9,0,0
JWW_PE,D,20151230,000000,35.9,35.9,35.9,35.9,0,0
JWW_PE,D,20160104,000000,35.9,35.9,35.9,35.9,0,0
JWW_PE,D,20160105,000000,35.9,35.9,35.9,35.9,0,0
JWW_PE,D,20160107,000000,35.9,35.9,35.9,35.9,0,0
JWW_PE,D,20160118,000000,34.9,34.9,33.9,33.9,0,0
JWW_PE,D,20160122,000000,33.4,33.4,32.7,32.7,0,0
JWW_PE,D,20160125,000000,31.5,31.5,30,30,0,0
JWW_PE,D,20160127,000000,29,29.1,29,29.1,0,0
JWW_PE,D,20160128,000000,29.1,29.1,29.1,29.1,0,0
JWW_PE,D,20160129,000000,29.1,29.1,29.1,29.1,0,0
JWW_PE,D,20160201,000000,28.6,28.6,25.2,25.2,0,0
JWW_PE,D,20160202,000000,25,27.1,25,27.1,0,0
JWW_PE,D,20160203,000000,27.1,27.1,27.1,27.1,0,0
JWW_PE,D,20160204,000000,27.1,27.2,27.1,27.2,0,0
JWW_PE,D,20160205,000000,27.1,27.2,27.1,27.2,0,0
JWW_PE,D,20160208,000000,27.1,27.6,27.1,27.6,0,0
JWW_PE,D,20160209,000000,27.6,27.6,27.6,27.6,0,0
JWW_PE,D,20160212,000000,27.7,27.7,27.7,27.7,0,0
JWW_PE,D,20160215,000000,28.1,28.1,28.1,28.1,0,0
JWW_PE,D,20160216,000000,28.1,28.1,28.1,28.1,0,0
JWW_PE,D,20160217,000000,28.1,28.1,28.1,28.1,0,0
JWW_PE,D,20160219,000000,28.1,28.1,28.1,28.1,0,0
JWW_PE,D,20160224,000000,10.5,10.5,10.5,10.5,0,0
JWW_PE,D,20160225,000000,10.5,10.8,10.5,10.7,0,0
JWW_PE,D,20160226,000000,10.7,10.7,10.7,10.7,0,0
JWW_PE,D,20160229,000000,10.7,10.7,10.7,10.7,0,0
JWW_PE,D,20160301,000000,10.7,10.7,10.4,10.7,0,0
JWW_PE,D,20160302,000000,10.7,10.8,10.3,10.8,0,0
JWW_PE,D,20160303,000000,10.4,10.4,10.3,10.3,0,0
JWW_PE,D,20160304,000000,10.4,10.4,8.5,10.3,0,0
JWW_PE,D,20160307,000000,10.2,10.2,10,10.2,0,0
JWW_PE,D,20160308,000000,10.3,10.3,10.3,10.3,0,0
JWW_PE,D,20160309,000000,10.3,10.4,10.3,10.3,0,0
JWW_PE,D,20160310,000000,10.3,10.4,10.3,10.4,0,0
JWW_PE,D,20160311,000000,10.3,10.3,10.2,10.2,0,0
JWW_PE,D,20160314,000000,10.2,10.2,10.2,10.2,0,0
JWW_PE,D,20160315,000000,9.5,9.8,9.5,9.8,0,0
JWW_PE,D,20160316,000000,9.8,9.9,9.8,9.9,0,0
JWW_PE,D,20160317,000000,9.8,9.8,9.6,9.6,0,0
JWW_PE,D,20160318,000000,9.6,9.6,9.6,9.6,0,0
JWW_PE,D,20160321,000000,9.6,9.6,9.6,9.6,0,0
JWW_PE,D,20160322,000000,9.6,9.6,9.6,9.6,0,0
JWW_PE,D,20160323,000000,9.6,9.7,9.6,9.7,0,0
JWW_PE,D,20160324,000000,9.7,10.6,9.7,10.6,0,0
JWW_PE,D,20160329,000000,10.6,10.6,10.4,10.4,0,0
JWW_PE,D,20160330,000000,10.4,10.4,10.2,10.2,0,0
JWW_PE,D,20160331,000000,10.1,12.1,9.6,12.1,0,0
JWW_PE,D,20160401,000000,11.2,12.6,9.8,12.6,0,0
JWW_PE,D,20160404,000000,11.7,11.7,11.2,11.2,0,0
JWW_PE,D,20160405,000000,11.4,11.4,11.4,11.4,0,0
JWW_PE,D,20160406,000000,11.4,11.4,10.3,10.3,0,0
JWW_PE,D,20160407,000000,10.3,11.2,10.3,11.1,0,0
JWW_PE,D,20160408,000000,10.9,11.6,10.9,11.6,0,0
JWW_PE,D,20160411,000000,11.6,11.8,11.6,11.7,0,0
JWW_PE,D,20160412,000000,11.7,12.6,11.7,12.6,0,0
JWW_PE,D,20160413,000000,12.8,12.8,12.8,12.8,0,0
JWW_PE,D,20160414,000000,12.8,12.8,12.8,12.8,0,0
JWW_PE,D,20160418,000000,12.8,13.8,12.8,13.7,0,0
JWW_PE,D,20160419,000000,13.7,14.4,13.7,14.4,0,0
JWW_PE,D,20160420,000000,14.6,14.6,14.6,14.6,0,0
JWW_PE,D,20160421,000000,14.6,14.7,13.7,13.8,0,0
JWW_PE,D,20160422,000000,13.9,14,13.9,14,0,0
JWW_PE,D,20160425,000000,14,14,14,14,0,0
JWW_PE,D,20160426,000000,14,14,14,14,0,0
JWW_PE,D,20160429,000000,13.9,13.9,13.9,13.9,0,0
JWW_PE,D,20160502,000000,13.9,14.1,13.9,14.1,0,0
JWW_PE,D,20160504,000000,14.1,14.1,14.1,14.1,0,0
JWW_PE,D,20160505,000000,14.1,14.1,14.1,14.1,0,0
JWW_PE,D,20160509,000000,14.1,14.1,14.1,14.1,0,0
JWW_PE,D,20160511,000000,14.2,14.2,14.2,14.2,0,0
JWW_PE,D,20160512,000000,14.2,14.2,14.2,14.2,0,0
JWW_PE,D,20160513,000000,13.9,14.2,13.7,13.7,0,0
JWW_PE,D,20160516,000000,13.9,13.9,13.9,13.9,0,0
JWW_PE,D,20160520,000000,13.7,13.7,13.7,13.7,0,0
JWW_PE,D,20160523,000000,13.2,13.7,11.5,12.3,0,0
JWW_PE,D,20160525,000000,12.5,12.5,12.5,12.5,0,0
JWW_PE,D,20160527,000000,12,12.4,12,12.4,0,0
JWW_PE,D,20160531,000000,8.5,8.6,8.5,8.6,0,0
JWW_PE,D,20160609,000000,8.5,8.5,8.2,8.2,0,0
JWW_PE,D,20160610,000000,8.2,8.2,8.2,8.2,0,0
JWW_PE,D,20160613,000000,8.3,8.3,8.3,8.3,0,0
JWW_PE,D,20160614,000000,8.3,8.3,8.3,8.3,0,0
JWW_PE,D,20160616,000000,8.3,8.3,8.3,8.3,0,0
JWW_PE,D,20160617,000000,8.3,8.3,8.3,8.3,0,0
JWW_PE,D,20160621,000000,8.3,8.3,8.3,8.3,0,0
JWW_PE,D,20160623,000000,8.2,8.3,8.2,8.3,0,0
JWW_PE,D,20160624,000000,8.3,8.3,8.2,8.3,0,0
JWW_PE,D,20160627,000000,8.3,8.3,8.3,8.3,0,0
JWW_PE,D,20160630,000000,8.4,8.5,8.4,8.5,0,0
JWW_PE,D,20160704,000000,8.4,8.4,7.9,7.9,0,0
JWW_PE,D,20160705,000000,7.9,8,7.9,8,0,0
JWW_PE,D,20160712,000000,7.7,8.1,7.7,8.1,0,0
JWW_PE,D,20160714,000000,8,8,8,8,0,0
JWW_PE,D,20160718,000000,7.7,8.6,7.7,8.3,0,0
JWW_PE,D,20160719,000000,8.2,9.6,8.2,9.6,0,0
JWW_PE,D,20160720,000000,8.4,9.6,7.7,9.5,0,0
JWW_PE,D,20160721,000000,9.5,9.5,9.5,9.5,0,0
JWW_PE,D,20160722,000000,9.3,9.3,8.8,8.8,0,0
JWW_PE,D,20160725,000000,9.1,9.1,8.5,8.5,0,0
JWW_PE,D,20160726,000000,8.5,8.5,8.5,8.5,0,0
JWW_PE,D,20160727,000000,8.6,8.8,8.6,8.8,0,0
JWW_PE,D,20160729,000000,8.9,8.9,8.8,8.8,0,0
JWW_PE,D,20160803,000000,8.8,8.8,8.4,8.4,0,0
JWW_PE,D,20160805,000000,8.5,8.7,8.5,8.7,0,0
JWW_PE,D,20160808,000000,8.6,8.7,8,8,0,0
JWW_PE,D,20160810,000000,8,8,8,8,0,0
JWW_PE,D,20160816,000000,8.1,9.5,8.1,8.6,0,0
JWW_PE,D,20160817,000000,8.6,11.7,8.6,11.7,0,0
JWW_PE,D,20160818,000000,11.7,11.7,11.7,11.7,0,0
JWW_PE,D,20160819,000000,11.7,11.7,11.1,11.1,0,0
JWW_PE,D,20160822,000000,11.3,11.7,11.3,11.7,0,0
JWW_PE,D,20160823,000000,10.8,11,10.8,11,0,0
JWW_PE,D,20160825,000000,11,11,11,11,0,0
JWW_PE,D,20160826,000000,11.2,11.6,10.9,10.9,0,0
JWW_PE,D,20160829,000000,11.5,11.5,11.5,11.5,0,0
JWW_PE,D,20160831,000000,11.5,11.5,11.5,11.5,0,0
JWW_PE,D,20160902,000000,11.6,11.6,11.6,11.6,0,0
JWW_PE,D,20160909,000000,10.9,11.4,10.9,11.4,0,0
JWW_PE,D,20160913,000000,11.4,11.4,10.5,10.6,0,0
JWW_PE,D,20160922,000000,10.6,10.6,10.6,10.6,0,0
JWW_PE,D,20160926,000000,10.4,10.4,10.4,10.4,0,0
JWW_PE,D,20160930,000000,10.1,12,10.1,12,0,0
JWW_PE,D,20161003,000000,11.1,11.1,10.6,10.8,0,0
JWW_PE,D,20161004,000000,11,11,11,11,0,0
JWW_PE,D,20161005,000000,11,11,10.7,10.7,0,0
JWW_PE,D,20161006,000000,10.7,10.7,10.7,10.7,0,0
JWW_PE,D,20161007,000000,10.4,10.4,10.3,10.3,0,0
JWW_PE,D,20161011,000000,9.9,9.9,9.8,9.8,0,0
JWW_PE,D,20161013,000000,9.9,9.9,9.6,9.6,0,0
JWW_PE,D,20161017,000000,9.2,9.2,9.1,9.2,0,0
JWW_PE,D,20161018,000000,9,9.1,9,9.1,0,0
JWW_PE,D,20161019,000000,8.8,8.9,8.8,8.9,0,0
JWW_PE,D,20161020,000000,8.6,8.7,8.6,8.7,0,0
JWW_PE,D,20161021,000000,8.4,8.4,8.3,8.3,0,0
JWW_PE,D,20161025,000000,8.3,8.9,8.3,8.9,0,0
JWW_PE,D,20161027,000000,8.9,10.1,8.9,10.1,0,0
JWW_PE,D,20161028,000000,9.9,9.9,9.9,9.9,0,0
JWW_PE,D,20161102,000000,9.4,9.4,9.4,9.4,0,0
JWW_PE,D,20161107,000000,9.1,9.1,8.8,8.8,0,0
JWW_PE,D,20161108,000000,8.5,8.7,8.5,8.7,0,0
JWW_PE,D,20161109,000000,8.5,9.1,8.4,8.4,0,0
JWW_PE,D,20161110,000000,8.4,8.4,8.4,8.4,0,0
JWW_PE,D,20161114,000000,8.4,8.4,8.1,8.1,0,0
JWW_PE,D,20161115,000000,8,8,8,8,0,0
JWW_PE,D,20161117,000000,7.7,7.7,7.7,7.7,0,0
JWW_PE,D,20161118,000000,7.7,7.7,7.6,7.7,0,0
JWW_PE,D,20161121,000000,7.5,7.6,7.5,7.6,0,0
JWW_PE,D,20161125,000000,11.7,11.7,11.7,11.7,0,0
JWW_PE,D,20161130,000000,11.3,11.6,11.3,11.5,0,0
JWW_PE,D,20161201,000000,11.1,11.8,10.9,11.8,0,0
JWW_PE,D,20161205,000000,11,11.2,11,11.2,0,0
JWW_PE,D,20161207,000000,11.1,11.8,11.1,11.8,0,0
JWW_PE,D,20161208,000000,11.8,12.2,11.8,12.1,0,0
JWW_PE,D,20161209,000000,12.2,12.8,12.2,12.5,0,0
JWW_PE,D,20161212,000000,12.5,12.8,12.5,12.8,0,0
JWW_PE,D,20161213,000000,12.8,13.6,12.8,13.6,0,0
JWW_PE,D,20161214,000000,13.6,14.3,13.6,14.3,0,0
JWW_PE,D,20161215,000000,14.3,15.4,14.3,15.4,0,0
JWW_PE,D,20161216,000000,15.4,16.9,14.4,16.6,0,0
JWW_PE,D,20161219,000000,16.5,18.3,15.7,18,0,0
JWW_PE,D,20161220,000000,18,18.9,18,18.9,0,0
JWW_PE,D,20161221,000000,18.9,20.9,17.5,19.3,0,0
JWW_PE,D,20161222,000000,19.3,19.7,18.3,18.7,0,0
JWW_PE,D,20161223,000000,18.7,19.6,18.3,19.6,0,0
JWW_PE,D,20161227,000000,19.6,20.9,19.6,20.9,0,0
JWW_PE,D,20161228,000000,20,20,19.6,20,0,0
JWW_PE,D,20161229,000000,20.1,20.4,19.7,20,0,0
JWW_PE,D,20161230,000000,20.1,20.4,19.9,20.4,0,0
JWW_PE,D,20170102,000000,19.3,20.1,17.5,20.1,0,0
JWW_PE,D,20170103,000000,20.1,20.1,19.6,19.6,0,0
JWW_PE,D,20170104,000000,19.6,19.6,18.8,19.6,0,0
JWW_PE,D,20170105,000000,19.6,19.6,19.6,19.6,0,0
JWW_PE,D,20170109,000000,19.4,19.4,19.3,19.3,0,0
JWW_PE,D,20170110,000000,19.3,19.3,18.3,18.3,0,0
JWW_PE,D,20170116,000000,19.3,19.6,19.3,19.5,0,0
JWW_PE,D,20170117,000000,19.4,19.5,19.4,19.5,0,0
JWW_PE,D,20170118,000000,19.5,19.5,18.7,19.3,0,0
JWW_PE,D,20170119,000000,19.2,19.2,18.3,18.3,0,0
JWW_PE,D,20170120,000000,17.8,17.8,17.4,17.4,0,0
JWW_PE,D,20170123,000000,17.4,17.4,17.4,17.4,0,0
JWW_PE,D,20170124,000000,17.4,17.4,17.4,17.4,0,0
JWW_PE,D,20170125,000000,17.5,17.6,17.5,17.6,0,0
JWW_PE,D,20170126,000000,17.5,17.5,16.2,16.2,0,0
JWW_PE,D,20170127,000000,16.7,16.9,16.7,16.7,0,0
JWW_PE,D,20170130,000000,16.2,16.2,16.1,16.1,0,0
JWW_PE,D,20170131,000000,16.1,16.1,16.1,16.1,0,0
JWW_PE,D,20170201,000000,16,16.1,16,16.1,0,0
JWW_PE,D,20170202,000000,16,16,16,16,0,0
JWW_PE,D,20170203,000000,15.3,16,14.6,15.8,0,0
JWW_PE,D,20170206,000000,15.7,15.7,15.7,15.7,0,0
JWW_PE,D,20170207,000000,15.7,15.7,14.4,14.4,0,0
JWW_PE,D,20170208,000000,13.7,15.3,13.7,15.3,0,0
JWW_PE,D,20170209,000000,15.4,16,14.4,15.3,0,0
JWW_PE,D,20170210,000000,15.3,15.3,15.2,15.3,0,0
JWW_PE,D,20170213,000000,14.4,15.1,13.1,14.8,0,0
JWW_PE,D,20180605,000000,17.6,17.6,17.6,17.6,0,0
JWW_PE,D,20180606,000000,17.6,17.6,17.6,17.6,0,0
JWW_PE,D,20180607,000000,17.6,17.6,17.6,17.6,0,0
JWW_PE,D,20180608,000000,17.6,17.6,17.6,17.6,0,0
JWW_PE,D,20180611,000000,17.6,17.6,17.6,17.6,0,0
JWW_PE,D,20180612,000000,17.6,17.6,17.6,17.6,0,0
JWW_PE,D,20180613,000000,17.6,17.6,17.6,17.6,0,0
JWW_PE,D,20180614,000000,17.6,17.6,17.6,17.6,0,0
JWW_PE,D,20180615,000000,17.6,17.6,17.6,17.6,0,0
JWW_PE,D,20180618,000000,17.7,17.7,16.1,16.1,0,0
JWW_PE,D,20180619,000000,16.4,16.4,16.4,16.4,0,0
JWW_PE,D,20180620,000000,16.4,16.4,15.4,15.4,0,0
JWW_PE,D,20180621,000000,14.7,14.7,14.6,14.6,0,0
JWW_PE,D,20180622,000000,14.6,14.6,14.6,14.6,0,0
JWW_PE,D,20180627,000000,14.9,14.9,14.9,14.9,0,0
JWW_PE,D,20180628,000000,14.7,14.8,14.7,14.8,0,0
JWW_PE,D,20180629,000000,14.8,14.8,14.8,14.8,0,0
JWW_PE,D,20180702,000000,14.8,14.8,14.8,14.8,0,0
JWW_PE,D,20180703,000000,15,15,14.9,14.9,0,0
JWW_PE,D,20180704,000000,14.7,14.8,14.7,14.8,0,0
JWW_PE,D,20180705,000000,14.8,14.8,14.8,14.8,0,0
JWW_PE,D,20180706,000000,14.8,15,14.8,14.9,0,0
JWW_PE,D,20180709,000000,14.9,14.9,14.9,14.9,0,0
JWW_PE,D,20180710,000000,14.9,14.9,14.9,14.9,0,0
JWW_PE,D,20180711,000000,15,15.1,15,15.1,0,0
JWW_PE,D,20180712,000000,15.1,15.1,15.1,15.1,0,0
JWW_PE,D,20180717,000000,14.7,15.8,14.7,15.8,0,0
JWW_PE,D,20180718,000000,15.4,15.7,15.4,15.7,0,0
JWW_PE,D,20180719,000000,15.7,15.7,15.7,15.7,0,0
JWW_PE,D,20180720,000000,16,16,15.9,15.9,0,0
JWW_PE,D,20180723,000000,15.9,16.1,15.9,16.1,0,0
JWW_PE,D,20180724,000000,16.1,16.1,16.1,16.1,0,0
JWW_PE,D,20180725,000000,16.1,16.1,16.1,16.1,0,0
JWW_PE,D,20180726,000000,16.1,16.8,16.1,16.8,0,0
JWW_PE,D,20180727,000000,16.8,16.8,16.8,16.8,0,0
JWW_PE,D,20180806,000000,16.8,16.8,16.8,16.8,0,0
JWW_PE,D,20180807,000000,16.1,17.1,16.1,17.1,0,0
JWW_PE,D,20180808,000000,17.3,17.3,17.3,17.3,0,0
JWW_PE,D,20180809,000000,17.3,17.3,17.3,17.3,0,0
JWW_PE,D,20180810,000000,17.4,17.4,17.4,17.4,0,0
JWW_PE,D,20180813,000000,17.4,17.4,17.4,17.4,0,0
JWW_PE,D,20180814,000000,17.4,17.4,17.4,17.4,0,0
JWW_PE,D,20180816,000000,17.4,17.4,17.4,17.4,0,0
JWW_PE,D,20180817,000000,17.4,17.4,17.4,17.4,0,0
JWW_PE,D,20180820,000000,17.4,17.7,17.4,17.7,0,0
JWW_PE,D,20180821,000000,17.7,17.7,17.7,17.7,0,0
JWW_PE,D,20180822,000000,17.5,17.5,16.2,16.2,0,0
JWW_PE,D,20180823,000000,16.2,16.2,15.3,15.4,0,0
JWW_PE,D,20180824,000000,16.1,16.1,15.2,15.2,0,0
JWW_PE,D,20180827,000000,14.9,15.8,14.9,15.8,0,0
JWW_PE,D,20180828,000000,15.8,15.8,15.8,15.8,0,0
JWW_PE,D,20180829,000000,15.8,15.8,15.8,15.8,0,0
JWW_PE,D,20180830,000000,15.8,15.8,15.8,15.8,0,0
JWW_PE,D,20180831,000000,15.8,15.8,15.8,15.8,0,0
JWW_PE,D,20180903,000000,15.8,15.8,15.6,15.7,0,0
JWW_PE,D,20180904,000000,15.7,15.7,15.7,15.7,0,0
JWW_PE,D,20180905,000000,15.7,15.7,15.7,15.7,0,0
JWW_PE,D,20180906,000000,15.7,15.7,15.7,15.7,0,0
JWW_PE,D,20180907,000000,15.7,15.7,15.7,15.7,0,0
JWW_PE,D,20180910,000000,15.8,15.8,15.8,15.8,0,0
JWW_PE,D,20180911,000000,15.8,15.8,15.4,15.4,0,0
JWW_PE,D,20180912,000000,15.8,15.8,15.7,15.7,0,0
JWW_PE,D,20180913,000000,15.8,16,15.8,15.9,0,0
JWW_PE,D,20180914,000000,15.9,16.1,15.9,16.1,0,0
JWW_PE,D,20180917,000000,16.1,16.1,16.1,16.1,0,0
JWW_PE,D,20180918,000000,16.1,16.1,16.1,16.1,0,0
JWW_PE,D,20180919,000000,16.1,16.1,14.8,14.8,0,0
JWW_PE,D,20180920,000000,14.8,15,14.8,14.9,0,0
JWW_PE,D,20180921,000000,15.5,15.5,14.7,15.5,0,0
JWW_PE,D,20180924,000000,15.5,15.5,15.5,15.5,0,0
JWW_PE,D,20180925,000000,15.5,15.5,15.5,15.5,0,0
JWW_PE,D,20180926,000000,15.5,15.5,15.5,15.5,0,0
JWW_PE,D,20180927,000000,15.5,15.5,15.5,15.5,0,0
JWW_PE,D,20180928,000000,15.5,15.5,15.5,15.5,0,0
JWW_PE,D,20181001,000000,15.5,15.5,14.6,14.6,0,0
JWW_PE,D,20181002,000000,15.5,15.5,15.5,15.5,0,0
JWW_PE,D,20181003,000000,15.5,15.5,15.5,15.5,0,0
JWW_PE,D,20181130,000000,8.9,8.9,8.9,8.9,0,0
JWW_PE,D,20181203,000000,8.9,8.9,8.9,8.9,0,0
JWW_PE,D,20181204,000000,8.9,9.1,8.9,9.1,0,0
JWW_PE,D,20181217,000000,8.9,8.9,8.9,8.9,0,0
JWW_PE,D,20181218,000000,9.1,9.1,8.6,8.6,0,0
JWW_PE,D,20181219,000000,8.9,9,8.9,9,0,0
JWW_PE,D,20181220,000000,8.9,9,8.9,9,0,0
JWW_PE,D,20181221,000000,9,9,9,9,0,0
JWW_PE,D,20181227,000000,9,9,9,9,0,0
JWW_PE,D,20181228,000000,9,9,9,9,0,0
JWW_PE,D,20190102,000000,9.3,9.3,9.3,9.3,0,0
JWW_PE,D,20190103,000000,9.3,9.3,9.3,9.3,0,0
JWW_PE,D,20190104,000000,9.3,9.3,9.3,9.3,0,0
JWW_PE,D,20190107,000000,9.3,9.3,9.3,9.3,0,0
JWW_PE,D,20190108,000000,9.3,9.3,9.3,9.3,0,0
JWW_PE,D,20190109,000000,9.3,9.3,9.3,9.3,0,0
JWW_PE,D,20190110,000000,9.3,9.3,9.3,9.3,0,0
JWW_PE,D,20190111,000000,9.3,9.3,9.3,9.3,0,0
JWW_PE,D,20190114,000000,9.3,9.3,9.3,9.3,0,0
JWW_PE,D,20190115,000000,9.3,9.3,9.3,9.3,0,0
JWW_PE,D,20190116,000000,9.3,9.3,9.3,9.3,0,0
JWW_PE,D,20190117,000000,9.3,9.3,9.3,9.3,0,0
JWW_PE,D,20190118,000000,9.2,9.2,9.2,9.2,0,0
JWW_PE,D,20190121,000000,9.2,9.2,9.2,9.2,0,0
JWW_PE,D,20190122,000000,9.2,9.2,9.2,9.2,0,0
JWW_PE,D,20190123,000000,9.2,9.2,9.2,9.2,0,0
JWW_PE,D,20190124,000000,9.2,9.2,9.2,9.2,0,0
JWW_PE,D,20190125,000000,9.2,9.2,9.2,9.2,0,0
JWW_PE,D,20190131,000000,9.4,9.4,9.4,9.4,0,0
JWW_PE,D,20190201,000000,9.4,9.4,9.4,9.4,0,0
JWW_PE,D,20190204,000000,9.4,9.4,9.4,9.4,0,0
JWW_PE,D,20190205,000000,9.4,9.5,9.4,9.4,0,0
JWW_PE,D,20190206,000000,9.4,9.4,9.4,9.4,0,0
JWW_PE,D,20190207,000000,9.4,9.4,9.4,9.4,0,0
JWW_PE,D,20190208,000000,9.4,9.4,9.4,9.4,0,0
JWW_PE,D,20190211,000000,9.4,9.4,9.4,9.4,0,0
JWW_PE,D,20190212,000000,9.4,9.4,9.4,9.4,0,0
JWW_PE,D,20190213,000000,9.5,9.5,9.4,9.4,0,0
JWW_PE,D,20190215,000000,9.4,9.4,9.4,9.4,0,0
JWW_PE,D,20190218,000000,9.4,9.4,9.4,9.4,0,0
JWW_PE,D,20190219,000000,9.4,9.4,9.4,9.4,0,0
JWW_PE,D,20190220,000000,9.4,9.4,9.4,9.4,0,0
JWW_PE,D,20190221,000000,9.4,9.4,9.4,9.4,0,0
JWW_PE,D,20190222,000000,9.4,9.6,9.4,9.5,0,0
JWW_PE,D,20190225,000000,9.6,9.6,9.6,9.6,0,0
JWW_PE,D,20190226,000000,9.6,9.8,9.6,9.8,0,0
JWW_PE,D,20190227,000000,9.8,9.8,9.8,9.8,0,0
JWW_PE,D,20190228,000000,9.8,9.8,9.4,9.8,0,0
JWW_PE,D,20190301,000000,9.8,9.8,9.8,9.8,0,0
JWW_PE,D,20190307,000000,9.1,9.1,9.1,9.1,0,0
JWW_PE,D,20190308,000000,9.4,9.8,9.4,9.7,0,0
JWW_PE,D,20190311,000000,9.7,9.7,9.7,9.7,0,0
JWW_PE,D,20190312,000000,9.7,9.7,9.7,9.7,0,0
JWW_PE,D,20190313,000000,9.7,9.7,9.7,9.7,0,0
JWW_PE,D,20190314,000000,9.7,9.7,9,9,0,0
JWW_PE,D,20190315,000000,9,9,9,9,0,0
JWW_PE,D,20190320,000000,9.5,9.5,9.5,9.5,0,0
JWW_PE,D,20190321,000000,9.5,9.5,9.5,9.5,0,0
JWW_PE,D,20190322,000000,9.5,9.5,9.5,9.5,0,0
JWW_PE,D,20190325,000000,9.5,9.5,9.5,9.5,0,0
JWW_PE,D,20190326,000000,9.1,9.3,9.1,9.2,0,0
JWW_PE,D,20190328,000000,9.4,9.4,9.4,9.4,0,0
JWW_PE,D,20190329,000000,9.4,9.4,9.4,9.4,0,0
JWW_PE,D,20190402,000000,9.4,9.4,9.4,9.4,0,0
JWW_PE,D,20190403,000000,9.4,9.4,9.4,9.4,0,0
JWW_PE,D,20190404,000000,9.4,9.4,9.4,9.4,0,0
JWW_PE,D,20190405,000000,9.4,9.4,8.9,8.9,0,0
JWW_PE,D,20190408,000000,8.9,9.4,8.9,9.4,0,0
JWW_PE,D,20190409,000000,9.4,9.4,9.4,9.4,0,0
JWW_PE,D,20190415,000000,9.1,9.1,9.1,9.1,0,0
JWW_PE,D,20190416,000000,9.2,9.2,9.2,9.2,0,0
JWW_PE,D,20190417,000000,9.2,9.2,9.2,9.2,0,0
JWW_PE,D,20190418,000000,9.2,9.2,9.2,9.2,0,0
JWW_PE,D,20190423,000000,9.2,9.2,9.2,9.2,0,0
JWW_PE,D,20190424,000000,9.2,9.2,9.2,9.2,0,0
JWW_PE,D,20190425,000000,9.2,9.2,9.2,9.2,0,0
JWW_PE,D,20190426,000000,9.2,9.2,9.2,9.2,0,0
JWW_PE,D,20190429,000000,9.2,9.3,9.2,9.3,0,0
JWW_PE,D,20190430,000000,9.2,9.2,9.2,9.2,0,0
JWW_PE,D,20190502,000000,9.2,9.2,9.2,9.2,0,0
JWW_PE,D,20190506,000000,9.2,9.2,6.4,6.4,0,0
JWW_PE,D,20190507,000000,6.4,6.4,6.4,6.4,0,0
JWW_PE,D,20190508,000000,6.4,6.4,6.4,6.4,0,0
JWW_PE,D,20190509,000000,6.4,6.4,6.4,6.4,0,0
JWW_PE,D,20190510,000000,6.4,6.4,6.4,6.4,0,0
JWW_PE,D,20190513,000000,6.4,6.4,6.4,6.4,0,0
JWW_PE,D,20190514,000000,6.4,6.4,6.4,6.4,0,0
JWW_PE,D,20190515,000000,6.5,6.5,6.4,6.4,0,0
JWW_PE,D,20190516,000000,6.4,6.4,6.4,6.4,0,0
JWW_PE,D,20190517,000000,6.4,6.4,6.4,6.4,0,0
JWW_PE,D,20190520,000000,6.4,6.4,6.4,6.4,0,0
JWW_PE,D,20190521,000000,6.4,6.4,6.3,6.4,0,0
JWW_PE,D,20190522,000000,6.4,6.4,6.4,6.4,0,0
JWW_PE,D,20190523,000000,6.4,6.4,6.4,6.4,0,0
JWW_PE,D,20190524,000000,6.5,6.6,6.4,6.5,0,0
JWW_PE,D,20190527,000000,6.4,6.5,6.4,6.5,0,0
JWW_PE,D,20190528,000000,6.6,6.6,6.6,6.6,0,0
JWW_PE,D,20190529,000000,6.6,6.6,6.6,6.6,0,0
JWW_PE,D,20190530,000000,6.6,6.6,6.6,6.6,0,0
JWW_PE,D,20190531,000000,6.6,6.6,6.6,6.6,0,0
JWW_PE,D,20190603,000000,6.6,6.6,5.2,5.2,0,0
JWW_PE,D,20190604,000000,5.2,5.4,5.2,5.4,0,0
JWW_PE,D,20190605,000000,5.5,5.6,5.5,5.6,0,0
JWW_PE,D,20190606,000000,5.7,5.7,5.7,5.7,0,0
JWW_PE,D,20190607,000000,5.7,5.8,5.7,5.8,0,0
JWW_PE,D,20190610,000000,5.8,5.8,5.8,5.8,0,0
JWW_PE,D,20190611,000000,5.8,5.8,5.8,5.8,0,0
JWW_PE,D,20190612,000000,5.8,5.8,5.8,5.8,0,0
JWW_PE,D,20190613,000000,5.8,5.8,5.6,5.6,0,0
JWW_PE,D,20190619,000000,5.8,5.8,5.5,5.5,0,0
JWW_PE,D,20190621,000000,5.7,5.8,5.7,5.8,0,0
JWW_PE,D,20190624,000000,5.8,5.8,5.5,5.7,0,0
JWW_PE,D,20190625,000000,5.7,5.7,5.7,5.7,0,0
JWW_PE,D,20190626,000000,5.7,5.7,5.7,5.7,0,0
JWW_PE,D,20190627,000000,5.7,5.7,5.7,5.7,0,0
JWW_PE,D,20190628,000000,5.7,5.7,5.7,5.7,0,0
JWW_PE,D,20190702,000000,5.7,5.7,5.7,5.7,0,0
JWW_PE,D,20190703,000000,5.7,5.7,5.7,5.7,0,0
JWW_PE,D,20190704,000000,5.7,5.7,5.7,5.7,0,0
JWW_PE,D,20190705,000000,5.7,5.7,5.6,5.6,0,0
JWW_PE,D,20190708,000000,5.6,5.7,5.6,5.7,0,0
JWW_PE,D,20190709,000000,5.7,5.7,5.7,5.7,0,0
JWW_PE,D,20190710,000000,5.7,5.7,5.7,5.7,0,0
JWW_PE,D,20190711,000000,5.5,5.7,5.3,5.3,0,0
JWW_PE,D,20190712,000000,5.3,5.3,5.3,5.3,0,0
JWW_PE,D,20190715,000000,5.3,5.3,5.3,5.3,0,0
JWW_PE,D,20190716,000000,5.3,5.4,5.3,5.4,0,0
JWW_PE,D,20190717,000000,5.4,5.4,5.4,5.4,0,0
JWW_PE,D,20190718,000000,5.4,5.4,5.4,5.4,0,0
JWW_PE,D,20190722,000000,5.4,5.4,5.4,5.4,0,0
JWW_PE,D,20190723,000000,5.4,5.4,5.2,5.2,0,0
JWW_PE,D,20190724,000000,5.2,5.2,5.2,5.2,0,0
JWW_PE,D,20190725,000000,5.2,5.2,5.2,5.2,0,0
JWW_PE,D,20190726,000000,5.2,5.3,5.2,5.3,0,0
JWW_PE,D,20190730,000000,5.3,5.3,5.3,5.3,0,0
JWW_PE,D,20190731,000000,5.3,5.4,5.3,5.4,0,0
JWW_PE,D,20190801,000000,5.3,5.3,5.3,5.3,0,0
JWW_PE,D,20190802,000000,5,5,5,5,0,0
JWW_PE,D,20190806,000000,5.4,5.4,5.1,5.2,0,0
JWW_PE,D,20190808,000000,5.3,5.3,5.3,5.3,0,0
JWW_PE,D,20190812,000000,5.3,5.3,5.2,5.2,0,0
JWW_PE,D,20190813,000000,5.2,5.2,5.2,5.2,0,0
JWW_PE,D,20190814,000000,5.2,5.2,5.2,5.2,0,0
JWW_PE,D,20190816,000000,5.2,5.2,5.2,5.2,0,0
JWW_PE,D,20190819,000000,5.2,5.2,5.2,5.2,0,0
JWW_PE,D,20190820,000000,5.2,5.2,5.2,5.2,0,0
JWW_PE,D,20190821,000000,5.2,5.3,5.2,5.3,0,0
JWW_PE,D,20190822,000000,5.3,5.3,5.2,5.2,0,0
JWW_PE,D,20190823,000000,5.2,5.2,5.2,5.2,0,0
JWW_PE,D,20190826,000000,5.2,5.2,5.2,5.2,0,0
JWW_PE,D,20190827,000000,5.2,5.2,5.2,5.2,0,0
JWW_PE,D,20190828,000000,5.2,5.2,5.2,5.2,0,0
JWW_PE,D,20190829,000000,5.2,5.3,5.2,5.3,0,0
JWW_PE,D,20190830,000000,5.3,5.3,5.3,5.3,0,0
JWW_PE,D,20190902,000000,5.3,5.3,5.3,5.3,0,0
JWW_PE,D,20190903,000000,5.3,5.3,5.2,5.2,0,0
JWW_PE,D,20190904,000000,5.2,5.3,5.2,5.3,0,0
JWW_PE,D,20190905,000000,5.3,5.3,5.3,5.3,0,0
JWW_PE,D,20190906,000000,5.3,5.3,5.3,5.3,0,0
JWW_PE,D,20190909,000000,5.3,5.3,5.3,5.3,0,0
JWW_PE,D,20190910,000000,5.3,5.3,5.3,5.3,0,0
JWW_PE,D,20190911,000000,5.3,5.3,5.2,5.2,0,0
JWW_PE,D,20190912,000000,5.2,5.2,5.2,5.2,0,0
JWW_PE,D,20190913,000000,5.2,5.2,5.2,5.2,0,0
JWW_PE,D,20190916,000000,5.2,5.3,5.2,5.3,0,0
JWW_PE,D,20190917,000000,5.3,5.4,5.3,5.4,0,0
JWW_PE,D,20190919,000000,5.4,5.4,5.4,5.4,0,0
JWW_PE,D,20190920,000000,5.4,5.4,5.4,5.4,0,0
JWW_PE,D,20190923,000000,5.4,5.4,5.4,5.4,0,0
JWW_PE,D,20190924,000000,5.4,5.7,5.4,5.7,0,0
JWW_PE,D,20190925,000000,5.9,6.5,5.9,6.5,0,0
JWW_PE,D,20190926,000000,6.8,7.5,6.8,7.4,0,0
JWW_PE,D,20190927,000000,7.7,8,7.7,7.8,0,0
JWW_PE,D,20190930,000000,7.8,8.2,7.8,8.2,0,0
JWW_PE,D,20191001,000000,8,8.5,8,8.5,0,0
JWW_PE,D,20191002,000000,8.7,8.7,8.7,8.7,0,0
JWW_PE,D,20191003,000000,8.7,8.7,2.8,2.8,0,0
JWW_PE,D,20191004,000000,2.8,2.8,2.7,2.7,0,0
JWW_PE,D,20191007,000000,2.5,2.7,2.5,2.5,0,0
JWW_PE,D,20191008,000000,2.4,2.4,2.4,2.4,0,0
JWW_PE,D,20191009,000000,2.4,2.4,2.4,2.4,0,0
JWW_PE,D,20191010,000000,2.2,2.2,2.1,2.1,0,0
JWW_PE,D,20191011,000000,2.1,2.1,2.1,2.1,0,0
JWW_PE,D,20191015,000000,2.1,2.1,2.1,2.1,0,0
JWW_PE,D,20191016,000000,2.1,2.1,2.1,2.1,0,0
JWW_PE,D,20191017,000000,2,2.1,2,2.1,0,0
JWW_PE,D,20191018,000000,2.1,2.1,2.1,2.1,0,0
JWW_PE,D,20191021,000000,2.1,2.1,2.1,2.1,0,0
JWW_PE,D,20191022,000000,2.1,2.2,2.1,2.2,0,0
JWW_PE,D,20191023,000000,2.2,2.2,2.1,2.1,0,0
JWW_PE,D,20191024,000000,2.2,2.2,2.1,2.1,0,0
JWW_PE,D,20191025,000000,2.1,2.1,2.1,2.1,0,0
JWW_PE,D,20191028,000000,2.1,2.1,2.1,2.1,0,0
JWW_PE,D,20191029,000000,2.1,2.2,2.1,2.2,0,0
JWW_PE,D,20191030,000000,2.2,2.2,2.2,2.2,0,0
JWW_PE,D,20191031,000000,2.2,2.2,2.2,2.2,0,0
JWW_PE,D,20191104,000000,2.2,2.2,2.2,2.2,0,0
JWW_PE,D,20191105,000000,2.2,2.2,2.2,2.2,0,0
JWW_PE,D,20191106,000000,2.2,2.2,2.2,2.2,0,0
JWW_PE,D,20191107,000000,2.1,2.3,2.1,2.3,0,0
JWW_PE,D,20191108,000000,2.3,2.3,2.3,2.3,0,0
JWW_PE,D,20191112,000000,2.3,2.3,2.1,2.1,0,0
JWW_PE,D,20191113,000000,2.2,2.3,2.2,2.3,0,0
JWW_PE,D,20191114,000000,2.3,2.3,2.3,2.3,0,0
JWW_PE,D,20191115,000000,2.3,2.3,2.3,2.3,0,0
JWW_PE,D,20191119,000000,2.3,2.3,2.3,2.3,0,0
JWW_PE,D,20191121,000000,2.3,2.3,2.2,2.2,0,0
JWW_PE,D,20191122,000000,2.2,2.2,2.2,2.2,0,0
JWW_PE,D,20191125,000000,2.2,2.2,2.2,2.2,0,0
JWW_PE,D,20191126,000000,2.2,2.2,2.2,2.2,0,0
JWW_PE,D,20191127,000000,2.2,2.2,2.2,2.2,0,0
JWW_PE,D,20191128,000000,2.2,2.7,2.2,2.7,0,0
JWW_PE,D,20191129,000000,3,3,2.9,3,0,0
JWW_PE,D,20191202,000000,3.1,3.1,2.5,2.6,0,0
JWW_PE,D,20191203,000000,2.7,2.7,2.5,2.5,0,0
JWW_PE,D,20191204,000000,2.6,2.6,2.5,2.5,0,0
JWW_PE,D,20191206,000000,2.5,2.6,2.5,2.6,0,0
JWW_PE,D,20191209,000000,2.7,2.7,2.6,2.7,0,0
JWW_PE,D,20191210,000000,2.7,2.7,2.7,2.7,0,0
JWW_PE,D,20191211,000000,2.7,2.7,2.7,2.7,0,0
JWW_PE,D,20191212,000000,2.7,2.7,2.7,2.7,0,0
JWW_PE,D,20191213,000000,2.7,2.9,2.7,2.8,0,0
JWW_PE,D,20191216,000000,2.8,3.4,2.8,3.4,0,0
JWW_PE,D,20191217,000000,3.4,3.4,3.2,3.4,0,0
JWW_PE,D,20191218,000000,3.5,3.5,3.4,3.4,0,0
JWW_PE,D,20191219,000000,3.3,3.4,3.3,3.4,0,0
JWW_PE,D,20191220,000000,3.4,3.4,3.4,3.4,0,0
JWW_PE,D,20191223,000000,3.4,3.6,3.4,3.6,0,0
JWW_PE,D,20191227,000000,3.4,3.6,3.4,3.6,0,0
JWW_PE,D,20191230,000000,3.5,3.6,3.3,3.3,0,0
JWW_PE,D,20200102,000000,3.3,3.5,3.3,3.3,0,0
JWW_PE,D,20200103,000000,3.2,3.2,3,3,0,0
JWW_PE,D,20200107,000000,3,3.1,3,3.1,0,0
JWW_PE,D,20200109,000000,3.1,3.1,3.1,3.1,0,0
JWW_PE,D,20200110,000000,2.9,3,2.9,3,0,0
JWW_PE,D,20200113,000000,3,3.1,3,3.1,0,0
JWW_PE,D,20200114,000000,3,3.1,3,3.1,0,0
JWW_PE,D,20200115,000000,3.1,3.1,3.1,3.1,0,0
JWW_PE,D,20200116,000000,3,3.1,3,3.1,0,0
JWW_PE,D,20200117,000000,3.1,3.1,3,3,0,0
JWW_PE,D,20200120,000000,3,3,3,3,0,0
JWW_PE,D,20200121,000000,3,3,3,3,0,0
JWW_PE,D,20200122,000000,3,3.8,3,3.8,0,0
JWW_PE,D,20200124,000000,5.4,5.9,5.4,5.9,0,0
JWW_PE,D,20200127,000000,6.5,7.1,5.8,6.3,0,0
JWW_PE,D,20200128,000000,6.3,6.7,6.3,6.7,0,0
JWW_PE,D,20200129,000000,6.5,6.6,5.9,6.2,0,0
JWW_PE,D,20200130,000000,6.2,6.5,5.6,5.8,0,0
JWW_PE,D,20200131,000000,5.8,5.8,5.4,5.5,0,0
JWW_PE,D,20200203,000000,5.5,6,5.4,5.6,0,0
JWW_PE,D,20200204,000000,5.7,5.8,5.5,5.5,0,0
JWW_PE,D,20200205,000000,5.4,5.5,5,5.5,0,0
JWW_PE,D,20200206,000000,5.5,5.5,5.2,5.4,0,0
JWW_PE,D,20200207,000000,5.4,5.4,4.9,5,0,0
JWW_PE,D,20200210,000000,5,5.3,5,5.2,0,0
JWW_PE,D,20200211,000000,5.2,6.1,5.2,5.8,0,0
JWW_PE,D,20200212,000000,5.9,6.2,5.8,6.2,0,0
JWW_PE,D,20200213,000000,6.2,6.2,5.8,6.2,0,0
JWW_PE,D,20200214,000000,6.2,6.2,5.6,5.6,0,0
JWW_PE,D,20200217,000000,5.6,5.8,5.6,5.8,0,0
JWW_PE,D,20200218,000000,5.8,5.8,5.8,5.8,0,0
JWW_PE,D,20200219,000000,5.8,5.8,5.8,5.8,0,0
JWW_PE,D,20200220,000000,5.8,5.8,5.7,5.7,0,0
JWW_PE,D,20200221,000000,5.7,5.7,5.1,5.3,0,0
JWW_PE,D,20200224,000000,5.3,5.3,4.9,4.9,0,0
JWW_PE,D,20200225,000000,4.9,4.9,4.8,4.9,0,0
JWW_PE,D,20200226,000000,4.9,5,4.8,4.9,0,0
JWW_PE,D,20200227,000000,4.9,4.9,4.5,4.6,0,0
JWW_PE,D,20200228,000000,4.5,4.5,4,4.1,0,0
JWW_PE,D,20200302,000000,4,4.4,4,4.4,0,0
JWW_PE,D,20200303,000000,4.5,4.6,4.5,4.6,0,0
JWW_PE,D,20200304,000000,4.6,4.6,4.3,4.3,0,0
JWW_PE,D,20200305,000000,4.2,4.3,4.2,4.3,0,0
JWW_PE,D,20200306,000000,4.2,4.3,4.1,4.1,0,0
JWW_PE,D,20200309,000000,4,4,3.2,3.2,0,0
JWW_PE,D,20200310,000000,3.2,3.5,3.2,3.4,0,0
JWW_PE,D,20200311,000000,3.4,3.4,3.3,3.3,0,0
JWW_PE,D,20200312,000000,3.3,3.3,2.7,2.7,0,0
JWW_PE,D,20200313,000000,2.6,2.7,2.6,2.7,0,0
JWW_PE,D,20200316,000000,2.9,2.9,2.5,2.7,0,0
JWW_PE,D,20200317,000000,2.8,2.9,2.7,2.7,0,0
JWW_PE,D,20200318,000000,2.9,3,2.8,2.9,0,0
JWW_PE,D,20200319,000000,3,3,2.8,2.8,0,0
JWW_PE,D,20200320,000000,2.8,3.4,2.8,3.3,0,0
JWW_PE,D,20200323,000000,3.2,3.3,3.1,3.3,0,0
JWW_PE,D,20200324,000000,3.3,3.3,3.2,3.2,0,0
JWW_PE,D,20200325,000000,3.2,3.3,3.2,3.3,0,0
JWW_PE,D,20200326,000000,3.3,3.3,3.3,3.3,0,0
JWW_PE,D,20200327,000000,3.3,3.6,3.3,3.3,0,0
JWW_PE,D,20200330,000000,3.3,3.3,3,3.1,0,0
JWW_PE,D,20200331,000000,3.2,3.2,3.2,3.2,0,0
JWW_PE,D,20200401,000000,3.2,3.2,3.2,3.2,0,0
JWW_PE,D,20200402,000000,3.4,3.4,3.1,3.3,0,0
JWW_PE,D,20200403,000000,3.3,3.3,3.3,3.3,0,0
JWW_PE,D,20200406,000000,3.3,3.7,3.3,3.7,0,0
JWW_PE,D,20200407,000000,3.9,4.7,3.9,4.2,0,0
JWW_PE,D,20200408,000000,4.3,4.6,4.2,4.3,0,0
JWW_PE,D,20200409,000000,4.3,4.3,3.9,3.9,0,0
JWW_PE,D,20200414,000000,3.9,4.2,3.9,4.1,0,0
JWW_PE,D,20200415,000000,4.1,4.1,3.9,3.9,0,0
JWW_PE,D,20200416,000000,3.9,3.9,3.9,3.9,0,0
JWW_PE,D,20200417,000000,3.9,4,3.9,4,0,0
JWW_PE,D,20200420,000000,4,4,4,4,0,0
JWW_PE,D,20200421,000000,4,4,4,4,0,0
JWW_PE,D,20200422,000000,3.8,4,3.8,4,0,0
JWW_PE,D,20200423,000000,4,4,3.8,3.9,0,0
JWW_PE,D,20200424,000000,3.9,3.9,3.9,3.9,0,0
JWW_PE,D,20200427,000000,3.9,3.9,3.9,3.9,0,0
JWW_PE,D,20200428,000000,3.9,4.2,3.9,4.2,0,0
JWW_PE,D,20200429,000000,4.2,4.3,4.2,4.3,0,0
JWW_PE,D,20200430,000000,4.3,4.6,4.2,4.5,0,0
JWW_PE,D,20200504,000000,4.5,6,4.5,6,0,0
JWW_PE,D,20200505,000000,6,6,5.8,5.8,0,0
JWW_PE,D,20200506,000000,5.8,5.9,5.8,5.9,0,0
JWW_PE,D,20200507,000000,5.9,5.9,5.9,5.9,0,0
JWW_PE,D,20200508,000000,5.9,6,5.9,5.9,0,0
JWW_PE,D,20200511,000000,5.9,6.5,5.9,6.2,0,0
JWW_PE,D,20200512,000000,6.5,6.6,6.3,6.3,0,0
JWW_PE,D,20200513,000000,6.4,6.5,6.4,6.4,0,0
JWW_PE,D,20200514,000000,6.5,6.5,6.4,6.4,0,0
JWW_PE,D,20200515,000000,6.3,6.3,6.3,6.3,0,0
JWW_PE,D,20200518,000000,6.6,6.6,6.6,6.6,0,0
JWW_PE,D,20200519,000000,6.6,7.1,6.6,7.1,0,0
JWW_PE,D,20200520,000000,7.1,7.1,6.7,6.8,0,0
JWW_PE,D,20200521,000000,6.9,7.6,6.9,7.6,0,0
JWW_PE,D,20200522,000000,7.6,7.6,7.2,7.3,0,0
JWW_PE,D,20200525,000000,7.4,7.4,7.1,7.1,0,0
JWW_PE,D,20200526,000000,7.1,7.4,7,7.4,0,0
JWW_PE,D,20200527,000000,7.7,8.4,7.2,7.4,0,0
JWW_PE,D,20200528,000000,7.4,7.8,7.4,7.7,0,0
JWW_PE,D,20200529,000000,7.3,10.2,6.6,10.2,0,0
JWW_PE,D,20200601,000000,10.3,10.3,9.7,10,0,0
JWW_PE,D,20200602,000000,9.9,9.9,9.5,9.5,0,0
JWW_PE,D,20200603,000000,9.5,9.5,8.8,9.2,0,0
JWW_PE,D,20200604,000000,8.8,8.8,8.6,8.7,0,0
JWW_PE,D,20200605,000000,9,10.8,8.9,10.8,0,0
JWW_PE,D,20200608,000000,14,14,14,14,0,0
JWW_PE,D,20200609,000000,15.1,15.3,12.3,14.7,0,0
JWW_PE,D,20200610,000000,14.8,14.8,13.3,13.3,0,0
JWW_PE,D,20200612,000000,13.7,13.7,11.3,12.3,0,0
JWW_PE,D,20200615,000000,12.1,12.5,12.1,12.5,0,0
JWW_PE,D,20200616,000000,12.5,12.5,11.6,12.3,0,0
JWW_PE,D,20200617,000000,11.9,11.9,11.4,11.8,0,0
JWW_PE,D,20200618,000000,11.9,11.9,11.9,11.9,0,0
JWW_PE,D,20200619,000000,11.9,11.9,11.9,11.9,0,0
JWW_PE,D,20200622,000000,11.9,11.9,10.7,11.3,0,0
JWW_PE,D,20200623,000000,11.4,11.8,11.4,11.8,0,0
JWW_PE,D,20200624,000000,11.6,11.8,11.6,11.7,0,0
JWW_PE,D,20200625,000000,11.7,11.7,10.9,11.6,0,0
JWW_PE,D,20200626,000000,11.1,11.2,11,11,0,0
JWW_PE,D,20200629,000000,11,11,11,11,0,0
JWW_PE,D,20200630,000000,11.4,11.4,10.7,10.7,0,0
JWW_PE,D,20200701,000000,11.1,11.1,11,11,0,0
JWW_PE,D,20200702,000000,11.1,11.1,11.1,11.1,0,0
JWW_PE,D,20200703,000000,10.8,10.8,10.7,10.7,0,0
JWW_PE,D,20200706,000000,10.7,10.7,10.7,10.7,0,0
JWW_PE,D,20200707,000000,11.1,11.1,11.1,11.1,0,0
JWW_PE,D,20200708,000000,11.1,11.1,10.6,10.7,0,0
JWW_PE,D,20200709,000000,10.3,10.7,10.3,10.7,0,0
JWW_PE,D,20200710,000000,10.8,11,10.8,11,0,0
JWW_PE,D,20200713,000000,12.1,12.1,11.6,11.6,0,0
JWW_PE,D,20200714,000000,12,12,11.3,12,0,0
JWW_PE,D,20200715,000000,11.9,11.9,11.9,11.9,0,0
JWW_PE,D,20200716,000000,11.4,11.4,11.2,11.2,0,0
JWW_PE,D,20200717,000000,11.6,11.6,11,11.3,0,0
JWW_PE,D,20200720,000000,11.3,11.3,10.7,10.9,0,0
JWW_PE,D,20200721,000000,10.8,10.9,10.8,10.9,0,0
JWW_PE,D,20200722,000000,10.6,10.6,10.5,10.5,0,0
JWW_PE,D,20200723,000000,10.5,10.5,9.8,9.8,0,0
JWW_PE,D,20200724,000000,9.8,10.1,9.8,10.1,0,0
JWW_PE,D,20200727,000000,10.1,11.8,9.8,11.3,0,0
JWW_PE,D,20200728,000000,11.4,11.4,10.5,10.7,0,0
JWW_PE,D,20200729,000000,10.4,10.4,10.3,10.3,0,0
JWW_PE,D,20200730,000000,10.4,10.4,10,10,0,0
JWW_PE,D,20200731,000000,9.9,10,9.7,9.7,0,0
JWW_PE,D,20200803,000000,9.8,9.8,9.2,9.6,0,0
JWW_PE,D,20200804,000000,9.7,9.7,9.6,9.6,0,0
JWW_PE,D,20200805,000000,9.6,10,9.6,10,0,0
JWW_PE,D,20200806,000000,10.1,10.3,10.1,10.2,0,0
JWW_PE,D,20200807,000000,10.2,10.2,10,10,0,0
JWW_PE,D,20200810,000000,10,10,10,10,0,0
JWW_PE,D,20200811,000000,10,10.2,9.8,9.8,0,0
JWW_PE,D,20200812,000000,9.7,9.8,9.7,9.8,0,0
JWW_PE,D,20200813,000000,10,10,9.7,9.7,0,0
JWW_PE,D,20200814,000000,10,10,10,10,0,0
JWW_PE,D,20200817,000000,9.7,9.7,9.6,9.6,0,0
JWW_PE,D,20200819,000000,9.5,9.5,9.5,9.5,0,0
JWW_PE,D,20200820,000000,9.3,9.3,9.3,9.3,0,0
