<TICKER>,<PER>,<DATE>,<TIME>,<OPEN>,<HIGH>,<LOW>,<CLOSE>,<VOL>,<OPENINT>
KGL_PE,D,20160203,000000,13.141,13.141,13.141,13.141,0,0
KGL_PE,D,20160204,000000,12.858,13.141,12.858,13.141,0,0
KGL_PE,D,20160205,000000,13.046,13.141,12.858,12.858,0,0
KGL_PE,D,20160208,000000,12.952,13.141,12.952,13.141,0,0
KGL_PE,D,20160209,000000,12.858,13.046,12.575,12.858,0,0
KGL_PE,D,20160210,000000,12.858,12.858,12.858,12.858,0,0
KGL_PE,D,20160211,000000,12.858,13.046,12.858,13.046,0,0
KGL_PE,D,20160217,000000,12.858,13.046,12.858,13.046,0,0
KGL_PE,D,20160222,000000,12.952,12.952,12.952,12.952,0,0
KGL_PE,D,20160225,000000,12.952,13.046,12.952,13.046,0,0
KGL_PE,D,20160301,000000,13.141,13.237,12.952,13.141,0,0
KGL_PE,D,20160302,000000,13.046,13.141,13.046,13.141,0,0
KGL_PE,D,20160309,000000,13.046,13.141,13.046,13.046,0,0
KGL_PE,D,20160311,000000,13.046,13.141,13.046,13.141,0,0
KGL_PE,D,20160314,000000,13.141,13.141,13.141,13.141,0,0
KGL_PE,D,20160315,000000,13.141,13.141,13.141,13.141,0,0
KGL_PE,D,20160316,000000,13.046,13.046,13.046,13.046,0,0
KGL_PE,D,20160317,000000,13.046,13.046,13.046,13.046,0,0
KGL_PE,D,20160318,000000,13.046,13.141,13.046,13.141,0,0
KGL_PE,D,20160321,000000,13.046,13.046,13.046,13.046,0,0
KGL_PE,D,20160322,000000,13.046,13.141,12.669,12.669,0,0
KGL_PE,D,20160323,000000,13.046,13.046,13.046,13.046,0,0
KGL_PE,D,20160324,000000,13.046,13.046,12.669,13.046,0,0
KGL_PE,D,20160330,000000,11.44,11.44,11.44,11.44,0,0
KGL_PE,D,20160404,000000,11.44,11.44,11.44,11.44,0,0
KGL_PE,D,20160405,000000,11.44,11.44,11.44,11.44,0,0
KGL_PE,D,20160408,000000,11.44,11.44,11.44,11.44,0,0
KGL_PE,D,20160411,000000,11.44,11.818,11.44,11.818,0,0
KGL_PE,D,20160412,000000,11.912,12.48,11.912,12.102,0,0
KGL_PE,D,20160413,000000,12.196,12.669,12.006,12.669,0,0
KGL_PE,D,20160414,000000,12.575,12.575,12.006,12.006,0,0
KGL_PE,D,20160415,000000,12.575,13.33,12.102,13.33,0,0
KGL_PE,D,20160418,000000,12.952,13.33,12.952,13.33,0,0
KGL_PE,D,20160419,000000,13.237,13.803,13.237,13.615,0,0
KGL_PE,D,20160420,000000,13.519,13.615,13.425,13.425,0,0
KGL_PE,D,20160421,000000,13.141,13.33,13.141,13.33,0,0
KGL_PE,D,20160425,000000,12.858,13.33,12.858,13.33,0,0
KGL_PE,D,20160426,000000,12.858,12.858,12.858,12.858,0,0
KGL_PE,D,20160427,000000,12.764,12.764,12.764,12.764,0,0
KGL_PE,D,20160428,000000,12.764,12.764,12.764,12.764,0,0
KGL_PE,D,20160429,000000,13.33,13.803,13.237,13.33,0,0
KGL_PE,D,20160504,000000,13.046,13.046,13.046,13.046,0,0
KGL_PE,D,20160505,000000,13.141,13.141,13.141,13.141,0,0
KGL_PE,D,20160510,000000,13.141,13.141,13.141,13.141,0,0
KGL_PE,D,20160511,000000,13.425,13.803,13.425,13.803,0,0
KGL_PE,D,20160517,000000,13.519,13.519,13.519,13.519,0,0
KGL_PE,D,20160518,000000,13.519,13.519,13.519,13.519,0,0
KGL_PE,D,20160519,000000,13.33,13.33,13.33,13.33,0,0
KGL_PE,D,20160520,000000,13.33,13.33,13.33,13.33,0,0
KGL_PE,D,20160523,000000,13.33,13.33,13.33,13.33,0,0
KGL_PE,D,20160527,000000,13.141,13.141,13.141,13.141,0,0
KGL_PE,D,20160530,000000,13.046,13.046,13.046,13.046,0,0
KGL_PE,D,20160601,000000,13.046,13.046,13.046,13.046,0,0
KGL_PE,D,20160606,000000,13.046,13.046,13.046,13.046,0,0
KGL_PE,D,20160607,000000,13.33,13.33,13.33,13.33,0,0
KGL_PE,D,20160609,000000,13.33,13.33,13.046,13.046,0,0
KGL_PE,D,20160615,000000,13.615,13.615,12.384,13.615,0,0
KGL_PE,D,20160616,000000,12.575,13.141,12.384,12.384,0,0
KGL_PE,D,20160617,000000,13.425,13.425,13.425,13.425,0,0
KGL_PE,D,20160620,000000,13.141,13.141,13.141,13.141,0,0
KGL_PE,D,20160621,000000,12.952,12.952,12.952,12.952,0,0
KGL_PE,D,20160622,000000,13.33,13.33,13.33,13.33,0,0
KGL_PE,D,20160623,000000,12.952,12.952,12.952,12.952,0,0
KGL_PE,D,20160624,000000,12.952,12.952,12.575,12.575,0,0
KGL_PE,D,20160629,000000,12.575,12.952,12.575,12.952,0,0
KGL_PE,D,20160705,000000,12.952,12.952,12.384,12.952,0,0
KGL_PE,D,20160712,000000,12.952,12.952,12.384,12.952,0,0
KGL_PE,D,20160714,000000,12.384,13.046,12.384,12.952,0,0
KGL_PE,D,20160719,000000,12.858,12.858,12.858,12.858,0,0
KGL_PE,D,20160725,000000,12.858,12.858,12.858,12.858,0,0
KGL_PE,D,20160726,000000,12.858,12.858,12.858,12.858,0,0
KGL_PE,D,20160805,000000,12.858,12.858,12.858,12.858,0,0
KGL_PE,D,20160811,000000,12.858,12.858,12.858,12.858,0,0
KGL_PE,D,20160816,000000,12.858,12.858,12.858,12.858,0,0
KGL_PE,D,20160819,000000,12.858,12.858,12.858,12.858,0,0
KGL_PE,D,20160822,000000,12.858,12.858,12.858,12.858,0,0
KGL_PE,D,20160823,000000,12.858,12.858,12.858,12.858,0,0
KGL_PE,D,20160901,000000,12.384,12.575,12.384,12.575,0,0
KGL_PE,D,20160905,000000,12.196,12.196,12.196,12.196,0,0
KGL_PE,D,20160907,000000,11.061,11.156,11.061,11.156,0,0
KGL_PE,D,20160908,000000,11.156,11.156,11.156,11.156,0,0
KGL_PE,D,20160909,000000,11.628,11.628,11.628,11.628,0,0
KGL_PE,D,20160913,000000,11.156,11.723,11.156,11.628,0,0
KGL_PE,D,20160926,000000,11.628,11.628,11.628,11.628,0,0
KGL_PE,D,20160927,000000,11.628,11.628,11.628,11.628,0,0
KGL_PE,D,20160928,000000,11.628,11.628,11.628,11.628,0,0
KGL_PE,D,20160930,000000,11.628,11.628,11.628,11.628,0,0
KGL_PE,D,20161003,000000,11.628,11.628,11.628,11.628,0,0
KGL_PE,D,20161004,000000,11.628,11.628,11.628,11.628,0,0
KGL_PE,D,20161019,000000,11.156,11.628,11.156,11.628,0,0
KGL_PE,D,20161026,000000,11.628,11.628,11.628,11.628,0,0
KGL_PE,D,20161031,000000,11.628,11.628,11.628,11.628,0,0
KGL_PE,D,20161102,000000,11.628,11.628,11.628,11.628,0,0
KGL_PE,D,20161103,000000,11.628,11.628,11.628,11.628,0,0
KGL_PE,D,20161108,000000,11.534,11.534,11.534,11.534,0,0
KGL_PE,D,20161109,000000,11.628,11.628,11.628,11.628,0,0
KGL_PE,D,20161114,000000,11.534,11.534,11.534,11.534,0,0
KGL_PE,D,20161115,000000,11.628,11.628,11.628,11.628,0,0
KGL_PE,D,20161116,000000,11.534,11.534,11.534,11.534,0,0
KGL_PE,D,20161118,000000,10.778,10.873,10.494,10.873,0,0
KGL_PE,D,20161121,000000,10.873,10.873,10.873,10.873,0,0
KGL_PE,D,20161125,000000,10.873,10.873,10.873,10.873,0,0
KGL_PE,D,20161128,000000,10.873,10.873,10.873,10.873,0,0
KGL_PE,D,20161129,000000,10.873,10.873,10.873,10.873,0,0
KGL_PE,D,20161207,000000,10.873,11.346,10.873,10.873,0,0
KGL_PE,D,20161208,000000,10.873,10.873,10.778,10.778,0,0
KGL_PE,D,20161209,000000,10.778,10.778,10.589,10.589,0,0
KGL_PE,D,20161212,000000,10.589,10.589,10.589,10.589,0,0
KGL_PE,D,20161215,000000,10.683,11.346,10.683,11.346,0,0
KGL_PE,D,20161221,000000,10.873,10.873,10.873,10.873,0,0
KGL_PE,D,20161222,000000,10.778,10.873,10.589,10.873,0,0
KGL_PE,D,20161223,000000,10.589,10.589,10.589,10.589,0,0
KGL_PE,D,20161229,000000,10.683,10.873,10.683,10.873,0,0
KGL_PE,D,20161230,000000,10.873,10.873,10.589,10.589,0,0
KGL_PE,D,20170102,000000,10.873,10.873,10.873,10.873,0,0
KGL_PE,D,20170105,000000,10.873,10.873,10.873,10.873,0,0
KGL_PE,D,20170111,000000,10.399,10.399,10.399,10.399,0,0
KGL_PE,D,20170117,000000,10.873,10.873,10.873,10.873,0,0
KGL_PE,D,20170123,000000,10.873,10.873,10.873,10.873,0,0
KGL_PE,D,20170126,000000,10.873,10.873,10.399,10.873,0,0
KGL_PE,D,20170131,000000,10.873,10.873,10.873,10.873,0,0
KGL_PE,D,20170203,000000,10.873,10.873,10.873,10.873,0,0
KGL_PE,D,20170206,000000,10.873,10.873,10.873,10.873,0,0
KGL_PE,D,20170207,000000,10.873,10.873,10.873,10.873,0,0
KGL_PE,D,20170208,000000,11.156,11.156,11.061,11.061,0,0
KGL_PE,D,20170210,000000,11.156,12.196,11.156,11.628,0,0
KGL_PE,D,20170217,000000,11.628,11.723,11.628,11.723,0,0
KGL_PE,D,20170221,000000,12.102,13.141,12.102,13.046,0,0
KGL_PE,D,20170222,000000,13.046,14.276,12.952,14.276,0,0
KGL_PE,D,20170223,000000,14.276,14.276,13.425,13.898,0,0
KGL_PE,D,20170224,000000,13.519,13.519,13.33,13.33,0,0
KGL_PE,D,20170227,000000,13.425,14.37,13.425,14.276,0,0
KGL_PE,D,20170301,000000,13.992,15.033,13.992,14.56,0,0
KGL_PE,D,20170302,000000,15.411,15.788,14.748,15.505,0,0
KGL_PE,D,20170303,000000,15.033,15.505,15.033,15.505,0,0
KGL_PE,D,20170306,000000,15.127,15.127,15.127,15.127,0,0
KGL_PE,D,20170307,000000,14.654,14.938,14.37,14.938,0,0
KGL_PE,D,20170308,000000,14.37,14.748,13.992,14.748,0,0
KGL_PE,D,20170309,000000,13.992,14.56,13.992,14.56,0,0
KGL_PE,D,20170310,000000,14.56,14.56,14.56,14.56,0,0
KGL_PE,D,20170320,000000,14.182,14.182,14.182,14.182,0,0
KGL_PE,D,20170321,000000,14.56,14.56,14.56,14.56,0,0
KGL_PE,D,20170324,000000,13.237,13.898,13.237,13.237,0,0
KGL_PE,D,20170327,000000,13.992,13.992,13.141,13.803,0,0
KGL_PE,D,20170328,000000,15.033,15.033,13.141,13.141,0,0
KGL_PE,D,20170329,000000,13.898,13.898,13.615,13.898,0,0
KGL_PE,D,20170330,000000,13.992,13.992,13.898,13.898,0,0
KGL_PE,D,20170331,000000,13.141,13.425,13.141,13.237,0,0
KGL_PE,D,20170403,000000,13.519,13.519,12.575,12.575,0,0
KGL_PE,D,20170404,000000,12.858,12.858,12.669,12.669,0,0
KGL_PE,D,20170406,000000,12.291,12.764,12.291,12.764,0,0
KGL_PE,D,20170407,000000,12.858,12.858,12.669,12.669,0,0
KGL_PE,D,20170410,000000,12.291,12.575,12.291,12.575,0,0
KGL_PE,D,20170411,000000,13.803,13.803,12.575,13.237,0,0
KGL_PE,D,20170412,000000,13.141,13.141,13.141,13.141,0,0
KGL_PE,D,20170413,000000,12.196,12.858,12.196,12.764,0,0
KGL_PE,D,20170420,000000,12.858,12.858,12.575,12.764,0,0
KGL_PE,D,20170421,000000,13.141,13.803,12.575,12.575,0,0
KGL_PE,D,20170424,000000,12.764,12.764,12.764,12.764,0,0
KGL_PE,D,20170425,000000,12.858,12.858,12.764,12.764,0,0
KGL_PE,D,20170426,000000,12.764,12.764,12.575,12.669,0,0
KGL_PE,D,20170427,000000,12.764,12.764,12.764,12.764,0,0
KGL_PE,D,20170428,000000,12.764,12.764,12.764,12.764,0,0
KGL_PE,D,20170504,000000,13.992,14.088,13.992,14.088,0,0
KGL_PE,D,20170505,000000,14.37,14.37,14.37,14.37,0,0
KGL_PE,D,20170508,000000,13.615,13.615,12.858,12.858,0,0
KGL_PE,D,20170509,000000,13.425,13.425,13.046,13.141,0,0
KGL_PE,D,20170512,000000,14.182,14.37,14.182,14.37,0,0
KGL_PE,D,20170519,000000,12.952,13.33,12.764,12.858,0,0
KGL_PE,D,20170522,000000,13.141,13.141,11.44,11.44,0,0
KGL_PE,D,20170523,000000,11.44,11.44,11.44,11.44,0,0
KGL_PE,D,20170524,000000,11.44,11.44,11.44,11.44,0,0
KGL_PE,D,20170525,000000,11.44,11.44,11.44,11.44,0,0
KGL_PE,D,20170526,000000,11.252,11.44,10.967,11.44,0,0
KGL_PE,D,20170529,000000,11.44,11.44,11.44,11.44,0,0
KGL_PE,D,20170601,000000,11.44,11.44,11.44,11.44,0,0
KGL_PE,D,20170602,000000,11.44,11.44,11.44,11.44,0,0
KGL_PE,D,20170605,000000,11.44,11.44,11.44,11.44,0,0
KGL_PE,D,20170606,000000,11.44,11.44,11.44,11.44,0,0
KGL_PE,D,20170607,000000,11.44,11.44,11.44,11.44,0,0
KGL_PE,D,20170608,000000,11.44,11.44,11.44,11.44,0,0
KGL_PE,D,20170609,000000,11.44,11.44,11.44,11.44,0,0
KGL_PE,D,20170612,000000,11.44,11.44,11.44,11.44,0,0
KGL_PE,D,20170613,000000,11.44,11.44,11.44,11.44,0,0
KGL_PE,D,20170614,000000,11.44,11.44,11.44,11.44,0,0
KGL_PE,D,20170616,000000,11.44,11.44,11.44,11.44,0,0
KGL_PE,D,20170619,000000,11.44,11.44,11.44,11.44,0,0
KGL_PE,D,20170620,000000,11.44,11.44,11.346,11.346,0,0
KGL_PE,D,20170621,000000,11.346,11.346,11.346,11.346,0,0
KGL_PE,D,20170622,000000,11.346,11.346,11.346,11.346,0,0
KGL_PE,D,20170623,000000,11.346,11.346,11.346,11.346,0,0
KGL_PE,D,20170627,000000,11.346,11.346,11.346,11.346,0,0
KGL_PE,D,20170629,000000,10.967,10.967,10.873,10.873,0,0
KGL_PE,D,20170630,000000,10.873,10.873,10.778,10.873,0,0
KGL_PE,D,20170706,000000,11.44,11.44,10.778,11.061,0,0
KGL_PE,D,20170707,000000,10.399,10.967,10.399,10.967,0,0
KGL_PE,D,20170711,000000,10.861,11.242,10.861,11.051,0,0
KGL_PE,D,20170714,000000,11.051,11.051,11.051,11.051,0,0
KGL_PE,D,20170718,000000,11.051,11.242,11.051,11.051,0,0
KGL_PE,D,20170719,000000,11.051,11.051,11.051,11.051,0,0
KGL_PE,D,20170721,000000,10.574,11.051,10.574,11.051,0,0
KGL_PE,D,20170726,000000,11.051,11.051,11.051,11.051,0,0
KGL_PE,D,20170728,000000,11.433,12.48,11.051,11.051,0,0
KGL_PE,D,20170731,000000,11.242,11.242,11.242,11.242,0,0
KGL_PE,D,20170804,000000,10.574,11.527,10.574,11.527,0,0
KGL_PE,D,20170808,000000,11.242,11.242,10.574,10.574,0,0
KGL_PE,D,20170809,000000,11.242,11.242,11.051,11.051,0,0
KGL_PE,D,20170810,000000,11.242,11.242,10.669,11.146,0,0
KGL_PE,D,20170811,000000,11.146,11.146,11.051,11.146,0,0
KGL_PE,D,20170814,000000,10.956,11.146,10.956,11.146,0,0
KGL_PE,D,20170816,000000,11.146,11.146,11.146,11.146,0,0
KGL_PE,D,20170817,000000,11.146,11.146,10.861,11.051,0,0
KGL_PE,D,20170818,000000,11.051,11.051,10.861,11.051,0,0
KGL_PE,D,20170821,000000,11.051,11.051,11.051,11.051,0,0
KGL_PE,D,20170822,000000,11.051,11.051,11.051,11.051,0,0
KGL_PE,D,20170823,000000,10.765,11.051,10.765,11.051,0,0
KGL_PE,D,20170824,000000,10.861,11.051,10.861,10.956,0,0
KGL_PE,D,20170825,000000,10.956,10.956,10.956,10.956,0,0
KGL_PE,D,20170828,000000,10.956,10.956,10.956,10.956,0,0
KGL_PE,D,20170829,000000,10.956,10.956,10.956,10.956,0,0
KGL_PE,D,20170830,000000,10.765,10.956,10.765,10.956,0,0
KGL_PE,D,20170831,000000,10.861,10.956,10.861,10.956,0,0
KGL_PE,D,20170901,000000,10.669,11.051,10.669,11.051,0,0
KGL_PE,D,20170904,000000,11.051,11.051,11.051,11.051,0,0
KGL_PE,D,20170905,000000,11.051,11.051,10.956,10.956,0,0
KGL_PE,D,20170907,000000,10.956,10.956,10.765,10.956,0,0
KGL_PE,D,20170908,000000,10.956,10.956,10.765,10.765,0,0
KGL_PE,D,20170911,000000,10.861,10.956,10.861,10.956,0,0
KGL_PE,D,20170912,000000,10.956,10.956,10.574,10.765,0,0
KGL_PE,D,20170913,000000,10.861,10.956,10.861,10.956,0,0
KGL_PE,D,20170914,000000,10.956,10.956,10.861,10.861,0,0
KGL_PE,D,20170915,000000,10.861,10.861,10.765,10.765,0,0
KGL_PE,D,20170918,000000,10.861,10.861,10.669,10.861,0,0
KGL_PE,D,20170919,000000,10.861,10.861,10.861,10.861,0,0
KGL_PE,D,20170920,000000,10.861,10.956,10.861,10.956,0,0
KGL_PE,D,20170921,000000,10.956,10.956,10.956,10.956,0,0
KGL_PE,D,20170922,000000,10.956,10.956,10.956,10.956,0,0
KGL_PE,D,20170925,000000,10.669,10.956,10.669,10.861,0,0
KGL_PE,D,20170926,000000,10.861,10.861,10.574,10.861,0,0
KGL_PE,D,20170927,000000,10.765,10.765,10.765,10.765,0,0
KGL_PE,D,20170928,000000,10.765,10.765,10.765,10.765,0,0
KGL_PE,D,20171002,000000,10.861,10.861,10.479,10.861,0,0
KGL_PE,D,20171004,000000,10.574,10.765,10.574,10.765,0,0
KGL_PE,D,20171005,000000,10.765,10.765,10.669,10.669,0,0
KGL_PE,D,20171006,000000,10.669,10.669,10.669,10.669,0,0
KGL_PE,D,20171009,000000,10.669,10.669,10.669,10.669,0,0
KGL_PE,D,20171010,000000,10.669,10.765,10.669,10.765,0,0
KGL_PE,D,20171011,000000,10.765,10.765,10.669,10.669,0,0
KGL_PE,D,20171012,000000,10.669,10.669,10.669,10.669,0,0
KGL_PE,D,20171013,000000,10.669,10.669,10.669,10.669,0,0
KGL_PE,D,20171016,000000,10.669,10.669,10.574,10.669,0,0
KGL_PE,D,20171017,000000,10.669,10.669,10.669,10.669,0,0
KGL_PE,D,20171018,000000,10.574,10.861,10.574,10.574,0,0
KGL_PE,D,20171019,000000,10.669,10.669,10.574,10.574,0,0
KGL_PE,D,20171020,000000,10.574,10.669,10.479,10.479,0,0
KGL_PE,D,20171023,000000,10.479,10.861,10.479,10.765,0,0
KGL_PE,D,20171024,000000,10.765,10.765,10.765,10.765,0,0
KGL_PE,D,20171025,000000,10.289,10.765,10.289,10.289,0,0
KGL_PE,D,20171026,000000,10.765,10.765,10.765,10.765,0,0
KGL_PE,D,20171027,000000,10.765,10.765,10.289,10.765,0,0
KGL_PE,D,20171030,000000,10.574,10.765,10.574,10.765,0,0
KGL_PE,D,20171031,000000,10.765,10.765,10.289,10.669,0,0
KGL_PE,D,20171106,000000,10.194,10.669,10.194,10.669,0,0
KGL_PE,D,20171108,000000,10.289,10.765,10.004,10.479,0,0
KGL_PE,D,20171109,000000,10.479,10.479,10.479,10.479,0,0
KGL_PE,D,20171110,000000,10.479,10.479,10.479,10.479,0,0
KGL_PE,D,20171114,000000,10.004,10.479,10.004,10.385,0,0
KGL_PE,D,20171120,000000,10.194,11.337,10.194,11.337,0,0
KGL_PE,D,20171121,000000,11.337,11.337,11.337,11.337,0,0
KGL_PE,D,20171122,000000,11.337,11.337,11.337,11.337,0,0
KGL_PE,D,20171123,000000,10.956,11.337,10.956,11.337,0,0
KGL_PE,D,20171127,000000,11.337,11.337,11.337,11.337,0,0
KGL_PE,D,20171128,000000,10.861,11.242,10.861,11.242,0,0
KGL_PE,D,20171129,000000,10.765,11.242,10.765,11.242,0,0
KGL_PE,D,20171130,000000,11.242,11.242,11.242,11.242,0,0
KGL_PE,D,20171201,000000,11.242,11.242,11.242,11.242,0,0
KGL_PE,D,20171204,000000,11.242,12.29,11.242,12.29,0,0
KGL_PE,D,20171205,000000,11.337,12.29,11.337,12.194,0,0
KGL_PE,D,20171206,000000,12.194,12.194,12.194,12.194,0,0
KGL_PE,D,20171208,000000,11.433,12.194,11.433,12.194,0,0
KGL_PE,D,20171212,000000,10.956,12.003,10.956,12.003,0,0
KGL_PE,D,20171218,000000,10.861,12.003,10.765,10.765,0,0
KGL_PE,D,20171219,000000,11.051,11.051,10.765,11.051,0,0
KGL_PE,D,20171220,000000,10.765,10.956,10.574,10.956,0,0
KGL_PE,D,20171227,000000,10.861,10.861,10.289,10.289,0,0
KGL_PE,D,20171228,000000,10.099,10.289,9.1456,10.289,0,0
KGL_PE,D,20180103,000000,9.908,10.289,9.908,10.289,0,0
KGL_PE,D,20180104,000000,9.908,10.004,9.812,10.004,0,0
KGL_PE,D,20180105,000000,10.004,10.004,10.004,10.004,0,0
KGL_PE,D,20180108,000000,9.812,9.908,9.812,9.908,0,0
KGL_PE,D,20180109,000000,9.908,9.908,9.908,9.908,0,0
KGL_PE,D,20180111,000000,9.717,9.812,9.717,9.812,0,0
KGL_PE,D,20180116,000000,9.717,10.004,9.717,9.908,0,0
KGL_PE,D,20180117,000000,9.908,9.908,9.908,9.908,0,0
KGL_PE,D,20180122,000000,9.717,9.717,9.622,9.717,0,0
KGL_PE,D,20180123,000000,9.908,10.004,9.812,9.812,0,0
KGL_PE,D,20180124,000000,9.717,9.812,9.717,9.812,0,0
KGL_PE,D,20180125,000000,9.908,9.908,9.812,9.812,0,0
KGL_PE,D,20180126,000000,9.717,9.812,9.717,9.812,0,0
KGL_PE,D,20180129,000000,10.004,10.004,9.812,9.812,0,0
KGL_PE,D,20180130,000000,9.908,10.004,9.812,9.812,0,0
KGL_PE,D,20180131,000000,9.717,9.908,9.717,9.908,0,0
KGL_PE,D,20180201,000000,9.908,10.574,9.717,9.812,0,0
KGL_PE,D,20180202,000000,9.908,10.194,9.908,10.194,0,0
KGL_PE,D,20180205,000000,10.194,10.194,9.622,9.717,0,0
KGL_PE,D,20180206,000000,9.622,9.622,9.3356,9.622,0,0
KGL_PE,D,20180207,000000,9.717,9.908,9.717,9.812,0,0
KGL_PE,D,20180208,000000,9.812,9.812,9.622,9.622,0,0
KGL_PE,D,20180209,000000,9.527,9.812,9.527,9.812,0,0
KGL_PE,D,20180212,000000,9.717,9.812,9.717,9.812,0,0
KGL_PE,D,20180213,000000,9.908,9.908,9.812,9.812,0,0
KGL_PE,D,20180214,000000,9.908,9.908,9.812,9.812,0,0
KGL_PE,D,20180215,000000,9.908,10.004,9.622,9.812,0,0
KGL_PE,D,20180216,000000,9.812,9.812,9.717,9.812,0,0
KGL_PE,D,20180219,000000,9.812,9.812,9.4312,9.812,0,0
KGL_PE,D,20180220,000000,9.812,9.812,9.812,9.812,0,0
KGL_PE,D,20180221,000000,9.717,9.812,9.4312,9.812,0,0
KGL_PE,D,20180222,000000,9.812,9.812,8.8599,9.622,0,0
KGL_PE,D,20180223,000000,9.622,9.622,9.527,9.622,0,0
KGL_PE,D,20180226,000000,9.717,9.812,9.3356,9.717,0,0
KGL_PE,D,20180227,000000,9.622,9.908,9.622,9.908,0,0
KGL_PE,D,20180228,000000,10.004,10.004,9.908,10.004,0,0
KGL_PE,D,20180301,000000,10.004,10.004,9.2406,9.908,0,0
KGL_PE,D,20180302,000000,9.908,9.908,9.3356,9.812,0,0
KGL_PE,D,20180305,000000,9.3356,10.669,9.3356,10.574,0,0
KGL_PE,D,20180306,000000,10.574,10.574,9.622,10.099,0,0
KGL_PE,D,20180307,000000,10.479,10.479,9.4312,9.908,0,0
KGL_PE,D,20180308,000000,10.099,10.099,9.622,9.622,0,0
KGL_PE,D,20180309,000000,9.527,9.908,9.1456,9.717,0,0
KGL_PE,D,20180312,000000,9.717,9.812,9.527,9.812,0,0
KGL_PE,D,20180313,000000,9.812,9.812,9.812,9.812,0,0
KGL_PE,D,20180314,000000,9.812,9.812,9.812,9.812,0,0
KGL_PE,D,20180315,000000,9.812,9.812,9.812,9.812,0,0
KGL_PE,D,20180316,000000,9.812,9.812,9.4312,9.812,0,0
KGL_PE,D,20180319,000000,9.812,9.812,8.8599,9.4312,0,0
KGL_PE,D,20180320,000000,9.4312,9.717,9.0503,9.717,0,0
KGL_PE,D,20180321,000000,10.004,10.099,9.527,10.004,0,0
KGL_PE,D,20180322,000000,10.194,10.194,10.194,10.194,0,0
KGL_PE,D,20180323,000000,10.004,10.194,10.004,10.004,0,0
KGL_PE,D,20180326,000000,9.908,10.004,9.908,10.004,0,0
KGL_PE,D,20180327,000000,9.908,9.908,9.812,9.812,0,0
KGL_PE,D,20180328,000000,9.812,9.812,9.622,9.717,0,0
KGL_PE,D,20180329,000000,9.717,9.717,9.717,9.717,0,0
KGL_PE,D,20180403,000000,9.717,9.717,9.717,9.717,0,0
KGL_PE,D,20180404,000000,9.717,9.717,9.3356,9.717,0,0
KGL_PE,D,20180405,000000,9.717,9.717,9.2406,9.717,0,0
KGL_PE,D,20180406,000000,9.622,9.622,9.622,9.622,0,0
KGL_PE,D,20180409,000000,9.622,9.622,9.622,9.622,0,0
KGL_PE,D,20180410,000000,9.717,10.004,9.0503,9.0503,0,0
KGL_PE,D,20180411,000000,9.3356,9.3356,9.0503,9.0503,0,0
KGL_PE,D,20180412,000000,8.9552,9.0503,8.9552,9.0503,0,0
KGL_PE,D,20180413,000000,9.3356,9.3356,9.0503,9.3356,0,0
KGL_PE,D,20180416,000000,9.2406,9.2406,8.5741,9.0503,0,0
KGL_PE,D,20180417,000000,8.9552,9.0503,8.9552,9.0503,0,0
KGL_PE,D,20180418,000000,9.3356,9.3356,9.3356,9.3356,0,0
KGL_PE,D,20180419,000000,9.3356,9.3356,8.7647,8.9552,0,0
KGL_PE,D,20180420,000000,9.3356,9.3356,9.3356,9.3356,0,0
KGL_PE,D,20180423,000000,8.9552,8.9552,8.9552,8.9552,0,0
KGL_PE,D,20180424,000000,8.9552,8.9552,8.9552,8.9552,0,0
KGL_PE,D,20180425,000000,8.9552,8.9552,8.9552,8.9552,0,0
KGL_PE,D,20180426,000000,8.9552,8.9552,8.9552,8.9552,0,0
KGL_PE,D,20180427,000000,8.9552,8.9552,8.9552,8.9552,0,0
KGL_PE,D,20180430,000000,8.9552,8.9552,8.9552,8.9552,0,0
KGL_PE,D,20180502,000000,8.9552,8.9552,8.9552,8.9552,0,0
KGL_PE,D,20180504,000000,8.9552,8.9552,8.9552,8.9552,0,0
KGL_PE,D,20180507,000000,8.9552,8.9552,8.9552,8.9552,0,0
KGL_PE,D,20180508,000000,8.9552,8.9552,8.9552,8.9552,0,0
KGL_PE,D,20180509,000000,8.9552,8.9552,8.9552,8.9552,0,0
KGL_PE,D,20180510,000000,8.9552,8.9552,8.9552,8.9552,0,0
KGL_PE,D,20180511,000000,8.9552,9.0503,8.9552,9.0503,0,0
KGL_PE,D,20180514,000000,8.9552,9.1456,8.9552,9.1456,0,0
KGL_PE,D,20180515,000000,9.1456,9.1456,9.1456,9.1456,0,0
KGL_PE,D,20180516,000000,9.0503,9.0503,9.0503,9.0503,0,0
KGL_PE,D,20180517,000000,9.0503,9.0503,9.0503,9.0503,0,0
KGL_PE,D,20180518,000000,9.0503,9.0503,9.0503,9.0503,0,0
KGL_PE,D,20180521,000000,9.0503,9.0503,8.3835,9.0503,0,0
KGL_PE,D,20180522,000000,9.0503,9.0503,9.0503,9.0503,0,0
KGL_PE,D,20180523,000000,8.9552,8.9552,8.5741,8.5741,0,0
KGL_PE,D,20180524,000000,8.5741,8.6693,8.5741,8.6693,0,0
KGL_PE,D,20180525,000000,8.9552,8.9552,8.9552,8.9552,0,0
KGL_PE,D,20180528,000000,8.4788,8.9552,8.4788,8.4788,0,0
KGL_PE,D,20180529,000000,8.4788,8.4788,8.4788,8.4788,0,0
KGL_PE,D,20180530,000000,8.0025,10.289,8.0025,10.289,0,0
KGL_PE,D,20180601,000000,10.099,10.385,10.099,10.194,0,0
KGL_PE,D,20180604,000000,10.194,10.194,9.527,10.099,0,0
KGL_PE,D,20180605,000000,10.956,10.956,10.194,10.194,0,0
KGL_PE,D,20180606,000000,10.861,10.861,9.812,10.289,0,0
KGL_PE,D,20180607,000000,10.669,10.669,9.908,10.004,0,0
KGL_PE,D,20180608,000000,9.908,9.908,9.717,9.717,0,0
KGL_PE,D,20180611,000000,9.812,9.812,9.4312,9.717,0,0
KGL_PE,D,20180612,000000,9.4312,9.812,9.4312,9.812,0,0
KGL_PE,D,20180613,000000,9.812,9.812,9.812,9.812,0,0
KGL_PE,D,20180614,000000,9.4312,10.289,9.4312,10.289,0,0
KGL_PE,D,20180615,000000,10.289,10.289,10.289,10.289,0,0
KGL_PE,D,20180618,000000,10.289,10.289,10.289,10.289,0,0
KGL_PE,D,20180619,000000,10.289,10.289,9.908,10.004,0,0
KGL_PE,D,20180620,000000,10.004,10.004,10.004,10.004,0,0
KGL_PE,D,20180621,000000,10.004,10.004,10.004,10.004,0,0
KGL_PE,D,20180622,000000,10.004,10.004,9.622,10.004,0,0
KGL_PE,D,20180625,000000,10.004,10.004,10.004,10.004,0,0
KGL_PE,D,20180626,000000,10.004,10.004,9.622,9.812,0,0
KGL_PE,D,20180627,000000,9.812,9.812,9.527,9.812,0,0
KGL_PE,D,20180628,000000,9.812,9.812,9.812,9.812,0,0
KGL_PE,D,20180629,000000,9.812,9.812,9.3356,9.717,0,0
KGL_PE,D,20180702,000000,9.717,9.717,9.717,9.717,0,0
KGL_PE,D,20180703,000000,9.717,9.717,9.717,9.717,0,0
KGL_PE,D,20180704,000000,9.717,9.717,9.717,9.717,0,0
KGL_PE,D,20180705,000000,9.717,9.717,9.717,9.717,0,0
KGL_PE,D,20180706,000000,9.717,9.717,9.717,9.717,0,0
KGL_PE,D,20180709,000000,9.717,9.717,9.717,9.717,0,0
KGL_PE,D,20180710,000000,9.622,9.622,9.622,9.622,0,0
KGL_PE,D,20180711,000000,9.527,9.527,9.1456,9.527,0,0
KGL_PE,D,20180712,000000,9.527,9.527,9.0503,9.527,0,0
KGL_PE,D,20180713,000000,9.644,9.644,9.0651,9.0651,0,0
KGL_PE,D,20180716,000000,9.0651,9.0651,9.0651,9.0651,0,0
KGL_PE,D,20180717,000000,9.0651,9.0651,9.0651,9.0651,0,0
KGL_PE,D,20180718,000000,9.3542,9.3542,9.0651,9.0651,0,0
KGL_PE,D,20180719,000000,9.3542,9.3542,9.3542,9.3542,0,0
KGL_PE,D,20180720,000000,9.3542,9.3542,9.3542,9.3542,0,0
KGL_PE,D,20180723,000000,9.0651,9.0651,9.0651,9.0651,0,0
KGL_PE,D,20180724,000000,9.0651,9.0651,9.0651,9.0651,0,0
KGL_PE,D,20180725,000000,8.7757,8.7757,8.7757,8.7757,0,0
KGL_PE,D,20180726,000000,8.7757,8.7757,8.7757,8.7757,0,0
KGL_PE,D,20180727,000000,8.7757,8.7757,8.7757,8.7757,0,0
KGL_PE,D,20180730,000000,8.7757,8.7757,8.4864,8.7757,0,0
KGL_PE,D,20180731,000000,8.6793,8.7757,8.6793,8.7757,0,0
KGL_PE,D,20180801,000000,8.7757,8.7757,8.7757,8.7757,0,0
KGL_PE,D,20180802,000000,8.7757,8.7757,8.7757,8.7757,0,0
KGL_PE,D,20180803,000000,9.1615,9.1615,8.6793,9.0651,0,0
KGL_PE,D,20180806,000000,9.0651,9.644,8.8721,9.644,0,0
KGL_PE,D,20180807,000000,9.837,9.933,9.837,9.933,0,0
KGL_PE,D,20180808,000000,9.74,9.74,9.0651,9.2579,0,0
KGL_PE,D,20180809,000000,9.644,9.644,9.644,9.644,0,0
KGL_PE,D,20180810,000000,9.644,9.644,9.1615,9.2579,0,0
KGL_PE,D,20180813,000000,9.644,9.644,9.2579,9.547,0,0
KGL_PE,D,20180814,000000,9.4507,9.547,9.4507,9.547,0,0
KGL_PE,D,20180816,000000,9.547,9.547,8.9685,8.9685,0,0
KGL_PE,D,20180817,000000,9.0651,9.1615,8.6793,8.6793,0,0
KGL_PE,D,20180820,000000,8.4864,8.5828,8.4864,8.5828,0,0
KGL_PE,D,20180821,000000,8.6793,8.6793,8.6793,8.6793,0,0
KGL_PE,D,20180822,000000,8.7757,8.7757,8.7757,8.7757,0,0
KGL_PE,D,20180823,000000,8.8721,8.8721,8.6793,8.6793,0,0
KGL_PE,D,20180824,000000,8.7757,8.7757,8.7757,8.7757,0,0
KGL_PE,D,20180827,000000,9.547,9.547,9.547,9.547,0,0
KGL_PE,D,20180828,000000,9.4507,9.4507,8.9685,9.4507,0,0
KGL_PE,D,20180829,000000,9.3542,9.3542,9.3542,9.3542,0,0
KGL_PE,D,20180830,000000,9.3542,9.3542,9.3542,9.3542,0,0
KGL_PE,D,20180831,000000,9.3542,9.3542,8.6793,9.3542,0,0
KGL_PE,D,20180903,000000,9.4507,9.4507,9.4507,9.4507,0,0
KGL_PE,D,20180904,000000,9.4507,9.4507,9.0651,9.3542,0,0
KGL_PE,D,20180905,000000,9.2579,9.2579,9.2579,9.2579,0,0
KGL_PE,D,20180906,000000,9.1615,9.1615,8.6793,9.1615,0,0
KGL_PE,D,20180907,000000,9.2579,9.2579,9.2579,9.2579,0,0
KGL_PE,D,20180910,000000,8.7757,11.669,8.2935,11.669,0,0
KGL_PE,D,20180911,000000,11.669,11.669,11.669,11.669,0,0
KGL_PE,D,20180912,000000,11.669,11.669,11.476,11.476,0,0
KGL_PE,D,20180913,000000,11.669,11.669,11.669,11.669,0,0
KGL_PE,D,20180914,000000,11.669,11.669,11.669,11.669,0,0
KGL_PE,D,20180917,000000,11.669,11.669,11.669,11.669,0,0
KGL_PE,D,20180918,000000,11.669,11.669,11.669,11.669,0,0
KGL_PE,D,20180919,000000,11.669,11.669,11.669,11.669,0,0
KGL_PE,D,20180920,000000,11.669,11.669,11.669,11.669,0,0
KGL_PE,D,20180921,000000,11.669,11.669,11.669,11.669,0,0
KGL_PE,D,20180924,000000,11.669,11.669,11.669,11.669,0,0
KGL_PE,D,20180925,000000,11.669,12.44,11.669,12.44,0,0
KGL_PE,D,20180926,000000,13.116,13.116,12.44,12.44,0,0
KGL_PE,D,20180927,000000,12.73,12.923,12.73,12.923,0,0
KGL_PE,D,20180928,000000,13.308,13.308,13.019,13.019,0,0
KGL_PE,D,20181001,000000,13.019,13.019,12.44,13.019,0,0
KGL_PE,D,20181002,000000,12.923,12.923,12.247,12.826,0,0
KGL_PE,D,20181003,000000,12.826,12.826,12.826,12.826,0,0
KGL_PE,D,20181004,000000,12.73,12.826,12.73,12.73,0,0
KGL_PE,D,20181005,000000,12.826,12.826,12.826,12.826,0,0
KGL_PE,D,20181008,000000,13.308,13.308,12.633,13.019,0,0
KGL_PE,D,20181009,000000,12.826,12.923,12.826,12.923,0,0
KGL_PE,D,20181010,000000,13.116,13.116,13.019,13.019,0,0
KGL_PE,D,20181011,000000,13.212,13.308,13.212,13.308,0,0
KGL_PE,D,20181012,000000,13.308,13.308,13.308,13.308,0,0
KGL_PE,D,20181015,000000,13.308,13.308,13.308,13.308,0,0
KGL_PE,D,20181016,000000,13.308,13.308,13.308,13.308,0,0
KGL_PE,D,20181017,000000,12.826,12.826,12.73,12.73,0,0
KGL_PE,D,20181018,000000,13.308,13.308,13.308,13.308,0,0
KGL_PE,D,20181019,000000,12.826,13.308,12.73,13.308,0,0
KGL_PE,D,20181022,000000,13.308,13.308,13.308,13.308,0,0
KGL_PE,D,20181023,000000,13.308,13.308,12.923,13.308,0,0
KGL_PE,D,20181024,000000,13.116,13.116,13.116,13.116,0,0
KGL_PE,D,20181025,000000,13.116,13.308,13.116,13.308,0,0
KGL_PE,D,20181026,000000,13.308,13.308,12.44,12.44,0,0
KGL_PE,D,20181029,000000,12.826,12.923,12.44,12.923,0,0
KGL_PE,D,20181030,000000,13.116,13.116,13.019,13.019,0,0
KGL_PE,D,20181031,000000,13.212,13.212,13.019,13.212,0,0
KGL_PE,D,20181102,000000,13.404,13.404,13.308,13.308,0,0
KGL_PE,D,20181105,000000,13.308,13.308,13.308,13.308,0,0
KGL_PE,D,20181106,000000,13.308,13.308,13.308,13.308,0,0
KGL_PE,D,20181107,000000,13.308,13.308,13.308,13.308,0,0
KGL_PE,D,20181108,000000,13.308,14.369,12.344,14.369,0,0
KGL_PE,D,20181109,000000,14.369,14.369,13.116,13.116,0,0
KGL_PE,D,20181113,000000,13.212,13.212,12.44,12.44,0,0
KGL_PE,D,20181114,000000,12.44,12.923,12.151,12.923,0,0
KGL_PE,D,20181115,000000,12.923,12.923,11.958,12.923,0,0
KGL_PE,D,20181116,000000,12.923,12.923,12.151,12.151,0,0
KGL_PE,D,20181119,000000,12.055,12.151,12.055,12.055,0,0
KGL_PE,D,20181120,000000,12.055,12.923,12.055,12.923,0,0
KGL_PE,D,20181121,000000,12.344,12.537,12.151,12.537,0,0
KGL_PE,D,20181122,000000,12.923,12.923,12.923,12.923,0,0
KGL_PE,D,20181123,000000,12.826,12.923,12.826,12.923,0,0
KGL_PE,D,20181126,000000,12.923,12.923,12.537,12.923,0,0
KGL_PE,D,20181127,000000,12.923,12.923,12.344,12.344,0,0
KGL_PE,D,20181128,000000,12.344,12.923,12.344,12.923,0,0
KGL_PE,D,20181129,000000,11.958,13.983,11.958,13.983,0,0
KGL_PE,D,20181130,000000,13.983,14.08,13.597,13.983,0,0
KGL_PE,D,20181203,000000,14.177,14.177,13.404,13.983,0,0
KGL_PE,D,20181204,000000,13.983,13.983,13.983,13.983,0,0
KGL_PE,D,20181205,000000,13.983,13.983,13.019,13.404,0,0
KGL_PE,D,20181206,000000,13.983,13.983,13.404,13.983,0,0
KGL_PE,D,20181207,000000,13.983,13.983,13.501,13.983,0,0
KGL_PE,D,20181210,000000,13.983,13.983,13.501,13.983,0,0
KGL_PE,D,20181211,000000,13.983,13.983,13.887,13.983,0,0
KGL_PE,D,20181212,000000,14.08,14.08,13.983,13.983,0,0
KGL_PE,D,20181213,000000,13.983,13.983,12.923,13.887,0,0
KGL_PE,D,20181214,000000,13.887,13.887,13.404,13.404,0,0
KGL_PE,D,20181217,000000,13.308,13.501,13.308,13.404,0,0
KGL_PE,D,20181218,000000,13.79,13.79,13.116,13.404,0,0
KGL_PE,D,20181219,000000,13.79,13.79,13.116,13.116,0,0
KGL_PE,D,20181220,000000,13.501,13.501,12.344,12.344,0,0
KGL_PE,D,20181221,000000,13.019,13.019,11.958,11.958,0,0
KGL_PE,D,20181227,000000,11.958,11.958,11.283,11.283,0,0
KGL_PE,D,20181228,000000,11.765,11.765,10.994,10.994,0,0
KGL_PE,D,20190102,000000,10.125,10.222,9.933,10.125,0,0
KGL_PE,D,20190103,000000,10.801,10.801,9.74,9.837,0,0
KGL_PE,D,20190104,000000,9.4507,10.415,9.0651,10.415,0,0
KGL_PE,D,20190107,000000,10.801,10.801,10.318,10.415,0,0
KGL_PE,D,20190108,000000,10.608,10.608,10.318,10.608,0,0
KGL_PE,D,20190109,000000,10.898,10.898,10.222,10.222,0,0
KGL_PE,D,20190110,000000,10.801,10.801,10.318,10.318,0,0
KGL_PE,D,20190111,000000,10.608,10.608,10.125,10.125,0,0
KGL_PE,D,20190114,000000,10.801,10.801,10.03,10.03,0,0
KGL_PE,D,20190115,000000,10.801,10.801,10.125,10.318,0,0
KGL_PE,D,20190116,000000,10.801,10.801,10.415,10.415,0,0
KGL_PE,D,20190117,000000,10.608,10.608,10.125,10.125,0,0
KGL_PE,D,20190118,000000,10.511,10.511,10.125,10.125,0,0
KGL_PE,D,20190121,000000,10.511,10.608,10.511,10.608,0,0
KGL_PE,D,20190122,000000,10.415,10.415,10.415,10.415,0,0
KGL_PE,D,20190123,000000,10.608,10.608,10.415,10.608,0,0
KGL_PE,D,20190124,000000,10.511,10.608,10.511,10.608,0,0
KGL_PE,D,20190125,000000,10.898,10.898,10.801,10.801,0,0
KGL_PE,D,20190130,000000,11.379,11.379,11.379,11.379,0,0
KGL_PE,D,20190204,000000,11.669,11.765,11.669,11.765,0,0
KGL_PE,D,20190206,000000,12.247,14.658,12.247,14.658,0,0
KGL_PE,D,20190207,000000,14.755,14.755,14.177,14.177,0,0
KGL_PE,D,20190208,000000,14.08,14.08,13.501,13.501,0,0
KGL_PE,D,20190211,000000,13.983,13.983,12.826,13.019,0,0
KGL_PE,D,20190212,000000,13.501,13.501,13.212,13.308,0,0
KGL_PE,D,20190213,000000,13.597,13.597,11.862,11.958,0,0
KGL_PE,D,20190214,000000,11.958,11.958,10.801,10.898,0,0
KGL_PE,D,20190215,000000,10.994,10.994,10.511,10.511,0,0
KGL_PE,D,20190218,000000,10.511,10.994,10.511,10.994,0,0
KGL_PE,D,20190219,000000,10.222,10.415,10.125,10.125,0,0
KGL_PE,D,20190220,000000,10.318,10.705,10.318,10.415,0,0
KGL_PE,D,20190221,000000,10.801,10.801,10.125,10.415,0,0
KGL_PE,D,20190222,000000,10.801,10.801,9.74,9.74,0,0
KGL_PE,D,20190225,000000,10.125,10.125,10.03,10.03,0,0
KGL_PE,D,20190226,000000,10.03,10.03,10.03,10.03,0,0
KGL_PE,D,20190227,000000,10.03,10.03,9.933,10.03,0,0
KGL_PE,D,20190228,000000,10.03,10.03,10.03,10.03,0,0
KGL_PE,D,20190301,000000,10.03,10.03,10.03,10.03,0,0
KGL_PE,D,20190304,000000,10.03,10.03,10.03,10.03,0,0
KGL_PE,D,20190305,000000,10.03,10.03,9.933,10.03,0,0
KGL_PE,D,20190306,000000,10.03,10.03,10.03,10.03,0,0
KGL_PE,D,20190307,000000,10.03,10.03,10.03,10.03,0,0
KGL_PE,D,20190308,000000,10.03,10.03,10.03,10.03,0,0
KGL_PE,D,20190311,000000,10.03,10.03,10.03,10.03,0,0
KGL_PE,D,20190312,000000,10.03,10.03,10.03,10.03,0,0
KGL_PE,D,20190313,000000,10.03,10.03,10.03,10.03,0,0
KGL_PE,D,20190314,000000,10.03,10.03,10.03,10.03,0,0
KGL_PE,D,20190315,000000,10.03,10.608,10.03,10.608,0,0
KGL_PE,D,20190318,000000,10.608,10.801,10.511,10.608,0,0
KGL_PE,D,20190319,000000,10.608,10.608,10.415,10.415,0,0
KGL_PE,D,20190320,000000,10.415,10.415,10.125,10.125,0,0
KGL_PE,D,20190321,000000,10.608,10.608,10.608,10.608,0,0
KGL_PE,D,20190322,000000,10.511,10.511,10.125,10.125,0,0
KGL_PE,D,20190325,000000,10.125,10.125,10.125,10.125,0,0
KGL_PE,D,20190326,000000,10.125,10.125,10.125,10.125,0,0
KGL_PE,D,20190327,000000,10.125,10.125,10.125,10.125,0,0
KGL_PE,D,20190328,000000,10.125,10.125,10.125,10.125,0,0
KGL_PE,D,20190329,000000,10.125,10.608,10.125,10.608,0,0
KGL_PE,D,20190401,000000,10.994,11.669,10.03,11.572,0,0
KGL_PE,D,20190402,000000,11.669,11.669,10.511,11.669,0,0
KGL_PE,D,20190403,000000,11.669,11.669,11.669,11.669,0,0
KGL_PE,D,20190404,000000,11.572,11.572,11.572,11.572,0,0
KGL_PE,D,20190405,000000,11.572,11.572,11.572,11.572,0,0
KGL_PE,D,20190408,000000,11.572,11.572,11.572,11.572,0,0
KGL_PE,D,20190409,000000,11.572,11.572,11.572,11.572,0,0
KGL_PE,D,20190410,000000,11.572,11.572,11.572,11.572,0,0
KGL_PE,D,20190411,000000,11.572,11.572,10.994,10.994,0,0
KGL_PE,D,20190412,000000,11.572,11.572,11.572,11.572,0,0
KGL_PE,D,20190415,000000,11.572,11.572,10.994,11.572,0,0
KGL_PE,D,20190416,000000,11.572,11.572,11.572,11.572,0,0
KGL_PE,D,20190417,000000,11.186,11.283,11.186,11.283,0,0
KGL_PE,D,20190418,000000,11.283,11.283,10.801,11.091,0,0
KGL_PE,D,20190423,000000,10.898,10.898,10.898,10.898,0,0
KGL_PE,D,20190424,000000,10.415,11.379,10.415,11.379,0,0
KGL_PE,D,20190425,000000,11.765,11.765,11.765,11.765,0,0
KGL_PE,D,20190426,000000,11.765,11.765,11.765,11.765,0,0
KGL_PE,D,20190429,000000,11.765,14.273,10.705,14.273,0,0
KGL_PE,D,20190430,000000,14.851,14.851,14.851,14.851,0,0
KGL_PE,D,20190502,000000,15.526,15.526,15.526,15.526,0,0
KGL_PE,D,20190506,000000,15.526,15.526,15.526,15.526,0,0
KGL_PE,D,20190507,000000,15.526,15.622,15.526,15.526,0,0
KGL_PE,D,20190508,000000,15.719,15.719,14.851,14.851,0,0
KGL_PE,D,20190509,000000,15.719,15.719,15.719,15.719,0,0
KGL_PE,D,20190510,000000,15.719,15.719,15.719,15.719,0,0
KGL_PE,D,20190513,000000,15.719,15.719,15.719,15.719,0,0
KGL_PE,D,20190514,000000,15.719,15.719,15.719,15.719,0,0
KGL_PE,D,20190515,000000,15.719,15.719,15.719,15.719,0,0
KGL_PE,D,20190516,000000,15.719,15.719,15.719,15.719,0,0
KGL_PE,D,20190517,000000,15.719,15.719,15.719,15.719,0,0
KGL_PE,D,20190520,000000,15.719,15.719,14.948,15.719,0,0
KGL_PE,D,20190521,000000,15.719,15.719,15.719,15.719,0,0
KGL_PE,D,20190522,000000,15.622,15.719,15.622,15.719,0,0
KGL_PE,D,20190523,000000,15.719,15.719,15.719,15.719,0,0
KGL_PE,D,20190524,000000,15.719,15.719,15.719,15.719,0,0
KGL_PE,D,20190527,000000,15.719,15.719,14.851,15.719,0,0
KGL_PE,D,20190528,000000,15.719,15.719,15.334,15.334,0,0
KGL_PE,D,20190529,000000,15.719,15.719,15.334,15.334,0,0
KGL_PE,D,20190530,000000,15.719,15.719,15.334,15.334,0,0
KGL_PE,D,20190531,000000,15.719,15.719,15.334,15.334,0,0
KGL_PE,D,20190603,000000,14.562,15.044,14.562,14.658,0,0
KGL_PE,D,20190604,000000,14.658,14.658,14.658,14.658,0,0
KGL_PE,D,20190605,000000,14.177,14.658,14.177,14.658,0,0
KGL_PE,D,20190606,000000,14.658,14.658,14.658,14.658,0,0
KGL_PE,D,20190607,000000,14.177,14.658,14.177,14.658,0,0
KGL_PE,D,20190610,000000,14.658,14.658,14.658,14.658,0,0
KGL_PE,D,20190611,000000,14.658,14.658,14.658,14.658,0,0
KGL_PE,D,20190612,000000,14.948,14.948,14.755,14.851,0,0
KGL_PE,D,20190613,000000,15.044,15.044,14.658,15.044,0,0
KGL_PE,D,20190614,000000,14.948,14.948,14.658,14.658,0,0
KGL_PE,D,20190617,000000,15.044,15.044,14.177,14.177,0,0
KGL_PE,D,20190618,000000,14.273,14.273,14.273,14.273,0,0
KGL_PE,D,20190619,000000,14.273,14.273,14.177,14.177,0,0
KGL_PE,D,20190621,000000,14.177,14.177,14.177,14.177,0,0
KGL_PE,D,20190624,000000,14.177,14.177,14.177,14.177,0,0
KGL_PE,D,20190625,000000,14.273,14.273,14.273,14.273,0,0
KGL_PE,D,20190628,000000,15.044,15.044,14.177,14.177,0,0
KGL_PE,D,20190701,000000,14.08,14.08,13.501,13.501,0,0
KGL_PE,D,20190702,000000,13.019,13.019,12.826,12.826,0,0
KGL_PE,D,20190703,000000,12.923,12.923,12.923,12.923,0,0
KGL_PE,D,20190704,000000,13.501,13.501,13.116,13.404,0,0
KGL_PE,D,20190708,000000,13.501,13.501,13.308,13.308,0,0
KGL_PE,D,20190710,000000,13.212,13.212,13.212,13.212,0,0
KGL_PE,D,20190711,000000,13.212,13.308,13.212,13.308,0,0
KGL_PE,D,20190715,000000,13.501,13.501,13.501,13.501,0,0
KGL_PE,D,20190716,000000,13.694,13.694,13.501,13.501,0,0
KGL_PE,D,20190717,000000,13.694,14.465,13.694,14.369,0,0
KGL_PE,D,20190718,000000,14.465,15.044,14.465,15.044,0,0
KGL_PE,D,20190719,000000,15.044,15.141,14.948,15.044,0,0
KGL_PE,D,20190723,000000,15.21,15.21,15.21,15.21,0,0
KGL_PE,D,20190724,000000,15.015,15.113,15.015,15.113,0,0
KGL_PE,D,20190726,000000,15.21,15.21,15.113,15.21,0,0
KGL_PE,D,20190729,000000,15.21,15.21,15.21,15.21,0,0
KGL_PE,D,20190801,000000,15.113,15.113,15.113,15.113,0,0
KGL_PE,D,20190802,000000,15.113,15.113,14.43,14.43,0,0
KGL_PE,D,20190805,000000,14.528,14.528,13.845,13.943,0,0
KGL_PE,D,20190808,000000,14.235,14.918,14.235,14.82,0,0
KGL_PE,D,20190812,000000,15.405,15.405,14.82,15.405,0,0
KGL_PE,D,20190813,000000,15.405,15.405,15.405,15.405,0,0
KGL_PE,D,20190814,000000,15.405,15.405,15.405,15.405,0,0
KGL_PE,D,20190819,000000,15.893,15.893,15.21,15.21,0,0
KGL_PE,D,20190822,000000,15.405,15.405,14.138,14.138,0,0
KGL_PE,D,20190829,000000,14.235,14.235,13.65,13.845,0,0
KGL_PE,D,20190830,000000,14.235,14.235,13.26,13.26,0,0
KGL_PE,D,20190902,000000,13.26,13.26,13.26,13.26,0,0
KGL_PE,D,20190903,000000,13.26,13.26,13.26,13.26,0,0
KGL_PE,D,20190904,000000,13.26,13.26,13.26,13.26,0,0
KGL_PE,D,20190905,000000,13.163,13.163,12.87,12.87,0,0
KGL_PE,D,20190906,000000,13.163,13.358,13.163,13.26,0,0
KGL_PE,D,20190909,000000,13.553,13.553,13.26,13.553,0,0
KGL_PE,D,20190910,000000,13.553,13.553,13.553,13.553,0,0
KGL_PE,D,20190911,000000,13.553,13.553,13.455,13.455,0,0
KGL_PE,D,20190912,000000,14.138,14.138,13.553,13.65,0,0
KGL_PE,D,20190913,000000,14.138,14.138,13.553,14.138,0,0
KGL_PE,D,20190916,000000,14.138,14.138,13.943,13.943,0,0
KGL_PE,D,20190917,000000,13.748,13.748,13.748,13.748,0,0
KGL_PE,D,20190918,000000,13.748,13.748,13.748,13.748,0,0
KGL_PE,D,20190919,000000,13.748,14.235,13.748,14.04,0,0
KGL_PE,D,20190920,000000,14.235,14.235,14.235,14.235,0,0
KGL_PE,D,20190923,000000,14.235,14.235,14.138,14.138,0,0
KGL_PE,D,20190924,000000,14.235,14.235,14.138,14.138,0,0
KGL_PE,D,20190925,000000,14.235,14.235,14.138,14.138,0,0
KGL_PE,D,20190926,000000,14.235,14.235,14.138,14.138,0,0
KGL_PE,D,20190927,000000,14.138,14.333,9.36,9.36,0,0
KGL_PE,D,20190930,000000,9.36,9.36,9.36,9.36,0,0
KGL_PE,D,20191001,000000,9.36,9.36,9.2625,9.36,0,0
KGL_PE,D,20191002,000000,9.36,9.36,9.36,9.36,0,0
KGL_PE,D,20191003,000000,9.36,9.36,8.775,9.0675,0,0
KGL_PE,D,20191004,000000,9.2625,9.36,8.6775,9.36,0,0
KGL_PE,D,20191007,000000,9.36,9.36,9.36,9.36,0,0
KGL_PE,D,20191008,000000,9.4575,9.4575,9.4575,9.4575,0,0
KGL_PE,D,20191009,000000,10.043,10.043,9.4575,9.848,0,0
KGL_PE,D,20191010,000000,9.848,9.848,9.75,9.75,0,0
KGL_PE,D,20191011,000000,9.75,9.75,9.75,9.75,0,0
KGL_PE,D,20191014,000000,9.75,9.75,9.75,9.75,0,0
KGL_PE,D,20191015,000000,9.75,9.848,9.75,9.848,0,0
KGL_PE,D,20191016,000000,9.848,9.848,9.848,9.848,0,0
KGL_PE,D,20191017,000000,9.848,9.848,9.848,9.848,0,0
KGL_PE,D,20191018,000000,9.848,9.848,9.4575,9.4575,0,0
KGL_PE,D,20191021,000000,9.36,9.653,9.36,9.653,0,0
KGL_PE,D,20191022,000000,9.653,9.653,9.36,9.36,0,0
KGL_PE,D,20191023,000000,9.653,9.653,9.555,9.555,0,0
KGL_PE,D,20191024,000000,9.653,9.653,9.555,9.555,0,0
KGL_PE,D,20191025,000000,9.555,9.555,9.4575,9.4575,0,0
KGL_PE,D,20191028,000000,9.4575,9.4575,9.36,9.4575,0,0
KGL_PE,D,20191029,000000,9.36,9.36,9.36,9.36,0,0
KGL_PE,D,20191030,000000,9.2625,9.2625,9.2625,9.2625,0,0
KGL_PE,D,20191031,000000,9.4575,9.4575,9.4575,9.4575,0,0
KGL_PE,D,20191104,000000,9.4575,9.653,9.4575,9.653,0,0
KGL_PE,D,20191105,000000,9.555,9.555,9.36,9.36,0,0
KGL_PE,D,20191106,000000,9.75,9.75,9.36,9.653,0,0
KGL_PE,D,20191107,000000,9.848,9.848,9.36,9.36,0,0
KGL_PE,D,20191108,000000,9.653,9.653,9.36,9.653,0,0
KGL_PE,D,20191112,000000,9.4575,9.4575,9.36,9.36,0,0
KGL_PE,D,20191113,000000,9.36,9.36,9.2625,9.2625,0,0
KGL_PE,D,20191114,000000,9.2625,9.36,9.2625,9.36,0,0
KGL_PE,D,20191115,000000,9.36,9.36,9.2625,9.2625,0,0
KGL_PE,D,20191118,000000,9.2625,9.36,9.2625,9.36,0,0
KGL_PE,D,20191119,000000,9.36,9.36,9.2625,9.36,0,0
KGL_PE,D,20191120,000000,9.2625,9.36,8.6775,9.165,0,0
KGL_PE,D,20191121,000000,9.165,9.165,8.97,8.97,0,0
KGL_PE,D,20191122,000000,8.8725,8.8725,8.4825,8.4825,0,0
KGL_PE,D,20191125,000000,8.8725,8.8725,8.58,8.6775,0,0
KGL_PE,D,20191126,000000,8.97,8.97,8.4825,8.4825,0,0
KGL_PE,D,20191127,000000,8.8725,8.8725,8.58,8.775,0,0
KGL_PE,D,20191128,000000,8.775,9.165,8.775,9.165,0,0
KGL_PE,D,20191129,000000,9.2625,9.2625,8.385,8.385,0,0
KGL_PE,D,20191202,000000,8.385,8.58,8.385,8.4825,0,0
KGL_PE,D,20191203,000000,8.4825,8.4825,8.4825,8.4825,0,0
KGL_PE,D,20191204,000000,8.4825,8.4825,8.385,8.385,0,0
KGL_PE,D,20191205,000000,8.385,8.385,8.2875,8.2875,0,0
KGL_PE,D,20191206,000000,8.2875,8.2875,7.8975,7.8975,0,0
KGL_PE,D,20191209,000000,7.995,7.995,7.215,7.215,0,0
KGL_PE,D,20191210,000000,7.215,7.8,6.5325,7.8,0,0
KGL_PE,D,20191211,000000,7.8,7.8,7.8,7.8,0,0
KGL_PE,D,20191212,000000,7.8,7.8,7.7025,7.7025,0,0
KGL_PE,D,20191213,000000,7.7025,8.2875,7.41,8.2875,0,0
KGL_PE,D,20191216,000000,8.4825,8.4825,8.2875,8.4825,0,0
KGL_PE,D,20191217,000000,8.4825,8.4825,8.4825,8.4825,0,0
KGL_PE,D,20191218,000000,8.6775,8.6775,8.385,8.385,0,0
KGL_PE,D,20191219,000000,8.385,8.58,7.605,8.58,0,0
KGL_PE,D,20191220,000000,8.58,8.6775,8.2875,8.6775,0,0
KGL_PE,D,20191223,000000,8.58,8.6775,8.58,8.6775,0,0
KGL_PE,D,20191227,000000,8.6775,8.6775,8.6775,8.6775,0,0
KGL_PE,D,20191230,000000,8.775,8.775,8.6775,8.6775,0,0
KGL_PE,D,20200102,000000,8.6775,8.6775,8.6775,8.6775,0,0
KGL_PE,D,20200103,000000,8.6775,8.6775,8.2875,8.2875,0,0
KGL_PE,D,20200107,000000,8.4825,8.58,8.2875,8.58,0,0
KGL_PE,D,20200108,000000,8.6775,8.6775,8.6775,8.6775,0,0
KGL_PE,D,20200109,000000,8.6775,8.6775,8.6775,8.6775,0,0
KGL_PE,D,20200110,000000,8.6775,8.6775,8.6775,8.6775,0,0
KGL_PE,D,20200113,000000,8.6775,8.6775,8.6775,8.6775,0,0
KGL_PE,D,20200114,000000,8.775,8.8725,8.4825,8.8725,0,0
KGL_PE,D,20200115,000000,8.8725,8.8725,8.4825,8.8725,0,0
KGL_PE,D,20200116,000000,8.8725,8.8725,8.8725,8.8725,0,0
KGL_PE,D,20200117,000000,8.8725,8.8725,8.58,8.58,0,0
KGL_PE,D,20200120,000000,8.6775,9.165,8.6775,8.8725,0,0
KGL_PE,D,20200121,000000,9.165,9.36,9.0675,9.2625,0,0
KGL_PE,D,20200122,000000,9.653,9.75,9.653,9.75,0,0
KGL_PE,D,20200123,000000,10.14,10.14,10.043,10.043,0,0
KGL_PE,D,20200124,000000,10.043,10.043,9.555,9.555,0,0
KGL_PE,D,20200127,000000,9.848,10.14,9.75,9.75,0,0
KGL_PE,D,20200128,000000,9.945,9.945,9.945,9.945,0,0
KGL_PE,D,20200129,000000,9.945,9.945,9.945,9.945,0,0
KGL_PE,D,20200130,000000,9.848,9.848,9.75,9.75,0,0
KGL_PE,D,20200131,000000,9.75,9.75,9.75,9.75,0,0
KGL_PE,D,20200203,000000,10.14,10.53,10.14,10.53,0,0
KGL_PE,D,20200204,000000,11.31,11.31,11.213,11.213,0,0
KGL_PE,D,20200205,000000,11.213,11.213,11.018,11.115,0,0
KGL_PE,D,20200206,000000,11.115,11.115,10.433,10.92,0,0
KGL_PE,D,20200207,000000,10.92,10.92,10.92,10.92,0,0
KGL_PE,D,20200210,000000,10.92,10.92,10.92,10.92,0,0
KGL_PE,D,20200211,000000,10.628,10.92,10.628,10.92,0,0
KGL_PE,D,20200212,000000,11.798,11.798,10.92,10.92,0,0
KGL_PE,D,20200213,000000,10.725,10.92,10.725,10.92,0,0
KGL_PE,D,20200214,000000,10.92,10.92,10.92,10.92,0,0
KGL_PE,D,20200217,000000,11.115,11.115,11.115,11.115,0,0
KGL_PE,D,20200218,000000,11.018,11.115,11.018,11.115,0,0
KGL_PE,D,20200219,000000,11.018,11.018,10.92,10.92,0,0
KGL_PE,D,20200220,000000,10.92,10.92,10.433,10.433,0,0
KGL_PE,D,20200221,000000,10.823,10.823,10.14,10.14,0,0
KGL_PE,D,20200224,000000,9.75,9.75,9.165,9.165,0,0
KGL_PE,D,20200225,000000,9.165,9.165,8.97,8.97,0,0
KGL_PE,D,20200226,000000,8.6775,8.97,8.6775,8.97,0,0
KGL_PE,D,20200227,000000,8.97,8.97,8.97,8.97,0,0
KGL_PE,D,20200228,000000,8.8725,8.8725,8.2875,8.4825,0,0
KGL_PE,D,20200302,000000,8.6775,8.97,8.58,8.58,0,0
KGL_PE,D,20200303,000000,8.58,8.8725,8.385,8.6775,0,0
KGL_PE,D,20200305,000000,8.775,8.8725,8.775,8.8725,0,0
KGL_PE,D,20200306,000000,8.8725,8.8725,8.2875,8.58,0,0
KGL_PE,D,20200309,000000,8.385,8.385,7.7025,7.7025,0,0
KGL_PE,D,20200310,000000,8.0925,8.0925,7.7025,7.995,0,0
KGL_PE,D,20200311,000000,8.19,8.19,7.8,7.8,0,0
KGL_PE,D,20200312,000000,7.8,7.8,7.8,7.8,0,0
KGL_PE,D,20200313,000000,7.8,7.8,7.215,7.215,0,0
KGL_PE,D,20200316,000000,7.215,7.215,7.215,7.215,0,0
KGL_PE,D,20200318,000000,7.3125,7.3125,6.9225,7.02,0,0
KGL_PE,D,20200319,000000,7.215,8.2875,7.02,8.19,0,0
KGL_PE,D,20200320,000000,8.2875,8.2875,8.19,8.19,0,0
KGL_PE,D,20200323,000000,8.19,8.19,7.7025,7.7025,0,0
KGL_PE,D,20200324,000000,7.8,7.8,7.8,7.8,0,0
KGL_PE,D,20200325,000000,7.8975,7.8975,7.8,7.8975,0,0
KGL_PE,D,20200326,000000,7.8975,7.8975,7.8975,7.8975,0,0
KGL_PE,D,20200327,000000,8.2875,8.2875,8.19,8.19,0,0
KGL_PE,D,20200330,000000,8.19,8.19,7.5075,7.5075,0,0
KGL_PE,D,20200331,000000,6.9225,8.19,6.9225,8.19,0,0
KGL_PE,D,20200401,000000,8.58,8.8725,8.58,8.8725,0,0
KGL_PE,D,20200402,000000,8.8725,8.8725,8.8725,8.8725,0,0
KGL_PE,D,20200403,000000,9.165,9.165,8.775,8.775,0,0
KGL_PE,D,20200406,000000,9.0675,9.0675,8.4825,8.4825,0,0
KGL_PE,D,20200407,000000,8.6775,8.8725,8.4825,8.4825,0,0
KGL_PE,D,20200408,000000,9.0675,9.0675,8.58,8.58,0,0
KGL_PE,D,20200409,000000,8.58,8.8725,8.58,8.8725,0,0
KGL_PE,D,20200414,000000,8.97,8.97,8.58,8.8725,0,0
KGL_PE,D,20200415,000000,8.97,8.97,8.6775,8.6775,0,0
KGL_PE,D,20200416,000000,9.0675,9.0675,9.0675,9.0675,0,0
KGL_PE,D,20200417,000000,9.0675,9.0675,8.8725,9.0675,0,0
KGL_PE,D,20200420,000000,9.0675,9.0675,8.8725,8.8725,0,0
KGL_PE,D,20200421,000000,9.0675,9.0675,8.775,8.775,0,0
KGL_PE,D,20200422,000000,9.0675,9.0675,8.8725,8.8725,0,0
KGL_PE,D,20200423,000000,9.0675,9.0675,9.0675,9.0675,0,0
KGL_PE,D,20200424,000000,9.0675,9.0675,8.775,8.8725,0,0
KGL_PE,D,20200427,000000,8.8725,9.0675,8.775,8.775,0,0
KGL_PE,D,20200428,000000,8.97,8.97,8.97,8.97,0,0
KGL_PE,D,20200429,000000,8.97,9.0675,8.775,8.97,0,0
KGL_PE,D,20200430,000000,9.4575,9.4575,8.6775,8.6775,0,0
KGL_PE,D,20200504,000000,8.8725,9.0675,7.41,7.41,0,0
KGL_PE,D,20200505,000000,7.5075,7.605,7.5075,7.5075,0,0
KGL_PE,D,20200506,000000,7.5075,8.2875,7.5075,8.0925,0,0
KGL_PE,D,20200507,000000,8.4825,8.4825,7.8975,7.995,0,0
KGL_PE,D,20200508,000000,7.995,7.995,7.8,7.8,0,0
KGL_PE,D,20200511,000000,7.8,7.8,7.7025,7.7025,0,0
KGL_PE,D,20200512,000000,7.605,7.8,7.605,7.8,0,0
KGL_PE,D,20200513,000000,7.8,8.19,7.8,8.0925,0,0
KGL_PE,D,20200514,000000,8.385,8.385,7.605,7.605,0,0
KGL_PE,D,20200515,000000,7.5075,7.8,7.5075,7.7025,0,0
KGL_PE,D,20200518,000000,7.7025,7.7025,7.7025,7.7025,0,0
KGL_PE,D,20200519,000000,7.8975,7.8975,7.5075,7.5075,0,0
KGL_PE,D,20200520,000000,7.7025,7.995,7.7025,7.8,0,0
KGL_PE,D,20200521,000000,8.0925,8.0925,7.995,7.995,0,0
KGL_PE,D,20200522,000000,7.995,7.995,7.605,7.7025,0,0
KGL_PE,D,20200525,000000,7.8975,7.8975,7.8975,7.8975,0,0
KGL_PE,D,20200526,000000,7.8975,8.0925,7.8975,7.995,0,0
KGL_PE,D,20200527,000000,7.8975,7.8975,7.605,7.8975,0,0
KGL_PE,D,20200528,000000,7.8975,8.2875,7.8975,7.8975,0,0
KGL_PE,D,20200529,000000,8.0925,8.0925,7.8975,7.8975,0,0
KGL_PE,D,20200601,000000,7.7025,8.58,7.7025,8.58,0,0
KGL_PE,D,20200602,000000,8.775,8.775,8.775,8.775,0,0
KGL_PE,D,20200603,000000,8.775,8.775,8.775,8.775,0,0
KGL_PE,D,20200604,000000,8.97,8.97,8.4825,8.58,0,0
KGL_PE,D,20200605,000000,8.8725,8.97,8.8725,8.97,0,0
KGL_PE,D,20200608,000000,8.97,8.97,8.6775,8.6775,0,0
KGL_PE,D,20200609,000000,8.97,8.97,8.4825,8.58,0,0
KGL_PE,D,20200610,000000,8.97,8.97,8.6775,8.6775,0,0
KGL_PE,D,20200612,000000,8.385,8.775,8.385,8.4825,0,0
KGL_PE,D,20200615,000000,8.775,8.775,8.6775,8.6775,0,0
KGL_PE,D,20200616,000000,8.6775,8.6775,8.6775,8.6775,0,0
KGL_PE,D,20200617,000000,8.6775,8.6775,8.385,8.385,0,0
KGL_PE,D,20200618,000000,8.775,8.775,8.385,8.385,0,0
KGL_PE,D,20200619,000000,8.775,8.775,8.6775,8.6775,0,0
KGL_PE,D,20200622,000000,8.6775,8.6775,8.385,8.6775,0,0
KGL_PE,D,20200623,000000,8.6775,8.6775,8.6775,8.6775,0,0
KGL_PE,D,20200624,000000,9.2,9.2,8.9,8.9,0,0
KGL_PE,D,20200625,000000,8.9,8.9,8.6,8.8,0,0
KGL_PE,D,20200626,000000,8.9,8.9,8.6,8.7,0,0
KGL_PE,D,20200629,000000,9,9,8.5,8.5,0,0
KGL_PE,D,20200630,000000,8.9,8.9,8.9,8.9,0,0
KGL_PE,D,20200701,000000,8.9,8.9,8.9,8.9,0,0
KGL_PE,D,20200702,000000,8.9,9,8.6,8.7,0,0
KGL_PE,D,20200703,000000,9.1,9.1,8.8,8.8,0,0
KGL_PE,D,20200706,000000,8.9,8.9,8.6,8.8,0,0
KGL_PE,D,20200707,000000,8.9,8.9,8.6,8.9,0,0
KGL_PE,D,20200708,000000,8.9,9.4,8.8,8.9,0,0
KGL_PE,D,20200709,000000,9,9.4,9,9.2,0,0
KGL_PE,D,20200710,000000,9.2,9.2,8.8,8.8,0,0
KGL_PE,D,20200713,000000,8.8,8.8,8.7,8.8,0,0
KGL_PE,D,20200714,000000,8.8,9.5,8.6,8.8,0,0
KGL_PE,D,20200715,000000,9.2,9.2,8.8,8.9,0,0
KGL_PE,D,20200716,000000,9,9,8.8,8.9,0,0
KGL_PE,D,20200717,000000,9.1,9.1,8.8,8.8,0,0
KGL_PE,D,20200720,000000,8.9,8.9,8.7,8.8,0,0
KGL_PE,D,20200721,000000,8.9,8.9,8.7,8.8,0,0
KGL_PE,D,20200722,000000,8.9,8.9,8.7,8.8,0,0
KGL_PE,D,20200723,000000,8.7,8.8,8.5,8.8,0,0
KGL_PE,D,20200724,000000,8.8,8.8,8.5,8.7,0,0
KGL_PE,D,20200727,000000,8.8,8.8,8.6,8.6,0,0
KGL_PE,D,20200728,000000,8.8,8.9,8.6,8.6,0,0
KGL_PE,D,20200729,000000,8.9,8.9,8.6,8.8,0,0
KGL_PE,D,20200730,000000,8.8,8.8,8.5,8.5,0,0
KGL_PE,D,20200731,000000,8.9,8.9,8.5,8.8,0,0
KGL_PE,D,20200803,000000,8.8,9.2,8.7,9.2,0,0
KGL_PE,D,20200804,000000,9.2,9.3,9.1,9.2,0,0
KGL_PE,D,20200805,000000,9.2,9.2,9,9.2,0,0
KGL_PE,D,20200806,000000,9.2,9.2,9.1,9.1,0,0
KGL_PE,D,20200807,000000,9.3,9.5,9.1,9.1,0,0
KGL_PE,D,20200810,000000,9.3,9.5,9.1,9.2,0,0
KGL_PE,D,20200811,000000,9.5,9.5,9.1,9.1,0,0
KGL_PE,D,20200812,000000,9.4,9.4,9.1,9.1,0,0
KGL_PE,D,20200813,000000,9.4,9.4,9,9.2,0,0
KGL_PE,D,20200814,000000,9.3,9.3,9,9,0,0
KGL_PE,D,20200817,000000,9.2,9.3,9.2,9.3,0,0
KGL_PE,D,20200818,000000,9.3,9.5,9.3,9.4,0,0
KGL_PE,D,20200819,000000,9.4,9.7,9.4,9.5,0,0
KGL_PE,D,20200820,000000,9.4,9.5,9.4,9.5,0,0
KGL_PE,D,20200821,000000,9.7,9.7,9.5,9.5,0,0
