<TICKER>,<PER>,<DATE>,<TIME>,<OPEN>,<HIGH>,<LOW>,<CLOSE>,<VOL>,<OPENINT>
KVT_PE,D,20151216,000000,6.6866,6.6866,6.6866,6.6866,0,0
KVT_PE,D,20151217,000000,6.3958,6.9045,6.3958,6.9045,0,0
KVT_PE,D,20151218,000000,6.9045,7.0499,6.6866,6.6866,0,0
KVT_PE,D,20151221,000000,6.5412,6.9045,6.5412,6.9045,0,0
KVT_PE,D,20151222,000000,6.9773,6.9773,6.9045,6.9045,0,0
KVT_PE,D,20151223,000000,6.9045,6.9045,6.7593,6.9045,0,0
KVT_PE,D,20151228,000000,6.9045,6.9045,6.7593,6.8318,0,0
KVT_PE,D,20151229,000000,6.8318,6.8318,6.6866,6.8318,0,0
KVT_PE,D,20151230,000000,6.8318,6.9045,6.6866,6.9045,0,0
KVT_PE,D,20160104,000000,6.9045,6.9045,6.8318,6.9045,0,0
KVT_PE,D,20160105,000000,6.9045,7.922,6.8318,7.922,0,0
KVT_PE,D,20160107,000000,7.922,7.922,7.7765,7.922,0,0
KVT_PE,D,20160108,000000,7.922,7.922,7.922,7.922,0,0
KVT_PE,D,20160111,000000,7.9952,7.9952,7.5588,7.5588,0,0
KVT_PE,D,20160112,000000,7.5588,7.6315,7.268,7.413,0,0
KVT_PE,D,20160113,000000,7.486,7.486,7.486,7.486,0,0
KVT_PE,D,20160114,000000,7.486,7.486,6.9773,6.9773,0,0
KVT_PE,D,20160115,000000,6.9773,6.9773,6.8318,6.8318,0,0
KVT_PE,D,20160118,000000,6.8318,6.8318,6.5412,6.5412,0,0
KVT_PE,D,20160119,000000,6.6138,6.6138,6.5412,6.5412,0,0
KVT_PE,D,20160120,000000,6.5412,6.5412,6.1777,6.1777,0,0
KVT_PE,D,20160121,000000,6.3231,6.3231,5.887,6.1777,0,0
KVT_PE,D,20160122,000000,6.1777,6.1777,6.1777,6.1777,0,0
KVT_PE,D,20160125,000000,5.9598,6.0324,5.9598,6.0324,0,0
KVT_PE,D,20160126,000000,6.0324,6.1777,6.0324,6.1777,0,0
KVT_PE,D,20160127,000000,6.2504,6.6866,6.1777,6.6866,0,0
KVT_PE,D,20160128,000000,6.6138,7.1227,6.6138,7.1227,0,0
KVT_PE,D,20160129,000000,7.1227,7.1227,6.8318,7.0499,0,0
KVT_PE,D,20160201,000000,7.1227,7.1227,7.1227,7.1227,0,0
KVT_PE,D,20160202,000000,7.268,7.268,6.6138,6.6138,0,0
KVT_PE,D,20160203,000000,6.6866,6.6866,6.6866,6.6866,0,0
KVT_PE,D,20160204,000000,6.6138,6.6866,6.6138,6.6866,0,0
KVT_PE,D,20160205,000000,6.6866,6.6866,6.6138,6.6866,0,0
KVT_PE,D,20160208,000000,6.6138,6.6866,6.6138,6.6866,0,0
KVT_PE,D,20160209,000000,6.6866,7.0499,6.6866,7.0499,0,0
KVT_PE,D,20160210,000000,7.0499,7.0499,6.9773,6.9773,0,0
KVT_PE,D,20160211,000000,6.9773,6.9773,6.9773,6.9773,0,0
KVT_PE,D,20160212,000000,6.9773,6.9773,6.9773,6.9773,0,0
KVT_PE,D,20160215,000000,6.9773,6.9773,6.9773,6.9773,0,0
KVT_PE,D,20160216,000000,6.9773,6.9773,6.9773,6.9773,0,0
KVT_PE,D,20160217,000000,6.9773,6.9773,6.9773,6.9773,0,0
KVT_PE,D,20160218,000000,6.9773,6.9773,6.7593,6.7593,0,0
KVT_PE,D,20160219,000000,6.7593,6.7593,6.7593,6.7593,0,0
KVT_PE,D,20160222,000000,6.7593,6.7593,6.6138,6.6138,0,0
KVT_PE,D,20160223,000000,6.6138,6.6138,6.6138,6.6138,0,0
KVT_PE,D,20160224,000000,6.6138,6.6138,6.6138,6.6138,0,0
KVT_PE,D,20160225,000000,6.6138,6.6138,6.5412,6.6138,0,0
KVT_PE,D,20160226,000000,6.6138,6.6138,6.6138,6.6138,0,0
KVT_PE,D,20160229,000000,6.6138,6.6866,6.4685,6.6866,0,0
KVT_PE,D,20160301,000000,6.6866,6.6866,6.6138,6.6138,0,0
KVT_PE,D,20160302,000000,6.6138,6.6866,6.6138,6.6866,0,0
KVT_PE,D,20160303,000000,6.6866,6.9045,6.6866,6.6866,0,0
KVT_PE,D,20160304,000000,6.6866,6.6866,6.4685,6.6138,0,0
KVT_PE,D,20160307,000000,6.6138,6.6866,6.6138,6.6866,0,0
KVT_PE,D,20160308,000000,6.4685,6.6866,6.4685,6.5412,0,0
KVT_PE,D,20160309,000000,6.4685,6.4685,6.4685,6.4685,0,0
KVT_PE,D,20160310,000000,6.4685,6.7593,6.4685,6.7593,0,0
KVT_PE,D,20160311,000000,6.5412,6.7593,6.5412,6.7593,0,0
KVT_PE,D,20160314,000000,6.9773,6.9773,6.8318,6.8318,0,0
KVT_PE,D,20160315,000000,6.9773,7.0499,6.8318,6.9773,0,0
KVT_PE,D,20160316,000000,7.0499,7.0499,6.9773,6.9773,0,0
KVT_PE,D,20160317,000000,6.9773,6.9773,6.8318,6.9045,0,0
KVT_PE,D,20160318,000000,6.9045,6.9045,6.9045,6.9045,0,0
KVT_PE,D,20160321,000000,7.0499,7.0499,6.6866,6.6866,0,0
KVT_PE,D,20160322,000000,6.7593,6.7593,6.6138,6.6138,0,0
KVT_PE,D,20160323,000000,6.7593,6.7593,6.4685,6.4685,0,0
KVT_PE,D,20160324,000000,6.9045,6.9045,6.2504,6.4685,0,0
KVT_PE,D,20160329,000000,6.4685,6.4685,6.3958,6.3958,0,0
KVT_PE,D,20160330,000000,6.4685,6.4685,6.4685,6.4685,0,0
KVT_PE,D,20160331,000000,6.5412,6.5412,6.4685,6.5412,0,0
KVT_PE,D,20160401,000000,6.5412,6.9045,6.3958,6.9045,0,0
KVT_PE,D,20160404,000000,6.9045,6.9045,6.9045,6.9045,0,0
KVT_PE,D,20160405,000000,6.8318,6.8318,6.6866,6.8318,0,0
KVT_PE,D,20160406,000000,6.7593,6.8318,6.7593,6.8318,0,0
KVT_PE,D,20160407,000000,6.8318,6.8318,6.7593,6.8318,0,0
KVT_PE,D,20160408,000000,6.7593,6.8318,6.7593,6.8318,0,0
KVT_PE,D,20160411,000000,6.8318,6.8318,6.6866,6.6866,0,0
KVT_PE,D,20160412,000000,6.6866,6.6866,6.6866,6.6866,0,0
KVT_PE,D,20160413,000000,6.6866,6.6866,6.6866,6.6866,0,0
KVT_PE,D,20160414,000000,6.6866,6.6866,6.6866,6.6866,0,0
KVT_PE,D,20160415,000000,6.3958,6.6866,6.3958,6.6866,0,0
KVT_PE,D,20160418,000000,6.6866,6.6866,6.6866,6.6866,0,0
KVT_PE,D,20160419,000000,6.9045,6.9773,6.8318,6.9773,0,0
KVT_PE,D,20160420,000000,6.9773,7.7765,6.9045,7.7765,0,0
KVT_PE,D,20160421,000000,7.704,7.704,7.5588,7.704,0,0
KVT_PE,D,20160422,000000,7.7765,7.7765,7.704,7.704,0,0
KVT_PE,D,20160425,000000,7.5588,7.6315,7.5588,7.6315,0,0
KVT_PE,D,20160426,000000,7.7765,7.7765,7.704,7.704,0,0
KVT_PE,D,20160427,000000,7.704,7.704,7.413,7.413,0,0
KVT_PE,D,20160428,000000,7.704,7.704,7.413,7.413,0,0
KVT_PE,D,20160429,000000,7.6315,7.6315,7.6315,7.6315,0,0
KVT_PE,D,20160502,000000,7.6315,7.6315,7.6315,7.6315,0,0
KVT_PE,D,20160504,000000,7.6315,7.8498,7.5588,7.8498,0,0
KVT_PE,D,20160505,000000,7.8498,7.8498,7.8498,7.8498,0,0
KVT_PE,D,20160506,000000,7.8498,7.8498,7.8498,7.8498,0,0
KVT_PE,D,20160509,000000,7.8498,7.8498,7.8498,7.8498,0,0
KVT_PE,D,20160510,000000,7.8498,7.8498,7.0499,7.413,0,0
KVT_PE,D,20160511,000000,7.413,7.413,7.413,7.413,0,0
KVT_PE,D,20160513,000000,7.8498,7.8498,7.486,7.5588,0,0
KVT_PE,D,20160516,000000,7.7765,7.7765,7.413,7.413,0,0
KVT_PE,D,20160517,000000,7.413,7.6315,7.413,7.6315,0,0
KVT_PE,D,20160518,000000,7.7765,7.7765,7.7765,7.7765,0,0
KVT_PE,D,20160519,000000,7.5588,7.5588,7.413,7.5588,0,0
KVT_PE,D,20160520,000000,7.413,7.5588,7.413,7.5588,0,0
KVT_PE,D,20160523,000000,7.7765,7.7765,7.3405,7.3405,0,0
KVT_PE,D,20160524,000000,7.5588,7.5588,7.1953,7.486,0,0
KVT_PE,D,20160525,000000,7.486,7.486,7.486,7.486,0,0
KVT_PE,D,20160527,000000,7.486,7.486,7.486,7.486,0,0
KVT_PE,D,20160530,000000,7.486,7.486,7.486,7.486,0,0
KVT_PE,D,20160531,000000,7.486,7.486,7.486,7.486,0,0
KVT_PE,D,20160601,000000,7.486,7.486,7.268,7.486,0,0
KVT_PE,D,20160602,000000,7.486,7.486,7.486,7.486,0,0
KVT_PE,D,20160603,000000,7.486,7.486,7.486,7.486,0,0
KVT_PE,D,20160606,000000,7.486,7.486,7.486,7.486,0,0
KVT_PE,D,20160607,000000,7.486,7.486,7.268,7.486,0,0
KVT_PE,D,20160608,000000,7.486,7.486,7.0499,7.0499,0,0
KVT_PE,D,20160609,000000,7.0499,7.1953,6.8318,6.8318,0,0
KVT_PE,D,20160610,000000,6.6866,6.9773,6.6866,6.9773,0,0
KVT_PE,D,20160613,000000,7.1953,7.1953,6.9045,6.9045,0,0
KVT_PE,D,20160614,000000,7.1953,7.1953,6.9045,6.9773,0,0
KVT_PE,D,20160615,000000,7.0499,7.0499,6.9773,6.9773,0,0
KVT_PE,D,20160616,000000,6.9773,7.1953,6.7593,7.1953,0,0
KVT_PE,D,20160617,000000,7.1953,7.1953,6.7593,6.7593,0,0
KVT_PE,D,20160620,000000,6.7593,6.7593,6.7593,6.7593,0,0
KVT_PE,D,20160621,000000,6.7593,6.7593,6.7593,6.7593,0,0
KVT_PE,D,20160622,000000,6.7593,6.7593,6.7593,6.7593,0,0
KVT_PE,D,20160623,000000,6.7593,7.1953,6.7593,7.1953,0,0
KVT_PE,D,20160624,000000,6.6866,6.9045,6.6138,6.9045,0,0
KVT_PE,D,20160627,000000,6.9045,6.9045,6.6866,6.9045,0,0
KVT_PE,D,20160628,000000,6.9045,6.9045,6.9045,6.9045,0,0
KVT_PE,D,20160629,000000,6.9045,6.9045,6.9045,6.9045,0,0
KVT_PE,D,20160630,000000,6.9045,7.0499,6.9045,7.0499,0,0
KVT_PE,D,20160701,000000,7.1953,7.3405,7.1953,7.3405,0,0
KVT_PE,D,20160704,000000,7.3405,7.3405,7.268,7.268,0,0
KVT_PE,D,20160705,000000,7.268,7.268,6.9773,7.1953,0,0
KVT_PE,D,20160706,000000,7.1953,7.1953,7.1953,7.1953,0,0
KVT_PE,D,20160707,000000,7.1953,7.1953,6.9045,7.1227,0,0
KVT_PE,D,20160708,000000,7.3405,7.3405,7.3405,7.3405,0,0
KVT_PE,D,20160711,000000,7.3405,7.3405,7.3405,7.3405,0,0
KVT_PE,D,20160712,000000,7.3405,7.3405,7.268,7.268,0,0
KVT_PE,D,20160713,000000,7.0499,7.1227,6.9045,6.9045,0,0
KVT_PE,D,20160714,000000,6.9045,7.1227,6.9045,6.9773,0,0
KVT_PE,D,20160715,000000,6.9045,7.268,6.9045,7.268,0,0
KVT_PE,D,20160718,000000,7.0499,7.3405,7.0499,7.3405,0,0
KVT_PE,D,20160719,000000,7.3405,7.486,7.3405,7.486,0,0
KVT_PE,D,20160720,000000,7.486,7.486,7.486,7.486,0,0
KVT_PE,D,20160721,000000,7.486,7.486,7.1953,7.486,0,0
KVT_PE,D,20160722,000000,7.486,7.486,7.1953,7.486,0,0
KVT_PE,D,20160725,000000,7.413,7.413,7.3405,7.413,0,0
KVT_PE,D,20160726,000000,7.3405,7.3405,7.3405,7.3405,0,0
KVT_PE,D,20160727,000000,7.3405,7.3405,7.1227,7.3405,0,0
KVT_PE,D,20160728,000000,7.3405,7.3405,7.1227,7.1227,0,0
KVT_PE,D,20160729,000000,7.0499,7.1227,7.0499,7.1227,0,0
KVT_PE,D,20160801,000000,7.1227,7.3405,7.1227,7.3405,0,0
KVT_PE,D,20160802,000000,7.3405,7.3405,7.3405,7.3405,0,0
KVT_PE,D,20160803,000000,7.3405,7.3405,7.3405,7.3405,0,0
KVT_PE,D,20160804,000000,7.3405,7.3405,7.1227,7.3405,0,0
KVT_PE,D,20160805,000000,7.3405,7.3405,7.1227,7.268,0,0
KVT_PE,D,20160808,000000,7.3405,7.3405,7.268,7.268,0,0
KVT_PE,D,20160809,000000,7.1953,7.3405,7.1953,7.3405,0,0
KVT_PE,D,20160810,000000,7.3405,7.413,7.3405,7.413,0,0
KVT_PE,D,20160811,000000,7.413,7.413,7.413,7.413,0,0
KVT_PE,D,20160812,000000,7.413,7.486,7.413,7.486,0,0
KVT_PE,D,20160816,000000,7.486,7.6315,7.486,7.6315,0,0
KVT_PE,D,20160817,000000,7.6315,7.6315,7.6315,7.6315,0,0
KVT_PE,D,20160818,000000,7.6315,7.6315,7.5588,7.6315,0,0
KVT_PE,D,20160819,000000,7.6315,7.6315,7.5588,7.6315,0,0
KVT_PE,D,20160822,000000,7.704,7.704,7.486,7.5588,0,0
KVT_PE,D,20160823,000000,7.6315,7.6315,7.268,7.413,0,0
KVT_PE,D,20160824,000000,7.6315,7.6315,7.413,7.413,0,0
KVT_PE,D,20160825,000000,7.6315,7.6315,7.5588,7.6315,0,0
KVT_PE,D,20160826,000000,7.6315,7.6315,7.3405,7.6315,0,0
KVT_PE,D,20160829,000000,7.6315,7.6315,7.6315,7.6315,0,0
KVT_PE,D,20160830,000000,7.6315,7.6315,7.6315,7.6315,0,0
KVT_PE,D,20160831,000000,7.5588,7.5588,7.5588,7.5588,0,0
KVT_PE,D,20160901,000000,7.5588,7.5588,7.5588,7.5588,0,0
KVT_PE,D,20160902,000000,7.5588,7.6315,7.5588,7.6315,0,0
KVT_PE,D,20160905,000000,7.6315,7.6315,7.486,7.486,0,0
KVT_PE,D,20160906,000000,7.486,7.486,7.486,7.486,0,0
KVT_PE,D,20160907,000000,7.486,7.486,7.3405,7.486,0,0
KVT_PE,D,20160908,000000,7.486,7.486,7.3405,7.486,0,0
KVT_PE,D,20160909,000000,7.486,7.486,7.413,7.486,0,0
KVT_PE,D,20160912,000000,7.5588,7.5588,7.413,7.5588,0,0
KVT_PE,D,20160913,000000,7.6315,7.6315,7.5588,7.5588,0,0
KVT_PE,D,20160914,000000,7.5588,7.6315,7.486,7.486,0,0
KVT_PE,D,20160915,000000,7.3665,7.4441,7.3665,7.4441,0,0
KVT_PE,D,20160916,000000,7.4441,7.5216,7.4441,7.5216,0,0
KVT_PE,D,20160919,000000,7.6769,7.6769,7.6769,7.6769,0,0
KVT_PE,D,20160920,000000,7.6769,7.6769,7.4441,7.6769,0,0
KVT_PE,D,20160921,000000,7.6769,7.6769,7.5987,7.5987,0,0
KVT_PE,D,20160922,000000,7.6769,7.6769,7.4441,7.4441,0,0
KVT_PE,D,20160923,000000,7.5987,7.5987,7.4441,7.5987,0,0
KVT_PE,D,20160926,000000,7.5987,7.5987,7.5987,7.5987,0,0
KVT_PE,D,20160927,000000,7.5987,7.5987,7.5987,7.5987,0,0
KVT_PE,D,20160928,000000,7.5987,7.5987,7.5987,7.5987,0,0
KVT_PE,D,20160929,000000,7.5987,7.5987,7.3665,7.5987,0,0
KVT_PE,D,20160930,000000,7.5987,7.5987,7.5216,7.5216,0,0
KVT_PE,D,20161003,000000,7.5216,7.5216,7.289,7.5216,0,0
KVT_PE,D,20161004,000000,7.5216,7.6769,7.134,7.6769,0,0
KVT_PE,D,20161005,000000,7.7542,7.7542,7.7542,7.7542,0,0
KVT_PE,D,20161006,000000,7.7542,7.7542,7.5216,7.5987,0,0
KVT_PE,D,20161007,000000,7.5987,7.5987,7.5987,7.5987,0,0
KVT_PE,D,20161010,000000,7.5987,7.5987,7.2114,7.3665,0,0
KVT_PE,D,20161011,000000,7.6769,7.6769,7.5987,7.5987,0,0
KVT_PE,D,20161012,000000,7.2114,7.3665,7.134,7.3665,0,0
KVT_PE,D,20161013,000000,7.5216,7.5216,7.3665,7.3665,0,0
KVT_PE,D,20161014,000000,7.3665,7.3665,7.0564,7.3665,0,0
KVT_PE,D,20161017,000000,7.3665,7.3665,7.3665,7.3665,0,0
KVT_PE,D,20161018,000000,7.3665,7.3665,7.289,7.289,0,0
KVT_PE,D,20161019,000000,7.289,7.289,6.9013,6.9013,0,0
KVT_PE,D,20161020,000000,6.9013,7.2114,6.9013,7.2114,0,0
KVT_PE,D,20161021,000000,7.2114,7.2114,7.134,7.134,0,0
KVT_PE,D,20161024,000000,7.134,7.134,7.134,7.134,0,0
KVT_PE,D,20161025,000000,7.134,7.134,6.9013,7.134,0,0
KVT_PE,D,20161026,000000,7.134,7.134,7.134,7.134,0,0
KVT_PE,D,20161027,000000,7.134,7.134,7.134,7.134,0,0
KVT_PE,D,20161028,000000,7.134,7.134,6.9013,6.9789,0,0
KVT_PE,D,20161031,000000,7.134,7.134,7.134,7.134,0,0
KVT_PE,D,20161102,000000,7.134,7.134,6.9013,6.9013,0,0
KVT_PE,D,20161103,000000,6.9013,7.134,6.9013,7.134,0,0
KVT_PE,D,20161104,000000,7.134,7.134,6.9013,6.9013,0,0
KVT_PE,D,20161107,000000,7.134,7.134,7.134,7.134,0,0
KVT_PE,D,20161108,000000,7.134,7.134,7.0564,7.0564,0,0
KVT_PE,D,20161109,000000,6.9013,6.9013,6.9013,6.9013,0,0
KVT_PE,D,20161110,000000,6.9013,7.0564,6.9013,7.0564,0,0
KVT_PE,D,20161114,000000,7.0564,7.0564,6.9013,6.9013,0,0
KVT_PE,D,20161115,000000,6.591,6.7462,6.4359,6.7462,0,0
KVT_PE,D,20161116,000000,6.7462,6.9789,6.7462,6.9013,0,0
KVT_PE,D,20161117,000000,6.9013,6.9013,6.4359,6.591,0,0
KVT_PE,D,20161118,000000,6.8238,10.701,6.4359,10.701,0,0
KVT_PE,D,20161121,000000,10.779,10.779,10.701,10.779,0,0
KVT_PE,D,20161122,000000,11.244,11.244,11.244,11.244,0,0
KVT_PE,D,20161123,000000,11.244,11.244,11.244,11.244,0,0
KVT_PE,D,20161124,000000,11.244,11.244,10.701,10.701,0,0
KVT_PE,D,20161125,000000,10.701,10.701,10.158,10.235,0,0
KVT_PE,D,20161128,000000,10.158,10.313,10.158,10.313,0,0
KVT_PE,D,20161129,000000,11.244,11.244,10.391,10.391,0,0
KVT_PE,D,20161130,000000,11.166,11.166,10.701,10.779,0,0
KVT_PE,D,20161201,000000,10.856,10.856,10.779,10.779,0,0
KVT_PE,D,20161202,000000,10.856,10.856,10.856,10.856,0,0
KVT_PE,D,20161205,000000,10.391,10.701,10.391,10.701,0,0
KVT_PE,D,20161206,000000,10.701,10.701,10.623,10.623,0,0
KVT_PE,D,20161207,000000,10.546,10.546,10.546,10.546,0,0
KVT_PE,D,20161208,000000,10.546,10.546,10.313,10.313,0,0
KVT_PE,D,20161209,000000,10.546,10.546,10.468,10.468,0,0
KVT_PE,D,20161212,000000,10.468,10.468,10.468,10.468,0,0
KVT_PE,D,20161213,000000,10.468,10.468,9.77,9.849,0,0
KVT_PE,D,20161214,000000,9.77,9.926,9.77,9.926,0,0
KVT_PE,D,20161215,000000,9.849,9.849,9.849,9.849,0,0
KVT_PE,D,20161216,000000,9.77,9.849,9.77,9.849,0,0
KVT_PE,D,20161219,000000,9.77,9.77,9.537,9.616,0,0
KVT_PE,D,20161220,000000,9.616,9.616,8.6842,8.6842,0,0
KVT_PE,D,20161221,000000,8.6068,8.6068,8.3747,8.6068,0,0
KVT_PE,D,20161222,000000,8.6068,8.6068,8.0643,8.0643,0,0
KVT_PE,D,20161223,000000,8.0643,8.2973,8.0643,8.2199,0,0
KVT_PE,D,20161227,000000,8.2199,8.2199,8.1417,8.2199,0,0
KVT_PE,D,20161228,000000,8.1417,8.2199,7.8316,8.1417,0,0
KVT_PE,D,20161229,000000,8.1417,8.6068,7.9869,8.6068,0,0
KVT_PE,D,20161230,000000,8.6842,8.9172,8.6842,8.8398,0,0
KVT_PE,D,20170102,000000,8.8398,8.9947,8.8398,8.9947,0,0
KVT_PE,D,20170103,000000,8.9947,8.9947,8.9172,8.9172,0,0
KVT_PE,D,20170104,000000,9.1498,9.3828,8.9172,9.3828,0,0
KVT_PE,D,20170105,000000,9.3828,9.3828,9.3828,9.3828,0,0
KVT_PE,D,20170109,000000,9.3828,9.3828,9.2278,9.3828,0,0
KVT_PE,D,20170110,000000,9.3828,9.3828,9.3828,9.3828,0,0
KVT_PE,D,20170111,000000,9.2278,9.3828,9.2278,9.3828,0,0
KVT_PE,D,20170112,000000,9.3828,9.3828,9.1498,9.3828,0,0
KVT_PE,D,20170113,000000,9.3828,9.3828,9.3828,9.3828,0,0
KVT_PE,D,20170116,000000,9.3828,9.3828,9.3828,9.3828,0,0
KVT_PE,D,20170117,000000,9.1498,9.3048,8.9172,9.2278,0,0
KVT_PE,D,20170118,000000,9.2278,9.3048,9.2278,9.2278,0,0
KVT_PE,D,20170119,000000,9.3048,9.3048,9.2278,9.2278,0,0
KVT_PE,D,20170120,000000,9.3828,9.3828,9.2278,9.2278,0,0
KVT_PE,D,20170123,000000,9.2278,9.2278,9.1498,9.2278,0,0
KVT_PE,D,20170124,000000,9.2278,9.2278,9.2278,9.2278,0,0
KVT_PE,D,20170125,000000,9.2278,9.2278,9.1498,9.1498,0,0
KVT_PE,D,20170126,000000,8.9172,9.1498,8.9172,9.0727,0,0
KVT_PE,D,20170127,000000,9.0727,9.0727,8.9947,8.9947,0,0
KVT_PE,D,20170130,000000,9.0727,9.0727,9.0727,9.0727,0,0
KVT_PE,D,20170131,000000,9.2278,9.2278,9.2278,9.2278,0,0
KVT_PE,D,20170201,000000,9.2278,9.2278,8.9947,9.2278,0,0
KVT_PE,D,20170202,000000,9.2278,9.2278,9.1498,9.2278,0,0
KVT_PE,D,20170203,000000,9.2278,9.2278,9.1498,9.2278,0,0
KVT_PE,D,20170206,000000,9.2278,9.2278,8.6068,9.1498,0,0
KVT_PE,D,20170207,000000,9.2278,9.2278,9.1498,9.1498,0,0
KVT_PE,D,20170208,000000,9.1498,9.1498,8.6842,9.0727,0,0
KVT_PE,D,20170209,000000,9.0727,9.0727,8.7624,9.0727,0,0
KVT_PE,D,20170210,000000,9.0727,9.0727,9.0727,9.0727,0,0
KVT_PE,D,20170213,000000,9.0727,9.0727,8.6842,8.6842,0,0
KVT_PE,D,20170214,000000,8.6842,8.8398,8.2973,8.8398,0,0
KVT_PE,D,20170215,000000,8.9172,8.9172,8.8398,8.8398,0,0
KVT_PE,D,20170216,000000,8.8398,8.8398,8.6068,8.6068,0,0
KVT_PE,D,20170217,000000,8.6068,8.6068,8.6068,8.6068,0,0
KVT_PE,D,20170220,000000,8.6842,8.6842,8.5294,8.6068,0,0
KVT_PE,D,20170221,000000,8.6068,8.6068,8.5294,8.6068,0,0
KVT_PE,D,20170222,000000,8.6068,8.6068,8.2973,8.2973,0,0
KVT_PE,D,20170223,000000,8.5294,8.5294,8.0643,8.2973,0,0
KVT_PE,D,20170224,000000,8.2973,8.2973,8.2973,8.2973,0,0
KVT_PE,D,20170227,000000,8.2973,8.2973,8.1417,8.2199,0,0
KVT_PE,D,20170228,000000,8.2199,8.2199,8.0643,8.2199,0,0
KVT_PE,D,20170301,000000,8.2199,8.2973,8.2199,8.2973,0,0
KVT_PE,D,20170302,000000,8.2973,8.3747,8.0643,8.3747,0,0
KVT_PE,D,20170303,000000,8.6068,8.6068,8.2199,8.5294,0,0
KVT_PE,D,20170306,000000,8.5294,8.5294,8.5294,8.5294,0,0
KVT_PE,D,20170307,000000,8.5294,8.5294,8.2199,8.5294,0,0
KVT_PE,D,20170308,000000,8.5294,8.5294,8.2973,8.5294,0,0
KVT_PE,D,20170309,000000,8.5294,8.5294,8.5294,8.5294,0,0
KVT_PE,D,20170310,000000,8.5294,8.5294,8.2973,8.4529,0,0
KVT_PE,D,20170313,000000,8.5294,8.5294,8.2973,8.5294,0,0
KVT_PE,D,20170314,000000,8.5294,8.6068,8.5294,8.5294,0,0
KVT_PE,D,20170315,000000,8.5294,8.5294,8.2973,8.5294,0,0
KVT_PE,D,20170316,000000,8.5294,8.6068,8.5294,8.6068,0,0
KVT_PE,D,20170317,000000,8.6068,8.9172,8.6068,8.7624,0,0
KVT_PE,D,20170320,000000,8.7624,8.7624,8.6842,8.6842,0,0
KVT_PE,D,20170321,000000,8.2973,8.6842,8.2973,8.6842,0,0
KVT_PE,D,20170322,000000,8.6842,8.6842,8.6842,8.6842,0,0
KVT_PE,D,20170323,000000,8.6842,8.6842,8.6842,8.6842,0,0
KVT_PE,D,20170324,000000,8.6842,8.6842,8.6842,8.6842,0,0
KVT_PE,D,20170327,000000,8.6842,8.6842,8.6842,8.6842,0,0
KVT_PE,D,20170328,000000,8.6842,8.6842,8.6842,8.6842,0,0
KVT_PE,D,20170329,000000,8.6842,8.6842,8.6068,8.6068,0,0
KVT_PE,D,20170330,000000,8.6068,8.6068,8.6068,8.6068,0,0
KVT_PE,D,20170331,000000,8.6068,8.6068,8.2199,8.2199,0,0
KVT_PE,D,20170403,000000,8.2199,8.2199,8.0643,8.2199,0,0
KVT_PE,D,20170404,000000,8.2973,8.2973,7.9869,8.0643,0,0
KVT_PE,D,20170405,000000,8.3747,8.3747,7.7542,7.9095,0,0
KVT_PE,D,20170406,000000,8.3747,8.3747,7.9869,7.9869,0,0
KVT_PE,D,20170407,000000,8.1417,8.1417,7.9869,7.9869,0,0
KVT_PE,D,20170410,000000,8.1417,8.1417,7.9869,7.9869,0,0
KVT_PE,D,20170411,000000,8.1417,8.1417,7.9095,7.9869,0,0
KVT_PE,D,20170412,000000,8.1417,8.1417,7.9869,7.9869,0,0
KVT_PE,D,20170413,000000,7.9095,8.1417,7.9095,8.1417,0,0
KVT_PE,D,20170418,000000,8.1417,8.1417,7.9869,7.9869,0,0
KVT_PE,D,20170419,000000,8.1417,8.1417,7.9869,7.9869,0,0
KVT_PE,D,20170420,000000,7.9869,7.9869,7.6769,7.6769,0,0
KVT_PE,D,20170421,000000,8.0643,8.0643,7.6769,7.6769,0,0
KVT_PE,D,20170424,000000,8.0643,8.0643,7.8316,8.0643,0,0
KVT_PE,D,20170425,000000,7.9869,24.891,7.7542,24.891,0,0
KVT_PE,D,20170426,000000,24.968,24.968,23.806,24.891,0,0
KVT_PE,D,20170427,000000,24.891,24.891,24.735,24.735,0,0
KVT_PE,D,20170428,000000,24.968,24.968,24.735,24.735,0,0
KVT_PE,D,20170502,000000,23.806,24.735,23.806,24.735,0,0
KVT_PE,D,20170504,000000,24.735,24.735,24.735,24.735,0,0
KVT_PE,D,20170505,000000,24.735,24.735,24.735,24.735,0,0
KVT_PE,D,20170508,000000,24.735,24.735,23.806,24.503,0,0
KVT_PE,D,20170509,000000,24.735,24.735,24.115,24.115,0,0
KVT_PE,D,20170510,000000,24.115,24.115,23.806,24.115,0,0
KVT_PE,D,20170511,000000,24.115,24.115,23.573,23.573,0,0
KVT_PE,D,20170512,000000,23.573,23.573,22.643,23.418,0,0
KVT_PE,D,20170515,000000,23.418,23.418,22.332,23.263,0,0
KVT_PE,D,20170516,000000,23.418,23.418,23.263,23.263,0,0
KVT_PE,D,20170517,000000,23.263,23.263,22.332,22.332,0,0
KVT_PE,D,20170518,000000,23.418,23.418,21.325,22.254,0,0
KVT_PE,D,20170519,000000,23.418,23.418,21.557,22.254,0,0
KVT_PE,D,20170522,000000,23.418,23.418,23.418,23.418,0,0
KVT_PE,D,20170523,000000,23.418,28.38,23.418,28.38,0,0
KVT_PE,D,20170524,000000,28.38,28.38,28.302,28.302,0,0
KVT_PE,D,20170525,000000,28.302,28.302,26.519,26.519,0,0
KVT_PE,D,20170526,000000,28.069,28.069,26.054,28.069,0,0
KVT_PE,D,20170529,000000,28.069,28.069,26.054,26.752,0,0
KVT_PE,D,20170530,000000,27.683,27.683,26.054,26.132,0,0
KVT_PE,D,20170531,000000,26.054,26.83,25.899,26.83,0,0
KVT_PE,D,20170601,000000,26.519,26.519,25.899,25.899,0,0
KVT_PE,D,20170602,000000,26.674,26.752,25.821,26.752,0,0
KVT_PE,D,20170605,000000,26.674,26.752,26.674,26.752,0,0
KVT_PE,D,20170606,000000,26.83,26.83,26.752,26.752,0,0
KVT_PE,D,20170607,000000,26.752,26.752,25.821,26.752,0,0
KVT_PE,D,20170608,000000,26.752,26.752,25.821,26.752,0,0
KVT_PE,D,20170609,000000,26.752,26.752,26.752,26.752,0,0
KVT_PE,D,20170612,000000,26.519,26.519,25.821,26.519,0,0
KVT_PE,D,20170613,000000,26.519,26.519,26.519,26.519,0,0
KVT_PE,D,20170614,000000,25.821,25.899,25.821,25.899,0,0
KVT_PE,D,20170616,000000,25.821,26.674,25.821,26.674,0,0
KVT_PE,D,20170619,000000,26.597,26.674,25.899,26.674,0,0
KVT_PE,D,20170620,000000,26.674,26.674,25.899,26.674,0,0
KVT_PE,D,20170621,000000,26.674,26.674,25.899,26.674,0,0
KVT_PE,D,20170622,000000,26.674,28.768,26.597,28.69,0,0
KVT_PE,D,20170623,000000,29.155,29.62,29.001,29.62,0,0
KVT_PE,D,20170626,000000,29.698,29.698,29.388,29.466,0,0
KVT_PE,D,20170627,000000,28.38,29.388,28.148,29.311,0,0
KVT_PE,D,20170628,000000,29.311,29.311,28.069,29.234,0,0
KVT_PE,D,20170629,000000,29.155,29.234,29.155,29.234,0,0
KVT_PE,D,20170630,000000,29.311,29.311,26.364,26.984,0,0
KVT_PE,D,20170703,000000,26.984,28.148,26.984,28.148,0,0
KVT_PE,D,20170704,000000,28.935,29.892,28.456,29.732,0,0
KVT_PE,D,20170705,000000,29.653,30.45,29.573,29.732,0,0
KVT_PE,D,20170706,000000,29.812,31.246,29.732,31.246,0,0
KVT_PE,D,20170707,000000,31.406,31.406,31.406,31.406,0,0
KVT_PE,D,20170710,000000,31.406,31.485,31.406,31.485,0,0
KVT_PE,D,20170711,000000,31.485,31.485,30.768,30.768,0,0
KVT_PE,D,20170712,000000,30.529,31.485,30.37,31.485,0,0
KVT_PE,D,20170713,000000,31.485,31.485,31.485,31.485,0,0
KVT_PE,D,20170714,000000,31.326,31.326,31.326,31.326,0,0
KVT_PE,D,20170717,000000,31.326,31.326,30.29,31.326,0,0
KVT_PE,D,20170718,000000,31.326,32.363,31.326,32.363,0,0
KVT_PE,D,20170719,000000,32.363,32.363,32.363,32.363,0,0
KVT_PE,D,20170720,000000,32.761,32.761,32.761,32.761,0,0
KVT_PE,D,20170721,000000,33,33,30.29,30.29,0,0
KVT_PE,D,20170724,000000,28.855,29.095,25.986,27.819,0,0
KVT_PE,D,20170725,000000,29.254,29.254,27.101,27.58,0,0
KVT_PE,D,20170726,000000,27.58,27.58,26.145,27.58,0,0
KVT_PE,D,20170727,000000,27.261,27.261,25.427,26.624,0,0
KVT_PE,D,20170728,000000,26.624,26.624,25.348,25.348,0,0
KVT_PE,D,20170731,000000,25.427,25.427,25.427,25.427,0,0
KVT_PE,D,20170801,000000,24.232,25.427,24.232,25.427,0,0
KVT_PE,D,20170802,000000,24.072,25.427,24.072,25.427,0,0
KVT_PE,D,20170803,000000,25.427,25.427,25.427,25.427,0,0
KVT_PE,D,20170804,000000,24.232,24.232,23.196,23.276,0,0
KVT_PE,D,20170807,000000,23.754,23.754,23.037,23.595,0,0
KVT_PE,D,20170808,000000,23.116,23.595,23.116,23.595,0,0
KVT_PE,D,20170809,000000,23.595,23.595,23.595,23.595,0,0
KVT_PE,D,20170810,000000,23.595,23.595,23.116,23.595,0,0
KVT_PE,D,20170811,000000,23.595,23.595,23.116,23.116,0,0
KVT_PE,D,20170814,000000,23.595,23.595,23.116,23.116,0,0
KVT_PE,D,20170816,000000,23.595,23.595,22.717,22.717,0,0
KVT_PE,D,20170817,000000,22.637,22.797,22.637,22.797,0,0
KVT_PE,D,20170818,000000,23.674,23.674,23.595,23.595,0,0
KVT_PE,D,20170821,000000,22.637,22.637,22.637,22.637,0,0
KVT_PE,D,20170822,000000,23.595,23.595,22.637,22.637,0,0
KVT_PE,D,20170823,000000,23.515,23.515,22.239,22.797,0,0
KVT_PE,D,20170824,000000,23.674,23.674,22.398,23.116,0,0
KVT_PE,D,20170825,000000,23.595,23.595,22.877,23.595,0,0
KVT_PE,D,20170828,000000,23.116,23.116,23.116,23.116,0,0
KVT_PE,D,20170829,000000,22.637,22.637,22.159,22.557,0,0
KVT_PE,D,20170928,000000,22.557,22.557,22.557,22.557,0,0
KVT_PE,D,20171114,000000,35.87,35.87,35.87,35.87,0,0
KVT_PE,D,20171115,000000,33.877,37.543,32.761,37.543,0,0
KVT_PE,D,20171116,000000,43.442,43.442,43.362,43.362,0,0
KVT_PE,D,20171117,000000,43.362,46.789,43.362,46.312,0,0
KVT_PE,D,20171120,000000,46.232,46.312,46.232,46.312,0,0
KVT_PE,D,20171121,000000,46.072,46.232,45.993,45.993,0,0
KVT_PE,D,20171122,000000,45.674,45.993,41.29,41.45,0,0
KVT_PE,D,20171123,000000,43.283,43.283,38.899,41.131,0,0
KVT_PE,D,20171124,000000,40.094,43.681,40.094,43.681,0,0
KVT_PE,D,20171127,000000,45.515,45.515,42.326,42.406,0,0
KVT_PE,D,20171128,000000,43.522,43.522,41.529,43.522,0,0
KVT_PE,D,20171129,000000,43.522,43.522,42.406,43.522,0,0
KVT_PE,D,20171130,000000,43.522,48.384,43.522,48.384,0,0
KVT_PE,D,20171201,000000,48.942,48.942,46.471,48.464,0,0
KVT_PE,D,20171204,000000,48.464,48.464,46.072,46.789,0,0
KVT_PE,D,20171205,000000,46.789,46.789,45.355,45.355,0,0
KVT_PE,D,20171206,000000,45.674,45.674,45.116,45.674,0,0
KVT_PE,D,20171207,000000,45.355,45.355,44.08,45.116,0,0
KVT_PE,D,20171208,000000,45.674,47.269,45.116,47.269,0,0
KVT_PE,D,20171211,000000,47.269,47.269,45.037,45.116,0,0
KVT_PE,D,20171212,000000,45.116,47.269,43.84,47.269,0,0
KVT_PE,D,20171213,000000,47.269,47.269,47.269,47.269,0,0
KVT_PE,D,20171214,000000,47.269,47.269,47.269,47.269,0,0
KVT_PE,D,20171215,000000,48.862,48.942,48.862,48.942,0,0
KVT_PE,D,20171218,000000,47.269,48.942,45.674,45.674,0,0
KVT_PE,D,20171219,000000,45.674,45.674,44.08,44.558,0,0
KVT_PE,D,20171220,000000,44.558,45.595,43.043,44.558,0,0
KVT_PE,D,20171221,000000,45.116,45.116,42.406,42.486,0,0
KVT_PE,D,20171222,000000,42.486,45.595,41.609,42.964,0,0
KVT_PE,D,20171227,000000,45.595,45.595,41.131,41.131,0,0
KVT_PE,D,20171228,000000,40.811,41.29,40.811,41.29,0,0
KVT_PE,D,20171229,000000,39.616,43.522,39.616,43.522,0,0
KVT_PE,D,20180103,000000,44.479,44.479,44.479,44.479,0,0
KVT_PE,D,20180105,000000,46.232,46.869,44.479,46.869,0,0
KVT_PE,D,20180108,000000,47.508,50.935,47.508,50.935,0,0
KVT_PE,D,20180109,000000,50.457,55.319,50.058,55.239,0,0
KVT_PE,D,20180110,000000,54.602,65.921,54.602,64.406,0,0
KVT_PE,D,20180111,000000,65.043,65.043,58.268,58.268,0,0
KVT_PE,D,20180112,000000,58.109,60.899,55.876,56.515,0,0
KVT_PE,D,20180115,000000,57.391,57.391,54.124,55.876,0,0
KVT_PE,D,20180116,000000,55.876,55.876,53.964,53.964,0,0
KVT_PE,D,20180117,000000,59.145,59.145,57.631,57.631,0,0
KVT_PE,D,20180118,000000,57.631,57.631,55,56.116,0,0
KVT_PE,D,20180119,000000,54.362,56.754,54.362,56.754,0,0
KVT_PE,D,20180122,000000,56.754,56.754,56.515,56.515,0,0
KVT_PE,D,20180123,000000,56.515,56.754,56.116,56.116,0,0
KVT_PE,D,20180124,000000,56.754,61.775,56.515,61.775,0,0
KVT_PE,D,20180125,000000,64.565,64.565,58.268,58.268,0,0
KVT_PE,D,20180126,000000,58.109,58.109,55.876,55.876,0,0
KVT_PE,D,20180129,000000,58.109,58.109,57.391,57.391,0,0
KVT_PE,D,20180130,000000,56.754,57.232,56.116,57.232,0,0
KVT_PE,D,20180131,000000,56.116,60.5,56.116,60.5,0,0
KVT_PE,D,20180201,000000,59.624,64.565,59.624,64.565,0,0
KVT_PE,D,20180202,000000,64.167,64.167,62.014,63.529,0,0
KVT_PE,D,20180205,000000,62.014,63.529,60.899,61.138,0,0
KVT_PE,D,20180206,000000,61.138,61.138,55.638,57.87,0,0
KVT_PE,D,20180207,000000,57.87,57.87,57.87,57.87,0,0
KVT_PE,D,20180208,000000,57.391,57.391,55.478,55.478,0,0
KVT_PE,D,20180209,000000,56.356,56.356,55.478,56.356,0,0
KVT_PE,D,20180212,000000,54.362,56.356,54.362,56.356,0,0
KVT_PE,D,20180213,000000,56.356,56.356,54.362,56.356,0,0
KVT_PE,D,20180214,000000,56.356,56.356,56.116,56.116,0,0
KVT_PE,D,20180215,000000,53.805,54.602,53.805,54.602,0,0
KVT_PE,D,20180216,000000,54.362,54.362,52.29,54.283,0,0
KVT_PE,D,20180219,000000,54.362,54.362,53.805,54.283,0,0
KVT_PE,D,20180220,000000,54.044,54.362,54.044,54.362,0,0
KVT_PE,D,20180221,000000,53.247,54.362,53.247,53.327,0,0
KVT_PE,D,20180222,000000,56.435,56.435,54.362,54.362,0,0
KVT_PE,D,20180223,000000,54.602,56.356,54.602,56.356,0,0
KVT_PE,D,20180226,000000,54.283,54.362,54.283,54.362,0,0
KVT_PE,D,20180227,000000,56.356,56.356,53.805,53.805,0,0
KVT_PE,D,20180228,000000,54.602,54.602,53.805,54.602,0,0
KVT_PE,D,20180301,000000,56.356,56.356,54.362,54.362,0,0
KVT_PE,D,20180302,000000,53.805,53.805,52.29,53.805,0,0
KVT_PE,D,20180305,000000,53.247,54.362,52.29,54.362,0,0
KVT_PE,D,20180306,000000,56.356,56.356,54.362,56.356,0,0
KVT_PE,D,20180307,000000,55.478,56.356,52.449,55.478,0,0
KVT_PE,D,20180308,000000,54.602,55.478,54.602,54.602,0,0
KVT_PE,D,20180309,000000,56.356,56.356,56.356,56.356,0,0
KVT_PE,D,20180312,000000,56.356,56.356,52.847,54.602,0,0
KVT_PE,D,20180313,000000,54.362,54.602,51.095,51.095,0,0
KVT_PE,D,20180314,000000,51.095,54.841,51.095,54.841,0,0
KVT_PE,D,20180315,000000,55.638,65.283,55.638,63.051,0,0
KVT_PE,D,20180316,000000,63.051,64.167,61.536,61.536,0,0
KVT_PE,D,20180319,000000,64.167,64.167,63.928,63.928,0,0
KVT_PE,D,20180320,000000,63.529,63.529,61.297,61.297,0,0
KVT_PE,D,20180321,000000,61.297,61.297,59.385,59.385,0,0
KVT_PE,D,20180322,000000,61.536,61.536,61.536,61.536,0,0
KVT_PE,D,20180323,000000,63.928,63.928,61.536,61.536,0,0
KVT_PE,D,20180326,000000,62.174,64.167,62.174,64.167,0,0
KVT_PE,D,20180327,000000,63.051,63.051,9.884,9.884,0,0
KVT_PE,D,20180328,000000,9.884,9.884,9.884,9.884,0,0
KVT_PE,D,20180329,000000,10.203,10.203,9.645,10.043,0,0
KVT_PE,D,20180403,000000,10.203,10.203,10.123,10.123,0,0
KVT_PE,D,20180404,000000,9.964,9.964,9.0071,9.087,0,0
KVT_PE,D,20180405,000000,9.0071,9.565,9.0071,9.3257,0,0
KVT_PE,D,20180406,000000,9.3257,9.565,9.087,9.1669,0,0
KVT_PE,D,20180409,000000,9.1669,9.645,9.1669,9.645,0,0
KVT_PE,D,20180410,000000,9.724,9.724,9.724,9.724,0,0
KVT_PE,D,20180411,000000,9.884,9.884,9.087,9.087,0,0
KVT_PE,D,20180412,000000,8.6884,9.087,8.6884,9.087,0,0
KVT_PE,D,20180413,000000,9.087,9.3257,9.087,9.3257,0,0
KVT_PE,D,20180416,000000,9.3257,9.804,9.3257,9.804,0,0
KVT_PE,D,20180417,000000,9.804,9.884,9.804,9.884,0,0
KVT_PE,D,20180418,000000,9.804,9.884,9.804,9.884,0,0
KVT_PE,D,20180419,000000,9.4056,9.804,9.4056,9.804,0,0
KVT_PE,D,20180420,000000,9.804,9.804,9.804,9.804,0,0
KVT_PE,D,20180423,000000,9.804,9.804,9.804,9.804,0,0
KVT_PE,D,20180424,000000,9.804,9.804,9.804,9.804,0,0
KVT_PE,D,20180425,000000,9.804,9.804,9.804,9.804,0,0
KVT_PE,D,20180426,000000,9.804,9.964,9.804,9.964,0,0
KVT_PE,D,20180427,000000,9.964,9.964,9.964,9.964,0,0
KVT_PE,D,20180430,000000,9.964,9.964,9.4855,9.884,0,0
KVT_PE,D,20180502,000000,9.964,9.964,9.964,9.964,0,0
KVT_PE,D,20180507,000000,9.964,9.964,9.964,9.964,0,0
KVT_PE,D,20180508,000000,9.964,9.964,9.964,9.964,0,0
KVT_PE,D,20180509,000000,9.964,10.043,9.4855,10.043,0,0
KVT_PE,D,20180510,000000,10.043,10.043,9.4855,9.4855,0,0
KVT_PE,D,20180514,000000,9.4855,9.4855,9.0071,9.0071,0,0
KVT_PE,D,20180515,000000,9.0071,9.0071,8.9272,8.9272,0,0
KVT_PE,D,20180516,000000,8.9272,8.9272,8.8482,8.8482,0,0
KVT_PE,D,20180517,000000,8.8482,8.8482,8.8482,8.8482,0,0
KVT_PE,D,20180518,000000,9.2468,9.2468,8.4495,8.7683,0,0
KVT_PE,D,20180521,000000,8.8482,8.8482,8.4495,8.5287,0,0
KVT_PE,D,20180522,000000,8.7683,8.7683,8.4495,8.6085,0,0
KVT_PE,D,20180523,000000,8.7683,8.7683,8.4495,8.4495,0,0
KVT_PE,D,20180524,000000,8.6884,8.6884,7.6522,7.6522,0,0
KVT_PE,D,20180525,000000,7.6522,7.6522,7.2536,7.413,0,0
KVT_PE,D,20180528,000000,7.6522,7.6522,7.2536,7.2536,0,0
KVT_PE,D,20180529,000000,7.174,7.6522,6.616,6.7754,0,0
KVT_PE,D,20180530,000000,6.6957,6.9348,6.6957,6.6957,0,0
KVT_PE,D,20180601,000000,6.616,6.616,6.5363,6.5363,0,0
KVT_PE,D,20180604,000000,6.6957,6.7754,6.6957,6.7754,0,0
KVT_PE,D,20180605,000000,6.7754,6.7754,6.6957,6.6957,0,0
KVT_PE,D,20180606,000000,6.6957,6.6957,6.6957,6.6957,0,0
KVT_PE,D,20180607,000000,6.6957,6.6957,6.5363,6.5363,0,0
KVT_PE,D,20180608,000000,6.5363,7.5725,6.5363,7.5725,0,0
KVT_PE,D,20180611,000000,7.8117,8.5287,7.8117,8.4495,0,0
KVT_PE,D,20180612,000000,7.8914,7.8914,7.6522,7.8117,0,0
KVT_PE,D,20180613,000000,7.8914,7.8914,7.2536,7.2536,0,0
KVT_PE,D,20180614,000000,7.174,7.3333,6.9348,7.3333,0,0
KVT_PE,D,20180615,000000,7.6522,8.2099,7.174,8.2099,0,0
KVT_PE,D,20180618,000000,8.1308,8.4495,7.5725,8.4495,0,0
KVT_PE,D,20180619,000000,8.4495,8.7683,8.2898,8.7683,0,0
KVT_PE,D,20180620,000000,8.7683,8.7683,8.051,8.7683,0,0
KVT_PE,D,20180621,000000,8.6085,8.7683,8.3696,8.7683,0,0
KVT_PE,D,20180622,000000,8.7683,8.7683,8.4495,8.7683,0,0
KVT_PE,D,20180625,000000,9.3257,9.3257,8.7683,8.7683,0,0
KVT_PE,D,20180626,000000,8.4495,8.7683,8.3696,8.7683,0,0
KVT_PE,D,20180627,000000,8.7683,8.7683,8.4495,8.7683,0,0
KVT_PE,D,20180628,000000,8.7683,9.2468,8.7683,9.2468,0,0
KVT_PE,D,20180629,000000,9.2468,9.4056,8.7683,9.1669,0,0
KVT_PE,D,20180702,000000,9.1669,9.1669,8.7683,9.1669,0,0
KVT_PE,D,20180703,000000,9.1669,9.4056,8.9272,9.4056,0,0
KVT_PE,D,20180704,000000,9.4056,9.4056,8.9272,9.0071,0,0
KVT_PE,D,20180705,000000,9.0071,9.4056,8.5287,9.4056,0,0
KVT_PE,D,20180706,000000,8.9272,9.4056,8.5287,9.4056,0,0
KVT_PE,D,20180709,000000,9.4056,9.804,9.2468,9.804,0,0
KVT_PE,D,20180710,000000,9.804,9.804,9.645,9.645,0,0
KVT_PE,D,20180711,000000,9.645,9.884,9.645,9.884,0,0
KVT_PE,D,20180712,000000,9.884,9.884,9.087,9.884,0,0
KVT_PE,D,20180713,000000,9.645,9.804,9.565,9.804,0,0
KVT_PE,D,20180716,000000,9.724,9.724,9.1669,9.4855,0,0
KVT_PE,D,20180717,000000,9.4855,9.565,8.9272,9.565,0,0
KVT_PE,D,20180718,000000,9.087,9.565,8.9272,9.4855,0,0
KVT_PE,D,20180719,000000,9.2468,9.2468,8.8482,9.1669,0,0
KVT_PE,D,20180720,000000,9.4855,9.964,8.8482,9.884,0,0
KVT_PE,D,20180723,000000,9.3257,10.043,9.3257,9.964,0,0
KVT_PE,D,20180724,000000,9.4855,9.724,9.3257,9.724,0,0
KVT_PE,D,20180725,000000,9.3257,9.884,9.3257,9.804,0,0
KVT_PE,D,20180726,000000,9.3257,9.3257,9.3257,9.3257,0,0
KVT_PE,D,20180727,000000,9.724,9.724,9.0071,9.724,0,0
KVT_PE,D,20180730,000000,9.565,10.123,9.2468,10.123,0,0
KVT_PE,D,20180731,000000,10.123,10.123,9.645,9.964,0,0
KVT_PE,D,20180801,000000,9.565,9.964,9.565,9.964,0,0
KVT_PE,D,20180802,000000,9.565,10.043,9.565,10.043,0,0
KVT_PE,D,20180803,000000,10.043,10.282,9.804,10.282,0,0
KVT_PE,D,20180806,000000,10.282,10.921,10.282,10.841,0,0
KVT_PE,D,20180807,000000,10.841,10.921,10.362,10.921,0,0
KVT_PE,D,20180808,000000,10.521,10.921,10.521,10.921,0,0
KVT_PE,D,20180809,000000,10.761,11.319,10.761,11.08,0,0
KVT_PE,D,20180810,000000,10.841,11.399,10.761,11.319,0,0
KVT_PE,D,20180813,000000,10.761,11.399,10.761,11.399,0,0
KVT_PE,D,20180814,000000,11.239,11.239,11.16,11.16,0,0
KVT_PE,D,20180816,000000,11.479,11.479,11.16,11.16,0,0
KVT_PE,D,20180817,000000,11.16,11.558,10.841,11.08,0,0
KVT_PE,D,20180820,000000,11.319,11.319,10.681,11.08,0,0
KVT_PE,D,20180821,000000,11.08,11.08,10.681,11,0,0
KVT_PE,D,20180822,000000,11,11.16,10.601,11,0,0
KVT_PE,D,20180823,000000,10.601,10.761,10.601,10.761,0,0
KVT_PE,D,20180824,000000,10.761,10.761,10.761,10.761,0,0
KVT_PE,D,20180827,000000,10.761,10.761,10.761,10.761,0,0
KVT_PE,D,20180828,000000,10.601,10.921,10.123,10.921,0,0
KVT_PE,D,20180829,000000,10.761,11.399,10.521,11.399,0,0
KVT_PE,D,20180830,000000,11.638,11.797,10.921,11.797,0,0
KVT_PE,D,20180831,000000,11.718,11.718,11.08,11.638,0,0
KVT_PE,D,20180903,000000,11.239,11.638,10.761,11.638,0,0
KVT_PE,D,20180904,000000,11.638,11.638,11,11.558,0,0
KVT_PE,D,20180905,000000,11.638,11.638,11.08,11.239,0,0
KVT_PE,D,20180906,000000,10.841,11.399,10.841,11.399,0,0
KVT_PE,D,20180907,000000,11.638,11.638,11,11,0,0
KVT_PE,D,20180910,000000,11,11.797,11,11.08,0,0
KVT_PE,D,20180911,000000,11.08,11.08,10.761,11,0,0
KVT_PE,D,20180912,000000,10.761,11.558,10.761,11.558,0,0
KVT_PE,D,20180913,000000,11.479,11.558,11,11.558,0,0
KVT_PE,D,20180914,000000,11.877,11.877,10.681,11.16,0,0
KVT_PE,D,20180917,000000,10.841,11.16,10.681,10.761,0,0
KVT_PE,D,20180918,000000,10.921,11.239,10.123,10.921,0,0
KVT_PE,D,20180919,000000,10.921,10.921,10.521,10.921,0,0
KVT_PE,D,20180920,000000,11.239,11.239,10.441,10.521,0,0
KVT_PE,D,20180921,000000,10.681,10.681,10.043,10.521,0,0
KVT_PE,D,20180924,000000,10.441,10.441,10.043,10.441,0,0
KVT_PE,D,20180925,000000,10.441,10.761,10.043,10.761,0,0
KVT_PE,D,20180926,000000,10.601,10.601,10.123,10.362,0,0
KVT_PE,D,20180927,000000,10.401,10.651,10.401,10.651,0,0
KVT_PE,D,20180928,000000,10.485,10.818,10.485,10.818,0,0
KVT_PE,D,20181001,000000,10.818,10.818,10.319,10.818,0,0
KVT_PE,D,20181002,000000,10.319,10.818,10.319,10.818,0,0
KVT_PE,D,20181003,000000,10.818,10.818,10.319,10.568,0,0
KVT_PE,D,20181004,000000,10.734,10.734,10.235,10.734,0,0
KVT_PE,D,20181005,000000,10.734,10.734,10.235,10.401,0,0
KVT_PE,D,20181008,000000,10.235,10.401,9.986,10.401,0,0
KVT_PE,D,20181009,000000,10.401,10.401,10.152,10.319,0,0
KVT_PE,D,20181010,000000,10.235,10.235,10.068,10.235,0,0
KVT_PE,D,20181011,000000,10.068,10.401,10.068,10.401,0,0
KVT_PE,D,20181012,000000,10.401,10.401,10.235,10.401,0,0
KVT_PE,D,20181015,000000,9.986,10.401,9.1536,10.401,0,0
KVT_PE,D,20181016,000000,9.569,10.651,9.569,10.651,0,0
KVT_PE,D,20181017,000000,9.902,11.4,9.902,10.818,0,0
KVT_PE,D,20181018,000000,10.401,10.901,10.401,10.901,0,0
KVT_PE,D,20181019,000000,10.485,10.485,9.986,10.401,0,0
KVT_PE,D,20181022,000000,9.986,10.485,9.986,10.485,0,0
KVT_PE,D,20181023,000000,10.485,10.485,10.068,10.401,0,0
KVT_PE,D,20181024,000000,9.986,10.485,9.986,10.485,0,0
KVT_PE,D,20181025,000000,10.485,10.485,10.401,10.401,0,0
KVT_PE,D,20181026,000000,10.401,10.401,10.401,10.401,0,0
KVT_PE,D,20181029,000000,9.986,10.401,9.736,10.401,0,0
KVT_PE,D,20181030,000000,9.819,10.235,9.569,10.235,0,0
KVT_PE,D,20181031,000000,9.736,10.319,9.569,9.569,0,0
KVT_PE,D,20181102,000000,9.4864,10.068,9.4864,10.068,0,0
KVT_PE,D,20181105,000000,9.902,10.235,9.902,10.235,0,0
KVT_PE,D,20181106,000000,9.819,10.068,9.819,10.068,0,0
KVT_PE,D,20181107,000000,10.068,11.233,10.068,10.235,0,0
KVT_PE,D,20181108,000000,10.152,10.485,10.152,10.401,0,0
KVT_PE,D,20181109,000000,10.401,11.233,10.235,11.233,0,0
KVT_PE,D,20181113,000000,11.233,11.4,9.2363,9.2363,0,0
KVT_PE,D,20181114,000000,9.2363,9.2363,8.3214,9.2363,0,0
KVT_PE,D,20181115,000000,8.8207,9.2363,8.8207,9.2363,0,0
KVT_PE,D,20181116,000000,8.8207,9.2363,8.8207,9.2363,0,0
KVT_PE,D,20181119,000000,8.8207,9.736,8.8207,9.569,0,0
KVT_PE,D,20181120,000000,9.4027,9.569,8.9871,9.569,0,0
KVT_PE,D,20181121,000000,9.4864,9.569,9.1536,9.569,0,0
KVT_PE,D,20181122,000000,9.1536,9.736,9.1536,9.736,0,0
KVT_PE,D,20181123,000000,9.2363,9.736,9.2363,9.736,0,0
KVT_PE,D,20181126,000000,9.2363,9.736,9.2363,9.736,0,0
KVT_PE,D,20181127,000000,9.736,9.736,9.2363,9.736,0,0
KVT_PE,D,20181128,000000,9.653,9.736,9.2363,9.736,0,0
KVT_PE,D,20181129,000000,9.736,9.736,9.1536,9.736,0,0
KVT_PE,D,20181130,000000,9.32,9.569,9.2363,9.569,0,0
KVT_PE,D,20181203,000000,9.2363,9.569,9.2363,9.569,0,0
KVT_PE,D,20181204,000000,9.569,9.736,9.2363,9.736,0,0
KVT_PE,D,20181205,000000,9.736,9.736,9.4027,9.736,0,0
KVT_PE,D,20181206,000000,9.4027,9.4864,8.9871,8.9871,0,0
KVT_PE,D,20181207,000000,9.0699,9.4027,8.7375,8.9871,0,0
KVT_PE,D,20181210,000000,9.2363,9.2363,8.6543,9.2363,0,0
KVT_PE,D,20181211,000000,9.2363,9.2363,8.7375,9.1536,0,0
KVT_PE,D,20181212,000000,9.1536,9.1536,8.6543,9.1536,0,0
KVT_PE,D,20181213,000000,9.32,9.32,9.0699,9.2363,0,0
KVT_PE,D,20181214,000000,9.32,9.32,8.9039,8.9871,0,0
KVT_PE,D,20181217,000000,9.2363,9.2363,8.9039,9.2363,0,0
KVT_PE,D,20181218,000000,8.9039,8.9871,8.9039,8.9871,0,0
KVT_PE,D,20181219,000000,9.2363,9.2363,8.8207,9.2363,0,0
KVT_PE,D,20181220,000000,8.9039,10.319,8.9039,10.319,0,0
KVT_PE,D,20181221,000000,10.319,10.818,9.569,10.818,0,0
KVT_PE,D,20181227,000000,10.984,12.398,10.401,12.316,0,0
KVT_PE,D,20181228,000000,12.149,12.981,11.566,12.981,0,0
KVT_PE,D,20190102,000000,13.314,13.314,11.983,12.482,0,0
KVT_PE,D,20190103,000000,12.565,12.565,11.816,12.398,0,0
KVT_PE,D,20190104,000000,11.816,12.398,11.816,12.398,0,0
KVT_PE,D,20190107,000000,12.066,12.398,12.066,12.398,0,0
KVT_PE,D,20190108,000000,12.066,12.398,12.066,12.398,0,0
KVT_PE,D,20190109,000000,12.398,12.731,12.316,12.316,0,0
KVT_PE,D,20190110,000000,12.316,12.316,11.816,12.316,0,0
KVT_PE,D,20190111,000000,12.232,12.316,11.816,12.316,0,0
KVT_PE,D,20190114,000000,12.316,12.316,11.899,12.316,0,0
KVT_PE,D,20190115,000000,12.066,12.316,11.816,12.316,0,0
KVT_PE,D,20190116,000000,11.733,12.316,11.733,12.232,0,0
KVT_PE,D,20190117,000000,12.232,12.398,12.232,12.398,0,0
KVT_PE,D,20190118,000000,12.398,12.398,12.066,12.316,0,0
KVT_PE,D,20190121,000000,11.899,12.149,11.899,12.149,0,0
KVT_PE,D,20190122,000000,12.149,12.316,12.149,12.316,0,0
KVT_PE,D,20190123,000000,12.316,12.316,11.816,12.232,0,0
KVT_PE,D,20190124,000000,12.316,12.316,11.816,12.232,0,0
KVT_PE,D,20190125,000000,12.316,12.316,11.733,12.232,0,0
KVT_PE,D,20190128,000000,12.316,12.316,11.816,12.316,0,0
KVT_PE,D,20190129,000000,12.316,12.316,11.317,11.317,0,0
KVT_PE,D,20190130,000000,11.317,11.317,10.235,10.235,0,0
KVT_PE,D,20190131,000000,10.152,11.067,9.902,11.067,0,0
KVT_PE,D,20190201,000000,10.568,10.568,10.319,10.485,0,0
KVT_PE,D,20190204,000000,10.485,10.485,9.736,10.068,0,0
KVT_PE,D,20190205,000000,10.152,10.319,9.986,10.068,0,0
KVT_PE,D,20190206,000000,9.819,10.068,9.819,9.986,0,0
KVT_PE,D,20190207,000000,9.986,9.986,9.569,9.902,0,0
KVT_PE,D,20190208,000000,9.902,9.902,9.4864,9.4864,0,0
KVT_PE,D,20190211,000000,9.4864,9.4864,9.4027,9.4027,0,0
KVT_PE,D,20190212,000000,9.4864,9.4864,9.4027,9.4864,0,0
KVT_PE,D,20190213,000000,9.4864,9.4864,8.4879,8.4879,0,0
KVT_PE,D,20190214,000000,8.4879,8.4879,7.8221,8.3214,0,0
KVT_PE,D,20190215,000000,7.9886,8.3214,7.8221,8.155,0,0
KVT_PE,D,20190218,000000,8.155,8.155,8.155,8.155,0,0
KVT_PE,D,20190219,000000,8.155,8.155,8.155,8.155,0,0
KVT_PE,D,20190220,000000,7.9886,8.155,7.9886,8.155,0,0
KVT_PE,D,20190221,000000,8.155,8.155,8.155,8.155,0,0
KVT_PE,D,20190222,000000,7.9886,8.4046,7.9886,8.155,0,0
KVT_PE,D,20190225,000000,8.2382,8.2382,7.7389,7.9054,0,0
KVT_PE,D,20190226,000000,7.9054,7.9054,7.6557,7.7389,0,0
KVT_PE,D,20190227,000000,7.8221,7.8221,7.6557,7.6557,0,0
KVT_PE,D,20190228,000000,7.8221,7.8221,7.6557,7.6557,0,0
KVT_PE,D,20190301,000000,7.6557,7.6557,7.6557,7.6557,0,0
KVT_PE,D,20190304,000000,8.2382,8.2382,7.9886,7.9886,0,0
KVT_PE,D,20190305,000000,8.2382,8.2382,7.6557,7.6557,0,0
KVT_PE,D,20190306,000000,7.6557,7.9886,7.6557,7.9886,0,0
KVT_PE,D,20190307,000000,8.2382,8.2382,7.9054,8.0718,0,0
KVT_PE,D,20190308,000000,8.0718,8.0718,8.0718,8.0718,0,0
KVT_PE,D,20190311,000000,8.155,8.155,7.9886,8.0718,0,0
KVT_PE,D,20190312,000000,8.0718,8.0718,8.0718,8.0718,0,0
KVT_PE,D,20190313,000000,8.0718,8.0718,8.0718,8.0718,0,0
KVT_PE,D,20190314,000000,8.0718,8.0718,7.7389,8.0718,0,0
KVT_PE,D,20190315,000000,8.0718,8.0718,7.7389,8.0718,0,0
KVT_PE,D,20190318,000000,8.0718,8.0718,8.0718,8.0718,0,0
KVT_PE,D,20190319,000000,8.0718,8.0718,8.0718,8.0718,0,0
KVT_PE,D,20190320,000000,8.155,8.155,8.0718,8.155,0,0
KVT_PE,D,20190321,000000,8.155,8.155,7.8221,8.155,0,0
KVT_PE,D,20190322,000000,8.155,8.8207,8.155,8.7375,0,0
KVT_PE,D,20190325,000000,8.9871,9.4864,8.9039,8.9871,0,0
KVT_PE,D,20190326,000000,8.9871,11.317,8.6543,11.317,0,0
KVT_PE,D,20190327,000000,11.65,11.65,10.901,10.901,0,0
KVT_PE,D,20190328,000000,11.151,11.151,10.319,10.818,0,0
KVT_PE,D,20190329,000000,10.901,11.233,10.818,11.151,0,0
KVT_PE,D,20190401,000000,11.151,11.484,11.067,11.067,0,0
KVT_PE,D,20190402,000000,11.067,11.067,10.568,10.651,0,0
KVT_PE,D,20190403,000000,10.734,11.233,10.734,11.233,0,0
KVT_PE,D,20190404,000000,11.151,11.151,10.485,11.067,0,0
KVT_PE,D,20190405,000000,11.067,11.067,10.568,10.734,0,0
KVT_PE,D,20190408,000000,10.734,10.734,10.068,10.152,0,0
KVT_PE,D,20190409,000000,10.152,10.235,10.152,10.235,0,0
KVT_PE,D,20190410,000000,10.235,10.319,10.068,10.319,0,0
KVT_PE,D,20190411,000000,10.068,11.067,10.068,10.984,0,0
KVT_PE,D,20190412,000000,10.984,11.317,10.319,10.485,0,0
KVT_PE,D,20190415,000000,10.485,10.568,9.986,9.986,0,0
KVT_PE,D,20190416,000000,9.986,9.986,9.0699,9.986,0,0
KVT_PE,D,20190417,000000,9.986,9.986,9.653,9.986,0,0
KVT_PE,D,20190418,000000,9.986,9.986,9.0699,9.0699,0,0
KVT_PE,D,20190423,000000,9.0699,9.0699,8.4879,8.9039,0,0
KVT_PE,D,20190424,000000,9.4864,9.4864,9.4864,9.4864,0,0
KVT_PE,D,20190425,000000,8.9039,8.9871,8.5711,8.7375,0,0
KVT_PE,D,20190426,000000,8.7375,8.7375,8.3214,8.5711,0,0
KVT_PE,D,20190429,000000,8.8207,8.8207,8.4879,8.4879,0,0
KVT_PE,D,20190430,000000,8.7375,8.8207,8.7375,8.8207,0,0
KVT_PE,D,20190502,000000,8.5711,8.5711,8.0718,8.3214,0,0
KVT_PE,D,20190506,000000,8.2382,8.2382,8.2382,8.2382,0,0
KVT_PE,D,20190507,000000,8.0718,8.0718,7.6557,7.6557,0,0
KVT_PE,D,20190508,000000,7.6557,7.6557,7.0732,7.6557,0,0
KVT_PE,D,20190509,000000,7.9054,7.9054,7.5725,7.5725,0,0
KVT_PE,D,20190510,000000,8.0718,8.0718,8.0718,8.0718,0,0
KVT_PE,D,20190513,000000,7.5725,8.0718,7.5725,8.0718,0,0
KVT_PE,D,20190514,000000,8.0718,10.734,7.9054,10.734,0,0
KVT_PE,D,20190515,000000,10.984,11.233,10.235,11.233,0,0
KVT_PE,D,20190516,000000,11.233,11.566,10.984,10.984,0,0
KVT_PE,D,20190517,000000,11.484,11.566,10.485,11.566,0,0
KVT_PE,D,20190520,000000,11.233,12.149,11.233,12.066,0,0
KVT_PE,D,20190521,000000,12.066,12.232,11.484,12.232,0,0
KVT_PE,D,20190522,000000,12.232,12.232,12.149,12.232,0,0
KVT_PE,D,20190523,000000,12.232,12.232,11.151,12.232,0,0
KVT_PE,D,20190524,000000,12.149,12.398,11.983,12.398,0,0
KVT_PE,D,20190527,000000,12.316,12.316,12.316,12.316,0,0
KVT_PE,D,20190528,000000,12.066,12.482,12.066,12.482,0,0
KVT_PE,D,20190529,000000,12.398,12.898,11.816,12.898,0,0
KVT_PE,D,20190530,000000,12.898,13.98,12.066,13.73,0,0
KVT_PE,D,20190531,000000,13.73,14.812,12.898,14.728,0,0
KVT_PE,D,20190603,000000,14.146,14.728,14.146,14.728,0,0
KVT_PE,D,20190604,000000,14.646,14.646,13.73,14.479,0,0
KVT_PE,D,20190605,000000,14.562,14.562,14.063,14.396,0,0
KVT_PE,D,20190606,000000,14.646,14.646,13.73,14.063,0,0
KVT_PE,D,20190607,000000,13.896,13.98,13.563,13.73,0,0
KVT_PE,D,20190610,000000,13.98,13.98,13.481,13.98,0,0
KVT_PE,D,20190611,000000,13.98,14.479,13.73,14.479,0,0
KVT_PE,D,20190612,000000,14.396,14.646,14.396,14.479,0,0
KVT_PE,D,20190613,000000,14.646,15.145,14.646,14.895,0,0
KVT_PE,D,20190614,000000,14.895,14.895,14.562,14.895,0,0
KVT_PE,D,20190617,000000,14.895,14.895,14.562,14.562,0,0
KVT_PE,D,20190618,000000,14.812,14.812,14.396,14.479,0,0
KVT_PE,D,20190619,000000,15.692,15.692,14.456,14.931,0,0
KVT_PE,D,20190621,000000,15.026,15.026,14.36,15.026,0,0
KVT_PE,D,20190624,000000,15.026,15.026,13.885,14.456,0,0
KVT_PE,D,20190625,000000,14.36,14.36,14.36,14.36,0,0
KVT_PE,D,20190626,000000,14.456,14.456,13.885,14.456,0,0
KVT_PE,D,20190627,000000,14.456,14.456,14.456,14.456,0,0
KVT_PE,D,20190628,000000,14.36,14.36,13.219,14.36,0,0
KVT_PE,D,20190701,000000,13.409,14.36,13.409,14.36,0,0
KVT_PE,D,20190702,000000,14.075,14.36,14.075,14.36,0,0
KVT_PE,D,20190703,000000,14.36,14.36,13.6,14.36,0,0
KVT_PE,D,20190704,000000,14.36,14.36,14.075,14.36,0,0
KVT_PE,D,20190705,000000,14.36,14.36,13.504,14.075,0,0
KVT_PE,D,20190708,000000,14.075,14.075,13.695,14.075,0,0
KVT_PE,D,20190709,000000,14.075,14.075,13.219,13.6,0,0
KVT_PE,D,20190710,000000,13.219,14.075,13.219,13.98,0,0
KVT_PE,D,20190711,000000,13.79,13.98,13.314,13.98,0,0
KVT_PE,D,20190712,000000,13.98,13.98,13.409,13.504,0,0
KVT_PE,D,20190715,000000,13.504,13.504,13.219,13.504,0,0
KVT_PE,D,20190716,000000,13.219,13.504,13.219,13.409,0,0
KVT_PE,D,20190717,000000,13.124,13.409,12.934,13.409,0,0
KVT_PE,D,20190718,000000,12.839,13.409,12.839,13.409,0,0
KVT_PE,D,20190719,000000,13.409,13.409,12.744,13.124,0,0
KVT_PE,D,20190722,000000,12.934,13.124,12.934,13.029,0,0
KVT_PE,D,20190724,000000,12.839,12.839,12.839,12.839,0,0
KVT_PE,D,20190725,000000,12.839,12.839,12.553,12.839,0,0
KVT_PE,D,20190726,000000,12.839,12.839,12.839,12.839,0,0
KVT_PE,D,20190729,000000,12.839,12.839,12.839,12.839,0,0
KVT_PE,D,20190730,000000,12.839,12.839,12.553,12.553,0,0
KVT_PE,D,20190731,000000,12.839,12.839,12.839,12.839,0,0
KVT_PE,D,20190801,000000,12.839,12.839,12.839,12.839,0,0
KVT_PE,D,20190802,000000,12.839,12.839,12.839,12.839,0,0
KVT_PE,D,20190805,000000,12.839,12.839,11.602,12.649,0,0
KVT_PE,D,20190806,000000,12.839,12.839,12.173,12.458,0,0
KVT_PE,D,20190807,000000,12.173,12.458,12.173,12.458,0,0
KVT_PE,D,20190808,000000,12.839,12.839,12.173,12.458,0,0
KVT_PE,D,20190809,000000,12.553,12.553,12.458,12.458,0,0
KVT_PE,D,20190812,000000,12.363,12.458,12.363,12.458,0,0
KVT_PE,D,20190813,000000,12.839,12.839,12.458,12.458,0,0
KVT_PE,D,20190814,000000,12.649,12.649,12.363,12.458,0,0
KVT_PE,D,20190816,000000,12.744,12.744,12.363,12.363,0,0
KVT_PE,D,20190819,000000,12.268,12.268,12.268,12.268,0,0
KVT_PE,D,20190820,000000,12.744,12.744,11.507,11.888,0,0
KVT_PE,D,20190821,000000,11.602,11.602,11.602,11.602,0,0
KVT_PE,D,20190822,000000,11.602,11.888,11.602,11.888,0,0
KVT_PE,D,20190823,000000,11.888,11.888,11.317,11.412,0,0
KVT_PE,D,20190826,000000,11.888,11.888,11.317,11.412,0,0
KVT_PE,D,20190827,000000,12.268,13.409,7.7984,7.7984,0,0
KVT_PE,D,20190828,000000,7.7984,8.1788,7.7984,8.1788,0,0
KVT_PE,D,20190829,000000,8.2739,8.369,8.1788,8.369,0,0
KVT_PE,D,20190830,000000,8.369,8.369,7.6082,7.9886,0,0
KVT_PE,D,20190902,000000,8.4641,8.4641,7.7984,7.8935,0,0
KVT_PE,D,20190903,000000,7.5131,7.8935,7.5131,7.8935,0,0
KVT_PE,D,20190904,000000,7.8935,7.8935,7.7033,7.8935,0,0
KVT_PE,D,20190905,000000,7.8935,7.8935,7.3229,7.5131,0,0
KVT_PE,D,20190906,000000,7.3229,7.5131,7.3229,7.5131,0,0
KVT_PE,D,20190909,000000,7.5131,7.5131,7.3229,7.3229,0,0
KVT_PE,D,20190910,000000,7.5131,7.5131,7.5131,7.5131,0,0
KVT_PE,D,20190911,000000,7.5131,7.6082,7.5131,7.6082,0,0
KVT_PE,D,20190912,000000,7.7033,7.7033,7.7033,7.7033,0,0
KVT_PE,D,20190913,000000,7.7033,7.9886,7.5131,7.8935,0,0
KVT_PE,D,20190916,000000,7.8935,7.8935,7.5131,7.8935,0,0
KVT_PE,D,20190917,000000,8.0837,8.0837,7.5131,7.7984,0,0
KVT_PE,D,20190918,000000,7.418,7.7984,7.418,7.7984,0,0
KVT_PE,D,20190919,000000,8.0837,8.0837,7.418,7.7033,0,0
KVT_PE,D,20190920,000000,8.0837,8.0837,7.7984,7.7984,0,0
KVT_PE,D,20190923,000000,8.0837,8.0837,7.418,7.5131,0,0
KVT_PE,D,20190924,000000,7.5131,7.7984,7.1327,7.7033,0,0
KVT_PE,D,20190925,000000,7.7033,7.7033,7.7033,7.7033,0,0
KVT_PE,D,20190926,000000,8.0837,8.0837,7.3229,7.9886,0,0
KVT_PE,D,20190927,000000,7.9886,8.1788,7.9886,8.0837,0,0
KVT_PE,D,20190930,000000,8.2739,8.2739,7.8935,7.9886,0,0
KVT_PE,D,20191001,000000,8.0837,8.0837,7.3229,7.7984,0,0
KVT_PE,D,20191002,000000,7.9886,7.9886,7.6082,7.8935,0,0
KVT_PE,D,20191003,000000,7.8935,7.8935,7.7984,7.7984,0,0
KVT_PE,D,20191004,000000,7.7984,7.7984,7.7984,7.7984,0,0
KVT_PE,D,20191007,000000,7.8935,7.8935,7.7984,7.8935,0,0
KVT_PE,D,20191008,000000,7.8935,7.8935,7.8935,7.8935,0,0
KVT_PE,D,20191009,000000,7.8935,7.8935,7.8935,7.8935,0,0
KVT_PE,D,20191010,000000,7.8935,8.0837,7.8935,8.0837,0,0
KVT_PE,D,20191011,000000,7.8935,8.0837,7.8935,8.0837,0,0
KVT_PE,D,20191014,000000,8.0837,8.1788,7.9886,8.1788,0,0
KVT_PE,D,20191015,000000,8.1788,8.2739,8.1788,8.2739,0,0
KVT_PE,D,20191016,000000,8.2739,8.5592,8.2739,8.5592,0,0
KVT_PE,D,20191017,000000,8.5592,8.7494,8.5592,8.5592,0,0
KVT_PE,D,20191018,000000,8.7494,8.7494,8.2739,8.6543,0,0
KVT_PE,D,20191021,000000,8.2739,8.6543,8.2739,8.6543,0,0
KVT_PE,D,20191022,000000,8.6543,8.6543,8.6543,8.6543,0,0
KVT_PE,D,20191023,000000,8.6543,8.6543,7.9886,8.5592,0,0
KVT_PE,D,20191024,000000,8.5592,8.5592,8.0837,8.4641,0,0
KVT_PE,D,20191025,000000,8.4641,8.4641,8.369,8.4641,0,0
KVT_PE,D,20191028,000000,8.369,8.4641,8.2739,8.369,0,0
KVT_PE,D,20191029,000000,8.4641,8.4641,8.4641,8.4641,0,0
KVT_PE,D,20191030,000000,8.4641,8.4641,8.2739,8.4641,0,0
KVT_PE,D,20191031,000000,8.4641,8.4641,8.1788,8.4641,0,0
KVT_PE,D,20191104,000000,8.4641,8.4641,8.4641,8.4641,0,0
KVT_PE,D,20191105,000000,8.4641,8.4641,8.4641,8.4641,0,0
KVT_PE,D,20191106,000000,8.4641,8.4641,8.4641,8.4641,0,0
KVT_PE,D,20191107,000000,8.5592,8.6543,8.5592,8.6543,0,0
KVT_PE,D,20191108,000000,8.6543,8.6543,8.6543,8.6543,0,0
KVT_PE,D,20191112,000000,8.6543,9.1298,8.6543,9.1298,0,0
KVT_PE,D,20191113,000000,9.1298,9.1298,8.8445,8.9396,0,0
KVT_PE,D,20191114,000000,8.9396,8.9396,8.0837,8.1788,0,0
KVT_PE,D,20191115,000000,8.2739,8.8445,8.2739,8.6543,0,0
KVT_PE,D,20191118,000000,8.6543,8.7494,8.6543,8.6543,0,0
KVT_PE,D,20191119,000000,8.6543,8.6543,8.6543,8.6543,0,0
KVT_PE,D,20191120,000000,8.7494,8.8445,8.6543,8.7494,0,0
KVT_PE,D,20191121,000000,8.7494,8.7494,8.7494,8.7494,0,0
KVT_PE,D,20191122,000000,8.7494,8.8445,8.4641,8.8445,0,0
KVT_PE,D,20191125,000000,8.8445,8.8445,8.8445,8.8445,0,0
KVT_PE,D,20191126,000000,8.7494,8.8445,8.4641,8.7494,0,0
KVT_PE,D,20191127,000000,8.7494,8.7494,8.7494,8.7494,0,0
KVT_PE,D,20191128,000000,8.7494,8.7494,8.7494,8.7494,0,0
KVT_PE,D,20191129,000000,8.5592,8.6543,8.5592,8.6543,0,0
KVT_PE,D,20191202,000000,8.6543,8.6543,8.6543,8.6543,0,0
KVT_PE,D,20191203,000000,8.6543,8.6543,7.9886,8.4641,0,0
KVT_PE,D,20191204,000000,8.4641,8.4641,8.4641,8.4641,0,0
KVT_PE,D,20191205,000000,8.369,8.369,8.0837,8.0837,0,0
KVT_PE,D,20191206,000000,8.0837,8.0837,7.7033,7.9886,0,0
KVT_PE,D,20191209,000000,7.9886,7.9886,7.9886,7.9886,0,0
KVT_PE,D,20191210,000000,7.9886,7.9886,7.8935,7.8935,0,0
KVT_PE,D,20191211,000000,7.8935,7.8935,7.7033,7.7033,0,0
KVT_PE,D,20191212,000000,7.7033,7.7033,7.6082,7.7033,0,0
KVT_PE,D,20191213,000000,7.7033,8.2739,7.7033,8.2739,0,0
KVT_PE,D,20191216,000000,8.2739,8.6543,8.2739,8.6543,0,0
KVT_PE,D,20191217,000000,9.2249,9.32,8.9396,9.2249,0,0
KVT_PE,D,20191218,000000,9.32,9.891,8.5592,9.891,0,0
KVT_PE,D,20191219,000000,9.891,10.081,9.0347,10.081,0,0
KVT_PE,D,20191220,000000,10.271,10.271,9.4151,10.271,0,0
KVT_PE,D,20191223,000000,9.796,10.271,9.7,10.176,0,0
KVT_PE,D,20191227,000000,10.271,10.271,9.2249,9.796,0,0
KVT_PE,D,20191230,000000,9.796,9.796,9.32,9.796,0,0
KVT_PE,D,20200102,000000,9.4151,9.796,9.4151,9.4151,0,0
KVT_PE,D,20200103,000000,9.4151,9.796,9.4151,9.7,0,0
KVT_PE,D,20200107,000000,9.7,9.7,9.51,9.51,0,0
KVT_PE,D,20200108,000000,9.7,9.7,9.51,9.7,0,0
KVT_PE,D,20200109,000000,9.7,9.7,9.51,9.7,0,0
KVT_PE,D,20200110,000000,9.7,9.796,9.7,9.796,0,0
KVT_PE,D,20200113,000000,9.796,9.986,9.796,9.796,0,0
KVT_PE,D,20200114,000000,9.796,10.081,9.796,9.796,0,0
KVT_PE,D,20200115,000000,9.986,10.176,9.986,9.986,0,0
KVT_PE,D,20200116,000000,10.176,10.176,9.891,9.891,0,0
KVT_PE,D,20200117,000000,10.081,10.081,9.986,10.081,0,0
KVT_PE,D,20200120,000000,10.081,10.081,9.51,9.51,0,0
KVT_PE,D,20200121,000000,9.796,9.796,9.4151,9.4151,0,0
KVT_PE,D,20200122,000000,9.7,9.7,9.4151,9.605,0,0
KVT_PE,D,20200123,000000,9.605,9.605,9.2249,9.2249,0,0
KVT_PE,D,20200124,000000,9.2249,9.32,9.0347,9.0347,0,0
KVT_PE,D,20200127,000000,9.2249,9.2249,8.9396,9.2249,0,0
KVT_PE,D,20200128,000000,9.2249,9.2249,9.1298,9.1298,0,0
KVT_PE,D,20200129,000000,9.1298,9.2249,9.1298,9.2249,0,0
KVT_PE,D,20200130,000000,9.2249,9.2249,9.2249,9.2249,0,0
KVT_PE,D,20200131,000000,9.51,9.51,9.32,9.51,0,0
KVT_PE,D,20200203,000000,9.51,9.51,9.32,9.32,0,0
KVT_PE,D,20200204,000000,9.32,9.32,9.32,9.32,0,0
KVT_PE,D,20200205,000000,9.32,9.4151,9.32,9.4151,0,0
KVT_PE,D,20200206,000000,9.4151,9.51,8.8445,9.51,0,0
KVT_PE,D,20200207,000000,9.32,9.986,9.32,9.986,0,0
KVT_PE,D,20200210,000000,9.891,9.986,9.4151,9.51,0,0
KVT_PE,D,20200211,000000,9.51,11.412,9.51,11.222,0,0
KVT_PE,D,20200212,000000,11.127,11.127,10.176,10.176,0,0
KVT_PE,D,20200213,000000,10.081,10.081,9.605,9.7,0,0
KVT_PE,D,20200214,000000,9.7,9.7,9.4151,9.605,0,0
KVT_PE,D,20200217,000000,9.605,9.986,9.605,9.7,0,0
KVT_PE,D,20200218,000000,9.796,9.796,9.796,9.796,0,0
KVT_PE,D,20200219,000000,9.796,9.796,9.51,9.605,0,0
KVT_PE,D,20200220,000000,9.51,9.51,9.4151,9.51,0,0
KVT_PE,D,20200221,000000,9.51,9.51,9.4151,9.4151,0,0
KVT_PE,D,20200224,000000,9.4151,9.4151,8.9396,8.9396,0,0
KVT_PE,D,20200225,000000,8.9396,8.9396,8.9396,8.9396,0,0
KVT_PE,D,20200226,000000,9.1298,9.796,8.9396,9.7,0,0
KVT_PE,D,20200227,000000,9.51,9.51,9.1298,9.32,0,0
KVT_PE,D,20200228,000000,9.32,9.4151,8.9396,8.9396,0,0
KVT_PE,D,20200302,000000,8.9396,9.32,8.9396,9.32,0,0
KVT_PE,D,20200303,000000,9.32,9.32,9.32,9.32,0,0
KVT_PE,D,20200304,000000,9.32,9.32,9.0347,9.0347,0,0
KVT_PE,D,20200305,000000,9.32,9.32,8.9396,8.9396,0,0
KVT_PE,D,20200306,000000,9.0347,9.0347,8.9396,8.9396,0,0
KVT_PE,D,20200309,000000,8.9396,8.9396,8.369,8.369,0,0
KVT_PE,D,20200310,000000,8.5592,8.5592,7.9886,7.9886,0,0
KVT_PE,D,20200311,000000,8.1788,8.1788,7.7033,8.0837,0,0
KVT_PE,D,20200312,000000,8.2739,8.2739,6.9424,6.9424,0,0
KVT_PE,D,20200313,000000,6.7522,7.1327,6.7522,7.1327,0,0
KVT_PE,D,20200316,000000,7.1327,7.2278,6.9424,6.9424,0,0
KVT_PE,D,20200317,000000,7.2278,7.5131,6.8473,7.5131,0,0
KVT_PE,D,20200318,000000,7.418,7.418,7.1327,7.2278,0,0
KVT_PE,D,20200319,000000,7.2278,7.5131,7.2278,7.418,0,0
KVT_PE,D,20200320,000000,7.6082,7.7033,7.418,7.5131,0,0
KVT_PE,D,20200323,000000,7.5131,7.7033,7.5131,7.7033,0,0
KVT_PE,D,20200324,000000,7.7033,7.7033,7.7033,7.7033,0,0
KVT_PE,D,20200325,000000,7.7033,7.7033,7.2278,7.418,0,0
KVT_PE,D,20200326,000000,7.5131,7.5131,7.2278,7.418,0,0
KVT_PE,D,20200327,000000,7.418,7.418,7.2278,7.418,0,0
KVT_PE,D,20200330,000000,7.5131,7.5131,7.3229,7.3229,0,0
KVT_PE,D,20200331,000000,7.2278,7.8935,6.9424,6.9424,0,0
KVT_PE,D,20200401,000000,8.8445,8.8445,7.7984,7.7984,0,0
KVT_PE,D,20200402,000000,7.9886,7.9886,7.1327,7.418,0,0
KVT_PE,D,20200403,000000,7.418,7.7033,7.1327,7.3229,0,0
KVT_PE,D,20200406,000000,7.418,7.6082,7.2278,7.418,0,0
KVT_PE,D,20200407,000000,7.418,7.418,7.2278,7.418,0,0
KVT_PE,D,20200408,000000,7.3229,7.3229,7.1327,7.1327,0,0
KVT_PE,D,20200409,000000,7.2278,7.5131,7.0376,7.3229,0,0
KVT_PE,D,20200414,000000,7.418,7.5131,7.3229,7.418,0,0
KVT_PE,D,20200415,000000,7.418,7.7033,7.418,7.6082,0,0
KVT_PE,D,20200416,000000,7.5131,7.7984,7.418,7.418,0,0
KVT_PE,D,20200417,000000,7.6082,7.6082,7.418,7.418,0,0
KVT_PE,D,20200420,000000,7.5131,7.6082,7.5131,7.6082,0,0
KVT_PE,D,20200421,000000,7.6082,7.6082,7.418,7.418,0,0
KVT_PE,D,20200422,000000,7.418,7.5131,7.3229,7.5131,0,0
KVT_PE,D,20200423,000000,7.5131,7.6082,7.5131,7.5131,0,0
KVT_PE,D,20200424,000000,7.7033,7.7984,7.5131,7.7033,0,0
KVT_PE,D,20200427,000000,7.7033,7.8935,7.7033,7.7984,0,0
KVT_PE,D,20200428,000000,7.8935,8.0837,7.8935,8.0837,0,0
KVT_PE,D,20200429,000000,8.4,8.4,8,8.2,0,0
KVT_PE,D,20200430,000000,7.9,7.9,7.1,7.5,0,0
KVT_PE,D,20200504,000000,7.5,7.5,7.1,7.5,0,0
KVT_PE,D,20200505,000000,7.5,7.5,7.3,7.3,0,0
KVT_PE,D,20200506,000000,7.4,7.5,7.2,7.3,0,0
KVT_PE,D,20200507,000000,7.3,7.3,7.2,7.3,0,0
KVT_PE,D,20200508,000000,7.3,7.6,7.2,7.6,0,0
KVT_PE,D,20200511,000000,7.6,7.6,7.4,7.4,0,0
KVT_PE,D,20200512,000000,7.4,7.5,7.1,7.5,0,0
KVT_PE,D,20200513,000000,7.5,7.9,7.3,7.9,0,0
KVT_PE,D,20200514,000000,8.1,8.1,7.5,7.5,0,0
KVT_PE,D,20200515,000000,8.4,10.1,8.4,9.4,0,0
KVT_PE,D,20200518,000000,9.3,10,9.2,9.4,0,0
KVT_PE,D,20200519,000000,9.5,9.5,8.9,9.4,0,0
KVT_PE,D,20200520,000000,9.3,9.3,8.4,8.7,0,0
KVT_PE,D,20200521,000000,8.8,8.8,8.2,8.5,0,0
KVT_PE,D,20200522,000000,8.5,8.9,8.4,8.4,0,0
KVT_PE,D,20200525,000000,8.6,8.7,8.4,8.5,0,0
KVT_PE,D,20200526,000000,8.5,8.8,8.3,8.3,0,0
KVT_PE,D,20200527,000000,8.3,8.3,7.7,7.8,0,0
KVT_PE,D,20200528,000000,8,8.1,7.6,8,0,0
KVT_PE,D,20200529,000000,8,8,7.8,7.9,0,0
KVT_PE,D,20200601,000000,7.9,8.1,7.8,8.1,0,0
KVT_PE,D,20200602,000000,8.2,8.2,8,8,0,0
KVT_PE,D,20200603,000000,8,8.4,7.9,8.4,0,0
KVT_PE,D,20200604,000000,8.5,8.5,8.2,8.4,0,0
KVT_PE,D,20200605,000000,8.4,8.4,8,8.2,0,0
KVT_PE,D,20200608,000000,8.2,8.2,8,8.1,0,0
KVT_PE,D,20200609,000000,8.1,8.3,7.9,8.3,0,0
KVT_PE,D,20200610,000000,8.3,8.3,8,8.1,0,0
KVT_PE,D,20200612,000000,8,8,7.6,8,0,0
KVT_PE,D,20200615,000000,8,8.2,7.8,8.2,0,0
KVT_PE,D,20200616,000000,8.3,8.3,8,8.2,0,0
KVT_PE,D,20200617,000000,8.2,8.2,8,8.1,0,0
KVT_PE,D,20200618,000000,8.1,8.2,8,8,0,0
KVT_PE,D,20200619,000000,8.1,8.3,8.1,8.1,0,0
KVT_PE,D,20200622,000000,8.1,8.1,7.7,8,0,0
KVT_PE,D,20200623,000000,8,8,7.9,8,0,0
KVT_PE,D,20200624,000000,8,8,7.9,8,0,0
KVT_PE,D,20200625,000000,8,8,7.7,8,0,0
KVT_PE,D,20200626,000000,8,8,7.8,8,0,0
KVT_PE,D,20200629,000000,8,8,7.8,7.9,0,0
KVT_PE,D,20200630,000000,7.9,8.3,7.8,8,0,0
KVT_PE,D,20200701,000000,8.2,8.2,7.9,8.2,0,0
KVT_PE,D,20200702,000000,8.2,8.2,8.1,8.1,0,0
KVT_PE,D,20200703,000000,8.1,8.4,7.9,8.4,0,0
KVT_PE,D,20200706,000000,8.4,8.5,8.3,8.3,0,0
KVT_PE,D,20200707,000000,8.4,8.4,8.1,8.3,0,0
KVT_PE,D,20200708,000000,8.3,9,8.3,8.8,0,0
KVT_PE,D,20200709,000000,8.8,8.8,8.6,8.7,0,0
KVT_PE,D,20200710,000000,8.7,8.7,8.2,8.6,0,0
KVT_PE,D,20200713,000000,8.6,8.7,8.3,8.6,0,0
KVT_PE,D,20200714,000000,8.3,8.6,8.2,8.6,0,0
KVT_PE,D,20200715,000000,8.6,8.6,8.5,8.6,0,0
KVT_PE,D,20200716,000000,8.6,8.6,8.3,8.5,0,0
KVT_PE,D,20200717,000000,8.5,8.5,8.3,8.5,0,0
KVT_PE,D,20200720,000000,8.5,8.5,8.3,8.5,0,0
KVT_PE,D,20200721,000000,8.5,8.6,8.4,8.6,0,0
KVT_PE,D,20200722,000000,8.6,8.7,8.5,8.7,0,0
KVT_PE,D,20200723,000000,8.7,11,8.6,10.2,0,0
KVT_PE,D,20200724,000000,10.2,10.2,9.2,9.4,0,0
KVT_PE,D,20200727,000000,9.4,9.5,9.1,9.3,0,0
KVT_PE,D,20200728,000000,9.3,9.3,9,9.1,0,0
KVT_PE,D,20200729,000000,9.1,10.9,9,10.9,0,0
KVT_PE,D,20200730,000000,11.9,11.9,9.3,9.4,0,0
KVT_PE,D,20200731,000000,9.4,10.3,9.3,10,0,0
KVT_PE,D,20200803,000000,10.8,11.5,10.5,10.9,0,0
KVT_PE,D,20200804,000000,11.2,11.2,10.5,11.1,0,0
KVT_PE,D,20200805,000000,11.1,13.6,11.1,13.5,0,0
KVT_PE,D,20200806,000000,13.6,15,12.9,13.1,0,0
KVT_PE,D,20200807,000000,13.1,13.7,12,13.2,0,0
KVT_PE,D,20200810,000000,13.6,14.3,13.6,14.1,0,0
KVT_PE,D,20200811,000000,14.1,14.2,12.8,13,0,0
KVT_PE,D,20200812,000000,12.7,12.7,11.4,11.8,0,0
KVT_PE,D,20200813,000000,12,12.4,11.3,11.9,0,0
KVT_PE,D,20200814,000000,12.4,12.6,12,12.3,0,0
KVT_PE,D,20200817,000000,12.4,12.9,11.2,11.4,0,0
KVT_PE,D,20200818,000000,11.4,11.4,10.5,10.7,0,0
KVT_PE,D,20200819,000000,10.6,10.8,10.2,10.4,0,0
KVT_PE,D,20200820,000000,10.4,10.4,10.1,10.3,0,0
KVT_PE,D,20200821,000000,10.3,10.6,10.1,10.4,0,0
