<TICKER>,<PER>,<DATE>,<TIME>,<OPEN>,<HIGH>,<LOW>,<CLOSE>,<VOL>,<OPENINT>
LAB_PE,D,20140304,000000,15.088,15.088,15.088,15.088,0,0
LAB_PE,D,20140305,000000,18.086,21.664,18.086,19.247,0,0
LAB_PE,D,20140306,000000,19.923,23.598,19.923,21.664,0,0
LAB_PE,D,20140307,000000,21.858,21.858,17.603,20.601,0,0
LAB_PE,D,20140310,000000,19.15,20.117,18.666,20.117,0,0
LAB_PE,D,20140311,000000,19.15,19.15,19.15,19.15,0,0
LAB_PE,D,20140312,000000,18.763,18.956,17.699,18.956,0,0
LAB_PE,D,20140313,000000,18.57,19.923,18.57,19.923,0,0
LAB_PE,D,20140314,000000,19.44,20.601,19.44,19.633,0,0
LAB_PE,D,20140317,000000,19.923,19.923,19.633,19.633,0,0
LAB_PE,D,20140318,000000,19.633,19.73,19.633,19.633,0,0
LAB_PE,D,20140319,000000,19.44,19.44,19.44,19.44,0,0
LAB_PE,D,20140320,000000,20.117,22.052,20.117,22.052,0,0
LAB_PE,D,20140321,000000,22.148,22.148,19.827,21.085,0,0
LAB_PE,D,20140324,000000,19.73,20.117,19.73,20.117,0,0
LAB_PE,D,20140325,000000,20.407,21.374,20.214,20.601,0,0
LAB_PE,D,20140326,000000,20.601,20.601,20.601,20.601,0,0
LAB_PE,D,20140327,000000,20.601,20.601,20.601,20.601,0,0
LAB_PE,D,20140328,000000,20.601,21.085,20.601,21.085,0,0
LAB_PE,D,20140331,000000,20.601,20.697,20.601,20.697,0,0
LAB_PE,D,20140401,000000,20.697,22.438,19.44,22.342,0,0
LAB_PE,D,20140402,000000,21.761,22.342,21.761,22.342,0,0
LAB_PE,D,20140403,000000,23.598,28.241,23.115,27.758,0,0
LAB_PE,D,20140404,000000,27.081,33.271,27.081,33.271,0,0
LAB_PE,D,20140407,000000,35.205,35.205,28.144,31.723,0,0
LAB_PE,D,20140408,000000,32.207,32.207,29.306,29.306,0,0
LAB_PE,D,20140410,000000,30.563,34.141,30.176,30.176,0,0
LAB_PE,D,20140411,000000,29.402,29.402,29.208,29.208,0,0
LAB_PE,D,20140414,000000,29.111,30.273,26.113,30.273,0,0
LAB_PE,D,20140415,000000,32.593,32.593,29.885,29.885,0,0
LAB_PE,D,20140416,000000,30.659,31.143,30.659,31.143,0,0
LAB_PE,D,20140417,000000,31.723,35.205,31.723,35.205,0,0
LAB_PE,D,20140422,000000,35.108,35.108,31.433,31.433,0,0
LAB_PE,D,20140423,000000,31.24,31.626,28.918,31.626,0,0
LAB_PE,D,20140424,000000,30.273,33.174,28.918,33.174,0,0
LAB_PE,D,20140520,000000,14.12,14.12,14.12,14.12,0,0
LAB_PE,D,20140521,000000,14.12,15.765,11.896,15.765,0,0
LAB_PE,D,20140522,000000,15.765,15.765,15.765,15.765,0,0
LAB_PE,D,20140523,000000,15.765,15.765,13.153,15.475,0,0
LAB_PE,D,20140526,000000,14.701,14.701,13.637,14.701,0,0
LAB_PE,D,20140527,000000,13.347,14.605,12.767,14.508,0,0
LAB_PE,D,20140530,000000,12.96,14.508,12.09,14.508,0,0
LAB_PE,D,20140603,000000,13.25,14.508,13.25,14.508,0,0
LAB_PE,D,20140605,000000,14.605,14.605,14.508,14.508,0,0
LAB_PE,D,20140606,000000,14.314,15.475,14.314,15.475,0,0
LAB_PE,D,20140609,000000,15.184,15.184,15.088,15.088,0,0
LAB_PE,D,20140610,000000,14.411,14.411,14.411,14.411,0,0
LAB_PE,D,20140612,000000,14.024,14.508,13.347,14.508,0,0
LAB_PE,D,20140613,000000,13.347,15.475,13.057,15.475,0,0
LAB_PE,D,20140616,000000,13.927,15.475,13.927,15.475,0,0
LAB_PE,D,20140618,000000,15.475,15.475,15.475,15.475,0,0
LAB_PE,D,20140620,000000,15.475,15.475,15.475,15.475,0,0
LAB_PE,D,20140623,000000,14.798,15.475,14.024,15.475,0,0
LAB_PE,D,20140624,000000,15.475,17.989,14.411,15.184,0,0
LAB_PE,D,20140625,000000,17.022,18.086,16.539,18.086,0,0
LAB_PE,D,20140626,000000,17.022,17.022,16.732,17.022,0,0
LAB_PE,D,20140627,000000,17.118,18.28,17.118,18.28,0,0
LAB_PE,D,20140630,000000,18.28,18.956,16.539,18.859,0,0
LAB_PE,D,20140701,000000,17.699,21.278,17.699,21.278,0,0
LAB_PE,D,20140702,000000,21.278,21.278,20.117,20.117,0,0
LAB_PE,D,20140703,000000,19.827,23.793,19.827,22.922,0,0
LAB_PE,D,20140704,000000,24.276,27.951,24.276,27.951,0,0
LAB_PE,D,20140707,000000,33.561,33.561,29.306,29.306,0,0
LAB_PE,D,20140708,000000,28.532,30.659,26.017,27.854,0,0
LAB_PE,D,20140709,000000,27.854,29.306,27.854,29.306,0,0
LAB_PE,D,20140714,000000,27.468,29.595,26.501,29.595,0,0
LAB_PE,D,20140715,000000,27.951,27.951,27.951,27.951,0,0
LAB_PE,D,20140716,000000,27.951,29.885,27.081,29.885,0,0
LAB_PE,D,20140721,000000,29.885,29.885,26.501,29.885,0,0
LAB_PE,D,20140722,000000,29.885,29.885,29.885,29.885,0,0
LAB_PE,D,20140724,000000,26.984,29.402,26.984,29.402,0,0
LAB_PE,D,20140728,000000,26.887,29.885,26.887,29.885,0,0
LAB_PE,D,20140729,000000,29.885,29.885,29.885,29.885,0,0
LAB_PE,D,20140801,000000,29.885,29.885,27.951,27.951,0,0
LAB_PE,D,20140804,000000,28.822,28.822,28.822,28.822,0,0
LAB_PE,D,20140808,000000,27.661,28.822,26.791,28.822,0,0
LAB_PE,D,20140814,000000,27.371,33.271,27.371,33.174,0,0
LAB_PE,D,20140818,000000,32.883,39.074,32.883,39.074,0,0
LAB_PE,D,20140819,000000,38.493,38.493,35.398,35.398,0,0
LAB_PE,D,20140821,000000,33.271,33.561,33.271,33.464,0,0
LAB_PE,D,20140822,000000,33.464,33.464,33.174,33.464,0,0
LAB_PE,D,20140825,000000,31.723,32.69,31.723,32.69,0,0
LAB_PE,D,20140826,000000,31.24,32.69,31.24,32.69,0,0
LAB_PE,D,20140828,000000,30.466,32.69,30.466,32.69,0,0
LAB_PE,D,20140902,000000,31.046,34.721,31.046,34.721,0,0
LAB_PE,D,20140903,000000,32.4,38.493,32.4,38.493,0,0
LAB_PE,D,20140904,000000,38.106,38.106,37.429,37.429,0,0
LAB_PE,D,20140905,000000,37.043,37.043,36.946,36.946,0,0
LAB_PE,D,20140908,000000,36.946,39.074,36.269,39.074,0,0
LAB_PE,D,20140909,000000,39.074,46.327,33.464,46.327,0,0
LAB_PE,D,20140910,000000,43.233,43.233,43.233,43.233,0,0
LAB_PE,D,20140911,000000,39.751,39.751,39.751,39.751,0,0
LAB_PE,D,20140912,000000,39.847,45.457,33.367,33.367,0,0
LAB_PE,D,20140915,000000,29.111,31.046,29.111,31.046,0,0
LAB_PE,D,20140916,000000,26.597,32.787,26.597,32.69,0,0
LAB_PE,D,20140917,000000,32.69,32.69,32.69,32.69,0,0
LAB_PE,D,20140918,000000,32.304,32.304,32.304,32.304,0,0
LAB_PE,D,20140919,000000,32.304,32.304,32.304,32.304,0,0
LAB_PE,D,20140922,000000,32.304,32.304,32.304,32.304,0,0
LAB_PE,D,20140923,000000,32.304,32.304,32.304,32.304,0,0
LAB_PE,D,20140924,000000,32.304,32.304,32.304,32.304,0,0
LAB_PE,D,20140925,000000,32.304,32.304,32.304,32.304,0,0
LAB_PE,D,20140926,000000,32.304,32.304,32.304,32.304,0,0
LAB_PE,D,20140929,000000,32.304,32.304,31.53,32.304,0,0
LAB_PE,D,20140930,000000,32.304,32.304,32.304,32.304,0,0
LAB_PE,D,20141001,000000,32.304,32.304,32.304,32.304,0,0
LAB_PE,D,20141002,000000,32.304,32.304,31.53,31.53,0,0
LAB_PE,D,20141003,000000,31.53,31.53,31.53,31.53,0,0
LAB_PE,D,20141006,000000,31.53,31.53,31.143,31.143,0,0
LAB_PE,D,20141007,000000,31.143,31.143,30.659,30.659,0,0
LAB_PE,D,20141008,000000,31.046,31.143,31.046,31.143,0,0
LAB_PE,D,20141013,000000,30.273,30.273,30.079,30.079,0,0
LAB_PE,D,20141014,000000,30.176,30.176,30.176,30.176,0,0
LAB_PE,D,20141015,000000,30.176,30.176,26.597,26.597,0,0
LAB_PE,D,20141016,000000,26.403,28.339,26.403,28.339,0,0
LAB_PE,D,20141017,000000,26.984,29.885,26.984,29.885,0,0
LAB_PE,D,20141020,000000,28.435,31.53,28.435,31.53,0,0
LAB_PE,D,20141022,000000,30.273,30.273,28.435,30.273,0,0
LAB_PE,D,20141030,000000,28.822,31.53,28.628,31.53,0,0
LAB_PE,D,20141031,000000,31.143,31.143,28.918,31.143,0,0
LAB_PE,D,20141106,000000,30.273,30.369,30.273,30.273,0,0
LAB_PE,D,20141107,000000,28.918,30.563,28.918,30.563,0,0
LAB_PE,D,20141110,000000,30.563,30.563,30.563,30.563,0,0
LAB_PE,D,20141112,000000,30.563,30.563,30.563,30.563,0,0
LAB_PE,D,20141113,000000,30.563,30.563,21.761,21.761,0,0
LAB_PE,D,20141114,000000,21.761,21.761,21.761,21.761,0,0
LAB_PE,D,20141117,000000,20.407,22.052,20.407,22.052,0,0
LAB_PE,D,20141128,000000,20.794,21.568,20.214,21.568,0,0
LAB_PE,D,20141203,000000,21.568,21.568,21.568,21.568,0,0
LAB_PE,D,20141205,000000,21.568,21.568,21.568,21.568,0,0
LAB_PE,D,20141209,000000,21.085,21.085,21.085,21.085,0,0
LAB_PE,D,20141210,000000,21.085,21.085,21.085,21.085,0,0
LAB_PE,D,20141211,000000,21.085,21.085,21.085,21.085,0,0
LAB_PE,D,20141212,000000,21.085,21.085,21.085,21.085,0,0
LAB_PE,D,20141215,000000,21.085,21.085,21.085,21.085,0,0
LAB_PE,D,20141216,000000,21.085,22.148,20.504,22.148,0,0
LAB_PE,D,20141217,000000,21.858,21.858,21.858,21.858,0,0
LAB_PE,D,20141218,000000,21.858,21.858,21.858,21.858,0,0
LAB_PE,D,20141219,000000,21.858,21.858,20.601,21.858,0,0
LAB_PE,D,20141222,000000,21.858,21.858,21.858,21.858,0,0
LAB_PE,D,20141223,000000,21.858,21.858,21.858,21.858,0,0
LAB_PE,D,20141229,000000,21.858,21.858,21.858,21.858,0,0
LAB_PE,D,20141230,000000,21.858,21.858,21.085,21.085,0,0
LAB_PE,D,20150102,000000,21.085,21.085,21.085,21.085,0,0
LAB_PE,D,20150105,000000,21.085,21.085,21.085,21.085,0,0
LAB_PE,D,20150107,000000,21.085,21.085,21.085,21.085,0,0
LAB_PE,D,20150108,000000,21.085,21.085,21.085,21.085,0,0
LAB_PE,D,20150109,000000,21.085,21.085,21.085,21.085,0,0
LAB_PE,D,20150112,000000,21.085,21.085,21.085,21.085,0,0
LAB_PE,D,20150113,000000,21.085,21.085,21.085,21.085,0,0
LAB_PE,D,20150114,000000,21.085,21.085,21.085,21.085,0,0
LAB_PE,D,20150115,000000,20.794,20.794,20.504,20.504,0,0
LAB_PE,D,20150116,000000,20.504,20.504,20.504,20.504,0,0
LAB_PE,D,20150119,000000,20.504,20.504,20.504,20.504,0,0
LAB_PE,D,20150120,000000,20.504,20.504,20.504,20.504,0,0
LAB_PE,D,20150121,000000,20.504,20.504,20.504,20.504,0,0
LAB_PE,D,20150122,000000,20.504,20.504,20.504,20.504,0,0
LAB_PE,D,20150123,000000,20.504,20.504,20.504,20.504,0,0
LAB_PE,D,20150126,000000,20.407,20.407,20.407,20.407,0,0
LAB_PE,D,20150127,000000,20.407,20.407,20.407,20.407,0,0
LAB_PE,D,20150128,000000,20.407,20.407,20.407,20.407,0,0
LAB_PE,D,20150129,000000,20.407,20.407,20.407,20.407,0,0
LAB_PE,D,20150130,000000,20.407,20.407,20.407,20.407,0,0
LAB_PE,D,20150202,000000,20.407,20.407,20.407,20.407,0,0
LAB_PE,D,20150203,000000,20.407,20.407,20.407,20.407,0,0
LAB_PE,D,20150204,000000,20.407,20.407,20.407,20.407,0,0
LAB_PE,D,20150205,000000,20.407,20.407,20.407,20.407,0,0
LAB_PE,D,20150206,000000,20.407,22.148,20.407,22.148,0,0
LAB_PE,D,20150209,000000,21.858,21.858,21.858,21.858,0,0
LAB_PE,D,20150210,000000,21.955,22.148,21.955,22.148,0,0
LAB_PE,D,20150211,000000,21.858,22.148,21.858,22.148,0,0
LAB_PE,D,20150212,000000,22.148,22.148,22.148,22.148,0,0
LAB_PE,D,20150213,000000,22.148,22.148,22.148,22.148,0,0
LAB_PE,D,20150216,000000,22.148,22.148,20.311,20.311,0,0
LAB_PE,D,20150217,000000,20.311,20.311,20.311,20.311,0,0
LAB_PE,D,20150218,000000,20.311,20.311,20.311,20.311,0,0
LAB_PE,D,20150219,000000,20.311,20.311,20.311,20.311,0,0
LAB_PE,D,20150220,000000,20.311,20.311,20.311,20.311,0,0
LAB_PE,D,20150223,000000,20.311,20.311,20.311,20.311,0,0
LAB_PE,D,20150224,000000,20.311,20.311,20.311,20.311,0,0
LAB_PE,D,20150225,000000,20.311,20.311,20.311,20.311,0,0
LAB_PE,D,20150226,000000,20.311,20.311,20.311,20.311,0,0
LAB_PE,D,20150227,000000,20.311,20.311,20.311,20.311,0,0
LAB_PE,D,20150302,000000,20.311,20.311,20.311,20.311,0,0
LAB_PE,D,20150303,000000,20.311,20.311,19.15,20.311,0,0
LAB_PE,D,20150304,000000,20.311,20.311,20.311,20.311,0,0
LAB_PE,D,20150305,000000,20.311,20.311,20.311,20.311,0,0
LAB_PE,D,20150306,000000,20.311,20.311,20.311,20.311,0,0
LAB_PE,D,20150309,000000,20.311,20.311,20.311,20.311,0,0
LAB_PE,D,20150310,000000,20.311,20.311,19.247,19.247,0,0
LAB_PE,D,20150313,000000,19.247,19.247,19.247,19.247,0,0
LAB_PE,D,20150316,000000,19.247,19.247,19.247,19.247,0,0
LAB_PE,D,20150317,000000,19.247,19.247,19.247,19.247,0,0
LAB_PE,D,20150318,000000,19.247,19.247,19.247,19.247,0,0
LAB_PE,D,20150319,000000,19.247,19.247,19.247,19.247,0,0
LAB_PE,D,20150320,000000,19.247,19.247,19.247,19.247,0,0
LAB_PE,D,20150323,000000,19.247,19.247,19.247,19.247,0,0
LAB_PE,D,20150324,000000,19.247,19.247,19.247,19.247,0,0
LAB_PE,D,20150325,000000,19.247,19.247,19.247,19.247,0,0
LAB_PE,D,20150326,000000,19.247,19.247,19.247,19.247,0,0
LAB_PE,D,20150327,000000,19.247,19.247,19.247,19.247,0,0
LAB_PE,D,20150330,000000,19.247,19.247,19.247,19.247,0,0
LAB_PE,D,20150331,000000,19.247,19.247,19.247,19.247,0,0
LAB_PE,D,20150401,000000,19.247,19.247,19.247,19.247,0,0
LAB_PE,D,20150402,000000,19.247,19.247,19.247,19.247,0,0
LAB_PE,D,20150407,000000,19.247,19.247,18.666,18.666,0,0
LAB_PE,D,20150408,000000,19.247,19.247,18.086,18.183,0,0
LAB_PE,D,20150409,000000,19.247,19.247,19.247,19.247,0,0
LAB_PE,D,20150410,000000,19.247,19.247,19.247,19.247,0,0
LAB_PE,D,20150413,000000,19.247,19.247,19.247,19.247,0,0
LAB_PE,D,20150414,000000,19.247,19.247,19.247,19.247,0,0
LAB_PE,D,20150415,000000,19.247,19.247,19.247,19.247,0,0
LAB_PE,D,20150416,000000,19.247,19.247,19.247,19.247,0,0
LAB_PE,D,20150417,000000,19.247,19.247,19.247,19.247,0,0
LAB_PE,D,20150420,000000,19.247,19.247,19.247,19.247,0,0
LAB_PE,D,20150421,000000,19.247,19.247,19.247,19.247,0,0
LAB_PE,D,20150422,000000,19.247,19.247,19.247,19.247,0,0
LAB_PE,D,20150423,000000,19.247,19.247,19.247,19.247,0,0
LAB_PE,D,20150424,000000,19.247,19.247,19.247,19.247,0,0
LAB_PE,D,20150427,000000,19.537,20.214,19.537,20.214,0,0
LAB_PE,D,20150504,000000,20.311,20.311,20.311,20.311,0,0
LAB_PE,D,20150506,000000,20.311,20.311,20.311,20.311,0,0
LAB_PE,D,20150508,000000,20.311,20.311,20.311,20.311,0,0
LAB_PE,D,20150518,000000,20.311,20.311,20.311,20.311,0,0
LAB_PE,D,20150521,000000,20.311,20.311,20.117,20.117,0,0
LAB_PE,D,20150525,000000,19.923,19.923,19.923,19.923,0,0
LAB_PE,D,20150526,000000,19.923,19.923,19.923,19.923,0,0
LAB_PE,D,20150527,000000,18.666,20.117,18.666,20.117,0,0
LAB_PE,D,20150528,000000,20.117,20.891,20.117,20.891,0,0
LAB_PE,D,20150529,000000,20.891,20.891,20.891,20.891,0,0
LAB_PE,D,20150601,000000,20.891,20.891,20.891,20.891,0,0
LAB_PE,D,20150602,000000,20.891,20.891,20.891,20.891,0,0
LAB_PE,D,20150603,000000,20.891,20.891,20.891,20.891,0,0
LAB_PE,D,20150605,000000,20.891,20.891,20.891,20.891,0,0
LAB_PE,D,20150608,000000,20.891,20.891,20.891,20.891,0,0
LAB_PE,D,20150609,000000,20.891,20.891,20.891,20.891,0,0
LAB_PE,D,20150610,000000,20.891,20.891,20.891,20.891,0,0
LAB_PE,D,20150611,000000,20.891,23.405,20.891,23.405,0,0
LAB_PE,D,20150612,000000,23.405,23.405,23.405,23.405,0,0
LAB_PE,D,20150615,000000,23.405,23.405,23.405,23.405,0,0
LAB_PE,D,20150616,000000,23.405,23.405,23.405,23.405,0,0
LAB_PE,D,20150617,000000,23.405,23.405,23.405,23.405,0,0
LAB_PE,D,20150618,000000,23.405,23.405,23.405,23.405,0,0
LAB_PE,D,20150619,000000,23.405,23.405,23.405,23.405,0,0
LAB_PE,D,20150622,000000,23.405,23.405,23.405,23.405,0,0
LAB_PE,D,20150623,000000,23.405,23.405,23.405,23.405,0,0
LAB_PE,D,20150624,000000,23.405,23.405,23.405,23.405,0,0
LAB_PE,D,20150625,000000,23.405,23.405,23.405,23.405,0,0
LAB_PE,D,20150626,000000,23.405,23.405,23.405,23.405,0,0
LAB_PE,D,20150629,000000,23.405,23.405,23.405,23.405,0,0
LAB_PE,D,20150630,000000,23.405,23.405,23.405,23.405,0,0
LAB_PE,D,20150701,000000,23.405,23.405,23.405,23.405,0,0
LAB_PE,D,20150702,000000,23.405,23.405,23.405,23.405,0,0
LAB_PE,D,20150703,000000,23.405,23.405,23.405,23.405,0,0
LAB_PE,D,20150706,000000,23.405,23.405,23.405,23.405,0,0
LAB_PE,D,20150707,000000,23.405,23.405,23.405,23.405,0,0
LAB_PE,D,20150708,000000,23.405,23.405,23.405,23.405,0,0
LAB_PE,D,20150709,000000,23.405,23.405,23.405,23.405,0,0
LAB_PE,D,20150710,000000,23.405,23.405,23.405,23.405,0,0
LAB_PE,D,20150713,000000,23.405,23.405,23.405,23.405,0,0
LAB_PE,D,20150714,000000,23.405,23.405,23.405,23.405,0,0
LAB_PE,D,20150715,000000,23.405,23.405,23.405,23.405,0,0
LAB_PE,D,20150716,000000,23.405,23.405,23.405,23.405,0,0
LAB_PE,D,20150717,000000,23.405,23.405,23.405,23.405,0,0
LAB_PE,D,20150721,000000,23.405,23.405,23.405,23.405,0,0
LAB_PE,D,20150722,000000,23.405,23.405,23.405,23.405,0,0
LAB_PE,D,20150723,000000,23.405,23.405,23.405,23.405,0,0
LAB_PE,D,20150724,000000,23.405,23.405,23.405,23.405,0,0
LAB_PE,D,20150727,000000,23.405,23.405,23.405,23.405,0,0
LAB_PE,D,20150728,000000,23.405,23.405,23.405,23.405,0,0
LAB_PE,D,20150729,000000,23.405,23.405,23.405,23.405,0,0
LAB_PE,D,20150730,000000,23.405,23.405,23.405,23.405,0,0
LAB_PE,D,20150731,000000,23.405,23.405,23.405,23.405,0,0
LAB_PE,D,20150803,000000,23.405,23.405,23.405,23.405,0,0
LAB_PE,D,20150804,000000,23.405,23.405,23.405,23.405,0,0
LAB_PE,D,20150805,000000,23.405,23.405,23.405,23.405,0,0
LAB_PE,D,20150806,000000,23.405,23.405,23.405,23.405,0,0
LAB_PE,D,20150807,000000,23.405,23.405,23.405,23.405,0,0
LAB_PE,D,20150810,000000,23.405,23.405,23.405,23.405,0,0
LAB_PE,D,20150811,000000,23.405,23.405,23.405,23.405,0,0
LAB_PE,D,20150812,000000,23.405,23.405,23.405,23.405,0,0
LAB_PE,D,20150813,000000,23.405,23.405,23.405,23.405,0,0
LAB_PE,D,20150814,000000,23.405,23.405,23.405,23.405,0,0
LAB_PE,D,20150817,000000,23.405,23.405,23.405,23.405,0,0
LAB_PE,D,20150818,000000,23.405,23.405,23.405,23.405,0,0
LAB_PE,D,20150819,000000,23.405,23.405,23.405,23.405,0,0
LAB_PE,D,20150820,000000,23.405,23.405,23.405,23.405,0,0
LAB_PE,D,20150821,000000,23.405,23.405,23.405,23.405,0,0
LAB_PE,D,20150824,000000,23.405,23.405,17.506,17.506,0,0
LAB_PE,D,20150825,000000,17.506,17.506,17.506,17.506,0,0
LAB_PE,D,20150826,000000,17.506,17.603,17.506,17.603,0,0
LAB_PE,D,20150827,000000,17.603,17.603,16.732,17.603,0,0
LAB_PE,D,20150910,000000,17.409,17.409,17.409,17.409,0,0
LAB_PE,D,20150911,000000,17.409,17.409,17.409,17.409,0,0
LAB_PE,D,20150914,000000,17.409,17.409,17.409,17.409,0,0
LAB_PE,D,20150915,000000,17.409,17.796,17.409,17.796,0,0
LAB_PE,D,20150916,000000,17.796,17.796,17.796,17.796,0,0
LAB_PE,D,20150917,000000,17.796,17.796,17.796,17.796,0,0
LAB_PE,D,20150918,000000,17.796,17.796,17.796,17.796,0,0
LAB_PE,D,20150921,000000,17.796,17.796,17.796,17.796,0,0
LAB_PE,D,20150922,000000,17.796,17.796,17.796,17.796,0,0
LAB_PE,D,20150923,000000,17.796,17.796,17.796,17.796,0,0
LAB_PE,D,20150924,000000,17.796,17.796,17.796,17.796,0,0
LAB_PE,D,20150925,000000,17.796,17.796,17.796,17.796,0,0
LAB_PE,D,20150928,000000,17.796,17.796,17.796,17.796,0,0
LAB_PE,D,20150929,000000,17.796,17.796,17.796,17.796,0,0
LAB_PE,D,20150930,000000,17.796,17.796,17.796,17.796,0,0
LAB_PE,D,20151001,000000,17.796,17.796,17.796,17.796,0,0
LAB_PE,D,20151002,000000,17.796,17.796,17.796,17.796,0,0
LAB_PE,D,20151005,000000,17.796,17.796,17.796,17.796,0,0
LAB_PE,D,20151006,000000,17.796,17.796,17.796,17.796,0,0
LAB_PE,D,20151007,000000,17.796,17.796,17.796,17.796,0,0
LAB_PE,D,20151008,000000,17.796,17.796,17.796,17.796,0,0
LAB_PE,D,20151009,000000,17.796,17.796,17.796,17.796,0,0
LAB_PE,D,20151012,000000,17.796,17.796,17.796,17.796,0,0
LAB_PE,D,20151013,000000,17.796,17.796,17.796,17.796,0,0
LAB_PE,D,20151014,000000,17.796,17.796,17.796,17.796,0,0
LAB_PE,D,20151015,000000,17.796,17.796,17.796,17.796,0,0
LAB_PE,D,20151016,000000,17.796,17.796,17.796,17.796,0,0
LAB_PE,D,20151019,000000,17.989,18.28,17.796,17.796,0,0
LAB_PE,D,20151020,000000,17.796,17.796,17.796,17.796,0,0
LAB_PE,D,20151021,000000,17.603,17.603,17.118,17.118,0,0
LAB_PE,D,20151022,000000,17.118,17.118,17.118,17.118,0,0
LAB_PE,D,20151023,000000,17.216,17.216,17.118,17.118,0,0
LAB_PE,D,20151026,000000,17.118,17.603,17.118,17.506,0,0
LAB_PE,D,20151027,000000,17.506,17.506,16.732,17.118,0,0
LAB_PE,D,20151028,000000,17.118,17.313,16.249,17.313,0,0
LAB_PE,D,20151029,000000,16.829,17.313,16.055,17.313,0,0
LAB_PE,D,20151030,000000,17.022,17.216,16.539,17.118,0,0
LAB_PE,D,20151102,000000,16.829,17.118,16.732,17.118,0,0
LAB_PE,D,20151103,000000,16.635,17.118,16.635,17.118,0,0
LAB_PE,D,20151104,000000,17.118,17.118,16.732,17.022,0,0
LAB_PE,D,20151105,000000,16.732,16.925,16.732,16.925,0,0
LAB_PE,D,20151106,000000,16.925,16.925,16.732,16.732,0,0
LAB_PE,D,20151109,000000,16.829,16.829,16.635,16.635,0,0
LAB_PE,D,20151110,000000,16.732,18.57,16.635,18.57,0,0
LAB_PE,D,20151112,000000,18.473,18.57,17.989,18.473,0,0
LAB_PE,D,20151113,000000,18.183,18.473,18.086,18.473,0,0
LAB_PE,D,20151116,000000,18.473,18.473,18.183,18.376,0,0
LAB_PE,D,20151117,000000,18.376,18.376,18.376,18.376,0,0
LAB_PE,D,20151118,000000,18.376,18.376,18.28,18.28,0,0
LAB_PE,D,20151119,000000,18.28,18.28,17.989,18.28,0,0
LAB_PE,D,20151120,000000,18.28,18.28,18.28,18.28,0,0
LAB_PE,D,20151123,000000,18.28,18.28,17.892,18.183,0,0
LAB_PE,D,20151124,000000,18.28,18.28,18.086,18.086,0,0
LAB_PE,D,20151125,000000,17.699,18.086,17.699,18.086,0,0
LAB_PE,D,20151126,000000,18.086,18.28,17.796,18.183,0,0
LAB_PE,D,20151127,000000,18.183,18.183,18.086,18.183,0,0
LAB_PE,D,20151130,000000,18.183,18.183,17.699,18.183,0,0
LAB_PE,D,20151201,000000,17.699,18.183,17.699,18.183,0,0
LAB_PE,D,20151202,000000,18.183,18.183,17.796,18.183,0,0
LAB_PE,D,20151203,000000,17.796,18.183,17.313,18.183,0,0
LAB_PE,D,20151204,000000,18.183,18.183,17.699,18.183,0,0
LAB_PE,D,20151207,000000,18.183,18.183,17.118,18.183,0,0
LAB_PE,D,20151208,000000,17.118,17.989,16.925,17.989,0,0
LAB_PE,D,20151209,000000,17.989,18.183,16.442,18.183,0,0
LAB_PE,D,20151210,000000,17.118,18.183,16.829,18.086,0,0
LAB_PE,D,20151211,000000,17.409,18.086,16.925,18.086,0,0
LAB_PE,D,20151214,000000,16.925,17.796,16.539,17.699,0,0
LAB_PE,D,20151215,000000,16.635,17.603,16.442,17.603,0,0
LAB_PE,D,20151216,000000,16.346,18.376,16.055,18.376,0,0
LAB_PE,D,20151217,000000,18.376,18.956,18.376,18.956,0,0
LAB_PE,D,20151218,000000,18.086,18.956,17.989,18.859,0,0
LAB_PE,D,20151221,000000,18.956,18.956,18.859,18.859,0,0
LAB_PE,D,20151222,000000,19.247,19.247,16.925,17.118,0,0
LAB_PE,D,20151223,000000,16.249,16.249,15.475,15.475,0,0
LAB_PE,D,20151228,000000,16.925,16.925,14.798,14.894,0,0
LAB_PE,D,20151229,000000,14.894,14.894,14.508,14.508,0,0
LAB_PE,D,20151230,000000,13.927,13.927,12.767,13.347,0,0
LAB_PE,D,20160104,000000,12.67,13.831,12.67,13.831,0,0
LAB_PE,D,20160105,000000,13.057,13.057,13.057,13.057,0,0
LAB_PE,D,20160107,000000,13.25,13.541,13.153,13.541,0,0
LAB_PE,D,20160108,000000,13.541,13.541,13.153,13.347,0,0
LAB_PE,D,20160111,000000,13.347,13.347,13.347,13.347,0,0
LAB_PE,D,20160112,000000,13.347,13.541,13.347,13.541,0,0
LAB_PE,D,20160113,000000,13.347,13.541,13.347,13.541,0,0
LAB_PE,D,20160114,000000,13.347,13.541,13.347,13.541,0,0
LAB_PE,D,20160115,000000,13.541,13.541,13.541,13.541,0,0
LAB_PE,D,20160118,000000,13.541,13.541,13.443,13.443,0,0
LAB_PE,D,20160119,000000,13.443,13.443,13.347,13.443,0,0
LAB_PE,D,20160120,000000,13.443,13.443,12.863,12.863,0,0
LAB_PE,D,20160121,000000,12.767,13.25,12.67,13.153,0,0
LAB_PE,D,20160122,000000,13.153,13.153,13.153,13.153,0,0
LAB_PE,D,20160125,000000,13.153,13.153,12.96,13.153,0,0
LAB_PE,D,20160126,000000,13.153,13.153,12.96,12.96,0,0
LAB_PE,D,20160127,000000,13.153,13.153,12.96,12.96,0,0
LAB_PE,D,20160128,000000,13.153,13.153,13.153,13.153,0,0
LAB_PE,D,20160129,000000,13.153,13.153,13.153,13.153,0,0
LAB_PE,D,20160201,000000,13.153,13.153,13.153,13.153,0,0
LAB_PE,D,20160202,000000,13.153,13.153,13.153,13.153,0,0
LAB_PE,D,20160203,000000,13.153,13.153,12.379,12.767,0,0
LAB_PE,D,20160204,000000,12.863,12.863,12.767,12.767,0,0
LAB_PE,D,20160205,000000,12.863,12.863,12.67,12.67,0,0
LAB_PE,D,20160208,000000,12.767,12.767,12.767,12.767,0,0
LAB_PE,D,20160209,000000,12.767,12.767,12.767,12.767,0,0
LAB_PE,D,20160210,000000,12.863,12.863,12.767,12.767,0,0
LAB_PE,D,20160211,000000,12.767,12.767,12.767,12.767,0,0
LAB_PE,D,20160212,000000,12.767,12.767,12.767,12.767,0,0
LAB_PE,D,20160215,000000,12.767,12.767,12.767,12.767,0,0
LAB_PE,D,20160216,000000,12.767,13.057,12.767,13.057,0,0
LAB_PE,D,20160217,000000,12.863,12.863,12.863,12.863,0,0
LAB_PE,D,20160218,000000,12.863,12.863,12.863,12.863,0,0
LAB_PE,D,20160219,000000,12.863,12.863,12.863,12.863,0,0
LAB_PE,D,20160222,000000,12.863,12.863,12.863,12.863,0,0
LAB_PE,D,20160223,000000,12.863,12.863,12.863,12.863,0,0
LAB_PE,D,20160224,000000,12.863,12.863,12.67,12.67,0,0
LAB_PE,D,20160225,000000,12.863,12.863,12.67,12.863,0,0
LAB_PE,D,20160226,000000,12.863,12.863,12.863,12.863,0,0
LAB_PE,D,20160229,000000,12.863,12.863,12.863,12.863,0,0
LAB_PE,D,20160301,000000,12.863,12.863,12.863,12.863,0,0
LAB_PE,D,20160302,000000,12.863,12.863,12.863,12.863,0,0
LAB_PE,D,20160303,000000,12.863,18.666,12.863,18.666,0,0
LAB_PE,D,20160304,000000,18.666,18.666,18.666,18.666,0,0
LAB_PE,D,20160307,000000,18.666,19.633,18.666,19.633,0,0
LAB_PE,D,20160308,000000,18.666,18.666,18.666,18.666,0,0
LAB_PE,D,20160309,000000,18.666,18.666,18.666,18.666,0,0
LAB_PE,D,20160310,000000,18.666,18.666,18.666,18.666,0,0
LAB_PE,D,20160311,000000,18.666,19.73,18.666,19.73,0,0
LAB_PE,D,20160314,000000,19.73,20.117,19.73,20.117,0,0
LAB_PE,D,20160315,000000,20.021,20.601,19.923,20.504,0,0
LAB_PE,D,20160316,000000,20.504,20.794,20.504,20.794,0,0
LAB_PE,D,20160317,000000,20.601,20.601,20.504,20.504,0,0
LAB_PE,D,20160318,000000,20.504,21.374,20.504,21.374,0,0
LAB_PE,D,20160321,000000,21.181,21.374,21.181,21.374,0,0
LAB_PE,D,20160322,000000,21.374,21.374,21.374,21.374,0,0
LAB_PE,D,20160323,000000,21.085,21.085,20.794,21.085,0,0
LAB_PE,D,20160324,000000,20.311,21.181,20.311,21.181,0,0
LAB_PE,D,20160329,000000,21.085,21.085,19.44,20.021,0,0
LAB_PE,D,20160330,000000,20.214,20.214,20.214,20.214,0,0
LAB_PE,D,20160331,000000,20.214,20.214,20.214,20.214,0,0
LAB_PE,D,20160401,000000,20.214,20.891,20.214,20.891,0,0
LAB_PE,D,20160404,000000,20.891,20.891,20.794,20.891,0,0
LAB_PE,D,20160405,000000,20.891,20.891,20.697,20.794,0,0
LAB_PE,D,20160406,000000,20.794,20.794,20.794,20.794,0,0
LAB_PE,D,20160407,000000,20.794,20.794,20.794,20.794,0,0
LAB_PE,D,20160408,000000,20.794,20.794,20.794,20.794,0,0
LAB_PE,D,20160411,000000,20.794,20.794,20.794,20.794,0,0
LAB_PE,D,20160412,000000,20.794,20.794,20.407,20.407,0,0
LAB_PE,D,20160413,000000,20.407,20.794,20.214,20.794,0,0
LAB_PE,D,20160414,000000,20.794,20.794,20.504,20.697,0,0
LAB_PE,D,20160415,000000,20.794,20.794,20.697,20.697,0,0
LAB_PE,D,20160418,000000,20.697,20.794,20.697,20.794,0,0
LAB_PE,D,20160419,000000,20.794,20.794,20.794,20.794,0,0
LAB_PE,D,20160420,000000,20.697,20.794,20.697,20.794,0,0
LAB_PE,D,20160421,000000,20.794,20.794,20.697,20.794,0,0
LAB_PE,D,20160422,000000,20.794,20.794,20.697,20.794,0,0
LAB_PE,D,20160425,000000,20.794,20.794,20.697,20.794,0,0
LAB_PE,D,20160426,000000,20.794,20.794,20.697,20.794,0,0
LAB_PE,D,20160427,000000,20.794,20.794,20.794,20.794,0,0
LAB_PE,D,20160428,000000,20.794,20.794,20.697,20.697,0,0
LAB_PE,D,20160429,000000,20.697,20.697,20.697,20.697,0,0
LAB_PE,D,20160502,000000,20.697,20.697,20.697,20.697,0,0
LAB_PE,D,20160504,000000,20.697,20.697,20.504,20.601,0,0
LAB_PE,D,20160505,000000,20.794,20.794,20.601,20.601,0,0
LAB_PE,D,20160506,000000,20.794,20.794,20.794,20.794,0,0
LAB_PE,D,20160509,000000,20.794,20.794,20.697,20.794,0,0
LAB_PE,D,20160510,000000,20.794,21.374,20.794,21.374,0,0
LAB_PE,D,20160511,000000,20.891,20.891,19.054,19.15,0,0
LAB_PE,D,20160512,000000,19.344,19.344,19.15,19.15,0,0
LAB_PE,D,20160513,000000,19.15,20.988,19.15,20.988,0,0
LAB_PE,D,20160516,000000,20.697,20.697,20.697,20.697,0,0
LAB_PE,D,20160517,000000,20.697,20.697,20.697,20.697,0,0
LAB_PE,D,20160518,000000,20.697,20.697,20.697,20.697,0,0
LAB_PE,D,20160519,000000,20.697,20.988,20.697,20.988,0,0
LAB_PE,D,20160520,000000,20.697,20.697,20.697,20.697,0,0
LAB_PE,D,20160523,000000,20.697,20.697,20.697,20.697,0,0
LAB_PE,D,20160524,000000,20.697,20.697,20.697,20.697,0,0
LAB_PE,D,20160525,000000,20.697,20.697,20.697,20.697,0,0
LAB_PE,D,20160527,000000,20.697,20.697,20.697,20.697,0,0
LAB_PE,D,20160530,000000,20.697,20.697,20.697,20.697,0,0
LAB_PE,D,20160531,000000,20.697,20.697,20.697,20.697,0,0
LAB_PE,D,20160601,000000,20.697,20.697,18.666,18.666,0,0
LAB_PE,D,20160602,000000,18.859,18.956,18.086,18.859,0,0
LAB_PE,D,20160603,000000,18.859,18.859,18.859,18.859,0,0
LAB_PE,D,20160606,000000,18.859,18.859,18.859,18.859,0,0
LAB_PE,D,20160607,000000,18.859,18.859,18.859,18.859,0,0
LAB_PE,D,20160608,000000,18.859,18.859,18.859,18.859,0,0
LAB_PE,D,20160609,000000,18.859,18.859,18.859,18.859,0,0
LAB_PE,D,20160610,000000,18.57,18.859,18.57,18.859,0,0
LAB_PE,D,20160613,000000,18.859,18.859,18.859,18.859,0,0
LAB_PE,D,20160614,000000,18.859,18.859,18.859,18.859,0,0
LAB_PE,D,20160615,000000,18.859,18.956,18.859,18.956,0,0
LAB_PE,D,20160616,000000,19.054,19.054,18.956,18.956,0,0
LAB_PE,D,20160617,000000,18.956,18.956,18.859,18.859,0,0
LAB_PE,D,20160620,000000,18.859,18.956,18.859,18.859,0,0
LAB_PE,D,20160621,000000,18.859,18.859,18.859,18.859,0,0
LAB_PE,D,20160622,000000,18.859,20.601,18.859,19.73,0,0
LAB_PE,D,20160623,000000,19.73,19.73,19.73,19.73,0,0
LAB_PE,D,20160624,000000,19.73,19.73,19.73,19.73,0,0
LAB_PE,D,20160627,000000,19.054,19.054,19.054,19.054,0,0
LAB_PE,D,20160628,000000,19.054,19.054,18.956,18.956,0,0
LAB_PE,D,20160629,000000,18.859,18.859,17.118,17.118,0,0
LAB_PE,D,20160630,000000,17.506,17.892,17.118,17.603,0,0
LAB_PE,D,20160701,000000,17.603,17.603,17.603,17.603,0,0
LAB_PE,D,20160704,000000,17.603,17.603,17.603,17.603,0,0
LAB_PE,D,20160705,000000,17.603,17.603,17.603,17.603,0,0
LAB_PE,D,20160706,000000,17.603,17.603,17.603,17.603,0,0
LAB_PE,D,20160707,000000,17.603,17.603,17.603,17.603,0,0
LAB_PE,D,20160708,000000,17.603,17.603,17.603,17.603,0,0
LAB_PE,D,20160711,000000,17.603,17.603,17.603,17.603,0,0
LAB_PE,D,20160712,000000,17.603,17.603,17.603,17.603,0,0
LAB_PE,D,20160713,000000,17.603,17.603,17.603,17.603,0,0
LAB_PE,D,20160714,000000,17.603,17.603,17.603,17.603,0,0
LAB_PE,D,20160715,000000,17.603,17.603,17.603,17.603,0,0
LAB_PE,D,20160718,000000,17.603,17.603,17.603,17.603,0,0
LAB_PE,D,20160719,000000,17.603,17.603,17.409,17.409,0,0
LAB_PE,D,20160720,000000,17.409,17.603,17.216,17.603,0,0
LAB_PE,D,20160721,000000,17.603,17.603,15.861,15.861,0,0
LAB_PE,D,20160722,000000,16.829,16.829,15.281,16.346,0,0
LAB_PE,D,20160725,000000,16.346,16.346,15.572,15.765,0,0
LAB_PE,D,20160726,000000,15.861,16.151,15.861,16.151,0,0
LAB_PE,D,20160727,000000,15.958,15.958,15.958,15.958,0,0
LAB_PE,D,20160728,000000,15.958,15.958,15.378,15.958,0,0
LAB_PE,D,20160729,000000,15.958,16.151,15.958,16.151,0,0
LAB_PE,D,20160801,000000,15.958,16.151,15.958,16.151,0,0
LAB_PE,D,20160802,000000,16.151,16.151,15.765,15.765,0,0
LAB_PE,D,20160803,000000,15.765,15.765,15.765,15.765,0,0
LAB_PE,D,20160804,000000,15.765,15.958,15.765,15.958,0,0
LAB_PE,D,20160805,000000,15.958,15.958,15.958,15.958,0,0
LAB_PE,D,20160808,000000,15.958,15.958,15.958,15.958,0,0
LAB_PE,D,20160809,000000,15.958,15.958,15.958,15.958,0,0
LAB_PE,D,20160810,000000,15.958,15.958,15.958,15.958,0,0
LAB_PE,D,20160811,000000,15.958,15.958,15.281,15.958,0,0
LAB_PE,D,20160812,000000,15.765,15.958,15.765,15.958,0,0
LAB_PE,D,20160816,000000,15.765,15.958,15.765,15.958,0,0
LAB_PE,D,20160817,000000,15.958,15.958,15.958,15.958,0,0
LAB_PE,D,20160818,000000,15.958,16.055,15.958,16.055,0,0
LAB_PE,D,20160819,000000,16.055,16.346,16.055,16.249,0,0
LAB_PE,D,20160822,000000,16.249,16.539,16.151,16.539,0,0
LAB_PE,D,20160823,000000,16.539,16.539,16.539,16.539,0,0
LAB_PE,D,20160824,000000,16.539,16.829,16.151,16.829,0,0
LAB_PE,D,20160825,000000,16.732,16.829,16.732,16.829,0,0
LAB_PE,D,20160826,000000,16.732,16.732,16.732,16.732,0,0
LAB_PE,D,20160829,000000,16.732,16.732,16.732,16.732,0,0
LAB_PE,D,20160830,000000,16.732,16.732,16.732,16.732,0,0
LAB_PE,D,20160831,000000,16.732,33.657,16.732,33.657,0,0
LAB_PE,D,20160901,000000,33.464,34.141,33.464,34.141,0,0
LAB_PE,D,20160902,000000,33.464,33.464,33.367,33.367,0,0
LAB_PE,D,20160905,000000,33.367,33.367,31.82,32.981,0,0
LAB_PE,D,20160906,000000,33.367,33.367,32.787,32.787,0,0
LAB_PE,D,20160907,000000,33.367,33.367,31.82,32.593,0,0
LAB_PE,D,20160908,000000,32.593,32.593,32.4,32.593,0,0
LAB_PE,D,20160909,000000,32.593,32.593,31.82,31.916,0,0
LAB_PE,D,20160912,000000,32.497,32.787,32.497,32.787,0,0
LAB_PE,D,20160913,000000,32.787,32.787,32.787,32.787,0,0
LAB_PE,D,20160914,000000,32.787,32.787,31.916,31.916,0,0
LAB_PE,D,20160915,000000,32.787,32.787,31.916,31.916,0,0
LAB_PE,D,20160916,000000,31.433,32.69,31.433,32.593,0,0
LAB_PE,D,20160919,000000,32.593,32.787,31.82,32.787,0,0
LAB_PE,D,20160920,000000,32.787,32.787,32.787,32.787,0,0
LAB_PE,D,20160921,000000,32.787,32.883,32.787,32.883,0,0
LAB_PE,D,20160922,000000,32.883,32.883,32.787,32.787,0,0
LAB_PE,D,20160923,000000,32.787,32.787,32.787,32.787,0,0
LAB_PE,D,20160926,000000,32.787,32.787,32.787,32.787,0,0
LAB_PE,D,20160927,000000,32.787,32.787,32.787,32.787,0,0
LAB_PE,D,20160928,000000,32.787,32.787,32.787,32.787,0,0
LAB_PE,D,20160929,000000,32.787,32.787,30.176,30.176,0,0
LAB_PE,D,20160930,000000,30.176,31.626,30.176,31.53,0,0
LAB_PE,D,20161003,000000,31.53,31.53,31.53,31.53,0,0
LAB_PE,D,20161004,000000,30.466,30.466,30.079,30.176,0,0
LAB_PE,D,20161005,000000,30.176,31.626,30.176,30.369,0,0
LAB_PE,D,20161006,000000,31.046,31.046,29.789,29.982,0,0
LAB_PE,D,20161007,000000,29.692,29.982,29.692,29.982,0,0
LAB_PE,D,20161010,000000,29.982,30.852,27.274,28.435,0,0
LAB_PE,D,20161011,000000,28.822,28.822,26.501,26.597,0,0
LAB_PE,D,20161012,000000,26.307,27.661,26.113,27.177,0,0
LAB_PE,D,20161013,000000,27.177,27.565,25.436,27.468,0,0
LAB_PE,D,20161014,000000,27.468,27.468,26.113,27.177,0,0
LAB_PE,D,20161017,000000,27.177,27.177,27.177,27.177,0,0
LAB_PE,D,20161018,000000,27.177,27.177,27.081,27.081,0,0
LAB_PE,D,20161019,000000,27.081,27.081,27.081,27.081,0,0
LAB_PE,D,20161020,000000,27.081,27.081,27.081,27.081,0,0
LAB_PE,D,20161021,000000,27.081,27.081,27.081,27.081,0,0
LAB_PE,D,20161024,000000,27.081,28.918,27.081,28.822,0,0
LAB_PE,D,20161025,000000,27.951,28.241,27.854,27.854,0,0
LAB_PE,D,20161026,000000,29.111,29.595,29.111,29.595,0,0
LAB_PE,D,20161027,000000,29.208,29.208,28.822,28.822,0,0
LAB_PE,D,20161028,000000,28.435,28.435,28.435,28.435,0,0
LAB_PE,D,20161031,000000,28.435,28.435,28.435,28.435,0,0
LAB_PE,D,20161102,000000,28.435,28.435,28.339,28.339,0,0
LAB_PE,D,20161103,000000,28.339,30.176,27.081,30.176,0,0
LAB_PE,D,20161104,000000,29.982,30.176,29.982,30.176,0,0
LAB_PE,D,20161107,000000,29.982,30.176,29.982,30.176,0,0
LAB_PE,D,20161108,000000,29.982,29.982,28.628,28.628,0,0
LAB_PE,D,20161109,000000,29.015,29.111,29.015,29.111,0,0
LAB_PE,D,20161110,000000,27.177,31.433,26.597,31.433,0,0
LAB_PE,D,20161114,000000,32.014,32.014,32.014,32.014,0,0
LAB_PE,D,20161115,000000,32.014,32.497,32.014,32.497,0,0
LAB_PE,D,20161116,000000,33.464,33.464,31.82,33.174,0,0
LAB_PE,D,20161117,000000,32.981,33.367,32.981,33.367,0,0
LAB_PE,D,20161118,000000,33.367,33.367,32.883,33.367,0,0
LAB_PE,D,20161121,000000,33.367,33.367,33.367,33.367,0,0
LAB_PE,D,20161122,000000,33.367,33.367,33.367,33.367,0,0
LAB_PE,D,20161123,000000,33.367,33.367,33.367,33.367,0,0
LAB_PE,D,20161124,000000,33.367,33.464,31.82,31.82,0,0
LAB_PE,D,20161125,000000,31.916,31.916,30.273,30.273,0,0
LAB_PE,D,20161128,000000,30.466,31.626,30.466,31.433,0,0
LAB_PE,D,20161129,000000,31.433,31.433,29.402,29.402,0,0
LAB_PE,D,20161130,000000,30.369,30.369,30.176,30.176,0,0
LAB_PE,D,20161201,000000,30.176,30.273,29.595,30.273,0,0
LAB_PE,D,20161202,000000,30.273,30.273,30.273,30.273,0,0
LAB_PE,D,20161205,000000,30.273,30.369,28.725,30.273,0,0
LAB_PE,D,20161206,000000,29.402,30.949,29.402,30.949,0,0
LAB_PE,D,20161207,000000,31.046,32.207,31.046,32.207,0,0
LAB_PE,D,20161208,000000,32.207,32.207,29.982,29.982,0,0
LAB_PE,D,20161209,000000,30.563,30.563,30.563,30.563,0,0
LAB_PE,D,20161212,000000,31.143,31.143,30.563,30.563,0,0
LAB_PE,D,20161213,000000,31.143,31.143,30.466,30.466,0,0
LAB_PE,D,20161214,000000,30.466,30.466,30.466,30.466,0,0
LAB_PE,D,20161215,000000,30.466,30.563,30.466,30.466,0,0
LAB_PE,D,20161216,000000,30.466,32.69,30.466,32.69,0,0
LAB_PE,D,20161219,000000,32.014,32.69,31.916,32.69,0,0
LAB_PE,D,20161220,000000,32.014,32.014,29.789,31.337,0,0
LAB_PE,D,20161221,000000,30.852,31.337,30.852,31.337,0,0
LAB_PE,D,20161222,000000,30.852,30.852,29.595,29.595,0,0
LAB_PE,D,20161223,000000,29.595,30.563,29.595,30.563,0,0
LAB_PE,D,20161227,000000,30.949,30.949,30.466,30.466,0,0
LAB_PE,D,20161228,000000,30.466,31.337,29.595,31.337,0,0
LAB_PE,D,20161229,000000,30.852,30.852,30.369,30.466,0,0
LAB_PE,D,20161230,000000,30.466,30.466,29.111,29.111,0,0
LAB_PE,D,20170102,000000,29.692,29.885,29.692,29.885,0,0
LAB_PE,D,20170103,000000,29.885,29.885,29.885,29.885,0,0
LAB_PE,D,20170104,000000,29.692,30.079,29.692,30.079,0,0
LAB_PE,D,20170105,000000,30.079,30.079,30.079,30.079,0,0
LAB_PE,D,20170109,000000,30.079,30.466,30.079,30.466,0,0
LAB_PE,D,20170110,000000,30.466,30.466,30.369,30.369,0,0
LAB_PE,D,20170111,000000,30.369,30.369,30.369,30.369,0,0
LAB_PE,D,20170112,000000,30.369,31.337,30.369,31.337,0,0
LAB_PE,D,20170113,000000,31.337,31.337,30.369,30.369,0,0
LAB_PE,D,20170116,000000,30.369,30.369,30.369,30.369,0,0
LAB_PE,D,20170117,000000,30.369,30.466,30.369,30.369,0,0
LAB_PE,D,20170118,000000,30.369,31.337,30.079,31.337,0,0
LAB_PE,D,20170119,000000,30.659,30.659,28.725,28.822,0,0
LAB_PE,D,20170120,000000,28.822,30.176,28.822,30.176,0,0
LAB_PE,D,20170123,000000,30.949,30.949,30.563,30.563,0,0
LAB_PE,D,20170124,000000,30.563,30.563,27.854,27.951,0,0
LAB_PE,D,20170125,000000,28.725,31.337,28.725,31.337,0,0
LAB_PE,D,20170126,000000,31.046,34.045,31.046,33.657,0,0
LAB_PE,D,20170127,000000,32.593,35.205,32.593,34.045,0,0
LAB_PE,D,20170130,000000,33.85,34.915,33.85,34.915,0,0
LAB_PE,D,20170131,000000,35.205,36.462,35.205,36.365,0,0
LAB_PE,D,20170201,000000,36.365,36.365,33.754,33.85,0,0
LAB_PE,D,20170202,000000,33.85,35.012,31.433,31.626,0,0
LAB_PE,D,20170203,000000,31.626,31.626,30.563,30.756,0,0
LAB_PE,D,20170206,000000,30.273,31.24,30.273,31.24,0,0
LAB_PE,D,20170207,000000,31.24,32.207,31.24,32.207,0,0
LAB_PE,D,20170208,000000,33.078,33.078,32.207,32.207,0,0
LAB_PE,D,20170209,000000,32.207,34.915,32.207,34.915,0,0
LAB_PE,D,20170210,000000,36.269,37.623,36.269,37.623,0,0
LAB_PE,D,20170213,000000,37.623,39.363,37.139,39.17,0,0
LAB_PE,D,20170214,000000,39.17,42.072,39.17,41.975,0,0
LAB_PE,D,20170215,000000,43.716,43.716,38.396,38.396,0,0
LAB_PE,D,20170216,000000,38.977,38.977,38.396,38.396,0,0
LAB_PE,D,20170217,000000,38.977,40.718,38.396,40.718,0,0
LAB_PE,D,20170220,000000,40.428,40.428,40.428,40.428,0,0
LAB_PE,D,20170221,000000,40.428,44.49,39.944,44.393,0,0
LAB_PE,D,20170222,000000,42.459,45.264,42.459,45.264,0,0
LAB_PE,D,20170223,000000,46.231,46.231,44.006,45.65,0,0
LAB_PE,D,20170224,000000,46.038,46.038,43.426,43.426,0,0
LAB_PE,D,20170227,000000,41.975,43.329,41.975,43.329,0,0
LAB_PE,D,20170228,000000,43.426,43.523,43.426,43.523,0,0
LAB_PE,D,20170301,000000,43.523,44.49,41.588,44.49,0,0
LAB_PE,D,20170302,000000,44.49,44.49,43.619,44.49,0,0
LAB_PE,D,20170303,000000,43.329,43.329,43.233,43.233,0,0
LAB_PE,D,20170306,000000,43.233,43.233,43.233,43.233,0,0
LAB_PE,D,20170307,000000,43.233,43.233,42.652,42.652,0,0
LAB_PE,D,20170308,000000,42.652,42.652,42.652,42.652,0,0
LAB_PE,D,20170309,000000,42.652,42.942,42.652,42.942,0,0
LAB_PE,D,20170310,000000,42.942,42.942,42.942,42.942,0,0
LAB_PE,D,20170313,000000,42.942,42.942,42.942,42.942,0,0
LAB_PE,D,20170314,000000,42.942,42.942,42.942,42.942,0,0
LAB_PE,D,20170315,000000,42.942,42.942,42.845,42.942,0,0
LAB_PE,D,20170316,000000,42.942,42.942,42.845,42.942,0,0
LAB_PE,D,20170317,000000,42.942,42.942,42.845,42.845,0,0
LAB_PE,D,20170320,000000,42.942,42.942,41.975,42.845,0,0
LAB_PE,D,20170321,000000,42.942,42.942,41.975,41.975,0,0
LAB_PE,D,20170322,000000,42.845,42.845,41.975,41.975,0,0
LAB_PE,D,20170323,000000,42.845,42.845,41.975,41.975,0,0
LAB_PE,D,20170324,000000,42.845,42.845,39.751,40.911,0,0
LAB_PE,D,20170327,000000,39.558,40.911,39.558,40.911,0,0
LAB_PE,D,20170328,000000,40.911,40.911,39.847,39.847,0,0
LAB_PE,D,20170329,000000,40.234,40.234,39.751,39.751,0,0
LAB_PE,D,20170330,000000,39.751,39.847,39.751,39.751,0,0
LAB_PE,D,20170331,000000,39.751,39.751,20.794,20.794,0,0
LAB_PE,D,20170403,000000,21.085,21.085,20.021,20.021,0,0
LAB_PE,D,20170404,000000,20.214,20.311,20.214,20.311,0,0
LAB_PE,D,20170405,000000,20.117,20.117,19.15,20.021,0,0
LAB_PE,D,20170406,000000,20.021,20.021,18.763,18.859,0,0
LAB_PE,D,20170407,000000,19.44,19.44,18.473,18.859,0,0
LAB_PE,D,20170410,000000,18.859,18.859,18.859,18.859,0,0
LAB_PE,D,20170411,000000,18.859,19.923,18.859,19.923,0,0
LAB_PE,D,20170412,000000,19.247,19.923,19.247,19.923,0,0
LAB_PE,D,20170413,000000,19.827,20.794,19.827,20.794,0,0
LAB_PE,D,20170418,000000,20.407,21.471,20.407,21.471,0,0
LAB_PE,D,20170419,000000,21.085,21.471,21.085,21.471,0,0
LAB_PE,D,20170420,000000,21.471,21.761,21.181,21.664,0,0
LAB_PE,D,20170421,000000,21.664,21.664,21.664,21.664,0,0
LAB_PE,D,20170424,000000,21.664,21.955,21.568,21.955,0,0
LAB_PE,D,20170425,000000,21.761,21.955,21.761,21.955,0,0
LAB_PE,D,20170426,000000,21.761,21.955,21.761,21.955,0,0
LAB_PE,D,20170427,000000,21.955,21.955,21.955,21.955,0,0
LAB_PE,D,20170428,000000,21.955,21.955,21.955,21.955,0,0
LAB_PE,D,20170502,000000,21.955,21.955,21.955,21.955,0,0
LAB_PE,D,20170504,000000,21.955,22.052,21.955,21.955,0,0
LAB_PE,D,20170505,000000,21.955,22.438,21.955,22.438,0,0
LAB_PE,D,20170508,000000,22.631,23.019,22.631,23.019,0,0
LAB_PE,D,20170509,000000,22.631,22.631,21.955,22.342,0,0
LAB_PE,D,20170510,000000,22.342,22.729,22.342,22.631,0,0
LAB_PE,D,20170511,000000,22.631,22.631,22.245,22.631,0,0
LAB_PE,D,20170512,000000,22.631,22.631,22.535,22.631,0,0
LAB_PE,D,20170515,000000,22.631,22.631,20.988,21.374,0,0
LAB_PE,D,20170516,000000,21.278,21.374,20.794,21.374,0,0
LAB_PE,D,20170517,000000,21.374,21.374,21.181,21.181,0,0
LAB_PE,D,20170518,000000,21.181,21.181,10.638,10.638,0,0
LAB_PE,D,20170519,000000,10.638,10.638,10.638,10.638,0,0
LAB_PE,D,20170522,000000,10.638,10.638,10.542,10.638,0,0
LAB_PE,D,20170523,000000,10.638,10.638,10.638,10.638,0,0
LAB_PE,D,20170524,000000,10.638,10.638,10.638,10.638,0,0
LAB_PE,D,20170525,000000,10.638,10.638,10.638,10.638,0,0
LAB_PE,D,20170526,000000,10.638,10.638,10.638,10.638,0,0
LAB_PE,D,20170529,000000,10.638,10.638,10.638,10.638,0,0
LAB_PE,D,20170530,000000,10.638,10.638,9.769,10.542,0,0
LAB_PE,D,20170531,000000,10.349,10.542,10.059,10.542,0,0
LAB_PE,D,20170601,000000,10.059,10.059,10.059,10.059,0,0
LAB_PE,D,20170602,000000,10.059,10.059,10.059,10.059,0,0
LAB_PE,D,20170605,000000,10.059,10.059,10.059,10.059,0,0
LAB_PE,D,20170606,000000,10.059,10.059,10.059,10.059,0,0
LAB_PE,D,20170607,000000,10.059,10.059,10.059,10.059,0,0
LAB_PE,D,20170608,000000,10.059,10.059,10.059,10.059,0,0
LAB_PE,D,20170609,000000,10.059,10.059,10.059,10.059,0,0
LAB_PE,D,20170612,000000,10.059,10.059,9.962,9.962,0,0
LAB_PE,D,20170613,000000,9.962,10.252,9.962,10.252,0,0
LAB_PE,D,20170614,000000,10.252,10.252,10.252,10.252,0,0
LAB_PE,D,20170616,000000,10.252,10.542,10.252,10.542,0,0
LAB_PE,D,20170619,000000,10.445,10.542,10.252,10.542,0,0
LAB_PE,D,20170620,000000,10.542,10.542,10.252,10.542,0,0
LAB_PE,D,20170621,000000,10.542,10.542,10.252,10.252,0,0
LAB_PE,D,20170622,000000,10.252,10.252,10.252,10.252,0,0
LAB_PE,D,20170623,000000,10.252,10.252,10.252,10.252,0,0
LAB_PE,D,20170626,000000,10.252,10.252,10.252,10.252,0,0
LAB_PE,D,20170627,000000,10.252,10.252,10.252,10.252,0,0
LAB_PE,D,20170628,000000,10.252,10.252,10.252,10.252,0,0
LAB_PE,D,20170629,000000,10.252,10.252,10.252,10.252,0,0
LAB_PE,D,20170630,000000,10.252,10.252,10.252,10.252,0,0
LAB_PE,D,20170703,000000,10.252,10.252,10.252,10.252,0,0
LAB_PE,D,20170704,000000,10.252,10.542,10.252,10.542,0,0
LAB_PE,D,20170705,000000,10.445,10.542,10.445,10.542,0,0
LAB_PE,D,20170706,000000,10.542,10.542,10.542,10.542,0,0
LAB_PE,D,20170707,000000,10.542,10.542,10.542,10.542,0,0
LAB_PE,D,20170710,000000,10.542,10.542,10.542,10.542,0,0
LAB_PE,D,20170711,000000,10.542,10.542,10.542,10.542,0,0
LAB_PE,D,20170712,000000,10.542,10.929,10.542,10.929,0,0
LAB_PE,D,20170713,000000,10.929,11.026,10.833,11.026,0,0
LAB_PE,D,20170714,000000,11.026,11.026,11.026,11.026,0,0
LAB_PE,D,20170717,000000,11.026,11.026,11.026,11.026,0,0
LAB_PE,D,20170718,000000,11.026,11.026,10.638,10.638,0,0
LAB_PE,D,20170719,000000,11.026,13.25,11.026,13.25,0,0
LAB_PE,D,20170720,000000,13.637,13.637,13.153,13.153,0,0
LAB_PE,D,20170721,000000,13.637,13.637,13.637,13.637,0,0
LAB_PE,D,20170724,000000,13.637,13.637,13.637,13.637,0,0
LAB_PE,D,20170725,000000,13.637,13.637,13.347,13.347,0,0
LAB_PE,D,20170726,000000,13.637,13.637,13.637,13.637,0,0
LAB_PE,D,20170727,000000,13.637,13.637,13.637,13.637,0,0
LAB_PE,D,20170728,000000,13.637,13.637,12.96,12.96,0,0
LAB_PE,D,20170731,000000,12.96,12.96,12.574,12.574,0,0
LAB_PE,D,20170801,000000,12.67,12.67,12.379,12.379,0,0
LAB_PE,D,20170802,000000,12.863,13.153,12.283,12.476,0,0
LAB_PE,D,20170803,000000,12.863,13.637,12.863,13.637,0,0
LAB_PE,D,20170804,000000,13.347,13.637,13.347,13.637,0,0
LAB_PE,D,20170807,000000,13.153,13.347,13.153,13.347,0,0
LAB_PE,D,20170808,000000,13.347,13.347,13.153,13.153,0,0
LAB_PE,D,20170809,000000,13.153,13.153,12.96,13.153,0,0
LAB_PE,D,20170810,000000,13.153,13.153,13.153,13.153,0,0
LAB_PE,D,20170811,000000,13.153,14.12,13.153,13.637,0,0
LAB_PE,D,20170814,000000,14.024,14.024,13.927,13.927,0,0
LAB_PE,D,20170816,000000,14.024,14.024,13.057,13.057,0,0
LAB_PE,D,20170817,000000,13.057,13.637,13.057,13.541,0,0
LAB_PE,D,20170818,000000,13.347,13.541,13.347,13.541,0,0
LAB_PE,D,20170821,000000,13.541,13.541,13.153,13.541,0,0
LAB_PE,D,20170822,000000,13.541,13.541,13.541,13.541,0,0
LAB_PE,D,20170823,000000,13.541,13.541,13.443,13.541,0,0
LAB_PE,D,20170824,000000,13.637,13.637,13.541,13.541,0,0
LAB_PE,D,20170825,000000,13.541,13.927,13.25,13.927,0,0
LAB_PE,D,20170828,000000,14.024,14.024,13.541,13.927,0,0
LAB_PE,D,20170829,000000,14.024,14.024,13.637,13.927,0,0
LAB_PE,D,20170830,000000,13.927,13.927,13.541,13.541,0,0
LAB_PE,D,20170831,000000,13.541,13.927,13.541,13.927,0,0
LAB_PE,D,20170901,000000,14.024,14.024,13.734,13.831,0,0
LAB_PE,D,20170904,000000,13.831,13.831,13.734,13.734,0,0
LAB_PE,D,20170905,000000,13.927,14.12,13.153,13.153,0,0
LAB_PE,D,20170906,000000,13.734,13.734,13.637,13.637,0,0
LAB_PE,D,20170907,000000,13.637,13.637,12.96,13.347,0,0
LAB_PE,D,20170908,000000,12.863,13.831,11.993,13.831,0,0
LAB_PE,D,20170911,000000,13.541,13.734,13.541,13.734,0,0
LAB_PE,D,20170912,000000,13.734,13.734,13.541,13.734,0,0
LAB_PE,D,20170913,000000,13.734,13.734,13.541,13.734,0,0
LAB_PE,D,20170914,000000,13.734,13.734,13.734,13.734,0,0
LAB_PE,D,20170915,000000,13.734,13.734,13.734,13.734,0,0
LAB_PE,D,20170918,000000,13.734,13.734,13.734,13.734,0,0
LAB_PE,D,20170919,000000,13.734,13.734,13.347,13.734,0,0
LAB_PE,D,20170920,000000,13.734,13.734,13.347,13.347,0,0
LAB_PE,D,20170921,000000,13.734,13.734,13.347,13.734,0,0
LAB_PE,D,20170922,000000,13.734,13.734,13.734,13.734,0,0
LAB_PE,D,20170925,000000,13.734,13.734,13.734,13.734,0,0
LAB_PE,D,20170926,000000,13.734,13.927,13.734,13.927,0,0
LAB_PE,D,20170927,000000,14.314,14.314,13.831,13.831,0,0
LAB_PE,D,20170928,000000,13.831,13.831,13.831,13.831,0,0
LAB_PE,D,20170929,000000,14.217,14.217,14.217,14.217,0,0
LAB_PE,D,20171002,000000,14.217,14.217,13.347,13.734,0,0
LAB_PE,D,20171003,000000,13.734,13.734,13.734,13.734,0,0
LAB_PE,D,20171004,000000,13.734,13.831,13.734,13.734,0,0
LAB_PE,D,20171005,000000,13.734,13.734,13.541,13.541,0,0
LAB_PE,D,20171006,000000,13.541,13.541,13.541,13.541,0,0
LAB_PE,D,20171009,000000,13.541,13.541,13.541,13.541,0,0
LAB_PE,D,20171010,000000,13.443,13.443,13.443,13.443,0,0
LAB_PE,D,20171011,000000,13.443,13.637,13.443,13.637,0,0
LAB_PE,D,20171012,000000,13.637,13.831,13.637,13.734,0,0
LAB_PE,D,20171013,000000,13.734,13.734,13.734,13.734,0,0
LAB_PE,D,20171016,000000,13.734,13.734,13.734,13.734,0,0
LAB_PE,D,20171017,000000,13.734,13.734,13.734,13.734,0,0
LAB_PE,D,20171018,000000,13.734,13.734,13.25,13.347,0,0
LAB_PE,D,20171019,000000,13.347,13.347,13.347,13.347,0,0
LAB_PE,D,20171020,000000,13.347,13.347,13.347,13.347,0,0
LAB_PE,D,20171023,000000,13.347,13.347,13.347,13.347,0,0
LAB_PE,D,20171024,000000,13.347,13.347,13.347,13.347,0,0
LAB_PE,D,20171025,000000,13.347,13.541,13.347,13.443,0,0
LAB_PE,D,20171026,000000,13.25,13.734,13.25,13.734,0,0
LAB_PE,D,20171027,000000,13.734,13.734,13.734,13.734,0,0
LAB_PE,D,20171030,000000,13.734,13.734,13.734,13.734,0,0
LAB_PE,D,20171031,000000,13.734,13.734,13.734,13.734,0,0
LAB_PE,D,20171102,000000,13.734,13.734,13.734,13.734,0,0
LAB_PE,D,20171103,000000,13.734,13.734,13.734,13.734,0,0
LAB_PE,D,20171106,000000,13.734,13.734,13.734,13.734,0,0
LAB_PE,D,20171107,000000,13.734,13.734,13.734,13.734,0,0
LAB_PE,D,20171108,000000,13.734,13.734,13.734,13.734,0,0
LAB_PE,D,20171109,000000,13.734,13.734,13.734,13.734,0,0
LAB_PE,D,20171110,000000,13.637,13.734,13.443,13.734,0,0
LAB_PE,D,20171113,000000,13.734,13.734,13.637,13.637,0,0
LAB_PE,D,20171114,000000,13.637,13.637,13.637,13.637,0,0
LAB_PE,D,20171115,000000,13.637,13.637,13.637,13.637,0,0
LAB_PE,D,20171116,000000,13.637,13.637,13.637,13.637,0,0
LAB_PE,D,20171117,000000,13.637,13.734,13.25,13.734,0,0
LAB_PE,D,20171120,000000,13.734,13.734,13.734,13.734,0,0
LAB_PE,D,20171121,000000,13.637,13.637,13.637,13.637,0,0
LAB_PE,D,20171122,000000,13.637,13.637,13.637,13.637,0,0
LAB_PE,D,20171123,000000,13.831,13.831,13.734,13.734,0,0
LAB_PE,D,20171124,000000,13.831,17.892,13.831,17.892,0,0
LAB_PE,D,20171127,000000,16.249,16.829,14.605,16.151,0,0
LAB_PE,D,20171128,000000,16.151,16.635,15.572,16.635,0,0
LAB_PE,D,20171129,000000,15.861,18.763,15.861,18.57,0,0
LAB_PE,D,20171130,000000,18.763,19.923,17.699,19.923,0,0
LAB_PE,D,20171201,000000,19.923,19.923,18.763,18.763,0,0
LAB_PE,D,20171204,000000,18.763,19.827,18.763,19.827,0,0
LAB_PE,D,20171205,000000,19.923,19.923,19.827,19.923,0,0
LAB_PE,D,20171206,000000,19.923,19.923,19.054,19.054,0,0
LAB_PE,D,20171207,000000,19.827,19.827,18.956,19.73,0,0
LAB_PE,D,20171208,000000,19.73,19.73,19.054,19.633,0,0
LAB_PE,D,20171211,000000,19.633,19.633,18.473,19.054,0,0
LAB_PE,D,20171212,000000,19.44,19.44,19.44,19.44,0,0
LAB_PE,D,20171213,000000,19.344,19.923,19.344,19.923,0,0
LAB_PE,D,20171214,000000,19.44,19.44,19.44,19.44,0,0
LAB_PE,D,20171215,000000,19.44,19.44,19.344,19.344,0,0
LAB_PE,D,20171218,000000,19.247,19.344,19.054,19.054,0,0
LAB_PE,D,20171219,000000,19.537,19.73,19.054,19.73,0,0
LAB_PE,D,20171220,000000,20.117,20.504,20.117,20.504,0,0
LAB_PE,D,20171221,000000,19.923,20.891,19.923,20.891,0,0
LAB_PE,D,20171222,000000,20.891,20.891,20.891,20.891,0,0
LAB_PE,D,20171227,000000,20.891,21.181,20.891,21.181,0,0
LAB_PE,D,20171228,000000,21.181,21.181,21.181,21.181,0,0
LAB_PE,D,20171229,000000,21.181,21.374,20.988,21.278,0,0
LAB_PE,D,20180103,000000,20.891,20.891,20.891,20.891,0,0
LAB_PE,D,20180104,000000,21.181,21.181,19.73,20.504,0,0
LAB_PE,D,20180105,000000,20.988,21.085,20.504,21.085,0,0
LAB_PE,D,20180108,000000,21.181,21.278,21.181,21.278,0,0
LAB_PE,D,20180109,000000,21.278,22.052,21.278,21.761,0,0
LAB_PE,D,20180110,000000,22.245,22.245,22.245,22.245,0,0
LAB_PE,D,20180111,000000,22.245,22.245,21.181,21.181,0,0
LAB_PE,D,20180112,000000,21.471,21.471,21.278,21.278,0,0
LAB_PE,D,20180115,000000,21.374,21.374,21.181,21.181,0,0
LAB_PE,D,20180116,000000,21.471,21.471,20.794,20.794,0,0
LAB_PE,D,20180117,000000,21.471,21.471,20.407,20.504,0,0
LAB_PE,D,20180118,000000,21.471,21.471,21.085,21.085,0,0
LAB_PE,D,20180119,000000,21.085,21.085,20.988,20.988,0,0
LAB_PE,D,20180122,000000,20.407,20.988,20.407,20.988,0,0
LAB_PE,D,20180123,000000,20.988,20.988,20.988,20.988,0,0
LAB_PE,D,20180124,000000,20.988,20.988,20.988,20.988,0,0
LAB_PE,D,20180125,000000,20.311,20.311,19.633,19.633,0,0
LAB_PE,D,20180126,000000,20.021,20.021,19.923,19.923,0,0
LAB_PE,D,20180129,000000,19.923,19.923,19.054,19.15,0,0
LAB_PE,D,20180130,000000,19.15,19.15,18.763,18.859,0,0
LAB_PE,D,20180131,000000,18.859,18.859,18.666,18.763,0,0
LAB_PE,D,20180201,000000,18.859,18.859,18.666,18.666,0,0
LAB_PE,D,20180202,000000,18.763,18.763,18.57,18.57,0,0
LAB_PE,D,20180205,000000,18.473,18.859,18.473,18.859,0,0
LAB_PE,D,20180206,000000,18.859,18.859,18.473,18.473,0,0
LAB_PE,D,20180207,000000,18.859,18.859,18.859,18.859,0,0
LAB_PE,D,20180208,000000,18.859,18.859,18.859,18.859,0,0
LAB_PE,D,20180209,000000,18.859,18.859,18.859,18.859,0,0
LAB_PE,D,20180212,000000,18.859,18.859,18.859,18.859,0,0
LAB_PE,D,20180213,000000,18.859,18.859,18.859,18.859,0,0
LAB_PE,D,20180214,000000,18.859,18.859,18.859,18.859,0,0
LAB_PE,D,20180215,000000,18.859,18.859,18.859,18.859,0,0
LAB_PE,D,20180216,000000,18.763,18.763,18.183,18.183,0,0
LAB_PE,D,20180219,000000,18.763,18.763,18.763,18.763,0,0
LAB_PE,D,20180220,000000,18.473,18.763,18.473,18.763,0,0
LAB_PE,D,20180221,000000,18.473,18.763,18.473,18.473,0,0
LAB_PE,D,20180222,000000,18.376,18.376,18.086,18.376,0,0
LAB_PE,D,20180223,000000,18.376,18.376,18.183,18.376,0,0
LAB_PE,D,20180226,000000,18.376,18.473,18.376,18.376,0,0
LAB_PE,D,20180227,000000,18.376,18.473,18.376,18.376,0,0
LAB_PE,D,20180228,000000,18.28,18.376,17.989,18.376,0,0
LAB_PE,D,20180301,000000,18.376,18.473,18.376,18.473,0,0
LAB_PE,D,20180302,000000,18.57,18.666,18.57,18.666,0,0
LAB_PE,D,20180305,000000,18.57,18.666,18.57,18.666,0,0
LAB_PE,D,20180306,000000,18.57,18.763,18.57,18.763,0,0
LAB_PE,D,20180307,000000,18.666,18.763,18.666,18.763,0,0
LAB_PE,D,20180308,000000,18.666,18.763,18.666,18.763,0,0
LAB_PE,D,20180309,000000,18.666,19.15,18.666,19.15,0,0
LAB_PE,D,20180312,000000,20.214,20.214,19.247,20.214,0,0
LAB_PE,D,20180313,000000,19.827,19.827,19.827,19.827,0,0
LAB_PE,D,20180314,000000,19.827,19.827,19.827,19.827,0,0
LAB_PE,D,20180315,000000,19.827,19.827,19.827,19.827,0,0
LAB_PE,D,20180316,000000,19.827,19.827,19.827,19.827,0,0
LAB_PE,D,20180319,000000,19.73,19.73,19.633,19.633,0,0
LAB_PE,D,20180320,000000,19.633,19.633,19.633,19.633,0,0
LAB_PE,D,20180321,000000,19.633,19.73,19.344,19.73,0,0
LAB_PE,D,20180322,000000,19.827,19.827,18.666,18.666,0,0
LAB_PE,D,20180323,000000,18.57,18.666,18.57,18.57,0,0
LAB_PE,D,20180326,000000,18.57,18.57,18.57,18.57,0,0
LAB_PE,D,20180327,000000,18.57,18.57,18.57,18.57,0,0
LAB_PE,D,20180328,000000,18.57,18.57,18.57,18.57,0,0
LAB_PE,D,20180329,000000,18.57,18.57,17.603,17.603,0,0
LAB_PE,D,20180403,000000,17.313,17.796,17.313,17.796,0,0
LAB_PE,D,20180404,000000,17.699,17.699,17.603,17.603,0,0
LAB_PE,D,20180405,000000,17.603,17.603,17.603,17.603,0,0
LAB_PE,D,20180406,000000,17.699,17.796,17.699,17.796,0,0
LAB_PE,D,20180409,000000,17.796,17.796,17.796,17.796,0,0
LAB_PE,D,20180410,000000,17.796,17.796,17.216,17.409,0,0
LAB_PE,D,20180411,000000,17.409,17.409,17.313,17.409,0,0
LAB_PE,D,20180412,000000,17.409,17.409,17.409,17.409,0,0
LAB_PE,D,20180413,000000,17.409,17.409,17.313,17.409,0,0
LAB_PE,D,20180416,000000,17.506,17.506,16.732,16.732,0,0
LAB_PE,D,20180417,000000,17.409,17.409,17.313,17.409,0,0
LAB_PE,D,20180418,000000,17.506,17.506,17.409,17.409,0,0
LAB_PE,D,20180419,000000,17.506,17.506,17.409,17.409,0,0
LAB_PE,D,20180420,000000,17.409,17.409,17.313,17.409,0,0
LAB_PE,D,20180423,000000,17.506,17.506,17.409,17.409,0,0
LAB_PE,D,20180424,000000,17.409,17.409,16.635,16.635,0,0
LAB_PE,D,20180425,000000,16.732,16.732,16.635,16.635,0,0
LAB_PE,D,20180426,000000,16.732,16.732,16.732,16.732,0,0
LAB_PE,D,20180427,000000,16.635,16.635,16.635,16.635,0,0
LAB_PE,D,20180430,000000,16.732,16.732,16.635,16.635,0,0
LAB_PE,D,20180502,000000,16.732,16.732,16.635,16.635,0,0
LAB_PE,D,20180504,000000,17.409,17.409,16.055,16.055,0,0
LAB_PE,D,20180507,000000,17.409,17.409,17.409,17.409,0,0
LAB_PE,D,20180508,000000,16.055,16.055,15.281,15.281,0,0
LAB_PE,D,20180509,000000,16.055,16.055,14.894,14.894,0,0
LAB_PE,D,20180510,000000,14.798,14.798,14.798,14.798,0,0
LAB_PE,D,20180511,000000,15.088,15.088,14.508,14.508,0,0
LAB_PE,D,20180514,000000,14.508,14.508,13.637,13.637,0,0
LAB_PE,D,20180515,000000,14.024,14.024,14.024,14.024,0,0
LAB_PE,D,20180516,000000,13.831,19.923,12.863,19.923,0,0
LAB_PE,D,20180517,000000,19.923,19.923,19.923,19.923,0,0
LAB_PE,D,20180518,000000,19.923,19.923,19.923,19.923,0,0
LAB_PE,D,20180521,000000,19.923,19.923,19.923,19.923,0,0
LAB_PE,D,20180522,000000,20.891,20.891,20.891,20.891,0,0
LAB_PE,D,20180523,000000,20.891,21.374,20.891,21.374,0,0
LAB_PE,D,20180524,000000,20.891,20.891,20.891,20.891,0,0
LAB_PE,D,20180525,000000,20.891,20.891,20.214,20.214,0,0
LAB_PE,D,20180528,000000,20.891,20.891,20.214,20.891,0,0
LAB_PE,D,20180529,000000,20.891,20.891,20.891,20.891,0,0
LAB_PE,D,20180530,000000,20.891,20.891,20.891,20.891,0,0
LAB_PE,D,20180601,000000,20.891,20.891,20.891,20.891,0,0
LAB_PE,D,20180604,000000,21.374,21.374,20.214,20.214,0,0
LAB_PE,D,20180605,000000,20.601,20.601,20.601,20.601,0,0
LAB_PE,D,20180606,000000,20.601,20.601,20.214,20.214,0,0
LAB_PE,D,20180607,000000,21.374,21.374,20.214,20.504,0,0
LAB_PE,D,20180608,000000,21.471,21.471,20.601,20.697,0,0
LAB_PE,D,20180611,000000,20.891,21.374,20.794,21.374,0,0
LAB_PE,D,20180612,000000,21.374,21.374,21.374,21.374,0,0
LAB_PE,D,20180613,000000,21.374,21.664,20.794,21.181,0,0
LAB_PE,D,20180614,000000,21.181,21.181,21.181,21.181,0,0
LAB_PE,D,20180615,000000,21.181,21.181,21.181,21.181,0,0
LAB_PE,D,20180618,000000,21.181,21.181,20.794,21.085,0,0
LAB_PE,D,20180619,000000,21.181,21.181,21.085,21.085,0,0
LAB_PE,D,20180620,000000,21.181,22.826,21.181,22.826,0,0
LAB_PE,D,20180621,000000,21.955,22.438,21.955,22.438,0,0
LAB_PE,D,20180622,000000,22.729,22.729,22.438,22.438,0,0
LAB_PE,D,20180625,000000,22.729,22.729,21.374,22.729,0,0
LAB_PE,D,20180626,000000,22.148,22.729,22.148,22.729,0,0
LAB_PE,D,20180627,000000,22.148,22.148,22.148,22.148,0,0
LAB_PE,D,20180628,000000,22.148,22.148,22.148,22.148,0,0
LAB_PE,D,20180629,000000,22.148,22.148,22.148,22.148,0,0
LAB_PE,D,20180702,000000,22.729,23.309,22.729,23.212,0,0
LAB_PE,D,20180703,000000,23.212,24.372,23.212,24.276,0,0
LAB_PE,D,20180704,000000,24.276,24.276,23.212,24.276,0,0
LAB_PE,D,20180705,000000,24.276,24.276,24.276,24.276,0,0
LAB_PE,D,20180706,000000,24.372,24.566,24.372,24.566,0,0
LAB_PE,D,20180709,000000,24.856,24.856,24.856,24.856,0,0
LAB_PE,D,20180710,000000,25.34,25.34,24.372,25.34,0,0
LAB_PE,D,20180711,000000,25.34,25.34,25.05,25.05,0,0
LAB_PE,D,20180712,000000,24.953,24.953,24.953,24.953,0,0
LAB_PE,D,20180713,000000,24.953,24.953,24.953,24.953,0,0
LAB_PE,D,20180716,000000,24.953,24.953,24.953,24.953,0,0
LAB_PE,D,20180717,000000,24.953,24.953,24.953,24.953,0,0
LAB_PE,D,20180718,000000,24.953,27.661,24.953,27.661,0,0
LAB_PE,D,20180719,000000,30.273,30.273,30.176,30.176,0,0
LAB_PE,D,20180720,000000,30.176,30.176,27.274,29.015,0,0
LAB_PE,D,20180723,000000,29.111,29.111,28.725,28.725,0,0
LAB_PE,D,20180724,000000,28.532,28.532,26.984,26.984,0,0
LAB_PE,D,20180725,000000,26.694,26.694,26.694,26.694,0,0
LAB_PE,D,20180726,000000,26.694,27.274,26.694,27.274,0,0
LAB_PE,D,20180727,000000,27.274,27.274,27.274,27.274,0,0
LAB_PE,D,20180730,000000,27.274,27.274,27.274,27.274,0,0
LAB_PE,D,20180731,000000,27.274,27.274,26.791,26.984,0,0
LAB_PE,D,20180801,000000,27.177,27.274,27.177,27.274,0,0
LAB_PE,D,20180802,000000,27.274,27.274,27.274,27.274,0,0
LAB_PE,D,20180803,000000,27.274,27.274,27.274,27.274,0,0
LAB_PE,D,20180806,000000,27.274,27.274,26.694,27.274,0,0
LAB_PE,D,20180807,000000,27.274,27.274,27.274,27.274,0,0
LAB_PE,D,20180808,000000,27.274,27.274,27.274,27.274,0,0
LAB_PE,D,20180809,000000,27.274,27.274,27.274,27.274,0,0
LAB_PE,D,20180810,000000,27.274,27.274,27.274,27.274,0,0
LAB_PE,D,20180813,000000,27.274,27.274,27.274,27.274,0,0
LAB_PE,D,20180814,000000,27.274,29.499,27.274,29.402,0,0
LAB_PE,D,20180816,000000,28.144,28.144,28.144,28.144,0,0
LAB_PE,D,20180817,000000,27.854,27.854,27.854,27.854,0,0
LAB_PE,D,20180820,000000,29.015,29.015,29.015,29.015,0,0
LAB_PE,D,20180821,000000,29.015,29.015,28.435,29.015,0,0
LAB_PE,D,20180822,000000,29.015,29.015,29.015,29.015,0,0
LAB_PE,D,20180823,000000,29.015,29.015,28.144,28.144,0,0
LAB_PE,D,20180824,000000,28.241,28.241,28.241,28.241,0,0
LAB_PE,D,20180827,000000,28.241,28.241,28.241,28.241,0,0
LAB_PE,D,20180828,000000,28.241,28.241,28.048,28.048,0,0
LAB_PE,D,20180829,000000,28.048,28.048,28.048,28.048,0,0
LAB_PE,D,20180830,000000,28.048,28.048,27.468,28.048,0,0
LAB_PE,D,20180831,000000,28.048,28.048,27.468,27.468,0,0
LAB_PE,D,20180903,000000,28.339,28.339,27.854,27.854,0,0
LAB_PE,D,20180904,000000,28.241,28.241,27.371,28.048,0,0
LAB_PE,D,20180905,000000,28.048,28.048,27.468,28.048,0,0
LAB_PE,D,20180906,000000,28.048,28.048,27.468,28.048,0,0
LAB_PE,D,20180907,000000,28.048,28.048,26.984,27.274,0,0
LAB_PE,D,20180910,000000,27.854,27.854,17.409,17.409,0,0
LAB_PE,D,20180911,000000,17.409,17.409,17.313,17.313,0,0
LAB_PE,D,20180912,000000,17.409,17.409,17.313,17.313,0,0
LAB_PE,D,20180913,000000,17.409,17.409,17.313,17.313,0,0
LAB_PE,D,20180914,000000,17.409,17.409,16.829,16.829,0,0
LAB_PE,D,20180917,000000,16.829,16.829,16.249,16.249,0,0
LAB_PE,D,20180918,000000,16.732,16.732,15.088,15.184,0,0
LAB_PE,D,20180919,000000,15.088,15.475,14.701,14.701,0,0
LAB_PE,D,20180920,000000,14.894,14.894,14.894,14.894,0,0
LAB_PE,D,20180921,000000,14.894,14.894,14.894,14.894,0,0
LAB_PE,D,20180924,000000,14.894,14.894,14.894,14.894,0,0
LAB_PE,D,20180925,000000,14.894,14.894,14.217,14.217,0,0
LAB_PE,D,20180926,000000,14.12,14.12,14.12,14.12,0,0
LAB_PE,D,20180927,000000,14.024,14.024,13.831,13.831,0,0
LAB_PE,D,20180928,000000,13.831,13.831,13.831,13.831,0,0
LAB_PE,D,20181001,000000,13.443,13.443,13.153,13.153,0,0
LAB_PE,D,20181002,000000,13.25,13.25,13.153,13.25,0,0
LAB_PE,D,20181003,000000,13.25,13.25,13.25,13.25,0,0
LAB_PE,D,20181004,000000,13.25,13.25,13.057,13.25,0,0
LAB_PE,D,20181005,000000,13.25,13.25,13.25,13.25,0,0
LAB_PE,D,20181008,000000,13.25,13.25,13.25,13.25,0,0
LAB_PE,D,20181009,000000,13.25,13.25,13.25,13.25,0,0
LAB_PE,D,20181010,000000,13.057,13.153,13.057,13.153,0,0
LAB_PE,D,20181011,000000,13.153,13.153,13.153,13.153,0,0
LAB_PE,D,20181012,000000,13.153,13.25,13.153,13.25,0,0
LAB_PE,D,20181015,000000,13.153,13.734,13.153,13.734,0,0
LAB_PE,D,20181016,000000,13.734,13.927,13.734,13.927,0,0
LAB_PE,D,20181017,000000,13.927,13.927,13.443,13.927,0,0
LAB_PE,D,20181018,000000,13.25,13.25,13.25,13.25,0,0
LAB_PE,D,20181019,000000,13.25,13.734,13.25,13.734,0,0
LAB_PE,D,20181022,000000,13.734,13.734,13.057,13.153,0,0
LAB_PE,D,20181023,000000,13.057,13.443,13.057,13.347,0,0
LAB_PE,D,20181024,000000,13.734,13.734,13.734,13.734,0,0
LAB_PE,D,20181025,000000,13.734,13.734,13.25,13.25,0,0
LAB_PE,D,20181026,000000,13.25,13.347,13.25,13.25,0,0
LAB_PE,D,20181029,000000,13.25,13.25,12.96,13.057,0,0
LAB_PE,D,20181030,000000,13.831,13.831,13.541,13.541,0,0
LAB_PE,D,20181031,000000,13.831,13.831,13.541,13.734,0,0
LAB_PE,D,20181102,000000,13.734,13.734,13.443,13.541,0,0
LAB_PE,D,20181105,000000,13.831,13.831,13.057,13.734,0,0
LAB_PE,D,20181106,000000,13.734,13.734,13.443,13.541,0,0
LAB_PE,D,20181107,000000,13.831,14.701,13.637,14.605,0,0
LAB_PE,D,20181108,000000,14.605,15.958,14.605,15.958,0,0
LAB_PE,D,20181109,000000,16.732,18.086,16.732,17.989,0,0
LAB_PE,D,20181113,000000,17.989,17.989,17.699,17.989,0,0
LAB_PE,D,20181114,000000,17.892,17.892,17.603,17.603,0,0
LAB_PE,D,20181115,000000,17.118,17.796,17.118,17.796,0,0
LAB_PE,D,20181116,000000,18.28,18.28,18.28,18.28,0,0
LAB_PE,D,20181119,000000,18.28,19.633,13.443,13.443,0,0
LAB_PE,D,20181120,000000,13.443,13.443,12.574,12.574,0,0
LAB_PE,D,20181121,000000,12.574,12.863,12.574,12.767,0,0
LAB_PE,D,20181122,000000,12.767,12.767,12.476,12.476,0,0
LAB_PE,D,20181123,000000,11.993,12.379,11.993,12.379,0,0
LAB_PE,D,20181126,000000,11.896,12.379,11.896,11.993,0,0
LAB_PE,D,20181127,000000,12.379,12.379,12.283,12.283,0,0
LAB_PE,D,20181128,000000,12.379,12.379,12.379,12.379,0,0
LAB_PE,D,20181129,000000,11.993,11.993,11.993,11.993,0,0
LAB_PE,D,20181130,000000,12.476,12.476,11.8,12.283,0,0
LAB_PE,D,20181203,000000,12.283,12.283,11.8,12.283,0,0
LAB_PE,D,20181204,000000,12.283,12.283,12.186,12.186,0,0
LAB_PE,D,20181205,000000,12.476,12.476,11.993,11.993,0,0
LAB_PE,D,20181206,000000,12.379,12.476,12.379,12.476,0,0
LAB_PE,D,20181207,000000,12.476,12.476,12.476,12.476,0,0
LAB_PE,D,20181210,000000,12.476,12.476,11.993,11.993,0,0
LAB_PE,D,20181211,000000,12.379,12.379,12.379,12.379,0,0
LAB_PE,D,20181212,000000,12.379,12.476,12.379,12.476,0,0
LAB_PE,D,20181213,000000,12.476,12.476,12.476,12.476,0,0
LAB_PE,D,20181214,000000,12.476,12.476,12.476,12.476,0,0
LAB_PE,D,20181217,000000,12.574,12.574,11.703,11.703,0,0
LAB_PE,D,20181218,000000,11.703,11.8,11.703,11.8,0,0
LAB_PE,D,20181219,000000,11.703,11.703,11.509,11.509,0,0
LAB_PE,D,20181220,000000,11.509,11.509,11.509,11.509,0,0
LAB_PE,D,20181221,000000,11.509,11.509,11.509,11.509,0,0
LAB_PE,D,20181227,000000,11.509,11.509,11.509,11.509,0,0
LAB_PE,D,20181228,000000,11.509,11.703,11.509,11.703,0,0
LAB_PE,D,20190102,000000,11.703,11.703,11.703,11.703,0,0
LAB_PE,D,20190103,000000,11.703,11.703,11.703,11.703,0,0
LAB_PE,D,20190104,000000,11.703,11.703,11.703,11.703,0,0
LAB_PE,D,20190107,000000,11.703,11.703,11.703,11.703,0,0
LAB_PE,D,20190108,000000,11.703,11.703,11.607,11.607,0,0
LAB_PE,D,20190109,000000,11.607,11.607,11.607,11.607,0,0
LAB_PE,D,20190110,000000,11.607,11.607,11.316,11.509,0,0
LAB_PE,D,20190111,000000,11.509,11.509,11.509,11.509,0,0
LAB_PE,D,20190114,000000,11.509,11.509,11.509,11.509,0,0
LAB_PE,D,20190115,000000,11.509,11.509,11.509,11.509,0,0
LAB_PE,D,20190116,000000,11.509,11.509,11.509,11.509,0,0
LAB_PE,D,20190117,000000,11.509,11.509,11.509,11.509,0,0
LAB_PE,D,20190118,000000,11.509,11.509,11.509,11.509,0,0
LAB_PE,D,20190121,000000,11.509,11.509,11.509,11.509,0,0
LAB_PE,D,20190122,000000,11.509,11.509,11.509,11.509,0,0
LAB_PE,D,20190123,000000,11.509,11.509,11.509,11.509,0,0
LAB_PE,D,20190124,000000,11.509,11.509,11.122,11.122,0,0
LAB_PE,D,20190125,000000,11.509,11.509,11.509,11.509,0,0
LAB_PE,D,20190128,000000,11.509,11.509,11.509,11.509,0,0
LAB_PE,D,20190129,000000,11.316,11.316,11.219,11.219,0,0
LAB_PE,D,20190130,000000,11.219,11.219,11.219,11.219,0,0
LAB_PE,D,20190131,000000,11.219,11.219,11.219,11.219,0,0
LAB_PE,D,20190201,000000,11.509,11.509,10.929,11.026,0,0
LAB_PE,D,20190204,000000,11.8,11.8,10.833,11.219,0,0
LAB_PE,D,20190205,000000,11.219,11.219,11.219,11.219,0,0
LAB_PE,D,20190206,000000,11.219,11.219,11.219,11.219,0,0
LAB_PE,D,20190207,000000,11.219,11.219,11.219,11.219,0,0
LAB_PE,D,20190208,000000,11.219,11.219,11.219,11.219,0,0
LAB_PE,D,20190211,000000,11.316,11.316,11.316,11.316,0,0
LAB_PE,D,20190212,000000,11.219,11.219,10.833,11.122,0,0
LAB_PE,D,20190213,000000,11.122,11.122,11.122,11.122,0,0
LAB_PE,D,20190214,000000,11.122,11.122,11.122,11.122,0,0
LAB_PE,D,20190215,000000,11.122,11.122,10.833,10.833,0,0
LAB_PE,D,20190218,000000,11.026,11.026,11.026,11.026,0,0
LAB_PE,D,20190219,000000,11.026,11.026,11.026,11.026,0,0
LAB_PE,D,20190220,000000,11.122,11.122,11.026,11.026,0,0
LAB_PE,D,20190221,000000,11.026,11.026,11.026,11.026,0,0
LAB_PE,D,20190222,000000,11.026,11.026,11.026,11.026,0,0
LAB_PE,D,20190225,000000,10.833,10.833,10.833,10.833,0,0
LAB_PE,D,20190226,000000,10.833,10.833,10.833,10.833,0,0
LAB_PE,D,20190227,000000,10.833,10.833,10.833,10.833,0,0
LAB_PE,D,20190228,000000,10.833,10.833,10.833,10.833,0,0
LAB_PE,D,20190301,000000,10.833,10.833,10.542,10.542,0,0
LAB_PE,D,20190304,000000,10.638,10.638,10.445,10.445,0,0
LAB_PE,D,20190305,000000,10.445,10.542,10.445,10.542,0,0
LAB_PE,D,20190306,000000,10.638,10.736,10.638,10.638,0,0
LAB_PE,D,20190307,000000,10.638,10.638,10.638,10.638,0,0
LAB_PE,D,20190308,000000,10.638,10.638,10.638,10.638,0,0
LAB_PE,D,20190311,000000,10.638,10.638,10.445,10.638,0,0
LAB_PE,D,20190312,000000,10.638,10.638,10.638,10.638,0,0
LAB_PE,D,20190313,000000,10.638,10.638,10.638,10.638,0,0
LAB_PE,D,20190314,000000,10.638,10.638,10.638,10.638,0,0
LAB_PE,D,20190315,000000,10.638,10.638,10.638,10.638,0,0
LAB_PE,D,20190318,000000,10.638,10.736,10.638,10.736,0,0
LAB_PE,D,20190319,000000,10.833,10.833,10.445,10.445,0,0
LAB_PE,D,20190320,000000,10.833,10.833,10.638,10.638,0,0
LAB_PE,D,20190321,000000,10.736,10.736,10.638,10.736,0,0
LAB_PE,D,20190322,000000,10.736,10.736,10.736,10.736,0,0
LAB_PE,D,20190325,000000,10.833,10.833,10.833,10.833,0,0
LAB_PE,D,20190326,000000,10.833,10.833,10.833,10.833,0,0
LAB_PE,D,20190327,000000,10.833,10.833,10.833,10.833,0,0
LAB_PE,D,20190328,000000,10.833,10.833,10.833,10.833,0,0
LAB_PE,D,20190329,000000,11.026,11.026,10.542,10.542,0,0
LAB_PE,D,20190401,000000,11.026,11.026,11.026,11.026,0,0
LAB_PE,D,20190402,000000,11.026,11.026,10.833,10.833,0,0
LAB_PE,D,20190403,000000,11.026,11.026,11.026,11.026,0,0
LAB_PE,D,20190404,000000,11.026,11.026,10.833,10.833,0,0
LAB_PE,D,20190405,000000,11.026,11.026,10.833,10.833,0,0
LAB_PE,D,20190408,000000,11.026,12.283,10.833,12.283,0,0
LAB_PE,D,20190409,000000,12.476,12.574,12.476,12.574,0,0
LAB_PE,D,20190410,000000,12.574,12.574,12.574,12.574,0,0
LAB_PE,D,20190411,000000,12.379,12.379,12.379,12.379,0,0
LAB_PE,D,20190412,000000,12.379,12.379,12.379,12.379,0,0
LAB_PE,D,20190415,000000,12.283,12.283,11.993,11.993,0,0
LAB_PE,D,20190416,000000,11.896,12.186,11.896,12.186,0,0
LAB_PE,D,20190417,000000,12.283,12.283,12.186,12.186,0,0
LAB_PE,D,20190418,000000,12.283,12.283,11.703,11.703,0,0
LAB_PE,D,20190423,000000,12.283,12.283,12.186,12.186,0,0
LAB_PE,D,20190424,000000,11.703,11.703,11.607,11.703,0,0
LAB_PE,D,20190425,000000,11.509,11.509,11.412,11.412,0,0
LAB_PE,D,20190426,000000,11.703,11.703,11.219,11.219,0,0
LAB_PE,D,20190429,000000,11.703,11.703,11.703,11.703,0,0
LAB_PE,D,20190430,000000,11.607,11.607,11.607,11.607,0,0
LAB_PE,D,20190502,000000,11.607,11.607,11.607,11.607,0,0
LAB_PE,D,20190506,000000,11.607,11.607,11.607,11.607,0,0
LAB_PE,D,20190507,000000,11.607,11.607,11.607,11.607,0,0
LAB_PE,D,20190508,000000,11.412,11.412,11.412,11.412,0,0
LAB_PE,D,20190509,000000,11.412,11.412,11.412,11.412,0,0
LAB_PE,D,20190510,000000,11.412,11.412,11.412,11.412,0,0
LAB_PE,D,20190513,000000,11.412,11.412,11.412,11.412,0,0
LAB_PE,D,20190514,000000,11.509,11.509,11.412,11.412,0,0
LAB_PE,D,20190515,000000,11.509,11.509,11.412,11.412,0,0
LAB_PE,D,20190516,000000,11.509,11.509,11.412,11.412,0,0
LAB_PE,D,20190517,000000,11.509,11.509,11.412,11.412,0,0
LAB_PE,D,20190520,000000,11.607,11.607,11.219,11.219,0,0
LAB_PE,D,20190521,000000,11.412,11.412,11.412,11.412,0,0
LAB_PE,D,20190522,000000,11.316,11.316,11.316,11.316,0,0
LAB_PE,D,20190523,000000,11.316,11.316,11.316,11.316,0,0
LAB_PE,D,20190524,000000,11.316,11.316,11.316,11.316,0,0
LAB_PE,D,20190527,000000,11.316,11.316,11.316,11.316,0,0
LAB_PE,D,20190528,000000,11.316,11.316,10.929,10.929,0,0
LAB_PE,D,20190529,000000,11.026,11.026,11.026,11.026,0,0
LAB_PE,D,20190530,000000,11.316,11.316,11.122,11.122,0,0
LAB_PE,D,20190531,000000,11.026,11.026,10.638,10.638,0,0
LAB_PE,D,20190603,000000,10.929,13.927,10.349,13.927,0,0
LAB_PE,D,20190604,000000,13.927,13.927,13.637,13.927,0,0
LAB_PE,D,20190605,000000,13.927,13.927,13.927,13.927,0,0
LAB_PE,D,20190606,000000,13.637,13.927,13.637,13.927,0,0
LAB_PE,D,20190607,000000,14.217,14.217,13.927,13.927,0,0
LAB_PE,D,20190610,000000,14.024,14.024,14.024,14.024,0,0
LAB_PE,D,20190611,000000,14.217,14.217,14.12,14.12,0,0
LAB_PE,D,20190612,000000,14.024,14.024,14.024,14.024,0,0
LAB_PE,D,20190613,000000,14.024,14.024,14.024,14.024,0,0
LAB_PE,D,20190614,000000,14.024,14.024,14.024,14.024,0,0
LAB_PE,D,20190617,000000,13.927,14.12,13.927,14.12,0,0
LAB_PE,D,20190618,000000,14.217,14.217,14.12,14.12,0,0
LAB_PE,D,20190619,000000,14.217,14.217,14.12,14.12,0,0
LAB_PE,D,20190621,000000,14.217,14.217,14.217,14.217,0,0
LAB_PE,D,20190624,000000,14.12,14.12,14.12,14.12,0,0
LAB_PE,D,20190625,000000,14.024,14.12,14.024,14.12,0,0
LAB_PE,D,20190626,000000,14.492,14.492,14.196,14.196,0,0
LAB_PE,D,20190627,000000,14.295,14.295,14.295,14.295,0,0
LAB_PE,D,20190628,000000,14.196,14.196,14.196,14.196,0,0
LAB_PE,D,20190701,000000,14.196,14.196,14.196,14.196,0,0
LAB_PE,D,20190702,000000,14.196,14.196,14.196,14.196,0,0
LAB_PE,D,20190703,000000,14.196,14.196,14.196,14.196,0,0
LAB_PE,D,20190704,000000,14.196,14.196,14.196,14.196,0,0
LAB_PE,D,20190705,000000,14.196,14.196,14.196,14.196,0,0
LAB_PE,D,20190708,000000,14.196,14.196,14.196,14.196,0,0
LAB_PE,D,20190709,000000,14.196,14.196,14.196,14.196,0,0
LAB_PE,D,20190710,000000,14.196,14.196,14.196,14.196,0,0
LAB_PE,D,20190711,000000,14.196,14.196,14.196,14.196,0,0
LAB_PE,D,20190712,000000,14.196,14.196,14.196,14.196,0,0
LAB_PE,D,20190715,000000,14.196,14.196,14.196,14.196,0,0
LAB_PE,D,20190716,000000,14.196,14.196,14.196,14.196,0,0
LAB_PE,D,20190717,000000,14.196,14.196,14.196,14.196,0,0
LAB_PE,D,20190718,000000,14.196,14.196,14.196,14.196,0,0
LAB_PE,D,20190719,000000,14.196,14.196,14.196,14.196,0,0
LAB_PE,D,20190722,000000,14.196,14.196,14.196,14.196,0,0
LAB_PE,D,20190723,000000,14.196,14.196,14.196,14.196,0,0
LAB_PE,D,20190724,000000,14.196,14.196,14.196,14.196,0,0
LAB_PE,D,20190725,000000,14.196,14.196,14.196,14.196,0,0
LAB_PE,D,20190726,000000,14.295,14.295,14.196,14.295,0,0
LAB_PE,D,20190729,000000,14.394,14.394,14.394,14.394,0,0
LAB_PE,D,20190730,000000,14.295,14.295,14.295,14.295,0,0
LAB_PE,D,20190731,000000,14.394,14.394,14.394,14.394,0,0
LAB_PE,D,20190801,000000,14.295,14.295,14.295,14.295,0,0
LAB_PE,D,20190802,000000,14.295,14.295,14.295,14.295,0,0
LAB_PE,D,20190805,000000,14.295,14.295,14.295,14.295,0,0
LAB_PE,D,20190806,000000,14.295,14.295,14.295,14.295,0,0
LAB_PE,D,20190807,000000,13.901,13.901,13.901,13.901,0,0
LAB_PE,D,20190808,000000,14.196,14.196,14.196,14.196,0,0
LAB_PE,D,20190809,000000,14.196,14.196,14.196,14.196,0,0
LAB_PE,D,20190812,000000,14.196,14.196,13.901,13.901,0,0
LAB_PE,D,20190813,000000,14.196,14.196,13.999,13.999,0,0
LAB_PE,D,20190814,000000,14.196,14.196,14.098,14.098,0,0
LAB_PE,D,20190816,000000,13.901,13.901,13.605,13.605,0,0
LAB_PE,D,20190819,000000,13.703,13.703,13.703,13.703,0,0
LAB_PE,D,20190820,000000,13.703,13.703,13.112,13.112,0,0
LAB_PE,D,20190821,000000,13.112,13.112,13.112,13.112,0,0
LAB_PE,D,20190822,000000,13.112,13.112,13.013,13.013,0,0
LAB_PE,D,20190823,000000,13.605,13.605,13.408,13.408,0,0
LAB_PE,D,20190826,000000,13.408,13.408,13.408,13.408,0,0
LAB_PE,D,20190827,000000,13.408,13.408,13.408,13.408,0,0
LAB_PE,D,20190828,000000,13.408,13.408,13.408,13.408,0,0
LAB_PE,D,20190829,000000,13.408,13.408,13.408,13.408,0,0
LAB_PE,D,20190830,000000,13.408,13.408,13.408,13.408,0,0
LAB_PE,D,20190902,000000,13.408,13.408,13.408,13.408,0,0
LAB_PE,D,20190903,000000,13.408,13.408,13.408,13.408,0,0
LAB_PE,D,20190904,000000,13.408,13.408,13.408,13.408,0,0
LAB_PE,D,20190905,000000,13.408,13.408,13.408,13.408,0,0
LAB_PE,D,20190906,000000,13.408,13.408,13.408,13.408,0,0
LAB_PE,D,20190909,000000,13.506,13.506,13.408,13.408,0,0
LAB_PE,D,20190910,000000,13.408,13.408,13.408,13.408,0,0
LAB_PE,D,20190911,000000,13.408,13.408,13.408,13.408,0,0
LAB_PE,D,20190912,000000,13.408,13.506,11.14,11.14,0,0
LAB_PE,D,20190913,000000,11.14,11.14,11.14,11.14,0,0
LAB_PE,D,20190916,000000,11.14,11.14,11.14,11.14,0,0
LAB_PE,D,20190917,000000,11.14,11.14,11.14,11.14,0,0
LAB_PE,D,20190918,000000,11.14,11.239,11.14,11.239,0,0
LAB_PE,D,20190919,000000,11.239,11.239,11.239,11.239,0,0
LAB_PE,D,20190920,000000,11.239,11.239,11.239,11.239,0,0
LAB_PE,D,20190923,000000,11.239,11.239,11.239,11.239,0,0
LAB_PE,D,20190924,000000,11.239,11.239,11.239,11.239,0,0
LAB_PE,D,20190925,000000,11.239,11.239,11.239,11.239,0,0
LAB_PE,D,20190926,000000,11.239,11.239,11.239,11.239,0,0
LAB_PE,D,20190927,000000,11.239,11.239,11.239,11.239,0,0
LAB_PE,D,20190930,000000,11.239,11.239,11.239,11.239,0,0
LAB_PE,D,20191001,000000,11.239,11.239,11.239,11.239,0,0
LAB_PE,D,20191002,000000,11.239,11.239,11.239,11.239,0,0
LAB_PE,D,20191003,000000,11.239,11.239,11.239,11.239,0,0
LAB_PE,D,20191004,000000,11.239,11.239,11.239,11.239,0,0
LAB_PE,D,20191007,000000,11.239,11.239,11.239,11.239,0,0
LAB_PE,D,20191008,000000,11.239,11.239,11.239,11.239,0,0
LAB_PE,D,20191009,000000,11.239,11.239,11.239,11.239,0,0
LAB_PE,D,20191010,000000,11.239,11.239,11.239,11.239,0,0
LAB_PE,D,20191011,000000,11.239,11.239,11.239,11.239,0,0
LAB_PE,D,20191014,000000,11.239,11.239,11.239,11.239,0,0
LAB_PE,D,20191015,000000,11.239,11.239,11.239,11.239,0,0
LAB_PE,D,20191016,000000,11.239,11.239,10.746,10.746,0,0
LAB_PE,D,20191017,000000,10.746,11.042,10.746,11.042,0,0
LAB_PE,D,20191018,000000,10.746,10.746,10.647,10.746,0,0
LAB_PE,D,20191021,000000,10.844,10.844,10.844,10.844,0,0
LAB_PE,D,20191022,000000,10.844,10.844,10.844,10.844,0,0
LAB_PE,D,20191023,000000,10.943,10.943,10.844,10.844,0,0
LAB_PE,D,20191024,000000,10.844,10.844,10.844,10.844,0,0
LAB_PE,D,20191025,000000,10.844,10.943,10.844,10.943,0,0
LAB_PE,D,20191028,000000,10.943,10.943,10.844,10.844,0,0
LAB_PE,D,20191029,000000,10.746,10.844,10.746,10.844,0,0
LAB_PE,D,20191030,000000,10.943,10.943,10.943,10.943,0,0
LAB_PE,D,20191031,000000,10.746,10.746,10.746,10.746,0,0
LAB_PE,D,20191104,000000,10.746,10.746,10.746,10.746,0,0
LAB_PE,D,20191105,000000,10.746,10.943,10.746,10.844,0,0
LAB_PE,D,20191106,000000,10.844,10.844,10.844,10.844,0,0
LAB_PE,D,20191107,000000,10.647,10.943,10.647,10.943,0,0
LAB_PE,D,20191108,000000,11.042,11.042,10.943,10.943,0,0
LAB_PE,D,20191112,000000,11.042,11.042,10.943,10.943,0,0
LAB_PE,D,20191113,000000,11.042,11.042,10.943,10.943,0,0
LAB_PE,D,20191114,000000,11.042,11.042,10.943,10.943,0,0
LAB_PE,D,20191115,000000,11.042,11.042,10.943,10.943,0,0
LAB_PE,D,20191118,000000,11.042,11.042,10.943,10.943,0,0
LAB_PE,D,20191119,000000,11.042,11.042,11.042,11.042,0,0
LAB_PE,D,20191120,000000,11.239,11.239,11.042,11.042,0,0
LAB_PE,D,20191121,000000,11.239,11.239,11.042,11.042,0,0
LAB_PE,D,20191122,000000,11.239,11.239,11.14,11.14,0,0
LAB_PE,D,20191125,000000,11.239,11.337,11.239,11.337,0,0
LAB_PE,D,20191126,000000,11.436,11.436,11.337,11.337,0,0
LAB_PE,D,20191127,000000,11.633,11.633,11.337,11.337,0,0
LAB_PE,D,20191128,000000,11.436,16.661,11.337,16.661,0,0
LAB_PE,D,20191129,000000,17.055,17.055,16.661,16.661,0,0
LAB_PE,D,20191202,000000,16.76,16.76,16.76,16.76,0,0
LAB_PE,D,20191203,000000,16.76,16.76,16.76,16.76,0,0
LAB_PE,D,20191204,000000,16.76,16.76,16.661,16.661,0,0
LAB_PE,D,20191205,000000,16.76,16.76,16.661,16.661,0,0
LAB_PE,D,20191206,000000,17.154,17.154,16.661,16.661,0,0
LAB_PE,D,20191209,000000,16.76,16.76,16.661,16.76,0,0
LAB_PE,D,20191210,000000,16.858,18.238,16.76,18.238,0,0
LAB_PE,D,20191211,000000,18.238,18.238,18.238,18.238,0,0
LAB_PE,D,20191212,000000,18.238,18.238,18.041,18.041,0,0
LAB_PE,D,20191213,000000,18.436,18.534,18.436,18.534,0,0
LAB_PE,D,20191216,000000,18.534,18.534,18.534,18.534,0,0
LAB_PE,D,20191217,000000,18.534,18.534,18.534,18.534,0,0
LAB_PE,D,20191218,000000,18.534,18.534,18.534,18.534,0,0
LAB_PE,D,20191219,000000,18.534,18.534,18.534,18.534,0,0
LAB_PE,D,20191220,000000,18.534,18.534,18.534,18.534,0,0
LAB_PE,D,20191223,000000,18.534,18.534,18.534,18.534,0,0
LAB_PE,D,20191227,000000,18.633,18.633,18.534,18.534,0,0
LAB_PE,D,20191230,000000,18.436,18.534,18.436,18.534,0,0
LAB_PE,D,20200102,000000,18.534,18.534,18.534,18.534,0,0
LAB_PE,D,20200103,000000,18.534,18.534,18.534,18.534,0,0
LAB_PE,D,20200107,000000,18.534,18.534,18.534,18.534,0,0
LAB_PE,D,20200108,000000,18.534,18.534,18.534,18.534,0,0
LAB_PE,D,20200109,000000,18.534,18.534,18.534,18.534,0,0
LAB_PE,D,20200110,000000,18.534,18.534,18.534,18.534,0,0
LAB_PE,D,20200113,000000,18.534,18.534,18.534,18.534,0,0
LAB_PE,D,20200114,000000,18.534,18.534,18.534,18.534,0,0
LAB_PE,D,20200115,000000,18.534,18.534,18.534,18.534,0,0
LAB_PE,D,20200116,000000,18.534,18.534,18.534,18.534,0,0
LAB_PE,D,20200117,000000,18.534,18.534,17.647,17.647,0,0
LAB_PE,D,20200120,000000,17.45,17.45,17.351,17.45,0,0
LAB_PE,D,20200121,000000,18.041,18.041,17.943,17.943,0,0
LAB_PE,D,20200122,000000,17.943,18.041,17.943,18.041,0,0
LAB_PE,D,20200123,000000,17.943,18.041,17.943,18.041,0,0
LAB_PE,D,20200124,000000,17.943,18.041,17.943,18.041,0,0
LAB_PE,D,20200127,000000,17.943,17.943,17.943,17.943,0,0
LAB_PE,D,20200128,000000,17.943,17.943,17.154,17.253,0,0
LAB_PE,D,20200129,000000,17.253,18.041,17.253,18.041,0,0
LAB_PE,D,20200130,000000,18.041,18.041,17.844,17.943,0,0
LAB_PE,D,20200131,000000,18.14,18.14,17.943,17.943,0,0
LAB_PE,D,20200203,000000,18.14,18.14,17.943,17.943,0,0
LAB_PE,D,20200204,000000,18.436,18.436,17.943,17.943,0,0
LAB_PE,D,20200205,000000,18.436,18.436,17.943,18.041,0,0
LAB_PE,D,20200206,000000,18.337,18.337,18.041,18.041,0,0
LAB_PE,D,20200207,000000,18.337,18.337,17.844,17.943,0,0
LAB_PE,D,20200210,000000,18.14,18.14,17.943,18.041,0,0
LAB_PE,D,20200211,000000,17.844,17.943,17.844,17.943,0,0
LAB_PE,D,20200212,000000,18.14,18.14,17.943,17.943,0,0
LAB_PE,D,20200213,000000,18.633,18.633,17.943,18.041,0,0
LAB_PE,D,20200214,000000,18.041,18.041,17.844,17.943,0,0
LAB_PE,D,20200217,000000,17.943,17.943,17.943,17.943,0,0
LAB_PE,D,20200218,000000,18.14,18.14,17.943,18.041,0,0
LAB_PE,D,20200219,000000,18.041,18.041,17.844,17.943,0,0
LAB_PE,D,20200220,000000,18.238,18.238,17.943,17.943,0,0
LAB_PE,D,20200221,000000,18.14,18.14,17.943,17.943,0,0
LAB_PE,D,20200224,000000,18.14,18.14,17.943,17.943,0,0
LAB_PE,D,20200225,000000,18.14,18.14,17.943,17.943,0,0
LAB_PE,D,20200226,000000,18.14,18.14,17.943,17.943,0,0
LAB_PE,D,20200227,000000,18.14,18.14,18.041,18.041,0,0
LAB_PE,D,20200228,000000,17.844,17.943,17.844,17.943,0,0
LAB_PE,D,20200302,000000,18.633,18.633,17.943,17.943,0,0
LAB_PE,D,20200303,000000,18.14,18.14,17.844,17.943,0,0
LAB_PE,D,20200304,000000,18.14,18.14,17.943,17.943,0,0
LAB_PE,D,20200305,000000,17.943,17.943,17.943,17.943,0,0
LAB_PE,D,20200306,000000,18.633,18.633,17.943,17.943,0,0
LAB_PE,D,20200309,000000,17.45,17.45,17.253,17.253,0,0
LAB_PE,D,20200310,000000,17.844,17.844,17.844,17.844,0,0
LAB_PE,D,20200311,000000,17.745,17.745,17.745,17.745,0,0
LAB_PE,D,20200312,000000,17.055,17.055,17.055,17.055,0,0
LAB_PE,D,20200313,000000,17.45,17.45,17.45,17.45,0,0
LAB_PE,D,20200316,000000,18.534,18.534,18.534,18.534,0,0
LAB_PE,D,20200317,000000,18.534,18.534,18.534,18.534,0,0
LAB_PE,D,20200319,000000,17.351,18.534,16.562,16.562,0,0
LAB_PE,D,20200320,000000,16.76,16.76,16.562,16.76,0,0
LAB_PE,D,20200323,000000,16.76,16.76,16.76,16.76,0,0
LAB_PE,D,20200324,000000,16.562,16.562,16.562,16.562,0,0
LAB_PE,D,20200325,000000,16.562,16.562,16.562,16.562,0,0
LAB_PE,D,20200326,000000,16.562,16.562,16.562,16.562,0,0
LAB_PE,D,20200327,000000,16.562,16.562,16.562,16.562,0,0
LAB_PE,D,20200330,000000,16.562,16.562,16.562,16.562,0,0
LAB_PE,D,20200331,000000,16.562,16.562,16.562,16.562,0,0
LAB_PE,D,20200401,000000,16.562,16.562,16.562,16.562,0,0
LAB_PE,D,20200402,000000,16.562,16.562,16.562,16.562,0,0
LAB_PE,D,20200403,000000,16.562,16.562,16.562,16.562,0,0
LAB_PE,D,20200406,000000,16.562,16.562,16.562,16.562,0,0
LAB_PE,D,20200407,000000,16.562,16.562,16.562,16.562,0,0
LAB_PE,D,20200408,000000,16.562,16.562,16.562,16.562,0,0
LAB_PE,D,20200409,000000,16.562,16.562,16.562,16.562,0,0
LAB_PE,D,20200414,000000,16.562,16.562,16.562,16.562,0,0
LAB_PE,D,20200415,000000,16.562,16.562,16.562,16.562,0,0
LAB_PE,D,20200416,000000,16.562,16.562,16.562,16.562,0,0
LAB_PE,D,20200417,000000,16.562,16.562,16.562,16.562,0,0
LAB_PE,D,20200420,000000,16.562,16.562,16.562,16.562,0,0
LAB_PE,D,20200421,000000,16.562,16.562,16.562,16.562,0,0
LAB_PE,D,20200422,000000,16.562,16.562,16.562,16.562,0,0
LAB_PE,D,20200423,000000,16.562,16.562,16.562,16.562,0,0
LAB_PE,D,20200424,000000,16.562,16.562,16.562,16.562,0,0
LAB_PE,D,20200427,000000,16.76,16.76,16.661,16.661,0,0
LAB_PE,D,20200428,000000,16.76,16.76,16.661,16.661,0,0
LAB_PE,D,20200429,000000,16.76,16.76,16.069,16.069,0,0
LAB_PE,D,20200430,000000,16.661,16.661,8.2812,8.2812,0,0
LAB_PE,D,20200504,000000,8.2812,8.2812,8.2812,8.2812,0,0
LAB_PE,D,20200505,000000,8.2812,8.2812,8.1826,8.1826,0,0
LAB_PE,D,20200506,000000,8.1826,8.1826,8.1826,8.1826,0,0
LAB_PE,D,20200507,000000,8.1826,8.2812,8.1826,8.2812,0,0
LAB_PE,D,20200508,000000,8.2812,8.2812,8.1826,8.1826,0,0
LAB_PE,D,20200511,000000,8.1826,8.2812,8.1826,8.2812,0,0
LAB_PE,D,20200512,000000,8.2812,8.2812,8.2812,8.2812,0,0
LAB_PE,D,20200513,000000,8.2812,8.2812,8.2812,8.2812,0,0
LAB_PE,D,20200514,000000,8.2812,8.2812,8.2812,8.2812,0,0
LAB_PE,D,20200515,000000,8.2812,8.2812,8.2812,8.2812,0,0
LAB_PE,D,20200518,000000,8.2812,8.2812,8.1826,8.1826,0,0
LAB_PE,D,20200519,000000,8.1826,8.1826,8.1826,8.1826,0,0
LAB_PE,D,20200520,000000,8.1826,8.1826,8.1826,8.1826,0,0
LAB_PE,D,20200521,000000,8.1826,8.1826,8.1826,8.1826,0,0
LAB_PE,D,20200522,000000,8.1826,8.2812,8.1826,8.2812,0,0
LAB_PE,D,20200525,000000,8.2812,8.2812,8.2812,8.2812,0,0
LAB_PE,D,20200526,000000,8.2812,8.2812,8.2812,8.2812,0,0
LAB_PE,D,20200527,000000,8.2812,20.309,8.1826,20.309,0,0
LAB_PE,D,20200528,000000,20.506,20.506,20.506,20.506,0,0
LAB_PE,D,20200529,000000,20.506,20.506,20.506,20.506,0,0
LAB_PE,D,20200601,000000,20.506,20.604,20.506,20.604,0,0
LAB_PE,D,20200602,000000,20.703,20.703,20.604,20.604,0,0
LAB_PE,D,20200603,000000,20.703,20.703,20.703,20.703,0,0
LAB_PE,D,20200604,000000,20.604,20.703,20.604,20.703,0,0
LAB_PE,D,20200605,000000,20.703,20.703,20.703,20.703,0,0
LAB_PE,D,20200608,000000,20.703,20.703,20.703,20.703,0,0
LAB_PE,D,20200609,000000,20.703,20.703,19.816,19.914,0,0
LAB_PE,D,20200610,000000,20.21,20.21,20.112,20.112,0,0
LAB_PE,D,20200612,000000,20.112,20.112,20.112,20.112,0,0
LAB_PE,D,20200615,000000,20.112,20.112,20.112,20.112,0,0
LAB_PE,D,20200616,000000,20.013,20.013,20.013,20.013,0,0
LAB_PE,D,20200617,000000,20.013,20.013,20.013,20.013,0,0
LAB_PE,D,20200618,000000,20.013,20.013,20.013,20.013,0,0
LAB_PE,D,20200619,000000,20.013,20.013,20.013,20.013,0,0
LAB_PE,D,20200622,000000,20.013,20.013,20.013,20.013,0,0
LAB_PE,D,20200623,000000,19.619,19.619,19.619,19.619,0,0
LAB_PE,D,20200624,000000,20.013,20.013,20.013,20.013,0,0
LAB_PE,D,20200625,000000,20.013,20.013,20.013,20.013,0,0
LAB_PE,D,20200626,000000,20.013,20.013,20.013,20.013,0,0
LAB_PE,D,20200629,000000,20.013,20.013,20.013,20.013,0,0
LAB_PE,D,20200630,000000,19.914,19.914,19.52,19.52,0,0
LAB_PE,D,20200701,000000,19.52,19.816,19.323,19.816,0,0
LAB_PE,D,20200702,000000,19.816,19.816,19.816,19.816,0,0
LAB_PE,D,20200703,000000,19.816,19.816,19.816,19.816,0,0
LAB_PE,D,20200706,000000,19.816,19.816,19.816,19.816,0,0
LAB_PE,D,20200707,000000,19.816,19.816,19.816,19.816,0,0
LAB_PE,D,20200708,000000,20.309,20.309,20.013,20.013,0,0
LAB_PE,D,20200709,000000,20.309,20.309,20.112,20.21,0,0
LAB_PE,D,20200710,000000,20.407,20.407,20.309,20.309,0,0
LAB_PE,D,20200713,000000,20.309,20.309,19.52,20.112,0,0
LAB_PE,D,20200714,000000,20.112,20.112,19.52,20.112,0,0
LAB_PE,D,20200715,000000,20.112,20.112,20.112,20.112,0,0
LAB_PE,D,20200716,000000,20.112,20.112,20.112,20.112,0,0
LAB_PE,D,20200717,000000,20.9,20.9,20.6,20.6,0,0
LAB_PE,D,20200720,000000,20.5,20.6,20.5,20.6,0,0
LAB_PE,D,20200721,000000,20.6,20.6,20.6,20.6,0,0
LAB_PE,D,20200722,000000,20.6,20.6,20.6,20.6,0,0
LAB_PE,D,20200723,000000,20.6,20.6,20.2,20.2,0,0
LAB_PE,D,20200724,000000,20.6,20.6,20.4,20.4,0,0
LAB_PE,D,20200727,000000,20.4,20.5,20,20,0,0
LAB_PE,D,20200728,000000,20,20,19.8,19.8,0,0
LAB_PE,D,20200729,000000,20.3,20.3,19.7,20,0,0
LAB_PE,D,20200730,000000,20.1,20.1,20.1,20.1,0,0
LAB_PE,D,20200731,000000,20.1,20.1,20.1,20.1,0,0
LAB_PE,D,20200803,000000,20.1,20.1,20.1,20.1,0,0
LAB_PE,D,20200804,000000,20.3,20.3,20.1,20.1,0,0
LAB_PE,D,20200805,000000,20.2,20.2,20.1,20.1,0,0
LAB_PE,D,20200806,000000,20.1,20.1,20.1,20.1,0,0
LAB_PE,D,20200807,000000,20.1,20.1,20.1,20.1,0,0
LAB_PE,D,20200810,000000,20.1,20.1,20.1,20.1,0,0
LAB_PE,D,20200811,000000,20.1,20.1,20.1,20.1,0,0
LAB_PE,D,20200812,000000,20.1,20.1,20.1,20.1,0,0
LAB_PE,D,20200813,000000,20.1,20.1,20.1,20.1,0,0
LAB_PE,D,20200814,000000,20.1,20.1,20.1,20.1,0,0
LAB_PE,D,20200817,000000,20.1,20.1,20.1,20.1,0,0
LAB_PE,D,20200818,000000,20.1,20.1,20.1,20.1,0,0
LAB_PE,D,20200819,000000,20.1,20.1,20.1,20.1,0,0
LAB_PE,D,20200820,000000,20.5,20.5,20.5,20.5,0,0
LAB_PE,D,20200821,000000,20.1,20.1,20.1,20.1,0,0
