<TICKER>,<PER>,<DATE>,<TIME>,<OPEN>,<HIGH>,<LOW>,<CLOSE>,<VOL>,<OPENINT>
LVC_PE,D,20140411,000000,46.006,46.006,46.006,46.006,0,0
LVC_PE,D,20140414,000000,45.767,45.767,44.421,44.739,0,0
LVC_PE,D,20140415,000000,44.739,45.133,44.5,44.739,0,0
LVC_PE,D,20140416,000000,44.739,45.056,44.5,44.5,0,0
LVC_PE,D,20140417,000000,44.264,45.213,44.264,44.739,0,0
LVC_PE,D,20140422,000000,45.452,46.165,44.899,46.086,0,0
LVC_PE,D,20140423,000000,45.926,46.244,45.69,46.086,0,0
LVC_PE,D,20140424,000000,46.086,46.086,46.086,46.086,0,0
LVC_PE,D,20140425,000000,45.69,46.086,44.739,46.086,0,0
LVC_PE,D,20140428,000000,46.244,46.244,44.899,45.926,0,0
LVC_PE,D,20140429,000000,45.926,45.926,44.739,45.926,0,0
LVC_PE,D,20140430,000000,46.086,46.086,44.739,45.69,0,0
LVC_PE,D,20140502,000000,45.926,45.926,44.739,44.739,0,0
LVC_PE,D,20140505,000000,45.767,45.849,44.977,44.977,0,0
LVC_PE,D,20140506,000000,44.977,45.452,44.739,44.977,0,0
LVC_PE,D,20140507,000000,44.739,44.739,44.185,44.579,0,0
LVC_PE,D,20140508,000000,44.579,44.579,44.5,44.5,0,0
LVC_PE,D,20140509,000000,44.5,44.5,43.947,44.026,0,0
LVC_PE,D,20140512,000000,44.026,44.026,41.571,42.76,0,0
LVC_PE,D,20140513,000000,43.234,43.234,42.284,42.68,0,0
LVC_PE,D,20140514,000000,42.284,42.284,41.965,42.284,0,0
LVC_PE,D,20140515,000000,42.204,43.475,42.204,43.475,0,0
LVC_PE,D,20140516,000000,43.475,43.475,42.204,43.475,0,0
LVC_PE,D,20140519,000000,43.392,43.392,43.392,43.392,0,0
LVC_PE,D,20140520,000000,42.521,42.601,41.493,42.521,0,0
LVC_PE,D,20140521,000000,42.521,42.521,41.333,42.363,0,0
LVC_PE,D,20140522,000000,42.601,44.579,42.204,44.579,0,0
LVC_PE,D,20140523,000000,44.343,44.739,44.343,44.739,0,0
LVC_PE,D,20140526,000000,44.739,44.899,44.739,44.899,0,0
LVC_PE,D,20140527,000000,44.819,44.899,44.185,44.659,0,0
LVC_PE,D,20140528,000000,44.659,44.739,44.659,44.739,0,0
LVC_PE,D,20140529,000000,44.264,44.264,43.788,44.026,0,0
LVC_PE,D,20140530,000000,43.788,46.006,43.077,45.926,0,0
LVC_PE,D,20140602,000000,45.849,45.849,44.185,44.579,0,0
LVC_PE,D,20140603,000000,44.739,44.739,42.363,44.343,0,0
LVC_PE,D,20140604,000000,42.76,44.343,42.76,44.264,0,0
LVC_PE,D,20140605,000000,43.234,43.867,43.234,43.867,0,0
LVC_PE,D,20140606,000000,44.264,45.373,43.788,43.788,0,0
LVC_PE,D,20140609,000000,44.579,45.612,43.788,45.612,0,0
LVC_PE,D,20140610,000000,45.529,45.529,45.529,45.529,0,0
LVC_PE,D,20140611,000000,45.529,45.529,44.819,45.294,0,0
LVC_PE,D,20140612,000000,45.294,45.294,45.213,45.294,0,0
LVC_PE,D,20140613,000000,44.739,45.294,44.739,45.294,0,0
LVC_PE,D,20140616,000000,45.294,45.294,43.788,45.133,0,0
LVC_PE,D,20140617,000000,45.294,45.294,44.421,45.213,0,0
LVC_PE,D,20140618,000000,45.213,45.373,45.213,45.213,0,0
LVC_PE,D,20140620,000000,45.373,45.373,45.213,45.373,0,0
LVC_PE,D,20140623,000000,45.213,45.373,45.213,45.373,0,0
LVC_PE,D,20140624,000000,45.612,45.612,44.659,45.373,0,0
LVC_PE,D,20140625,000000,45.452,45.452,45.213,45.213,0,0
LVC_PE,D,20140626,000000,43.63,45.213,43.63,45.213,0,0
LVC_PE,D,20140627,000000,45.213,45.213,44.977,44.977,0,0
LVC_PE,D,20140630,000000,45.133,45.133,44.264,44.739,0,0
LVC_PE,D,20140701,000000,44.739,44.739,43.71,43.788,0,0
LVC_PE,D,20140702,000000,44.421,44.5,43.154,44.5,0,0
LVC_PE,D,20140703,000000,44.5,44.5,44.5,44.5,0,0
LVC_PE,D,20140704,000000,44.5,44.5,44.5,44.5,0,0
LVC_PE,D,20140707,000000,44.5,44.5,44.5,44.5,0,0
LVC_PE,D,20140708,000000,44.5,44.5,44.264,44.421,0,0
LVC_PE,D,20140709,000000,44.421,44.421,43.234,44.421,0,0
LVC_PE,D,20140710,000000,44.421,44.421,43.154,44.343,0,0
LVC_PE,D,20140711,000000,44.343,44.343,43.234,44.026,0,0
LVC_PE,D,20140714,000000,43.077,44.185,43.077,44.185,0,0
LVC_PE,D,20140715,000000,44.185,44.185,37.139,37.139,0,0
LVC_PE,D,20140716,000000,37.375,37.375,36.662,36.662,0,0
LVC_PE,D,20140717,000000,36.9,36.9,35.712,36.821,0,0
LVC_PE,D,20140718,000000,36.821,37.375,35.949,37.375,0,0
LVC_PE,D,20140721,000000,36.821,36.821,35.79,36.506,0,0
LVC_PE,D,20140722,000000,36.582,36.821,36.347,36.347,0,0
LVC_PE,D,20140723,000000,36.108,36.347,36.108,36.347,0,0
LVC_PE,D,20140724,000000,36.347,36.347,36.186,36.267,0,0
LVC_PE,D,20140725,000000,36.741,36.741,35.949,36.108,0,0
LVC_PE,D,20140728,000000,36.979,36.979,36.662,36.662,0,0
LVC_PE,D,20140729,000000,35.435,36.405,35.435,36.001,0,0
LVC_PE,D,20140730,000000,36.081,36.081,35.676,35.84,0,0
LVC_PE,D,20140731,000000,35.757,35.84,35.352,35.84,0,0
LVC_PE,D,20140801,000000,36.001,36.001,34.382,35.919,0,0
LVC_PE,D,20140804,000000,35.676,36.323,35.676,36.162,0,0
LVC_PE,D,20140805,000000,36.485,36.485,34.786,34.786,0,0
LVC_PE,D,20140806,000000,34.869,34.869,34.382,34.382,0,0
LVC_PE,D,20140807,000000,34.382,34.382,32.197,33.654,0,0
LVC_PE,D,20140808,000000,33.654,33.654,30.985,32.603,0,0
LVC_PE,D,20140811,000000,33.006,33.006,32.603,32.603,0,0
LVC_PE,D,20140812,000000,33.087,33.087,32.197,32.603,0,0
LVC_PE,D,20140813,000000,33.087,33.087,32.603,32.603,0,0
LVC_PE,D,20140814,000000,33.087,33.087,31.633,32.603,0,0
LVC_PE,D,20140818,000000,33.087,33.087,31.875,32.845,0,0
LVC_PE,D,20140819,000000,32.845,32.845,32.197,32.603,0,0
LVC_PE,D,20140820,000000,32.603,32.603,31.714,32.603,0,0
LVC_PE,D,20140821,000000,32.603,32.603,32.197,32.197,0,0
LVC_PE,D,20140822,000000,32.279,32.603,32.279,32.603,0,0
LVC_PE,D,20140825,000000,32.197,34.303,32.197,33.25,0,0
LVC_PE,D,20140826,000000,33.25,33.25,32.279,32.603,0,0
LVC_PE,D,20140827,000000,32.603,32.603,32.441,32.603,0,0
LVC_PE,D,20140828,000000,32.603,32.603,32.197,32.197,0,0
LVC_PE,D,20140829,000000,32.197,32.197,31.227,31.794,0,0
LVC_PE,D,20140901,000000,32.197,32.197,30.744,32.197,0,0
LVC_PE,D,20140902,000000,32.197,32.197,31.146,32.197,0,0
LVC_PE,D,20140903,000000,31.39,34.382,30.177,30.177,0,0
LVC_PE,D,20140904,000000,30.177,30.338,29.447,30.338,0,0
LVC_PE,D,20140905,000000,30.338,30.338,29.044,29.044,0,0
LVC_PE,D,20140908,000000,29.205,29.205,28.315,29.205,0,0
LVC_PE,D,20140909,000000,29.205,29.205,28.073,28.315,0,0
LVC_PE,D,20140910,000000,28.556,28.556,28.315,28.477,0,0
LVC_PE,D,20140911,000000,30.177,30.177,28.881,28.961,0,0
LVC_PE,D,20140912,000000,29.124,30.014,29.124,30.014,0,0
LVC_PE,D,20140915,000000,30.177,30.581,30.014,30.581,0,0
LVC_PE,D,20140916,000000,30.581,31.309,30.581,31.309,0,0
LVC_PE,D,20140917,000000,31.39,33.006,31.39,32.118,0,0
LVC_PE,D,20140918,000000,32.603,33.006,32.118,33.006,0,0
LVC_PE,D,20140919,000000,33.735,33.735,33.654,33.654,0,0
LVC_PE,D,20140922,000000,33.897,33.897,33.17,33.573,0,0
LVC_PE,D,20140923,000000,33.573,34.139,33.573,33.977,0,0
LVC_PE,D,20140924,000000,33.977,33.977,33.815,33.977,0,0
LVC_PE,D,20140925,000000,33.977,33.977,33.006,33.977,0,0
LVC_PE,D,20140926,000000,33.087,33.977,33.087,33.977,0,0
LVC_PE,D,20140929,000000,33.977,34.543,33.815,34.464,0,0
LVC_PE,D,20140930,000000,34.464,34.543,33.331,34.543,0,0
LVC_PE,D,20141001,000000,34.543,34.543,33.977,34.543,0,0
LVC_PE,D,20141002,000000,34.543,34.543,34.303,34.464,0,0
LVC_PE,D,20141003,000000,34.464,34.464,33.815,33.815,0,0
LVC_PE,D,20141006,000000,33.735,34.786,33.735,34.786,0,0
LVC_PE,D,20141007,000000,34.786,34.786,34.139,34.706,0,0
LVC_PE,D,20141008,000000,34.786,34.786,34.059,34.706,0,0
LVC_PE,D,20141009,000000,34.786,34.786,34.706,34.706,0,0
LVC_PE,D,20141010,000000,34.786,34.869,34.706,34.706,0,0
LVC_PE,D,20141013,000000,34.786,35.109,34.786,35.109,0,0
LVC_PE,D,20141014,000000,35.03,35.109,34.624,34.624,0,0
LVC_PE,D,20141015,000000,34.786,34.786,33.977,34.382,0,0
LVC_PE,D,20141016,000000,34.706,34.948,34.059,34.948,0,0
LVC_PE,D,20141017,000000,35.03,35.109,34.869,34.869,0,0
LVC_PE,D,20141020,000000,34.869,34.869,34.869,34.869,0,0
LVC_PE,D,20141021,000000,34.869,34.869,34.869,34.869,0,0
LVC_PE,D,20141022,000000,35.03,35.03,34.869,34.869,0,0
LVC_PE,D,20141023,000000,34.869,34.869,34.869,34.869,0,0
LVC_PE,D,20141024,000000,34.869,34.869,34.303,34.869,0,0
LVC_PE,D,20141027,000000,35.03,35.03,34.869,34.869,0,0
LVC_PE,D,20141028,000000,34.869,34.869,34.869,34.869,0,0
LVC_PE,D,20141029,000000,34.869,34.869,34.869,34.869,0,0
LVC_PE,D,20141030,000000,34.869,34.869,34.706,34.706,0,0
LVC_PE,D,20141031,000000,34.869,34.869,33.977,33.977,0,0
LVC_PE,D,20141103,000000,34.059,34.059,32.683,33.815,0,0
LVC_PE,D,20141104,000000,33.654,33.735,33.17,33.735,0,0
LVC_PE,D,20141105,000000,33.977,34.869,33.815,33.977,0,0
LVC_PE,D,20141106,000000,34.059,34.22,34.059,34.22,0,0
LVC_PE,D,20141107,000000,35.595,35.595,34.303,34.869,0,0
LVC_PE,D,20141110,000000,35.514,35.514,35.435,35.435,0,0
LVC_PE,D,20141112,000000,35.514,36.567,35.435,36.162,0,0
LVC_PE,D,20141113,000000,36.081,37.618,36.081,37.455,0,0
LVC_PE,D,20141114,000000,37.455,37.455,36.405,37.455,0,0
LVC_PE,D,20141117,000000,37.376,37.376,36.405,37.214,0,0
LVC_PE,D,20141118,000000,37.214,37.618,36.323,36.323,0,0
LVC_PE,D,20141119,000000,36.972,36.972,35.919,36.001,0,0
LVC_PE,D,20141120,000000,35.757,35.757,35.352,35.435,0,0
LVC_PE,D,20141121,000000,35.435,35.84,35.435,35.676,0,0
LVC_PE,D,20141124,000000,35.84,35.84,35.595,35.595,0,0
LVC_PE,D,20141125,000000,35.84,36.728,31.227,31.227,0,0
LVC_PE,D,20141126,000000,31.39,36.567,31.39,36.567,0,0
LVC_PE,D,20141127,000000,35.757,36.405,34.464,36.081,0,0
LVC_PE,D,20141128,000000,36.081,41.259,36.081,40.692,0,0
LVC_PE,D,20141201,000000,40.692,45.141,40.692,45.141,0,0
LVC_PE,D,20141202,000000,45.546,45.546,42.31,43.605,0,0
LVC_PE,D,20141203,000000,42.068,48.62,42.068,48.62,0,0
LVC_PE,D,20141204,000000,48.782,50.725,46.031,46.031,0,0
LVC_PE,D,20141205,000000,46.031,49.593,46.031,49.509,0,0
LVC_PE,D,20141208,000000,49.509,50.4,46.193,47.163,0,0
LVC_PE,D,20141209,000000,46.356,46.436,43.039,43.039,0,0
LVC_PE,D,20141210,000000,43.039,45.546,43.039,44.576,0,0
LVC_PE,D,20141211,000000,44.414,44.414,40.935,42.31,0,0
LVC_PE,D,20141212,000000,43.929,48.459,41.744,48.459,0,0
LVC_PE,D,20141215,000000,45.869,47.163,45.869,46.517,0,0
LVC_PE,D,20141216,000000,44.9,44.9,43.929,43.929,0,0
LVC_PE,D,20141217,000000,43.929,46.517,43.929,46.356,0,0
LVC_PE,D,20141218,000000,46.517,47.163,46.193,47.163,0,0
LVC_PE,D,20141219,000000,47.972,48.217,46.031,47.163,0,0
LVC_PE,D,20141222,000000,48.217,48.217,46.112,47.812,0,0
LVC_PE,D,20141223,000000,46.193,47.892,46.193,47.163,0,0
LVC_PE,D,20141229,000000,47.812,47.812,45.546,45.546,0,0
LVC_PE,D,20141230,000000,45.546,45.546,43.201,45.546,0,0
LVC_PE,D,20150102,000000,45.546,46.356,44.09,44.414,0,0
LVC_PE,D,20150105,000000,44.738,45.951,44.738,45.546,0,0
LVC_PE,D,20150107,000000,44.576,45.546,44.576,45.546,0,0
LVC_PE,D,20150108,000000,45.546,45.546,43.929,44.738,0,0
LVC_PE,D,20150109,000000,44.738,44.738,43.687,44.738,0,0
LVC_PE,D,20150112,000000,45.061,46.356,44.576,46.193,0,0
LVC_PE,D,20150113,000000,45.303,45.303,44.98,45.061,0,0
LVC_PE,D,20150114,000000,44.251,45.384,44.251,44.738,0,0
LVC_PE,D,20150115,000000,44.414,44.414,44.414,44.414,0,0
LVC_PE,D,20150116,000000,44.414,45.546,44.414,45.546,0,0
LVC_PE,D,20150119,000000,45.546,45.546,43.201,43.929,0,0
LVC_PE,D,20150120,000000,44.01,44.333,44.01,44.01,0,0
LVC_PE,D,20150121,000000,44.01,44.576,43.281,44.576,0,0
LVC_PE,D,20150122,000000,44.819,44.819,44.09,44.09,0,0
LVC_PE,D,20150123,000000,44.738,44.738,44.495,44.495,0,0
LVC_PE,D,20150126,000000,44.656,46.272,44.656,45.951,0,0
LVC_PE,D,20150127,000000,47.407,53.07,47.083,53.07,0,0
LVC_PE,D,20150128,000000,54.041,54.932,50.886,52.909,0,0
LVC_PE,D,20150129,000000,55.256,55.415,50.966,52.423,0,0
LVC_PE,D,20150130,000000,52.667,53.96,52.667,53.96,0,0
LVC_PE,D,20150202,000000,54.366,54.366,51.532,53.637,0,0
LVC_PE,D,20150203,000000,53.96,53.96,52.018,52.018,0,0
LVC_PE,D,20150204,000000,52.018,52.018,49.916,52.018,0,0
LVC_PE,D,20150205,000000,52.018,54.932,51.211,54.445,0,0
LVC_PE,D,20150206,000000,54.445,54.77,54.284,54.77,0,0
LVC_PE,D,20150209,000000,55.982,55.982,53.312,53.312,0,0
LVC_PE,D,20150210,000000,53.151,53.637,51.532,52.262,0,0
LVC_PE,D,20150211,000000,52.262,52.262,51.291,51.614,0,0
LVC_PE,D,20150212,000000,52.018,53.557,52.018,53.557,0,0
LVC_PE,D,20150213,000000,52.667,53.395,52.099,52.586,0,0
LVC_PE,D,20150216,000000,52.586,53.637,52.586,52.667,0,0
LVC_PE,D,20150217,000000,52.667,53.637,52.423,53.637,0,0
LVC_PE,D,20150218,000000,53.637,53.637,53.07,53.07,0,0
LVC_PE,D,20150219,000000,53.476,54.849,53.07,54.77,0,0
LVC_PE,D,20150220,000000,54.77,56.469,54.77,56.065,0,0
LVC_PE,D,20150223,000000,56.711,59.784,56.711,58.57,0,0
LVC_PE,D,20150224,000000,59.217,59.217,57.52,58.57,0,0
LVC_PE,D,20150225,000000,57.844,57.844,55.498,56.954,0,0
LVC_PE,D,20150226,000000,58.168,58.168,56.954,57.439,0,0
LVC_PE,D,20150227,000000,57.196,58.49,57.196,58.49,0,0
LVC_PE,D,20150302,000000,58.57,58.57,57.52,58.168,0,0
LVC_PE,D,20150303,000000,57.681,57.681,55.902,55.902,0,0
LVC_PE,D,20150304,000000,55.498,56.791,55.256,56.711,0,0
LVC_PE,D,20150305,000000,56.388,56.872,56.307,56.791,0,0
LVC_PE,D,20150306,000000,56.065,56.145,53.799,53.878,0,0
LVC_PE,D,20150309,000000,54.284,55.821,52.586,55.741,0,0
LVC_PE,D,20150310,000000,55.741,57.925,55.579,57.762,0,0
LVC_PE,D,20150311,000000,57.762,57.762,56.225,56.225,0,0
LVC_PE,D,20150313,000000,56.225,56.872,55.256,55.256,0,0
LVC_PE,D,20150316,000000,56.065,56.711,55.415,55.659,0,0
LVC_PE,D,20150317,000000,55.256,55.256,55.011,55.011,0,0
LVC_PE,D,20150318,000000,54.849,55.011,54.689,54.689,0,0
LVC_PE,D,20150319,000000,54.849,56.711,54.849,56.469,0,0
LVC_PE,D,20150320,000000,56.469,56.711,55.256,56.711,0,0
LVC_PE,D,20150323,000000,55.902,56.711,55.092,56.145,0,0
LVC_PE,D,20150324,000000,56.065,57.681,56.065,57.52,0,0
LVC_PE,D,20150325,000000,56.711,56.711,54.849,55.175,0,0
LVC_PE,D,20150326,000000,55.902,56.065,55.175,55.741,0,0
LVC_PE,D,20150327,000000,56.065,56.872,54.77,55.011,0,0
LVC_PE,D,20150330,000000,55.741,57.52,54.607,54.607,0,0
LVC_PE,D,20150331,000000,53.799,53.799,52.909,53.07,0,0
LVC_PE,D,20150401,000000,53.312,56.549,53.312,55.256,0,0
LVC_PE,D,20150402,000000,56.307,56.711,56.065,56.388,0,0
LVC_PE,D,20150407,000000,56.469,57.52,56.065,56.145,0,0
LVC_PE,D,20150408,000000,56.145,56.145,54.527,55.579,0,0
LVC_PE,D,20150409,000000,55.579,55.579,53.96,54.123,0,0
LVC_PE,D,20150410,000000,54.123,54.445,53.637,54.123,0,0
LVC_PE,D,20150413,000000,54.284,54.284,52.018,52.504,0,0
LVC_PE,D,20150414,000000,52.343,52.343,47.972,49.593,0,0
LVC_PE,D,20150415,000000,49.509,51.452,48.782,51.371,0,0
LVC_PE,D,20150416,000000,51.371,52.504,51.371,51.696,0,0
LVC_PE,D,20150417,000000,52.586,52.586,51.048,51.048,0,0
LVC_PE,D,20150420,000000,51.048,51.048,49.672,50.4,0,0
LVC_PE,D,20150421,000000,50.4,50.966,49.672,49.672,0,0
LVC_PE,D,20150422,000000,49.916,50.32,49.672,50.16,0,0
LVC_PE,D,20150423,000000,50.4,51.048,50.4,50.725,0,0
LVC_PE,D,20150424,000000,50.4,51.211,50.4,50.4,0,0
LVC_PE,D,20150427,000000,50.806,50.806,49.025,50.4,0,0
LVC_PE,D,20150428,000000,50.642,50.642,49.593,50.4,0,0
LVC_PE,D,20150429,000000,50.4,50.4,48.782,49.509,0,0
LVC_PE,D,20150430,000000,50.238,50.238,48.782,48.782,0,0
LVC_PE,D,20150504,000000,48.782,49.593,48.782,49.186,0,0
LVC_PE,D,20150505,000000,49.593,50.238,49.267,49.672,0,0
LVC_PE,D,20150506,000000,49.833,49.833,48.862,49.267,0,0
LVC_PE,D,20150507,000000,49.267,49.509,49.267,49.429,0,0
LVC_PE,D,20150508,000000,49.833,51.13,49.753,50.725,0,0
LVC_PE,D,20150511,000000,52.828,53.312,52.018,53.312,0,0
LVC_PE,D,20150512,000000,53.557,53.637,52.828,53.312,0,0
LVC_PE,D,20150513,000000,52.504,53.799,50.4,53.799,0,0
LVC_PE,D,20150514,000000,53.637,53.637,51.532,52.018,0,0
LVC_PE,D,20150515,000000,52.828,52.828,51.211,52.828,0,0
LVC_PE,D,20150518,000000,52.828,52.828,48.62,48.62,0,0
LVC_PE,D,20150519,000000,51.211,53.312,50.32,53.312,0,0
LVC_PE,D,20150520,000000,53.232,53.232,51.048,52.828,0,0
LVC_PE,D,20150521,000000,52.667,52.667,51.452,52.262,0,0
LVC_PE,D,20150522,000000,51.614,52.18,51.614,51.858,0,0
LVC_PE,D,20150525,000000,51.858,52.099,51.614,52.018,0,0
LVC_PE,D,20150526,000000,52.018,53.637,51.696,53.151,0,0
LVC_PE,D,20150527,000000,53.151,53.232,51.211,53.232,0,0
LVC_PE,D,20150528,000000,53.151,53.151,51.371,52.99,0,0
LVC_PE,D,20150529,000000,53.151,53.232,52.99,53.232,0,0
LVC_PE,D,20150601,000000,53.312,53.312,52.018,53.232,0,0
LVC_PE,D,20150602,000000,53.232,53.312,53.232,53.312,0,0
LVC_PE,D,20150603,000000,53.395,53.395,52.018,53.07,0,0
LVC_PE,D,20150605,000000,52.99,52.99,51.452,51.452,0,0
LVC_PE,D,20150608,000000,50.886,52.586,50.886,52.343,0,0
LVC_PE,D,20150609,000000,52.504,52.586,50.4,50.886,0,0
LVC_PE,D,20150610,000000,50.886,52.018,50.886,51.13,0,0
LVC_PE,D,20150611,000000,51.371,52.018,50.886,51.696,0,0
LVC_PE,D,20150612,000000,50.725,50.725,50.077,50.32,0,0
LVC_PE,D,20150615,000000,50.725,51.614,50.077,51.614,0,0
LVC_PE,D,20150616,000000,51.614,51.614,50.238,50.886,0,0
LVC_PE,D,20150617,000000,51.291,51.371,51.291,51.371,0,0
LVC_PE,D,20150618,000000,50.886,50.886,49.593,49.998,0,0
LVC_PE,D,20150619,000000,51.048,51.048,33.654,33.654,0,0
LVC_PE,D,20150622,000000,34.303,34.303,31.956,33.654,0,0
LVC_PE,D,20150623,000000,33.411,33.573,32.279,33.573,0,0
LVC_PE,D,20150624,000000,32.845,33.492,32.359,33.492,0,0
LVC_PE,D,20150625,000000,33.492,33.573,32.603,33.492,0,0
LVC_PE,D,20150626,000000,33.17,33.17,33.087,33.17,0,0
LVC_PE,D,20150629,000000,32.522,32.522,29.772,31.794,0,0
LVC_PE,D,20150630,000000,31.714,31.714,30.985,31.714,0,0
LVC_PE,D,20150701,000000,31.146,31.875,30.823,31.472,0,0
LVC_PE,D,20150702,000000,31.472,31.551,30.985,30.985,0,0
LVC_PE,D,20150703,000000,31.472,31.472,30.905,31.227,0,0
LVC_PE,D,20150706,000000,30.581,32.522,30.581,32.441,0,0
LVC_PE,D,20150707,000000,33.573,33.654,31.472,32.118,0,0
LVC_PE,D,20150708,000000,31.714,31.714,31.067,31.067,0,0
LVC_PE,D,20150709,000000,30.823,31.39,30.823,31.227,0,0
LVC_PE,D,20150710,000000,32.925,33.006,32.603,33.006,0,0
LVC_PE,D,20150713,000000,33.654,33.977,33.25,33.573,0,0
LVC_PE,D,20150714,000000,33.331,33.331,33.087,33.087,0,0
LVC_PE,D,20150715,000000,33.654,34.22,33.411,33.411,0,0
LVC_PE,D,20150716,000000,33.654,34.543,33.331,34.543,0,0
LVC_PE,D,20150717,000000,34.786,34.786,33.897,33.897,0,0
LVC_PE,D,20150720,000000,33.654,33.654,33.331,33.654,0,0
LVC_PE,D,20150721,000000,33.897,33.897,32.845,33.331,0,0
LVC_PE,D,20150722,000000,34.303,34.303,32.118,33.006,0,0
LVC_PE,D,20150723,000000,33.654,33.654,32.522,32.603,0,0
LVC_PE,D,20150724,000000,32.603,32.845,32.603,32.845,0,0
LVC_PE,D,20150727,000000,33.411,33.411,32.603,33.17,0,0
LVC_PE,D,20150728,000000,32.744,33.821,32.744,33.407,0,0
LVC_PE,D,20150729,000000,33.488,33.488,33.325,33.325,0,0
LVC_PE,D,20150730,000000,33.325,33.572,33.325,33.572,0,0
LVC_PE,D,20150731,000000,33.325,33.739,33.325,33.739,0,0
LVC_PE,D,20150803,000000,33.739,33.821,33.325,33.821,0,0
LVC_PE,D,20150804,000000,33.904,33.986,33.407,33.904,0,0
LVC_PE,D,20150805,000000,31.582,33.904,31.582,33.904,0,0
LVC_PE,D,20150806,000000,34.484,34.484,33.075,33.325,0,0
LVC_PE,D,20150807,000000,33.407,33.407,33.075,33.325,0,0
LVC_PE,D,20150810,000000,33.407,33.904,33.325,33.904,0,0
LVC_PE,D,20150811,000000,34.816,35.313,34.153,35.313,0,0
LVC_PE,D,20150812,000000,35.313,35.313,34.981,35.229,0,0
LVC_PE,D,20150813,000000,35.478,35.478,35.147,35.478,0,0
LVC_PE,D,20150814,000000,35.478,35.478,35.147,35.313,0,0
LVC_PE,D,20150817,000000,35.478,36.226,31.665,31.665,0,0
LVC_PE,D,20150818,000000,31.665,32.33,31.5,32.33,0,0
LVC_PE,D,20150819,000000,32.33,33.325,32.164,33.159,0,0
LVC_PE,D,20150820,000000,33.325,33.325,32.993,33.241,0,0
LVC_PE,D,20150821,000000,33.159,33.159,31.75,31.832,0,0
LVC_PE,D,20150824,000000,30.341,30.341,27.272,28.433,0,0
LVC_PE,D,20150825,000000,28.433,30.753,28.433,30.341,0,0
LVC_PE,D,20150826,000000,30.836,30.836,29.346,29.843,0,0
LVC_PE,D,20150827,000000,29.926,31.334,29.926,31.252,0,0
LVC_PE,D,20150828,000000,31.252,31.252,30.008,31.252,0,0
LVC_PE,D,20150831,000000,31.334,31.334,29.926,30.836,0,0
LVC_PE,D,20150901,000000,31.002,31.002,29.843,30.753,0,0
LVC_PE,D,20150902,000000,31.002,32.33,31.002,31.582,0,0
LVC_PE,D,20150903,000000,31.997,32.33,31.334,31.832,0,0
LVC_PE,D,20150904,000000,32.33,32.33,30.92,31.75,0,0
LVC_PE,D,20150907,000000,30.504,31.913,30.504,31.913,0,0
LVC_PE,D,20150908,000000,31.913,31.913,30.587,30.753,0,0
LVC_PE,D,20150909,000000,31.832,31.832,30.753,31.085,0,0
LVC_PE,D,20150910,000000,31.582,31.832,31.334,31.334,0,0
LVC_PE,D,20150911,000000,31.832,31.832,31.168,31.832,0,0
LVC_PE,D,20150914,000000,31.832,31.913,31.417,31.832,0,0
LVC_PE,D,20150915,000000,31.832,31.832,30.836,31.832,0,0
LVC_PE,D,20150916,000000,31.832,31.832,31.5,31.75,0,0
LVC_PE,D,20150917,000000,31.832,31.832,31.252,31.252,0,0
LVC_PE,D,20150918,000000,31.252,31.252,31.252,31.252,0,0
LVC_PE,D,20150921,000000,31.665,31.913,31.665,31.913,0,0
LVC_PE,D,20150922,000000,31.913,31.997,31.085,31.997,0,0
LVC_PE,D,20150923,000000,31.997,31.997,30.587,31.334,0,0
LVC_PE,D,20150924,000000,31.334,31.334,30.836,31.334,0,0
LVC_PE,D,20150925,000000,31.334,31.75,30.836,31.75,0,0
LVC_PE,D,20150928,000000,31.832,31.832,30.422,30.587,0,0
LVC_PE,D,20150929,000000,30.341,31.334,30.09,31.334,0,0
LVC_PE,D,20150930,000000,31.832,31.832,30.504,31.75,0,0
LVC_PE,D,20151001,000000,31.832,31.832,31.085,31.168,0,0
LVC_PE,D,20151002,000000,31.75,31.832,31.252,31.252,0,0
LVC_PE,D,20151005,000000,32.079,34.568,32.079,34.568,0,0
LVC_PE,D,20151006,000000,34.568,35.313,34.401,35.229,0,0
LVC_PE,D,20151007,000000,35.313,36.309,34.816,35.892,0,0
LVC_PE,D,20151008,000000,35.892,37.304,35.892,36.391,0,0
LVC_PE,D,20151009,000000,36.887,37.219,36.226,37.138,0,0
LVC_PE,D,20151012,000000,37.138,37.138,35.892,36.391,0,0
LVC_PE,D,20151013,000000,36.309,36.309,34.568,34.899,0,0
LVC_PE,D,20151014,000000,34.981,35.892,34.401,35.229,0,0
LVC_PE,D,20151015,000000,35.892,36.226,35.395,36.226,0,0
LVC_PE,D,20151016,000000,36.226,36.887,36.142,36.142,0,0
LVC_PE,D,20151019,000000,36.557,36.64,35.811,36.059,0,0
LVC_PE,D,20151020,000000,36.142,36.142,35.892,36.142,0,0
LVC_PE,D,20151021,000000,35.729,36.309,35.729,35.975,0,0
LVC_PE,D,20151022,000000,35.975,35.975,34.816,35.229,0,0
LVC_PE,D,20151023,000000,34.816,35.395,34.816,35.395,0,0
LVC_PE,D,20151026,000000,35.395,36.391,34.899,36.309,0,0
LVC_PE,D,20151027,000000,36.309,36.391,35.975,36.309,0,0
LVC_PE,D,20151028,000000,36.391,36.391,34.899,35.395,0,0
LVC_PE,D,20151029,000000,35.395,35.395,34.65,34.65,0,0
LVC_PE,D,20151030,000000,34.484,35.395,34.484,34.734,0,0
LVC_PE,D,20151102,000000,35.229,35.229,34.734,35.147,0,0
LVC_PE,D,20151103,000000,35.395,37.304,35.395,37.138,0,0
LVC_PE,D,20151104,000000,37.219,37.219,36.806,37.219,0,0
LVC_PE,D,20151105,000000,37.219,37.219,36.391,37.054,0,0
LVC_PE,D,20151106,000000,37.054,37.882,36.391,37.635,0,0
LVC_PE,D,20151109,000000,37.882,38.297,37.635,37.717,0,0
LVC_PE,D,20151110,000000,37.882,38.38,37.304,38.216,0,0
LVC_PE,D,20151112,000000,38.297,38.38,37.882,38.38,0,0
LVC_PE,D,20151113,000000,38.297,38.297,36.972,36.972,0,0
LVC_PE,D,20151116,000000,36.972,37.304,35.975,37.304,0,0
LVC_PE,D,20151117,000000,37.304,37.801,36.887,37.801,0,0
LVC_PE,D,20151118,000000,37.966,37.966,37.882,37.966,0,0
LVC_PE,D,20151119,000000,38.297,39.126,38.133,39.126,0,0
LVC_PE,D,20151120,000000,39.293,40.121,38.877,39.79,0,0
LVC_PE,D,20151123,000000,40.204,40.204,39.044,39.54,0,0
LVC_PE,D,20151124,000000,40.287,40.451,38.546,38.96,0,0
LVC_PE,D,20151125,000000,39.375,40.287,39.375,40.204,0,0
LVC_PE,D,20151126,000000,40.204,40.287,39.457,40.204,0,0
LVC_PE,D,20151127,000000,40.204,40.204,35.395,35.395,0,0
LVC_PE,D,20151130,000000,35.811,35.811,35.229,35.229,0,0
LVC_PE,D,20151201,000000,35.063,35.729,35.063,35.729,0,0
LVC_PE,D,20151202,000000,35.811,36.806,35.811,36.142,0,0
LVC_PE,D,20151203,000000,36.557,36.64,34.981,35.147,0,0
LVC_PE,D,20151204,000000,34.981,35.395,34.069,34.484,0,0
LVC_PE,D,20151207,000000,34.734,35.729,34.734,34.816,0,0
LVC_PE,D,20151208,000000,34.899,35.729,34.899,35.147,0,0
LVC_PE,D,20151209,000000,35.229,36.142,34.981,35.562,0,0
LVC_PE,D,20151210,000000,36.059,36.142,35.729,35.892,0,0
LVC_PE,D,20151211,000000,35.892,36.142,34.069,34.069,0,0
LVC_PE,D,20151214,000000,34.069,34.484,32.164,32.33,0,0
LVC_PE,D,20151215,000000,32.33,33.159,30.67,31.417,0,0
LVC_PE,D,20151216,000000,31.665,32.908,31.665,32.578,0,0
LVC_PE,D,20151217,000000,33.241,34.317,33.241,33.904,0,0
LVC_PE,D,20151218,000000,33.904,34.401,33.075,33.159,0,0
LVC_PE,D,20151221,000000,33.572,33.904,33.572,33.655,0,0
LVC_PE,D,20151222,000000,33.904,34.069,32.578,34.069,0,0
LVC_PE,D,20151223,000000,34.401,34.981,34.237,34.981,0,0
LVC_PE,D,20151228,000000,35.395,35.478,34.401,35.478,0,0
LVC_PE,D,20151229,000000,35.063,35.562,35.063,35.313,0,0
LVC_PE,D,20151230,000000,34.981,35.478,34.317,34.981,0,0
LVC_PE,D,20160104,000000,34.069,34.317,33.325,34.069,0,0
LVC_PE,D,20160105,000000,34.069,35.147,34.069,35.147,0,0
LVC_PE,D,20160107,000000,34.069,34.899,33.655,34.899,0,0
LVC_PE,D,20160108,000000,34.981,35.229,34.816,35.229,0,0
LVC_PE,D,20160111,000000,35.729,35.892,35.229,35.478,0,0
LVC_PE,D,20160112,000000,35.478,35.643,34.981,35.478,0,0
LVC_PE,D,20160113,000000,35.892,35.892,34.317,34.317,0,0
LVC_PE,D,20160114,000000,34.568,35.229,34.317,35.147,0,0
LVC_PE,D,20160115,000000,35.147,35.147,34.816,34.981,0,0
LVC_PE,D,20160118,000000,34.317,34.899,34.237,34.317,0,0
LVC_PE,D,20160119,000000,34.484,34.981,34.401,34.899,0,0
LVC_PE,D,20160120,000000,34.816,34.816,32.827,33.407,0,0
LVC_PE,D,20160121,000000,33.821,33.821,32.411,33.075,0,0
LVC_PE,D,20160122,000000,33.241,34.069,33.159,33.488,0,0
LVC_PE,D,20160125,000000,33.821,34.317,33.488,34.317,0,0
LVC_PE,D,20160126,000000,33.655,34.484,32.908,33.159,0,0
LVC_PE,D,20160127,000000,32.908,33.904,32.908,33.159,0,0
LVC_PE,D,20160128,000000,33.159,33.821,32.993,33.488,0,0
LVC_PE,D,20160129,000000,33.739,34.484,33.739,34.237,0,0
LVC_PE,D,20160201,000000,34.568,34.899,34.153,34.816,0,0
LVC_PE,D,20160202,000000,34.317,34.401,34.237,34.401,0,0
LVC_PE,D,20160203,000000,34.899,34.899,33.739,34.069,0,0
LVC_PE,D,20160204,000000,34.069,34.317,33.655,34.317,0,0
LVC_PE,D,20160205,000000,34.317,34.816,33.655,34.317,0,0
LVC_PE,D,20160208,000000,34.317,34.317,32.993,32.993,0,0
LVC_PE,D,20160209,000000,32.993,32.993,30.836,30.836,0,0
LVC_PE,D,20160210,000000,31.334,31.582,30.92,31.334,0,0
LVC_PE,D,20160211,000000,32.164,32.164,30.67,31.252,0,0
LVC_PE,D,20160212,000000,32.245,32.245,29.346,29.346,0,0
LVC_PE,D,20160215,000000,30.008,30.504,29.594,30.09,0,0
LVC_PE,D,20160216,000000,30.09,30.836,29.178,30.836,0,0
LVC_PE,D,20160217,000000,30.753,30.753,30.175,30.422,0,0
LVC_PE,D,20160218,000000,30.587,30.587,30.09,30.09,0,0
LVC_PE,D,20160219,000000,30.008,30.008,29.509,30.008,0,0
LVC_PE,D,20160222,000000,30.008,30.67,29.178,29.346,0,0
LVC_PE,D,20160223,000000,30.341,30.341,29.594,29.843,0,0
LVC_PE,D,20160224,000000,29.926,29.926,28.848,29.097,0,0
LVC_PE,D,20160225,000000,29.76,29.76,28.765,29.178,0,0
LVC_PE,D,20160226,000000,29.097,29.76,28.848,29.346,0,0
LVC_PE,D,20160229,000000,29.346,30.257,29.346,29.594,0,0
LVC_PE,D,20160301,000000,30.257,30.257,29.262,29.262,0,0
LVC_PE,D,20160302,000000,30.008,31.334,29.262,29.262,0,0
LVC_PE,D,20160303,000000,29.429,30.587,29.429,29.926,0,0
LVC_PE,D,20160304,000000,30.587,30.587,29.509,29.509,0,0
LVC_PE,D,20160307,000000,29.676,30.175,29.594,29.76,0,0
LVC_PE,D,20160308,000000,30.257,30.257,29.594,29.76,0,0
LVC_PE,D,20160309,000000,30.341,30.341,29.676,29.76,0,0
LVC_PE,D,20160310,000000,29.676,29.843,29.594,29.76,0,0
LVC_PE,D,20160311,000000,30.008,30.008,29.509,29.76,0,0
LVC_PE,D,20160314,000000,30.257,30.257,29.76,29.926,0,0
LVC_PE,D,20160315,000000,29.926,29.926,29.262,29.429,0,0
LVC_PE,D,20160316,000000,29.843,30.09,29.262,30.09,0,0
LVC_PE,D,20160317,000000,30.09,31.252,30.09,31.168,0,0
LVC_PE,D,20160318,000000,31.334,32.079,31.334,31.665,0,0
LVC_PE,D,20160321,000000,31.997,32.827,30.09,30.753,0,0
LVC_PE,D,20160322,000000,30.753,30.836,30.504,30.67,0,0
LVC_PE,D,20160323,000000,30.67,30.836,30.175,30.175,0,0
LVC_PE,D,20160324,000000,30.175,30.836,30.008,30.753,0,0
LVC_PE,D,20160329,000000,31.085,31.252,30.175,30.836,0,0
LVC_PE,D,20160330,000000,30.753,30.753,30.257,30.504,0,0
LVC_PE,D,20160331,000000,31.002,31.002,30.175,30.504,0,0
LVC_PE,D,20160401,000000,30.504,30.504,29.926,30.008,0,0
LVC_PE,D,20160404,000000,30.92,31.832,30.836,31.252,0,0
LVC_PE,D,20160405,000000,31.252,31.997,30.836,30.92,0,0
LVC_PE,D,20160406,000000,31.252,31.665,31.252,31.665,0,0
LVC_PE,D,20160407,000000,31.832,31.997,31.582,31.665,0,0
LVC_PE,D,20160408,000000,31.665,32.164,31.665,31.997,0,0
LVC_PE,D,20160411,000000,32.079,34.981,32.079,33.159,0,0
LVC_PE,D,20160412,000000,33.325,34.899,33.325,34.899,0,0
LVC_PE,D,20160413,000000,34.981,34.981,33.821,34.069,0,0
LVC_PE,D,20160414,000000,34.484,34.484,33.325,33.739,0,0
LVC_PE,D,20160415,000000,33.739,33.739,32.908,33.655,0,0
LVC_PE,D,20160418,000000,33.655,33.655,32.661,32.993,0,0
LVC_PE,D,20160419,000000,32.661,33.655,32.661,33.407,0,0
LVC_PE,D,20160420,000000,33.572,33.572,32.993,33.325,0,0
LVC_PE,D,20160421,000000,33.488,33.488,32.993,33.159,0,0
LVC_PE,D,20160422,000000,33.241,33.821,33.241,33.821,0,0
LVC_PE,D,20160425,000000,33.986,34.65,33.241,34.568,0,0
LVC_PE,D,20160426,000000,34.65,34.981,34.484,34.816,0,0
LVC_PE,D,20160427,000000,34.734,34.816,34.568,34.568,0,0
LVC_PE,D,20160428,000000,34.816,34.816,33.407,33.904,0,0
LVC_PE,D,20160429,000000,33.739,34.734,33.488,34.734,0,0
LVC_PE,D,20160502,000000,34.568,34.816,34.153,34.568,0,0
LVC_PE,D,20160504,000000,34.568,34.816,34.153,34.568,0,0
LVC_PE,D,20160505,000000,34.153,34.568,33.325,33.407,0,0
LVC_PE,D,20160506,000000,33.655,33.655,32.827,33.572,0,0
LVC_PE,D,20160509,000000,33.572,33.572,33.325,33.572,0,0
LVC_PE,D,20160510,000000,33.572,33.572,32.993,33.159,0,0
LVC_PE,D,20160511,000000,33.325,33.572,33.241,33.572,0,0
LVC_PE,D,20160512,000000,33.572,33.572,33.075,33.159,0,0
LVC_PE,D,20160513,000000,32.661,32.661,31.334,31.334,0,0
LVC_PE,D,20160516,000000,31.5,32.245,31.5,32.164,0,0
LVC_PE,D,20160517,000000,32.578,33.572,32.494,33.572,0,0
LVC_PE,D,20160518,000000,33.488,33.572,32.908,33.488,0,0
LVC_PE,D,20160519,000000,33.488,33.488,32.744,32.744,0,0
LVC_PE,D,20160520,000000,32.744,33.488,32.744,33.488,0,0
LVC_PE,D,20160523,000000,33.488,33.488,32.245,33.075,0,0
LVC_PE,D,20160524,000000,33.075,33.407,33.075,33.325,0,0
LVC_PE,D,20160525,000000,33.407,33.488,33.075,33.488,0,0
LVC_PE,D,20160527,000000,33.488,33.821,33.325,33.821,0,0
LVC_PE,D,20160530,000000,33.739,33.904,33.325,33.655,0,0
LVC_PE,D,20160531,000000,33.407,34.317,33.407,34.069,0,0
LVC_PE,D,20160601,000000,34.153,34.484,32.494,33.655,0,0
LVC_PE,D,20160602,000000,32.661,34.153,32.661,34.153,0,0
LVC_PE,D,20160603,000000,34.153,36.142,34.153,35.478,0,0
LVC_PE,D,20160606,000000,36.309,36.309,35.811,36.059,0,0
LVC_PE,D,20160607,000000,36.226,36.226,35.478,35.892,0,0
LVC_PE,D,20160608,000000,35.892,35.892,35.395,35.478,0,0
LVC_PE,D,20160609,000000,35.478,35.892,35.063,35.063,0,0
LVC_PE,D,20160610,000000,35.729,35.729,35.313,35.395,0,0
LVC_PE,D,20160613,000000,35.229,36.142,34.568,34.568,0,0
LVC_PE,D,20160614,000000,34.568,35.643,34.568,34.568,0,0
LVC_PE,D,20160615,000000,34.816,34.899,34.734,34.734,0,0
LVC_PE,D,20160616,000000,34.568,34.568,33.739,33.739,0,0
LVC_PE,D,20160617,000000,33.739,34.899,33.739,34.899,0,0
LVC_PE,D,20160620,000000,34.899,37.054,34.568,36.972,0,0
LVC_PE,D,20160621,000000,36.972,36.972,33.488,33.488,0,0
LVC_PE,D,20160622,000000,33.488,33.821,33.075,33.075,0,0
LVC_PE,D,20160623,000000,33.075,33.821,33.075,33.572,0,0
LVC_PE,D,20160624,000000,31.997,32.744,31.252,31.832,0,0
LVC_PE,D,20160627,000000,31.913,32.578,31.168,31.168,0,0
LVC_PE,D,20160628,000000,31.002,32.993,31.002,32.33,0,0
LVC_PE,D,20160629,000000,33.739,34.65,33.655,34.484,0,0
LVC_PE,D,20160630,000000,34.981,35.729,34.981,35.729,0,0
LVC_PE,D,20160701,000000,35.643,36.226,35.643,36.142,0,0
LVC_PE,D,20160704,000000,35.811,36.472,35.313,35.395,0,0
LVC_PE,D,20160705,000000,36.059,36.059,32.908,33.241,0,0
LVC_PE,D,20160706,000000,33.655,34.401,33.325,33.407,0,0
LVC_PE,D,20160707,000000,33.407,33.986,33.407,33.407,0,0
LVC_PE,D,20160708,000000,33.407,33.904,33.325,33.325,0,0
LVC_PE,D,20160711,000000,33.739,34.237,33.075,34.153,0,0
LVC_PE,D,20160712,000000,33.655,34.484,33.572,34.401,0,0
LVC_PE,D,20160713,000000,34.317,34.65,33.904,34.153,0,0
LVC_PE,D,20160714,000000,34.317,34.484,34.153,34.237,0,0
LVC_PE,D,20160715,000000,34.317,34.401,33.986,34.153,0,0
LVC_PE,D,20160718,000000,34.153,34.568,34.153,34.401,0,0
LVC_PE,D,20160719,000000,34.65,34.816,34.401,34.401,0,0
LVC_PE,D,20160720,000000,34.65,34.65,34.484,34.568,0,0
LVC_PE,D,20160721,000000,34.981,34.981,34.816,34.981,0,0
LVC_PE,D,20160722,000000,35.147,35.892,35.147,35.395,0,0
LVC_PE,D,20160725,000000,35.811,36.557,35.811,36.142,0,0
LVC_PE,D,20160726,000000,37.068,37.068,36.304,36.472,0,0
LVC_PE,D,20160727,000000,36.728,36.813,36.472,36.813,0,0
LVC_PE,D,20160728,000000,36.897,36.897,36.304,36.472,0,0
LVC_PE,D,20160729,000000,36.472,36.728,36.304,36.643,0,0
LVC_PE,D,20160801,000000,36.982,38,36.897,37.321,0,0
LVC_PE,D,20160802,000000,37.321,37.915,35.794,36.389,0,0
LVC_PE,D,20160803,000000,36.559,37.49,36.219,37.321,0,0
LVC_PE,D,20160804,000000,37.321,37.576,36.897,36.897,0,0
LVC_PE,D,20160805,000000,36.897,37.407,36.897,37.239,0,0
LVC_PE,D,20160808,000000,37.321,37.745,36.897,37.66,0,0
LVC_PE,D,20160809,000000,37.831,38.594,37.831,38.594,0,0
LVC_PE,D,20160810,000000,38.848,38.848,38.168,38.594,0,0
LVC_PE,D,20160811,000000,38.594,38.594,38.086,38.168,0,0
LVC_PE,D,20160812,000000,38.34,38.34,37.49,37.745,0,0
LVC_PE,D,20160816,000000,38.254,38.51,34.013,34.013,0,0
LVC_PE,D,20160817,000000,34.268,34.268,33.844,34.013,0,0
LVC_PE,D,20160818,000000,34.098,34.268,33.844,34.183,0,0
LVC_PE,D,20160819,000000,34.353,34.523,33.928,34.183,0,0
LVC_PE,D,20160822,000000,34.607,34.777,34.098,34.523,0,0
LVC_PE,D,20160823,000000,34.523,35.964,34.523,35.964,0,0
LVC_PE,D,20160824,000000,35.964,36.304,35.625,35.625,0,0
LVC_PE,D,20160825,000000,35.625,35.879,34.523,34.946,0,0
LVC_PE,D,20160826,000000,34.946,35.541,34.946,35.116,0,0
LVC_PE,D,20160829,000000,35.201,35.286,34.353,34.607,0,0
LVC_PE,D,20160830,000000,34.863,34.946,34.183,34.183,0,0
LVC_PE,D,20160831,000000,34.183,34.863,33.674,34.183,0,0
LVC_PE,D,20160901,000000,34.607,34.607,33.928,34.183,0,0
LVC_PE,D,20160902,000000,34.438,34.863,34.438,34.863,0,0
LVC_PE,D,20160905,000000,34.863,34.863,34.523,34.863,0,0
LVC_PE,D,20160906,000000,34.863,35.201,34.607,34.692,0,0
LVC_PE,D,20160907,000000,35.286,35.286,34.607,34.777,0,0
LVC_PE,D,20160908,000000,34.692,34.692,33.504,33.844,0,0
LVC_PE,D,20160909,000000,34.013,34.268,33.59,33.59,0,0
LVC_PE,D,20160912,000000,33.59,33.59,33.25,33.25,0,0
LVC_PE,D,20160913,000000,33.25,33.844,33.25,33.844,0,0
LVC_PE,D,20160914,000000,33.844,34.438,33.844,34.353,0,0
LVC_PE,D,20160915,000000,34.692,34.692,33.928,34.353,0,0
LVC_PE,D,20160916,000000,34.353,35.625,34.183,35.625,0,0
LVC_PE,D,20160919,000000,35.625,35.625,34.438,34.946,0,0
LVC_PE,D,20160920,000000,34.863,34.863,34.353,34.438,0,0
LVC_PE,D,20160921,000000,34.438,35.116,34.098,34.863,0,0
LVC_PE,D,20160922,000000,34.863,34.863,34.098,34.607,0,0
LVC_PE,D,20160923,000000,34.607,34.607,34.013,34.098,0,0
LVC_PE,D,20160926,000000,34.098,34.098,33.504,33.504,0,0
LVC_PE,D,20160927,000000,33.844,33.844,31.722,32.486,0,0
LVC_PE,D,20160928,000000,32.147,33.335,32.147,33.335,0,0
LVC_PE,D,20160929,000000,33.335,33.335,32.827,33.25,0,0
LVC_PE,D,20160930,000000,33.335,34.946,32.827,34.946,0,0
LVC_PE,D,20161003,000000,34.863,34.946,34.268,34.946,0,0
LVC_PE,D,20161004,000000,34.946,34.946,33.419,33.759,0,0
LVC_PE,D,20161005,000000,33.844,33.928,33.167,33.167,0,0
LVC_PE,D,20161006,000000,32.997,33.167,32.827,32.997,0,0
LVC_PE,D,20161007,000000,32.909,33.081,32.402,32.402,0,0
LVC_PE,D,20161010,000000,31.808,32.741,31.808,32.741,0,0
LVC_PE,D,20161011,000000,33.081,33.081,32.486,32.486,0,0
LVC_PE,D,20161012,000000,32.486,32.486,31.131,31.638,0,0
LVC_PE,D,20161013,000000,31.638,32.232,31.638,32.232,0,0
LVC_PE,D,20161014,000000,31.722,32.232,31.722,32.147,0,0
LVC_PE,D,20161017,000000,31.47,32.318,31.47,32.318,0,0
LVC_PE,D,20161018,000000,32.318,32.997,32.318,32.656,0,0
LVC_PE,D,20161019,000000,32.656,33.419,32.656,33.419,0,0
LVC_PE,D,20161020,000000,33.419,33.504,33.081,33.081,0,0
LVC_PE,D,20161021,000000,33.081,33.674,32.827,33.59,0,0
LVC_PE,D,20161024,000000,33.59,33.674,33.167,33.674,0,0
LVC_PE,D,20161025,000000,33.674,33.928,33.504,33.504,0,0
LVC_PE,D,20161026,000000,33.419,33.59,32.827,33.59,0,0
LVC_PE,D,20161027,000000,33.674,33.674,32.909,32.997,0,0
LVC_PE,D,20161028,000000,33.419,33.59,32.827,32.909,0,0
LVC_PE,D,20161031,000000,33.167,33.167,31.808,32.741,0,0
LVC_PE,D,20161102,000000,33.167,33.335,31.808,31.808,0,0
LVC_PE,D,20161103,000000,31.808,32.741,31.638,32.571,0,0
LVC_PE,D,20161104,000000,33.335,33.335,32.147,32.147,0,0
LVC_PE,D,20161107,000000,32.232,32.827,32.232,32.571,0,0
LVC_PE,D,20161108,000000,32.741,32.741,31.808,31.978,0,0
LVC_PE,D,20161109,000000,31.47,32.147,31.045,31.045,0,0
LVC_PE,D,20161110,000000,31.385,32.741,31.385,32.062,0,0
LVC_PE,D,20161114,000000,32.232,32.741,32.062,32.232,0,0
LVC_PE,D,20161115,000000,32.402,32.741,32.232,32.656,0,0
LVC_PE,D,20161116,000000,32.656,32.656,32.147,32.147,0,0
LVC_PE,D,20161117,000000,32.571,32.571,31.554,31.808,0,0
LVC_PE,D,20161118,000000,31.808,32.402,31.131,31.131,0,0
LVC_PE,D,20161121,000000,31.131,32.062,31.131,31.554,0,0
LVC_PE,D,20161122,000000,32.318,32.486,31.978,32.486,0,0
LVC_PE,D,20161123,000000,32.656,33.167,32.232,33.167,0,0
LVC_PE,D,20161124,000000,33.25,34.268,33.25,34.268,0,0
LVC_PE,D,20161125,000000,34.438,35.116,34.438,35.032,0,0
LVC_PE,D,20161128,000000,35.286,35.286,34.607,34.946,0,0
LVC_PE,D,20161129,000000,35.116,35.625,34.863,35.373,0,0
LVC_PE,D,20161130,000000,35.373,35.541,31.808,31.808,0,0
LVC_PE,D,20161201,000000,32.147,32.147,31.722,31.894,0,0
LVC_PE,D,20161202,000000,31.638,31.978,30.96,31.385,0,0
LVC_PE,D,20161205,000000,31.47,31.47,30.623,31.385,0,0
LVC_PE,D,20161206,000000,31.47,31.47,31.045,31.47,0,0
LVC_PE,D,20161207,000000,31.722,32.147,31.554,31.554,0,0
LVC_PE,D,20161208,000000,31.554,31.894,31.131,31.894,0,0
LVC_PE,D,20161209,000000,31.978,33.167,31.638,32.571,0,0
LVC_PE,D,20161212,000000,32.909,32.909,31.894,32.571,0,0
LVC_PE,D,20161213,000000,32.827,32.827,31.894,32.318,0,0
LVC_PE,D,20161214,000000,32.318,32.402,31.554,31.554,0,0
LVC_PE,D,20161215,000000,31.722,32.402,31.722,31.978,0,0
LVC_PE,D,20161216,000000,32.147,32.402,31.978,32.232,0,0
LVC_PE,D,20161219,000000,32.232,32.232,31.385,31.47,0,0
LVC_PE,D,20161220,000000,31.638,31.978,31.47,31.638,0,0
LVC_PE,D,20161221,000000,31.47,31.638,31.301,31.554,0,0
LVC_PE,D,20161222,000000,31.638,31.638,31.045,31.214,0,0
LVC_PE,D,20161223,000000,31.638,31.638,31.045,31.385,0,0
LVC_PE,D,20161227,000000,31.045,31.894,31.045,31.638,0,0
LVC_PE,D,20161228,000000,31.638,31.808,31.045,31.214,0,0
LVC_PE,D,20161229,000000,31.301,31.808,31.301,31.554,0,0
LVC_PE,D,20161230,000000,31.554,31.894,31.301,31.722,0,0
LVC_PE,D,20170102,000000,31.554,32.486,31.554,32.402,0,0
LVC_PE,D,20170103,000000,32.571,32.571,32.402,32.571,0,0
LVC_PE,D,20170104,000000,32.571,32.571,32.402,32.486,0,0
LVC_PE,D,20170105,000000,32.486,32.571,32.232,32.486,0,0
LVC_PE,D,20170109,000000,32.318,32.571,31.638,31.638,0,0
LVC_PE,D,20170110,000000,32.402,32.402,31.638,31.638,0,0
LVC_PE,D,20170111,000000,32.062,32.062,30.535,30.623,0,0
LVC_PE,D,20170112,000000,30.706,30.96,30.197,30.365,0,0
LVC_PE,D,20170113,000000,30.365,30.623,29.433,29.857,0,0
LVC_PE,D,20170116,000000,30.027,31.554,30.027,31.214,0,0
LVC_PE,D,20170117,000000,31.47,31.978,31.385,31.554,0,0
LVC_PE,D,20170118,000000,31.638,31.722,30.706,31.301,0,0
LVC_PE,D,20170119,000000,31.301,31.301,30.623,30.96,0,0
LVC_PE,D,20170120,000000,31.045,33.59,31.045,33.25,0,0
LVC_PE,D,20170123,000000,33.928,34.438,33.081,33.167,0,0
LVC_PE,D,20170124,000000,33.844,33.844,33.25,33.504,0,0
LVC_PE,D,20170125,000000,33.844,33.928,33.674,33.674,0,0
LVC_PE,D,20170126,000000,33.928,34.183,33.759,34.013,0,0
LVC_PE,D,20170127,000000,33.844,34.098,33.844,34.013,0,0
LVC_PE,D,20170130,000000,34.013,34.013,33.674,33.844,0,0
LVC_PE,D,20170131,000000,33.844,33.844,32.571,33.504,0,0
LVC_PE,D,20170201,000000,33.504,33.504,33.081,33.335,0,0
LVC_PE,D,20170202,000000,32.997,32.997,31.808,32.062,0,0
LVC_PE,D,20170203,000000,32.232,32.741,32.147,32.741,0,0
LVC_PE,D,20170206,000000,32.997,33.167,32.741,33.167,0,0
LVC_PE,D,20170207,000000,33.25,33.25,33.25,33.25,0,0
LVC_PE,D,20170208,000000,33.335,33.504,33.25,33.504,0,0
LVC_PE,D,20170209,000000,33.504,34.098,33.335,33.674,0,0
LVC_PE,D,20170210,000000,33.674,33.674,32.909,33.504,0,0
LVC_PE,D,20170213,000000,34.523,34.523,29.773,29.773,0,0
LVC_PE,D,20170214,000000,27.737,28.585,27.737,27.821,0,0
LVC_PE,D,20170215,000000,28.246,28.585,27.991,28.33,0,0
LVC_PE,D,20170216,000000,28.33,28.668,28.33,28.415,0,0
LVC_PE,D,20170217,000000,28.84,28.926,28.246,28.33,0,0
LVC_PE,D,20170220,000000,28.585,28.585,28.415,28.5,0,0
LVC_PE,D,20170221,000000,28.5,28.926,28.5,28.84,0,0
LVC_PE,D,20170222,000000,28.926,29.349,28.84,29.264,0,0
LVC_PE,D,20170223,000000,29.433,29.433,28.84,28.926,0,0
LVC_PE,D,20170224,000000,29.094,29.094,28.246,28.668,0,0
LVC_PE,D,20170227,000000,28.668,29.178,28.668,28.84,0,0
LVC_PE,D,20170228,000000,28.84,29.009,28.585,28.585,0,0
LVC_PE,D,20170301,000000,28.755,28.926,28.585,28.585,0,0
LVC_PE,D,20170302,000000,28.585,29.264,28.585,28.84,0,0
LVC_PE,D,20170303,000000,28.926,28.926,28.585,28.84,0,0
LVC_PE,D,20170306,000000,28.84,28.84,28.077,28.5,0,0
LVC_PE,D,20170307,000000,28.33,28.33,27.482,27.906,0,0
LVC_PE,D,20170308,000000,27.906,28.077,26.719,27.06,0,0
LVC_PE,D,20170309,000000,27.821,28.668,27.821,28.33,0,0
LVC_PE,D,20170310,000000,29.178,30.79,29.178,30.281,0,0
LVC_PE,D,20170313,000000,30.535,31.045,30.535,31.045,0,0
LVC_PE,D,20170314,000000,31.045,31.131,30.535,30.79,0,0
LVC_PE,D,20170315,000000,30.79,30.875,30.623,30.79,0,0
LVC_PE,D,20170316,000000,30.79,30.79,30.197,30.535,0,0
LVC_PE,D,20170317,000000,30.535,30.79,30.197,30.535,0,0
LVC_PE,D,20170320,000000,30.535,30.535,29.94,30.027,0,0
LVC_PE,D,20170321,000000,30.027,30.197,29.857,29.857,0,0
LVC_PE,D,20170322,000000,29.773,29.773,29.094,29.433,0,0
LVC_PE,D,20170323,000000,29.264,30.112,29.264,30.112,0,0
LVC_PE,D,20170324,000000,30.281,30.281,29.433,29.688,0,0
LVC_PE,D,20170327,000000,29.688,29.688,29.094,29.264,0,0
LVC_PE,D,20170328,000000,29.264,29.773,29.094,29.773,0,0
LVC_PE,D,20170329,000000,29.773,29.773,29.264,29.604,0,0
LVC_PE,D,20170330,000000,29.433,29.688,29.094,29.688,0,0
LVC_PE,D,20170331,000000,29.688,29.94,29.349,29.94,0,0
LVC_PE,D,20170403,000000,30.112,31.385,30.112,31.385,0,0
LVC_PE,D,20170404,000000,31.47,31.978,31.385,31.894,0,0
LVC_PE,D,20170405,000000,31.894,31.894,30.96,31.808,0,0
LVC_PE,D,20170406,000000,31.808,31.808,31.301,31.722,0,0
LVC_PE,D,20170407,000000,31.808,31.808,31.47,31.638,0,0
LVC_PE,D,20170410,000000,31.638,31.808,30.96,30.96,0,0
LVC_PE,D,20170411,000000,30.96,31.045,30.535,30.623,0,0
LVC_PE,D,20170412,000000,30.706,30.875,30.623,30.623,0,0
LVC_PE,D,20170413,000000,30.535,30.623,30.112,30.281,0,0
LVC_PE,D,20170418,000000,30.281,30.535,30.281,30.281,0,0
LVC_PE,D,20170419,000000,30.281,30.535,30.281,30.535,0,0
LVC_PE,D,20170420,000000,30.535,30.79,30.197,30.535,0,0
LVC_PE,D,20170421,000000,30.535,30.79,30.365,30.706,0,0
LVC_PE,D,20170424,000000,30.79,31.722,30.79,31.722,0,0
LVC_PE,D,20170425,000000,31.722,31.894,31.131,31.385,0,0
LVC_PE,D,20170426,000000,31.638,31.638,30.197,30.79,0,0
LVC_PE,D,20170427,000000,30.79,31.214,30.535,31.214,0,0
LVC_PE,D,20170428,000000,31.385,31.385,30.79,31.214,0,0
LVC_PE,D,20170502,000000,31.385,31.808,31.385,31.554,0,0
LVC_PE,D,20170504,000000,31.554,31.554,30.79,30.79,0,0
LVC_PE,D,20170505,000000,31.045,31.045,30.365,30.79,0,0
LVC_PE,D,20170508,000000,30.96,30.96,30.451,30.623,0,0
LVC_PE,D,20170509,000000,30.535,30.79,29.688,29.94,0,0
LVC_PE,D,20170510,000000,29.94,30.197,29.857,29.94,0,0
LVC_PE,D,20170511,000000,29.94,30.451,29.94,30.281,0,0
LVC_PE,D,20170512,000000,30.535,30.535,29.688,30.281,0,0
LVC_PE,D,20170515,000000,30.281,30.96,30.027,30.875,0,0
LVC_PE,D,20170516,000000,30.875,30.875,30.197,30.281,0,0
LVC_PE,D,20170517,000000,30.281,30.281,29.773,29.773,0,0
LVC_PE,D,20170518,000000,29.688,29.857,29.094,29.518,0,0
LVC_PE,D,20170519,000000,29.604,30.027,29.349,29.604,0,0
LVC_PE,D,20170522,000000,29.688,30.451,29.688,30.365,0,0
LVC_PE,D,20170523,000000,30.535,30.79,29.94,30.451,0,0
LVC_PE,D,20170524,000000,30.365,30.623,30.027,30.623,0,0
LVC_PE,D,20170525,000000,30.706,31.045,30.535,30.79,0,0
LVC_PE,D,20170526,000000,30.623,30.706,30.451,30.623,0,0
LVC_PE,D,20170529,000000,30.451,31.045,30.451,31.045,0,0
LVC_PE,D,20170530,000000,31.045,31.045,30.535,31.045,0,0
LVC_PE,D,20170531,000000,30.535,31.045,30.535,31.045,0,0
LVC_PE,D,20170601,000000,31.045,31.045,30.79,31.045,0,0
LVC_PE,D,20170602,000000,31.131,31.722,30.96,31.045,0,0
LVC_PE,D,20170605,000000,31.045,31.045,30.027,30.623,0,0
LVC_PE,D,20170606,000000,30.96,30.96,30.197,30.197,0,0
LVC_PE,D,20170607,000000,30.706,30.706,29.433,29.857,0,0
LVC_PE,D,20170608,000000,30.365,30.706,30.281,30.706,0,0
LVC_PE,D,20170609,000000,30.706,31.808,30.451,31.808,0,0
LVC_PE,D,20170612,000000,31.894,31.894,30.96,31.131,0,0
LVC_PE,D,20170613,000000,31.131,31.808,31.045,31.722,0,0
LVC_PE,D,20170614,000000,31.808,32.486,31.808,32.486,0,0
LVC_PE,D,20170616,000000,32.486,32.656,32.318,32.656,0,0
LVC_PE,D,20170619,000000,32.741,32.741,29.094,29.094,0,0
LVC_PE,D,20170620,000000,29.178,29.264,28.668,29.009,0,0
LVC_PE,D,20170621,000000,29.009,29.094,28.415,29.009,0,0
LVC_PE,D,20170622,000000,29.009,29.264,28.755,29.178,0,0
LVC_PE,D,20170623,000000,29.178,29.178,28.5,29.094,0,0
LVC_PE,D,20170626,000000,29.264,29.688,28.755,28.926,0,0
LVC_PE,D,20170627,000000,29.009,29.94,29.009,29.604,0,0
LVC_PE,D,20170628,000000,29.604,29.604,29.009,29.009,0,0
LVC_PE,D,20170629,000000,29.264,29.264,28.84,29.178,0,0
LVC_PE,D,20170630,000000,29.094,30.027,29.009,30.027,0,0
LVC_PE,D,20170703,000000,30.027,30.027,29.264,29.773,0,0
LVC_PE,D,20170704,000000,29.773,30.027,29.433,29.433,0,0
LVC_PE,D,20170705,000000,29.688,29.857,28.926,29.094,0,0
LVC_PE,D,20170706,000000,29.094,29.433,29.094,29.349,0,0
LVC_PE,D,20170707,000000,29.433,29.518,29.264,29.433,0,0
LVC_PE,D,20170710,000000,29.773,29.773,29.433,29.688,0,0
LVC_PE,D,20170711,000000,29.773,29.773,29.433,29.773,0,0
LVC_PE,D,20170712,000000,29.857,29.857,29.433,29.518,0,0
LVC_PE,D,20170713,000000,29.773,29.857,29.433,29.518,0,0
LVC_PE,D,20170714,000000,29.604,29.688,29.433,29.518,0,0
LVC_PE,D,20170717,000000,29.518,29.604,29.433,29.604,0,0
LVC_PE,D,20170718,000000,29.604,29.604,28.415,29.178,0,0
LVC_PE,D,20170719,000000,29.178,29.178,28.585,28.84,0,0
LVC_PE,D,20170720,000000,29.178,29.178,28.246,28.246,0,0
LVC_PE,D,20170721,000000,28.721,28.807,28.636,28.636,0,0
LVC_PE,D,20170724,000000,28.894,28.894,28.636,28.636,0,0
LVC_PE,D,20170725,000000,28.636,28.721,28.46,28.546,0,0
LVC_PE,D,20170726,000000,28.636,28.721,28.546,28.636,0,0
LVC_PE,D,20170727,000000,28.636,28.636,28.46,28.46,0,0
LVC_PE,D,20170728,000000,28.636,28.636,28.372,28.372,0,0
LVC_PE,D,20170731,000000,28.636,28.636,27.938,28.2,0,0
LVC_PE,D,20170801,000000,28.286,28.372,28.025,28.025,0,0
LVC_PE,D,20170802,000000,27.676,27.676,26.197,26.719,0,0
LVC_PE,D,20170803,000000,26.633,27.069,26.11,26.893,0,0
LVC_PE,D,20170804,000000,26.893,27.415,26.893,27.069,0,0
LVC_PE,D,20170807,000000,27.328,27.328,26.98,27.154,0,0
LVC_PE,D,20170808,000000,27.154,27.154,26.98,27.154,0,0
LVC_PE,D,20170809,000000,27.154,27.154,26.893,26.893,0,0
LVC_PE,D,20170810,000000,26.98,26.98,26.372,26.806,0,0
LVC_PE,D,20170811,000000,26.633,26.719,26.372,26.545,0,0
LVC_PE,D,20170814,000000,26.457,27.415,26.457,27.328,0,0
LVC_PE,D,20170816,000000,27.415,27.938,27.415,27.938,0,0
LVC_PE,D,20170817,000000,28.025,28.46,27.24,27.415,0,0
LVC_PE,D,20170818,000000,27.328,28.636,27.328,27.938,0,0
LVC_PE,D,20170821,000000,28.372,29.156,28.372,28.546,0,0
LVC_PE,D,20170822,000000,28.636,28.894,28.46,28.46,0,0
LVC_PE,D,20170823,000000,28.636,28.636,27.938,27.938,0,0
LVC_PE,D,20170824,000000,27.938,28.721,27.938,28.46,0,0
LVC_PE,D,20170825,000000,27.676,27.938,26.457,26.457,0,0
LVC_PE,D,20170828,000000,26.457,26.457,25.848,25.937,0,0
LVC_PE,D,20170829,000000,25.848,25.848,24.457,24.98,0,0
LVC_PE,D,20170830,000000,24.892,25.065,24.457,24.457,0,0
LVC_PE,D,20170831,000000,24.282,25.414,24.194,25.414,0,0
LVC_PE,D,20170901,000000,25.674,25.761,25.5,25.674,0,0
LVC_PE,D,20170904,000000,25.674,25.674,25.065,25.065,0,0
LVC_PE,D,20170905,000000,25.326,25.326,24.892,25.065,0,0
LVC_PE,D,20170906,000000,25.065,25.065,24.63,24.717,0,0
LVC_PE,D,20170907,000000,24.806,25.326,24.543,25.326,0,0
LVC_PE,D,20170908,000000,25.326,25.326,24.98,25.065,0,0
LVC_PE,D,20170911,000000,25.326,25.326,24.892,25.152,0,0
LVC_PE,D,20170912,000000,25.065,25.24,24.98,25.24,0,0
LVC_PE,D,20170913,000000,23.411,24.194,22.976,23.675,0,0
LVC_PE,D,20170914,000000,23.933,24.63,23.933,24.02,0,0
LVC_PE,D,20170915,000000,24.282,24.282,23.933,24.107,0,0
LVC_PE,D,20170918,000000,24.194,24.194,24.02,24.02,0,0
LVC_PE,D,20170919,000000,24.194,24.194,24.02,24.194,0,0
LVC_PE,D,20170920,000000,24.194,24.194,23.933,24.02,0,0
LVC_PE,D,20170921,000000,24.02,24.194,23.499,24.194,0,0
LVC_PE,D,20170922,000000,24.107,24.194,24.02,24.194,0,0
LVC_PE,D,20170925,000000,24.457,24.457,24.02,24.194,0,0
LVC_PE,D,20170926,000000,23.933,24.02,23.761,23.933,0,0
LVC_PE,D,20170927,000000,23.933,23.933,23.587,23.675,0,0
LVC_PE,D,20170928,000000,23.675,23.675,23.675,23.675,0,0
LVC_PE,D,20170929,000000,23.761,23.761,23.761,23.761,0,0
LVC_PE,D,20171002,000000,24.282,24.282,23.325,23.325,0,0
LVC_PE,D,20171003,000000,23.325,23.411,22.803,22.976,0,0
LVC_PE,D,20171004,000000,23.063,23.063,22.193,22.193,0,0
LVC_PE,D,20171005,000000,22.193,23.238,22.193,23.238,0,0
LVC_PE,D,20171006,000000,23.411,23.587,22.803,23.499,0,0
LVC_PE,D,20171009,000000,23.499,23.499,22.976,23.238,0,0
LVC_PE,D,20171010,000000,23.325,23.325,23.063,23.151,0,0
LVC_PE,D,20171011,000000,23.151,23.151,22.976,23.151,0,0
LVC_PE,D,20171012,000000,23.063,23.151,22.803,22.976,0,0
LVC_PE,D,20171013,000000,22.976,22.976,22.803,22.803,0,0
LVC_PE,D,20171016,000000,23.151,23.151,22.715,22.803,0,0
LVC_PE,D,20171017,000000,23.063,23.063,22.803,22.803,0,0
LVC_PE,D,20171018,000000,22.803,22.803,22.455,22.455,0,0
LVC_PE,D,20171019,000000,22.455,22.628,22.455,22.455,0,0
LVC_PE,D,20171020,000000,22.455,23.238,22.193,23.238,0,0
LVC_PE,D,20171023,000000,23.238,23.238,22.715,22.889,0,0
LVC_PE,D,20171024,000000,22.976,22.976,22.368,22.455,0,0
LVC_PE,D,20171025,000000,22.28,22.715,22.193,22.193,0,0
LVC_PE,D,20171026,000000,22.455,23.151,22.455,22.976,0,0
LVC_PE,D,20171027,000000,23.238,23.675,22.976,23.587,0,0
LVC_PE,D,20171030,000000,23.587,23.933,23.411,23.933,0,0
LVC_PE,D,20171031,000000,23.933,24.107,23.761,24.107,0,0
LVC_PE,D,20171102,000000,22.976,23.411,22.542,22.542,0,0
LVC_PE,D,20171103,000000,22.889,22.889,22.455,22.455,0,0
LVC_PE,D,20171106,000000,22.455,22.455,20.625,21.15,0,0
LVC_PE,D,20171107,000000,21.41,21.41,20.625,20.625,0,0
LVC_PE,D,20171108,000000,20.191,20.625,16.363,16.449,0,0
LVC_PE,D,20171109,000000,16.971,17.406,16.449,17.406,0,0
LVC_PE,D,20171110,000000,17.668,18.363,17.58,18.19,0,0
LVC_PE,D,20171113,000000,18.363,18.363,16.536,17.406,0,0
LVC_PE,D,20171114,000000,16.971,17.406,16.711,16.971,0,0
LVC_PE,D,20171115,000000,17.232,18.277,16.884,18.19,0,0
LVC_PE,D,20171116,000000,18.363,19.059,18.363,18.973,0,0
LVC_PE,D,20171117,000000,19.147,19.757,18.973,19.668,0,0
LVC_PE,D,20171120,000000,20.019,20.191,19.582,20.019,0,0
LVC_PE,D,20171121,000000,20.019,20.106,19.844,19.931,0,0
LVC_PE,D,20171122,000000,20.365,20.365,19.409,20.191,0,0
LVC_PE,D,20171123,000000,20.365,20.365,19.757,19.931,0,0
LVC_PE,D,20171124,000000,19.931,19.931,19.494,19.668,0,0
LVC_PE,D,20171127,000000,19.757,19.931,18.973,19.844,0,0
LVC_PE,D,20171128,000000,19.757,19.844,19.409,19.668,0,0
LVC_PE,D,20171129,000000,19.668,20.975,19.494,20.279,0,0
LVC_PE,D,20171130,000000,20.713,21.15,18.973,18.973,0,0
LVC_PE,D,20171201,000000,19.059,19.321,18.713,19.059,0,0
LVC_PE,D,20171204,000000,19.668,19.844,19.409,19.668,0,0
LVC_PE,D,20171205,000000,19.668,19.668,19.409,19.494,0,0
LVC_PE,D,20171206,000000,19.494,19.494,18.538,18.8,0,0
LVC_PE,D,20171207,000000,18.8,18.8,18.538,18.538,0,0
LVC_PE,D,20171208,000000,18.538,18.973,18.277,18.887,0,0
LVC_PE,D,20171211,000000,18.538,18.887,18.538,18.713,0,0
LVC_PE,D,20171212,000000,18.626,18.713,18.452,18.538,0,0
LVC_PE,D,20171213,000000,18.538,18.973,18.538,18.713,0,0
LVC_PE,D,20171214,000000,18.713,18.713,18.016,18.363,0,0
LVC_PE,D,20171215,000000,18.016,18.277,17.842,18.277,0,0
LVC_PE,D,20171218,000000,18.277,18.8,17.842,18.713,0,0
LVC_PE,D,20171219,000000,18.713,18.713,18.19,18.713,0,0
LVC_PE,D,20171220,000000,18.713,18.8,18.538,18.538,0,0
LVC_PE,D,20171221,000000,18.538,18.713,18.452,18.713,0,0
LVC_PE,D,20171222,000000,18.713,18.713,18.538,18.713,0,0
LVC_PE,D,20171227,000000,18.713,18.713,18.538,18.538,0,0
LVC_PE,D,20171228,000000,18.713,18.973,18.626,18.626,0,0
LVC_PE,D,20171229,000000,18.887,18.973,18.713,18.973,0,0
LVC_PE,D,20180103,000000,19.582,20.713,19.321,20.191,0,0
LVC_PE,D,20180104,000000,20.279,20.279,19.844,19.931,0,0
LVC_PE,D,20180105,000000,20.019,20.279,19.931,20.019,0,0
LVC_PE,D,20180108,000000,20.279,20.365,19.844,19.931,0,0
LVC_PE,D,20180109,000000,20.058,20.058,19.794,19.882,0,0
LVC_PE,D,20180110,000000,19.794,19.794,19.442,19.442,0,0
LVC_PE,D,20180111,000000,19.442,19.442,19.092,19.178,0,0
LVC_PE,D,20180112,000000,19.353,19.353,19.003,19.003,0,0
LVC_PE,D,20180115,000000,19.178,20.322,19.178,20.322,0,0
LVC_PE,D,20180116,000000,20.762,20.762,20.146,20.412,0,0
LVC_PE,D,20180117,000000,20.675,21.115,20.498,20.586,0,0
LVC_PE,D,20180118,000000,20.851,21.115,20.762,21.026,0,0
LVC_PE,D,20180119,000000,21.115,21.729,21.115,21.729,0,0
LVC_PE,D,20180122,000000,22.081,22.786,22.081,22.609,0,0
LVC_PE,D,20180123,000000,22.786,23.314,21.905,22.609,0,0
LVC_PE,D,20180124,000000,22.609,22.609,21.379,21.379,0,0
LVC_PE,D,20180125,000000,21.115,21.115,20.675,20.762,0,0
LVC_PE,D,20180126,000000,20.586,20.762,20.322,20.412,0,0
LVC_PE,D,20180129,000000,20.851,20.851,20.586,20.851,0,0
LVC_PE,D,20180130,000000,21.115,21.115,20.412,20.586,0,0
LVC_PE,D,20180131,000000,20.675,20.938,20.675,20.675,0,0
LVC_PE,D,20180201,000000,20.762,20.938,20.412,20.412,0,0
LVC_PE,D,20180202,000000,20.586,20.675,20.412,20.498,0,0
LVC_PE,D,20180205,000000,20.322,20.412,19.971,20.234,0,0
LVC_PE,D,20180206,000000,18.827,19.617,18.739,19.092,0,0
LVC_PE,D,20180207,000000,19.178,19.971,19.178,19.617,0,0
LVC_PE,D,20180208,000000,19.882,19.882,19.267,19.442,0,0
LVC_PE,D,20180209,000000,19.267,19.442,18.827,18.915,0,0
LVC_PE,D,20180212,000000,19.178,19.794,19.178,19.442,0,0
LVC_PE,D,20180213,000000,19.617,19.882,19.442,19.706,0,0
LVC_PE,D,20180214,000000,19.882,20.498,19.882,20.234,0,0
LVC_PE,D,20180215,000000,20.412,20.675,20.322,20.412,0,0
LVC_PE,D,20180216,000000,20.234,20.586,20.234,20.322,0,0
LVC_PE,D,20180219,000000,20.146,20.322,19.971,20.146,0,0
LVC_PE,D,20180220,000000,20.234,20.234,19.794,20.146,0,0
LVC_PE,D,20180221,000000,20.322,20.322,19.971,20.322,0,0
LVC_PE,D,20180222,000000,20.146,20.322,19.882,20.146,0,0
LVC_PE,D,20180223,000000,19.971,19.971,19.353,19.442,0,0
LVC_PE,D,20180226,000000,19.706,19.706,19.267,19.531,0,0
LVC_PE,D,20180227,000000,19.617,19.882,19.003,19.003,0,0
LVC_PE,D,20180228,000000,19.003,19.003,18.474,18.65,0,0
LVC_PE,D,20180301,000000,18.65,19.003,18.65,18.827,0,0
LVC_PE,D,20180302,000000,18.564,19.092,18.299,18.387,0,0
LVC_PE,D,20180305,000000,18.124,18.474,18.124,18.211,0,0
LVC_PE,D,20180306,000000,18.387,18.387,18.211,18.387,0,0
LVC_PE,D,20180307,000000,18.387,18.387,17.682,17.858,0,0
LVC_PE,D,20180308,000000,17.858,18.299,17.858,18.124,0,0
LVC_PE,D,20180309,000000,18.211,18.299,18.036,18.299,0,0
LVC_PE,D,20180312,000000,18.387,18.387,18.036,18.124,0,0
LVC_PE,D,20180313,000000,18.299,18.299,18.124,18.211,0,0
LVC_PE,D,20180314,000000,18.211,18.211,18.036,18.124,0,0
LVC_PE,D,20180315,000000,18.211,18.211,18.036,18.124,0,0
LVC_PE,D,20180316,000000,18.299,18.827,17.947,18.827,0,0
LVC_PE,D,20180319,000000,18.827,19.267,18.387,18.387,0,0
LVC_PE,D,20180320,000000,18.474,18.827,18.387,18.564,0,0
LVC_PE,D,20180321,000000,18.564,18.739,18.564,18.65,0,0
LVC_PE,D,20180322,000000,18.564,18.564,18.124,18.299,0,0
LVC_PE,D,20180323,000000,18.124,18.474,18.124,18.387,0,0
LVC_PE,D,20180326,000000,18.387,18.387,18.124,18.124,0,0
LVC_PE,D,20180327,000000,18.036,18.474,18.036,18.211,0,0
LVC_PE,D,20180328,000000,18.124,18.124,17.947,17.947,0,0
LVC_PE,D,20180329,000000,17.77,17.858,17.419,17.595,0,0
LVC_PE,D,20180403,000000,17.067,17.155,16.803,17.067,0,0
LVC_PE,D,20180404,000000,16.979,17.595,16.979,17.507,0,0
LVC_PE,D,20180405,000000,17.507,18.124,17.331,17.858,0,0
LVC_PE,D,20180406,000000,17.858,18.299,17.858,18.124,0,0
LVC_PE,D,20180409,000000,18.564,18.564,18.211,18.211,0,0
LVC_PE,D,20180410,000000,18.299,18.827,18.299,18.827,0,0
LVC_PE,D,20180411,000000,18.827,18.827,18.564,18.739,0,0
LVC_PE,D,20180412,000000,18.739,18.827,18.564,18.739,0,0
LVC_PE,D,20180413,000000,18.65,18.739,18.564,18.739,0,0
LVC_PE,D,20180416,000000,18.739,19.092,18.387,19.003,0,0
LVC_PE,D,20180417,000000,19.003,19.178,18.65,19.092,0,0
LVC_PE,D,20180418,000000,18.915,19.092,18.915,19.092,0,0
LVC_PE,D,20180419,000000,19.092,19.706,19.003,19.706,0,0
LVC_PE,D,20180420,000000,20.058,20.146,19.531,19.706,0,0
LVC_PE,D,20180423,000000,19.706,19.794,19.617,19.706,0,0
LVC_PE,D,20180424,000000,19.706,19.794,19.706,19.794,0,0
LVC_PE,D,20180425,000000,20.058,20.234,19.882,20.058,0,0
LVC_PE,D,20180426,000000,20.058,20.146,19.794,19.794,0,0
LVC_PE,D,20180427,000000,19.971,20.322,19.882,20.234,0,0
LVC_PE,D,20180430,000000,20.234,21.201,19.971,21.201,0,0
LVC_PE,D,20180502,000000,21.115,21.115,19.267,19.531,0,0
LVC_PE,D,20180504,000000,19.442,19.442,18.65,18.65,0,0
LVC_PE,D,20180507,000000,18.827,19.092,18.474,18.564,0,0
LVC_PE,D,20180508,000000,18.65,18.915,18.299,18.387,0,0
LVC_PE,D,20180509,000000,18.474,19.092,17.947,18.124,0,0
LVC_PE,D,20180510,000000,18.124,18.474,17.947,18.124,0,0
LVC_PE,D,20180511,000000,18.474,18.474,18.211,18.299,0,0
LVC_PE,D,20180514,000000,18.387,18.474,18.036,18.124,0,0
LVC_PE,D,20180515,000000,18.124,18.299,17.858,18.299,0,0
LVC_PE,D,20180516,000000,18.474,19.267,18.474,19.092,0,0
LVC_PE,D,20180517,000000,19.092,19.267,18.65,19.003,0,0
LVC_PE,D,20180518,000000,19.092,19.092,18.564,19.003,0,0
LVC_PE,D,20180521,000000,18.739,19.003,18.65,18.827,0,0
LVC_PE,D,20180522,000000,18.827,19.353,18.827,19.092,0,0
LVC_PE,D,20180523,000000,19.267,19.267,18.827,18.827,0,0
LVC_PE,D,20180524,000000,19.003,19.003,18.827,18.827,0,0
LVC_PE,D,20180525,000000,18.915,19.092,18.915,19.003,0,0
LVC_PE,D,20180528,000000,19.092,19.092,19.003,19.092,0,0
LVC_PE,D,20180529,000000,19.178,19.353,18.915,19.092,0,0
LVC_PE,D,20180530,000000,19.092,19.092,18.65,19.003,0,0
LVC_PE,D,20180601,000000,18.474,18.474,17.858,18.036,0,0
LVC_PE,D,20180604,000000,18.036,18.036,17.242,17.242,0,0
LVC_PE,D,20180605,000000,17.242,17.77,17.155,17.331,0,0
LVC_PE,D,20180606,000000,17.419,17.682,17.242,17.682,0,0
LVC_PE,D,20180607,000000,17.77,17.77,17.595,17.595,0,0
LVC_PE,D,20180608,000000,17.507,17.682,17.507,17.682,0,0
LVC_PE,D,20180611,000000,17.595,17.682,17.507,17.507,0,0
LVC_PE,D,20180612,000000,17.419,17.507,17.242,17.507,0,0
LVC_PE,D,20180613,000000,17.595,17.595,16.891,16.979,0,0
LVC_PE,D,20180614,000000,16.891,16.891,16.188,16.275,0,0
LVC_PE,D,20180615,000000,16.275,16.716,16.275,16.716,0,0
LVC_PE,D,20180618,000000,16.716,17.155,15.835,15.835,0,0
LVC_PE,D,20180619,000000,15.66,16.188,14.867,15.835,0,0
LVC_PE,D,20180620,000000,15.835,16.979,15.835,16.451,0,0
LVC_PE,D,20180621,000000,16.803,16.803,15.748,15.924,0,0
LVC_PE,D,20180622,000000,16.099,16.099,15.395,15.66,0,0
LVC_PE,D,20180625,000000,15.484,15.748,15.306,15.484,0,0
LVC_PE,D,20180626,000000,15.484,15.66,15.22,15.66,0,0
LVC_PE,D,20180627,000000,15.66,15.835,15.132,15.748,0,0
LVC_PE,D,20180628,000000,15.748,15.748,15.484,15.573,0,0
LVC_PE,D,20180629,000000,15.484,15.484,15.306,15.306,0,0
LVC_PE,D,20180702,000000,15.66,16.188,15.395,15.748,0,0
LVC_PE,D,20180703,000000,15.835,15.835,15.22,15.395,0,0
LVC_PE,D,20180704,000000,15.306,15.306,14.428,15.132,0,0
LVC_PE,D,20180705,000000,15.044,15.22,14.691,14.691,0,0
LVC_PE,D,20180706,000000,14.78,14.955,13.637,14.955,0,0
LVC_PE,D,20180709,000000,14.604,14.955,14.516,14.604,0,0
LVC_PE,D,20180710,000000,14.516,15.22,14.252,15.22,0,0
LVC_PE,D,20180711,000000,14.78,15.132,14.78,15.044,0,0
LVC_PE,D,20180712,000000,15.044,15.22,14.867,15.22,0,0
LVC_PE,D,20180713,000000,15.434,15.879,15.255,15.791,0,0
LVC_PE,D,20180716,000000,15.791,15.879,15.345,15.879,0,0
LVC_PE,D,20180717,000000,15.879,16.326,15.702,16.326,0,0
LVC_PE,D,20180718,000000,16.416,16.416,16.149,16.416,0,0
LVC_PE,D,20180719,000000,16.416,16.95,16.416,16.862,0,0
LVC_PE,D,20180720,000000,16.95,16.95,16.682,16.772,0,0
LVC_PE,D,20180723,000000,16.862,16.862,16.594,16.862,0,0
LVC_PE,D,20180724,000000,16.505,16.772,16.505,16.772,0,0
LVC_PE,D,20180725,000000,16.772,16.772,16.594,16.594,0,0
LVC_PE,D,20180726,000000,16.682,16.682,16.505,16.594,0,0
LVC_PE,D,20180727,000000,16.682,16.682,15.969,16.326,0,0
LVC_PE,D,20180730,000000,16.236,16.236,16.059,16.236,0,0
LVC_PE,D,20180731,000000,16.416,16.416,14.987,15.255,0,0
LVC_PE,D,20180801,000000,15.345,15.345,14.9,15.255,0,0
LVC_PE,D,20180802,000000,15.255,15.523,15.255,15.255,0,0
LVC_PE,D,20180803,000000,15.345,15.345,15.166,15.255,0,0
LVC_PE,D,20180806,000000,15.523,15.523,14.541,14.631,0,0
LVC_PE,D,20180807,000000,14.631,14.631,13.65,14.095,0,0
LVC_PE,D,20180808,000000,14.095,14.274,14.007,14.274,0,0
LVC_PE,D,20180809,000000,14.363,14.453,13.828,14.274,0,0
LVC_PE,D,20180810,000000,14.274,14.363,14.007,14.274,0,0
LVC_PE,D,20180813,000000,14.441,14.717,13.797,14.165,0,0
LVC_PE,D,20180814,000000,14.073,14.256,13.889,14.073,0,0
LVC_PE,D,20180816,000000,13.889,14.625,13.889,14.625,0,0
LVC_PE,D,20180817,000000,14.625,14.992,14.625,14.717,0,0
LVC_PE,D,20180820,000000,14.717,14.717,14.165,14.532,0,0
LVC_PE,D,20180821,000000,14.717,14.717,14.349,14.625,0,0
LVC_PE,D,20180822,000000,14.349,14.625,14.349,14.532,0,0
LVC_PE,D,20180823,000000,14.532,14.717,14.532,14.625,0,0
LVC_PE,D,20180824,000000,14.625,14.717,14.532,14.717,0,0
LVC_PE,D,20180827,000000,15.177,15.268,14.901,14.901,0,0
LVC_PE,D,20180828,000000,14.992,15.544,14.992,15.453,0,0
LVC_PE,D,20180829,000000,15.728,15.728,14.073,14.073,0,0
LVC_PE,D,20180830,000000,14.073,14.625,14.073,14.532,0,0
LVC_PE,D,20180831,000000,14.532,15.177,14.256,15.177,0,0
LVC_PE,D,20180903,000000,14.441,14.441,13.889,13.889,0,0
LVC_PE,D,20180904,000000,13.797,13.797,13.336,13.336,0,0
LVC_PE,D,20180905,000000,13.336,13.336,12.049,12.049,0,0
LVC_PE,D,20180906,000000,11.957,12.417,11.128,11.59,0,0
LVC_PE,D,20180907,000000,11.59,11.865,11.404,11.404,0,0
LVC_PE,D,20180910,000000,11.498,11.865,11.222,11.865,0,0
LVC_PE,D,20180911,000000,11.59,11.773,11.313,11.313,0,0
LVC_PE,D,20180912,000000,11.313,11.498,11.313,11.313,0,0
LVC_PE,D,20180913,000000,11.498,11.68,11.222,11.313,0,0
LVC_PE,D,20180914,000000,11.59,11.59,10.853,10.947,0,0
LVC_PE,D,20180917,000000,10.853,11.222,10.394,10.947,0,0
LVC_PE,D,20180918,000000,11.404,11.498,11.038,11.313,0,0
LVC_PE,D,20180919,000000,11.313,11.313,10.947,11.038,0,0
LVC_PE,D,20180920,000000,11.222,11.59,11.222,11.498,0,0
LVC_PE,D,20180921,000000,11.498,11.59,11.404,11.404,0,0
LVC_PE,D,20180924,000000,11.404,11.498,11.313,11.404,0,0
LVC_PE,D,20180925,000000,11.59,11.59,11.313,11.404,0,0
LVC_PE,D,20180926,000000,11.313,11.404,11.222,11.222,0,0
LVC_PE,D,20180927,000000,11.222,11.222,11.038,11.128,0,0
LVC_PE,D,20180928,000000,11.222,11.222,10.486,11.038,0,0
LVC_PE,D,20181001,000000,11.313,11.313,10.947,10.947,0,0
LVC_PE,D,20181002,000000,10.947,11.038,10.669,10.947,0,0
LVC_PE,D,20181003,000000,11.038,11.68,10.853,11.59,0,0
LVC_PE,D,20181004,000000,11.68,12.234,11.313,11.957,0,0
LVC_PE,D,20181005,000000,11.957,12.141,11.498,11.957,0,0
LVC_PE,D,20181008,000000,11.59,11.957,11.59,11.68,0,0
LVC_PE,D,20181009,000000,11.498,11.957,11.404,11.404,0,0
LVC_PE,D,20181010,000000,11.773,11.773,10.947,11.128,0,0
LVC_PE,D,20181011,000000,10.761,11.128,10.577,10.577,0,0
LVC_PE,D,20181012,000000,10.761,11.038,10.669,11.038,0,0
LVC_PE,D,20181015,000000,11.128,11.128,10.669,10.669,0,0
LVC_PE,D,20181016,000000,10.669,10.761,10.577,10.669,0,0
LVC_PE,D,20181017,000000,10.669,10.853,10.669,10.669,0,0
LVC_PE,D,20181018,000000,10.669,10.761,10.577,10.577,0,0
LVC_PE,D,20181019,000000,10.577,10.761,10.486,10.486,0,0
LVC_PE,D,20181022,000000,10.577,10.577,10.117,10.117,0,0
LVC_PE,D,20181023,000000,10.117,10.117,9.75,9.934,0,0
LVC_PE,D,20181024,000000,9.841,10.302,9.841,10.21,0,0
LVC_PE,D,20181025,000000,9.841,10.302,9.841,10.117,0,0
LVC_PE,D,20181026,000000,10.21,10.577,10.117,10.21,0,0
LVC_PE,D,20181029,000000,10.21,10.486,10.117,10.394,0,0
LVC_PE,D,20181030,000000,10.394,11.038,10.21,11.038,0,0
LVC_PE,D,20181031,000000,11.038,11.865,11.038,11.865,0,0
LVC_PE,D,20181102,000000,11.59,12.324,11.59,12.234,0,0
LVC_PE,D,20181105,000000,12.324,12.693,12.324,12.51,0,0
LVC_PE,D,20181106,000000,12.602,12.693,12.51,12.51,0,0
LVC_PE,D,20181107,000000,12.602,12.693,12.417,12.693,0,0
LVC_PE,D,20181108,000000,12.693,12.877,12.693,12.785,0,0
LVC_PE,D,20181109,000000,12.785,13.245,12.693,13.245,0,0
LVC_PE,D,20181113,000000,13.336,13.521,13.336,13.521,0,0
LVC_PE,D,20181114,000000,13.612,13.705,13.336,13.612,0,0
LVC_PE,D,20181115,000000,13.612,13.797,13.612,13.705,0,0
LVC_PE,D,20181116,000000,13.797,13.797,13.154,13.336,0,0
LVC_PE,D,20181119,000000,13.154,13.336,12.141,12.141,0,0
LVC_PE,D,20181120,000000,12.234,12.602,12.234,12.602,0,0
LVC_PE,D,20181121,000000,12.693,12.693,12.51,12.51,0,0
LVC_PE,D,20181122,000000,12.51,12.602,12.51,12.51,0,0
LVC_PE,D,20181123,000000,12.324,12.693,11.957,12.602,0,0
LVC_PE,D,20181126,000000,12.785,12.785,12.417,12.785,0,0
LVC_PE,D,20181127,000000,12.417,12.877,12.234,12.785,0,0
LVC_PE,D,20181128,000000,12.602,12.693,11.773,11.773,0,0
LVC_PE,D,20181129,000000,11.957,11.957,11.773,11.865,0,0
LVC_PE,D,20181130,000000,11.68,11.865,11.68,11.865,0,0
LVC_PE,D,20181203,000000,11.865,12.417,11.865,12.141,0,0
LVC_PE,D,20181204,000000,12.324,12.324,12.141,12.141,0,0
LVC_PE,D,20181205,000000,12.234,12.234,12.049,12.141,0,0
LVC_PE,D,20181206,000000,12.141,12.141,11.865,11.865,0,0
LVC_PE,D,20181207,000000,11.865,11.865,11.773,11.865,0,0
LVC_PE,D,20181210,000000,11.865,11.957,11.59,11.68,0,0
LVC_PE,D,20181211,000000,11.68,11.68,11.498,11.498,0,0
LVC_PE,D,20181212,000000,11.498,11.865,11.404,11.498,0,0
LVC_PE,D,20181213,000000,11.59,11.59,11.498,11.59,0,0
LVC_PE,D,20181214,000000,11.59,11.59,11.498,11.498,0,0
LVC_PE,D,20181217,000000,11.313,11.404,10.853,11.038,0,0
LVC_PE,D,20181218,000000,11.038,11.038,10.577,10.577,0,0
LVC_PE,D,20181219,000000,10.577,10.761,10.486,10.577,0,0
LVC_PE,D,20181220,000000,10.577,11.038,10.577,10.853,0,0
LVC_PE,D,20181221,000000,11.222,11.222,10.577,10.761,0,0
LVC_PE,D,20181227,000000,10.947,11.222,10.761,11.222,0,0
LVC_PE,D,20181228,000000,11.282,11.564,11.282,11.47,0,0
LVC_PE,D,20190102,000000,11.377,11.377,10.906,11.188,0,0
LVC_PE,D,20190103,000000,11.188,11.188,10.531,10.624,0,0
LVC_PE,D,20190104,000000,10.624,10.813,10.531,10.624,0,0
LVC_PE,D,20190107,000000,10.624,10.718,10.624,10.624,0,0
LVC_PE,D,20190108,000000,10.624,10.906,10.624,10.813,0,0
LVC_PE,D,20190109,000000,10.813,10.906,10.813,10.813,0,0
LVC_PE,D,20190110,000000,10.906,10.906,10.813,10.813,0,0
LVC_PE,D,20190111,000000,10.813,11.095,10.813,11,0,0
LVC_PE,D,20190114,000000,11.188,11.659,11.095,11.659,0,0
LVC_PE,D,20190115,000000,11.752,12.034,11.377,11.377,0,0
LVC_PE,D,20190116,000000,11.659,11.941,11.564,11.941,0,0
LVC_PE,D,20190117,000000,12.034,12.128,11.941,12.034,0,0
LVC_PE,D,20190118,000000,12.128,12.128,11.752,11.941,0,0
LVC_PE,D,20190121,000000,11.941,11.941,11.564,11.846,0,0
LVC_PE,D,20190122,000000,11.846,11.846,11.659,11.846,0,0
LVC_PE,D,20190123,000000,11.846,12.128,11.752,12.034,0,0
LVC_PE,D,20190124,000000,12.034,12.034,11.846,11.941,0,0
LVC_PE,D,20190125,000000,11.941,12.128,11.941,12.128,0,0
LVC_PE,D,20190128,000000,12.223,12.223,12.128,12.128,0,0
LVC_PE,D,20190129,000000,12.128,12.128,11.941,11.941,0,0
LVC_PE,D,20190130,000000,11.752,12.223,11.752,12.223,0,0
LVC_PE,D,20190131,000000,12.223,12.692,12.223,12.599,0,0
LVC_PE,D,20190201,000000,12.505,12.505,12.317,12.505,0,0
LVC_PE,D,20190204,000000,12.599,12.599,12.223,12.41,0,0
LVC_PE,D,20190205,000000,12.41,12.41,12.128,12.41,0,0
LVC_PE,D,20190206,000000,12.505,12.505,12.223,12.41,0,0
LVC_PE,D,20190207,000000,12.41,12.505,12.128,12.317,0,0
LVC_PE,D,20190208,000000,12.223,12.317,11.941,12.317,0,0
LVC_PE,D,20190211,000000,12.317,12.317,12.128,12.223,0,0
LVC_PE,D,20190212,000000,12.128,12.317,12.128,12.317,0,0
LVC_PE,D,20190213,000000,12.317,12.881,12.317,12.41,0,0
LVC_PE,D,20190214,000000,12.599,12.599,12.41,12.41,0,0
LVC_PE,D,20190215,000000,12.505,12.974,12.41,12.881,0,0
LVC_PE,D,20190218,000000,12.881,13.256,12.881,12.974,0,0
LVC_PE,D,20190219,000000,12.974,13.256,12.692,13.069,0,0
LVC_PE,D,20190220,000000,13.256,13.256,12.974,13.069,0,0
LVC_PE,D,20190221,000000,13.069,13.163,12.881,13.069,0,0
LVC_PE,D,20190222,000000,12.974,13.069,12.974,12.974,0,0
LVC_PE,D,20190225,000000,12.974,13.163,12.787,12.787,0,0
LVC_PE,D,20190226,000000,12.787,12.787,11.846,12.41,0,0
LVC_PE,D,20190227,000000,12.41,12.41,11.377,11.377,0,0
LVC_PE,D,20190228,000000,11.47,11.846,11.47,11.659,0,0
LVC_PE,D,20190301,000000,11.846,11.846,11.564,11.752,0,0
LVC_PE,D,20190304,000000,11.564,11.659,11.564,11.564,0,0
LVC_PE,D,20190305,000000,11.659,11.659,11.564,11.564,0,0
LVC_PE,D,20190306,000000,11.659,11.846,11.564,11.846,0,0
LVC_PE,D,20190307,000000,12.034,12.034,11.752,11.752,0,0
LVC_PE,D,20190308,000000,11.659,11.846,11.659,11.846,0,0
LVC_PE,D,20190311,000000,11.846,11.941,11.282,11.377,0,0
LVC_PE,D,20190312,000000,11.47,11.47,11.377,11.47,0,0
LVC_PE,D,20190313,000000,11.564,11.564,11.377,11.47,0,0
LVC_PE,D,20190314,000000,11.47,11.564,11.47,11.47,0,0
LVC_PE,D,20190315,000000,11.47,11.941,11.47,11.941,0,0
LVC_PE,D,20190318,000000,11.752,11.941,11.752,11.846,0,0
LVC_PE,D,20190319,000000,12.128,12.128,11.846,11.846,0,0
LVC_PE,D,20190320,000000,12.034,12.034,11.846,11.941,0,0
LVC_PE,D,20190321,000000,11.941,11.941,11.846,11.941,0,0
LVC_PE,D,20190322,000000,11.752,11.941,11.564,11.659,0,0
LVC_PE,D,20190325,000000,11.752,12.41,11.659,12.223,0,0
LVC_PE,D,20190326,000000,12.223,12.223,12.034,12.223,0,0
LVC_PE,D,20190327,000000,12.223,12.223,11.941,11.941,0,0
LVC_PE,D,20190328,000000,11.941,12.034,11.846,12.034,0,0
LVC_PE,D,20190329,000000,12.034,12.128,11.846,12.128,0,0
LVC_PE,D,20190401,000000,12.128,12.128,11.941,12.128,0,0
LVC_PE,D,20190402,000000,12.692,13.538,12.692,13.351,0,0
LVC_PE,D,20190403,000000,13.538,13.538,13.163,13.256,0,0
LVC_PE,D,20190404,000000,13.256,13.633,13.163,13.256,0,0
LVC_PE,D,20190405,000000,13.256,13.915,13.256,13.445,0,0
LVC_PE,D,20190408,000000,13.538,13.727,13.445,13.633,0,0
LVC_PE,D,20190409,000000,13.727,13.727,13.445,13.538,0,0
LVC_PE,D,20190410,000000,13.445,13.538,13.069,13.163,0,0
LVC_PE,D,20190411,000000,13.163,13.163,12.692,12.974,0,0
LVC_PE,D,20190412,000000,12.974,13.256,12.974,12.974,0,0
LVC_PE,D,20190415,000000,13.069,13.256,12.881,12.881,0,0
LVC_PE,D,20190416,000000,12.881,13.163,12.881,13.069,0,0
LVC_PE,D,20190417,000000,12.974,13.069,12.787,12.787,0,0
LVC_PE,D,20190418,000000,12.787,12.881,12.692,12.692,0,0
LVC_PE,D,20190423,000000,12.692,12.881,12.692,12.881,0,0
LVC_PE,D,20190424,000000,12.881,12.974,12.881,12.974,0,0
LVC_PE,D,20190425,000000,12.881,13.163,12.881,12.974,0,0
LVC_PE,D,20190426,000000,12.974,13.163,12.881,13.163,0,0
LVC_PE,D,20190429,000000,13.163,13.633,13.069,13.538,0,0
LVC_PE,D,20190430,000000,13.538,13.633,13.351,13.633,0,0
LVC_PE,D,20190502,000000,13.633,13.633,13.445,13.633,0,0
LVC_PE,D,20190506,000000,13.633,13.633,13.163,13.256,0,0
LVC_PE,D,20190507,000000,13.256,13.538,12.974,13.069,0,0
LVC_PE,D,20190508,000000,13.069,13.351,13.069,13.351,0,0
LVC_PE,D,20190509,000000,13.351,13.445,13.256,13.256,0,0
LVC_PE,D,20190510,000000,13.351,13.633,13.351,13.445,0,0
LVC_PE,D,20190513,000000,13.538,13.538,13.445,13.445,0,0
LVC_PE,D,20190514,000000,13.538,13.633,13.351,13.445,0,0
LVC_PE,D,20190515,000000,13.445,13.445,13.351,13.445,0,0
LVC_PE,D,20190516,000000,13.445,13.445,13.256,13.445,0,0
LVC_PE,D,20190517,000000,13.445,13.445,13.256,13.256,0,0
LVC_PE,D,20190520,000000,13.163,13.163,13.069,13.069,0,0
LVC_PE,D,20190521,000000,13.069,13.163,13.069,13.163,0,0
LVC_PE,D,20190522,000000,13.163,13.163,12.787,13.069,0,0
LVC_PE,D,20190523,000000,13.069,13.069,12.881,12.974,0,0
LVC_PE,D,20190524,000000,12.974,12.974,12.787,12.974,0,0
LVC_PE,D,20190527,000000,12.974,12.974,12.787,12.974,0,0
LVC_PE,D,20190528,000000,12.974,13.069,12.787,13.069,0,0
LVC_PE,D,20190529,000000,12.881,13.069,12.223,12.41,0,0
LVC_PE,D,20190530,000000,12.41,12.881,12.41,12.881,0,0
LVC_PE,D,20190531,000000,12.881,13.538,12.599,13.538,0,0
LVC_PE,D,20190603,000000,13.538,13.538,13.163,13.351,0,0
LVC_PE,D,20190604,000000,13.445,13.445,12.974,13.256,0,0
LVC_PE,D,20190605,000000,13.256,13.256,12.974,13.069,0,0
LVC_PE,D,20190606,000000,13.163,13.256,12.881,13.069,0,0
LVC_PE,D,20190607,000000,13.163,13.163,12.881,13.163,0,0
LVC_PE,D,20190610,000000,13.256,13.256,12.974,13.163,0,0
LVC_PE,D,20190611,000000,13.163,13.256,13.069,13.163,0,0
LVC_PE,D,20190612,000000,13.163,13.163,12.505,12.974,0,0
LVC_PE,D,20190613,000000,12.974,12.974,12.787,12.974,0,0
LVC_PE,D,20190614,000000,12.974,12.974,12.881,12.974,0,0
LVC_PE,D,20190617,000000,12.787,12.974,12.692,12.787,0,0
LVC_PE,D,20190618,000000,12.692,12.787,12.692,12.692,0,0
LVC_PE,D,20190619,000000,12.599,12.692,12.41,12.505,0,0
LVC_PE,D,20190621,000000,12.599,12.599,12.41,12.41,0,0
LVC_PE,D,20190624,000000,12.41,12.787,12.41,12.787,0,0
LVC_PE,D,20190625,000000,12.787,12.881,12.599,12.599,0,0
LVC_PE,D,20190626,000000,13.069,13.445,12.692,12.692,0,0
LVC_PE,D,20190627,000000,12.692,12.787,12.692,12.692,0,0
LVC_PE,D,20190628,000000,12.692,12.881,12.692,12.881,0,0
LVC_PE,D,20190701,000000,13.069,13.538,13.069,13.445,0,0
LVC_PE,D,20190702,000000,13.538,14.009,13.538,13.915,0,0
LVC_PE,D,20190703,000000,14.102,14.291,13.82,14.009,0,0
LVC_PE,D,20190704,000000,14.009,14.573,14.009,14.573,0,0
LVC_PE,D,20190705,000000,14.573,14.666,14.291,14.479,0,0
LVC_PE,D,20190708,000000,14.479,14.666,14.479,14.573,0,0
LVC_PE,D,20190709,000000,14.666,14.855,14.666,14.666,0,0
LVC_PE,D,20190710,000000,14.666,14.666,14.291,14.479,0,0
LVC_PE,D,20190711,000000,14.573,14.573,14.291,14.479,0,0
LVC_PE,D,20190712,000000,14.573,14.761,14.384,14.761,0,0
LVC_PE,D,20190715,000000,14.761,14.948,14.573,14.761,0,0
LVC_PE,D,20190716,000000,14.855,14.855,14.573,14.573,0,0
LVC_PE,D,20190717,000000,14.573,14.573,14.102,14.291,0,0
LVC_PE,D,20190718,000000,14.291,14.479,14.197,14.291,0,0
LVC_PE,D,20190719,000000,14.291,14.384,14.291,14.291,0,0
LVC_PE,D,20190722,000000,14.291,14.384,14.291,14.384,0,0
LVC_PE,D,20190723,000000,14.384,14.384,14.197,14.197,0,0
LVC_PE,D,20190724,000000,14.197,14.197,13.727,14.009,0,0
LVC_PE,D,20190725,000000,14.341,14.341,14.15,14.15,0,0
LVC_PE,D,20190726,000000,14.15,14.15,14.054,14.15,0,0
LVC_PE,D,20190729,000000,14.15,14.532,14.15,14.341,0,0
LVC_PE,D,20190730,000000,14.245,14.341,14.15,14.15,0,0
LVC_PE,D,20190731,000000,14.15,14.245,14.15,14.15,0,0
LVC_PE,D,20190801,000000,14.341,14.341,14.15,14.245,0,0
LVC_PE,D,20190802,000000,14.724,15.776,14.724,15.776,0,0
LVC_PE,D,20190805,000000,15.966,16.157,15.392,15.489,0,0
LVC_PE,D,20190806,000000,15.298,15.489,15.105,15.105,0,0
LVC_PE,D,20190807,000000,15.105,15.489,15.105,15.105,0,0
LVC_PE,D,20190808,000000,15.298,15.392,15.202,15.298,0,0
LVC_PE,D,20190809,000000,15.489,15.87,15.298,15.298,0,0
LVC_PE,D,20190812,000000,15.489,15.679,15.298,15.392,0,0
LVC_PE,D,20190813,000000,15.571,16.06,15.571,16.06,0,0
LVC_PE,D,20190814,000000,16.06,16.256,15.865,16.256,0,0
LVC_PE,D,20190816,000000,16.158,16.746,16.158,16.746,0,0
LVC_PE,D,20190819,000000,16.844,17.235,16.844,17.04,0,0
LVC_PE,D,20190820,000000,16.746,16.941,16.55,16.746,0,0
LVC_PE,D,20190821,000000,16.648,16.941,16.648,16.746,0,0
LVC_PE,D,20190822,000000,16.941,16.941,16.746,16.844,0,0
LVC_PE,D,20190823,000000,16.941,17.431,16.941,17.138,0,0
LVC_PE,D,20190826,000000,17.04,17.138,16.746,17.04,0,0
LVC_PE,D,20190827,000000,16.941,17.04,16.648,16.746,0,0
LVC_PE,D,20190828,000000,16.941,17.138,16.746,17.138,0,0
LVC_PE,D,20190829,000000,16.55,16.55,15.865,15.962,0,0
LVC_PE,D,20190830,000000,16.158,16.354,15.865,15.962,0,0
LVC_PE,D,20190902,000000,15.962,16.06,15.767,15.767,0,0
LVC_PE,D,20190903,000000,15.767,15.767,15.374,15.374,0,0
LVC_PE,D,20190904,000000,15.277,15.865,15.179,15.865,0,0
LVC_PE,D,20190905,000000,15.865,15.962,15.668,15.962,0,0
LVC_PE,D,20190906,000000,16.06,16.158,15.767,16.158,0,0
LVC_PE,D,20190909,000000,16.158,16.354,16.06,16.158,0,0
LVC_PE,D,20190910,000000,16.354,16.354,16.06,16.158,0,0
LVC_PE,D,20190911,000000,16.158,16.158,15.767,15.962,0,0
LVC_PE,D,20190912,000000,15.962,15.962,15.668,15.767,0,0
LVC_PE,D,20190913,000000,15.571,16.158,15.571,15.571,0,0
LVC_PE,D,20190916,000000,15.767,15.865,15.571,15.767,0,0
LVC_PE,D,20190917,000000,15.668,15.767,15.571,15.668,0,0
LVC_PE,D,20190918,000000,15.668,15.668,15.571,15.571,0,0
LVC_PE,D,20190919,000000,15.571,15.962,15.473,15.962,0,0
LVC_PE,D,20190920,000000,15.962,16.06,15.571,15.767,0,0
LVC_PE,D,20190923,000000,15.865,16.06,15.767,15.865,0,0
LVC_PE,D,20190924,000000,15.865,16.158,15.865,15.962,0,0
LVC_PE,D,20190925,000000,16.06,16.158,15.865,15.865,0,0
LVC_PE,D,20190926,000000,15.962,16.158,15.865,16.158,0,0
LVC_PE,D,20190927,000000,16.158,16.746,16.06,16.06,0,0
LVC_PE,D,20190930,000000,15.473,15.962,15.473,15.767,0,0
LVC_PE,D,20191001,000000,15.767,16.06,15.767,16.06,0,0
LVC_PE,D,20191002,000000,15.277,15.473,15.179,15.277,0,0
LVC_PE,D,20191003,000000,14.885,15.179,14.689,14.787,0,0
LVC_PE,D,20191004,000000,14.787,15.179,14.787,14.983,0,0
LVC_PE,D,20191007,000000,15.179,15.179,14.787,14.885,0,0
LVC_PE,D,20191008,000000,14.885,14.983,14.787,14.983,0,0
LVC_PE,D,20191009,000000,14.983,14.983,14.689,14.787,0,0
LVC_PE,D,20191010,000000,14.885,14.885,14.787,14.787,0,0
LVC_PE,D,20191011,000000,14.787,15.081,14.787,15.081,0,0
LVC_PE,D,20191014,000000,15.081,15.277,15.081,15.277,0,0
LVC_PE,D,20191015,000000,15.277,15.277,14.983,14.983,0,0
LVC_PE,D,20191016,000000,14.983,15.277,14.885,15.277,0,0
LVC_PE,D,20191017,000000,15.277,15.473,14.983,15.473,0,0
LVC_PE,D,20191018,000000,15.473,15.473,15.179,15.473,0,0
LVC_PE,D,20191021,000000,15.473,15.571,15.277,15.473,0,0
LVC_PE,D,20191022,000000,15.571,15.571,15.277,15.571,0,0
LVC_PE,D,20191023,000000,16.158,16.158,15.571,15.668,0,0
LVC_PE,D,20191024,000000,15.962,16.55,15.668,16.158,0,0
LVC_PE,D,20191025,000000,16.158,16.256,15.962,16.256,0,0
LVC_PE,D,20191028,000000,16.354,16.452,15.962,15.962,0,0
LVC_PE,D,20191029,000000,15.962,16.648,15.962,16.648,0,0
LVC_PE,D,20191030,000000,16.55,16.55,16.256,16.55,0,0
LVC_PE,D,20191031,000000,16.354,16.648,16.354,16.55,0,0
LVC_PE,D,20191104,000000,16.55,16.55,16.158,16.158,0,0
LVC_PE,D,20191105,000000,16.158,16.158,15.767,15.865,0,0
LVC_PE,D,20191106,000000,15.865,15.865,15.668,15.767,0,0
LVC_PE,D,20191107,000000,15.767,15.962,15.767,15.865,0,0
LVC_PE,D,20191108,000000,15.865,16.06,15.865,16.06,0,0
LVC_PE,D,20191112,000000,16.158,16.256,15.962,15.962,0,0
LVC_PE,D,20191113,000000,16.158,16.158,15.767,15.767,0,0
LVC_PE,D,20191114,000000,15.865,16.06,15.865,15.962,0,0
LVC_PE,D,20191115,000000,16.158,16.158,15.962,15.962,0,0
LVC_PE,D,20191118,000000,15.962,16.354,15.767,16.256,0,0
LVC_PE,D,20191119,000000,16.158,16.158,15.767,16.158,0,0
LVC_PE,D,20191120,000000,16.256,16.256,15.473,15.767,0,0
LVC_PE,D,20191121,000000,15.767,15.962,15.767,15.962,0,0
LVC_PE,D,20191122,000000,15.962,16.158,15.962,16.06,0,0
LVC_PE,D,20191125,000000,15.865,16.256,15.767,16.158,0,0
LVC_PE,D,20191126,000000,16.158,16.354,16.158,16.256,0,0
LVC_PE,D,20191127,000000,16.354,16.354,16.158,16.158,0,0
LVC_PE,D,20191128,000000,16.354,17.138,16.158,16.452,0,0
LVC_PE,D,20191129,000000,16.452,16.844,16.452,16.844,0,0
LVC_PE,D,20191202,000000,16.844,17.235,16.354,16.941,0,0
LVC_PE,D,20191203,000000,16.746,17.04,16.746,17.04,0,0
LVC_PE,D,20191204,000000,17.04,17.235,16.55,17.138,0,0
LVC_PE,D,20191205,000000,17.235,17.235,16.941,17.138,0,0
LVC_PE,D,20191206,000000,17.138,17.138,16.941,17.04,0,0
LVC_PE,D,20191209,000000,17.138,17.138,16.941,17.04,0,0
LVC_PE,D,20191210,000000,17.04,17.138,17.04,17.04,0,0
LVC_PE,D,20191211,000000,16.844,17.138,16.844,17.04,0,0
LVC_PE,D,20191212,000000,17.138,17.138,16.844,17.04,0,0
LVC_PE,D,20191213,000000,17.138,17.431,17.04,17.235,0,0
LVC_PE,D,20191216,000000,17.235,17.529,17.235,17.334,0,0
LVC_PE,D,20191217,000000,17.334,18.117,17.334,18.019,0,0
LVC_PE,D,20191218,000000,18.019,18.019,17.725,17.725,0,0
LVC_PE,D,20191219,000000,17.725,17.725,17.235,17.334,0,0
LVC_PE,D,20191220,000000,17.529,17.627,17.138,17.138,0,0
LVC_PE,D,20191223,000000,17.138,17.627,17.138,17.627,0,0
LVC_PE,D,20191227,000000,17.627,18.508,17.627,18.313,0,0
LVC_PE,D,20191230,000000,18.668,18.668,18.072,18.469,0,0
LVC_PE,D,20200102,000000,18.172,18.569,18.072,18.37,0,0
LVC_PE,D,20200103,000000,18.469,18.469,17.874,17.874,0,0
LVC_PE,D,20200107,000000,18.172,18.469,17.874,18.469,0,0
LVC_PE,D,20200108,000000,18.271,18.469,18.172,18.37,0,0
LVC_PE,D,20200109,000000,18.569,18.569,18.072,18.271,0,0
LVC_PE,D,20200110,000000,18.271,18.569,18.271,18.469,0,0
LVC_PE,D,20200113,000000,18.469,18.469,18.172,18.37,0,0
LVC_PE,D,20200114,000000,18.37,18.37,18.271,18.37,0,0
LVC_PE,D,20200115,000000,18.37,18.37,17.874,17.874,0,0
LVC_PE,D,20200116,000000,18.271,19.462,18.072,19.264,0,0
LVC_PE,D,20200117,000000,19.264,19.562,19.264,19.562,0,0
LVC_PE,D,20200120,000000,19.562,19.86,19.562,19.86,0,0
LVC_PE,D,20200121,000000,19.86,19.959,19.86,19.86,0,0
LVC_PE,D,20200122,000000,19.86,20.058,19.76,19.959,0,0
LVC_PE,D,20200123,000000,20.058,20.356,20.058,20.158,0,0
LVC_PE,D,20200124,000000,20.158,20.356,20.058,20.257,0,0
LVC_PE,D,20200127,000000,20.455,20.455,19.562,20.158,0,0
LVC_PE,D,20200128,000000,20.058,20.158,19.363,20.158,0,0
LVC_PE,D,20200129,000000,20.158,20.257,20.058,20.058,0,0
LVC_PE,D,20200130,000000,20.257,20.257,19.661,20.158,0,0
LVC_PE,D,20200131,000000,20.058,20.058,19.562,19.959,0,0
LVC_PE,D,20200203,000000,19.562,19.86,19.562,19.661,0,0
LVC_PE,D,20200204,000000,19.661,19.959,19.661,19.959,0,0
LVC_PE,D,20200205,000000,19.959,19.959,19.661,19.959,0,0
LVC_PE,D,20200206,000000,20.058,20.058,19.562,19.661,0,0
LVC_PE,D,20200207,000000,19.86,19.86,19.363,19.363,0,0
LVC_PE,D,20200210,000000,19.363,19.562,19.363,19.562,0,0
LVC_PE,D,20200211,000000,19.562,19.76,19.562,19.76,0,0
LVC_PE,D,20200212,000000,19.76,20.158,19.76,20.158,0,0
LVC_PE,D,20200213,000000,20.257,20.257,19.959,20.058,0,0
LVC_PE,D,20200214,000000,20.058,20.058,19.76,20.058,0,0
LVC_PE,D,20200217,000000,20.158,20.356,20.058,20.158,0,0
LVC_PE,D,20200218,000000,20.158,20.158,19.86,20.058,0,0
LVC_PE,D,20200219,000000,20.158,20.158,19.86,20.058,0,0
LVC_PE,D,20200220,000000,20.058,20.257,19.661,19.661,0,0
LVC_PE,D,20200221,000000,19.76,19.76,19.065,19.363,0,0
LVC_PE,D,20200224,000000,19.264,19.264,18.37,18.469,0,0
LVC_PE,D,20200225,000000,18.37,18.966,18.37,18.966,0,0
LVC_PE,D,20200226,000000,18.966,19.959,18.569,19.363,0,0
LVC_PE,D,20200227,000000,19.165,19.165,17.278,17.874,0,0
LVC_PE,D,20200228,000000,16.384,17.874,16.384,17.874,0,0
LVC_PE,D,20200302,000000,17.874,18.172,17.576,17.675,0,0
LVC_PE,D,20200303,000000,17.874,18.469,17.774,18.469,0,0
LVC_PE,D,20200304,000000,18.072,18.271,17.973,18.072,0,0
LVC_PE,D,20200305,000000,18.469,18.569,17.973,18.172,0,0
LVC_PE,D,20200306,000000,18.172,18.172,17.278,18.072,0,0
LVC_PE,D,20200309,000000,16.881,17.278,16.484,16.682,0,0
LVC_PE,D,20200310,000000,16.682,17.079,15.689,15.788,0,0
LVC_PE,D,20200311,000000,15.788,15.888,14.001,15.689,0,0
LVC_PE,D,20200312,000000,14.498,14.994,13.802,14.001,0,0
LVC_PE,D,20200313,000000,14.895,15.59,14.498,15.193,0,0
LVC_PE,D,20200316,000000,14.299,15.193,14.001,15.193,0,0
LVC_PE,D,20200317,000000,15.292,16.186,14.994,15.788,0,0
LVC_PE,D,20200318,000000,15.788,16.484,15.788,15.888,0,0
LVC_PE,D,20200319,000000,16.086,17.675,15.888,17.675,0,0
LVC_PE,D,20200320,000000,17.874,18.469,17.675,17.675,0,0
LVC_PE,D,20200323,000000,17.278,17.278,16.484,16.583,0,0
LVC_PE,D,20200324,000000,16.881,17.278,16.682,16.881,0,0
LVC_PE,D,20200325,000000,17.278,17.377,16.384,16.682,0,0
LVC_PE,D,20200326,000000,16.484,16.98,16.484,16.98,0,0
LVC_PE,D,20200327,000000,17.179,17.675,16.881,17.476,0,0
LVC_PE,D,20200330,000000,17.476,17.675,16.98,17.476,0,0
LVC_PE,D,20200331,000000,17.476,17.774,17.179,17.377,0,0
LVC_PE,D,20200401,000000,17.377,17.576,17.278,17.476,0,0
LVC_PE,D,20200402,000000,17.476,17.576,17.476,17.576,0,0
LVC_PE,D,20200403,000000,17.874,18.172,17.576,18.072,0,0
LVC_PE,D,20200406,000000,18.072,18.867,18.072,18.867,0,0
LVC_PE,D,20200407,000000,18.966,19.562,18.172,18.569,0,0
LVC_PE,D,20200408,000000,18.569,19.363,18.569,19.363,0,0
LVC_PE,D,20200409,000000,19.363,19.363,18.767,18.867,0,0
LVC_PE,D,20200414,000000,18.767,18.867,18.469,18.767,0,0
LVC_PE,D,20200415,000000,18.767,19.959,18.767,19.363,0,0
LVC_PE,D,20200416,000000,19.76,22.739,19.76,22.342,0,0
LVC_PE,D,20200417,000000,22.64,23.236,22.342,22.441,0,0
LVC_PE,D,20200420,000000,22.64,22.64,21.647,22.044,0,0
LVC_PE,D,20200421,000000,22.342,22.342,21.448,22.144,0,0
LVC_PE,D,20200422,000000,21.846,22.144,21.349,21.448,0,0
LVC_PE,D,20200423,000000,21.647,22.243,21.151,22.243,0,0
LVC_PE,D,20200424,000000,21.746,22.243,21.349,21.548,0,0
LVC_PE,D,20200427,000000,21.647,22.938,21.548,22.839,0,0
LVC_PE,D,20200428,000000,22.839,23.732,22.739,23.434,0,0
LVC_PE,D,20200429,000000,23.633,24.129,23.037,24.129,0,0
LVC_PE,D,20200430,000000,24.129,24.527,23.732,24.527,0,0
LVC_PE,D,20200504,000000,24.427,24.427,23.534,23.931,0,0
LVC_PE,D,20200505,000000,23.931,24.328,23.732,23.931,0,0
LVC_PE,D,20200506,000000,23.931,24.229,23.633,24.229,0,0
LVC_PE,D,20200507,000000,24.229,24.427,23.931,24.427,0,0
LVC_PE,D,20200508,000000,24.626,25.818,24.626,25.52,0,0
LVC_PE,D,20200511,000000,25.52,26.215,25.321,26.215,0,0
LVC_PE,D,20200512,000000,26.215,26.711,26.115,26.711,0,0
LVC_PE,D,20200513,000000,26.612,26.612,26.215,26.314,0,0
LVC_PE,D,20200514,000000,25.917,26.115,24.427,25.122,0,0
LVC_PE,D,20200515,000000,25.619,26.115,25.321,26.016,0,0
LVC_PE,D,20200518,000000,26.115,26.215,25.917,26.016,0,0
LVC_PE,D,20200519,000000,26.215,26.215,25.619,25.917,0,0
LVC_PE,D,20200520,000000,25.917,25.917,25.42,25.52,0,0
LVC_PE,D,20200521,000000,25.718,26.215,25.619,25.619,0,0
LVC_PE,D,20200522,000000,25.321,25.917,25.321,25.917,0,0
LVC_PE,D,20200525,000000,25.917,28.101,25.917,28.002,0,0
LVC_PE,D,20200526,000000,28.002,28.002,27.307,27.605,0,0
LVC_PE,D,20200527,000000,27.605,27.605,25.42,25.42,0,0
LVC_PE,D,20200528,000000,25.917,25.917,25.122,25.619,0,0
LVC_PE,D,20200529,000000,25.818,25.818,25.321,25.321,0,0
LVC_PE,D,20200601,000000,25.222,25.52,25.023,25.122,0,0
LVC_PE,D,20200602,000000,24.924,25.122,24.427,24.527,0,0
LVC_PE,D,20200603,000000,25.023,25.023,23.633,24.129,0,0
LVC_PE,D,20200604,000000,23.931,23.931,23.534,23.633,0,0
LVC_PE,D,20200605,000000,24.725,25.42,24.626,24.626,0,0
LVC_PE,D,20200608,000000,24.725,25.122,24.527,24.527,0,0
LVC_PE,D,20200609,000000,24.725,26.016,24.527,25.718,0,0
LVC_PE,D,20200610,000000,25.718,26.215,25.222,25.917,0,0
LVC_PE,D,20200612,000000,24.825,25.619,24.825,25.42,0,0
LVC_PE,D,20200615,000000,25.222,25.917,25.023,25.42,0,0
LVC_PE,D,20200616,000000,25.52,26.115,25.52,25.917,0,0
LVC_PE,D,20200617,000000,25.917,26.513,25.917,26.215,0,0
LVC_PE,D,20200618,000000,26.513,26.513,25.818,26.215,0,0
LVC_PE,D,20200619,000000,25.917,25.917,25.619,25.917,0,0
LVC_PE,D,20200622,000000,26.215,26.612,26.115,26.314,0,0
LVC_PE,D,20200623,000000,26.314,26.612,26.016,26.413,0,0
LVC_PE,D,20200624,000000,26.413,26.612,25.718,25.718,0,0
LVC_PE,D,20200625,000000,26.115,26.711,25.52,26.016,0,0
LVC_PE,D,20200626,000000,26.016,26.612,25.917,26.016,0,0
LVC_PE,D,20200629,000000,26.314,26.612,25.718,26.612,0,0
LVC_PE,D,20200630,000000,26.612,26.711,26.115,26.215,0,0
LVC_PE,D,20200701,000000,27.605,28.796,27.605,28.598,0,0
LVC_PE,D,20200702,000000,28.995,30.087,24.328,24.328,0,0
LVC_PE,D,20200703,000000,24.527,25.023,24.03,24.328,0,0
LVC_PE,D,20200706,000000,24.527,26.413,24.527,25.917,0,0
LVC_PE,D,20200707,000000,26.016,26.215,25.321,25.52,0,0
LVC_PE,D,20200708,000000,25.917,26.513,25.818,26.215,0,0
LVC_PE,D,20200709,000000,26.513,26.513,25.321,25.321,0,0
LVC_PE,D,20200710,000000,25.023,25.718,24.825,25.52,0,0
LVC_PE,D,20200713,000000,25.52,25.818,25.321,25.52,0,0
LVC_PE,D,20200714,000000,25.718,25.718,24.924,25.222,0,0
LVC_PE,D,20200715,000000,25.122,26.016,25.122,25.619,0,0
LVC_PE,D,20200716,000000,27.605,28.896,27.605,28.598,0,0
LVC_PE,D,20200717,000000,28.598,28.995,28.499,28.598,0,0
LVC_PE,D,20200720,000000,28.896,28.896,27.804,28.399,0,0
LVC_PE,D,20200721,000000,28.499,29.194,28.101,28.101,0,0
LVC_PE,D,20200722,000000,28.101,28.3,27.605,27.903,0,0
LVC_PE,D,20200723,000000,27.903,28.995,27.605,28.598,0,0
LVC_PE,D,20200724,000000,28.598,29.094,28.598,29.094,0,0
LVC_PE,D,20200727,000000,29.094,29.094,28.697,28.697,0,0
LVC_PE,D,20200728,000000,28.697,28.697,28.499,28.697,0,0
LVC_PE,D,20200729,000000,29,31.4,29,30.4,0,0
LVC_PE,D,20200730,000000,30.4,30.4,29,29.6,0,0
LVC_PE,D,20200731,000000,29.6,30.1,28.9,29.9,0,0
LVC_PE,D,20200803,000000,30,30.2,29.5,30.1,0,0
LVC_PE,D,20200804,000000,30.4,30.4,30,30.2,0,0
LVC_PE,D,20200805,000000,30.4,31.7,30.1,31.7,0,0
LVC_PE,D,20200806,000000,32,32,31.2,31.3,0,0
LVC_PE,D,20200807,000000,31.5,33.7,31.5,33.6,0,0
LVC_PE,D,20200810,000000,33.8,33.8,32,32.3,0,0
LVC_PE,D,20200811,000000,32.6,33.1,31.7,32,0,0
LVC_PE,D,20200812,000000,31.8,31.8,30.2,31.4,0,0
LVC_PE,D,20200813,000000,31.6,33.2,31.6,33.1,0,0
LVC_PE,D,20200814,000000,32.8,33.1,32.3,32.3,0,0
LVC_PE,D,20200817,000000,33.4,33.8,32.8,33.2,0,0
LVC_PE,D,20200818,000000,33.5,33.5,32.6,33.2,0,0
LVC_PE,D,20200819,000000,33.4,33.6,33.2,33.5,0,0
LVC_PE,D,20200820,000000,33.4,33.4,32.6,32.8,0,0
LVC_PE,D,20200821,000000,32.8,32.8,31.7,32,0,0
