<TICKER>,<PER>,<DATE>,<TIME>,<OPEN>,<HIGH>,<LOW>,<CLOSE>,<VOL>,<OPENINT>
MDI_PE,D,20070813,000000,6.6476,6.6476,6.6476,6.6476,0,0
MDI_PE,D,20070814,000000,6.8376,6.8376,6.8376,6.8376,0,0
MDI_PE,D,20070816,000000,6.1728,6.1728,6.1728,6.1728,0,0
MDI_PE,D,20070817,000000,6.7426,6.7426,6.7426,6.7426,0,0
MDI_PE,D,20070820,000000,7.2175,7.2175,7.2175,7.2175,0,0
MDI_PE,D,20070821,000000,7.3124,7.3124,7.3124,7.3124,0,0
MDI_PE,D,20070822,000000,8.0722,8.0722,8.0722,8.0722,0,0
MDI_PE,D,20070823,000000,21.938,21.938,21.938,21.938,0,0
MDI_PE,D,20070824,000000,22.412,22.412,22.412,22.412,0,0
MDI_PE,D,20070827,000000,21.652,21.652,21.652,21.652,0,0
MDI_PE,D,20070828,000000,23.837,23.837,23.837,23.837,0,0
MDI_PE,D,20070829,000000,24.311,24.311,24.311,24.311,0,0
MDI_PE,D,20070830,000000,22.887,22.887,22.887,22.887,0,0
MDI_PE,D,20070831,000000,23.077,23.077,23.077,23.077,0,0
MDI_PE,D,20070903,000000,23.551,23.551,23.551,23.551,0,0
MDI_PE,D,20070904,000000,23.837,23.837,23.837,23.837,0,0
MDI_PE,D,20070905,000000,23.077,23.077,23.077,23.077,0,0
MDI_PE,D,20070906,000000,22.507,22.507,22.507,22.507,0,0
MDI_PE,D,20070907,000000,20.988,20.988,20.988,20.988,0,0
MDI_PE,D,20070910,000000,20.323,20.323,20.323,20.323,0,0
MDI_PE,D,20070911,000000,20.703,20.703,20.703,20.703,0,0
MDI_PE,D,20070912,000000,20.038,20.038,20.038,20.038,0,0
MDI_PE,D,20070913,000000,21.462,21.462,21.462,21.462,0,0
MDI_PE,D,20070914,000000,21.178,21.178,21.178,21.178,0,0
MDI_PE,D,20070917,000000,20.513,20.513,20.513,20.513,0,0
MDI_PE,D,20070918,000000,20.133,20.133,20.133,20.133,0,0
MDI_PE,D,20070919,000000,20.417,20.417,20.417,20.417,0,0
MDI_PE,D,20070920,000000,19.658,19.658,19.658,19.658,0,0
MDI_PE,D,20070921,000000,19.373,19.373,19.373,19.373,0,0
MDI_PE,D,20070924,000000,18.898,18.898,18.898,18.898,0,0
MDI_PE,D,20070925,000000,18.044,18.044,18.044,18.044,0,0
MDI_PE,D,20070926,000000,18.708,18.708,18.708,18.708,0,0
MDI_PE,D,20070927,000000,18.614,18.614,18.614,18.614,0,0
MDI_PE,D,20070928,000000,19.088,19.088,19.088,19.088,0,0
MDI_PE,D,20071001,000000,18.518,18.518,18.518,18.518,0,0
MDI_PE,D,20071002,000000,85.09,85.09,85.09,85.09,0,0
MDI_PE,D,20071003,000000,84.33,84.33,84.33,84.33,0,0
MDI_PE,D,20071004,000000,85.85,85.85,85.85,85.85,0,0
MDI_PE,D,20071005,000000,90.123,90.123,90.123,90.123,0,0
MDI_PE,D,20071008,000000,88.509,88.509,88.509,88.509,0,0
MDI_PE,D,20071009,000000,86.325,86.325,86.325,86.325,0,0
MDI_PE,D,20071010,000000,84.71,84.71,84.71,84.71,0,0
MDI_PE,D,20071011,000000,85.755,85.755,85.755,85.755,0,0
MDI_PE,D,20071012,000000,87.464,87.464,87.464,87.464,0,0
MDI_PE,D,20071015,000000,85.28,85.28,85.28,85.28,0,0
MDI_PE,D,20071016,000000,85.185,85.185,85.185,85.185,0,0
MDI_PE,D,20071017,000000,88.224,88.224,88.224,88.224,0,0
MDI_PE,D,20071018,000000,87.844,87.844,87.844,87.844,0,0
MDI_PE,D,20071019,000000,87.085,87.085,87.085,87.085,0,0
MDI_PE,D,20071022,000000,86.325,86.325,86.325,86.325,0,0
MDI_PE,D,20071023,000000,89.649,89.649,89.649,89.649,0,0
MDI_PE,D,20071024,000000,88.888,88.888,88.888,88.888,0,0
MDI_PE,D,20071025,000000,88.509,88.509,88.509,88.509,0,0
MDI_PE,D,20071026,000000,89.079,89.079,89.079,89.079,0,0
MDI_PE,D,20071029,000000,87.464,87.464,87.464,87.464,0,0
MDI_PE,D,20071030,000000,84.426,84.426,84.426,84.426,0,0
MDI_PE,D,20071031,000000,88.604,88.604,88.604,88.604,0,0
MDI_PE,D,20071102,000000,88.698,88.698,88.698,88.698,0,0
MDI_PE,D,20071105,000000,86.799,86.799,86.799,86.799,0,0
MDI_PE,D,20071106,000000,86.23,86.23,86.23,86.23,0,0
MDI_PE,D,20071107,000000,79.107,79.107,79.107,79.107,0,0
MDI_PE,D,20071108,000000,74.454,74.454,74.454,74.454,0,0
MDI_PE,D,20071109,000000,72.555,76.638,70.18,72.459,0,0
MDI_PE,D,20071112,000000,73.314,73.504,70.37,72.839,0,0
MDI_PE,D,20071113,000000,73.41,75.309,72.649,75.213,0,0
MDI_PE,D,20071114,000000,75.309,75.973,74.644,74.739,0,0
MDI_PE,D,20071115,000000,75.403,75.403,68.566,73.694,0,0
MDI_PE,D,20071116,000000,70.466,73.884,67.046,71.51,0,0
MDI_PE,D,20071119,000000,75.499,75.499,68.091,68.566,0,0
MDI_PE,D,20071120,000000,64.863,68.187,61.823,66.762,0,0
MDI_PE,D,20071121,000000,63.723,64.673,54.036,54.036,0,0
MDI_PE,D,20091117,000000,181.29,181.29,181.29,181.29,0,0
MDI_PE,D,20091118,000000,181.76,181.76,175.88,175.88,0,0
MDI_PE,D,20091119,000000,173.69,184.52,168.19,184.52,0,0
MDI_PE,D,20091120,000000,184.04,186.99,181,184.52,0,0
MDI_PE,D,20091123,000000,184.04,201.81,184.04,199.43,0,0
MDI_PE,D,20091124,000000,201.81,204.75,198.86,202.47,0,0
MDI_PE,D,20091125,000000,201.81,201.81,198.86,199.43,0,0
MDI_PE,D,20091126,000000,201.81,201.81,195.92,196.49,0,0
MDI_PE,D,20091127,000000,192.88,195.92,189.94,193.45,0,0
MDI_PE,D,20091130,000000,192.88,201.81,192.88,199.43,0,0
MDI_PE,D,20091201,000000,198.86,205.41,195.92,205.41,0,0
MDI_PE,D,20091202,000000,204.75,204.75,198.86,202.47,0,0
MDI_PE,D,20091203,000000,204.75,204.75,198.86,199.43,0,0
MDI_PE,D,20091204,000000,201.81,205.41,198.86,205.41,0,0
MDI_PE,D,20091207,000000,204.75,204.75,198.86,199.43,0,0
MDI_PE,D,20091208,000000,201.81,201.81,192.88,198.86,0,0
MDI_PE,D,20150608,000000,7.9772,7.9772,7.9772,7.9772,0,0
MDI_PE,D,20150609,000000,7.5973,8.0722,7.5973,8.0722,0,0
MDI_PE,D,20150610,000000,7.9772,8.1672,7.9772,7.9772,0,0
MDI_PE,D,20150611,000000,7.9772,7.9772,7.9772,7.9772,0,0
MDI_PE,D,20150612,000000,8.3571,8.3571,8.3571,8.3571,0,0
MDI_PE,D,20150615,000000,7.9772,7.9772,7.3124,7.4074,0,0
MDI_PE,D,20150616,000000,8.3571,8.3571,7.5973,7.5973,0,0
MDI_PE,D,20150617,000000,7.5973,8.3571,7.5973,7.5973,0,0
MDI_PE,D,20150618,000000,7.5973,7.5973,7.5973,7.5973,0,0
MDI_PE,D,20150619,000000,7.5973,7.5973,7.5973,7.5973,0,0
MDI_PE,D,20150622,000000,7.5973,7.5973,7.5973,7.5973,0,0
MDI_PE,D,20150623,000000,7.5973,8.1672,7.4074,7.5024,0,0
MDI_PE,D,20150624,000000,8.1672,8.1672,7.5973,7.5973,0,0
MDI_PE,D,20150625,000000,7.5973,7.5973,7.5973,7.5973,0,0
MDI_PE,D,20150626,000000,8.1672,8.2621,7.5973,8.2621,0,0
MDI_PE,D,20150629,000000,7.5973,8.2621,7.5973,7.5973,0,0
MDI_PE,D,20150630,000000,7.5973,7.5973,7.5973,7.5973,0,0
MDI_PE,D,20150701,000000,7.5973,7.6923,7.5973,7.6923,0,0
MDI_PE,D,20150702,000000,7.6923,7.6923,7.6923,7.6923,0,0
MDI_PE,D,20150703,000000,7.7872,8.3571,7.7872,8.3571,0,0
MDI_PE,D,20150706,000000,7.8823,7.8823,7.8823,7.8823,0,0
MDI_PE,D,20150707,000000,8.452,8.452,7.9772,7.9772,0,0
MDI_PE,D,20150708,000000,7.9772,7.9772,7.9772,7.9772,0,0
MDI_PE,D,20150709,000000,7.9772,8.452,7.9772,8.452,0,0
MDI_PE,D,20150710,000000,8.452,8.452,7.9772,7.9772,0,0
MDI_PE,D,20150713,000000,7.9772,7.9772,7.9772,7.9772,0,0
MDI_PE,D,20150714,000000,7.9772,7.9772,7.9772,7.9772,0,0
MDI_PE,D,20150715,000000,7.9772,8.2621,7.9772,8.2621,0,0
MDI_PE,D,20150716,000000,8.0722,8.0722,7.9772,7.9772,0,0
MDI_PE,D,20150717,000000,7.9772,8.3571,7.9772,8.3571,0,0
MDI_PE,D,20150720,000000,8.452,8.452,7.9772,7.9772,0,0
MDI_PE,D,20150721,000000,7.5973,7.7872,7.5973,7.7872,0,0
MDI_PE,D,20150722,000000,7.8823,8.547,7.8823,8.547,0,0
MDI_PE,D,20150723,000000,7.9772,8.7369,7.9772,8.7369,0,0
MDI_PE,D,20150724,000000,9.1168,9.1168,9.0219,9.0219,0,0
MDI_PE,D,20150727,000000,8.1672,8.1672,8.1672,8.1672,0,0
MDI_PE,D,20150728,000000,7.9772,8.9269,7.9772,8.9269,0,0
MDI_PE,D,20150729,000000,8.9269,8.9269,8.452,8.452,0,0
MDI_PE,D,20150730,000000,7.9772,8.452,7.9772,8.452,0,0
MDI_PE,D,20150731,000000,7.7872,8.9269,7.7872,8.9269,0,0
MDI_PE,D,20150803,000000,8.452,8.452,8.452,8.452,0,0
MDI_PE,D,20150804,000000,8.452,8.452,8.452,8.452,0,0
MDI_PE,D,20150805,000000,8.452,8.452,8.452,8.452,0,0
MDI_PE,D,20150806,000000,8.452,8.452,8.452,8.452,0,0
MDI_PE,D,20150807,000000,8.452,8.452,8.452,8.452,0,0
MDI_PE,D,20150810,000000,8.452,8.452,8.2621,8.2621,0,0
MDI_PE,D,20150811,000000,8.2621,8.2621,8.2621,8.2621,0,0
MDI_PE,D,20150812,000000,8.2621,8.2621,8.0722,8.0722,0,0
MDI_PE,D,20150813,000000,7.7872,7.7872,7.7872,7.7872,0,0
MDI_PE,D,20150814,000000,7.7872,7.7872,7.6923,7.6923,0,0
MDI_PE,D,20150817,000000,7.6923,7.6923,7.6923,7.6923,0,0
MDI_PE,D,20150818,000000,7.6923,7.6923,7.6923,7.6923,0,0
MDI_PE,D,20150819,000000,7.6923,7.6923,7.6923,7.6923,0,0
MDI_PE,D,20150820,000000,7.6923,7.6923,7.6923,7.6923,0,0
MDI_PE,D,20150821,000000,7.6923,7.6923,7.6923,7.6923,0,0
MDI_PE,D,20150824,000000,7.6923,7.6923,7.6923,7.6923,0,0
MDI_PE,D,20150825,000000,7.6923,7.6923,7.6923,7.6923,0,0
MDI_PE,D,20150826,000000,6.1728,6.1728,6.1728,6.1728,0,0
MDI_PE,D,20150827,000000,7.4074,7.4074,7.4074,7.4074,0,0
MDI_PE,D,20150828,000000,7.9772,7.9772,7.9772,7.9772,0,0
MDI_PE,D,20150831,000000,7.9772,7.9772,7.9772,7.9772,0,0
MDI_PE,D,20150901,000000,7.9772,7.9772,7.9772,7.9772,0,0
MDI_PE,D,20150903,000000,7.4074,7.4074,7.4074,7.4074,0,0
MDI_PE,D,20150904,000000,7.8823,7.8823,7.8823,7.8823,0,0
MDI_PE,D,20150907,000000,7.8823,7.9772,7.8823,7.9772,0,0
MDI_PE,D,20150908,000000,7.8823,7.8823,7.7872,7.7872,0,0
MDI_PE,D,20160905,000000,21.652,21.652,21.652,21.652,0,0
MDI_PE,D,20160906,000000,21.083,21.748,20.893,21.748,0,0
MDI_PE,D,20160907,000000,22.032,23.267,21.652,21.938,0,0
MDI_PE,D,20160908,000000,21.938,21.938,21.938,21.938,0,0
MDI_PE,D,20160909,000000,21.938,21.938,21.938,21.938,0,0
MDI_PE,D,20160912,000000,21.938,21.938,21.938,21.938,0,0
MDI_PE,D,20160913,000000,21.938,21.938,21.938,21.938,0,0
MDI_PE,D,20160914,000000,21.938,22.887,21.938,22.887,0,0
MDI_PE,D,20160915,000000,22.887,23.837,22.697,23.837,0,0
MDI_PE,D,20160916,000000,24.217,25.166,23.362,25.166,0,0
MDI_PE,D,20160919,000000,25.451,26.306,25.261,25.736,0,0
MDI_PE,D,20160920,000000,25.736,25.736,25.736,25.736,0,0
MDI_PE,D,20160921,000000,25.736,25.736,25.736,25.736,0,0
MDI_PE,D,20160922,000000,25.736,25.736,25.736,25.736,0,0
MDI_PE,D,20160923,000000,25.736,25.736,24.976,25.071,0,0
MDI_PE,D,20160926,000000,25.166,25.166,24.597,24.597,0,0
MDI_PE,D,20160927,000000,24.597,24.597,24.597,24.597,0,0
MDI_PE,D,20160928,000000,25.071,25.071,23.931,24.501,0,0
MDI_PE,D,20160929,000000,24.976,24.976,24.501,24.501,0,0
MDI_PE,D,20160930,000000,24.501,25.071,24.501,25.071,0,0
MDI_PE,D,20161003,000000,24.976,24.976,24.501,24.501,0,0
MDI_PE,D,20161004,000000,24.501,24.501,24.501,24.501,0,0
MDI_PE,D,20161005,000000,24.501,24.501,24.501,24.501,0,0
MDI_PE,D,20161006,000000,24.501,24.501,24.501,24.501,0,0
MDI_PE,D,20161007,000000,24.501,24.501,24.501,24.501,0,0
MDI_PE,D,20161010,000000,24.501,24.501,24.501,24.501,0,0
MDI_PE,D,20161011,000000,24.976,24.976,24.597,24.597,0,0
MDI_PE,D,20161012,000000,24.597,24.597,24.501,24.501,0,0
MDI_PE,D,20161013,000000,24.501,24.501,24.501,24.501,0,0
MDI_PE,D,20161014,000000,24.976,24.976,23.931,23.931,0,0
MDI_PE,D,20161017,000000,23.362,25.071,23.267,24.501,0,0
MDI_PE,D,20161018,000000,24.976,24.976,24.217,24.501,0,0
MDI_PE,D,20161019,000000,24.501,24.691,23.931,24.691,0,0
MDI_PE,D,20161020,000000,24.501,25.166,24.501,24.501,0,0
MDI_PE,D,20161021,000000,24.501,24.501,24.501,24.501,0,0
MDI_PE,D,20161024,000000,24.597,24.597,24.501,24.501,0,0
MDI_PE,D,20161025,000000,24.501,24.501,24.501,24.501,0,0
MDI_PE,D,20161026,000000,24.501,24.501,24.501,24.501,0,0
MDI_PE,D,20161027,000000,24.501,25.071,24.501,24.501,0,0
MDI_PE,D,20161028,000000,24.501,26.306,24.501,25.166,0,0
MDI_PE,D,20161031,000000,25.166,25.166,24.881,24.881,0,0
MDI_PE,D,20161102,000000,24.881,25.451,24.881,24.881,0,0
MDI_PE,D,20161103,000000,24.881,25.546,24.597,25.546,0,0
MDI_PE,D,20161104,000000,26.02,26.02,24.501,24.501,0,0
MDI_PE,D,20161107,000000,24.501,25.546,24.311,25.546,0,0
MDI_PE,D,20161108,000000,25.736,25.736,24.501,24.501,0,0
MDI_PE,D,20161109,000000,25.641,25.736,25.641,25.736,0,0
MDI_PE,D,20161110,000000,25.736,25.736,24.597,24.597,0,0
MDI_PE,D,20161114,000000,24.597,24.597,24.597,24.597,0,0
MDI_PE,D,20161115,000000,24.786,24.786,24.501,24.501,0,0
MDI_PE,D,20161116,000000,24.501,24.501,24.501,24.501,0,0
MDI_PE,D,20161117,000000,24.501,24.501,24.311,24.407,0,0
MDI_PE,D,20161118,000000,24.311,25.071,23.931,25.071,0,0
MDI_PE,D,20161121,000000,25.071,26.686,25.071,25.736,0,0
MDI_PE,D,20161122,000000,25.736,26.496,25.736,25.736,0,0
MDI_PE,D,20161123,000000,25.641,25.736,25.641,25.736,0,0
MDI_PE,D,20161124,000000,26.591,26.591,25.736,26.591,0,0
MDI_PE,D,20161125,000000,26.591,26.591,25.736,25.736,0,0
MDI_PE,D,20161128,000000,25.451,25.736,25.451,25.736,0,0
MDI_PE,D,20161129,000000,25.736,25.736,25.736,25.736,0,0
MDI_PE,D,20161130,000000,25.736,26.591,25.736,26.496,0,0
MDI_PE,D,20161201,000000,25.736,25.736,25.736,25.736,0,0
MDI_PE,D,20161202,000000,26.591,26.591,25.736,25.736,0,0
MDI_PE,D,20161205,000000,25.736,25.736,25.736,25.736,0,0
MDI_PE,D,20161206,000000,25.736,26.02,25.736,25.736,0,0
MDI_PE,D,20161207,000000,25.736,25.736,25.736,25.736,0,0
MDI_PE,D,20161208,000000,26.401,26.401,25.451,25.736,0,0
MDI_PE,D,20161209,000000,25.736,25.736,25.736,25.736,0,0
MDI_PE,D,20161212,000000,25.736,25.736,25.736,25.736,0,0
MDI_PE,D,20161213,000000,25.736,25.736,25.736,25.736,0,0
MDI_PE,D,20161214,000000,25.736,25.83,25.736,25.736,0,0
MDI_PE,D,20161215,000000,26.02,26.306,25.641,25.736,0,0
MDI_PE,D,20161216,000000,25.736,26.401,25.736,25.736,0,0
MDI_PE,D,20161219,000000,25.736,25.736,25.736,25.736,0,0
MDI_PE,D,20161220,000000,25.736,25.83,25.736,25.736,0,0
MDI_PE,D,20161221,000000,25.736,25.736,25.451,25.736,0,0
MDI_PE,D,20161222,000000,25.451,28.015,25.451,27.635,0,0
MDI_PE,D,20161223,000000,28.395,30.2,26.306,30.2,0,0
MDI_PE,D,20161227,000000,30.674,32.384,30.674,32.099,0,0
MDI_PE,D,20161228,000000,32.194,33.808,30.864,32.194,0,0
MDI_PE,D,20161229,000000,32.194,33.713,31.814,33.144,0,0
MDI_PE,D,20161230,000000,33.428,33.808,31.909,33.808,0,0
MDI_PE,D,20170102,000000,33.428,33.428,31.814,32.764,0,0
MDI_PE,D,20170103,000000,31.814,31.814,30.674,30.674,0,0
MDI_PE,D,20170104,000000,30.674,30.674,28.965,29.344,0,0
MDI_PE,D,20170105,000000,28.965,30.2,28.3,28.3,0,0
MDI_PE,D,20170109,000000,29.25,29.25,26.781,28.965,0,0
MDI_PE,D,20170110,000000,28.965,31.529,27.541,27.541,0,0
MDI_PE,D,20170111,000000,29.82,32.764,29.44,32.764,0,0
MDI_PE,D,20170112,000000,29.534,33.713,29.534,33.428,0,0
MDI_PE,D,20170113,000000,33.428,35.233,33.428,35.137,0,0
MDI_PE,D,20170116,000000,35.137,35.992,32.289,35.992,0,0
MDI_PE,D,20170117,000000,35.707,35.707,32.764,32.954,0,0
MDI_PE,D,20170118,000000,35.707,35.707,33.428,35.137,0,0
MDI_PE,D,20170119,000000,35.613,35.613,33.998,35.613,0,0
MDI_PE,D,20170120,000000,35.613,36.942,35.043,35.707,0,0
MDI_PE,D,20170123,000000,35.707,35.707,34.093,35.707,0,0
MDI_PE,D,20170124,000000,35.707,35.707,34.093,35.707,0,0
MDI_PE,D,20170125,000000,35.707,35.707,33.998,35.327,0,0
MDI_PE,D,20170126,000000,35.327,35.327,33.808,35.327,0,0
MDI_PE,D,20170127,000000,35.233,35.233,33.428,34.947,0,0
MDI_PE,D,20170130,000000,34.947,35.613,34.093,35.517,0,0
MDI_PE,D,20170131,000000,35.517,35.517,33.808,35.327,0,0
MDI_PE,D,20170201,000000,35.423,35.423,34.093,34.663,0,0
MDI_PE,D,20170202,000000,35.043,35.327,34.663,35.327,0,0
MDI_PE,D,20170203,000000,35.327,35.327,34.093,35.327,0,0
MDI_PE,D,20170206,000000,35.327,35.423,33.144,35.423,0,0
MDI_PE,D,20170207,000000,35.423,35.423,34.663,34.663,0,0
MDI_PE,D,20170208,000000,33.998,35.327,31.149,35.327,0,0
MDI_PE,D,20170209,000000,35.327,35.327,30.484,32.099,0,0
MDI_PE,D,20170210,000000,33.713,33.998,31.244,32.099,0,0
MDI_PE,D,20170213,000000,31.909,33.428,30.864,33.428,0,0
MDI_PE,D,20170214,000000,33.428,33.428,32.194,32.668,0,0
MDI_PE,D,20170215,000000,32.574,32.574,29.63,31.149,0,0
MDI_PE,D,20170216,000000,32.668,32.668,29.63,31.149,0,0
MDI_PE,D,20170217,000000,31.244,32.574,30.864,32.099,0,0
MDI_PE,D,20170220,000000,31.814,31.814,30.484,31.719,0,0
MDI_PE,D,20170221,000000,31.719,31.719,29.82,31.339,0,0
MDI_PE,D,20170222,000000,29.534,30.2,29.534,30.2,0,0
MDI_PE,D,20170223,000000,31.339,31.339,30.484,30.484,0,0
MDI_PE,D,20170224,000000,30.484,30.484,28.965,30.2,0,0
MDI_PE,D,20170227,000000,28.965,30.484,28.965,29.534,0,0
MDI_PE,D,20170228,000000,25.641,25.736,23.741,24.121,0,0
MDI_PE,D,20170301,000000,24.121,24.407,24.121,24.121,0,0
MDI_PE,D,20170302,000000,24.121,24.407,23.457,24.217,0,0
MDI_PE,D,20170303,000000,24.121,24.976,23.741,24.311,0,0
MDI_PE,D,20170306,000000,24.501,25.641,24.407,25.546,0,0
MDI_PE,D,20170307,000000,25.451,25.926,25.451,25.926,0,0
MDI_PE,D,20170308,000000,25.926,25.926,24.881,25.83,0,0
MDI_PE,D,20170309,000000,25.736,25.736,24.976,25.736,0,0
MDI_PE,D,20170310,000000,25.451,26.211,25.071,26.116,0,0
MDI_PE,D,20170313,000000,26.02,26.116,25.071,26.116,0,0
MDI_PE,D,20170314,000000,26.211,26.211,24.407,25.926,0,0
MDI_PE,D,20170315,000000,25.451,25.926,24.407,25.546,0,0
MDI_PE,D,20170316,000000,25.356,25.356,24.027,25.071,0,0
MDI_PE,D,20170317,000000,24.691,24.976,23.837,24.976,0,0
MDI_PE,D,20170320,000000,24.407,25.546,24.121,25.546,0,0
MDI_PE,D,20170321,000000,24.881,25.546,24.691,25.546,0,0
MDI_PE,D,20170322,000000,24.786,25.451,24.407,24.786,0,0
MDI_PE,D,20170323,000000,24.976,25.451,23.837,25.451,0,0
MDI_PE,D,20170324,000000,24.881,29.63,24.121,29.63,0,0
MDI_PE,D,20170327,000000,28.11,29.63,27.731,29.44,0,0
MDI_PE,D,20170328,000000,28.11,29.154,27.255,27.351,0,0
MDI_PE,D,20170329,000000,27.445,28.395,26.306,26.971,0,0
MDI_PE,D,20170330,000000,26.591,28.395,26.591,28.395,0,0
MDI_PE,D,20170331,000000,27.731,29.25,26.781,29.154,0,0
MDI_PE,D,20170403,000000,27.731,28.775,26.686,28.775,0,0
MDI_PE,D,20170404,000000,28.015,28.395,26.211,28.395,0,0
MDI_PE,D,20170405,000000,28.395,28.395,26.401,28.395,0,0
MDI_PE,D,20170406,000000,26.401,28.395,26.401,28.395,0,0
MDI_PE,D,20170407,000000,27.731,28.395,27.731,28.395,0,0
MDI_PE,D,20170410,000000,27.825,27.825,27.351,27.731,0,0
MDI_PE,D,20170411,000000,28.3,28.3,26.496,27.825,0,0
MDI_PE,D,20170412,000000,28.11,28.11,26.591,27.351,0,0
MDI_PE,D,20170413,000000,28.205,28.205,26.306,26.971,0,0
MDI_PE,D,20170418,000000,26.306,27.351,26.211,26.876,0,0
MDI_PE,D,20170419,000000,26.876,27.351,25.83,27.351,0,0
MDI_PE,D,20170420,000000,27.541,27.635,26.211,27.635,0,0
MDI_PE,D,20170421,000000,26.971,26.971,26.02,26.591,0,0
MDI_PE,D,20170424,000000,26.02,27.541,26.02,26.591,0,0
MDI_PE,D,20170425,000000,26.971,26.971,26.116,26.876,0,0
MDI_PE,D,20170426,000000,26.211,27.255,25.926,26.211,0,0
MDI_PE,D,20170427,000000,27.161,27.161,25.356,27.161,0,0
MDI_PE,D,20170428,000000,26.211,28.585,25.451,28.585,0,0
MDI_PE,D,20170502,000000,28.585,28.585,26.686,26.971,0,0
MDI_PE,D,20170504,000000,26.971,27.445,26.401,27.351,0,0
MDI_PE,D,20170505,000000,26.306,28.205,26.116,26.211,0,0
MDI_PE,D,20170508,000000,26.211,27.445,26.116,26.116,0,0
MDI_PE,D,20170509,000000,26.211,27.161,25.83,26.781,0,0
MDI_PE,D,20170510,000000,26.781,26.781,25.83,26.781,0,0
MDI_PE,D,20170511,000000,26.781,27.351,25.83,26.971,0,0
MDI_PE,D,20170512,000000,26.971,26.971,25.83,26.971,0,0
MDI_PE,D,20170515,000000,26.971,32.194,25.736,32.194,0,0
MDI_PE,D,20170516,000000,31.434,32.194,30.959,32.194,0,0
MDI_PE,D,20170517,000000,31.814,32.954,31.434,32.668,0,0
MDI_PE,D,20170518,000000,32.668,33.524,31.434,32.858,0,0
MDI_PE,D,20170519,000000,32.858,33.428,31.434,32.574,0,0
MDI_PE,D,20170522,000000,32.574,32.668,31.244,32.574,0,0
MDI_PE,D,20170523,000000,32.574,32.574,31.434,32.574,0,0
MDI_PE,D,20170524,000000,31.434,32.954,31.434,31.814,0,0
MDI_PE,D,20170525,000000,31.339,32.574,31.339,32.574,0,0
MDI_PE,D,20170526,000000,31.529,33.524,31.434,32.764,0,0
MDI_PE,D,20170529,000000,32.764,33.428,32.004,33.238,0,0
MDI_PE,D,20170530,000000,32.574,35.043,31.814,31.814,0,0
MDI_PE,D,20170531,000000,31.814,34.947,31.814,34.093,0,0
MDI_PE,D,20170601,000000,31.909,33.144,31.909,31.909,0,0
MDI_PE,D,20170602,000000,31.814,32.764,31.529,32.764,0,0
MDI_PE,D,20170605,000000,31.624,32.668,31.244,32.668,0,0
MDI_PE,D,20170606,000000,32.289,33.048,31.719,32.858,0,0
MDI_PE,D,20170607,000000,32.858,33.238,31.624,33.048,0,0
MDI_PE,D,20170608,000000,31.909,33.048,31.719,32.764,0,0
MDI_PE,D,20170609,000000,32.764,32.858,31.624,32.764,0,0
MDI_PE,D,20170612,000000,32.574,32.668,30.579,32.004,0,0
MDI_PE,D,20170613,000000,31.909,31.909,30.769,31.909,0,0
MDI_PE,D,20170614,000000,30.864,31.909,30.674,31.814,0,0
MDI_PE,D,20170616,000000,31.814,31.814,30.674,31.624,0,0
MDI_PE,D,20170619,000000,30.864,32.289,30.484,31.719,0,0
MDI_PE,D,20170620,000000,30.769,31.814,30.484,31.719,0,0
MDI_PE,D,20170621,000000,31.814,31.814,30.484,31.719,0,0
MDI_PE,D,20170622,000000,31.814,31.814,30.579,31.814,0,0
MDI_PE,D,20170623,000000,31.814,31.814,30.104,31.434,0,0
MDI_PE,D,20170626,000000,31.434,31.909,30.104,31.814,0,0
MDI_PE,D,20170627,000000,31.339,31.814,30.2,31.719,0,0
MDI_PE,D,20170628,000000,30.864,31.814,30.104,31.814,0,0
MDI_PE,D,20170629,000000,30.864,31.434,30.389,31.434,0,0
MDI_PE,D,20170630,000000,30.579,33.144,30.294,33.144,0,0
MDI_PE,D,20170703,000000,32.954,32.954,30.579,30.959,0,0
MDI_PE,D,20170704,000000,30.769,31.624,30.294,30.674,0,0
MDI_PE,D,20170705,000000,30.674,31.814,30.389,31.719,0,0
MDI_PE,D,20170706,000000,31.377,32.644,30.792,31.962,0,0
MDI_PE,D,20170707,000000,31.377,32.546,31.085,32.449,0,0
MDI_PE,D,20170710,000000,31.377,32.449,31.085,32.449,0,0
MDI_PE,D,20170711,000000,31.474,33.813,31.474,33.813,0,0
MDI_PE,D,20170712,000000,31.962,34.982,31.962,34.982,0,0
MDI_PE,D,20170713,000000,34.105,35.372,33.521,35.275,0,0
MDI_PE,D,20170714,000000,34.105,35.762,32.351,32.351,0,0
MDI_PE,D,20170717,000000,32.449,33.618,32.254,32.254,0,0
MDI_PE,D,20170718,000000,32.351,34.982,32.351,34.982,0,0
MDI_PE,D,20170719,000000,34.105,34.982,33.423,33.618,0,0
MDI_PE,D,20170720,000000,33.716,34.885,33.521,34.885,0,0
MDI_PE,D,20170721,000000,34.885,34.982,33.521,33.521,0,0
MDI_PE,D,20170724,000000,33.618,33.618,32.741,32.741,0,0
MDI_PE,D,20170725,000000,32.839,33.618,32.449,33.131,0,0
MDI_PE,D,20170726,000000,33.131,33.716,32.254,32.351,0,0
MDI_PE,D,20170727,000000,32.449,33.521,32.449,33.521,0,0
MDI_PE,D,20170728,000000,32.351,33.521,32.351,33.131,0,0
MDI_PE,D,20170731,000000,33.131,34.982,33.131,34.982,0,0
MDI_PE,D,20170801,000000,34.885,34.885,34.008,34.495,0,0
MDI_PE,D,20170802,000000,34.008,35.177,34.008,34.982,0,0
MDI_PE,D,20170803,000000,33.911,35.762,33.911,35.372,0,0
MDI_PE,D,20170804,000000,35.372,35.665,34.982,34.982,0,0
MDI_PE,D,20170807,000000,34.982,36.736,34.982,36.736,0,0
MDI_PE,D,20170808,000000,36.736,37.419,36.736,37.419,0,0
MDI_PE,D,20170809,000000,37.419,37.906,36.834,37.808,0,0
MDI_PE,D,20170810,000000,37.808,38.101,36.834,37.906,0,0
MDI_PE,D,20170811,000000,37.906,37.906,36.834,37.906,0,0
MDI_PE,D,20170814,000000,36.834,38.003,36.834,38.003,0,0
MDI_PE,D,20170816,000000,37.711,37.906,36.931,37.906,0,0
MDI_PE,D,20170817,000000,36.931,37.906,36.931,37.906,0,0
MDI_PE,D,20170818,000000,36.931,37.808,36.931,37.808,0,0
MDI_PE,D,20170821,000000,37.808,37.808,36.931,37.711,0,0
MDI_PE,D,20170822,000000,37.711,37.711,36.931,37.613,0,0
MDI_PE,D,20170823,000000,37.613,37.613,36.736,37.516,0,0
MDI_PE,D,20170824,000000,37.516,37.516,35.859,36.736,0,0
MDI_PE,D,20170825,000000,36.834,37.321,36.834,36.834,0,0
MDI_PE,D,20170828,000000,36.834,36.834,36.834,36.834,0,0
MDI_PE,D,20170829,000000,36.834,36.834,36.347,36.347,0,0
MDI_PE,D,20170830,000000,36.347,37.126,36.347,36.834,0,0
MDI_PE,D,20170831,000000,36.834,37.711,36.347,37.613,0,0
MDI_PE,D,20170901,000000,36.736,37.613,36.736,37.613,0,0
MDI_PE,D,20170904,000000,36.736,37.613,36.736,36.834,0,0
MDI_PE,D,20170905,000000,36.834,50.086,36.834,50.086,0,0
MDI_PE,D,20170906,000000,50.086,51.353,50.086,50.573,0,0
MDI_PE,D,20170907,000000,51.353,51.45,50.086,50.086,0,0
MDI_PE,D,20170908,000000,49.599,51.645,49.599,50.086,0,0
MDI_PE,D,20170911,000000,50.086,51.938,49.891,51.938,0,0
MDI_PE,D,20170912,000000,52.327,54.276,51.743,54.276,0,0
MDI_PE,D,20170913,000000,54.276,55.056,49.989,55.056,0,0
MDI_PE,D,20170914,000000,53.789,54.666,51.256,52.425,0,0
MDI_PE,D,20170915,000000,54.081,54.861,52.815,54.861,0,0
MDI_PE,D,20170918,000000,54.861,54.861,53.887,54.861,0,0
MDI_PE,D,20170919,000000,54.861,55.153,53.887,55.056,0,0
MDI_PE,D,20170920,000000,55.056,55.056,53.789,55.056,0,0
MDI_PE,D,20170921,000000,55.056,55.056,53.789,55.056,0,0
MDI_PE,D,20170922,000000,53.789,55.056,53.789,55.056,0,0
MDI_PE,D,20170925,000000,54.374,55.056,54.374,55.056,0,0
MDI_PE,D,20170926,000000,54.958,55.056,53.789,55.056,0,0
MDI_PE,D,20170927,000000,55.056,55.056,52.815,55.056,0,0
MDI_PE,D,20170928,000000,55.056,55.056,55.056,55.056,0,0
MDI_PE,D,20170929,000000,55.933,55.933,55.933,55.933,0,0
MDI_PE,D,20171002,000000,53.399,55.056,53.204,55.056,0,0
MDI_PE,D,20171003,000000,55.056,55.056,53.204,55.056,0,0
MDI_PE,D,20171004,000000,55.056,55.153,53.789,53.789,0,0
MDI_PE,D,20171005,000000,54.958,54.958,53.204,54.861,0,0
MDI_PE,D,20171006,000000,53.887,54.861,53.107,54.861,0,0
MDI_PE,D,20171009,000000,54.861,54.861,52.717,54.861,0,0
MDI_PE,D,20171010,000000,54.471,54.471,51.84,54.471,0,0
MDI_PE,D,20171011,000000,52.62,53.887,50.866,51.353,0,0
MDI_PE,D,20171012,000000,50.768,54.374,50.768,54.276,0,0
MDI_PE,D,20171013,000000,54.276,54.276,54.276,54.276,0,0
MDI_PE,D,20171016,000000,53.01,53.692,51.938,53.692,0,0
MDI_PE,D,20171017,000000,53.692,53.789,51.938,53.594,0,0
MDI_PE,D,20171018,000000,51.938,53.692,51.256,52.522,0,0
MDI_PE,D,20171019,000000,52.522,53.789,51.158,52.522,0,0
MDI_PE,D,20171020,000000,51.938,53.692,51.158,51.158,0,0
MDI_PE,D,20171023,000000,51.158,52.522,51.158,52.522,0,0
MDI_PE,D,20171024,000000,52.425,52.522,49.891,51.158,0,0
MDI_PE,D,20171025,000000,51.158,51.353,49.891,51.353,0,0
MDI_PE,D,20171026,000000,51.353,51.353,48.235,49.696,0,0
MDI_PE,D,20171027,000000,51.353,51.353,48.722,49.794,0,0
MDI_PE,D,20171030,000000,48.625,50.086,48.625,50.086,0,0
MDI_PE,D,20171031,000000,49.502,52.62,48.819,52.522,0,0
MDI_PE,D,20171102,000000,52.522,52.522,49.014,52.522,0,0
MDI_PE,D,20171103,000000,52.522,52.522,49.989,52.425,0,0
MDI_PE,D,20171106,000000,52.522,52.522,48.819,50.184,0,0
MDI_PE,D,20171107,000000,51.548,52.425,48.917,52.425,0,0
MDI_PE,D,20171108,000000,52.327,52.522,50.184,52.327,0,0
MDI_PE,D,20171109,000000,52.62,52.62,51.938,52.327,0,0
MDI_PE,D,20171110,000000,51.938,52.522,51.938,52.425,0,0
MDI_PE,D,20171113,000000,51.938,51.938,51.256,51.938,0,0
MDI_PE,D,20171114,000000,51.938,51.938,49.112,51.158,0,0
MDI_PE,D,20171115,000000,51.743,51.84,49.112,51.84,0,0
MDI_PE,D,20171116,000000,51.84,51.84,45.701,45.701,0,0
MDI_PE,D,20171117,000000,45.701,45.701,43.46,45.701,0,0
MDI_PE,D,20171120,000000,44.142,45.701,44.142,45.701,0,0
MDI_PE,D,20171121,000000,45.019,45.701,44.142,45.701,0,0
MDI_PE,D,20171122,000000,43.46,45.701,43.363,44.922,0,0
MDI_PE,D,20171123,000000,43.46,45.701,43.46,45.019,0,0
MDI_PE,D,20171124,000000,43.363,45.019,43.07,44.629,0,0
MDI_PE,D,20171127,000000,44.727,45.214,42.973,45.019,0,0
MDI_PE,D,20171128,000000,43.558,45.019,43.07,45.019,0,0
MDI_PE,D,20171129,000000,45.019,45.019,42.583,44.435,0,0
MDI_PE,D,20171130,000000,44.337,48.332,42.778,48.332,0,0
MDI_PE,D,20171201,000000,48.332,48.527,45.214,45.214,0,0
MDI_PE,D,20171204,000000,45.214,47.358,44.435,46.676,0,0
MDI_PE,D,20171205,000000,45.214,47.455,44.435,47.455,0,0
MDI_PE,D,20171206,000000,46.578,46.676,44.629,45.409,0,0
MDI_PE,D,20171207,000000,45.312,46.773,44.24,45.604,0,0
MDI_PE,D,20171208,000000,44.24,47.163,44.24,47.163,0,0
MDI_PE,D,20171211,000000,44.24,47.163,43.655,45.604,0,0
MDI_PE,D,20171212,000000,44.24,46.968,44.24,46.871,0,0
MDI_PE,D,20171213,000000,46.871,46.871,44.24,45.506,0,0
MDI_PE,D,20171214,000000,44.045,45.701,43.655,45.019,0,0
MDI_PE,D,20171215,000000,43.85,45.117,43.85,44.824,0,0
MDI_PE,D,20171218,000000,43.947,45.019,43.947,45.019,0,0
MDI_PE,D,20171219,000000,43.947,45.019,43.558,44.922,0,0
MDI_PE,D,20171220,000000,43.168,44.824,43.07,44.629,0,0
MDI_PE,D,20171221,000000,44.24,44.727,43.07,44.337,0,0
MDI_PE,D,20171222,000000,42.973,44.435,42.973,44.435,0,0
MDI_PE,D,20171227,000000,44.435,44.435,42.973,44.435,0,0
MDI_PE,D,20171228,000000,44.435,44.435,42.973,44.142,0,0
MDI_PE,D,20171229,000000,43.558,47.358,42.193,47.358,0,0
MDI_PE,D,20180103,000000,45.994,49.502,43.168,45.409,0,0
MDI_PE,D,20180104,000000,43.752,45.214,43.752,45.117,0,0
MDI_PE,D,20180105,000000,43.655,45.117,43.655,45.117,0,0
MDI_PE,D,20180108,000000,43.655,45.117,43.655,45.117,0,0
MDI_PE,D,20180109,000000,44.142,45.214,44.142,45.214,0,0
MDI_PE,D,20180110,000000,45.117,45.214,45.117,45.214,0,0
MDI_PE,D,20180111,000000,45.214,45.214,45.117,45.214,0,0
MDI_PE,D,20180112,000000,45.117,45.214,44.045,45.214,0,0
MDI_PE,D,20180115,000000,45.214,45.214,44.045,44.24,0,0
MDI_PE,D,20180116,000000,45.214,45.214,44.142,45.214,0,0
MDI_PE,D,20180117,000000,45.117,45.117,44.045,45.117,0,0
MDI_PE,D,20180118,000000,45.117,45.117,44.142,45.117,0,0
MDI_PE,D,20180119,000000,45.117,45.117,44.142,45.117,0,0
MDI_PE,D,20180122,000000,44.142,45.214,44.142,45.214,0,0
MDI_PE,D,20180123,000000,45.214,45.214,44.045,45.214,0,0
MDI_PE,D,20180124,000000,45.214,45.214,44.045,45.214,0,0
MDI_PE,D,20180125,000000,45.117,46.286,44.045,46.286,0,0
MDI_PE,D,20180126,000000,46.286,46.286,43.947,46.286,0,0
MDI_PE,D,20180129,000000,45.214,45.214,43.752,45.019,0,0
MDI_PE,D,20180130,000000,45.214,45.214,44.142,45.214,0,0
MDI_PE,D,20180131,000000,44.629,45.117,44.045,45.117,0,0
MDI_PE,D,20180201,000000,46.091,46.091,43.46,45.214,0,0
MDI_PE,D,20180202,000000,45.214,45.214,44.045,45.214,0,0
MDI_PE,D,20180205,000000,44.045,45.117,43.363,45.117,0,0
MDI_PE,D,20180206,000000,43.363,44.922,43.07,44.142,0,0
MDI_PE,D,20180207,000000,43.07,44.922,42.681,44.142,0,0
MDI_PE,D,20180208,000000,44.142,44.142,42.681,44.142,0,0
MDI_PE,D,20180209,000000,43.07,44.142,41.998,44.142,0,0
MDI_PE,D,20180212,000000,44.142,44.142,42.486,44.142,0,0
MDI_PE,D,20180213,000000,42.486,44.045,41.998,42.486,0,0
MDI_PE,D,20180214,000000,42.486,44.045,41.901,44.045,0,0
MDI_PE,D,20180215,000000,41.901,43.46,41.706,41.706,0,0
MDI_PE,D,20180216,000000,42.486,43.363,41.024,43.363,0,0
MDI_PE,D,20180219,000000,41.706,42.291,40.829,41.901,0,0
MDI_PE,D,20180220,000000,43.363,43.363,39.66,41.511,0,0
MDI_PE,D,20180221,000000,43.07,43.07,38.88,43.07,0,0
MDI_PE,D,20180222,000000,38.88,40.927,38.198,38.588,0,0
MDI_PE,D,20180223,000000,39.173,40.732,38.588,40.732,0,0
MDI_PE,D,20180226,000000,38.588,39.855,37.711,39.367,0,0
MDI_PE,D,20180227,000000,40.244,40.244,37.321,38.88,0,0
MDI_PE,D,20180228,000000,38.685,42.291,37.516,42.291,0,0
MDI_PE,D,20180301,000000,42.096,42.096,38.685,40.829,0,0
MDI_PE,D,20180302,000000,40.829,40.829,38.588,40.244,0,0
MDI_PE,D,20180305,000000,40.829,41.901,38.588,41.901,0,0
MDI_PE,D,20180306,000000,38.588,42.291,38.588,42.291,0,0
MDI_PE,D,20180307,000000,42.291,42.583,39.952,42.486,0,0
MDI_PE,D,20180308,000000,42.486,42.486,41.414,42.486,0,0
MDI_PE,D,20180309,000000,41.024,44.045,40.634,44.045,0,0
MDI_PE,D,20180312,000000,44.045,44.142,42.486,44.045,0,0
MDI_PE,D,20180313,000000,44.045,44.142,42.778,44.045,0,0
MDI_PE,D,20180314,000000,42.486,44.045,41.901,44.045,0,0
MDI_PE,D,20180315,000000,44.045,44.045,43.07,43.85,0,0
MDI_PE,D,20180316,000000,43.85,44.24,43.07,44.142,0,0
MDI_PE,D,20180319,000000,44.142,44.142,42.486,44.142,0,0
MDI_PE,D,20180320,000000,44.142,44.142,43.07,44.142,0,0
MDI_PE,D,20180321,000000,44.142,44.142,41.901,44.142,0,0
MDI_PE,D,20180322,000000,44.142,44.142,42.486,44.142,0,0
MDI_PE,D,20180323,000000,44.142,44.142,43.07,44.142,0,0
MDI_PE,D,20180326,000000,43.07,43.85,42.486,43.07,0,0
MDI_PE,D,20180327,000000,44.24,44.24,42.681,43.07,0,0
MDI_PE,D,20180328,000000,43.07,43.752,42.681,43.07,0,0
MDI_PE,D,20180329,000000,43.07,43.07,38.783,38.783,0,0
MDI_PE,D,20180403,000000,37.906,39.757,37.906,39.757,0,0
MDI_PE,D,20180404,000000,39.757,39.757,38.296,39.757,0,0
MDI_PE,D,20180405,000000,38.783,38.783,38.296,38.783,0,0
MDI_PE,D,20180406,000000,39.757,39.757,37.321,38.783,0,0
MDI_PE,D,20180409,000000,37.321,39.757,36.347,39.757,0,0
MDI_PE,D,20180410,000000,39.075,39.075,38.296,39.075,0,0
MDI_PE,D,20180411,000000,39.757,39.757,38.296,39.757,0,0
MDI_PE,D,20180412,000000,39.757,41.219,38.783,38.783,0,0
MDI_PE,D,20180413,000000,39.757,39.757,37.808,39.66,0,0
MDI_PE,D,20180416,000000,39.757,39.757,38.783,39.66,0,0
MDI_PE,D,20180417,000000,39.757,39.757,38.783,39.465,0,0
MDI_PE,D,20180418,000000,39.757,39.757,38.783,39.757,0,0
MDI_PE,D,20180419,000000,38.783,39.757,37.516,39.757,0,0
MDI_PE,D,20180420,000000,39.757,39.757,37.516,39.757,0,0
MDI_PE,D,20180423,000000,39.757,39.757,37.808,37.808,0,0
MDI_PE,D,20180424,000000,39.855,39.855,37.808,37.808,0,0
MDI_PE,D,20180425,000000,39.855,39.855,37.516,39.757,0,0
MDI_PE,D,20180426,000000,39.757,39.757,37.808,39.757,0,0
MDI_PE,D,20180427,000000,38.978,39.757,37.808,39.757,0,0
MDI_PE,D,20180430,000000,37.808,39.66,37.808,39.66,0,0
MDI_PE,D,20180502,000000,37.808,39.66,37.808,39.27,0,0
MDI_PE,D,20180504,000000,39.66,39.66,36.542,36.542,0,0
MDI_PE,D,20180507,000000,37.711,39.367,37.711,39.367,0,0
MDI_PE,D,20180508,000000,39.367,39.66,37.808,39.66,0,0
MDI_PE,D,20180509,000000,39.66,39.66,37.808,39.66,0,0
MDI_PE,D,20180510,000000,39.66,39.66,37.321,39.66,0,0
MDI_PE,D,20180511,000000,37.808,39.66,37.808,39.66,0,0
MDI_PE,D,20180514,000000,39.66,39.66,37.808,39.66,0,0
MDI_PE,D,20180515,000000,39.66,39.66,37.808,39.66,0,0
MDI_PE,D,20180516,000000,38.978,39.66,37.224,37.711,0,0
MDI_PE,D,20180517,000000,39.757,43.363,37.711,43.363,0,0
MDI_PE,D,20180518,000000,43.363,43.363,41.219,43.363,0,0
MDI_PE,D,20180521,000000,43.363,43.363,41.219,43.363,0,0
MDI_PE,D,20180522,000000,43.363,43.363,40.147,41.219,0,0
MDI_PE,D,20180523,000000,41.219,43.363,40.829,43.363,0,0
MDI_PE,D,20180524,000000,43.363,43.363,41.219,43.363,0,0
MDI_PE,D,20180525,000000,43.363,43.363,41.219,43.363,0,0
MDI_PE,D,20180528,000000,43.363,43.363,41.219,43.363,0,0
MDI_PE,D,20180529,000000,42.388,42.388,38.88,39.075,0,0
MDI_PE,D,20180530,000000,41.024,41.024,32.546,35.859,0,0
MDI_PE,D,20180601,000000,35.859,35.859,32.449,33.423,0,0
MDI_PE,D,20180604,000000,35.957,35.957,32.546,32.546,0,0
MDI_PE,D,20180605,000000,35.665,35.665,32.546,32.644,0,0
MDI_PE,D,20180606,000000,35.859,35.859,32.546,32.546,0,0
MDI_PE,D,20180607,000000,33.716,35.372,31.962,35.372,0,0
MDI_PE,D,20180608,000000,35.372,35.372,32.546,34.788,0,0
MDI_PE,D,20180611,000000,34.69,34.69,32.546,34.69,0,0
MDI_PE,D,20180612,000000,33.326,34.69,32.839,34.69,0,0
MDI_PE,D,20180613,000000,32.936,34.69,32.644,33.228,0,0
MDI_PE,D,20180614,000000,34.593,34.593,31.767,34.593,0,0
MDI_PE,D,20180615,000000,34.008,34.008,31.767,31.767,0,0
MDI_PE,D,20180618,000000,32.254,34.398,32.254,34.398,0,0
MDI_PE,D,20180619,000000,32.644,34.3,32.644,34.3,0,0
MDI_PE,D,20180620,000000,34.3,34.3,32.157,34.3,0,0
MDI_PE,D,20180621,000000,34.3,34.3,31.377,34.105,0,0
MDI_PE,D,20180622,000000,34.105,34.105,32.059,32.839,0,0
MDI_PE,D,20180625,000000,32.157,34.008,31.767,34.008,0,0
MDI_PE,D,20180626,000000,34.008,34.008,31.28,32.644,0,0
MDI_PE,D,20180627,000000,32.254,32.644,31.767,32.644,0,0
MDI_PE,D,20180628,000000,34.008,34.008,31.767,34.008,0,0
MDI_PE,D,20180629,000000,33.4,34.9,32.7,34.9,0,0
MDI_PE,D,20180702,000000,34.8,34.8,32.7,34.8,0,0
MDI_PE,D,20180703,000000,34.8,34.8,32.3,34.7,0,0
MDI_PE,D,20180704,000000,33.5,34.7,32.4,34.7,0,0
MDI_PE,D,20180705,000000,32.4,34.7,32.1,34.7,0,0
MDI_PE,D,20180706,000000,32.1,34.7,32.1,34.7,0,0
MDI_PE,D,20180709,000000,34.9,34.9,32.9,34.9,0,0
MDI_PE,D,20180710,000000,34.9,34.9,32.9,34.9,0,0
MDI_PE,D,20180711,000000,34.9,34.9,32.6,33,0,0
MDI_PE,D,20180712,000000,34.9,34.9,32.1,34.9,0,0
MDI_PE,D,20180713,000000,34.9,34.9,32.6,33.5,0,0
MDI_PE,D,20180716,000000,34.9,34.9,32.6,34.9,0,0
MDI_PE,D,20180717,000000,34.6,34.6,32.3,34.6,0,0
MDI_PE,D,20180718,000000,34.9,34.9,32.6,34.9,0,0
MDI_PE,D,20180719,000000,34.9,34.9,32.9,33.4,0,0
MDI_PE,D,20180720,000000,35,35,32.6,34.9,0,0
MDI_PE,D,20180723,000000,34.9,34.9,32.3,33.4,0,0
MDI_PE,D,20180724,000000,35,35,32.6,32.9,0,0
MDI_PE,D,20180725,000000,33.2,33.4,32.9,33.4,0,0
MDI_PE,D,20180726,000000,33.4,33.4,31.3,32.4,0,0
MDI_PE,D,20180727,000000,33.4,33.4,32.4,33.4,0,0
MDI_PE,D,20180730,000000,32.4,33.4,32.2,33.1,0,0
MDI_PE,D,20180731,000000,33.1,33.3,32.6,33.3,0,0
MDI_PE,D,20180801,000000,33.4,33.4,32.6,33.4,0,0
MDI_PE,D,20180802,000000,33.4,33.4,33,33,0,0
MDI_PE,D,20180803,000000,33.3,33.4,32.1,33.4,0,0
MDI_PE,D,20180806,000000,34.5,34.5,32.4,34.5,0,0
MDI_PE,D,20180807,000000,34.5,34.5,32.6,34.5,0,0
MDI_PE,D,20180808,000000,34.5,34.5,32.1,34.5,0,0
MDI_PE,D,20180809,000000,34.5,34.5,30.1,31.2,0,0
MDI_PE,D,20180810,000000,31.2,33.3,30.4,32.9,0,0
MDI_PE,D,20180813,000000,32.9,32.9,30.3,32.2,0,0
MDI_PE,D,20180814,000000,32.9,32.9,32.2,32.2,0,0
MDI_PE,D,20180816,000000,32.2,32.2,30.3,32.2,0,0
MDI_PE,D,20180817,000000,32.2,32.2,30.3,32.2,0,0
MDI_PE,D,20180820,000000,31.6,31.6,31.5,31.6,0,0
MDI_PE,D,20180821,000000,31.5,31.5,30.4,30.4,0,0
MDI_PE,D,20180822,000000,31.5,31.5,30.4,30.7,0,0
MDI_PE,D,20180823,000000,30,31.5,29.4,31.5,0,0
MDI_PE,D,20180824,000000,31.5,31.5,29.7,29.8,0,0
MDI_PE,D,20180827,000000,30.1,31.6,30.1,31.2,0,0
MDI_PE,D,20180828,000000,31.5,31.5,30.3,30.5,0,0
MDI_PE,D,20180829,000000,30.5,31.8,30.5,30.5,0,0
MDI_PE,D,20180830,000000,30.5,33.5,30.5,33.5,0,0
MDI_PE,D,20180831,000000,34,41.1,34,40.7,0,0
MDI_PE,D,20180903,000000,40.4,43.9,37.5,40.2,0,0
MDI_PE,D,20180904,000000,38.5,42.2,38.5,40.2,0,0
MDI_PE,D,20180905,000000,39.6,41.9,38.6,41.8,0,0
MDI_PE,D,20180906,000000,43.9,43.9,40.1,40.7,0,0
MDI_PE,D,20180907,000000,43.9,43.9,40.1,42.2,0,0
MDI_PE,D,20180910,000000,42.2,44,42,42.6,0,0
MDI_PE,D,20180911,000000,43.9,43.9,40.1,40.2,0,0
MDI_PE,D,20180912,000000,41.3,44,40.8,42.9,0,0
MDI_PE,D,20180913,000000,43.5,43.5,41.5,43.3,0,0
MDI_PE,D,20180914,000000,43.3,43.3,41.2,43.2,0,0
MDI_PE,D,20180917,000000,43.2,95.1,41.2,95.1,0,0
MDI_PE,D,20180918,000000,96,96,91.3,95.8,0,0
MDI_PE,D,20180919,000000,96,96,91.3,94.6,0,0
MDI_PE,D,20180920,000000,94.6,95.8,91.3,91.6,0,0
MDI_PE,D,20180921,000000,96,96,91.6,95.8,0,0
MDI_PE,D,20180924,000000,91.6,96,86.1,89.1,0,0
MDI_PE,D,20180925,000000,88.9,94.1,84.2,94.1,0,0
MDI_PE,D,20180926,000000,94.1,94.1,86.6,93.9,0,0
MDI_PE,D,20180927,000000,94.1,94.1,86.6,93.9,0,0
MDI_PE,D,20180928,000000,94.1,94.1,86.6,86.7,0,0
MDI_PE,D,20181001,000000,93.8,93.8,86.6,86.7,0,0
MDI_PE,D,20181002,000000,89.1,93.8,86.6,86.7,0,0
MDI_PE,D,20181003,000000,93.8,93.8,84.9,86.7,0,0
MDI_PE,D,20181004,000000,93.8,94.1,84.7,86.7,0,0
MDI_PE,D,20181005,000000,94.1,94.1,93.3,93.4,0,0
MDI_PE,D,20181008,000000,94.1,94.1,86.6,93.6,0,0
MDI_PE,D,20181009,000000,94.1,94.1,85.4,86.7,0,0
MDI_PE,D,20181010,000000,94.1,94.1,84.7,92.9,0,0
MDI_PE,D,20181011,000000,92.8,93.4,85.4,93.4,0,0
MDI_PE,D,20181012,000000,92.6,92.8,84.2,84.2,0,0
MDI_PE,D,20181015,000000,84.2,92.3,84.2,88.4,0,0
MDI_PE,D,20181016,000000,92.1,92.1,82.9,91.6,0,0
MDI_PE,D,20181017,000000,91.6,91.6,82.9,90.9,0,0
MDI_PE,D,20181018,000000,90.6,90.6,83.7,89.9,0,0
MDI_PE,D,20181019,000000,89.6,89.6,82.9,83,0,0
MDI_PE,D,20181022,000000,90.1,90.1,81.9,84.9,0,0
MDI_PE,D,20181023,000000,90.1,90.1,81.7,84.9,0,0
MDI_PE,D,20181024,000000,93.6,93.6,84.6,90.1,0,0
MDI_PE,D,20181025,000000,81.7,89.1,81.4,89.1,0,0
MDI_PE,D,20181026,000000,89.1,89.1,81.4,83.9,0,0
MDI_PE,D,20181029,000000,86.6,86.7,81.4,86.7,0,0
MDI_PE,D,20181030,000000,89.1,89.1,83.9,85.4,0,0
MDI_PE,D,20181031,000000,86.6,86.6,81.7,85.4,0,0
MDI_PE,D,20181102,000000,81.7,86.6,81.7,85.2,0,0
MDI_PE,D,20181105,000000,85.1,86.7,81.7,86.7,0,0
MDI_PE,D,20181106,000000,86.6,86.6,81.7,84.2,0,0
MDI_PE,D,20181107,000000,84.2,84.2,80.4,80.5,0,0
MDI_PE,D,20181108,000000,80.4,80.5,80.4,80.5,0,0
MDI_PE,D,20181109,000000,80.7,81.7,76.7,79.2,0,0
MDI_PE,D,20181113,000000,81.7,81.7,79.2,79.2,0,0
MDI_PE,D,20181114,000000,79.5,81.7,78,79.2,0,0
MDI_PE,D,20181115,000000,81.7,86.7,78,86.7,0,0
MDI_PE,D,20181116,000000,86.6,86.6,79.2,79.2,0,0
MDI_PE,D,20181119,000000,86.6,86.6,79.2,79.2,0,0
MDI_PE,D,20181120,000000,84.2,84.2,79.2,79.2,0,0
MDI_PE,D,20181121,000000,86.6,86.7,79.2,86.7,0,0
MDI_PE,D,20181122,000000,86.6,86.7,83.9,86.7,0,0
MDI_PE,D,20181123,000000,79.5,82.4,79.5,81.7,0,0
MDI_PE,D,20181126,000000,84.2,89.6,80.2,89.6,0,0
MDI_PE,D,20181127,000000,89.5,89.5,82.9,82.9,0,0
MDI_PE,D,20181128,000000,89.3,89.3,82.9,84.2,0,0
MDI_PE,D,20181129,000000,89.3,89.3,83.6,83.7,0,0
MDI_PE,D,20181130,000000,89.3,89.3,83.6,87.8,0,0
MDI_PE,D,20181203,000000,83.6,89,83.6,84.4,0,0
MDI_PE,D,20181204,000000,89.3,89.3,84.4,84.4,0,0
MDI_PE,D,20181205,000000,87.5,89.3,84.4,84.4,0,0
MDI_PE,D,20181206,000000,89,89,83.6,83.7,0,0
MDI_PE,D,20181207,000000,87,87,84.4,84.4,0,0
MDI_PE,D,20181210,000000,84.4,87,81.8,84.4,0,0
MDI_PE,D,20181211,000000,82.9,88.8,81.8,88.8,0,0
MDI_PE,D,20181212,000000,88.7,88.7,84.7,88.3,0,0
MDI_PE,D,20181213,000000,88.2,89,84.4,84.4,0,0
MDI_PE,D,20181214,000000,84.4,85.7,83.1,85.7,0,0
MDI_PE,D,20181217,000000,82.1,85.9,82.1,85.7,0,0
MDI_PE,D,20181218,000000,82.6,88.7,82.6,88.3,0,0
MDI_PE,D,20181219,000000,83.4,88.2,83.4,88,0,0
MDI_PE,D,20181220,000000,83.9,88.5,83.1,88.3,0,0
MDI_PE,D,20181221,000000,84.1,87.5,84.1,87.5,0,0
MDI_PE,D,20181227,000000,87.7,87.7,83.9,83.9,0,0
MDI_PE,D,20181228,000000,87.7,99.8,84.4,99.8,0,0
MDI_PE,D,20190102,000000,98.2,98.5,91.8,98.5,0,0
MDI_PE,D,20190103,000000,98.5,98.5,89.3,98.3,0,0
MDI_PE,D,20190104,000000,98,98,89,89,0,0
MDI_PE,D,20190107,000000,92.8,92.8,87.2,89.6,0,0
MDI_PE,D,20190108,000000,87,94.7,87,94.7,0,0
MDI_PE,D,20190109,000000,88,94.7,88,94.7,0,0
MDI_PE,D,20190110,000000,94.6,94.6,88,88,0,0
MDI_PE,D,20190111,000000,88,88.3,88,88.3,0,0
MDI_PE,D,20190114,000000,88,89.5,86.2,88.3,0,0
MDI_PE,D,20190115,000000,94.6,94.6,88,92.1,0,0
MDI_PE,D,20190116,000000,95.1,95.1,88.2,92.4,0,0
MDI_PE,D,20190117,000000,92.3,95.2,88,95.2,0,0
MDI_PE,D,20190118,000000,95.1,95.1,88,91.6,0,0
MDI_PE,D,20190121,000000,89.5,94.2,88,94.2,0,0
MDI_PE,D,20190122,000000,94.4,94.4,88.2,89.6,0,0
MDI_PE,D,20190123,000000,89.5,92.1,87.5,87.5,0,0
MDI_PE,D,20190124,000000,88.2,88.2,87,88,0,0
MDI_PE,D,20190125,000000,95.4,95.4,88,88,0,0
MDI_PE,D,20190128,000000,88,92.1,87,92.1,0,0
MDI_PE,D,20190129,000000,92.1,92.1,87,87,0,0
MDI_PE,D,20190130,000000,92.1,95.4,88.5,93.4,0,0
MDI_PE,D,20190131,000000,95.4,95.4,87.2,90.6,0,0
MDI_PE,D,20190201,000000,95.4,95.4,86.7,95.4,0,0
MDI_PE,D,20190204,000000,94.6,94.6,87.2,94.4,0,0
MDI_PE,D,20190205,000000,93.6,94.2,87.2,94.2,0,0
MDI_PE,D,20190206,000000,94.4,94.6,88.2,94.4,0,0
MDI_PE,D,20190207,000000,94.4,94.4,88.2,94.4,0,0
MDI_PE,D,20190208,000000,94.4,94.4,88,90.6,0,0
MDI_PE,D,20190211,000000,87.7,93.4,87.2,87.3,0,0
MDI_PE,D,20190212,000000,93.4,93.4,85.7,88.3,0,0
MDI_PE,D,20190213,000000,89.3,89.3,86.4,86.5,0,0
MDI_PE,D,20190214,000000,89,89,86.4,86.5,0,0
MDI_PE,D,20190215,000000,86.4,90.6,86.4,90.6,0,0
MDI_PE,D,20190218,000000,90.8,90.8,86.4,86.5,0,0
MDI_PE,D,20190219,000000,90.8,90.8,86.4,86.5,0,0
MDI_PE,D,20190220,000000,90.8,90.8,86.4,86.5,0,0
MDI_PE,D,20190221,000000,86.4,90.8,86.2,86.2,0,0
MDI_PE,D,20190222,000000,86.4,86.5,86.4,86.5,0,0
MDI_PE,D,20190225,000000,86.4,89.6,86.2,89.6,0,0
MDI_PE,D,20190226,000000,89,89,86.2,86.5,0,0
MDI_PE,D,20190227,000000,86.4,86.5,86.4,86.5,0,0
MDI_PE,D,20190228,000000,86.4,86.5,86.4,86.5,0,0
MDI_PE,D,20190301,000000,86.4,87,86.2,86.2,0,0
MDI_PE,D,20190304,000000,86.2,86.4,86.2,86.2,0,0
MDI_PE,D,20190305,000000,86.4,88,86.2,86.2,0,0
MDI_PE,D,20190306,000000,86.2,86.2,86.2,86.2,0,0
MDI_PE,D,20190307,000000,86.2,94.2,83.1,94.2,0,0
MDI_PE,D,20190308,000000,86.4,94.1,86.4,87,0,0
MDI_PE,D,20190311,000000,91.8,91.8,87,87,0,0
MDI_PE,D,20190312,000000,91.6,91.6,86.7,91.6,0,0
MDI_PE,D,20190313,000000,91.6,96.2,87.2,89.3,0,0
MDI_PE,D,20190314,000000,96.2,96.2,89.3,89.3,0,0
MDI_PE,D,20190315,000000,90.8,90.8,89,89,0,0
MDI_PE,D,20190318,000000,96.2,96.2,89.3,89.3,0,0
MDI_PE,D,20190319,000000,89.3,92.1,88.7,92.1,0,0
MDI_PE,D,20190320,000000,90.8,93.1,88.7,88.8,0,0
MDI_PE,D,20190321,000000,92.1,92.1,88.7,88.8,0,0
MDI_PE,D,20190322,000000,92.1,92.1,87.2,87.5,0,0
MDI_PE,D,20190325,000000,88.7,96.2,87.5,96.2,0,0
MDI_PE,D,20190326,000000,94.9,94.9,87.2,94.9,0,0
MDI_PE,D,20190327,000000,94.9,94.9,87.2,87.5,0,0
MDI_PE,D,20190328,000000,89.5,89.5,87.5,87.5,0,0
MDI_PE,D,20190329,000000,87.5,126.2,87.2,126.2,0,0
MDI_PE,D,20190401,000000,126.4,126.4,123.3,123.3,0,0
MDI_PE,D,20190402,000000,126.4,126.4,123.3,123.3,0,0
MDI_PE,D,20190403,000000,123.5,123.5,123.3,123.3,0,0
MDI_PE,D,20190404,000000,126.4,126.4,123.3,123.3,0,0
MDI_PE,D,20190405,000000,123.5,126.4,119.5,120.8,0,0
MDI_PE,D,20190408,000000,124.9,124.9,120.8,120.8,0,0
MDI_PE,D,20190409,000000,126.4,126.4,119.5,119.7,0,0
MDI_PE,D,20190410,000000,126.4,126.4,119.7,119.7,0,0
MDI_PE,D,20190411,000000,126.4,130,119.9,122.6,0,0
MDI_PE,D,20190412,000000,133.6,133.6,122.6,122.6,0,0
MDI_PE,D,20190415,000000,122.7,130,120.9,129.8,0,0
MDI_PE,D,20190416,000000,133.6,136.5,123.1,128.7,0,0
MDI_PE,D,20190417,000000,132.9,132.9,126.2,126.2,0,0
MDI_PE,D,20190418,000000,124.5,130,122.4,129.8,0,0
MDI_PE,D,20190423,000000,121.7,121.7,121.5,121.5,0,0
MDI_PE,D,20190424,000000,130,130,121.7,129.4,0,0
MDI_PE,D,20190425,000000,129.6,129.6,121.7,126.2,0,0
MDI_PE,D,20190426,000000,129.6,129.6,121.7,129.4,0,0
MDI_PE,D,20190429,000000,129.6,129.6,121.3,128,0,0
MDI_PE,D,20190430,000000,128.2,128.2,121.1,121.1,0,0
MDI_PE,D,20190502,000000,129.6,129.6,121.1,121.1,0,0
MDI_PE,D,20190506,000000,129.6,129.6,121.1,121.1,0,0
MDI_PE,D,20190507,000000,129.6,129.6,121.1,121.1,0,0
MDI_PE,D,20190508,000000,129.6,129.6,121.1,121.1,0,0
MDI_PE,D,20190509,000000,129.6,129.6,120.4,120.4,0,0
MDI_PE,D,20190510,000000,129.6,129.6,120.6,120.6,0,0
MDI_PE,D,20190513,000000,129.6,129.6,120.4,120.4,0,0
MDI_PE,D,20190514,000000,124.2,128.2,120.2,120.8,0,0
MDI_PE,D,20190515,000000,128.2,128.2,120.8,120.8,0,0
MDI_PE,D,20190516,000000,127.8,127.8,119.7,119.7,0,0
MDI_PE,D,20190517,000000,127.8,127.8,120,120,0,0
MDI_PE,D,20190520,000000,119.8,225.8,119.1,225.8,0,0
MDI_PE,D,20190521,000000,225.2,226.5,225.2,225.8,0,0
MDI_PE,D,20190522,000000,240.8,240.8,225.9,226.5,0,0
MDI_PE,D,20190523,000000,240.8,240.8,226.5,226.5,0,0
MDI_PE,D,20190524,000000,234,234,226.5,226.5,0,0
MDI_PE,D,20190527,000000,240.8,248.3,223.8,248.2,0,0
MDI_PE,D,20190528,000000,246.9,246.9,227.1,227.1,0,0
MDI_PE,D,20190529,000000,227.2,227.2,225.1,225.1,0,0
MDI_PE,D,20190530,000000,240.8,240.8,225.8,225.8,0,0
MDI_PE,D,20190531,000000,240.8,240.8,226.5,234.6,0,0
MDI_PE,D,20190603,000000,240.8,240.8,226.5,234.6,0,0
MDI_PE,D,20190604,000000,240.8,240.8,226.5,226.5,0,0
MDI_PE,D,20190605,000000,244.9,244.9,226.5,227.8,0,0
MDI_PE,D,20190606,000000,238.1,238.1,238,238,0,0
MDI_PE,D,20190607,000000,238.1,238.1,227.9,234.6,0,0
MDI_PE,D,20190610,000000,238.1,251.7,227.9,251.7,0,0
MDI_PE,D,20190611,000000,257.1,257.1,228.6,229.2,0,0
MDI_PE,D,20190612,000000,239.5,257.1,229.2,229.2,0,0
MDI_PE,D,20190613,000000,229.3,239.5,229.3,239.5,0,0
MDI_PE,D,20190614,000000,257.1,257.1,232.7,257.1,0,0
MDI_PE,D,20190617,000000,257.1,258.5,240.8,258.4,0,0
MDI_PE,D,20190618,000000,258.5,258.5,249.7,258.4,0,0
MDI_PE,D,20190619,000000,257.8,257.8,238.8,257.7,0,0
MDI_PE,D,20190621,000000,257.8,258.5,236.1,244.8,0,0
MDI_PE,D,20190624,000000,258.5,258.5,245.5,245.5,0,0
MDI_PE,D,20190625,000000,258.5,258.5,245.5,245.5,0,0
MDI_PE,D,20190626,000000,258.5,258.5,242.9,250.9,0,0
MDI_PE,D,20190627,000000,258.5,258.5,250.9,250.9,0,0
MDI_PE,D,20190628,000000,258.5,258.5,251.6,251.6,0,0
MDI_PE,D,20190701,000000,258.5,258.5,240.1,244.8,0,0
MDI_PE,D,20190702,000000,255.1,255.1,238,238,0,0
MDI_PE,D,20190703,000000,255.1,255.1,236,236,0,0
MDI_PE,D,20190704,000000,255.1,255.1,236.1,238.7,0,0
MDI_PE,D,20190705,000000,251.7,251.7,238.7,238.7,0,0
MDI_PE,D,20190708,000000,249.7,250.3,238.8,250.3,0,0
MDI_PE,D,20190709,000000,258.5,258.5,238.7,238.7,0,0
MDI_PE,D,20190710,000000,238.8,258.5,238.8,258.4,0,0
MDI_PE,D,20190711,000000,258.5,258.5,238.8,239.4,0,0
MDI_PE,D,20190712,000000,258.5,258.5,249.6,249.6,0,0
MDI_PE,D,20190715,000000,258.5,258.5,238.7,238.7,0,0
MDI_PE,D,20190716,000000,258.5,258.5,236.1,255,0,0
MDI_PE,D,20190717,000000,239.5,255.1,234.7,242.8,0,0
MDI_PE,D,20190718,000000,242.2,245.6,235.4,238.7,0,0
MDI_PE,D,20190719,000000,255.1,255.1,238.8,244.8,0,0
MDI_PE,D,20190722,000000,255.1,255.1,238.7,238.7,0,0
MDI_PE,D,20190723,000000,244.9,244.9,238.7,238.7,0,0
MDI_PE,D,20190724,000000,238.8,244.9,238.8,244.8,0,0
MDI_PE,D,20190725,000000,244.9,248.3,238.7,238.7,0,0
MDI_PE,D,20190726,000000,238.8,238.8,238.7,238.7,0,0
MDI_PE,D,20190729,000000,246.3,246.3,238.7,238.7,0,0
MDI_PE,D,20190730,000000,246.3,246.3,236.1,240.1,0,0
MDI_PE,D,20190731,000000,240.1,240.1,238,238,0,0
MDI_PE,D,20190801,000000,238.1,244.9,238.1,244.8,0,0
MDI_PE,D,20190802,000000,246.3,246.3,228.6,229.2,0,0
MDI_PE,D,20190805,000000,228.6,239.5,228.6,239.4,0,0
MDI_PE,D,20190806,000000,239.5,239.5,228.5,228.5,0,0
MDI_PE,D,20190807,000000,239.5,239.5,228.5,228.5,0,0
MDI_PE,D,20190808,000000,228.6,239.5,228.6,239.4,0,0
MDI_PE,D,20190809,000000,239.5,239.5,239.4,239.4,0,0
MDI_PE,D,20190812,000000,239.5,239.5,228.6,239.4,0,0
MDI_PE,D,20190813,000000,239.5,239.5,228.5,228.5,0,0
MDI_PE,D,20190814,000000,239.5,239.5,228.6,229.2,0,0
MDI_PE,D,20190816,000000,239.5,239.5,228.5,228.5,0,0
MDI_PE,D,20190819,000000,239.5,239.5,231.9,231.9,0,0
MDI_PE,D,20190820,000000,238.1,238.1,236.7,238,0,0
MDI_PE,D,20190821,000000,239.5,239.5,227.9,239.4,0,0
MDI_PE,D,20190822,000000,228.6,240.8,228.6,229.9,0,0
MDI_PE,D,20190823,000000,239.5,239.5,229.9,229.9,0,0
MDI_PE,D,20190826,000000,229.9,240.8,229.9,230.5,0,0
MDI_PE,D,20190827,000000,230.6,232,230.5,230.5,0,0
MDI_PE,D,20190828,000000,246.3,246.3,230.5,230.5,0,0
MDI_PE,D,20190829,000000,235.4,246.3,228.5,228.5,0,0
MDI_PE,D,20190830,000000,246.3,246.3,229.2,229.2,0,0
MDI_PE,D,20190902,000000,229.3,229.3,229.2,229.2,0,0
MDI_PE,D,20190903,000000,229.3,229.3,229.2,229.2,0,0
MDI_PE,D,20190904,000000,229.3,244.9,229.2,229.2,0,0
MDI_PE,D,20190905,000000,246.3,246.3,229.2,229.2,0,0
MDI_PE,D,20190906,000000,238.8,238.8,229.2,229.2,0,0
MDI_PE,D,20190909,000000,229.3,244.9,225.9,244.8,0,0
MDI_PE,D,20190910,000000,244.9,244.9,227.9,230.5,0,0
MDI_PE,D,20190911,000000,244.9,244.9,227.9,228.5,0,0
MDI_PE,D,20190912,000000,244.9,244.9,229.9,229.9,0,0
MDI_PE,D,20190913,000000,244.9,244.9,227.1,227.1,0,0
MDI_PE,D,20190916,000000,239.5,239.5,225.9,226.5,0,0
MDI_PE,D,20190917,000000,234.7,234.7,226.5,226.5,0,0
MDI_PE,D,20190918,000000,234.7,234.7,83.3,83.3,0,0
MDI_PE,D,20190919,000000,86.3,86.3,83.3,83.3,0,0
MDI_PE,D,20190920,000000,86.3,86.3,83,83.1,0,0
MDI_PE,D,20190923,000000,86.3,86.3,83,83.1,0,0
MDI_PE,D,20190924,000000,83,83,80.8,80.8,0,0
MDI_PE,D,20190925,000000,86.3,86.3,81.3,86.3,0,0
MDI_PE,D,20190926,000000,81.5,86.3,81.5,81.8,0,0
MDI_PE,D,20190927,000000,86.3,86.3,80,86.3,0,0
MDI_PE,D,20190930,000000,86.3,86.3,82.3,85.3,0,0
MDI_PE,D,20191001,000000,85.8,86,82,82.1,0,0
MDI_PE,D,20191002,000000,82,82.8,82,82.8,0,0
MDI_PE,D,20191003,000000,86.3,86.3,82,82.1,0,0
MDI_PE,D,20191004,000000,86.3,86.3,82,86.3,0,0
MDI_PE,D,20191007,000000,86,86.3,82,82.1,0,0
MDI_PE,D,20191008,000000,86.3,92.5,82.5,92.3,0,0
MDI_PE,D,20191009,000000,92.3,94.8,85.3,88.8,0,0
MDI_PE,D,20191010,000000,87.5,94.8,87.5,93.8,0,0
MDI_PE,D,20191011,000000,93.8,93.8,88,88.1,0,0
MDI_PE,D,20191014,000000,88,91.1,88,91.1,0,0
MDI_PE,D,20191015,000000,93.8,93.8,86.8,93.8,0,0
MDI_PE,D,20191016,000000,101.4,101.4,91.1,91.1,0,0
MDI_PE,D,20191017,000000,93.8,93.8,86.8,93.8,0,0
MDI_PE,D,20191018,000000,90.8,92.5,86.8,86.8,0,0
MDI_PE,D,20191021,000000,91,92.6,86.8,92.6,0,0
MDI_PE,D,20191022,000000,90.8,97.3,85,91.3,0,0
MDI_PE,D,20191023,000000,91.3,94.5,88,91.3,0,0
MDI_PE,D,20191024,000000,92,92,88,89.1,0,0
MDI_PE,D,20191025,000000,92,92.3,89,89.8,0,0
MDI_PE,D,20191028,000000,91.8,94,88,92.3,0,0
MDI_PE,D,20191029,000000,92.3,92.3,85.5,89.6,0,0
MDI_PE,D,20191030,000000,91.3,91.3,86.3,87.8,0,0
MDI_PE,D,20191031,000000,87.5,87.5,85.8,85.8,0,0
MDI_PE,D,20191104,000000,89.8,91,85.8,86.3,0,0
MDI_PE,D,20191105,000000,85.8,91.5,85.8,90.1,0,0
MDI_PE,D,20191106,000000,91.5,91.5,85.8,90.3,0,0
MDI_PE,D,20191107,000000,87,91.5,85.5,86.1,0,0
MDI_PE,D,20191108,000000,89.8,91.6,86.3,91.6,0,0
MDI_PE,D,20191112,000000,87,91.5,87,87.1,0,0
MDI_PE,D,20191113,000000,91,91.5,86.3,91.1,0,0
MDI_PE,D,20191114,000000,89.3,91.5,86.5,87.6,0,0
MDI_PE,D,20191115,000000,90.8,90.8,86,86.1,0,0
MDI_PE,D,20191118,000000,86,89.8,86,86.1,0,0
MDI_PE,D,20191119,000000,89.8,91,85.5,90.1,0,0
MDI_PE,D,20191120,000000,90.8,90.8,83,84.8,0,0
MDI_PE,D,20191121,000000,82.5,90.1,82.5,90.1,0,0
MDI_PE,D,20191122,000000,90,90,82.5,83.8,0,0
MDI_PE,D,20191125,000000,83.8,157.2,83.8,157.2,0,0
MDI_PE,D,20191126,000000,164.4,164.4,150.7,154.5,0,0
MDI_PE,D,20191127,000000,154.8,154.8,150.2,150.2,0,0
MDI_PE,D,20191128,000000,149.8,154.8,149.3,149.9,0,0
MDI_PE,D,20191129,000000,154.8,154.8,150.2,154.5,0,0
MDI_PE,D,20191202,000000,153,162.1,146.1,152.6,0,0
MDI_PE,D,20191203,000000,152.3,152.7,136.4,136.7,0,0
MDI_PE,D,20191204,000000,125.6,159.8,119.6,145.8,0,0
MDI_PE,D,20191205,000000,145.2,145.2,131.5,144.9,0,0
MDI_PE,D,20191206,000000,144.7,144.7,131.5,141.2,0,0
MDI_PE,D,20191209,000000,144.1,144.1,134.5,143.5,0,0
MDI_PE,D,20191210,000000,143.2,153.6,130.9,145.8,0,0
MDI_PE,D,20191211,000000,146.1,146.1,133.3,136.7,0,0
MDI_PE,D,20191212,000000,145.2,145.2,136.7,136.7,0,0
MDI_PE,D,20191213,000000,137,145.7,136.7,136.7,0,0
MDI_PE,D,20191216,000000,144.3,144.3,134.9,134.9,0,0
MDI_PE,D,20191217,000000,135.2,143.8,135.2,140.8,0,0
MDI_PE,D,20191218,000000,134.2,139.7,134.2,134.9,0,0
MDI_PE,D,20191219,000000,139.7,139.7,133,133,0,0
MDI_PE,D,20191220,000000,132.7,140.9,130,136.7,0,0
MDI_PE,D,20191223,000000,127.9,140.6,127.9,128.5,0,0
MDI_PE,D,20191227,000000,130.6,130.6,128,128,0,0
MDI_PE,D,20191230,000000,127.7,133.2,127.3,127.6,0,0
MDI_PE,D,20200102,000000,136.1,136.1,127.6,127.6,0,0
MDI_PE,D,20200103,000000,127.9,128.3,126,128,0,0
MDI_PE,D,20200107,000000,131.4,134.5,122.7,123,0,0
MDI_PE,D,20200108,000000,125.9,129.5,118.2,118.5,0,0
MDI_PE,D,20200109,000000,118.7,132.4,118.7,131.2,0,0
MDI_PE,D,20200110,000000,129.5,130.9,118.6,128.5,0,0
MDI_PE,D,20200113,000000,119.6,127.9,119.6,125.3,0,0
MDI_PE,D,20200114,000000,127.9,127.9,121,127.6,0,0
MDI_PE,D,20200115,000000,127.9,133.8,119.6,130.3,0,0
MDI_PE,D,20200116,000000,132.4,135.6,129.4,129.4,0,0
MDI_PE,D,20200117,000000,128.8,135.2,128.8,134.9,0,0
MDI_PE,D,20200120,000000,132.4,137,126.5,131.7,0,0
MDI_PE,D,20200121,000000,133.3,133.3,126,127.6,0,0
MDI_PE,D,20200122,000000,127.9,132,124.8,124.8,0,0
MDI_PE,D,20200123,000000,130,130,123.6,123.9,0,0
MDI_PE,D,20200124,000000,130,130,124.5,124.8,0,0
MDI_PE,D,20200127,000000,130,130.3,118.6,130.3,0,0
MDI_PE,D,20200128,000000,127.9,127.9,120.3,120.3,0,0
MDI_PE,D,20200129,000000,127.9,127.9,120.5,127.6,0,0
MDI_PE,D,20200130,000000,127.9,131.5,127.9,131.2,0,0
MDI_PE,D,20200131,000000,130.9,131.2,122.7,131.2,0,0
MDI_PE,D,20200203,000000,130.9,130.9,122.7,123,0,0
MDI_PE,D,20200204,000000,120.5,130.9,120.5,120.7,0,0
MDI_PE,D,20200205,000000,120.5,128.2,120.5,120.7,0,0
MDI_PE,D,20200206,000000,120.5,120.7,120.5,120.7,0,0
MDI_PE,D,20200207,000000,120.5,128.5,119.1,128.5,0,0
MDI_PE,D,20200210,000000,126.9,128.5,126.7,126.7,0,0
MDI_PE,D,20200211,000000,122.4,131.5,122.4,127.6,0,0
MDI_PE,D,20200212,000000,127.9,130.6,125.6,130.3,0,0
MDI_PE,D,20200213,000000,130.6,130.6,123.3,128,0,0
MDI_PE,D,20200214,000000,129.5,142.3,123.6,139,0,0
MDI_PE,D,20200217,000000,143.8,150.2,136.1,142.6,0,0
MDI_PE,D,20200218,000000,138.8,138.8,136.1,138.1,0,0
MDI_PE,D,20200219,000000,138.4,140.6,137,140.3,0,0
MDI_PE,D,20200220,000000,140,140,133.2,136.2,0,0
MDI_PE,D,20200221,000000,148.2,148.2,135.9,136.2,0,0
MDI_PE,D,20200224,000000,135.9,138.6,132.7,137.6,0,0
MDI_PE,D,20200225,000000,135.6,135.6,131.5,134,0,0
MDI_PE,D,20200226,000000,130.6,137.4,123.3,124.8,0,0
MDI_PE,D,20200227,000000,127.3,127.3,119.5,125.8,0,0
MDI_PE,D,20200228,000000,116.9,125.6,114.2,123,0,0
MDI_PE,D,20200302,000000,117.3,121.2,115,121.2,0,0
MDI_PE,D,20200303,000000,127.9,127.9,116.4,121.2,0,0
MDI_PE,D,20200304,000000,127.4,127.4,119.2,120.7,0,0
MDI_PE,D,20200305,000000,120.5,123,118.6,123,0,0
MDI_PE,D,20200306,000000,118.2,123,118.2,123,0,0
MDI_PE,D,20200309,000000,118.2,123.2,113.6,118.5,0,0
MDI_PE,D,20200310,000000,109.6,120.1,109.6,118,0,0
MDI_PE,D,20200311,000000,114.2,120.1,109.6,119.4,0,0
MDI_PE,D,20200312,000000,109.6,114.2,105.9,113,0,0
MDI_PE,D,20200313,000000,111.9,114.2,111.6,111.6,0,0
MDI_PE,D,20200316,000000,109.1,111.4,98.6,111.2,0,0
MDI_PE,D,20200317,000000,111.4,111.4,105.9,109.8,0,0
MDI_PE,D,20200318,000000,111.9,111.9,109.3,109.3,0,0
MDI_PE,D,20200319,000000,111.4,111.6,104.1,111.6,0,0
MDI_PE,D,20200320,000000,110.9,111.6,98.2,111.2,0,0
MDI_PE,D,20200323,000000,111.9,111.9,111.6,111.6,0,0
MDI_PE,D,20200324,000000,111.4,113.9,102.7,113.9,0,0
MDI_PE,D,20200325,000000,114.2,114.2,113.9,113.9,0,0
MDI_PE,D,20200326,000000,111.9,111.9,103.7,111.6,0,0
MDI_PE,D,20200327,000000,107.3,107.3,103.6,104.8,0,0
MDI_PE,D,20200330,000000,111.9,111.9,103,103,0,0
MDI_PE,D,20200331,000000,105,878.6,103.2,878.6,0,0
MDI_PE,D,20200401,000000,871.4,885.9,871.4,885.9,0,0
MDI_PE,D,20200402,000000,871.4,871.4,807.1,845.9,0,0
MDI_PE,D,20200403,000000,853.6,853.6,807.1,845.9,0,0
MDI_PE,D,20200406,000000,832.1,832.1,803.6,816.9,0,0
MDI_PE,D,20200407,000000,825,835,785.7,835,0,0
MDI_PE,D,20200408,000000,825,831.4,792.9,831.4,0,0
MDI_PE,D,20200409,000000,817.9,817.9,800,816.9,0,0
MDI_PE,D,20200414,000000,803.6,839.3,785.7,835,0,0
MDI_PE,D,20200415,000000,792.9,814.3,792.9,806,0,0
MDI_PE,D,20200416,000000,871.4,871.4,817.9,871.3,0,0
MDI_PE,D,20200417,000000,857.1,857.1,814.3,831.4,0,0
MDI_PE,D,20200420,000000,896.4,896.4,807.1,856.8,0,0
MDI_PE,D,20200421,000000,853.6,864.1,800,864.1,0,0
MDI_PE,D,20200422,000000,796.4,889.5,796.4,889.5,0,0
MDI_PE,D,20200423,000000,875,889.5,875,889.5,0,0
MDI_PE,D,20200424,000000,871.4,882.2,785.7,882.2,0,0
MDI_PE,D,20200427,000000,864.3,864.3,785.7,827.8,0,0
MDI_PE,D,20200428,000000,800,807.1,785.7,798.7,0,0
MDI_PE,D,20200429,000000,853.6,853.6,778.6,791.5,0,0
MDI_PE,D,20200430,000000,853.6,853.6,789.3,802.4,0,0
MDI_PE,D,20200504,000000,853.6,853.6,789.3,853.2,0,0
MDI_PE,D,20200505,000000,789.3,806,785.7,806,0,0
MDI_PE,D,20200506,000000,825,825,782.1,795.1,0,0
MDI_PE,D,20200507,000000,821.4,835,789.3,835,0,0
MDI_PE,D,20200508,000000,785.7,839.3,785.7,827.8,0,0
MDI_PE,D,20200511,000000,839.3,839.3,782.1,795.1,0,0
MDI_PE,D,20200512,000000,839.3,839.3,796.4,835,0,0
MDI_PE,D,20200513,000000,792.9,839.3,792.9,813.3,0,0
MDI_PE,D,20200514,000000,839.3,839.3,800,816.9,0,0
MDI_PE,D,20200515,000000,832.1,832.1,803.6,816.9,0,0
MDI_PE,D,20200518,000000,803.6,835.7,212.8,212.8,0,0
MDI_PE,D,20200519,000000,211.8,227.4,204.5,227.4,0,0
MDI_PE,D,20200520,000000,204.5,247.4,204.5,247.4,0,0
MDI_PE,D,20200521,000000,247.3,281.8,247.3,263.7,0,0
MDI_PE,D,20200522,000000,285.5,285.5,264.5,277.4,0,0
MDI_PE,D,20200525,000000,280,283.6,261.8,263.7,0,0
MDI_PE,D,20200526,000000,280.9,280.9,254.5,272.8,0,0
MDI_PE,D,20200527,000000,272.7,272.7,267.3,267.4,0,0
MDI_PE,D,20200528,000000,272.7,272.7,267.3,267.4,0,0
MDI_PE,D,20200529,000000,254.5,279.1,254.5,259.2,0,0
MDI_PE,D,20200601,000000,259.1,272.8,254.5,272.8,0,0
MDI_PE,D,20200602,000000,270.9,272.7,256.4,270.1,0,0
MDI_PE,D,20200603,000000,272.7,272.7,254.5,254.6,0,0
MDI_PE,D,20200604,000000,272.7,272.7,255.5,258.3,0,0
MDI_PE,D,20200605,000000,270,270,259.1,265.6,0,0
MDI_PE,D,20200608,000000,267.3,268.3,267.3,268.3,0,0
MDI_PE,D,20200609,000000,268.2,268.2,267.3,267.4,0,0
MDI_PE,D,20200610,000000,270,270,256.4,268.3,0,0
MDI_PE,D,20200612,000000,257.3,257.3,256.4,256.5,0,0
MDI_PE,D,20200615,000000,257.3,268.2,245.5,254.6,0,0
MDI_PE,D,20200616,000000,268.2,268.3,268.2,268.3,0,0
MDI_PE,D,20200617,000000,270,270,254.5,254.6,0,0
MDI_PE,D,20200618,000000,254.5,258.2,254.5,258.2,0,0
MDI_PE,D,20200619,000000,270,270,261.8,266.5,0,0
MDI_PE,D,20200622,000000,266.4,266.4,258.2,260.1,0,0
MDI_PE,D,20200623,000000,260,268.2,258.2,258.2,0,0
MDI_PE,D,20200624,000000,267.3,267.3,256.4,257.4,0,0
MDI_PE,D,20200625,000000,267.3,267.3,258.2,258.3,0,0
MDI_PE,D,20200626,000000,267.3,267.3,254.5,259.2,0,0
MDI_PE,D,20200629,000000,259.1,259.1,254.5,254.6,0,0
MDI_PE,D,20200630,000000,254.5,254.6,254.5,254.6,0,0
MDI_PE,D,20200701,000000,259.1,267.4,254.5,267.4,0,0
MDI_PE,D,20200702,000000,267.3,267.4,267.3,267.4,0,0
MDI_PE,D,20200703,000000,265.5,265.5,260.9,263.7,0,0
MDI_PE,D,20200706,000000,265.5,267.3,255.5,255.6,0,0
MDI_PE,D,20200707,000000,263.6,266.5,254.5,266.5,0,0
MDI_PE,D,20200708,000000,266.4,267.3,266.4,266.5,0,0
MDI_PE,D,20200709,000000,267.3,267.3,261.8,263.7,0,0
MDI_PE,D,20200710,000000,267.3,267.4,267.3,267.4,0,0
MDI_PE,D,20200713,000000,269.1,269.1,263.6,263.7,0,0
MDI_PE,D,20200714,000000,272.7,289.1,245.5,256.5,0,0
MDI_PE,D,20200715,000000,258.2,265.5,243.6,262.8,0,0
MDI_PE,D,20200716,000000,254.5,260.1,246.4,260.1,0,0
MDI_PE,D,20200717,000000,262.7,266.5,250.9,266.5,0,0
MDI_PE,D,20200720,000000,266.4,272.7,258.2,260.1,0,0
MDI_PE,D,20200721,000000,270,270,254.5,259.2,0,0
MDI_PE,D,20200722,000000,250.9,263.6,250.9,252.8,0,0
MDI_PE,D,20200723,000000,251.8,252.8,250,252.8,0,0
MDI_PE,D,20200724,000000,263.6,263.7,253.6,263.7,0,0
MDI_PE,D,20200727,000000,264.5,264.5,252.7,262.8,0,0
MDI_PE,D,20200728,000000,259.1,321,254.5,321,0,0
MDI_PE,D,20200729,000000,363.6,363.6,298.2,306.5,0,0
MDI_PE,D,20200730,000000,318.2,330.9,290.9,309.2,0,0
MDI_PE,D,20200731,000000,329.1,329.1,310,324.7,0,0
MDI_PE,D,20200803,000000,340,373.8,340,373.8,0,0
MDI_PE,D,20200804,000000,422.7,463.8,422.7,463.8,0,0
MDI_PE,D,20200805,000000,609.1,609.1,456.4,467.5,0,0
MDI_PE,D,20200806,000000,470.9,552.7,470.9,472.9,0,0
MDI_PE,D,20200807,000000,509.1,549.1,505.5,545.7,0,0
MDI_PE,D,20200810,000000,563.6,620,549.1,600.2,0,0
MDI_PE,D,20200811,000000,621.8,627.3,516.4,516.6,0,0
MDI_PE,D,20200812,000000,494.5,494.5,416.4,436.5,0,0
MDI_PE,D,20200813,000000,454.5,487.3,423.6,442,0,0
MDI_PE,D,20200814,000000,456.4,465.5,434.5,458.4,0,0
MDI_PE,D,20200817,000000,454.5,472.7,440.9,448.4,0,0
MDI_PE,D,20200818,000000,461.8,461.8,423.6,435.6,0,0
MDI_PE,D,20200819,000000,427.3,441.8,400,420.2,0,0
MDI_PE,D,20200820,000000,410,410,378.2,408.3,0,0
MDI_PE,D,20200821,000000,409.1,425.5,389.1,413.8,0,0
