<TICKER>,<PER>,<DATE>,<TIME>,<OPEN>,<HIGH>,<LOW>,<CLOSE>,<VOL>,<OPENINT>
MFO_PE,D,20140331,000000,11.276,11.276,11.276,11.276,0,0
MFO_PE,D,20140401,000000,11.094,11.458,11.094,11.458,0,0
MFO_PE,D,20140402,000000,11.094,11.367,11.094,11.367,0,0
MFO_PE,D,20140403,000000,11.094,11.367,11.094,11.185,0,0
MFO_PE,D,20140404,000000,11.367,11.367,11.185,11.276,0,0
MFO_PE,D,20140407,000000,11.276,11.276,11.094,11.276,0,0
MFO_PE,D,20140408,000000,11.276,11.276,11.094,11.094,0,0
MFO_PE,D,20140409,000000,11.004,11.185,11.004,11.185,0,0
MFO_PE,D,20140410,000000,11.185,11.185,11.185,11.185,0,0
MFO_PE,D,20140411,000000,11.276,11.276,11.276,11.276,0,0
MFO_PE,D,20140414,000000,11.276,11.276,10.821,11.185,0,0
MFO_PE,D,20140415,000000,10.821,11.185,10.458,10.458,0,0
MFO_PE,D,20140416,000000,11.185,11.185,10.549,11.004,0,0
MFO_PE,D,20140417,000000,11.094,11.094,10.821,10.821,0,0
MFO_PE,D,20140422,000000,10.549,11.094,10.549,11.004,0,0
MFO_PE,D,20140423,000000,10.549,10.549,10.549,10.549,0,0
MFO_PE,D,20140424,000000,10.549,10.549,10.549,10.549,0,0
MFO_PE,D,20140425,000000,10.549,10.821,10.549,10.549,0,0
MFO_PE,D,20140428,000000,10.549,10.731,10.185,10.731,0,0
MFO_PE,D,20140429,000000,10.731,10.821,10.458,10.458,0,0
MFO_PE,D,20140502,000000,10.549,10.731,10.458,10.731,0,0
MFO_PE,D,20140505,000000,10.458,10.458,10.095,10.185,0,0
MFO_PE,D,20140506,000000,9.639,10.276,9.639,10.185,0,0
MFO_PE,D,20140507,000000,10.095,10.095,10.095,10.095,0,0
MFO_PE,D,20140508,000000,10.185,10.458,10.185,10.367,0,0
MFO_PE,D,20140509,000000,10.367,10.367,10.367,10.367,0,0
MFO_PE,D,20140513,000000,10.367,10.549,10.185,10.549,0,0
MFO_PE,D,20140514,000000,10.821,10.821,10.276,10.731,0,0
MFO_PE,D,20140515,000000,10.731,10.912,10.367,10.731,0,0
MFO_PE,D,20140516,000000,10.731,10.731,10.276,10.731,0,0
MFO_PE,D,20140519,000000,10.367,10.731,10.367,10.731,0,0
MFO_PE,D,20140520,000000,10.276,10.639,10.276,10.639,0,0
MFO_PE,D,20140521,000000,10.276,10.549,10.276,10.549,0,0
MFO_PE,D,20140522,000000,10.458,10.458,10.276,10.367,0,0
MFO_PE,D,20140523,000000,10.276,10.458,10.276,10.458,0,0
MFO_PE,D,20140526,000000,10.367,10.367,10.276,10.276,0,0
MFO_PE,D,20140527,000000,10.276,10.276,9.911,10.095,0,0
MFO_PE,D,20140528,000000,10.095,10.095,10.095,10.095,0,0
MFO_PE,D,20140529,000000,10.095,10.095,9.73,9.822,0,0
MFO_PE,D,20140530,000000,10.276,10.276,9.911,9.911,0,0
MFO_PE,D,20140602,000000,10.276,10.276,10.276,10.276,0,0
MFO_PE,D,20140603,000000,10.367,10.458,10.003,10.367,0,0
MFO_PE,D,20140604,000000,10.276,10.276,10.276,10.276,0,0
MFO_PE,D,20140605,000000,10.367,10.639,10.367,10.639,0,0
MFO_PE,D,20140609,000000,10.367,10.639,10.367,10.639,0,0
MFO_PE,D,20140610,000000,10.458,10.458,10.458,10.458,0,0
MFO_PE,D,20140611,000000,10.458,10.549,10.185,10.549,0,0
MFO_PE,D,20140612,000000,10.549,10.549,10.276,10.276,0,0
MFO_PE,D,20140613,000000,10.276,10.276,10.185,10.185,0,0
MFO_PE,D,20140616,000000,10.549,10.549,10.549,10.549,0,0
MFO_PE,D,20140617,000000,10.276,10.549,10.276,10.276,0,0
MFO_PE,D,20140618,000000,10.549,10.549,10.276,10.549,0,0
MFO_PE,D,20140620,000000,10.185,10.549,10.095,10.549,0,0
MFO_PE,D,20140626,000000,10.549,10.549,10.003,10.458,0,0
MFO_PE,D,20140701,000000,8.7299,9.0031,8.7299,9.0031,0,0
MFO_PE,D,20140702,000000,9.0031,9.0031,9.0031,9.0031,0,0
MFO_PE,D,20140703,000000,9.0031,9.0031,8.7299,9.0031,0,0
MFO_PE,D,20140704,000000,9.0031,9.0031,8.7299,8.9118,0,0
MFO_PE,D,20140707,000000,8.9118,8.9118,8.8208,8.9118,0,0
MFO_PE,D,20140708,000000,9.0031,9.0031,9.0031,9.0031,0,0
MFO_PE,D,20140709,000000,9.0031,9.0031,9.0031,9.0031,0,0
MFO_PE,D,20140710,000000,9.0031,9.0031,8.8208,8.8208,0,0
MFO_PE,D,20140711,000000,8.9118,8.9118,8.7299,8.7299,0,0
MFO_PE,D,20140715,000000,8.7299,8.7299,8.7299,8.7299,0,0
MFO_PE,D,20140716,000000,8.7299,8.7299,8.7299,8.7299,0,0
MFO_PE,D,20140717,000000,8.7299,8.7299,8.6389,8.7299,0,0
MFO_PE,D,20140721,000000,8.457,8.7299,8.457,8.7299,0,0
MFO_PE,D,20140723,000000,8.3661,8.548,8.3661,8.457,0,0
MFO_PE,D,20140724,000000,8.6389,8.6389,8.3661,8.3661,0,0
MFO_PE,D,20140725,000000,8.3661,8.3661,8.3661,8.3661,0,0
MFO_PE,D,20140728,000000,8.0023,8.3661,8.0023,8.2751,0,0
MFO_PE,D,20140729,000000,8.1842,8.6389,8.1842,8.6389,0,0
MFO_PE,D,20140730,000000,8.6389,8.6389,8.2751,8.6389,0,0
MFO_PE,D,20140731,000000,7.8205,8.6389,7.8205,8.6389,0,0
MFO_PE,D,20140801,000000,8.6389,8.6389,8.6389,8.6389,0,0
MFO_PE,D,20140804,000000,8.7299,8.8208,8.7299,8.7299,0,0
MFO_PE,D,20140805,000000,8.8208,8.8208,8.8208,8.8208,0,0
MFO_PE,D,20140806,000000,8.548,8.548,8.548,8.548,0,0
MFO_PE,D,20140807,000000,8.3661,8.8208,8.3661,8.8208,0,0
MFO_PE,D,20140811,000000,8.3661,8.7299,8.3661,8.7299,0,0
MFO_PE,D,20140812,000000,8.8208,8.8208,8.8208,8.8208,0,0
MFO_PE,D,20140813,000000,8.3661,8.3661,8.2751,8.2751,0,0
MFO_PE,D,20140814,000000,8.2751,8.7299,8.2751,8.7299,0,0
MFO_PE,D,20140818,000000,8.8208,8.8208,8.8208,8.8208,0,0
MFO_PE,D,20140819,000000,8.8208,8.8208,8.457,8.7299,0,0
MFO_PE,D,20140820,000000,8.7299,8.7299,8.457,8.548,0,0
MFO_PE,D,20140822,000000,8.3661,8.548,8.3661,8.548,0,0
MFO_PE,D,20140825,000000,8.548,8.548,8.548,8.548,0,0
MFO_PE,D,20140827,000000,8.548,8.6389,8.548,8.548,0,0
MFO_PE,D,20140828,000000,8.548,8.7299,8.548,8.6389,0,0
MFO_PE,D,20140829,000000,8.7299,9.0031,8.7299,9.0031,0,0
MFO_PE,D,20140901,000000,8.3661,8.8208,8.3661,8.8208,0,0
MFO_PE,D,20140903,000000,8.8208,8.8208,8.8208,8.8208,0,0
MFO_PE,D,20140904,000000,8.548,8.7299,8.548,8.7299,0,0
MFO_PE,D,20140905,000000,8.7299,8.8208,8.7299,8.8208,0,0
MFO_PE,D,20140908,000000,8.9118,8.9118,8.3661,8.3661,0,0
MFO_PE,D,20140909,000000,8.7299,8.8208,8.7299,8.8208,0,0
MFO_PE,D,20140910,000000,8.457,8.457,8.457,8.457,0,0
MFO_PE,D,20140911,000000,8.457,8.8208,8.457,8.8208,0,0
MFO_PE,D,20140912,000000,8.6389,8.6389,8.548,8.548,0,0
MFO_PE,D,20140915,000000,8.7299,8.8208,8.7299,8.8208,0,0
MFO_PE,D,20140916,000000,8.6389,8.8208,8.6389,8.8208,0,0
MFO_PE,D,20140917,000000,8.6389,8.8208,8.457,8.7299,0,0
MFO_PE,D,20140918,000000,8.7299,8.7299,8.3661,8.3661,0,0
MFO_PE,D,20140919,000000,8.6389,8.7299,8.6389,8.7299,0,0
MFO_PE,D,20140922,000000,8.7299,8.7299,8.7299,8.7299,0,0
MFO_PE,D,20140923,000000,8.457,8.7299,8.457,8.7299,0,0
MFO_PE,D,20140924,000000,8.457,8.7299,8.457,8.7299,0,0
MFO_PE,D,20140925,000000,8.7299,8.7299,8.7299,8.7299,0,0
MFO_PE,D,20140926,000000,8.3661,8.3661,8.2751,8.2751,0,0
MFO_PE,D,20140929,000000,8.3661,8.457,8.0932,8.0932,0,0
MFO_PE,D,20140930,000000,8.457,8.457,8.457,8.457,0,0
MFO_PE,D,20141001,000000,8.6389,8.6389,8.1842,8.548,0,0
MFO_PE,D,20141002,000000,8.457,8.457,8.457,8.457,0,0
MFO_PE,D,20141003,000000,8.457,8.457,8.1842,8.2751,0,0
MFO_PE,D,20141006,000000,8.548,8.548,8.457,8.457,0,0
MFO_PE,D,20141007,000000,8.457,8.457,8.457,8.457,0,0
MFO_PE,D,20141008,000000,8.457,8.457,8.457,8.457,0,0
MFO_PE,D,20141009,000000,8.457,8.457,8.3661,8.3661,0,0
MFO_PE,D,20141010,000000,8.1842,8.3661,8.0932,8.3661,0,0
MFO_PE,D,20141013,000000,8.1842,8.3661,8.1842,8.3661,0,0
MFO_PE,D,20141014,000000,8.2751,8.3661,8.2751,8.3661,0,0
MFO_PE,D,20141015,000000,8.1842,8.3661,8.0932,8.3661,0,0
MFO_PE,D,20141016,000000,8.0932,8.457,8.0023,8.3661,0,0
MFO_PE,D,20141017,000000,8.3661,8.3661,8.0023,8.3661,0,0
MFO_PE,D,20141020,000000,8.3661,8.3661,8.3661,8.3661,0,0
MFO_PE,D,20141021,000000,8.2751,8.2751,8.1842,8.1842,0,0
MFO_PE,D,20141022,000000,8.1842,8.1842,8.0932,8.0932,0,0
MFO_PE,D,20141023,000000,8.0932,8.2751,8.0932,8.0932,0,0
MFO_PE,D,20141024,000000,8.1842,8.2751,8.1842,8.2751,0,0
MFO_PE,D,20141027,000000,8.0023,8.0023,8.0023,8.0023,0,0
MFO_PE,D,20141028,000000,8.1842,8.1842,7.9114,8.1842,0,0
MFO_PE,D,20141029,000000,8.0023,8.1842,7.9114,8.1842,0,0
MFO_PE,D,20141030,000000,8.0932,8.1842,8.0932,8.1842,0,0
MFO_PE,D,20141031,000000,8.0023,8.1842,8.0023,8.1842,0,0
MFO_PE,D,20141104,000000,8.1842,8.1842,8.1842,8.1842,0,0
MFO_PE,D,20141105,000000,8.0023,8.3661,8.0023,8.3661,0,0
MFO_PE,D,20141106,000000,8.3661,9.0031,8.3661,9.0031,0,0
MFO_PE,D,20141107,000000,8.3661,8.6389,8.3661,8.6389,0,0
MFO_PE,D,20141110,000000,9.0031,9.0031,9.0031,9.0031,0,0
MFO_PE,D,20141112,000000,8.548,8.7299,8.2751,8.7299,0,0
MFO_PE,D,20141113,000000,8.8208,8.8208,8.8208,8.8208,0,0
MFO_PE,D,20141117,000000,8.8208,8.8208,8.7299,8.7299,0,0
MFO_PE,D,20141118,000000,8.6389,8.6389,8.457,8.457,0,0
MFO_PE,D,20141119,000000,8.0932,8.457,8.0932,8.3661,0,0
MFO_PE,D,20141120,000000,8.3661,8.3661,8.3661,8.3661,0,0
MFO_PE,D,20141121,000000,8.2751,8.3661,8.2751,8.3661,0,0
MFO_PE,D,20141124,000000,8.3661,8.3661,8.3661,8.3661,0,0
MFO_PE,D,20141125,000000,8.2751,8.3661,8.2751,8.2751,0,0
MFO_PE,D,20141126,000000,8.2751,8.2751,8.2751,8.2751,0,0
MFO_PE,D,20141127,000000,8.0932,8.0932,8.0932,8.0932,0,0
MFO_PE,D,20141128,000000,8.0932,8.2751,8.0932,8.2751,0,0
MFO_PE,D,20141201,000000,8.2751,8.2751,8.2751,8.2751,0,0
MFO_PE,D,20141202,000000,8.2751,8.2751,8.2751,8.2751,0,0
MFO_PE,D,20141203,000000,8.0932,8.2751,8.0932,8.2751,0,0
MFO_PE,D,20141204,000000,8.2751,8.2751,8.2751,8.2751,0,0
MFO_PE,D,20141205,000000,8.0023,8.0932,8.0023,8.0023,0,0
MFO_PE,D,20141208,000000,8.0023,8.2751,8.0023,8.2751,0,0
MFO_PE,D,20141209,000000,8.2751,8.2751,8.2751,8.2751,0,0
MFO_PE,D,20141210,000000,8.0932,8.0932,8.0932,8.0932,0,0
MFO_PE,D,20141211,000000,8.0023,8.2751,8.0023,8.1842,0,0
MFO_PE,D,20141212,000000,7.6386,8.0932,7.6386,8.0932,0,0
MFO_PE,D,20141215,000000,8.0932,8.3661,8.0932,8.3661,0,0
MFO_PE,D,20141216,000000,8.1842,8.1842,7.8205,8.0932,0,0
MFO_PE,D,20141217,000000,8.0932,8.2751,8.0932,8.2751,0,0
MFO_PE,D,20141218,000000,8.1842,8.1842,7.9114,8.0023,0,0
MFO_PE,D,20141219,000000,8.0932,8.3661,8.0023,8.0023,0,0
MFO_PE,D,20141222,000000,7.9114,7.9114,7.7295,7.7295,0,0
MFO_PE,D,20141223,000000,7.7295,8.0932,7.5476,7.7295,0,0
MFO_PE,D,20141229,000000,7.7295,8.0932,7.7295,8.0932,0,0
MFO_PE,D,20141230,000000,7.8205,8.2751,7.8205,8.1842,0,0
MFO_PE,D,20150102,000000,7.8205,8.457,7.8205,8.457,0,0
MFO_PE,D,20150105,000000,8.0023,8.457,8.0023,8.0023,0,0
MFO_PE,D,20150107,000000,7.8205,8.3661,7.8205,8.3661,0,0
MFO_PE,D,20150108,000000,7.9114,7.9114,7.9114,7.9114,0,0
MFO_PE,D,20150109,000000,8.1842,8.1842,7.9114,7.9114,0,0
MFO_PE,D,20150112,000000,7.9114,8.1842,7.9114,8.0023,0,0
MFO_PE,D,20150113,000000,8.1842,8.1842,8.1842,8.1842,0,0
MFO_PE,D,20150114,000000,8.2751,8.2751,8.1842,8.1842,0,0
MFO_PE,D,20150115,000000,8.0932,8.1842,8.0023,8.1842,0,0
MFO_PE,D,20150116,000000,8.1842,8.1842,7.7295,7.9114,0,0
MFO_PE,D,20150119,000000,8.1842,8.1842,8.1842,8.1842,0,0
MFO_PE,D,20150120,000000,7.8205,8.1842,7.7295,8.1842,0,0
MFO_PE,D,20150122,000000,7.8205,7.8205,7.7295,7.7295,0,0
MFO_PE,D,20150123,000000,8.0932,8.0932,7.9114,8.0023,0,0
MFO_PE,D,20150126,000000,8.0023,8.0023,7.8205,8.0023,0,0
MFO_PE,D,20150127,000000,8.0023,8.0023,8.0023,8.0023,0,0
MFO_PE,D,20150128,000000,8.0023,8.0023,8.0023,8.0023,0,0
MFO_PE,D,20150129,000000,8.0023,8.0023,8.0023,8.0023,0,0
MFO_PE,D,20150130,000000,8.0023,8.1842,8.0023,8.1842,0,0
MFO_PE,D,20150202,000000,7.7295,7.8205,7.7295,7.8205,0,0
MFO_PE,D,20150203,000000,7.8205,8.0932,7.8205,7.8205,0,0
MFO_PE,D,20150204,000000,8.0932,8.0932,7.8205,8.0932,0,0
MFO_PE,D,20150205,000000,7.8205,8.0932,7.8205,7.9114,0,0
MFO_PE,D,20150206,000000,7.8205,8.0932,7.8205,7.9114,0,0
MFO_PE,D,20150209,000000,8.0932,8.0932,8.0932,8.0932,0,0
MFO_PE,D,20150210,000000,8.0023,8.3661,7.9114,8.3661,0,0
MFO_PE,D,20150211,000000,8.3661,8.3661,8.3661,8.3661,0,0
MFO_PE,D,20150212,000000,8.3661,8.3661,8.2751,8.2751,0,0
MFO_PE,D,20150213,000000,8.2751,8.548,8.0932,8.548,0,0
MFO_PE,D,20150216,000000,8.548,8.7299,8.548,8.7299,0,0
MFO_PE,D,20150217,000000,8.7299,8.9118,8.7299,8.8208,0,0
MFO_PE,D,20150218,000000,8.6389,8.8208,8.548,8.8208,0,0
MFO_PE,D,20150219,000000,8.3661,8.7299,8.3661,8.7299,0,0
MFO_PE,D,20150223,000000,8.3661,8.7299,8.3661,8.7299,0,0
MFO_PE,D,20150224,000000,8.7299,8.7299,8.7299,8.7299,0,0
MFO_PE,D,20150225,000000,8.7299,8.8208,8.457,8.8208,0,0
MFO_PE,D,20150226,000000,8.8208,8.8208,8.8208,8.8208,0,0
MFO_PE,D,20150227,000000,8.8208,8.8208,8.8208,8.8208,0,0
MFO_PE,D,20150302,000000,8.7299,9.1846,8.7299,8.8208,0,0
MFO_PE,D,20150303,000000,9.1846,9.1846,8.8208,8.8208,0,0
MFO_PE,D,20150304,000000,8.9118,8.9118,8.9118,8.9118,0,0
MFO_PE,D,20150305,000000,8.9118,9.0031,8.9118,9.0031,0,0
MFO_PE,D,20150306,000000,9.0928,9.1846,8.8208,8.9118,0,0
MFO_PE,D,20150309,000000,8.8208,9.0928,8.8208,9.0031,0,0
MFO_PE,D,20150310,000000,9.0031,9.0928,8.8208,9.0928,0,0
MFO_PE,D,20150312,000000,9.0928,9.2762,9.0928,9.1846,0,0
MFO_PE,D,20150316,000000,9.1846,9.2762,9.1846,9.2762,0,0
MFO_PE,D,20150317,000000,9.2762,9.3659,9.2762,9.3659,0,0
MFO_PE,D,20150318,000000,9.3659,9.549,9.3659,9.4575,0,0
MFO_PE,D,20150319,000000,9.4575,9.4575,9.2762,9.4575,0,0
MFO_PE,D,20150320,000000,9.639,9.639,9.4575,9.639,0,0
MFO_PE,D,20150323,000000,9.2762,9.822,8.0932,8.0932,0,0
MFO_PE,D,20150324,000000,8.3661,8.3661,8.0932,8.2751,0,0
MFO_PE,D,20150325,000000,8.3661,8.457,8.3661,8.457,0,0
MFO_PE,D,20150326,000000,8.1842,8.1842,8.0932,8.0932,0,0
MFO_PE,D,20150327,000000,8.3661,8.3661,8.3661,8.3661,0,0
MFO_PE,D,20150330,000000,8.2751,8.2751,8.2751,8.2751,0,0
MFO_PE,D,20150331,000000,8.0932,8.2751,7.9114,7.9114,0,0
MFO_PE,D,20150401,000000,7.9114,8.2751,7.9114,8.2751,0,0
MFO_PE,D,20150407,000000,8.0023,8.0023,7.9114,7.9114,0,0
MFO_PE,D,20150408,000000,8.0023,8.1842,7.9114,8.1842,0,0
MFO_PE,D,20150409,000000,8.1842,8.2751,8.1842,8.1842,0,0
MFO_PE,D,20150410,000000,8.1842,8.1842,8.1842,8.1842,0,0
MFO_PE,D,20150413,000000,7.9114,8.1842,7.9114,8.0023,0,0
MFO_PE,D,20150414,000000,8.2751,8.2751,8.2751,8.2751,0,0
MFO_PE,D,20150415,000000,8.0023,8.0023,8.0023,8.0023,0,0
MFO_PE,D,20150416,000000,8.1842,8.2751,8.1842,8.2751,0,0
MFO_PE,D,20150417,000000,8.2751,8.2751,8.2751,8.2751,0,0
MFO_PE,D,20150420,000000,8.2751,8.2751,8.2751,8.2751,0,0
MFO_PE,D,20150421,000000,8.2751,8.3661,8.2751,8.2751,0,0
MFO_PE,D,20150422,000000,8.2751,8.2751,8.0932,8.0932,0,0
MFO_PE,D,20150423,000000,8.0932,8.3661,8.0932,8.3661,0,0
MFO_PE,D,20150424,000000,8.3661,8.3661,8.3661,8.3661,0,0
MFO_PE,D,20150427,000000,8.3661,8.3661,8.3661,8.3661,0,0
MFO_PE,D,20150428,000000,8.0932,8.0932,8.0932,8.0932,0,0
MFO_PE,D,20150429,000000,8.3661,8.3661,8.2751,8.2751,0,0
MFO_PE,D,20150430,000000,8.3661,8.3661,8.0932,8.0932,0,0
MFO_PE,D,20150504,000000,8.3661,8.3661,8.3661,8.3661,0,0
MFO_PE,D,20150505,000000,8.3661,8.3661,8.3661,8.3661,0,0
MFO_PE,D,20150506,000000,8.0932,8.0932,8.0932,8.0932,0,0
MFO_PE,D,20150507,000000,8.0932,8.3661,8.0932,8.3661,0,0
MFO_PE,D,20150508,000000,8.3661,8.3661,8.3661,8.3661,0,0
MFO_PE,D,20150511,000000,8.3661,8.457,8.3661,8.457,0,0
MFO_PE,D,20150512,000000,8.457,8.457,8.3661,8.3661,0,0
MFO_PE,D,20150513,000000,8.3661,8.6389,8.3661,8.6389,0,0
MFO_PE,D,20150514,000000,8.6389,8.6389,8.3661,8.6389,0,0
MFO_PE,D,20150515,000000,8.548,8.6389,8.457,8.457,0,0
MFO_PE,D,20150518,000000,8.457,8.548,8.457,8.548,0,0
MFO_PE,D,20150519,000000,8.457,8.548,8.457,8.548,0,0
MFO_PE,D,20150520,000000,8.548,8.548,8.457,8.457,0,0
MFO_PE,D,20150521,000000,8.3661,8.457,8.3661,8.457,0,0
MFO_PE,D,20150522,000000,8.457,8.548,8.457,8.457,0,0
MFO_PE,D,20150525,000000,8.3661,8.3661,8.1842,8.2751,0,0
MFO_PE,D,20150526,000000,8.548,8.548,8.2751,8.2751,0,0
MFO_PE,D,20150527,000000,8.2751,8.8208,8.2751,8.8208,0,0
MFO_PE,D,20150528,000000,8.8208,8.8208,8.8208,8.8208,0,0
MFO_PE,D,20150529,000000,8.7299,8.8208,8.457,8.548,0,0
MFO_PE,D,20150601,000000,8.3661,8.6389,8.3661,8.6389,0,0
MFO_PE,D,20150602,000000,8.457,8.457,8.457,8.457,0,0
MFO_PE,D,20150603,000000,8.8208,8.8208,8.8208,8.8208,0,0
MFO_PE,D,20150605,000000,8.8208,8.8208,8.8208,8.8208,0,0
MFO_PE,D,20150608,000000,8.548,8.8208,8.548,8.8208,0,0
MFO_PE,D,20150609,000000,8.457,8.457,8.457,8.457,0,0
MFO_PE,D,20150610,000000,8.548,8.548,8.3661,8.3661,0,0
MFO_PE,D,20150611,000000,8.548,8.548,8.457,8.457,0,0
MFO_PE,D,20150612,000000,8.2751,8.457,8.2751,8.457,0,0
MFO_PE,D,20150615,000000,8.1842,8.2751,8.1842,8.2751,0,0
MFO_PE,D,20150616,000000,8.0932,8.0932,7.7295,8.0932,0,0
MFO_PE,D,20150617,000000,8.457,8.457,8.457,8.457,0,0
MFO_PE,D,20150622,000000,8.0932,8.1842,8.0932,8.1842,0,0
MFO_PE,D,20150623,000000,7.9114,8.548,7.9114,8.457,0,0
MFO_PE,D,20150624,000000,7.8205,8.457,7.8205,8.457,0,0
MFO_PE,D,20150625,000000,7.8205,8.3661,7.8205,8.3661,0,0
MFO_PE,D,20150626,000000,8.457,8.457,8.457,8.457,0,0
MFO_PE,D,20150629,000000,8.1922,8.6576,7.7267,8.6576,0,0
MFO_PE,D,20150701,000000,7.9129,8.6576,7.9129,8.6576,0,0
MFO_PE,D,20150702,000000,8.2852,8.2852,8.1922,8.1922,0,0
MFO_PE,D,20150703,000000,8.0059,8.0059,8.0059,8.0059,0,0
MFO_PE,D,20150706,000000,7.9129,7.9129,7.9129,7.9129,0,0
MFO_PE,D,20150707,000000,7.9129,7.9129,7.9129,7.9129,0,0
MFO_PE,D,20150709,000000,7.7267,7.9129,7.6335,7.9129,0,0
MFO_PE,D,20150710,000000,7.7267,8.1922,7.7267,8.099,0,0
MFO_PE,D,20150713,000000,8.099,8.099,8.099,8.099,0,0
MFO_PE,D,20150715,000000,8.2852,8.2852,8.2852,8.2852,0,0
MFO_PE,D,20150716,000000,8.1922,8.2852,8.1922,8.2852,0,0
MFO_PE,D,20150720,000000,8.0059,8.0059,8.0059,8.0059,0,0
MFO_PE,D,20150721,000000,8.0059,8.2852,8.0059,8.2852,0,0
MFO_PE,D,20150722,000000,8.2852,8.2852,8.2852,8.2852,0,0
MFO_PE,D,20150723,000000,8.1922,8.1922,8.1922,8.1922,0,0
MFO_PE,D,20150724,000000,8.2852,8.2852,8.2852,8.2852,0,0
MFO_PE,D,20150729,000000,8.1922,8.4714,8.1922,8.4714,0,0
MFO_PE,D,20150730,000000,8.1922,8.4714,8.1922,8.4714,0,0
MFO_PE,D,20150731,000000,8.4714,8.5645,8.4714,8.4714,0,0
MFO_PE,D,20150805,000000,8.4714,8.4714,8.4714,8.4714,0,0
MFO_PE,D,20150806,000000,8.4714,8.5645,8.4714,8.5645,0,0
MFO_PE,D,20150807,000000,8.5645,8.5645,8.4714,8.4714,0,0
MFO_PE,D,20150810,000000,8.4714,8.5645,8.4714,8.5645,0,0
MFO_PE,D,20150811,000000,8.5645,8.5645,8.5645,8.5645,0,0
MFO_PE,D,20150812,000000,8.4714,8.4714,8.4714,8.4714,0,0
MFO_PE,D,20150813,000000,8.3783,8.4714,8.099,8.4714,0,0
MFO_PE,D,20150814,000000,8.2852,8.4714,8.2852,8.3783,0,0
MFO_PE,D,20150817,000000,8.2852,8.3783,8.2852,8.3783,0,0
MFO_PE,D,20150818,000000,8.3783,8.3783,8.3783,8.3783,0,0
MFO_PE,D,20150819,000000,8.2852,8.2852,8.2852,8.2852,0,0
MFO_PE,D,20150820,000000,8.2852,8.4714,8.2852,8.3783,0,0
MFO_PE,D,20150821,000000,8.3783,8.3783,8.3783,8.3783,0,0
MFO_PE,D,20150824,000000,8.3783,8.3783,7.8198,8.0059,0,0
MFO_PE,D,20150825,000000,7.7267,8.1922,7.7267,8.1922,0,0
MFO_PE,D,20150826,000000,8.0059,8.0059,7.5404,7.6335,0,0
MFO_PE,D,20150827,000000,7.7267,8.0059,7.7267,7.9129,0,0
MFO_PE,D,20150828,000000,8.0059,8.1922,8.0059,8.099,0,0
MFO_PE,D,20150831,000000,7.8198,7.9129,7.8198,7.9129,0,0
MFO_PE,D,20150901,000000,8.099,8.099,7.9129,7.9129,0,0
MFO_PE,D,20150902,000000,7.9129,8.0059,7.9129,8.0059,0,0
MFO_PE,D,20150903,000000,7.9129,7.9129,7.9129,7.9129,0,0
MFO_PE,D,20150904,000000,7.9129,7.9129,7.9129,7.9129,0,0
MFO_PE,D,20150907,000000,8.0059,8.0059,8.0059,8.0059,0,0
MFO_PE,D,20150908,000000,8.0059,8.0059,7.9129,7.9129,0,0
MFO_PE,D,20150909,000000,7.9129,7.9129,7.9129,7.9129,0,0
MFO_PE,D,20150910,000000,7.9129,7.9129,7.9129,7.9129,0,0
MFO_PE,D,20150911,000000,7.9129,7.9129,7.9129,7.9129,0,0
MFO_PE,D,20150914,000000,7.9129,7.9129,7.9129,7.9129,0,0
MFO_PE,D,20150915,000000,7.9129,7.9129,7.6335,7.6335,0,0
MFO_PE,D,20150916,000000,7.6335,8.0059,7.6335,7.6335,0,0
MFO_PE,D,20150917,000000,7.3543,7.6335,7.3543,7.6335,0,0
MFO_PE,D,20150918,000000,7.6335,7.8198,7.6335,7.6335,0,0
MFO_PE,D,20150921,000000,7.8198,7.8198,7.8198,7.8198,0,0
MFO_PE,D,20150922,000000,7.9129,7.9129,7.8198,7.8198,0,0
MFO_PE,D,20150923,000000,7.8198,7.8198,7.8198,7.8198,0,0
MFO_PE,D,20150924,000000,7.8198,7.8198,7.8198,7.8198,0,0
MFO_PE,D,20150925,000000,7.9129,7.9129,7.6335,7.9129,0,0
MFO_PE,D,20150928,000000,8.0059,8.2852,8.0059,8.2852,0,0
MFO_PE,D,20150929,000000,8.2852,8.2852,8.2852,8.2852,0,0
MFO_PE,D,20150930,000000,8.2852,8.2852,8.2852,8.2852,0,0
MFO_PE,D,20151005,000000,8.099,8.099,8.0059,8.0059,0,0
MFO_PE,D,20151006,000000,8.0059,8.0059,8.0059,8.0059,0,0
MFO_PE,D,20151007,000000,8.0059,8.0059,8.0059,8.0059,0,0
MFO_PE,D,20151008,000000,8.0059,8.0059,8.0059,8.0059,0,0
MFO_PE,D,20151009,000000,8.0059,8.0059,8.0059,8.0059,0,0
MFO_PE,D,20151012,000000,8.0059,8.0059,7.8198,8.0059,0,0
MFO_PE,D,20151013,000000,8.0059,8.0059,7.8198,7.8198,0,0
MFO_PE,D,20151014,000000,8.0059,8.0059,8.0059,8.0059,0,0
MFO_PE,D,20151015,000000,7.9129,8.0059,7.9129,8.0059,0,0
MFO_PE,D,20151016,000000,8.0059,8.0059,7.7267,8.0059,0,0
MFO_PE,D,20151019,000000,8.099,8.099,8.0059,8.0059,0,0
MFO_PE,D,20151020,000000,8.0059,8.0059,8.0059,8.0059,0,0
MFO_PE,D,20151021,000000,8.0059,8.0059,8.0059,8.0059,0,0
MFO_PE,D,20151022,000000,7.9129,8.0059,7.9129,8.0059,0,0
MFO_PE,D,20151023,000000,8.0059,8.0059,8.0059,8.0059,0,0
MFO_PE,D,20151026,000000,8.0059,8.0059,8.0059,8.0059,0,0
MFO_PE,D,20151027,000000,8.0059,8.0059,8.0059,8.0059,0,0
MFO_PE,D,20151028,000000,8.0059,8.099,8.0059,8.0059,0,0
MFO_PE,D,20151030,000000,7.8198,7.8198,7.8198,7.8198,0,0
MFO_PE,D,20151102,000000,7.9129,7.9129,7.7267,7.8198,0,0
MFO_PE,D,20151103,000000,8.0059,8.0059,7.9129,7.9129,0,0
MFO_PE,D,20151104,000000,7.9129,7.9129,7.9129,7.9129,0,0
MFO_PE,D,20151105,000000,7.9129,7.9129,7.9129,7.9129,0,0
MFO_PE,D,20151106,000000,7.9129,8.0059,7.8198,8.0059,0,0
MFO_PE,D,20151109,000000,8.0059,8.0059,7.7267,7.8198,0,0
MFO_PE,D,20151110,000000,8.0059,8.099,8.0059,8.0059,0,0
MFO_PE,D,20151112,000000,7.9129,8.1922,7.9129,8.1922,0,0
MFO_PE,D,20151113,000000,8.1922,8.2852,8.1922,8.2852,0,0
MFO_PE,D,20151116,000000,8.2852,8.2852,8.0059,8.0059,0,0
MFO_PE,D,20151117,000000,8.0059,8.099,8.0059,8.099,0,0
MFO_PE,D,20151118,000000,8.099,8.099,8.099,8.099,0,0
MFO_PE,D,20151119,000000,8.099,8.099,8.099,8.099,0,0
MFO_PE,D,20151120,000000,8.0059,8.099,8.0059,8.099,0,0
MFO_PE,D,20151123,000000,8.099,8.099,8.099,8.099,0,0
MFO_PE,D,20151124,000000,8.099,8.2852,7.7267,8.099,0,0
MFO_PE,D,20151125,000000,8.099,8.099,8.099,8.099,0,0
MFO_PE,D,20151126,000000,8.099,8.099,8.099,8.099,0,0
MFO_PE,D,20151127,000000,8.0059,8.0059,8.0059,8.0059,0,0
MFO_PE,D,20151130,000000,7.8198,7.8198,7.8198,7.8198,0,0
MFO_PE,D,20151201,000000,8.0059,8.0059,7.8198,7.8198,0,0
MFO_PE,D,20151202,000000,8.0059,8.0059,8.0059,8.0059,0,0
MFO_PE,D,20151203,000000,7.8198,7.8198,7.8198,7.8198,0,0
MFO_PE,D,20151204,000000,8.0059,8.0059,7.8198,7.8198,0,0
MFO_PE,D,20151207,000000,7.8198,7.8198,7.8198,7.8198,0,0
MFO_PE,D,20151208,000000,7.7267,7.7267,7.7267,7.7267,0,0
MFO_PE,D,20151210,000000,7.7267,7.7267,7.7267,7.7267,0,0
MFO_PE,D,20151211,000000,7.8198,7.8198,7.8198,7.8198,0,0
MFO_PE,D,20151214,000000,7.4474,7.4474,7.1681,7.4474,0,0
MFO_PE,D,20151215,000000,7.4474,7.7267,7.4474,7.7267,0,0
MFO_PE,D,20151216,000000,7.4474,7.8198,7.4474,7.8198,0,0
MFO_PE,D,20151221,000000,7.4474,7.8198,7.4474,7.8198,0,0
MFO_PE,D,20151222,000000,7.5404,7.8198,7.5404,7.8198,0,0
MFO_PE,D,20151223,000000,7.8198,8.099,7.8198,8.099,0,0
MFO_PE,D,20151228,000000,8.0059,8.0059,7.8198,8.0059,0,0
MFO_PE,D,20151229,000000,8.0059,8.099,8.0059,8.099,0,0
MFO_PE,D,20151230,000000,7.8198,8.099,7.8198,8.099,0,0
MFO_PE,D,20160104,000000,7.8198,7.8198,7.8198,7.8198,0,0
MFO_PE,D,20160105,000000,8.099,8.099,8.099,8.099,0,0
MFO_PE,D,20160107,000000,7.8198,8.0059,7.8198,8.0059,0,0
MFO_PE,D,20160111,000000,8.0059,8.0059,8.0059,8.0059,0,0
MFO_PE,D,20160112,000000,8.0059,8.0059,8.0059,8.0059,0,0
MFO_PE,D,20160113,000000,8.0059,8.0059,7.7267,7.8198,0,0
MFO_PE,D,20160114,000000,7.5404,7.8198,7.4474,7.7267,0,0
MFO_PE,D,20160118,000000,7.4474,7.8198,7.4474,7.8198,0,0
MFO_PE,D,20160119,000000,7.8198,7.8198,7.8198,7.8198,0,0
MFO_PE,D,20160120,000000,7.5404,7.7267,7.4474,7.7267,0,0
MFO_PE,D,20160121,000000,7.7267,7.7267,7.7267,7.7267,0,0
MFO_PE,D,20160122,000000,7.3543,8.099,7.3543,8.0059,0,0
MFO_PE,D,20160125,000000,7.3543,7.3543,7.3543,7.3543,0,0
MFO_PE,D,20160126,000000,7.3543,7.3543,7.2613,7.2613,0,0
MFO_PE,D,20160127,000000,7.6335,7.6335,7.6335,7.6335,0,0
MFO_PE,D,20160128,000000,7.6335,7.6335,7.6335,7.6335,0,0
MFO_PE,D,20160129,000000,7.7267,7.7267,7.2613,7.7267,0,0
MFO_PE,D,20160204,000000,7.7267,7.7267,7.7267,7.7267,0,0
MFO_PE,D,20160205,000000,7.2613,7.8198,7.2613,7.8198,0,0
MFO_PE,D,20160208,000000,7.8198,7.8198,7.6335,7.6335,0,0
MFO_PE,D,20160209,000000,7.8198,7.8198,7.8198,7.8198,0,0
MFO_PE,D,20160210,000000,8.0059,8.0059,7.9129,7.9129,0,0
MFO_PE,D,20160215,000000,7.8198,7.9129,7.8198,7.9129,0,0
MFO_PE,D,20160216,000000,7.9129,7.9129,7.5404,7.5404,0,0
MFO_PE,D,20160217,000000,7.5404,7.5404,7.4474,7.4474,0,0
MFO_PE,D,20160218,000000,7.4474,7.4474,7.4474,7.4474,0,0
MFO_PE,D,20160219,000000,7.5404,7.5404,7.5404,7.5404,0,0
MFO_PE,D,20160222,000000,7.6335,7.6335,7.5404,7.5404,0,0
MFO_PE,D,20160223,000000,7.5404,7.9129,7.5404,7.9129,0,0
MFO_PE,D,20160226,000000,7.6335,7.6335,7.2613,7.2613,0,0
MFO_PE,D,20160229,000000,7.3543,7.7267,7.3543,7.7267,0,0
MFO_PE,D,20160302,000000,7.7267,7.7267,7.7267,7.7267,0,0
MFO_PE,D,20160303,000000,7.9129,7.9129,7.9129,7.9129,0,0
MFO_PE,D,20160304,000000,7.7267,7.8198,7.7267,7.8198,0,0
MFO_PE,D,20160307,000000,7.8198,7.8198,7.8198,7.8198,0,0
MFO_PE,D,20160308,000000,7.8198,8.0059,7.8198,7.9129,0,0
MFO_PE,D,20160309,000000,7.9129,7.9129,7.9129,7.9129,0,0
MFO_PE,D,20160310,000000,7.9129,7.9129,7.9129,7.9129,0,0
MFO_PE,D,20160311,000000,7.9129,7.9129,7.9129,7.9129,0,0
MFO_PE,D,20160314,000000,7.9129,7.9129,7.9129,7.9129,0,0
MFO_PE,D,20160315,000000,7.9129,7.9129,7.5404,7.6335,0,0
MFO_PE,D,20160316,000000,7.9129,7.9129,7.9129,7.9129,0,0
MFO_PE,D,20160317,000000,7.9129,7.9129,7.6335,7.9129,0,0
MFO_PE,D,20160318,000000,8.099,8.4714,8.099,8.3783,0,0
MFO_PE,D,20160321,000000,8.2852,8.2852,7.2613,7.2613,0,0
MFO_PE,D,20160322,000000,7.2613,7.3543,7.2613,7.3543,0,0
MFO_PE,D,20160323,000000,7.3543,7.6335,7.1681,7.6335,0,0
MFO_PE,D,20160324,000000,7.2613,7.6335,7.2613,7.6335,0,0
MFO_PE,D,20160329,000000,7.6335,7.6335,7.5404,7.5404,0,0
MFO_PE,D,20160330,000000,7.5404,7.5404,7.5404,7.5404,0,0
MFO_PE,D,20160331,000000,7.5404,7.5404,7.5404,7.5404,0,0
MFO_PE,D,20160401,000000,7.5404,7.6335,7.5404,7.6335,0,0
MFO_PE,D,20160404,000000,7.6335,7.8198,7.6335,7.8198,0,0
MFO_PE,D,20160405,000000,7.6335,7.8198,7.6335,7.6335,0,0
MFO_PE,D,20160406,000000,7.6335,7.8198,7.6335,7.8198,0,0
MFO_PE,D,20160407,000000,7.7267,7.7267,7.7267,7.7267,0,0
MFO_PE,D,20160408,000000,7.7267,7.8198,7.7267,7.8198,0,0
MFO_PE,D,20160411,000000,7.7267,7.7267,7.7267,7.7267,0,0
MFO_PE,D,20160412,000000,7.6335,7.6335,7.6335,7.6335,0,0
MFO_PE,D,20160413,000000,7.4474,7.4474,7.2613,7.3543,0,0
MFO_PE,D,20160414,000000,7.4474,7.4474,7.4474,7.4474,0,0
MFO_PE,D,20160415,000000,7.4474,7.4474,7.4474,7.4474,0,0
MFO_PE,D,20160418,000000,7.3543,7.3543,7.3543,7.3543,0,0
MFO_PE,D,20160419,000000,7.3543,7.3543,7.3543,7.3543,0,0
MFO_PE,D,20160420,000000,7.2613,7.2613,7.075,7.1681,0,0
MFO_PE,D,20160421,000000,7.6335,7.6335,6.8888,7.4474,0,0
MFO_PE,D,20160422,000000,7.4474,7.4474,7.4474,7.4474,0,0
MFO_PE,D,20160425,000000,7.4474,7.4474,7.4474,7.4474,0,0
MFO_PE,D,20160426,000000,7.4474,7.4474,7.4474,7.4474,0,0
MFO_PE,D,20160427,000000,7.5404,7.8198,7.5404,7.7267,0,0
MFO_PE,D,20160428,000000,7.7267,7.8198,7.7267,7.8198,0,0
MFO_PE,D,20160429,000000,7.8198,8.099,7.8198,8.099,0,0
MFO_PE,D,20160502,000000,7.9129,8.3783,7.9129,8.3783,0,0
MFO_PE,D,20160504,000000,8.2852,9.1231,8.1922,8.9368,0,0
MFO_PE,D,20160505,000000,8.9368,9.0295,8.8438,8.9368,0,0
MFO_PE,D,20160506,000000,8.9368,8.9368,8.8438,8.8438,0,0
MFO_PE,D,20160509,000000,8.8438,8.8438,8.4714,8.6576,0,0
MFO_PE,D,20160510,000000,8.4714,8.6576,8.4714,8.6576,0,0
MFO_PE,D,20160511,000000,8.4714,8.4714,8.4714,8.4714,0,0
MFO_PE,D,20160512,000000,8.5645,8.6576,8.3783,8.6576,0,0
MFO_PE,D,20160513,000000,8.6576,8.6576,7.3543,7.3543,0,0
MFO_PE,D,20160516,000000,7.2613,7.3543,7.2613,7.2613,0,0
MFO_PE,D,20160517,000000,7.1681,7.3543,7.1681,7.2613,0,0
MFO_PE,D,20160518,000000,7.3543,7.3543,7.3543,7.3543,0,0
MFO_PE,D,20160519,000000,7.2613,7.2613,7.2613,7.2613,0,0
MFO_PE,D,20160520,000000,7.2613,7.3543,7.2613,7.3543,0,0
MFO_PE,D,20160523,000000,7.3543,7.3543,7.3543,7.3543,0,0
MFO_PE,D,20160524,000000,7.3543,7.3543,7.3543,7.3543,0,0
MFO_PE,D,20160525,000000,7.075,7.3543,7.075,7.3543,0,0
MFO_PE,D,20160527,000000,7.3543,7.5404,7.3543,7.5404,0,0
MFO_PE,D,20160530,000000,7.3543,7.4474,7.3543,7.4474,0,0
MFO_PE,D,20160531,000000,7.4474,7.4474,7.1681,7.4474,0,0
MFO_PE,D,20160601,000000,7.075,7.4474,7.075,7.4474,0,0
MFO_PE,D,20160602,000000,7.4474,7.4474,7.3543,7.3543,0,0
MFO_PE,D,20160603,000000,7.4474,7.4474,7.4474,7.4474,0,0
MFO_PE,D,20160606,000000,7.4474,7.4474,7.4474,7.4474,0,0
MFO_PE,D,20160607,000000,7.4474,7.4474,7.4474,7.4474,0,0
MFO_PE,D,20160608,000000,7.4474,7.4474,7.4474,7.4474,0,0
MFO_PE,D,20160609,000000,7.4474,7.4474,7.3543,7.4474,0,0
MFO_PE,D,20160613,000000,7.2613,7.2613,6.7958,7.2613,0,0
MFO_PE,D,20160615,000000,7.075,7.075,7.075,7.075,0,0
MFO_PE,D,20160616,000000,6.8888,6.8888,6.7958,6.7958,0,0
MFO_PE,D,20160617,000000,6.7958,6.7958,6.7958,6.7958,0,0
MFO_PE,D,20160620,000000,6.6095,6.7958,6.6095,6.7958,0,0
MFO_PE,D,20160621,000000,6.7958,7.075,6.7958,6.982,0,0
MFO_PE,D,20160622,000000,6.982,6.982,6.982,6.982,0,0
MFO_PE,D,20160623,000000,6.982,7.075,6.982,7.075,0,0
MFO_PE,D,20160624,000000,6.4234,6.8888,6.4234,6.8888,0,0
MFO_PE,D,20160627,000000,6.7026,7.3543,6.7026,7.3543,0,0
MFO_PE,D,20160628,000000,7.3543,7.5404,7.3543,7.5404,0,0
MFO_PE,D,20160629,000000,7.6335,7.8198,7.6335,7.8198,0,0
MFO_PE,D,20160630,000000,7.8198,8.0059,7.7267,7.8198,0,0
MFO_PE,D,20160701,000000,7.8198,7.8198,7.7267,7.8198,0,0
MFO_PE,D,20160704,000000,7.8198,8.0059,7.8198,8.0059,0,0
MFO_PE,D,20160705,000000,7.9129,8.099,7.9129,8.0059,0,0
MFO_PE,D,20160706,000000,8.0059,8.2852,7.9129,8.1922,0,0
MFO_PE,D,20160707,000000,8.6576,8.6576,8.3783,8.4714,0,0
MFO_PE,D,20160708,000000,8.4714,8.4714,8.2852,8.3783,0,0
MFO_PE,D,20160711,000000,8.2852,8.4714,8.1922,8.4714,0,0
MFO_PE,D,20160712,000000,8.4714,8.4714,8.2852,8.3783,0,0
MFO_PE,D,20160713,000000,8.2852,8.3783,8.2852,8.3783,0,0
MFO_PE,D,20160714,000000,8.1922,8.3783,8.1922,8.3783,0,0
MFO_PE,D,20160715,000000,8.2852,8.2852,8.0059,8.0059,0,0
MFO_PE,D,20160718,000000,8.0059,8.099,8.0059,8.099,0,0
MFO_PE,D,20160719,000000,8.0059,8.2852,8.0059,8.2852,0,0
MFO_PE,D,20160720,000000,8.1922,8.2852,8.099,8.099,0,0
MFO_PE,D,20160721,000000,8.099,8.9368,8.099,8.9368,0,0
MFO_PE,D,20160722,000000,9.0295,9.309,9.0295,9.309,0,0
MFO_PE,D,20160725,000000,9.309,9.309,9.0295,9.2165,0,0
MFO_PE,D,20160726,000000,9.2165,9.589,9.1231,9.496,0,0
MFO_PE,D,20160727,000000,9.682,9.682,9.496,9.496,0,0
MFO_PE,D,20160728,000000,9.496,9.496,9.1231,9.496,0,0
MFO_PE,D,20160729,000000,9.1231,9.4025,9.1231,9.309,0,0
MFO_PE,D,20160801,000000,9.309,9.309,8.5645,9.1231,0,0
MFO_PE,D,20160802,000000,8.7507,9.0295,8.6576,8.6576,0,0
MFO_PE,D,20160803,000000,9.1231,9.1231,9.1231,9.1231,0,0
MFO_PE,D,20160804,000000,9.0295,9.1231,9.0295,9.0295,0,0
MFO_PE,D,20160805,000000,9.0295,9.1231,8.8438,9.1231,0,0
MFO_PE,D,20160808,000000,9.0295,9.0295,9.0295,9.0295,0,0
MFO_PE,D,20160809,000000,8.8438,9.0295,8.8438,9.0295,0,0
MFO_PE,D,20160810,000000,9.0295,9.0295,9.0295,9.0295,0,0
MFO_PE,D,20160811,000000,9.0295,9.4025,9.0295,9.309,0,0
MFO_PE,D,20160812,000000,9.2165,9.589,9.1231,9.589,0,0
MFO_PE,D,20160816,000000,9.496,9.589,9.496,9.589,0,0
MFO_PE,D,20160817,000000,9.589,9.589,9.589,9.589,0,0
MFO_PE,D,20160818,000000,9.589,9.589,9.589,9.589,0,0
MFO_PE,D,20160819,000000,9.4025,9.589,9.4025,9.496,0,0
MFO_PE,D,20160822,000000,9.496,9.775,9.496,9.775,0,0
MFO_PE,D,20160823,000000,9.775,9.775,9.496,9.682,0,0
MFO_PE,D,20160824,000000,9.775,9.868,9.589,9.868,0,0
MFO_PE,D,20160825,000000,9.868,9.868,9.775,9.775,0,0
MFO_PE,D,20160826,000000,9.682,9.775,9.682,9.775,0,0
MFO_PE,D,20160829,000000,9.868,10.148,9.775,9.868,0,0
MFO_PE,D,20160830,000000,9.962,9.962,9.868,9.868,0,0
MFO_PE,D,20160831,000000,9.962,10.054,9.868,9.962,0,0
MFO_PE,D,20160901,000000,10.054,10.334,9.868,9.868,0,0
MFO_PE,D,20160902,000000,10.054,10.426,9.868,10.426,0,0
MFO_PE,D,20160905,000000,10.426,10.426,7.3543,7.3543,0,0
MFO_PE,D,20160906,000000,7.2613,7.3543,7.2613,7.2613,0,0
MFO_PE,D,20160907,000000,7.2613,7.2613,6.982,7.2613,0,0
MFO_PE,D,20160908,000000,7.2613,7.3543,7.2613,7.3543,0,0
MFO_PE,D,20160909,000000,7.3543,7.3543,6.982,7.2613,0,0
MFO_PE,D,20160912,000000,7.1681,7.6335,7.1681,7.5404,0,0
MFO_PE,D,20160913,000000,7.5404,7.5404,7.3543,7.3543,0,0
MFO_PE,D,20160914,000000,7.2613,7.2613,7.2613,7.2613,0,0
MFO_PE,D,20160915,000000,7.1681,7.2613,7.075,7.2613,0,0
MFO_PE,D,20160916,000000,7.1681,7.1681,7.1681,7.1681,0,0
MFO_PE,D,20160919,000000,7.1681,7.2613,7.1681,7.2613,0,0
MFO_PE,D,20160920,000000,7.1681,7.1681,7.1681,7.1681,0,0
MFO_PE,D,20160921,000000,7.1681,7.1681,6.982,6.982,0,0
MFO_PE,D,20160922,000000,7.075,7.1681,7.075,7.1681,0,0
MFO_PE,D,20160923,000000,7.3543,7.3543,7.075,7.075,0,0
MFO_PE,D,20160926,000000,6.982,7.075,6.982,7.075,0,0
MFO_PE,D,20160927,000000,7.075,7.075,6.982,7.075,0,0
MFO_PE,D,20160928,000000,7.075,7.075,7.075,7.075,0,0
MFO_PE,D,20160929,000000,6.982,7.075,6.982,7.075,0,0
MFO_PE,D,20160930,000000,7.2613,7.2613,6.982,7.075,0,0
MFO_PE,D,20161003,000000,7.2613,7.2613,7.1681,7.1681,0,0
MFO_PE,D,20161004,000000,7.075,7.2613,7.075,7.1681,0,0
MFO_PE,D,20161005,000000,7.1681,7.1681,7.075,7.075,0,0
MFO_PE,D,20161006,000000,7.075,7.075,7.075,7.075,0,0
MFO_PE,D,20161007,000000,7.075,7.075,7.075,7.075,0,0
MFO_PE,D,20161010,000000,7.075,7.075,6.982,7.075,0,0
MFO_PE,D,20161011,000000,6.982,7.075,6.982,7.075,0,0
MFO_PE,D,20161012,000000,7.075,7.075,6.5165,6.7958,0,0
MFO_PE,D,20161013,000000,6.7958,7.075,6.7958,6.982,0,0
MFO_PE,D,20161014,000000,6.982,7.075,6.982,7.075,0,0
MFO_PE,D,20161017,000000,6.7958,7.075,6.7958,7.075,0,0
MFO_PE,D,20161018,000000,6.982,7.075,6.982,6.982,0,0
MFO_PE,D,20161019,000000,6.982,7.2613,6.982,7.2613,0,0
MFO_PE,D,20161020,000000,7.2613,7.6335,7.2613,7.4474,0,0
MFO_PE,D,20161021,000000,7.4474,7.6335,7.4474,7.5404,0,0
MFO_PE,D,20161024,000000,7.5404,7.6335,7.5404,7.6335,0,0
MFO_PE,D,20161025,000000,7.6335,7.6335,7.6335,7.6335,0,0
MFO_PE,D,20161026,000000,7.6335,7.6335,7.2613,7.6335,0,0
MFO_PE,D,20161027,000000,7.6335,7.6335,7.5404,7.5404,0,0
MFO_PE,D,20161028,000000,7.5404,7.5404,7.5404,7.5404,0,0
MFO_PE,D,20161031,000000,7.5404,7.5404,7.5404,7.5404,0,0
MFO_PE,D,20161102,000000,7.075,7.5404,7.075,7.1681,0,0
MFO_PE,D,20161103,000000,7.3543,7.4474,6.982,7.4474,0,0
MFO_PE,D,20161104,000000,7.1681,7.3543,7.075,7.3543,0,0
MFO_PE,D,20161107,000000,7.075,7.3543,6.982,7.3543,0,0
MFO_PE,D,20161108,000000,7.3543,7.3543,7.3543,7.3543,0,0
MFO_PE,D,20161109,000000,7.1681,7.3543,7.1681,7.3543,0,0
MFO_PE,D,20161110,000000,7.3543,7.5404,7.3543,7.5404,0,0
MFO_PE,D,20161114,000000,7.7267,8.0059,7.5404,8.0059,0,0
MFO_PE,D,20161115,000000,8.0059,8.0059,7.9129,7.9129,0,0
MFO_PE,D,20161116,000000,7.9129,7.9129,7.6335,7.8198,0,0
MFO_PE,D,20161117,000000,7.8198,7.8198,7.1681,7.1681,0,0
MFO_PE,D,20161118,000000,7.1681,7.1681,6.8888,7.1681,0,0
MFO_PE,D,20161121,000000,7.1681,7.2613,7.075,7.075,0,0
MFO_PE,D,20161122,000000,7.1681,7.1681,7.075,7.1681,0,0
MFO_PE,D,20161123,000000,7.1681,7.1681,7.1681,7.1681,0,0
MFO_PE,D,20161124,000000,7.1681,7.2613,7.075,7.1681,0,0
MFO_PE,D,20161125,000000,7.1681,7.1681,7.075,7.1681,0,0
MFO_PE,D,20161128,000000,7.1681,7.1681,7.075,7.1681,0,0
MFO_PE,D,20161129,000000,7.1681,7.1681,7.075,7.1681,0,0
MFO_PE,D,20161130,000000,7.1681,7.1681,7.075,7.1681,0,0
MFO_PE,D,20161201,000000,7.075,7.1681,6.982,7.1681,0,0
MFO_PE,D,20161202,000000,7.1681,7.1681,7.1681,7.1681,0,0
MFO_PE,D,20161205,000000,7.1681,7.1681,7.075,7.1681,0,0
MFO_PE,D,20161206,000000,7.1681,7.1681,7.1681,7.1681,0,0
MFO_PE,D,20161207,000000,7.1681,7.5404,7.1681,7.3543,0,0
MFO_PE,D,20161208,000000,7.3543,7.4474,7.2613,7.2613,0,0
MFO_PE,D,20161209,000000,7.4474,7.4474,7.2613,7.3543,0,0
MFO_PE,D,20161212,000000,7.5404,7.6335,7.3543,7.5404,0,0
MFO_PE,D,20161213,000000,7.5404,7.6335,7.5404,7.5404,0,0
MFO_PE,D,20161214,000000,7.5404,7.5404,7.4474,7.5404,0,0
MFO_PE,D,20161215,000000,7.5404,7.5404,7.4474,7.5404,0,0
MFO_PE,D,20161216,000000,7.5404,7.6335,7.4474,7.6335,0,0
MFO_PE,D,20161219,000000,7.4474,8.1922,7.4474,7.9129,0,0
MFO_PE,D,20161220,000000,7.9129,8.099,7.9129,8.099,0,0
MFO_PE,D,20161221,000000,8.099,8.1922,8.0059,8.0059,0,0
MFO_PE,D,20161222,000000,8.0059,8.0059,7.9129,8.0059,0,0
MFO_PE,D,20161223,000000,8.0059,8.0059,8.0059,8.0059,0,0
MFO_PE,D,20161227,000000,7.9129,8.0059,7.9129,8.0059,0,0
MFO_PE,D,20161228,000000,7.9129,8.099,7.9129,8.0059,0,0
MFO_PE,D,20161229,000000,8.099,8.3783,8.099,8.3783,0,0
MFO_PE,D,20161230,000000,8.3783,8.3783,8.2852,8.3783,0,0
MFO_PE,D,20170102,000000,8.3783,8.4714,8.2852,8.4714,0,0
MFO_PE,D,20170103,000000,8.4714,8.4714,8.1922,8.4714,0,0
MFO_PE,D,20170104,000000,8.4714,8.4714,8.3783,8.3783,0,0
MFO_PE,D,20170105,000000,8.3783,8.3783,8.099,8.3783,0,0
MFO_PE,D,20170109,000000,8.3783,8.3783,8.3783,8.3783,0,0
MFO_PE,D,20170110,000000,8.3783,8.3783,8.3783,8.3783,0,0
MFO_PE,D,20170111,000000,8.3783,8.3783,8.0059,8.099,0,0
MFO_PE,D,20170112,000000,8.099,8.1922,8.099,8.1922,0,0
MFO_PE,D,20170113,000000,8.0059,8.099,8.0059,8.099,0,0
MFO_PE,D,20170116,000000,8.3783,8.3783,8.2852,8.3783,0,0
MFO_PE,D,20170117,000000,8.3783,8.3783,8.2852,8.3783,0,0
MFO_PE,D,20170118,000000,8.3783,8.3783,8.3783,8.3783,0,0
MFO_PE,D,20170119,000000,8.3783,8.6576,8.3783,8.6576,0,0
MFO_PE,D,20170120,000000,8.7507,8.8438,8.7507,8.8438,0,0
MFO_PE,D,20170123,000000,8.7507,9.309,8.7507,9.2165,0,0
MFO_PE,D,20170124,000000,9.309,9.309,9.0295,9.2165,0,0
MFO_PE,D,20170125,000000,9.2165,9.682,9.2165,9.682,0,0
MFO_PE,D,20170126,000000,9.775,9.775,9.309,9.682,0,0
MFO_PE,D,20170127,000000,9.775,9.775,9.589,9.682,0,0
MFO_PE,D,20170130,000000,9.775,9.868,9.682,9.868,0,0
MFO_PE,D,20170131,000000,9.962,10.148,9.682,10.148,0,0
MFO_PE,D,20170201,000000,10.148,10.148,9.962,10.054,0,0
MFO_PE,D,20170202,000000,10.054,10.054,9.496,10.054,0,0
MFO_PE,D,20170203,000000,9.868,10.24,9.775,10.148,0,0
MFO_PE,D,20170206,000000,10.24,10.519,10.148,10.519,0,0
MFO_PE,D,20170207,000000,10.612,10.612,10.519,10.519,0,0
MFO_PE,D,20170208,000000,10.426,10.798,10.334,10.798,0,0
MFO_PE,D,20170209,000000,10.798,11.078,10.426,10.426,0,0
MFO_PE,D,20170210,000000,10.798,10.798,10.519,10.705,0,0
MFO_PE,D,20170213,000000,10.705,10.798,10.148,10.798,0,0
MFO_PE,D,20170214,000000,10.798,10.798,10.798,10.798,0,0
MFO_PE,D,20170215,000000,10.612,10.798,10.612,10.705,0,0
MFO_PE,D,20170216,000000,10.705,10.798,10.612,10.705,0,0
MFO_PE,D,20170217,000000,10.519,10.519,10.054,10.426,0,0
MFO_PE,D,20170220,000000,10.426,10.705,10.426,10.705,0,0
MFO_PE,D,20170221,000000,10.705,10.705,10.612,10.705,0,0
MFO_PE,D,20170222,000000,10.705,10.705,10.426,10.519,0,0
MFO_PE,D,20170223,000000,10.519,10.519,10.519,10.519,0,0
MFO_PE,D,20170224,000000,10.426,10.426,10.426,10.426,0,0
MFO_PE,D,20170227,000000,9.868,10.426,9.868,10.426,0,0
MFO_PE,D,20170228,000000,10.148,10.426,10.148,10.426,0,0
MFO_PE,D,20170301,000000,10.426,10.426,10.148,10.24,0,0
MFO_PE,D,20170302,000000,10.24,10.519,10.054,10.148,0,0
MFO_PE,D,20170303,000000,10.426,10.426,10.148,10.334,0,0
MFO_PE,D,20170306,000000,10.148,10.148,10.148,10.148,0,0
MFO_PE,D,20170307,000000,9.962,10.426,9.868,9.868,0,0
MFO_PE,D,20170308,000000,9.775,9.775,9.496,9.589,0,0
MFO_PE,D,20170309,000000,9.589,9.589,9.309,9.589,0,0
MFO_PE,D,20170310,000000,9.775,9.775,9.589,9.589,0,0
MFO_PE,D,20170313,000000,9.589,9.589,9.496,9.589,0,0
MFO_PE,D,20170314,000000,9.682,10.426,9.682,10.426,0,0
MFO_PE,D,20170315,000000,10.334,10.519,9.962,10.24,0,0
MFO_PE,D,20170316,000000,10.334,10.334,9.496,9.775,0,0
MFO_PE,D,20170317,000000,9.775,10.24,9.775,10.24,0,0
MFO_PE,D,20170320,000000,9.775,10.24,9.775,10.24,0,0
MFO_PE,D,20170321,000000,10.24,10.334,10.148,10.24,0,0
MFO_PE,D,20170322,000000,10.148,11.171,10.148,11.171,0,0
MFO_PE,D,20170323,000000,11.078,11.078,10.612,10.892,0,0
MFO_PE,D,20170324,000000,10.892,10.892,10.892,10.892,0,0
MFO_PE,D,20170327,000000,10.984,10.984,10.519,10.519,0,0
MFO_PE,D,20170328,000000,10.705,10.705,10.519,10.519,0,0
MFO_PE,D,20170329,000000,10.519,10.519,10.334,10.519,0,0
MFO_PE,D,20170330,000000,10.426,10.426,10.24,10.426,0,0
MFO_PE,D,20170331,000000,10.426,10.426,10.334,10.334,0,0
MFO_PE,D,20170403,000000,9.589,10.24,9.589,10.24,0,0
MFO_PE,D,20170404,000000,9.962,10.24,9.962,10.24,0,0
MFO_PE,D,20170405,000000,10.24,10.334,10.24,10.334,0,0
MFO_PE,D,20170407,000000,10.334,10.519,10.334,10.519,0,0
MFO_PE,D,20170410,000000,10.24,10.334,10.24,10.24,0,0
MFO_PE,D,20170411,000000,10.24,10.334,10.24,10.334,0,0
MFO_PE,D,20170412,000000,10.426,10.612,9.962,10.519,0,0
MFO_PE,D,20170413,000000,10.519,10.519,10.054,10.24,0,0
MFO_PE,D,20170418,000000,10.426,10.426,10.148,10.24,0,0
MFO_PE,D,20170419,000000,10.24,10.24,10.054,10.054,0,0
MFO_PE,D,20170420,000000,9.962,10.24,9.962,10.054,0,0
MFO_PE,D,20170421,000000,10.334,10.426,9.962,10.426,0,0
MFO_PE,D,20170424,000000,10.426,10.426,10.426,10.426,0,0
MFO_PE,D,20170425,000000,10.426,10.519,10.426,10.426,0,0
MFO_PE,D,20170426,000000,9.962,10.334,9.962,10.334,0,0
MFO_PE,D,20170427,000000,10.519,10.612,10.519,10.519,0,0
MFO_PE,D,20170428,000000,10.798,10.892,10.798,10.892,0,0
MFO_PE,D,20170502,000000,10.892,11.171,10.892,11.171,0,0
MFO_PE,D,20170504,000000,11.171,11.171,11.171,11.171,0,0
MFO_PE,D,20170505,000000,10.984,12.009,10.984,12.009,0,0
MFO_PE,D,20170508,000000,12.195,13.219,12.195,12.753,0,0
MFO_PE,D,20170509,000000,13.498,13.778,12.475,12.475,0,0
MFO_PE,D,20170510,000000,12.195,13.125,12.195,12.661,0,0
MFO_PE,D,20170511,000000,13.125,13.125,12.661,12.753,0,0
MFO_PE,D,20170512,000000,12.753,13.312,12.753,13.312,0,0
MFO_PE,D,20170515,000000,13.405,14.709,13.405,14.336,0,0
MFO_PE,D,20170516,000000,14.336,14.336,13.498,13.964,0,0
MFO_PE,D,20170517,000000,14.336,14.43,10.984,10.984,0,0
MFO_PE,D,20170518,000000,10.798,11.357,10.519,10.519,0,0
MFO_PE,D,20170519,000000,10.612,11.73,10.612,11.73,0,0
MFO_PE,D,20170522,000000,11.73,11.916,11.45,11.823,0,0
MFO_PE,D,20170523,000000,11.823,11.823,10.984,11.637,0,0
MFO_PE,D,20170524,000000,11.637,11.73,11.543,11.637,0,0
MFO_PE,D,20170525,000000,11.45,11.637,11.45,11.637,0,0
MFO_PE,D,20170526,000000,11.637,11.637,11.543,11.637,0,0
MFO_PE,D,20170529,000000,11.543,11.637,11.543,11.637,0,0
MFO_PE,D,20170530,000000,11.637,11.637,11.637,11.637,0,0
MFO_PE,D,20170531,000000,11.637,11.823,11.357,11.823,0,0
MFO_PE,D,20170601,000000,11.823,11.823,11.171,11.357,0,0
MFO_PE,D,20170602,000000,11.45,11.543,11.357,11.543,0,0
MFO_PE,D,20170605,000000,11.637,11.637,11.543,11.637,0,0
MFO_PE,D,20170606,000000,11.637,11.73,11.637,11.637,0,0
MFO_PE,D,20170607,000000,11.637,11.73,11.543,11.73,0,0
MFO_PE,D,20170608,000000,11.73,11.73,11.357,11.637,0,0
MFO_PE,D,20170609,000000,11.637,11.637,11.637,11.637,0,0
MFO_PE,D,20170612,000000,11.637,11.637,11.45,11.543,0,0
MFO_PE,D,20170613,000000,11.543,11.543,11.45,11.45,0,0
MFO_PE,D,20170614,000000,11.543,11.543,10.426,10.426,0,0
MFO_PE,D,20170616,000000,10.426,10.426,10.054,10.426,0,0
MFO_PE,D,20170619,000000,10.426,10.426,9.962,9.962,0,0
MFO_PE,D,20170620,000000,9.962,10.519,9.962,10.519,0,0
MFO_PE,D,20170621,000000,10.705,10.798,10.705,10.798,0,0
MFO_PE,D,20170622,000000,10.798,10.798,10.334,10.798,0,0
MFO_PE,D,20170623,000000,10.798,10.798,10.798,10.798,0,0
MFO_PE,D,20170626,000000,10.798,10.798,10.612,10.798,0,0
MFO_PE,D,20170627,000000,10.798,10.798,10.426,10.798,0,0
MFO_PE,D,20170628,000000,10.798,10.798,10.426,10.798,0,0
MFO_PE,D,20170629,000000,10.667,10.951,10.667,10.951,0,0
MFO_PE,D,20170630,000000,10.951,10.951,10.951,10.951,0,0
MFO_PE,D,20170703,000000,11.234,11.234,10.667,11.045,0,0
MFO_PE,D,20170704,000000,11.045,11.045,10.289,10.478,0,0
MFO_PE,D,20170705,000000,10.951,10.951,10.196,10.478,0,0
MFO_PE,D,20170706,000000,10.951,10.951,10.289,10.951,0,0
MFO_PE,D,20170707,000000,10.951,10.951,10.384,10.856,0,0
MFO_PE,D,20170710,000000,10.951,10.951,10.478,10.856,0,0
MFO_PE,D,20170711,000000,10.667,10.667,10.478,10.478,0,0
MFO_PE,D,20170712,000000,10.667,10.667,10.289,10.478,0,0
MFO_PE,D,20170713,000000,10.762,10.762,10.007,10.289,0,0
MFO_PE,D,20170714,000000,10.289,10.762,10.289,10.762,0,0
MFO_PE,D,20170717,000000,10.196,10.384,10.007,10.384,0,0
MFO_PE,D,20170718,000000,10.384,10.384,10.101,10.101,0,0
MFO_PE,D,20170719,000000,9.818,10.196,9.4401,9.818,0,0
MFO_PE,D,20170720,000000,9.818,9.818,9.157,9.157,0,0
MFO_PE,D,20170721,000000,9.157,9.4401,9.157,9.3456,0,0
MFO_PE,D,20170724,000000,9.3456,9.3456,9.157,9.2512,0,0
MFO_PE,D,20170725,000000,9.4401,9.4401,9.2512,9.3456,0,0
MFO_PE,D,20170726,000000,9.157,9.629,9.157,9.535,0,0
MFO_PE,D,20170727,000000,9.724,10.007,9.724,10.007,0,0
MFO_PE,D,20170728,000000,10.101,10.101,9.818,10.007,0,0
MFO_PE,D,20170731,000000,10.007,10.007,9.818,9.912,0,0
MFO_PE,D,20170801,000000,10.007,10.007,9.818,9.912,0,0
MFO_PE,D,20170802,000000,10.007,10.007,9.2512,9.2512,0,0
MFO_PE,D,20170803,000000,9.4401,9.535,9.3456,9.535,0,0
MFO_PE,D,20170804,000000,9.535,9.818,9.535,9.818,0,0
MFO_PE,D,20170807,000000,9.818,9.818,9.724,9.724,0,0
MFO_PE,D,20170808,000000,9.724,9.724,9.629,9.724,0,0
MFO_PE,D,20170809,000000,9.629,9.629,9.629,9.629,0,0
MFO_PE,D,20170810,000000,9.535,9.535,9.2512,9.535,0,0
MFO_PE,D,20170811,000000,9.535,9.535,9.535,9.535,0,0
MFO_PE,D,20170814,000000,9.535,9.535,9.3456,9.535,0,0
MFO_PE,D,20170816,000000,9.535,9.629,8.9681,9.629,0,0
MFO_PE,D,20170817,000000,9.4401,9.629,9.157,9.157,0,0
MFO_PE,D,20170818,000000,9.157,9.629,8.8738,9.629,0,0
MFO_PE,D,20170821,000000,9.629,9.818,9.629,9.818,0,0
MFO_PE,D,20170822,000000,9.818,9.818,9.818,9.818,0,0
MFO_PE,D,20170823,000000,9.818,9.818,9.818,9.818,0,0
MFO_PE,D,20170824,000000,9.724,9.724,9.4401,9.535,0,0
MFO_PE,D,20170825,000000,9.535,9.535,9.535,9.535,0,0
MFO_PE,D,20170828,000000,9.535,10.384,9.0626,10.384,0,0
MFO_PE,D,20170829,000000,10.384,10.384,9.629,10.384,0,0
MFO_PE,D,20170830,000000,10.384,10.384,10.007,10.384,0,0
MFO_PE,D,20170831,000000,10.573,10.573,10.101,10.573,0,0
MFO_PE,D,20170901,000000,10.573,10.573,10.289,10.384,0,0
MFO_PE,D,20170904,000000,10.007,10.007,9.724,9.724,0,0
MFO_PE,D,20170905,000000,9.724,10.101,9.724,10.101,0,0
MFO_PE,D,20170906,000000,10.101,10.101,10.007,10.007,0,0
MFO_PE,D,20170907,000000,10.007,10.007,9.629,10.007,0,0
MFO_PE,D,20170908,000000,9.724,9.818,9.724,9.818,0,0
MFO_PE,D,20170911,000000,9.818,9.818,9.535,9.535,0,0
MFO_PE,D,20170912,000000,9.629,9.629,8.7794,8.9681,0,0
MFO_PE,D,20170913,000000,8.8738,9.4401,8.4962,9.4401,0,0
MFO_PE,D,20170914,000000,9.724,9.724,9.535,9.629,0,0
MFO_PE,D,20170915,000000,9.629,9.629,9.2512,9.629,0,0
MFO_PE,D,20170918,000000,9.535,9.535,9.2512,9.2512,0,0
MFO_PE,D,20170919,000000,9.2512,9.2512,9.2512,9.2512,0,0
MFO_PE,D,20170920,000000,9.2512,9.2512,9.0626,9.2512,0,0
MFO_PE,D,20170921,000000,9.2512,9.2512,9.157,9.2512,0,0
MFO_PE,D,20170922,000000,9.2512,9.629,9.0626,9.629,0,0
MFO_PE,D,20170925,000000,9.629,9.912,9.629,9.818,0,0
MFO_PE,D,20170926,000000,9.818,10.667,9.818,10.667,0,0
MFO_PE,D,20170927,000000,10.667,11.612,10.667,11.14,0,0
MFO_PE,D,20170928,000000,11.14,11.14,11.14,11.14,0,0
MFO_PE,D,20170929,000000,11.329,11.329,11.329,11.329,0,0
MFO_PE,D,20171002,000000,11.329,11.329,10.573,11.329,0,0
MFO_PE,D,20171003,000000,11.329,11.329,11.14,11.14,0,0
MFO_PE,D,20171004,000000,11.234,11.234,10.856,11.045,0,0
MFO_PE,D,20171005,000000,11.234,11.234,11.14,11.14,0,0
MFO_PE,D,20171006,000000,11.14,11.14,11.14,11.14,0,0
MFO_PE,D,20171009,000000,11.14,11.14,10.856,10.951,0,0
MFO_PE,D,20171010,000000,11.14,11.14,11.14,11.14,0,0
MFO_PE,D,20171011,000000,11.14,11.14,11.14,11.14,0,0
MFO_PE,D,20171012,000000,11.234,11.234,11.14,11.14,0,0
MFO_PE,D,20171013,000000,11.14,11.14,10.762,11.045,0,0
MFO_PE,D,20171016,000000,11.045,11.14,10.856,11.14,0,0
MFO_PE,D,20171017,000000,11.14,11.14,11.045,11.14,0,0
MFO_PE,D,20171018,000000,11.14,11.14,10.856,11.045,0,0
MFO_PE,D,20171019,000000,11.14,11.14,10.762,11.045,0,0
MFO_PE,D,20171020,000000,11.045,11.045,10.478,10.762,0,0
MFO_PE,D,20171023,000000,10.762,10.762,10.573,10.762,0,0
MFO_PE,D,20171024,000000,11.045,11.045,10.007,10.007,0,0
MFO_PE,D,20171025,000000,9.818,10.762,9.629,10.762,0,0
MFO_PE,D,20171026,000000,10.384,10.762,10.384,10.667,0,0
MFO_PE,D,20171027,000000,10.951,10.951,10.478,10.856,0,0
MFO_PE,D,20171030,000000,10.573,10.856,10.573,10.667,0,0
MFO_PE,D,20171031,000000,10.478,10.667,10.101,10.667,0,0
MFO_PE,D,20171102,000000,10.667,10.667,9.629,9.629,0,0
MFO_PE,D,20171103,000000,9.629,10.573,9.629,10.478,0,0
MFO_PE,D,20171106,000000,10.478,10.667,9.629,9.818,0,0
MFO_PE,D,20171107,000000,9.818,10.101,9.629,10.101,0,0
MFO_PE,D,20171108,000000,10.101,10.101,9.724,9.818,0,0
MFO_PE,D,20171109,000000,10.101,10.101,9.535,9.912,0,0
MFO_PE,D,20171110,000000,9.912,9.912,9.629,9.818,0,0
MFO_PE,D,20171113,000000,10.478,10.478,9.3456,9.3456,0,0
MFO_PE,D,20171114,000000,9.3456,9.3456,9.2512,9.3456,0,0
MFO_PE,D,20171115,000000,9.3456,9.3456,9.157,9.2512,0,0
MFO_PE,D,20171116,000000,9.535,9.535,9.3456,9.4401,0,0
MFO_PE,D,20171117,000000,9.535,9.535,9.4401,9.535,0,0
MFO_PE,D,20171120,000000,9.535,9.724,9.3456,9.724,0,0
MFO_PE,D,20171121,000000,10.007,10.007,9.629,9.912,0,0
MFO_PE,D,20171122,000000,10.007,10.951,9.724,10.856,0,0
MFO_PE,D,20171123,000000,10.856,10.856,10.573,10.573,0,0
MFO_PE,D,20171124,000000,10.573,10.856,10.573,10.856,0,0
MFO_PE,D,20171127,000000,10.856,10.856,10.573,10.856,0,0
MFO_PE,D,20171128,000000,10.856,10.856,10.478,10.478,0,0
MFO_PE,D,20171129,000000,10.573,10.573,10.573,10.573,0,0
MFO_PE,D,20171130,000000,10.856,10.856,10.478,10.573,0,0
MFO_PE,D,20171201,000000,10.856,10.856,10.101,10.196,0,0
MFO_PE,D,20171204,000000,10.667,10.667,10.196,10.196,0,0
MFO_PE,D,20171205,000000,10.856,10.856,10.289,10.573,0,0
MFO_PE,D,20171206,000000,10.573,10.573,10.384,10.573,0,0
MFO_PE,D,20171207,000000,10.573,10.573,10.289,10.384,0,0
MFO_PE,D,20171208,000000,10.384,10.384,10.007,10.384,0,0
MFO_PE,D,20171211,000000,10.478,10.478,10.384,10.384,0,0
MFO_PE,D,20171212,000000,10.196,10.289,10.007,10.289,0,0
MFO_PE,D,20171213,000000,10.289,10.289,10.007,10.007,0,0
MFO_PE,D,20171214,000000,10.289,10.289,9.629,10.289,0,0
MFO_PE,D,20171215,000000,10.289,10.856,10.007,10.762,0,0
MFO_PE,D,20171218,000000,10.856,10.856,10.289,10.289,0,0
MFO_PE,D,20171219,000000,10.667,10.667,10.289,10.384,0,0
MFO_PE,D,20171220,000000,10.856,10.856,10.007,10.007,0,0
MFO_PE,D,20171221,000000,10.196,10.667,10.196,10.667,0,0
MFO_PE,D,20171222,000000,10.667,10.762,10.478,10.667,0,0
MFO_PE,D,20171227,000000,10.762,10.762,10.289,10.289,0,0
MFO_PE,D,20171228,000000,10.573,10.573,10.289,10.573,0,0
MFO_PE,D,20171229,000000,10.573,10.573,10.289,10.289,0,0
MFO_PE,D,20180103,000000,10.289,10.856,10.289,10.856,0,0
MFO_PE,D,20180104,000000,10.856,10.856,10.573,10.573,0,0
MFO_PE,D,20180105,000000,10.573,10.573,10.573,10.573,0,0
MFO_PE,D,20180108,000000,10.573,10.573,10.196,10.289,0,0
MFO_PE,D,20180109,000000,10.289,10.289,9.912,9.912,0,0
MFO_PE,D,20180110,000000,10.007,10.007,10.007,10.007,0,0
MFO_PE,D,20180111,000000,10.196,10.196,10.007,10.101,0,0
MFO_PE,D,20180112,000000,10.289,10.289,10.196,10.196,0,0
MFO_PE,D,20180115,000000,10.196,10.196,9.912,10.101,0,0
MFO_PE,D,20180116,000000,10.196,10.478,10.196,10.478,0,0
MFO_PE,D,20180117,000000,10.762,10.762,10.478,10.667,0,0
MFO_PE,D,20180118,000000,10.384,10.478,10.196,10.478,0,0
MFO_PE,D,20180119,000000,10.667,10.667,10.667,10.667,0,0
MFO_PE,D,20180122,000000,10.384,10.384,10.007,10.384,0,0
MFO_PE,D,20180123,000000,10.384,10.384,10.007,10.289,0,0
MFO_PE,D,20180124,000000,10.289,10.289,10.289,10.289,0,0
MFO_PE,D,20180125,000000,10.289,10.289,9.912,9.912,0,0
MFO_PE,D,20180126,000000,10.007,10.289,9.724,10.196,0,0
MFO_PE,D,20180129,000000,10.196,10.289,10.196,10.289,0,0
MFO_PE,D,20180130,000000,10.289,10.289,10.289,10.289,0,0
MFO_PE,D,20180131,000000,10.289,10.289,10.289,10.289,0,0
MFO_PE,D,20180201,000000,10.289,10.289,10.196,10.196,0,0
MFO_PE,D,20180202,000000,10.196,10.196,9.724,9.912,0,0
MFO_PE,D,20180205,000000,9.724,9.818,9.724,9.818,0,0
MFO_PE,D,20180206,000000,9.3456,9.818,9.3456,9.818,0,0
MFO_PE,D,20180207,000000,10.101,10.101,9.912,10.101,0,0
MFO_PE,D,20180208,000000,10.101,10.101,10.101,10.101,0,0
MFO_PE,D,20180209,000000,9.724,10.101,9.724,10.007,0,0
MFO_PE,D,20180212,000000,10.007,10.007,9.724,9.724,0,0
MFO_PE,D,20180213,000000,10.007,10.007,10.007,10.007,0,0
MFO_PE,D,20180214,000000,9.912,10.101,9.912,10.101,0,0
MFO_PE,D,20180215,000000,10.196,10.196,10.101,10.196,0,0
MFO_PE,D,20180216,000000,10.667,10.667,9.912,9.912,0,0
MFO_PE,D,20180219,000000,10.289,10.289,10.196,10.196,0,0
MFO_PE,D,20180220,000000,10.384,10.384,10.196,10.196,0,0
MFO_PE,D,20180221,000000,10.573,10.573,10.196,10.289,0,0
MFO_PE,D,20180222,000000,10.573,10.573,10.101,10.196,0,0
MFO_PE,D,20180223,000000,10.196,10.196,10.196,10.196,0,0
MFO_PE,D,20180226,000000,10.196,10.196,10.101,10.196,0,0
MFO_PE,D,20180227,000000,10.196,10.196,10.196,10.196,0,0
MFO_PE,D,20180228,000000,10.196,10.196,9.912,10.007,0,0
MFO_PE,D,20180301,000000,10.196,10.196,10.196,10.196,0,0
MFO_PE,D,20180302,000000,10.196,10.196,9.818,10.101,0,0
MFO_PE,D,20180305,000000,10.101,10.101,9.818,10.007,0,0
MFO_PE,D,20180306,000000,10.101,10.101,10.007,10.101,0,0
MFO_PE,D,20180307,000000,10.007,10.101,9.4401,9.724,0,0
MFO_PE,D,20180308,000000,9.629,9.724,9.535,9.535,0,0
MFO_PE,D,20180309,000000,9.4401,9.535,9.4401,9.535,0,0
MFO_PE,D,20180312,000000,9.535,9.535,9.535,9.535,0,0
MFO_PE,D,20180313,000000,9.535,9.629,9.535,9.535,0,0
MFO_PE,D,20180314,000000,9.912,9.912,9.2512,9.3456,0,0
MFO_PE,D,20180315,000000,9.2512,9.3456,9.2512,9.3456,0,0
MFO_PE,D,20180316,000000,9.535,9.629,9.535,9.629,0,0
MFO_PE,D,20180319,000000,9.629,9.629,9.2512,9.2512,0,0
MFO_PE,D,20180320,000000,9.2512,9.535,9.2512,9.535,0,0
MFO_PE,D,20180321,000000,9.724,9.724,9.724,9.724,0,0
MFO_PE,D,20180322,000000,9.818,10.007,9.818,9.912,0,0
MFO_PE,D,20180323,000000,9.818,9.912,9.535,9.818,0,0
MFO_PE,D,20180326,000000,9.818,9.818,9.818,9.818,0,0
MFO_PE,D,20180327,000000,9.818,9.818,9.629,9.724,0,0
MFO_PE,D,20180328,000000,9.818,9.818,9.3456,9.724,0,0
MFO_PE,D,20180329,000000,9.4401,9.4401,9.2512,9.3456,0,0
MFO_PE,D,20180403,000000,9.629,9.629,9.3456,9.3456,0,0
MFO_PE,D,20180404,000000,9.629,9.629,9.0626,9.0626,0,0
MFO_PE,D,20180405,000000,9.0626,9.4401,9.0626,9.4401,0,0
MFO_PE,D,20180406,000000,9.724,9.724,9.2512,9.3456,0,0
MFO_PE,D,20180409,000000,9.3456,9.4401,9.157,9.4401,0,0
MFO_PE,D,20180410,000000,9.4401,9.818,9.4401,9.724,0,0
MFO_PE,D,20180411,000000,9.818,9.818,9.3456,9.3456,0,0
MFO_PE,D,20180412,000000,9.3456,9.4401,9.3456,9.3456,0,0
MFO_PE,D,20180413,000000,9.3456,9.912,9.3456,9.912,0,0
MFO_PE,D,20180416,000000,9.818,9.912,9.818,9.912,0,0
MFO_PE,D,20180417,000000,9.912,9.912,9.724,9.818,0,0
MFO_PE,D,20180418,000000,9.818,9.818,9.4401,9.629,0,0
MFO_PE,D,20180419,000000,9.629,9.724,9.2512,9.724,0,0
MFO_PE,D,20180420,000000,9.724,9.724,9.2512,9.3456,0,0
MFO_PE,D,20180423,000000,9.3456,9.3456,9.0626,9.3456,0,0
MFO_PE,D,20180424,000000,9.3456,9.3456,8.4962,9.157,0,0
MFO_PE,D,20180425,000000,9.157,9.157,8.9681,8.9681,0,0
MFO_PE,D,20180426,000000,8.9681,8.9681,8.9681,8.9681,0,0
MFO_PE,D,20180427,000000,8.9681,8.9681,8.9681,8.9681,0,0
MFO_PE,D,20180430,000000,8.9681,8.9681,8.8738,8.9681,0,0
MFO_PE,D,20180502,000000,9.2512,9.2512,8.8738,8.8738,0,0
MFO_PE,D,20180504,000000,8.8738,8.8738,8.5906,8.8738,0,0
MFO_PE,D,20180507,000000,8.4962,9.724,8.4962,9.724,0,0
MFO_PE,D,20180508,000000,9.724,9.818,9.724,9.724,0,0
MFO_PE,D,20180509,000000,9.724,9.724,9.629,9.724,0,0
MFO_PE,D,20180510,000000,9.724,9.912,9.724,9.818,0,0
MFO_PE,D,20180511,000000,10.196,10.196,9.818,9.818,0,0
MFO_PE,D,20180514,000000,9.629,10.007,9.629,9.818,0,0
MFO_PE,D,20180515,000000,10.101,10.101,9.818,10.101,0,0
MFO_PE,D,20180516,000000,10.101,10.101,10.101,10.101,0,0
MFO_PE,D,20180517,000000,9.912,9.912,9.818,9.912,0,0
MFO_PE,D,20180518,000000,9.912,9.912,9.157,9.3456,0,0
MFO_PE,D,20180521,000000,9.629,9.912,9.3456,9.912,0,0
MFO_PE,D,20180522,000000,10.007,10.007,9.912,9.912,0,0
MFO_PE,D,20180523,000000,9.535,10.007,8.4018,8.4018,0,0
MFO_PE,D,20180524,000000,8.4018,8.4018,8.3073,8.4018,0,0
MFO_PE,D,20180525,000000,8.4018,8.4018,8.4018,8.4018,0,0
MFO_PE,D,20180528,000000,8.4018,8.4018,8.3073,8.4018,0,0
MFO_PE,D,20180529,000000,8.4018,8.4018,8.4018,8.4018,0,0
MFO_PE,D,20180530,000000,8.4018,8.4018,7.9298,8.1186,0,0
MFO_PE,D,20180601,000000,8.213,8.213,7.9298,7.9298,0,0
MFO_PE,D,20180604,000000,7.7409,8.0241,7.7409,8.0241,0,0
MFO_PE,D,20180605,000000,8.0241,8.0241,8.0241,8.0241,0,0
MFO_PE,D,20180606,000000,8.1186,8.4962,7.9298,8.4018,0,0
MFO_PE,D,20180607,000000,8.4018,8.4018,7.9298,8.1186,0,0
MFO_PE,D,20180608,000000,8.4018,8.4018,8.0241,8.0241,0,0
MFO_PE,D,20180611,000000,8.0241,8.1186,8.0241,8.1186,0,0
MFO_PE,D,20180612,000000,7.8354,8.0241,7.8354,8.0241,0,0
MFO_PE,D,20180613,000000,7.8354,7.9298,7.8354,7.9298,0,0
MFO_PE,D,20180614,000000,7.9298,7.9298,7.9298,7.9298,0,0
MFO_PE,D,20180615,000000,7.9298,7.9298,7.8354,7.8354,0,0
MFO_PE,D,20180618,000000,7.9298,7.9298,7.9298,7.9298,0,0
MFO_PE,D,20180619,000000,7.9298,7.9298,7.4578,7.4578,0,0
MFO_PE,D,20180620,000000,7.6153,7.9045,7.6153,7.9045,0,0
MFO_PE,D,20180621,000000,7.9045,7.9045,7.6153,7.6153,0,0
MFO_PE,D,20180622,000000,7.4225,7.6153,7.4225,7.6153,0,0
MFO_PE,D,20180625,000000,7.5189,7.5189,7.3261,7.5189,0,0
MFO_PE,D,20180626,000000,7.4225,7.5189,7.4225,7.5189,0,0
MFO_PE,D,20180627,000000,7.5189,7.5189,7.5189,7.5189,0,0
MFO_PE,D,20180628,000000,7.4225,7.5189,7.2297,7.4225,0,0
MFO_PE,D,20180629,000000,7.6153,7.6153,7.6153,7.6153,0,0
MFO_PE,D,20180702,000000,7.6153,7.6153,7.3261,7.6153,0,0
MFO_PE,D,20180703,000000,7.6153,7.6153,7.6153,7.6153,0,0
MFO_PE,D,20180704,000000,7.6153,7.6153,7.6153,7.6153,0,0
MFO_PE,D,20180705,000000,7.6153,7.6153,7.4225,7.6153,0,0
MFO_PE,D,20180706,000000,7.6153,7.6153,7.4225,7.6153,0,0
MFO_PE,D,20180709,000000,7.6153,7.6153,7.6153,7.6153,0,0
MFO_PE,D,20180710,000000,7.6153,7.6153,7.3261,7.5189,0,0
MFO_PE,D,20180711,000000,7.6153,7.6153,7.3261,7.3261,0,0
MFO_PE,D,20180712,000000,7.3261,7.3261,7.0369,7.1333,0,0
MFO_PE,D,20180713,000000,7.6153,7.6153,6.8441,7.3261,0,0
MFO_PE,D,20180716,000000,7.6153,7.6153,6.9405,7.2297,0,0
MFO_PE,D,20180717,000000,7.2297,7.2297,7.0369,7.0369,0,0
MFO_PE,D,20180718,000000,7.0369,7.1333,6.6514,7.0369,0,0
MFO_PE,D,20180719,000000,6.9405,7.1333,6.9405,7.1333,0,0
MFO_PE,D,20180720,000000,7.1333,7.1333,7.1333,7.1333,0,0
MFO_PE,D,20180723,000000,7.1333,7.1333,7.0369,7.1333,0,0
MFO_PE,D,20180724,000000,7.2297,7.2297,7.1333,7.1333,0,0
MFO_PE,D,20180725,000000,7.1333,7.1333,7.1333,7.1333,0,0
MFO_PE,D,20180726,000000,7.2297,7.2297,7.1333,7.1333,0,0
MFO_PE,D,20180727,000000,7.0369,7.1333,7.0369,7.1333,0,0
MFO_PE,D,20180730,000000,6.9405,7.1333,6.7477,6.9405,0,0
MFO_PE,D,20180731,000000,7.0369,7.0369,6.555,7.0369,0,0
MFO_PE,D,20180801,000000,6.8441,7.0369,6.8441,7.0369,0,0
MFO_PE,D,20180802,000000,7.0369,7.0369,7.0369,7.0369,0,0
MFO_PE,D,20180803,000000,7.1333,7.1333,6.8441,6.9405,0,0
MFO_PE,D,20180806,000000,6.9405,6.9405,6.9405,6.9405,0,0
MFO_PE,D,20180807,000000,6.9405,6.9405,6.8441,6.9405,0,0
MFO_PE,D,20180808,000000,6.9405,7.3261,6.8441,7.3261,0,0
MFO_PE,D,20180809,000000,7.5189,7.6153,7.4225,7.6153,0,0
MFO_PE,D,20180810,000000,7.6153,7.6153,7.3261,7.3261,0,0
MFO_PE,D,20180813,000000,7.5189,7.5189,7.3261,7.5189,0,0
MFO_PE,D,20180814,000000,7.5189,7.6153,7.3261,7.6153,0,0
MFO_PE,D,20180816,000000,7.6153,7.6153,7.4225,7.4225,0,0
MFO_PE,D,20180817,000000,7.6153,7.6153,7.6153,7.6153,0,0
MFO_PE,D,20180820,000000,7.6153,7.6153,7.6153,7.6153,0,0
MFO_PE,D,20180821,000000,7.6153,7.6153,7.6153,7.6153,0,0
MFO_PE,D,20180822,000000,7.6153,7.6153,7.6153,7.6153,0,0
MFO_PE,D,20180823,000000,7.6153,7.6153,7.6153,7.6153,0,0
MFO_PE,D,20180824,000000,7.6153,7.6153,7.6153,7.6153,0,0
MFO_PE,D,20180827,000000,7.6153,8.3865,7.6153,8.0009,0,0
MFO_PE,D,20180828,000000,8.0009,8.7721,8.0009,8.3865,0,0
MFO_PE,D,20180829,000000,8.6757,8.6757,7.9045,7.9045,0,0
MFO_PE,D,20180830,000000,8.3865,8.3865,7.8081,8.0009,0,0
MFO_PE,D,20180831,000000,8.0973,8.3865,7.9045,8.3865,0,0
MFO_PE,D,20180903,000000,8.5793,8.5793,8.1937,8.1937,0,0
MFO_PE,D,20180904,000000,8.3865,8.3865,8.0009,8.1937,0,0
MFO_PE,D,20180905,000000,8.3865,8.3865,7.7117,8.0009,0,0
MFO_PE,D,20180906,000000,8.3865,8.3865,7.9045,7.9045,0,0
MFO_PE,D,20180907,000000,8.3865,8.3865,7.6153,7.6153,0,0
MFO_PE,D,20180910,000000,7.7117,7.7117,7.7117,7.7117,0,0
MFO_PE,D,20180912,000000,8.0973,8.0973,7.3261,7.4225,0,0
MFO_PE,D,20180913,000000,7.2297,7.4225,7.2297,7.3261,0,0
MFO_PE,D,20180914,000000,7.2297,7.4225,7.1333,7.2297,0,0
MFO_PE,D,20180917,000000,7.5189,7.5189,7.2297,7.2297,0,0
MFO_PE,D,20180918,000000,7.5189,7.5189,7.4225,7.4225,0,0
MFO_PE,D,20180919,000000,7.4225,7.4225,6.1694,6.1694,0,0
MFO_PE,D,20180920,000000,6.1694,6.1694,5.9766,6.1694,0,0
MFO_PE,D,20180921,000000,6.073,6.073,5.9766,6.073,0,0
MFO_PE,D,20180924,000000,6.073,6.073,5.9766,5.9766,0,0
MFO_PE,D,20180925,000000,5.9766,5.9766,5.9766,5.9766,0,0
MFO_PE,D,20180926,000000,5.9766,5.9766,5.6874,5.9766,0,0
MFO_PE,D,20180927,000000,6.1694,6.1694,5.6874,5.8802,0,0
MFO_PE,D,20180928,000000,6.073,6.073,5.8802,6.073,0,0
MFO_PE,D,20181001,000000,6.1694,6.1694,5.9766,5.9766,0,0
MFO_PE,D,20181002,000000,6.1694,6.1694,6.073,6.073,0,0
MFO_PE,D,20181003,000000,6.073,6.1694,5.8802,5.8802,0,0
MFO_PE,D,20181004,000000,5.8802,6.073,5.8802,6.073,0,0
MFO_PE,D,20181005,000000,6.073,6.1694,6.073,6.073,0,0
MFO_PE,D,20181008,000000,6.073,6.073,5.9766,6.073,0,0
MFO_PE,D,20181009,000000,6.073,6.073,6.073,6.073,0,0
MFO_PE,D,20181010,000000,6.073,6.1694,6.073,6.1694,0,0
MFO_PE,D,20181011,000000,6.1694,6.1694,6.1694,6.1694,0,0
MFO_PE,D,20181012,000000,6.1694,6.1694,5.9766,6.1694,0,0
MFO_PE,D,20181015,000000,6.1694,6.1694,6.073,6.1694,0,0
MFO_PE,D,20181016,000000,6.1694,6.1694,6.073,6.1694,0,0
MFO_PE,D,20181017,000000,6.1694,6.1694,6.1694,6.1694,0,0
MFO_PE,D,20181018,000000,5.9766,6.1694,5.9766,6.073,0,0
MFO_PE,D,20181019,000000,6.073,6.1694,6.073,6.1694,0,0
MFO_PE,D,20181022,000000,6.1694,6.1694,6.1694,6.1694,0,0
MFO_PE,D,20181023,000000,6.1694,6.1694,6.1694,6.1694,0,0
MFO_PE,D,20181024,000000,6.1694,6.1694,6.1694,6.1694,0,0
MFO_PE,D,20181025,000000,6.1694,6.1694,5.9766,5.9766,0,0
MFO_PE,D,20181026,000000,6.073,6.073,5.7838,5.9766,0,0
MFO_PE,D,20181029,000000,6.073,6.073,5.7838,5.9766,0,0
MFO_PE,D,20181030,000000,6.073,6.073,5.8802,5.8802,0,0
MFO_PE,D,20181031,000000,5.9766,5.9766,5.8802,5.9766,0,0
MFO_PE,D,20181102,000000,6.1694,6.1694,5.7838,5.9766,0,0
MFO_PE,D,20181105,000000,6.1694,6.1694,5.7838,5.9766,0,0
MFO_PE,D,20181106,000000,6.073,6.073,5.6874,5.6874,0,0
MFO_PE,D,20181107,000000,5.6874,5.6874,5.591,5.591,0,0
MFO_PE,D,20181108,000000,5.6874,5.6874,5.3018,5.3982,0,0
MFO_PE,D,20181109,000000,5.3982,5.3982,4.8198,5.109,0,0
MFO_PE,D,20181113,000000,5.109,5.109,4.7234,4.8198,0,0
MFO_PE,D,20181114,000000,4.8198,4.8198,4.5306,4.5306,0,0
MFO_PE,D,20181115,000000,4.7234,5.0126,4.7234,5.0126,0,0
MFO_PE,D,20181116,000000,5.0126,5.591,5.0126,5.591,0,0
MFO_PE,D,20181119,000000,5.591,5.591,5.3018,5.3982,0,0
MFO_PE,D,20181120,000000,5.6874,5.6874,5.2054,5.2054,0,0
MFO_PE,D,20181121,000000,5.2054,5.2054,5.0126,5.2054,0,0
MFO_PE,D,20181122,000000,5.2054,5.2054,4.9162,4.9162,0,0
MFO_PE,D,20181123,000000,4.9162,4.9162,4.9162,4.9162,0,0
MFO_PE,D,20181126,000000,4.9162,4.9162,4.627,4.7234,0,0
MFO_PE,D,20181127,000000,4.7234,4.7234,4.7234,4.7234,0,0
MFO_PE,D,20181128,000000,4.7234,5.0126,4.7234,5.0126,0,0
MFO_PE,D,20181129,000000,5.0126,5.0126,4.8198,4.8198,0,0
MFO_PE,D,20181130,000000,4.9162,4.9162,4.627,4.9162,0,0
MFO_PE,D,20181203,000000,5.109,5.109,4.627,4.627,0,0
MFO_PE,D,20181204,000000,4.627,4.8198,4.5306,4.7234,0,0
MFO_PE,D,20181205,000000,4.7234,4.7234,4.627,4.627,0,0
MFO_PE,D,20181206,000000,4.8198,4.8198,4.4342,4.5306,0,0
MFO_PE,D,20181207,000000,4.5306,4.5306,4.5306,4.5306,0,0
MFO_PE,D,20181210,000000,4.5306,4.5306,4.4342,4.5306,0,0
MFO_PE,D,20181211,000000,4.5306,4.9162,4.5306,4.9162,0,0
MFO_PE,D,20181212,000000,5.109,5.3982,5.0126,5.3018,0,0
MFO_PE,D,20181213,000000,5.3018,5.591,4.9162,4.9162,0,0
MFO_PE,D,20181214,000000,5.109,5.109,4.9162,5.109,0,0
MFO_PE,D,20181217,000000,5.2054,5.4946,5.109,5.4946,0,0
MFO_PE,D,20181218,000000,5.4946,5.4946,5.3018,5.3018,0,0
MFO_PE,D,20181219,000000,5.4946,5.4946,5.2054,5.3982,0,0
MFO_PE,D,20181220,000000,5.4946,5.4946,5.4946,5.4946,0,0
MFO_PE,D,20181221,000000,5.4946,5.4946,5.4946,5.4946,0,0
MFO_PE,D,20181227,000000,5.4946,5.4946,5.2054,5.3018,0,0
MFO_PE,D,20181228,000000,5.4946,5.4946,5.0126,5.4946,0,0
MFO_PE,D,20190102,000000,5.591,5.591,5.3982,5.3982,0,0
MFO_PE,D,20190103,000000,5.3982,5.3982,5.109,5.2054,0,0
MFO_PE,D,20190104,000000,5.3982,5.3982,5.2054,5.2054,0,0
MFO_PE,D,20190107,000000,5.3018,5.3982,5.2054,5.3982,0,0
MFO_PE,D,20190108,000000,5.3982,5.3982,5.3018,5.3018,0,0
MFO_PE,D,20190109,000000,5.3018,5.3018,5.3018,5.3018,0,0
MFO_PE,D,20190110,000000,5.3018,5.3018,5.2054,5.3018,0,0
MFO_PE,D,20190111,000000,5.4946,5.4946,5.109,5.3018,0,0
MFO_PE,D,20190114,000000,5.2054,5.3018,5.2054,5.3018,0,0
MFO_PE,D,20190115,000000,5.3982,5.3982,5.109,5.2054,0,0
MFO_PE,D,20190116,000000,5.3982,5.591,5.109,5.4946,0,0
MFO_PE,D,20190117,000000,5.6874,5.6874,5.4946,5.4946,0,0
MFO_PE,D,20190118,000000,5.591,5.591,5.3982,5.591,0,0
MFO_PE,D,20190121,000000,5.591,5.591,5.591,5.591,0,0
MFO_PE,D,20190122,000000,5.591,5.591,5.591,5.591,0,0
MFO_PE,D,20190123,000000,5.591,5.591,5.3982,5.4946,0,0
MFO_PE,D,20190124,000000,5.4946,5.4946,5.3982,5.3982,0,0
MFO_PE,D,20190125,000000,5.3982,5.591,5.2054,5.591,0,0
MFO_PE,D,20190128,000000,5.591,5.591,5.591,5.591,0,0
MFO_PE,D,20190129,000000,5.591,5.591,5.591,5.591,0,0
MFO_PE,D,20190130,000000,5.591,5.591,5.591,5.591,0,0
MFO_PE,D,20190131,000000,5.6874,5.7838,5.6874,5.7838,0,0
MFO_PE,D,20190201,000000,5.7838,5.7838,5.7838,5.7838,0,0
MFO_PE,D,20190204,000000,5.7838,5.7838,5.7838,5.7838,0,0
MFO_PE,D,20190205,000000,5.7838,5.7838,5.7838,5.7838,0,0
MFO_PE,D,20190206,000000,5.7838,5.7838,5.7838,5.7838,0,0
MFO_PE,D,20190207,000000,5.7838,5.7838,5.591,5.6874,0,0
MFO_PE,D,20190208,000000,5.6874,5.6874,5.4946,5.591,0,0
MFO_PE,D,20190211,000000,5.6874,5.6874,5.3982,5.6874,0,0
MFO_PE,D,20190212,000000,5.6874,5.6874,5.591,5.591,0,0
MFO_PE,D,20190213,000000,5.591,5.591,5.591,5.591,0,0
MFO_PE,D,20190214,000000,5.591,5.591,5.591,5.591,0,0
MFO_PE,D,20190215,000000,5.591,5.591,5.591,5.591,0,0
MFO_PE,D,20190218,000000,5.591,5.591,5.3982,5.591,0,0
MFO_PE,D,20190219,000000,5.591,5.591,5.3982,5.3982,0,0
MFO_PE,D,20190220,000000,5.3982,5.3982,5.2054,5.2054,0,0
MFO_PE,D,20190221,000000,5.2054,5.3018,5.2054,5.3018,0,0
MFO_PE,D,20190222,000000,5.4946,5.591,5.4946,5.591,0,0
MFO_PE,D,20190225,000000,5.591,5.591,5.3018,5.3018,0,0
MFO_PE,D,20190226,000000,5.591,5.591,5.591,5.591,0,0
MFO_PE,D,20190227,000000,5.591,5.591,5.591,5.591,0,0
MFO_PE,D,20190228,000000,5.591,5.591,5.591,5.591,0,0
MFO_PE,D,20190301,000000,5.6874,5.6874,5.6874,5.6874,0,0
MFO_PE,D,20190304,000000,5.6874,5.6874,5.6874,5.6874,0,0
MFO_PE,D,20190305,000000,5.6874,5.6874,5.6874,5.6874,0,0
MFO_PE,D,20190306,000000,5.4946,5.4946,5.2054,5.3982,0,0
MFO_PE,D,20190307,000000,5.3982,5.3982,5.2054,5.2054,0,0
MFO_PE,D,20190308,000000,5.3018,5.3018,5.2054,5.2054,0,0
MFO_PE,D,20190311,000000,5.3018,5.3018,5.3018,5.3018,0,0
MFO_PE,D,20190312,000000,5.3018,5.3018,5.3018,5.3018,0,0
MFO_PE,D,20190313,000000,5.3018,5.3018,5.109,5.2054,0,0
MFO_PE,D,20190314,000000,5.3982,5.3982,5.3018,5.3018,0,0
MFO_PE,D,20190315,000000,5.3018,5.3018,5.3018,5.3018,0,0
MFO_PE,D,20190318,000000,5.3018,5.3018,5.2054,5.2054,0,0
MFO_PE,D,20190319,000000,5.3018,5.7838,5.2054,5.7838,0,0
MFO_PE,D,20190320,000000,5.7838,5.7838,5.591,5.591,0,0
MFO_PE,D,20190321,000000,5.7838,5.9766,5.7838,5.8802,0,0
MFO_PE,D,20190322,000000,5.8802,5.8802,5.591,5.591,0,0
MFO_PE,D,20190325,000000,5.591,5.591,5.591,5.591,0,0
MFO_PE,D,20190326,000000,5.6874,5.6874,5.6874,5.6874,0,0
MFO_PE,D,20190327,000000,5.7838,5.7838,5.7838,5.7838,0,0
MFO_PE,D,20190328,000000,5.7838,6.073,5.7838,5.9766,0,0
MFO_PE,D,20190329,000000,5.9766,5.9766,5.6874,5.6874,0,0
MFO_PE,D,20190401,000000,5.6874,5.7838,5.6874,5.7838,0,0
MFO_PE,D,20190402,000000,5.7838,5.7838,5.591,5.7838,0,0
MFO_PE,D,20190403,000000,5.7838,5.7838,5.7838,5.7838,0,0
MFO_PE,D,20190404,000000,5.7838,5.7838,5.7838,5.7838,0,0
MFO_PE,D,20190405,000000,5.7838,5.7838,5.7838,5.7838,0,0
MFO_PE,D,20190408,000000,5.7838,5.8802,5.7838,5.8802,0,0
MFO_PE,D,20190409,000000,5.8802,5.8802,5.4946,5.4946,0,0
MFO_PE,D,20190410,000000,5.4946,5.8802,5.4946,5.7838,0,0
MFO_PE,D,20190411,000000,5.8802,5.8802,5.8802,5.8802,0,0
MFO_PE,D,20190412,000000,5.8802,5.8802,5.8802,5.8802,0,0
MFO_PE,D,20190415,000000,5.8802,5.8802,5.8802,5.8802,0,0
MFO_PE,D,20190416,000000,5.8802,5.8802,5.8802,5.8802,0,0
MFO_PE,D,20190417,000000,5.8802,5.8802,5.8802,5.8802,0,0
MFO_PE,D,20190418,000000,5.8802,5.8802,5.6874,5.6874,0,0
MFO_PE,D,20190423,000000,5.8802,5.8802,5.8802,5.8802,0,0
MFO_PE,D,20190424,000000,5.8802,5.8802,5.591,5.6874,0,0
MFO_PE,D,20190425,000000,5.8802,5.8802,5.6874,5.6874,0,0
MFO_PE,D,20190426,000000,5.8802,5.8802,5.6874,5.6874,0,0
MFO_PE,D,20190429,000000,5.4946,5.4946,5.4946,5.4946,0,0
MFO_PE,D,20190430,000000,5.7838,5.7838,5.591,5.6874,0,0
MFO_PE,D,20190502,000000,5.8802,5.8802,5.4946,5.4946,0,0
MFO_PE,D,20190506,000000,5.6874,5.6874,5.4946,5.4946,0,0
MFO_PE,D,20190507,000000,5.591,5.591,5.3982,5.3982,0,0
MFO_PE,D,20190508,000000,5.3982,5.3982,5.3018,5.3982,0,0
MFO_PE,D,20190509,000000,5.3982,5.3982,5.2054,5.2054,0,0
MFO_PE,D,20190510,000000,5.2054,5.2054,5.2054,5.2054,0,0
MFO_PE,D,20190513,000000,5.3018,5.3018,5.2054,5.2054,0,0
MFO_PE,D,20190514,000000,5.3018,5.3018,5.2054,5.2054,0,0
MFO_PE,D,20190515,000000,5.3018,5.3018,4.9162,4.9162,0,0
MFO_PE,D,20190516,000000,4.9162,4.9162,4.627,4.9162,0,0
MFO_PE,D,20190517,000000,4.9162,4.9162,4.7234,4.7234,0,0
MFO_PE,D,20190520,000000,4.7234,4.9162,4.5306,4.627,0,0
MFO_PE,D,20190521,000000,4.627,4.8198,4.627,4.627,0,0
MFO_PE,D,20190522,000000,4.7234,4.7234,4.627,4.7234,0,0
MFO_PE,D,20190523,000000,4.8198,4.8198,4.7234,4.8198,0,0
MFO_PE,D,20190524,000000,4.8198,5.3018,4.8198,5.3018,0,0
MFO_PE,D,20190527,000000,5.3018,5.3018,5.2054,5.2054,0,0
MFO_PE,D,20190528,000000,5.2054,5.3018,5.109,5.3018,0,0
MFO_PE,D,20190529,000000,5.2054,5.6874,5.2054,5.3018,0,0
MFO_PE,D,20190530,000000,5.3018,5.7838,5.3018,5.7838,0,0
MFO_PE,D,20190531,000000,5.7838,5.7838,5.7838,5.7838,0,0
MFO_PE,D,20190603,000000,5.6874,5.7838,5.591,5.591,0,0
MFO_PE,D,20190604,000000,5.7838,5.7838,5.4946,5.4946,0,0
MFO_PE,D,20190605,000000,5.591,5.591,5.2054,5.3018,0,0
MFO_PE,D,20190606,000000,5.3018,5.3018,5.3018,5.3018,0,0
MFO_PE,D,20190607,000000,5.591,5.591,5.3018,5.4946,0,0
MFO_PE,D,20190610,000000,5.591,5.591,5.4946,5.4946,0,0
MFO_PE,D,20190611,000000,5.591,5.591,5.591,5.591,0,0
MFO_PE,D,20190612,000000,5.591,5.591,5.3982,5.4946,0,0
MFO_PE,D,20190613,000000,5.591,5.591,5.591,5.591,0,0
MFO_PE,D,20190614,000000,5.591,5.591,5.591,5.591,0,0
MFO_PE,D,20190617,000000,5.4946,5.4946,5.3018,5.3982,0,0
MFO_PE,D,20190618,000000,5.4946,5.4946,5.4946,5.4946,0,0
MFO_PE,D,20190619,000000,5.6,5.6,5.5,5.5,0,0
MFO_PE,D,20190621,000000,5.5,5.5,5.5,5.5,0,0
MFO_PE,D,20190624,000000,5.7,5.7,5.7,5.7,0,0
MFO_PE,D,20190625,000000,5.6,5.6,5.5,5.5,0,0
MFO_PE,D,20190626,000000,5.7,5.7,5.4,5.6,0,0
MFO_PE,D,20190627,000000,5.7,5.7,5.7,5.7,0,0
MFO_PE,D,20190628,000000,5.7,5.8,5.7,5.8,0,0
MFO_PE,D,20190701,000000,6,6,5.7,5.7,0,0
MFO_PE,D,20190702,000000,6,6,6,6,0,0
MFO_PE,D,20190703,000000,5.7,5.8,5.7,5.7,0,0
MFO_PE,D,20190704,000000,5.7,5.7,5.7,5.7,0,0
MFO_PE,D,20190705,000000,5.7,5.7,5.4,5.5,0,0
MFO_PE,D,20190708,000000,5.7,5.7,5.7,5.7,0,0
MFO_PE,D,20190709,000000,5.7,5.7,5.7,5.7,0,0
MFO_PE,D,20190710,000000,5.7,5.7,5.7,5.7,0,0
MFO_PE,D,20190711,000000,5.7,5.7,5.4,5.6,0,0
MFO_PE,D,20190712,000000,5.6,5.6,5.6,5.6,0,0
MFO_PE,D,20190715,000000,5.6,5.6,5.6,5.6,0,0
MFO_PE,D,20190716,000000,5.6,5.6,5.5,5.5,0,0
MFO_PE,D,20190717,000000,5.6,5.6,5.4,5.5,0,0
MFO_PE,D,20190718,000000,5.6,5.7,5.4,5.7,0,0
MFO_PE,D,20190719,000000,5.7,5.7,5.7,5.7,0,0
MFO_PE,D,20190722,000000,5.7,5.7,5.7,5.7,0,0
MFO_PE,D,20190723,000000,5.7,5.7,5.4,5.6,0,0
MFO_PE,D,20190724,000000,5.7,5.7,5.3,5.4,0,0
MFO_PE,D,20190725,000000,5.7,5.7,5.6,5.6,0,0
MFO_PE,D,20190726,000000,5.6,5.6,5.4,5.4,0,0
MFO_PE,D,20190729,000000,5.6,5.6,5.4,5.4,0,0
MFO_PE,D,20190730,000000,5.6,5.6,5.6,5.6,0,0
MFO_PE,D,20190731,000000,5.6,5.6,5.3,5.4,0,0
MFO_PE,D,20190801,000000,5.6,5.6,5.1,5.1,0,0
MFO_PE,D,20190802,000000,5.1,5.1,4.9,5,0,0
MFO_PE,D,20190805,000000,5,5,4.6,4.8,0,0
MFO_PE,D,20190806,000000,4.9,4.9,4.6,4.8,0,0
MFO_PE,D,20190807,000000,5,5,4.8,5,0,0
MFO_PE,D,20190808,000000,5,5,4.8,4.8,0,0
MFO_PE,D,20190809,000000,5,5,4.8,4.8,0,0
MFO_PE,D,20190812,000000,5,5,4.8,5,0,0
MFO_PE,D,20190813,000000,5.1,5.1,5,5,0,0
MFO_PE,D,20190814,000000,5.1,5.2,5.1,5.2,0,0
MFO_PE,D,20190816,000000,5.2,5.2,5,5,0,0
MFO_PE,D,20190819,000000,5.2,5.2,5.2,5.2,0,0
MFO_PE,D,20190820,000000,5.2,5.2,5.2,5.2,0,0
MFO_PE,D,20190821,000000,5.2,5.2,5.2,5.2,0,0
MFO_PE,D,20190822,000000,5.2,5.2,5.2,5.2,0,0
MFO_PE,D,20190823,000000,5.2,5.2,5,5.2,0,0
MFO_PE,D,20190826,000000,5.1,5.1,5.1,5.1,0,0
MFO_PE,D,20190827,000000,5.2,5.2,5.2,5.2,0,0
MFO_PE,D,20190828,000000,5.2,5.2,5,5,0,0
MFO_PE,D,20190829,000000,5.2,5.2,4.9,4.9,0,0
MFO_PE,D,20190830,000000,4.9,5.1,4.9,5.1,0,0
MFO_PE,D,20190902,000000,5.1,5.1,5,5,0,0
MFO_PE,D,20190903,000000,5.2,5.2,4.9,4.9,0,0
MFO_PE,D,20190904,000000,5,5.1,5,5.1,0,0
MFO_PE,D,20190905,000000,5.1,5.1,5.1,5.1,0,0
MFO_PE,D,20190906,000000,5.1,5.1,4.9,4.9,0,0
MFO_PE,D,20190909,000000,4.9,5.1,4.9,5,0,0
MFO_PE,D,20190910,000000,5,5,5,5,0,0
MFO_PE,D,20190911,000000,5,5,4.5,5,0,0
MFO_PE,D,20190912,000000,4.9,5,4.9,5,0,0
MFO_PE,D,20190913,000000,5.1,5.1,5.1,5.1,0,0
MFO_PE,D,20190916,000000,5.1,5.1,4.8,4.8,0,0
MFO_PE,D,20190917,000000,5,5,5,5,0,0
MFO_PE,D,20190918,000000,4.9,4.9,4.9,4.9,0,0
MFO_PE,D,20190919,000000,5,5.5,4.6,5.5,0,0
MFO_PE,D,20190920,000000,5.7,5.7,5.5,5.5,0,0
MFO_PE,D,20190923,000000,5.7,5.8,5.7,5.8,0,0
MFO_PE,D,20190924,000000,5.7,6,5.7,5.9,0,0
MFO_PE,D,20190925,000000,5.9,5.9,5.9,5.9,0,0
MFO_PE,D,20190926,000000,5.5,5.6,5.5,5.6,0,0
MFO_PE,D,20190927,000000,5.8,5.8,5.5,5.5,0,0
MFO_PE,D,20190930,000000,5.7,5.7,5.6,5.7,0,0
MFO_PE,D,20191001,000000,5.8,5.8,5.5,5.5,0,0
MFO_PE,D,20191002,000000,5.5,5.5,5.5,5.5,0,0
MFO_PE,D,20191003,000000,5.5,5.5,5.5,5.5,0,0
MFO_PE,D,20191004,000000,5.5,5.5,5.4,5.4,0,0
MFO_PE,D,20191007,000000,5.4,5.4,5.4,5.4,0,0
MFO_PE,D,20191008,000000,5.5,5.5,5.5,5.5,0,0
MFO_PE,D,20191009,000000,5.5,5.5,5.5,5.5,0,0
MFO_PE,D,20191010,000000,5.5,5.5,5.5,5.5,0,0
MFO_PE,D,20191011,000000,5.5,5.5,5.5,5.5,0,0
MFO_PE,D,20191015,000000,5.5,5.5,5.4,5.4,0,0
MFO_PE,D,20191016,000000,5.5,5.5,5.5,5.5,0,0
MFO_PE,D,20191017,000000,5.5,5.5,5.5,5.5,0,0
MFO_PE,D,20191018,000000,5.5,5.5,5.5,5.5,0,0
MFO_PE,D,20191021,000000,5.5,5.9,5.5,5.9,0,0
MFO_PE,D,20191022,000000,5.9,5.9,5.7,5.9,0,0
MFO_PE,D,20191023,000000,5.9,6.3,5.9,5.9,0,0
MFO_PE,D,20191024,000000,6,6,5.9,6,0,0
MFO_PE,D,20191025,000000,6,6,5.7,5.7,0,0
MFO_PE,D,20191028,000000,5.7,5.9,5.7,5.7,0,0
MFO_PE,D,20191029,000000,5.7,5.7,5.5,5.6,0,0
MFO_PE,D,20191030,000000,5.7,5.7,5.5,5.5,0,0
MFO_PE,D,20191031,000000,5.7,5.7,5.6,5.6,0,0
MFO_PE,D,20191104,000000,5.5,5.9,5.5,5.9,0,0
MFO_PE,D,20191105,000000,5.9,5.9,5.9,5.9,0,0
MFO_PE,D,20191106,000000,5.9,5.9,5.6,5.6,0,0
MFO_PE,D,20191107,000000,5.6,5.8,5.6,5.6,0,0
MFO_PE,D,20191108,000000,5.6,5.8,5.6,5.8,0,0
MFO_PE,D,20191112,000000,5.8,5.8,5.6,5.6,0,0
MFO_PE,D,20191113,000000,5.6,5.6,5.6,5.6,0,0
MFO_PE,D,20191114,000000,5.8,5.8,5.7,5.7,0,0
MFO_PE,D,20191115,000000,5.7,5.7,5.7,5.7,0,0
MFO_PE,D,20191118,000000,5.7,5.7,5.5,5.6,0,0
MFO_PE,D,20191119,000000,5.8,5.8,5.7,5.7,0,0
MFO_PE,D,20191120,000000,5.7,5.7,5.7,5.7,0,0
MFO_PE,D,20191121,000000,5.7,5.7,5.6,5.6,0,0
MFO_PE,D,20191122,000000,5.7,5.7,5.7,5.7,0,0
MFO_PE,D,20191125,000000,5.7,5.7,5.7,5.7,0,0
MFO_PE,D,20191126,000000,5.7,5.8,5.6,5.8,0,0
MFO_PE,D,20191128,000000,5.9,7,5.8,5.9,0,0
MFO_PE,D,20191129,000000,5.9,6.3,5.6,5.9,0,0
MFO_PE,D,20191202,000000,5.9,6.3,5.8,6.2,0,0
MFO_PE,D,20191203,000000,6.1,6.1,6,6,0,0
MFO_PE,D,20191204,000000,6.1,6.1,6,6,0,0
MFO_PE,D,20191205,000000,6.1,6.1,5.8,5.9,0,0
MFO_PE,D,20191206,000000,5.9,6.1,5.9,6.1,0,0
MFO_PE,D,20191209,000000,6.1,6.3,6.1,6.2,0,0
MFO_PE,D,20191210,000000,6.3,6.3,6.2,6.2,0,0
MFO_PE,D,20191211,000000,6.3,6.3,6.1,6.2,0,0
MFO_PE,D,20191212,000000,6.3,6.3,6,6.2,0,0
MFO_PE,D,20191213,000000,6.3,6.4,6,6.4,0,0
MFO_PE,D,20191216,000000,6.5,6.8,6.3,6.7,0,0
MFO_PE,D,20191217,000000,6.7,6.7,6.5,6.7,0,0
MFO_PE,D,20191218,000000,6.7,6.7,6.4,6.6,0,0
MFO_PE,D,20191219,000000,6.7,6.9,6.7,6.8,0,0
MFO_PE,D,20191220,000000,6.8,6.8,6.5,6.5,0,0
MFO_PE,D,20191223,000000,6.6,6.6,6.3,6.5,0,0
MFO_PE,D,20191227,000000,6.3,6.3,6.2,6.3,0,0
MFO_PE,D,20191230,000000,6.4,6.4,6.3,6.4,0,0
MFO_PE,D,20200102,000000,6.5,6.7,6.5,6.5,0,0
MFO_PE,D,20200103,000000,6.6,6.6,6.6,6.6,0,0
MFO_PE,D,20200107,000000,6.7,6.8,6.7,6.7,0,0
MFO_PE,D,20200108,000000,6.7,6.7,6.7,6.7,0,0
MFO_PE,D,20200109,000000,6.6,6.7,6.6,6.7,0,0
MFO_PE,D,20200110,000000,6.7,7.2,6.7,6.9,0,0
MFO_PE,D,20200113,000000,6.9,7,6.6,7,0,0
MFO_PE,D,20200114,000000,7.2,7.2,7,7,0,0
MFO_PE,D,20200115,000000,7,7,6.9,7,0,0
MFO_PE,D,20200116,000000,7,7,7,7,0,0
MFO_PE,D,20200117,000000,7,7,6.7,7,0,0
MFO_PE,D,20200120,000000,7,7,6.8,7,0,0
MFO_PE,D,20200121,000000,7,7,7,7,0,0
MFO_PE,D,20200122,000000,7,7,6.8,6.9,0,0
MFO_PE,D,20200123,000000,7,7,6.7,6.7,0,0
MFO_PE,D,20200124,000000,6.7,6.7,6.6,6.7,0,0
MFO_PE,D,20200127,000000,6.6,6.8,6.4,6.8,0,0
MFO_PE,D,20200128,000000,6.8,6.8,6.7,6.7,0,0
MFO_PE,D,20200129,000000,6.7,7,6.7,7,0,0
MFO_PE,D,20200130,000000,6.8,6.8,6.8,6.8,0,0
MFO_PE,D,20200131,000000,7,7,6.7,6.8,0,0
MFO_PE,D,20200203,000000,6.9,6.9,6.8,6.8,0,0
MFO_PE,D,20200204,000000,6.7,6.9,6.7,6.9,0,0
MFO_PE,D,20200205,000000,7.1,7.1,6.9,7,0,0
MFO_PE,D,20200206,000000,7.1,7.1,6.8,6.9,0,0
MFO_PE,D,20200207,000000,7.1,7.1,7,7,0,0
MFO_PE,D,20200210,000000,7.1,7.1,6.9,6.9,0,0
MFO_PE,D,20200211,000000,6.9,7.1,6.9,7,0,0
MFO_PE,D,20200212,000000,7,7,6.9,7,0,0
MFO_PE,D,20200213,000000,7,7,6.8,6.8,0,0
MFO_PE,D,20200214,000000,6.8,7,6.8,7,0,0
MFO_PE,D,20200217,000000,7,7.1,7,7,0,0
MFO_PE,D,20200218,000000,7,7,7,7,0,0
MFO_PE,D,20200219,000000,7,7,6.8,6.8,0,0
MFO_PE,D,20200220,000000,6.9,6.9,6.8,6.9,0,0
MFO_PE,D,20200221,000000,7,7,7,7,0,0
MFO_PE,D,20200224,000000,6.6,6.6,6.4,6.5,0,0
MFO_PE,D,20200225,000000,6.5,6.5,6.1,6.2,0,0
MFO_PE,D,20200226,000000,6.5,6.5,6,6.1,0,0
MFO_PE,D,20200227,000000,6.3,6.3,5.5,5.6,0,0
MFO_PE,D,20200228,000000,5.6,5.7,5.5,5.7,0,0
MFO_PE,D,20200302,000000,5.7,5.7,5.3,5.5,0,0
MFO_PE,D,20200303,000000,5.7,6.3,5.4,6.3,0,0
MFO_PE,D,20200304,000000,6.2,6.6,6.1,6.2,0,0
MFO_PE,D,20200305,000000,6.5,6.5,5.6,5.6,0,0
MFO_PE,D,20200306,000000,5.6,5.6,5.4,5.6,0,0
MFO_PE,D,20200309,000000,5.2,5.2,4.7,4.7,0,0
MFO_PE,D,20200310,000000,4.7,4.8,4.7,4.8,0,0
MFO_PE,D,20200311,000000,4.8,4.8,4,4.1,0,0
MFO_PE,D,20200312,000000,3.8,4.2,3.6,3.6,0,0
MFO_PE,D,20200313,000000,3.5,3.8,3.2,3.2,0,0
MFO_PE,D,20200316,000000,3.5,3.5,3.2,3.3,0,0
MFO_PE,D,20200317,000000,3.3,3.5,3.3,3.3,0,0
MFO_PE,D,20200318,000000,3.6,3.8,3.6,3.6,0,0
MFO_PE,D,20200319,000000,3.4,3.6,3.4,3.5,0,0
MFO_PE,D,20200320,000000,3.6,3.8,3.5,3.6,0,0
MFO_PE,D,20200323,000000,3.5,3.5,3.2,3.4,0,0
MFO_PE,D,20200324,000000,3.3,3.6,3.3,3.4,0,0
MFO_PE,D,20200325,000000,3.5,3.5,3.3,3.4,0,0
MFO_PE,D,20200326,000000,3.4,3.5,3.2,3.5,0,0
MFO_PE,D,20200327,000000,3.5,3.7,3.5,3.7,0,0
MFO_PE,D,20200330,000000,3.8,4.1,3.7,3.8,0,0
MFO_PE,D,20200331,000000,3.8,4.1,3.6,4,0,0
MFO_PE,D,20200401,000000,4,4,3.9,3.9,0,0
MFO_PE,D,20200402,000000,3.9,4.3,3.9,4.3,0,0
MFO_PE,D,20200403,000000,4.5,4.5,4,4,0,0
MFO_PE,D,20200406,000000,4,4.3,4,4.3,0,0
MFO_PE,D,20200407,000000,4.3,4.6,4.2,4.4,0,0
MFO_PE,D,20200408,000000,4.6,4.6,4.3,4.3,0,0
MFO_PE,D,20200409,000000,4.3,4.4,4.3,4.4,0,0
MFO_PE,D,20200414,000000,4.3,5,4.3,5,0,0
MFO_PE,D,20200415,000000,5.1,5.1,4.7,4.7,0,0
MFO_PE,D,20200416,000000,4.9,5,4.7,4.7,0,0
MFO_PE,D,20200417,000000,4.8,4.8,4.8,4.8,0,0
MFO_PE,D,20200420,000000,4.8,4.8,4.6,4.7,0,0
MFO_PE,D,20200421,000000,4.7,4.7,4.3,4.3,0,0
MFO_PE,D,20200422,000000,4.3,4.4,4.3,4.3,0,0
MFO_PE,D,20200423,000000,4.3,4.7,4.3,4.7,0,0
MFO_PE,D,20200424,000000,4.7,4.7,4.7,4.7,0,0
MFO_PE,D,20200427,000000,4.7,4.7,4.5,4.7,0,0
MFO_PE,D,20200428,000000,4.7,5.1,4.7,5,0,0
MFO_PE,D,20200429,000000,5.1,5.1,4.7,4.8,0,0
MFO_PE,D,20200430,000000,4.8,4.8,4.5,4.6,0,0
MFO_PE,D,20200504,000000,4.5,4.5,4.4,4.4,0,0
MFO_PE,D,20200505,000000,4.5,4.5,4.5,4.5,0,0
MFO_PE,D,20200506,000000,4.5,4.8,4.5,4.7,0,0
MFO_PE,D,20200507,000000,4.8,5.2,4.8,4.9,0,0
MFO_PE,D,20200508,000000,5.1,5.1,4.9,4.9,0,0
MFO_PE,D,20200511,000000,5.1,5.1,4.9,5.1,0,0
MFO_PE,D,20200512,000000,5.2,5.3,5.1,5.1,0,0
MFO_PE,D,20200513,000000,5.1,5.1,5,5,0,0
MFO_PE,D,20200514,000000,5,5,4.6,4.8,0,0
MFO_PE,D,20200515,000000,5,5,5,5,0,0
MFO_PE,D,20200518,000000,5.1,5.2,5,5,0,0
MFO_PE,D,20200519,000000,5.2,5.2,4.8,4.8,0,0
MFO_PE,D,20200520,000000,4.8,4.9,4.8,4.9,0,0
MFO_PE,D,20200521,000000,5.2,5.2,4.8,4.8,0,0
MFO_PE,D,20200522,000000,4.8,4.8,4.6,4.6,0,0
MFO_PE,D,20200525,000000,4.6,4.7,4.6,4.7,0,0
MFO_PE,D,20200526,000000,4.8,4.9,4.7,4.9,0,0
MFO_PE,D,20200527,000000,5,5.1,5,5.1,0,0
MFO_PE,D,20200528,000000,5.1,5.1,5,5,0,0
MFO_PE,D,20200529,000000,5.1,5.1,5,5,0,0
MFO_PE,D,20200601,000000,5.1,5.1,5.1,5.1,0,0
MFO_PE,D,20200602,000000,5,5.1,5,5.1,0,0
MFO_PE,D,20200603,000000,5.1,5.4,5.1,5.4,0,0
MFO_PE,D,20200604,000000,5.6,5.6,5.4,5.6,0,0
MFO_PE,D,20200605,000000,5.7,5.9,5.6,5.6,0,0
MFO_PE,D,20200608,000000,5.9,5.9,5.3,5.5,0,0
MFO_PE,D,20200609,000000,5.8,5.8,5.4,5.4,0,0
MFO_PE,D,20200610,000000,5.3,5.3,5.2,5.3,0,0
MFO_PE,D,20200612,000000,5.3,5.3,5.1,5.1,0,0
MFO_PE,D,20200615,000000,5.2,5.2,5.1,5.2,0,0
MFO_PE,D,20200616,000000,5.4,5.4,5.3,5.3,0,0
MFO_PE,D,20200617,000000,5.3,5.4,5.2,5.2,0,0
MFO_PE,D,20200618,000000,5.3,5.3,5.3,5.3,0,0
MFO_PE,D,20200619,000000,5.5,5.5,5,5.1,0,0
MFO_PE,D,20200622,000000,5.2,5.2,5.2,5.2,0,0
MFO_PE,D,20200623,000000,5.1,5.1,5,5.1,0,0
MFO_PE,D,20200624,000000,5.2,5.4,5,5,0,0
MFO_PE,D,20200625,000000,5.4,5.4,4.8,4.9,0,0
MFO_PE,D,20200626,000000,5.1,5.1,4.9,5.1,0,0
MFO_PE,D,20200629,000000,4.9,5.3,4.9,5.3,0,0
MFO_PE,D,20200630,000000,5.3,5.5,4.9,5.4,0,0
MFO_PE,D,20200701,000000,5.7,5.7,5.3,5.4,0,0
MFO_PE,D,20200702,000000,5.6,5.6,5.3,5.5,0,0
MFO_PE,D,20200703,000000,5.6,5.6,5.4,5.5,0,0
MFO_PE,D,20200706,000000,5.5,5.5,5.2,5.3,0,0
MFO_PE,D,20200707,000000,5.2,5.3,5.2,5.2,0,0
MFO_PE,D,20200708,000000,5.2,5.3,5.1,5.3,0,0
MFO_PE,D,20200709,000000,5.5,5.5,5.3,5.5,0,0
MFO_PE,D,20200710,000000,5.6,5.6,5.3,5.3,0,0
MFO_PE,D,20200713,000000,5.2,5.3,5.2,5.3,0,0
MFO_PE,D,20200714,000000,5.3,5.3,5.3,5.3,0,0
MFO_PE,D,20200715,000000,5.5,5.7,5.5,5.6,0,0
MFO_PE,D,20200716,000000,5.7,5.8,5.7,5.8,0,0
MFO_PE,D,20200717,000000,5.8,5.8,5.8,5.8,0,0
MFO_PE,D,20200720,000000,5.8,5.9,5.6,5.6,0,0
MFO_PE,D,20200721,000000,6.1,6.2,6.1,6.2,0,0
MFO_PE,D,20200722,000000,6.1,6.3,5.9,5.9,0,0
MFO_PE,D,20200723,000000,6.2,6.2,5.6,5.6,0,0
MFO_PE,D,20200724,000000,5.8,5.8,5.5,5.5,0,0
MFO_PE,D,20200727,000000,5.3,5.6,5.3,5.6,0,0
MFO_PE,D,20200728,000000,5.9,5.9,5.7,5.8,0,0
MFO_PE,D,20200729,000000,5.9,5.9,5.6,5.8,0,0
MFO_PE,D,20200730,000000,5.9,5.9,5.6,5.6,0,0
MFO_PE,D,20200731,000000,5.6,5.6,5.2,5.3,0,0
MFO_PE,D,20200803,000000,5.2,5.3,5.2,5.3,0,0
MFO_PE,D,20200804,000000,5.3,5.3,5.3,5.3,0,0
MFO_PE,D,20200805,000000,5.3,5.5,5.3,5.5,0,0
MFO_PE,D,20200806,000000,5.7,5.7,5.6,5.6,0,0
MFO_PE,D,20200807,000000,5.6,5.6,5.5,5.5,0,0
MFO_PE,D,20200810,000000,5.5,5.5,5.3,5.3,0,0
MFO_PE,D,20200811,000000,5.5,5.6,5.4,5.5,0,0
MFO_PE,D,20200812,000000,5.7,5.8,5.7,5.8,0,0
MFO_PE,D,20200813,000000,5.8,5.8,5.6,5.6,0,0
MFO_PE,D,20200814,000000,5.7,5.8,5.7,5.8,0,0
MFO_PE,D,20200817,000000,5.8,6,5.8,5.9,0,0
MFO_PE,D,20200818,000000,6,6.2,6,6,0,0
MFO_PE,D,20200819,000000,6.2,6.2,5.9,5.9,0,0
MFO_PE,D,20200820,000000,5.8,5.8,5.6,5.6,0,0
MFO_PE,D,20200821,000000,5.6,5.6,5.3,5.4,0,0
