<TICKER>,<PER>,<DATE>,<TIME>,<OPEN>,<HIGH>,<LOW>,<CLOSE>,<VOL>,<OPENINT>
MSP_PE,D,20070813,000000,13.625,13.625,13.625,13.625,0,0
MSP_PE,D,20070814,000000,13.557,13.557,13.557,13.557,0,0
MSP_PE,D,20070816,000000,13.273,13.273,13.273,13.273,0,0
MSP_PE,D,20070817,000000,13.415,13.415,13.415,13.415,0,0
MSP_PE,D,20070820,000000,13.482,13.482,13.482,13.482,0,0
MSP_PE,D,20070821,000000,13.415,13.415,13.415,13.415,0,0
MSP_PE,D,20070822,000000,14.052,14.052,14.052,14.052,0,0
MSP_PE,D,20070823,000000,13.834,13.834,13.834,13.834,0,0
MSP_PE,D,20070824,000000,13.91,13.91,13.91,13.91,0,0
MSP_PE,D,20070827,000000,14.187,14.187,14.187,14.187,0,0
MSP_PE,D,20070828,000000,14.187,14.187,14.187,14.187,0,0
MSP_PE,D,20070829,000000,14.119,14.119,14.119,14.119,0,0
MSP_PE,D,20070830,000000,14.262,14.262,14.262,14.262,0,0
MSP_PE,D,20070831,000000,15.394,15.394,15.394,15.394,0,0
MSP_PE,D,20070903,000000,16.024,16.024,16.024,16.024,0,0
MSP_PE,D,20070904,000000,16.166,16.166,16.166,16.166,0,0
MSP_PE,D,20070905,000000,15.461,15.461,15.461,15.461,0,0
MSP_PE,D,20070906,000000,15.604,15.604,15.604,15.604,0,0
MSP_PE,D,20070907,000000,15.461,15.461,15.461,15.461,0,0
MSP_PE,D,20070910,000000,15.251,15.251,15.251,15.251,0,0
MSP_PE,D,20070911,000000,15.671,15.671,15.671,15.671,0,0
MSP_PE,D,20070912,000000,16.099,16.099,16.099,16.099,0,0
MSP_PE,D,20070913,000000,15.746,15.746,15.746,15.746,0,0
MSP_PE,D,20070914,000000,15.461,15.461,15.461,15.461,0,0
MSP_PE,D,20070917,000000,15.746,15.746,15.746,15.746,0,0
MSP_PE,D,20070918,000000,16.099,16.099,16.099,16.099,0,0
MSP_PE,D,20070919,000000,16.376,16.376,16.376,16.376,0,0
MSP_PE,D,20070920,000000,17.082,17.082,17.082,17.082,0,0
MSP_PE,D,20070921,000000,18.214,18.214,18.214,18.214,0,0
MSP_PE,D,20070924,000000,19.623,19.623,19.623,19.623,0,0
MSP_PE,D,20070925,000000,18.851,18.851,18.851,18.851,0,0
MSP_PE,D,20070926,000000,18.709,18.709,18.709,18.709,0,0
MSP_PE,D,20070927,000000,18.214,18.214,18.214,18.214,0,0
MSP_PE,D,20070928,000000,17.576,17.576,17.576,17.576,0,0
MSP_PE,D,20071001,000000,17.014,17.014,17.014,17.014,0,0
MSP_PE,D,20071002,000000,17.441,17.441,17.441,17.441,0,0
MSP_PE,D,20071003,000000,17.929,17.929,17.929,17.929,0,0
MSP_PE,D,20071004,000000,17.794,17.794,17.794,17.794,0,0
MSP_PE,D,20071005,000000,17.576,17.576,17.576,17.576,0,0
MSP_PE,D,20071008,000000,17.576,17.576,17.576,17.576,0,0
MSP_PE,D,20071009,000000,17.366,17.366,17.366,17.366,0,0
MSP_PE,D,20071010,000000,17.861,17.861,17.861,17.861,0,0
MSP_PE,D,20071011,000000,18.919,18.919,18.919,18.919,0,0
MSP_PE,D,20071012,000000,18.641,18.641,18.641,18.641,0,0
MSP_PE,D,20071015,000000,18.919,18.919,18.919,18.919,0,0
MSP_PE,D,20071016,000000,18.499,18.499,18.499,18.499,0,0
MSP_PE,D,20071017,000000,18.776,18.776,18.776,18.776,0,0
MSP_PE,D,20071018,000000,19.204,19.204,19.204,19.204,0,0
MSP_PE,D,20071019,000000,18.919,18.919,18.919,18.919,0,0
MSP_PE,D,20071022,000000,18.424,18.424,18.424,18.424,0,0
MSP_PE,D,20071023,000000,19.061,19.061,19.061,19.061,0,0
MSP_PE,D,20071024,000000,18.994,18.994,18.994,18.994,0,0
MSP_PE,D,20071025,000000,19.27,19.27,19.27,19.27,0,0
MSP_PE,D,20071026,000000,19.061,19.061,19.061,19.061,0,0
MSP_PE,D,20071029,000000,18.851,18.851,18.851,18.851,0,0
MSP_PE,D,20071030,000000,18.851,18.851,18.851,18.851,0,0
MSP_PE,D,20071031,000000,17.719,17.719,17.719,17.719,0,0
MSP_PE,D,20071102,000000,17.224,17.224,17.224,17.224,0,0
MSP_PE,D,20071105,000000,16.804,16.804,16.804,16.804,0,0
MSP_PE,D,20071106,000000,15.394,15.394,15.394,15.394,0,0
MSP_PE,D,20071107,000000,14.405,14.405,14.405,14.405,0,0
MSP_PE,D,20071108,000000,13.767,13.767,13.767,13.767,0,0
MSP_PE,D,20071109,000000,13.767,14.329,13.767,14.187,0,0
MSP_PE,D,20071112,000000,13.91,14.547,13.91,14.187,0,0
MSP_PE,D,20071113,000000,14.119,14.757,13.91,14.757,0,0
MSP_PE,D,20071114,000000,15.176,15.529,14.757,14.757,0,0
MSP_PE,D,20071115,000000,14.9,14.9,13.415,14.052,0,0
MSP_PE,D,20071116,000000,13.767,14.052,13.205,13.339,0,0
MSP_PE,D,20071119,000000,13.205,13.91,13.205,13.339,0,0
MSP_PE,D,20071120,000000,13.273,13.339,12.92,13.339,0,0
MSP_PE,D,20071121,000000,13.062,13.062,11.788,12.778,0,0
MSP_PE,D,20071122,000000,12.215,13.339,11.788,12.71,0,0
MSP_PE,D,20071123,000000,13.339,13.482,13.205,13.482,0,0
MSP_PE,D,20071126,000000,13.767,14.119,13.273,13.482,0,0
MSP_PE,D,20071127,000000,13.205,13.415,12.988,13.273,0,0
MSP_PE,D,20071128,000000,13.273,13.482,13.205,13.482,0,0
MSP_PE,D,20071129,000000,14.052,14.052,13.625,13.625,0,0
MSP_PE,D,20071130,000000,13.976,14.052,13.91,13.91,0,0
MSP_PE,D,20071203,000000,13.976,14.471,13.91,14.262,0,0
MSP_PE,D,20071204,000000,14.119,14.329,14.119,14.187,0,0
MSP_PE,D,20071205,000000,14.119,14.614,14.119,14.547,0,0
MSP_PE,D,20071206,000000,14.9,15.604,14.757,15.251,0,0
MSP_PE,D,20071207,000000,15.394,15.394,14.824,14.9,0,0
MSP_PE,D,20071210,000000,14.9,15.109,14.614,14.757,0,0
MSP_PE,D,20071211,000000,14.547,14.757,14.547,14.757,0,0
MSP_PE,D,20071212,000000,14.119,14.471,14.119,14.471,0,0
MSP_PE,D,20071213,000000,14.614,14.614,13.625,14.119,0,0
MSP_PE,D,20071214,000000,14.119,14.119,13.834,13.976,0,0
MSP_PE,D,20071217,000000,13.625,13.625,13.415,13.482,0,0
MSP_PE,D,20071218,000000,13.415,13.482,12.852,13.415,0,0
MSP_PE,D,20071219,000000,13.205,13.205,12.92,13.13,0,0
MSP_PE,D,20071220,000000,13.482,13.7,13.339,13.7,0,0
MSP_PE,D,20071221,000000,13.415,13.91,13.415,13.415,0,0
MSP_PE,D,20071227,000000,13.062,13.415,12.92,13.415,0,0
MSP_PE,D,20071228,000000,13.415,13.557,13.415,13.482,0,0
MSP_PE,D,20080102,000000,13.557,13.557,13.273,13.339,0,0
MSP_PE,D,20080103,000000,13.339,13.415,13.062,13.415,0,0
MSP_PE,D,20080104,000000,13.273,13.273,13.205,13.205,0,0
MSP_PE,D,20080107,000000,13.13,13.13,12.635,12.778,0,0
MSP_PE,D,20080108,000000,12.778,12.778,12.493,12.567,0,0
MSP_PE,D,20080109,000000,12.215,12.357,11.93,11.93,0,0
MSP_PE,D,20080110,000000,11.93,12.072,11.367,11.51,0,0
MSP_PE,D,20080111,000000,11.51,11.578,11.51,11.51,0,0
MSP_PE,D,20080114,000000,11.51,11.51,11.51,11.51,0,0
MSP_PE,D,20080115,000000,11.578,11.578,10.445,10.73,0,0
MSP_PE,D,20080116,000000,9.53,10.235,9.53,9.883,0,0
MSP_PE,D,20080117,000000,9.815,10.663,9.815,10.588,0,0
MSP_PE,D,20080118,000000,10.73,11.083,10.31,11.083,0,0
MSP_PE,D,20080121,000000,10.872,10.94,10.872,10.872,0,0
MSP_PE,D,20080122,000000,9.815,10.94,9.815,10.872,0,0
MSP_PE,D,20080123,000000,11.083,11.225,10.235,10.872,0,0
MSP_PE,D,20080124,000000,11.157,11.72,11.015,11.72,0,0
MSP_PE,D,20080125,000000,11.788,12.072,11.788,11.788,0,0
MSP_PE,D,20080128,000000,11.788,11.788,11.788,11.788,0,0
MSP_PE,D,20080129,000000,12.215,12.92,12.215,12.71,0,0
MSP_PE,D,20080130,000000,12.92,12.92,12.778,12.92,0,0
MSP_PE,D,20080131,000000,13.062,13.062,12.425,12.425,0,0
MSP_PE,D,20080201,000000,12.493,12.988,12.493,12.778,0,0
MSP_PE,D,20080204,000000,13.13,13.339,12.852,13.273,0,0
MSP_PE,D,20080205,000000,13.205,13.339,12.778,12.778,0,0
MSP_PE,D,20080206,000000,12.635,12.635,12.283,12.635,0,0
MSP_PE,D,20080207,000000,12.778,12.778,12.493,12.493,0,0
MSP_PE,D,20080208,000000,12.215,12.635,12.215,12.635,0,0
MSP_PE,D,20080211,000000,12.283,12.635,12.215,12.635,0,0
MSP_PE,D,20080212,000000,12.778,12.852,12.635,12.852,0,0
MSP_PE,D,20080213,000000,12.852,12.92,12.778,12.92,0,0
MSP_PE,D,20080214,000000,13.205,13.339,12.92,13.205,0,0
MSP_PE,D,20080215,000000,13.339,14.052,9.883,9.883,0,0
MSP_PE,D,20080218,000000,10.025,10.31,10.025,10.167,0,0
MSP_PE,D,20080219,000000,10.235,10.235,10.025,10.025,0,0
MSP_PE,D,20080220,000000,9.957,10.093,9.957,10.025,0,0
MSP_PE,D,20080221,000000,10.025,10.235,10.025,10.235,0,0
MSP_PE,D,20080222,000000,10.235,10.235,10.167,10.235,0,0
MSP_PE,D,20080225,000000,10.378,10.445,10.167,10.167,0,0
MSP_PE,D,20080226,000000,10.31,10.378,10.093,10.235,0,0
MSP_PE,D,20080227,000000,10.235,10.235,10.093,10.235,0,0
MSP_PE,D,20080228,000000,10.235,10.235,9.74,10.025,0,0
MSP_PE,D,20080229,000000,9.4625,9.883,9.4625,9.815,0,0
MSP_PE,D,20080303,000000,9.673,9.673,9.1106,9.3882,0,0
MSP_PE,D,20080304,000000,9.2452,9.3882,9.1106,9.1106,0,0
MSP_PE,D,20080305,000000,9.1106,9.3882,9.1106,9.3882,0,0
MSP_PE,D,20080306,000000,9.3204,9.4625,9.3204,9.4625,0,0
MSP_PE,D,20080307,000000,9.3204,9.3204,9.0354,9.2452,0,0
MSP_PE,D,20080310,000000,9.0354,9.1106,9.0354,9.0354,0,0
MSP_PE,D,20080311,000000,9.0354,9.2452,9.0354,9.2452,0,0
MSP_PE,D,20080312,000000,9.2452,9.3882,9.2452,9.3882,0,0
MSP_PE,D,20080313,000000,9.2452,9.3882,9.1784,9.1784,0,0
MSP_PE,D,20080314,000000,9.2452,9.53,8.9685,9.53,0,0
MSP_PE,D,20080317,000000,9.1106,9.3882,9.0354,9.3882,0,0
MSP_PE,D,20080318,000000,9.2452,9.3882,9.2452,9.3882,0,0
MSP_PE,D,20080319,000000,9.3882,9.3882,9.1784,9.3882,0,0
MSP_PE,D,20080320,000000,9.3204,9.3882,9.3204,9.3882,0,0
MSP_PE,D,20080325,000000,9.3882,9.74,9.3882,9.74,0,0
MSP_PE,D,20080326,000000,9.74,9.74,9.53,9.74,0,0
MSP_PE,D,20080327,000000,9.53,9.74,9.53,9.673,0,0
MSP_PE,D,20080331,000000,9.598,9.598,9.598,9.598,0,0
MSP_PE,D,20080401,000000,9.598,9.673,9.598,9.673,0,0
MSP_PE,D,20080402,000000,9.74,9.74,9.53,9.673,0,0
MSP_PE,D,20080403,000000,9.673,10.025,9.673,10.025,0,0
MSP_PE,D,20080404,000000,10.025,10.235,10.025,10.167,0,0
MSP_PE,D,20080407,000000,10.025,10.167,10.025,10.167,0,0
MSP_PE,D,20080408,000000,10.167,10.167,9.957,9.957,0,0
MSP_PE,D,20080409,000000,9.957,9.957,9.74,9.883,0,0
MSP_PE,D,20080410,000000,9.883,10.025,9.883,10.025,0,0
MSP_PE,D,20080411,000000,9.957,10.025,9.673,10.025,0,0
MSP_PE,D,20080414,000000,9.957,9.957,9.957,9.957,0,0
MSP_PE,D,20080415,000000,9.74,10.025,9.74,9.957,0,0
MSP_PE,D,20080416,000000,10.025,10.025,10.025,10.025,0,0
MSP_PE,D,20080417,000000,10.093,10.093,9.957,9.957,0,0
MSP_PE,D,20080418,000000,9.957,9.957,9.815,9.815,0,0
MSP_PE,D,20080421,000000,9.74,9.957,9.598,9.957,0,0
MSP_PE,D,20080422,000000,9.673,9.673,9.53,9.53,0,0
MSP_PE,D,20080423,000000,9.815,9.815,9.4625,9.673,0,0
MSP_PE,D,20080424,000000,9.53,9.74,9.53,9.53,0,0
MSP_PE,D,20080425,000000,9.815,9.815,9.3204,9.74,0,0
MSP_PE,D,20080429,000000,9.673,9.74,9.673,9.673,0,0
MSP_PE,D,20080430,000000,9.673,9.673,9.3204,9.673,0,0
MSP_PE,D,20080505,000000,9.673,9.815,9.4625,9.815,0,0
MSP_PE,D,20080506,000000,9.815,9.815,8.2631,8.2631,0,0
MSP_PE,D,20080507,000000,8.2631,8.3981,8.1206,8.3981,0,0
MSP_PE,D,20080508,000000,8.3981,8.3981,8.1882,8.1882,0,0
MSP_PE,D,20080509,000000,8.1882,8.2631,8.1882,8.2631,0,0
MSP_PE,D,20080512,000000,8.1882,8.2631,8.1206,8.1882,0,0
MSP_PE,D,20080513,000000,8.0457,8.1206,8.0457,8.1206,0,0
MSP_PE,D,20080514,000000,8.2631,8.2631,7.9782,8.1206,0,0
MSP_PE,D,20080515,000000,7.9782,8.0457,7.9782,8.0457,0,0
MSP_PE,D,20080516,000000,7.9782,8.0457,7.8357,7.9782,0,0
MSP_PE,D,20080519,000000,7.8357,7.8357,7.7683,7.7683,0,0
MSP_PE,D,20080520,000000,7.8357,7.8357,7.7683,7.8357,0,0
MSP_PE,D,20080521,000000,7.7683,7.9032,7.7683,7.8357,0,0
MSP_PE,D,20080523,000000,7.7683,7.8357,7.6932,7.6932,0,0
MSP_PE,D,20080526,000000,7.6932,7.6932,7.6932,7.6932,0,0
MSP_PE,D,20080527,000000,7.6258,7.9032,7.5508,7.9032,0,0
MSP_PE,D,20080528,000000,7.9032,7.9032,7.9032,7.9032,0,0
MSP_PE,D,20080529,000000,7.7683,7.9032,7.7683,7.9032,0,0
MSP_PE,D,20080530,000000,7.7683,7.9032,7.7683,7.9032,0,0
MSP_PE,D,20080602,000000,7.8357,7.8357,7.7683,7.8357,0,0
MSP_PE,D,20080603,000000,7.8357,7.8357,7.6932,7.8357,0,0
MSP_PE,D,20080604,000000,7.8357,7.8357,7.6932,7.8357,0,0
MSP_PE,D,20080605,000000,7.6932,7.8357,7.6932,7.8357,0,0
MSP_PE,D,20080609,000000,7.6258,7.8357,7.3409,7.4159,0,0
MSP_PE,D,20080610,000000,7.4833,7.4833,7.1984,7.1984,0,0
MSP_PE,D,20080611,000000,7.1309,7.1309,6.921,6.921,0,0
MSP_PE,D,20080612,000000,6.9884,7.1984,6.9884,7.1984,0,0
MSP_PE,D,20080613,000000,7.2733,7.2733,6.921,7.0635,0,0
MSP_PE,D,20080616,000000,7.0635,7.0635,6.9884,6.9884,0,0
MSP_PE,D,20080617,000000,6.9884,7.0635,6.9884,6.9884,0,0
MSP_PE,D,20080618,000000,6.921,6.921,6.636,6.7035,0,0
MSP_PE,D,20080619,000000,6.7785,6.7785,6.7785,6.7785,0,0
MSP_PE,D,20080620,000000,6.921,6.921,6.636,6.636,0,0
MSP_PE,D,20080623,000000,6.5685,6.7785,6.5685,6.7785,0,0
MSP_PE,D,20080624,000000,6.7785,6.8459,6.7785,6.8459,0,0
MSP_PE,D,20080625,000000,6.7785,6.7785,6.7785,6.7785,0,0
MSP_PE,D,20080626,000000,6.7785,6.7785,6.7035,6.7035,0,0
MSP_PE,D,20080627,000000,6.4261,6.7035,6.4261,6.7035,0,0
MSP_PE,D,20080630,000000,6.5685,6.5685,6.5685,6.5685,0,0
MSP_PE,D,20080701,000000,6.4261,6.4261,6.3511,6.3511,0,0
MSP_PE,D,20080702,000000,6.2836,6.4261,6.2836,6.2836,0,0
MSP_PE,D,20080703,000000,6.2836,6.4261,6.2836,6.4261,0,0
MSP_PE,D,20080704,000000,6.3511,6.3511,6.2161,6.2161,0,0
MSP_PE,D,20080707,000000,6.0737,6.2161,6.0737,6.0737,0,0
MSP_PE,D,20080708,000000,5.5787,6.1412,5.5787,6.1412,0,0
MSP_PE,D,20080709,000000,6.2161,6.3511,6.2161,6.3511,0,0
MSP_PE,D,20080710,000000,6.2161,6.4261,6.2161,6.4261,0,0
MSP_PE,D,20080711,000000,6.2161,6.2161,6.2161,6.2161,0,0
MSP_PE,D,20080714,000000,6.1412,6.4261,6.1412,6.3511,0,0
MSP_PE,D,20080715,000000,6.3511,6.3511,6.1412,6.1412,0,0
MSP_PE,D,20080716,000000,6.2161,6.2161,6.0737,6.0737,0,0
MSP_PE,D,20080717,000000,6.0737,6.2836,6.0737,6.2161,0,0
MSP_PE,D,20080718,000000,6.2161,6.2161,6.1412,6.2161,0,0
MSP_PE,D,20080721,000000,6.2836,6.4935,6.2836,6.4935,0,0
MSP_PE,D,20080722,000000,6.7035,7.1309,6.636,6.921,0,0
MSP_PE,D,20080723,000000,7.0635,7.0635,6.921,7.0635,0,0
MSP_PE,D,20080724,000000,7.1309,7.1984,6.921,6.921,0,0
MSP_PE,D,20080725,000000,6.9884,7.1309,6.9884,7.1309,0,0
MSP_PE,D,20080728,000000,7.1309,7.1309,7.0635,7.0635,0,0
MSP_PE,D,20080729,000000,7.1309,7.1309,7.1309,7.1309,0,0
MSP_PE,D,20080730,000000,7.2733,7.2733,7.1984,7.2733,0,0
MSP_PE,D,20080731,000000,7.2733,7.2733,6.9884,7.0635,0,0
MSP_PE,D,20080801,000000,7.1309,7.1309,7.0635,7.1309,0,0
MSP_PE,D,20080804,000000,7.1984,7.4159,7.1309,7.4159,0,0
MSP_PE,D,20080805,000000,7.4159,7.6932,7.1309,7.1309,0,0
MSP_PE,D,20080806,000000,7.4982,7.4982,6.7484,6.9735,0,0
MSP_PE,D,20080807,000000,6.9735,7.1984,6.9735,7.1984,0,0
MSP_PE,D,20080808,000000,7.1984,7.1984,7.1984,7.1984,0,0
MSP_PE,D,20080811,000000,6.9735,7.0484,6.9735,7.0484,0,0
MSP_PE,D,20080812,000000,7.0484,7.1234,7.0484,7.0484,0,0
MSP_PE,D,20080813,000000,7.0484,7.0484,7.0484,7.0484,0,0
MSP_PE,D,20080814,000000,7.0484,7.0484,7.0484,7.0484,0,0
MSP_PE,D,20080818,000000,7.0484,7.1234,7.0484,7.1234,0,0
MSP_PE,D,20080819,000000,7.0484,7.0484,6.9735,6.9735,0,0
MSP_PE,D,20080820,000000,6.8235,6.8985,6.8235,6.8985,0,0
MSP_PE,D,20080821,000000,6.8985,6.8985,6.8985,6.8985,0,0
MSP_PE,D,20080822,000000,6.9735,7.0484,6.9735,7.0484,0,0
MSP_PE,D,20080825,000000,6.8235,7.0484,6.8235,6.8985,0,0
MSP_PE,D,20080826,000000,6.8235,6.8235,6.7484,6.7484,0,0
MSP_PE,D,20080827,000000,6.7484,6.7484,6.6735,6.6735,0,0
MSP_PE,D,20080828,000000,6.6735,6.6735,6.6735,6.6735,0,0
MSP_PE,D,20080829,000000,6.6735,6.9735,6.6735,6.9735,0,0
MSP_PE,D,20080901,000000,7.0484,7.0484,7.0484,7.0484,0,0
MSP_PE,D,20080902,000000,6.7484,6.9735,6.7484,6.8235,0,0
MSP_PE,D,20080903,000000,6.8235,6.8235,6.7484,6.7484,0,0
MSP_PE,D,20080904,000000,6.8985,6.8985,6.7484,6.7484,0,0
MSP_PE,D,20080905,000000,6.7484,6.8235,6.7484,6.8235,0,0
MSP_PE,D,20080908,000000,6.7484,6.8985,6.7484,6.8985,0,0
MSP_PE,D,20080909,000000,6.8985,6.8985,6.8985,6.8985,0,0
MSP_PE,D,20080910,000000,6.8985,6.8985,6.8985,6.8985,0,0
MSP_PE,D,20080911,000000,6.7484,6.7484,6.7484,6.7484,0,0
MSP_PE,D,20080912,000000,6.6735,6.7484,6.6735,6.7484,0,0
MSP_PE,D,20080915,000000,6.5236,6.6735,6.4486,6.4486,0,0
MSP_PE,D,20080916,000000,6.3736,6.4486,6.3736,6.4486,0,0
MSP_PE,D,20080917,000000,6.3736,6.3736,6.2235,6.2987,0,0
MSP_PE,D,20080918,000000,6.1486,6.2987,6.0737,6.2987,0,0
MSP_PE,D,20080919,000000,6.2235,6.5985,6.2235,6.5236,0,0
MSP_PE,D,20080922,000000,6.6735,6.6735,6.3736,6.3736,0,0
MSP_PE,D,20080923,000000,6.2235,6.2235,6.1486,6.1486,0,0
MSP_PE,D,20080924,000000,6.2235,6.2235,6.1486,6.2235,0,0
MSP_PE,D,20080925,000000,6.1486,6.2235,6.0737,6.2235,0,0
MSP_PE,D,20080929,000000,6.1486,6.1486,6.0737,6.0737,0,0
MSP_PE,D,20080930,000000,5.9237,5.9986,5.8487,5.9237,0,0
MSP_PE,D,20081001,000000,6.0737,6.2987,5.9237,6.2235,0,0
MSP_PE,D,20081002,000000,6.2235,6.2235,5.9986,6.1486,0,0
MSP_PE,D,20081006,000000,5.9986,5.9986,5.9237,5.9986,0,0
MSP_PE,D,20081007,000000,5.8487,5.8487,5.6238,5.6238,0,0
MSP_PE,D,20081008,000000,5.5487,5.6238,5.1739,5.5487,0,0
MSP_PE,D,20081009,000000,5.3988,5.3988,5.3238,5.3238,0,0
MSP_PE,D,20081010,000000,5.2488,5.2488,4.799,5.0989,0,0
MSP_PE,D,20081013,000000,5.0239,5.0989,4.799,5.0989,0,0
MSP_PE,D,20081014,000000,5.2488,5.4737,4.9489,4.9489,0,0
MSP_PE,D,20081015,000000,5.1739,5.1739,5.1739,5.1739,0,0
MSP_PE,D,20081016,000000,4.8739,5.0239,4.8739,5.0239,0,0
MSP_PE,D,20081017,000000,4.9489,4.9489,4.9489,4.9489,0,0
MSP_PE,D,20081020,000000,4.9489,4.9489,4.799,4.9489,0,0
MSP_PE,D,20081021,000000,4.9489,4.9489,4.799,4.8739,0,0
MSP_PE,D,20081022,000000,4.7239,4.7239,4.7239,4.7239,0,0
MSP_PE,D,20081023,000000,4.649,4.7239,4.4241,4.574,0,0
MSP_PE,D,20081024,000000,4.3491,4.574,4.3491,4.3491,0,0
MSP_PE,D,20081027,000000,4.274,4.274,3.9741,4.199,0,0
MSP_PE,D,20081028,000000,4.3491,4.3491,4.274,4.274,0,0
MSP_PE,D,20081029,000000,4.3491,4.649,4.3491,4.4989,0,0
MSP_PE,D,20081030,000000,4.574,4.574,4.3491,4.574,0,0
MSP_PE,D,20081031,000000,4.4241,4.4241,4.3491,4.4241,0,0
MSP_PE,D,20081104,000000,4.574,5.0239,4.574,5.0239,0,0
MSP_PE,D,20081105,000000,5.1739,5.3238,5.0239,5.1739,0,0
MSP_PE,D,20081106,000000,5.1739,5.2488,4.799,4.799,0,0
MSP_PE,D,20081107,000000,4.7239,5.0989,4.7239,4.9489,0,0
MSP_PE,D,20081110,000000,5.0989,5.0989,5.0239,5.0239,0,0
MSP_PE,D,20081112,000000,5.0239,5.1739,4.8739,4.8739,0,0
MSP_PE,D,20081113,000000,4.799,4.799,4.799,4.799,0,0
MSP_PE,D,20081114,000000,4.8739,4.8739,4.7239,4.7239,0,0
MSP_PE,D,20081117,000000,4.7239,5.0239,4.7239,5.0239,0,0
MSP_PE,D,20081118,000000,5.0239,5.0989,4.7239,4.8739,0,0
MSP_PE,D,20081119,000000,4.799,4.799,4.799,4.799,0,0
MSP_PE,D,20081120,000000,4.649,4.649,4.4241,4.4241,0,0
MSP_PE,D,20081121,000000,4.3491,4.649,4.3491,4.574,0,0
MSP_PE,D,20081124,000000,4.574,4.7239,4.574,4.7239,0,0
MSP_PE,D,20081125,000000,4.7239,4.8739,4.7239,4.8739,0,0
MSP_PE,D,20081126,000000,4.799,4.799,4.799,4.799,0,0
MSP_PE,D,20081127,000000,4.799,4.799,4.799,4.799,0,0
MSP_PE,D,20081128,000000,4.7239,4.7239,4.7239,4.7239,0,0
MSP_PE,D,20081201,000000,4.574,4.7239,4.4241,4.4241,0,0
MSP_PE,D,20081202,000000,4.3491,4.4241,4.199,4.199,0,0
MSP_PE,D,20081203,000000,4.274,4.274,4.199,4.274,0,0
MSP_PE,D,20081204,000000,4.4989,4.4989,4.274,4.274,0,0
MSP_PE,D,20081205,000000,4.274,4.3491,4.274,4.3491,0,0
MSP_PE,D,20081208,000000,4.274,4.274,4.274,4.274,0,0
MSP_PE,D,20081209,000000,4.274,4.3491,4.274,4.3491,0,0
MSP_PE,D,20081210,000000,4.3491,4.3491,4.3491,4.3491,0,0
MSP_PE,D,20081211,000000,4.4989,4.4989,4.3491,4.4989,0,0
MSP_PE,D,20081212,000000,4.4989,4.4989,4.3491,4.4989,0,0
MSP_PE,D,20081215,000000,4.4989,4.4989,4.274,4.4241,0,0
MSP_PE,D,20081216,000000,4.4241,4.4241,4.4241,4.4241,0,0
MSP_PE,D,20081217,000000,4.4241,4.4241,4.274,4.4241,0,0
MSP_PE,D,20081218,000000,4.274,4.4241,4.274,4.4241,0,0
MSP_PE,D,20081219,000000,4.199,4.4241,4.199,4.4241,0,0
MSP_PE,D,20081222,000000,4.4241,4.4241,4.4241,4.4241,0,0
MSP_PE,D,20081223,000000,4.4241,4.4241,4.3491,4.3491,0,0
MSP_PE,D,20081229,000000,4.1241,4.4241,4.1241,4.3491,0,0
MSP_PE,D,20081230,000000,4.199,4.4989,4.199,4.4989,0,0
MSP_PE,D,20081231,000000,4.4989,4.4989,4.4989,4.4989,0,0
MSP_PE,D,20090105,000000,4.4241,4.574,4.4241,4.574,0,0
MSP_PE,D,20090106,000000,4.574,4.574,4.4241,4.4989,0,0
MSP_PE,D,20090107,000000,4.649,4.649,4.574,4.574,0,0
MSP_PE,D,20090108,000000,4.574,4.574,4.4241,4.4241,0,0
MSP_PE,D,20090109,000000,4.574,4.574,4.4241,4.574,0,0
MSP_PE,D,20090112,000000,4.574,4.574,4.574,4.574,0,0
MSP_PE,D,20090113,000000,4.574,4.574,4.3491,4.3491,0,0
MSP_PE,D,20090114,000000,4.574,4.574,4.4989,4.4989,0,0
MSP_PE,D,20090115,000000,4.4989,4.4989,4.199,4.199,0,0
MSP_PE,D,20090116,000000,4.4241,4.4241,4.4241,4.4241,0,0
MSP_PE,D,20090119,000000,4.4989,4.4989,4.199,4.199,0,0
MSP_PE,D,20090120,000000,4.4989,4.4989,4.199,4.199,0,0
MSP_PE,D,20090121,000000,4.4241,4.4241,3.8992,4.4241,0,0
MSP_PE,D,20090122,000000,4.4989,4.4989,4.274,4.4989,0,0
MSP_PE,D,20090123,000000,4.4241,4.4241,4.3491,4.3491,0,0
MSP_PE,D,20090126,000000,4.3491,4.3491,4.3491,4.3491,0,0
MSP_PE,D,20090127,000000,4.4989,4.4989,4.4241,4.4989,0,0
MSP_PE,D,20090128,000000,4.4989,4.4989,4.4241,4.4989,0,0
MSP_PE,D,20090129,000000,4.574,4.574,4.4989,4.4989,0,0
MSP_PE,D,20090130,000000,4.4989,4.4989,4.4989,4.4989,0,0
MSP_PE,D,20090202,000000,4.4989,4.574,4.4989,4.574,0,0
MSP_PE,D,20090203,000000,4.574,4.574,4.574,4.574,0,0
MSP_PE,D,20090204,000000,4.574,4.574,4.574,4.574,0,0
MSP_PE,D,20090205,000000,4.574,4.574,4.274,4.574,0,0
MSP_PE,D,20090206,000000,4.574,4.649,4.574,4.574,0,0
MSP_PE,D,20090209,000000,4.4989,4.574,4.274,4.574,0,0
MSP_PE,D,20090210,000000,4.574,4.574,4.199,4.199,0,0
MSP_PE,D,20090211,000000,4.4241,4.4241,4.199,4.4241,0,0
MSP_PE,D,20090212,000000,4.4241,4.4241,4.3491,4.3491,0,0
MSP_PE,D,20090213,000000,4.3491,4.3491,4.3491,4.3491,0,0
MSP_PE,D,20090216,000000,4.3491,4.3491,4.1241,4.274,0,0
MSP_PE,D,20090217,000000,4.274,4.274,4.1241,4.1241,0,0
MSP_PE,D,20090218,000000,4.1241,4.1241,3.8241,4.1241,0,0
MSP_PE,D,20090219,000000,4.3491,4.3491,4.049,4.049,0,0
MSP_PE,D,20090220,000000,4.274,4.274,3.8992,3.9741,0,0
MSP_PE,D,20090223,000000,3.9741,4.049,3.8241,3.8241,0,0
MSP_PE,D,20090224,000000,3.9741,3.9741,3.6742,3.7491,0,0
MSP_PE,D,20090225,000000,3.8992,3.8992,3.6742,3.6742,0,0
MSP_PE,D,20090226,000000,3.6742,3.6742,3.4492,3.6742,0,0
MSP_PE,D,20090227,000000,3.4492,3.6742,3.3743,3.6742,0,0
MSP_PE,D,20090302,000000,3.6742,3.6742,3.3743,3.5992,0,0
MSP_PE,D,20090303,000000,3.4492,3.4492,3.4492,3.4492,0,0
MSP_PE,D,20090304,000000,3.4492,3.4492,3.3743,3.4492,0,0
MSP_PE,D,20090305,000000,3.3743,3.3743,3.2993,3.3743,0,0
MSP_PE,D,20090306,000000,3.2993,3.3743,3.2993,3.3743,0,0
MSP_PE,D,20090309,000000,3.3743,3.5992,3.3743,3.3743,0,0
MSP_PE,D,20090310,000000,3.3743,3.5243,3.3743,3.3743,0,0
MSP_PE,D,20090311,000000,3.5992,3.5992,3.5243,3.5992,0,0
MSP_PE,D,20090312,000000,3.5992,3.5992,3.5243,3.5992,0,0
MSP_PE,D,20090313,000000,3.5992,4.574,3.5992,4.574,0,0
MSP_PE,D,20090316,000000,4.649,4.649,4.574,4.574,0,0
MSP_PE,D,20090317,000000,4.574,4.574,4.4989,4.574,0,0
MSP_PE,D,20090318,000000,4.574,4.574,4.4989,4.4989,0,0
MSP_PE,D,20090319,000000,4.574,4.574,4.3491,4.3491,0,0
MSP_PE,D,20090320,000000,4.574,4.574,4.3491,4.3491,0,0
MSP_PE,D,20090323,000000,4.3491,4.4989,4.3491,4.4989,0,0
MSP_PE,D,20090324,000000,4.574,4.649,4.4989,4.4989,0,0
MSP_PE,D,20090325,000000,4.4989,4.799,4.4989,4.799,0,0
MSP_PE,D,20090326,000000,4.799,5.0989,4.799,5.0989,0,0
MSP_PE,D,20090327,000000,5.1739,5.4737,5.1739,5.4737,0,0
MSP_PE,D,20090330,000000,5.3238,5.5487,5.3238,5.4737,0,0
MSP_PE,D,20090331,000000,5.4737,5.4737,5.3238,5.4737,0,0
MSP_PE,D,20090401,000000,5.4737,5.5487,5.3988,5.3988,0,0
MSP_PE,D,20090402,000000,5.6988,5.6988,5.6988,5.6988,0,0
MSP_PE,D,20090403,000000,5.6988,5.6988,5.6988,5.6988,0,0
MSP_PE,D,20090406,000000,5.6988,5.6988,5.2488,5.2488,0,0
MSP_PE,D,20090407,000000,5.4737,5.4737,5.3238,5.3988,0,0
MSP_PE,D,20090408,000000,5.3238,5.3988,5.1739,5.3988,0,0
MSP_PE,D,20090409,000000,5.3988,5.3988,5.2488,5.3238,0,0
MSP_PE,D,20090414,000000,5.3988,6.3736,5.3238,5.9986,0,0
MSP_PE,D,20090415,000000,6.2235,6.2987,6.2235,6.2987,0,0
MSP_PE,D,20090416,000000,6.2987,6.2987,6.1486,6.1486,0,0
MSP_PE,D,20090417,000000,6.1486,6.1486,5.6988,6.0737,0,0
MSP_PE,D,20090420,000000,6.0737,6.0737,5.7736,6.0737,0,0
MSP_PE,D,20090421,000000,6.0737,6.0737,5.7736,5.8487,0,0
MSP_PE,D,20090422,000000,5.7736,5.8487,5.7736,5.8487,0,0
MSP_PE,D,20090423,000000,5.8487,5.9237,5.8487,5.8487,0,0
MSP_PE,D,20090424,000000,5.8487,6.1486,5.8487,6.1486,0,0
MSP_PE,D,20090427,000000,6.1486,6.1486,5.9986,5.9986,0,0
MSP_PE,D,20090428,000000,6.0737,6.0737,5.8487,5.9237,0,0
MSP_PE,D,20090429,000000,5.9237,5.9237,5.7736,5.8487,0,0
MSP_PE,D,20090430,000000,5.8487,5.9237,5.8487,5.8487,0,0
MSP_PE,D,20090504,000000,5.8487,5.8487,5.7736,5.7736,0,0
MSP_PE,D,20090505,000000,5.8487,5.8487,5.6988,5.6988,0,0
MSP_PE,D,20090506,000000,5.7736,5.7736,5.5487,5.6238,0,0
MSP_PE,D,20090507,000000,5.6988,5.6988,5.4737,5.4737,0,0
MSP_PE,D,20090508,000000,5.6238,5.6238,5.5487,5.5487,0,0
MSP_PE,D,20090511,000000,5.5487,5.5487,5.3988,5.3988,0,0
MSP_PE,D,20090512,000000,5.6238,5.6238,5.4737,5.4737,0,0
MSP_PE,D,20090513,000000,5.5487,5.5487,5.4737,5.4737,0,0
MSP_PE,D,20090514,000000,5.4737,5.4737,5.3988,5.3988,0,0
MSP_PE,D,20090515,000000,5.3988,5.3988,5.3238,5.3238,0,0
MSP_PE,D,20090518,000000,5.7736,6.6735,5.3238,6.6735,0,0
MSP_PE,D,20090519,000000,6.6735,6.6735,6.4486,6.5236,0,0
MSP_PE,D,20090520,000000,6.6735,6.6735,6.4486,6.4486,0,0
MSP_PE,D,20090521,000000,6.4486,6.5985,6.3736,6.4486,0,0
MSP_PE,D,20090522,000000,6.6735,7.1234,6.5985,6.6735,0,0
MSP_PE,D,20090525,000000,7.1234,7.1234,6.5236,6.8985,0,0
MSP_PE,D,20090526,000000,6.8985,6.8985,6.5985,6.5985,0,0
MSP_PE,D,20090527,000000,6.5985,6.7484,6.4486,6.5985,0,0
MSP_PE,D,20090528,000000,6.6735,6.7484,6.6735,6.7484,0,0
MSP_PE,D,20090529,000000,6.7498,6.7498,6.5998,6.5998,0,0
MSP_PE,D,20090601,000000,6.5985,6.9735,6.5985,6.9735,0,0
MSP_PE,D,20090602,000000,6.9735,7.1234,6.9735,7.1234,0,0
MSP_PE,D,20090603,000000,7.2733,7.2733,7.0484,7.1234,0,0
MSP_PE,D,20090604,000000,7.1984,7.5734,7.1234,7.5734,0,0
MSP_PE,D,20090605,000000,7.7233,7.7233,7.4982,7.5734,0,0
MSP_PE,D,20090608,000000,7.7984,7.7984,7.4982,7.4982,0,0
MSP_PE,D,20090609,000000,7.4982,7.4982,7.4982,7.4982,0,0
MSP_PE,D,20090610,000000,7.4233,7.4982,7.4233,7.4233,0,0
MSP_PE,D,20090612,000000,7.4233,7.4233,7.4233,7.4233,0,0
MSP_PE,D,20090615,000000,7.4233,7.4982,7.4233,7.4233,0,0
MSP_PE,D,20090616,000000,7.4233,7.4233,7.1984,7.2733,0,0
MSP_PE,D,20090617,000000,7.3484,7.3484,7.1984,7.2733,0,0
MSP_PE,D,20090618,000000,7.3484,7.3484,7.1984,7.2733,0,0
MSP_PE,D,20090619,000000,7.1234,7.2733,7.1234,7.2733,0,0
MSP_PE,D,20090622,000000,7.2733,7.2733,7.0484,7.0484,0,0
MSP_PE,D,20090623,000000,7.4233,7.4233,6.8985,6.8985,0,0
MSP_PE,D,20090624,000000,7.0484,7.0484,7.0484,7.0484,0,0
MSP_PE,D,20090625,000000,7.2733,7.3484,7.1984,7.1984,0,0
MSP_PE,D,20090626,000000,7.1234,7.1234,7.1234,7.1234,0,0
MSP_PE,D,20090629,000000,7.2733,7.2733,7.2733,7.2733,0,0
MSP_PE,D,20090630,000000,7.3484,7.3484,7.0484,7.0484,0,0
MSP_PE,D,20090701,000000,7.0484,7.1234,7.0484,7.1234,0,0
MSP_PE,D,20090702,000000,7.2733,7.5734,7.2733,7.4982,0,0
MSP_PE,D,20090703,000000,7.4982,7.4982,7.2733,7.2733,0,0
MSP_PE,D,20090706,000000,7.2733,7.2733,7.1984,7.2733,0,0
MSP_PE,D,20090707,000000,7.2733,7.2733,7.2733,7.2733,0,0
MSP_PE,D,20090708,000000,7.2733,7.4233,7.2733,7.4233,0,0
MSP_PE,D,20090709,000000,7.2733,7.2733,7.2733,7.2733,0,0
MSP_PE,D,20090710,000000,7.4982,7.4982,7.4982,7.4982,0,0
MSP_PE,D,20090713,000000,7.4982,7.4982,7.4233,7.4982,0,0
MSP_PE,D,20090714,000000,7.4233,7.4233,7.2733,7.4233,0,0
MSP_PE,D,20090715,000000,7.4982,7.5734,7.4982,7.5734,0,0
MSP_PE,D,20090716,000000,7.5734,7.7233,7.5734,7.7233,0,0
MSP_PE,D,20090717,000000,7.7233,7.7233,7.4233,7.6483,0,0
MSP_PE,D,20090720,000000,7.7233,7.7233,7.6483,7.6483,0,0
MSP_PE,D,20090721,000000,7.6483,7.6483,7.4982,7.4982,0,0
MSP_PE,D,20090722,000000,7.5734,7.6483,7.5734,7.5734,0,0
MSP_PE,D,20090723,000000,7.6483,7.7233,7.5734,7.7233,0,0
MSP_PE,D,20090724,000000,7.7984,8.0232,7.7984,7.9482,0,0
MSP_PE,D,20090727,000000,8.1732,8.1732,8.0982,8.0982,0,0
MSP_PE,D,20090728,000000,8.1732,8.1732,7.9482,8.1732,0,0
MSP_PE,D,20090729,000000,8.1732,8.923,8.1732,8.8478,0,0
MSP_PE,D,20090730,000000,9.0734,9.673,9.0734,9.3734,0,0
MSP_PE,D,20090731,000000,9.6,9.6,8.8496,9.0706,0,0
MSP_PE,D,20090803,000000,9.3734,9.3734,8.923,9.0734,0,0
MSP_PE,D,20090804,000000,9.0734,9.1477,8.9982,9.0734,0,0
MSP_PE,D,20090805,000000,9.0734,9.0734,8.8478,8.8478,0,0
MSP_PE,D,20090806,000000,8.773,8.923,8.698,8.8478,0,0
MSP_PE,D,20090807,000000,8.8496,8.8496,8.4707,8.6208,0,0
MSP_PE,D,20090810,000000,8.6998,8.8496,8.6208,8.7707,0,0
MSP_PE,D,20090811,000000,8.8478,8.9982,8.773,8.923,0,0
MSP_PE,D,20090812,000000,8.8478,8.923,8.773,8.773,0,0
MSP_PE,D,20090813,000000,8.8478,8.923,8.8478,8.923,0,0
MSP_PE,D,20090814,000000,8.9982,8.9982,8.8478,8.8478,0,0
MSP_PE,D,20090817,000000,8.8478,8.923,8.8478,8.923,0,0
MSP_PE,D,20090818,000000,8.8496,9.0001,8.8496,8.9211,0,0
MSP_PE,D,20090819,000000,9.1496,9.3706,9.1496,9.3706,0,0
MSP_PE,D,20090820,000000,9.671,9.821,9.6,9.749,0,0
MSP_PE,D,20090821,000000,9.9,10.049,9.821,10.049,0,0
MSP_PE,D,20090824,000000,10.2,10.87,10.2,10.649,0,0
MSP_PE,D,20090825,000000,10.721,11.021,8.2497,8.2497,0,0
MSP_PE,D,20090826,000000,7.8154,8.0523,7.8154,7.9734,0,0
MSP_PE,D,20090827,000000,7.8154,7.9734,7.8154,7.8154,0,0
MSP_PE,D,20090828,000000,7.8154,7.9734,7.8154,7.8945,0,0
MSP_PE,D,20090831,000000,7.7365,7.7365,7.4996,7.4996,0,0
MSP_PE,D,20090901,000000,7.4996,7.4996,7.184,7.263,0,0
MSP_PE,D,20090902,000000,7.0261,7.263,6.7103,6.7892,0,0
MSP_PE,D,20090903,000000,6.7103,7.1051,6.7103,7.0261,0,0
MSP_PE,D,20090904,000000,7.0261,7.0261,6.9472,6.9472,0,0
MSP_PE,D,20090907,000000,7.1051,7.263,6.9472,7.263,0,0
MSP_PE,D,20090908,000000,7.1051,7.184,7.0261,7.184,0,0
MSP_PE,D,20090909,000000,7.184,7.184,7.0261,7.184,0,0
MSP_PE,D,20090910,000000,7.184,7.184,7.1051,7.184,0,0
MSP_PE,D,20090911,000000,7.184,7.184,7.0261,7.1051,0,0
MSP_PE,D,20090914,000000,6.7892,7.0261,6.7892,6.9472,0,0
MSP_PE,D,20090915,000000,6.9472,6.9472,6.8682,6.9472,0,0
MSP_PE,D,20090916,000000,6.9472,7.1051,6.9472,7.0261,0,0
MSP_PE,D,20090917,000000,7.0261,7.1051,6.9472,6.9472,0,0
MSP_PE,D,20090918,000000,6.8682,7.0261,6.8682,7.0261,0,0
MSP_PE,D,20090921,000000,6.8682,7.0261,6.8682,6.9472,0,0
MSP_PE,D,20090922,000000,6.9472,7.0261,6.8682,7.0261,0,0
MSP_PE,D,20090923,000000,7.1051,7.1051,6.8682,7.1051,0,0
MSP_PE,D,20090924,000000,7.1051,7.1051,6.9472,7.1051,0,0
MSP_PE,D,20090925,000000,7.1051,7.1051,6.9472,6.9472,0,0
MSP_PE,D,20090928,000000,6.8682,6.9472,6.8682,6.9472,0,0
MSP_PE,D,20090929,000000,6.9472,6.9472,6.9472,6.9472,0,0
MSP_PE,D,20090930,000000,6.8682,6.9472,6.8682,6.9472,0,0
MSP_PE,D,20091001,000000,6.9472,6.9472,6.9472,6.9472,0,0
MSP_PE,D,20091002,000000,6.7103,6.8682,6.7103,6.8682,0,0
MSP_PE,D,20091005,000000,6.7892,6.8682,6.7892,6.7892,0,0
MSP_PE,D,20091006,000000,6.7892,7.1051,6.7892,7.0261,0,0
MSP_PE,D,20091007,000000,7.1051,7.1051,7.0261,7.0261,0,0
MSP_PE,D,20091008,000000,7.0261,7.1051,6.9472,7.1051,0,0
MSP_PE,D,20091009,000000,6.9472,7.1051,6.8682,7.1051,0,0
MSP_PE,D,20091012,000000,6.8682,7.1051,6.7103,7.0261,0,0
MSP_PE,D,20091013,000000,6.5524,7.0261,6.5524,6.5524,0,0
MSP_PE,D,20091014,000000,6.6313,6.7103,6.4734,6.7103,0,0
MSP_PE,D,20091015,000000,6.7892,6.7892,6.7892,6.7892,0,0
MSP_PE,D,20091016,000000,6.5524,6.7892,6.5524,6.7892,0,0
MSP_PE,D,20091019,000000,6.7892,6.8682,6.6313,6.7892,0,0
MSP_PE,D,20091020,000000,6.6313,6.6313,6.5524,6.5524,0,0
MSP_PE,D,20091021,000000,6.5524,6.5524,6.5524,6.5524,0,0
MSP_PE,D,20091022,000000,6.6313,6.6313,6.6313,6.6313,0,0
MSP_PE,D,20091023,000000,6.3155,6.5524,6.3155,6.4734,0,0
MSP_PE,D,20091026,000000,6.5524,6.6313,6.3155,6.3945,0,0
MSP_PE,D,20091027,000000,6.3945,6.3945,6.3155,6.3945,0,0
MSP_PE,D,20091028,000000,6.5524,6.5524,6.3155,6.3945,0,0
MSP_PE,D,20091029,000000,6.3155,6.3945,6.3155,6.3945,0,0
MSP_PE,D,20091030,000000,6.3945,6.3945,6.3945,6.3945,0,0
MSP_PE,D,20091102,000000,6.3945,6.3945,6.2365,6.3155,0,0
MSP_PE,D,20091103,000000,6.3155,6.3155,6.2365,6.2365,0,0
MSP_PE,D,20091104,000000,6.2365,6.2365,5.9997,6.2365,0,0
MSP_PE,D,20091105,000000,6.2365,6.2365,6.1576,6.2365,0,0
MSP_PE,D,20091106,000000,6.2365,6.2365,6.1576,6.2365,0,0
MSP_PE,D,20091109,000000,6.2365,6.2365,6.1576,6.2365,0,0
MSP_PE,D,20091110,000000,6.2365,6.3155,6.2365,6.3155,0,0
MSP_PE,D,20091112,000000,6.3155,6.3155,6.2365,6.2365,0,0
MSP_PE,D,20091113,000000,6.1576,6.2365,6.1576,6.2365,0,0
MSP_PE,D,20091116,000000,6.3155,6.4734,6.2365,6.4734,0,0
MSP_PE,D,20091117,000000,6.4734,6.4734,6.1576,6.1576,0,0
MSP_PE,D,20091118,000000,6.1576,6.2365,6.1576,6.2365,0,0
MSP_PE,D,20091119,000000,6.2365,6.2365,6.0788,6.1576,0,0
MSP_PE,D,20091120,000000,5.9997,6.1576,5.9209,5.9209,0,0
MSP_PE,D,20091123,000000,5.9209,5.9997,5.842,5.842,0,0
MSP_PE,D,20091124,000000,5.763,5.763,5.684,5.684,0,0
MSP_PE,D,20091125,000000,5.684,5.684,5.6051,5.6051,0,0
MSP_PE,D,20091126,000000,5.6051,5.684,5.4472,5.684,0,0
MSP_PE,D,20091127,000000,5.684,5.684,5.2893,5.3682,0,0
MSP_PE,D,20091130,000000,5.6051,5.6051,5.3682,5.3682,0,0
MSP_PE,D,20091201,000000,5.4472,5.4472,5.2893,5.3682,0,0
MSP_PE,D,20091202,000000,5.2893,5.4472,5.2103,5.2893,0,0
MSP_PE,D,20091203,000000,5.2893,5.4472,5.2893,5.2893,0,0
MSP_PE,D,20091204,000000,5.2893,5.3682,5.2893,5.3682,0,0
MSP_PE,D,20091207,000000,5.3682,5.3682,5.3682,5.3682,0,0
MSP_PE,D,20091208,000000,5.4472,5.4472,5.2893,5.3682,0,0
MSP_PE,D,20091209,000000,5.3682,5.4472,5.3682,5.3682,0,0
MSP_PE,D,20091210,000000,5.3682,5.3682,5.2893,5.2893,0,0
MSP_PE,D,20091211,000000,5.3682,5.3682,5.2893,5.3682,0,0
MSP_PE,D,20091214,000000,5.3682,5.4472,5.3682,5.3682,0,0
MSP_PE,D,20091215,000000,5.3682,5.4472,5.3682,5.4472,0,0
MSP_PE,D,20091216,000000,5.4472,5.9209,5.4472,5.9209,0,0
MSP_PE,D,20091217,000000,5.842,5.842,5.684,5.684,0,0
MSP_PE,D,20091218,000000,5.684,5.763,5.6051,5.684,0,0
MSP_PE,D,20091221,000000,5.684,5.684,5.4472,5.684,0,0
MSP_PE,D,20091222,000000,5.684,5.684,5.4472,5.684,0,0
MSP_PE,D,20091223,000000,5.684,5.684,5.5261,5.5261,0,0
MSP_PE,D,20091228,000000,5.5261,5.684,5.5261,5.684,0,0
MSP_PE,D,20091229,000000,5.684,5.763,5.5261,5.5261,0,0
MSP_PE,D,20091230,000000,5.5261,5.5261,5.5261,5.5261,0,0
MSP_PE,D,20091231,000000,5.5261,5.5261,5.3682,5.5261,0,0
MSP_PE,D,20100104,000000,5.684,5.684,5.5261,5.6051,0,0
MSP_PE,D,20100105,000000,5.6051,5.6051,5.4472,5.6051,0,0
MSP_PE,D,20100106,000000,5.5261,5.6051,5.5261,5.6051,0,0
MSP_PE,D,20100107,000000,5.6051,5.6051,5.5261,5.6051,0,0
MSP_PE,D,20100108,000000,5.5261,5.6051,5.5261,5.5261,0,0
MSP_PE,D,20100111,000000,5.5261,5.5261,5.5261,5.5261,0,0
MSP_PE,D,20100112,000000,5.6051,5.6051,5.4472,5.4472,0,0
MSP_PE,D,20100113,000000,5.4472,5.6051,5.4472,5.6051,0,0
MSP_PE,D,20100114,000000,5.6051,5.6051,5.6051,5.6051,0,0
MSP_PE,D,20100115,000000,5.6051,5.6051,5.4472,5.4472,0,0
MSP_PE,D,20100118,000000,5.4472,5.6051,5.4472,5.6051,0,0
MSP_PE,D,20100119,000000,5.4472,5.6051,5.4472,5.5261,0,0
MSP_PE,D,20100120,000000,5.4472,5.763,5.4472,5.763,0,0
MSP_PE,D,20100121,000000,5.763,5.763,5.5261,5.6051,0,0
MSP_PE,D,20100122,000000,5.6051,5.6051,5.5261,5.6051,0,0
MSP_PE,D,20100125,000000,5.5261,5.6051,5.4472,5.4472,0,0
MSP_PE,D,20100126,000000,5.3682,5.3682,5.3682,5.3682,0,0
MSP_PE,D,20100127,000000,5.3682,5.5261,5.3682,5.5261,0,0
MSP_PE,D,20100128,000000,5.4472,5.5261,5.4472,5.5261,0,0
MSP_PE,D,20100129,000000,5.3708,5.5222,5.3708,5.5222,0,0
MSP_PE,D,20100201,000000,5.5261,5.5261,5.4472,5.4472,0,0
MSP_PE,D,20100202,000000,5.4472,5.4472,5.3682,5.4472,0,0
MSP_PE,D,20100203,000000,5.3682,5.5261,5.3682,5.5261,0,0
MSP_PE,D,20100204,000000,5.5261,5.5261,5.3682,5.4472,0,0
MSP_PE,D,20100205,000000,5.3682,5.3682,5.2103,5.2103,0,0
MSP_PE,D,20100208,000000,5.2103,5.2893,5.1314,5.2893,0,0
MSP_PE,D,20100209,000000,5.2893,5.2893,5.2893,5.2893,0,0
MSP_PE,D,20100210,000000,5.2893,5.2893,5.2893,5.2893,0,0
MSP_PE,D,20100211,000000,5.2103,5.2893,5.1314,5.1314,0,0
MSP_PE,D,20100212,000000,5.2103,5.2103,5.1314,5.1314,0,0
MSP_PE,D,20100215,000000,5.2103,5.3682,5.1314,5.2893,0,0
MSP_PE,D,20100216,000000,5.2103,5.2103,5.1314,5.2103,0,0
MSP_PE,D,20100217,000000,5.2103,5.2893,5.2103,5.2893,0,0
MSP_PE,D,20100218,000000,5.2893,5.2893,5.2103,5.2103,0,0
MSP_PE,D,20100219,000000,5.2103,5.2893,5.1314,5.2893,0,0
MSP_PE,D,20100222,000000,5.2893,5.2893,5.2103,5.2893,0,0
MSP_PE,D,20100223,000000,5.2893,5.2893,5.2893,5.2893,0,0
MSP_PE,D,20100224,000000,5.4472,5.4472,5.2103,5.2103,0,0
MSP_PE,D,20100225,000000,5.2893,5.2893,5.2103,5.2893,0,0
MSP_PE,D,20100226,000000,5.2893,5.2893,5.2893,5.2893,0,0
MSP_PE,D,20100301,000000,5.2893,5.2893,5.1314,5.2103,0,0
MSP_PE,D,20100302,000000,5.2103,5.2893,5.2103,5.2893,0,0
MSP_PE,D,20100303,000000,5.2893,5.2893,5.2893,5.2893,0,0
MSP_PE,D,20100304,000000,5.2103,5.2893,5.2103,5.2103,0,0
MSP_PE,D,20100305,000000,5.2103,5.2893,5.2103,5.2893,0,0
MSP_PE,D,20100308,000000,5.3682,5.5261,5.3682,5.5261,0,0
MSP_PE,D,20100309,000000,5.5261,5.842,4.4999,4.4999,0,0
MSP_PE,D,20100310,000000,4.4999,4.9734,4.4999,4.9734,0,0
MSP_PE,D,20100311,000000,4.9734,4.9734,4.8156,4.8156,0,0
MSP_PE,D,20100312,000000,4.8156,4.8156,4.5789,4.8156,0,0
MSP_PE,D,20100315,000000,4.7366,4.8156,4.6577,4.7366,0,0
MSP_PE,D,20100316,000000,4.6577,4.8156,4.6577,4.8156,0,0
MSP_PE,D,20100317,000000,4.7366,4.8156,4.7366,4.8156,0,0
MSP_PE,D,20100318,000000,4.8156,5.0524,4.8156,5.0524,0,0
MSP_PE,D,20100319,000000,5.0524,5.1314,5.0524,5.1314,0,0
MSP_PE,D,20100322,000000,5.0524,5.2103,4.8945,5.2103,0,0
MSP_PE,D,20100323,000000,5.2103,5.4472,5.2103,5.4472,0,0
MSP_PE,D,20100324,000000,5.4472,5.5261,5.3682,5.5261,0,0
MSP_PE,D,20100325,000000,5.5261,5.6051,5.5261,5.6051,0,0
MSP_PE,D,20100326,000000,5.6051,5.6051,5.4472,5.5261,0,0
MSP_PE,D,20100329,000000,5.5261,5.5261,5.3682,5.5261,0,0
MSP_PE,D,20100330,000000,5.5261,5.5261,5.3682,5.5261,0,0
MSP_PE,D,20100331,000000,5.5222,5.5222,5.4464,5.4464,0,0
MSP_PE,D,20100401,000000,5.4472,5.4472,5.1314,5.4472,0,0
MSP_PE,D,20100406,000000,5.4472,5.4472,5.2103,5.2103,0,0
MSP_PE,D,20100407,000000,5.2103,5.2893,5.2103,5.2893,0,0
MSP_PE,D,20100408,000000,5.2893,5.2893,5.2103,5.2103,0,0
MSP_PE,D,20100409,000000,5.2103,5.2893,5.2103,5.2893,0,0
MSP_PE,D,20100412,000000,5.2893,5.2893,5.2893,5.2893,0,0
MSP_PE,D,20100413,000000,5.2893,5.2893,5.2103,5.2103,0,0
MSP_PE,D,20100414,000000,5.2103,5.2103,5.2103,5.2103,0,0
MSP_PE,D,20100415,000000,5.2103,5.2103,5.1314,5.2103,0,0
MSP_PE,D,20100416,000000,5.2103,5.2103,5.1314,5.2103,0,0
MSP_PE,D,20100419,000000,5.1314,5.2103,4.8945,5.1314,0,0
MSP_PE,D,20100420,000000,5.1314,5.1314,5.0524,5.1314,0,0
MSP_PE,D,20100421,000000,5.1314,5.1314,5.1314,5.1314,0,0
MSP_PE,D,20100422,000000,5.1314,5.1314,5.0524,5.1314,0,0
MSP_PE,D,20100423,000000,5.1354,5.1354,5.0514,5.0514,0,0
MSP_PE,D,20100426,000000,5.0524,5.0524,4.9734,4.9734,0,0
MSP_PE,D,20100427,000000,4.8945,5.0524,4.8945,4.8945,0,0
MSP_PE,D,20100428,000000,4.8945,4.9734,4.7366,4.9734,0,0
MSP_PE,D,20100429,000000,5.0524,5.1314,4.9734,4.9734,0,0
MSP_PE,D,20100430,000000,4.8917,4.9758,4.8917,4.9758,0,0
MSP_PE,D,20100504,000000,4.9734,4.9734,4.7366,4.7366,0,0
MSP_PE,D,20100505,000000,4.6577,4.8156,4.6577,4.8156,0,0
MSP_PE,D,20100506,000000,4.8156,4.8156,4.6577,4.7366,0,0
MSP_PE,D,20100507,000000,4.6577,4.6577,4.4209,4.6577,0,0
MSP_PE,D,20100510,000000,4.6577,4.8156,4.6577,4.6577,0,0
MSP_PE,D,20100511,000000,4.7366,4.7366,4.5789,4.6577,0,0
MSP_PE,D,20100512,000000,4.7366,4.7366,4.6577,4.6577,0,0
MSP_PE,D,20100513,000000,4.7366,4.9734,4.6577,4.6577,0,0
MSP_PE,D,20100514,000000,4.8156,4.8156,4.5789,4.7366,0,0
MSP_PE,D,20100517,000000,4.7366,4.7366,4.4209,4.4209,0,0
MSP_PE,D,20100518,000000,4.342,4.4209,4.342,4.342,0,0
MSP_PE,D,20100519,000000,4.342,4.342,4.1841,4.2631,0,0
MSP_PE,D,20100520,000000,4.342,4.342,4.1841,4.2631,0,0
MSP_PE,D,20100521,000000,4.1841,4.4209,4.1841,4.342,0,0
MSP_PE,D,20100524,000000,4.342,4.4209,4.2631,4.2631,0,0
MSP_PE,D,20100525,000000,4.342,4.342,4.2631,4.342,0,0
MSP_PE,D,20100526,000000,4.342,4.4999,4.342,4.342,0,0
MSP_PE,D,20100527,000000,4.342,4.4209,4.342,4.342,0,0
MSP_PE,D,20100528,000000,4.4209,4.4209,4.342,4.342,0,0
MSP_PE,D,20100531,000000,4.4211,4.4211,4.3453,4.3453,0,0
MSP_PE,D,20100601,000000,4.342,4.342,4.342,4.342,0,0
MSP_PE,D,20100602,000000,4.342,4.342,4.342,4.342,0,0
MSP_PE,D,20100604,000000,4.2631,4.342,4.2631,4.342,0,0
MSP_PE,D,20100607,000000,4.1841,4.342,4.1841,4.342,0,0
MSP_PE,D,20100608,000000,4.342,4.342,4.342,4.342,0,0
MSP_PE,D,20100609,000000,4.342,4.342,4.2631,4.342,0,0
MSP_PE,D,20100610,000000,4.342,4.342,4.342,4.342,0,0
MSP_PE,D,20100611,000000,4.342,4.342,4.342,4.342,0,0
MSP_PE,D,20100614,000000,4.342,4.342,4.2631,4.342,0,0
MSP_PE,D,20100615,000000,4.342,4.342,4.2631,4.2631,0,0
MSP_PE,D,20100616,000000,4.2631,4.2631,4.2631,4.2631,0,0
MSP_PE,D,20100617,000000,4.2614,4.2614,4.1857,4.2614,0,0
MSP_PE,D,20100618,000000,4.2631,4.2631,4.2631,4.2631,0,0
MSP_PE,D,20100621,000000,4.2631,4.2631,4.2631,4.2631,0,0
MSP_PE,D,20100622,000000,4.2631,4.2631,4.2631,4.2631,0,0
MSP_PE,D,20100623,000000,4.2631,4.2631,4.1841,4.2631,0,0
MSP_PE,D,20100624,000000,4.2631,4.2631,4.2631,4.2631,0,0
MSP_PE,D,20100625,000000,4.2631,4.2631,4.2631,4.2631,0,0
MSP_PE,D,20100628,000000,4.2631,4.2631,4.2631,4.2631,0,0
MSP_PE,D,20100629,000000,4.2631,4.2631,4.2631,4.2631,0,0
MSP_PE,D,20100630,000000,4.2647,4.2647,4.1862,4.1862,0,0
MSP_PE,D,20100701,000000,4.2631,4.2631,4.1841,4.2631,0,0
MSP_PE,D,20100702,000000,4.2631,4.2631,4.2631,4.2631,0,0
MSP_PE,D,20100705,000000,4.2631,4.2631,4.2631,4.2631,0,0
MSP_PE,D,20100706,000000,4.2631,4.2631,4.2631,4.2631,0,0
MSP_PE,D,20100707,000000,4.2631,4.2631,4.2631,4.2631,0,0
MSP_PE,D,20100708,000000,4.2631,4.2631,4.2631,4.2631,0,0
MSP_PE,D,20100709,000000,4.2631,4.2631,4.2631,4.2631,0,0
MSP_PE,D,20100712,000000,4.2631,4.2631,4.2631,4.2631,0,0
MSP_PE,D,20100713,000000,4.2631,4.2631,4.2631,4.2631,0,0
MSP_PE,D,20100714,000000,4.2631,4.2631,4.2631,4.2631,0,0
MSP_PE,D,20100715,000000,4.2631,4.2631,4.2631,4.2631,0,0
MSP_PE,D,20100716,000000,4.2631,4.2631,4.2631,4.2631,0,0
MSP_PE,D,20100719,000000,4.2631,4.2631,4.2631,4.2631,0,0
MSP_PE,D,20100720,000000,4.2614,4.2614,4.2614,4.2614,0,0
MSP_PE,D,20100721,000000,4.2631,4.2631,4.2631,4.2631,0,0
MSP_PE,D,20100722,000000,4.2631,4.4209,4.2631,4.342,0,0
MSP_PE,D,20100723,000000,4.342,4.4209,4.342,4.342,0,0
MSP_PE,D,20100726,000000,4.342,4.5789,4.342,4.5789,0,0
MSP_PE,D,20100727,000000,4.5789,4.7366,4.5789,4.6577,0,0
MSP_PE,D,20100728,000000,4.6577,4.7366,4.5789,4.6577,0,0
MSP_PE,D,20100729,000000,4.6577,4.6577,4.5789,4.6577,0,0
MSP_PE,D,20100730,000000,4.6564,4.6564,4.5807,4.6564,0,0
MSP_PE,D,20100802,000000,4.7405,4.7405,4.6564,4.6564,0,0
MSP_PE,D,20100803,000000,4.6564,4.7405,4.6564,4.7405,0,0
MSP_PE,D,20100804,000000,4.7366,4.7366,4.6577,4.6577,0,0
MSP_PE,D,20100805,000000,4.7405,4.7405,4.6564,4.7405,0,0
MSP_PE,D,20100806,000000,4.7405,4.7405,4.7405,4.7405,0,0
MSP_PE,D,20100809,000000,4.816,4.816,4.7405,4.7405,0,0
MSP_PE,D,20100810,000000,4.7405,4.7405,4.7405,4.7405,0,0
MSP_PE,D,20100811,000000,4.7405,4.816,4.6564,4.6564,0,0
MSP_PE,D,20100812,000000,4.6564,4.6564,4.6564,4.6564,0,0
MSP_PE,D,20100813,000000,4.6564,4.816,4.6564,4.816,0,0
MSP_PE,D,20100816,000000,4.8917,4.8917,4.7405,4.7405,0,0
MSP_PE,D,20100817,000000,4.7909,4.7909,4.5388,4.5388,0,0
MSP_PE,D,20100818,000000,4.5388,4.5388,4.5388,4.5388,0,0
MSP_PE,D,20100819,000000,4.5388,4.5388,4.2865,4.4546,0,0
MSP_PE,D,20100820,000000,4.3706,4.3706,4.2025,4.3706,0,0
MSP_PE,D,20100823,000000,4.2865,6.724,4.2025,6.724,0,0
MSP_PE,D,20100824,000000,6.8081,6.8081,6.6399,6.6399,0,0
MSP_PE,D,20100825,000000,6.6399,6.6399,6.6399,6.6399,0,0
MSP_PE,D,20100826,000000,6.4718,6.6399,6.4718,6.6399,0,0
MSP_PE,D,20100827,000000,6.6399,6.6399,6.556,6.556,0,0
MSP_PE,D,20100830,000000,6.4718,6.6399,6.4718,6.556,0,0
MSP_PE,D,20100831,000000,6.556,6.556,6.4718,6.556,0,0
MSP_PE,D,20100901,000000,6.4718,6.556,6.4718,6.556,0,0
MSP_PE,D,20100902,000000,6.556,6.556,6.3878,6.3878,0,0
MSP_PE,D,20100903,000000,6.1357,6.3038,6.1357,6.3038,0,0
MSP_PE,D,20100906,000000,6.3038,6.3878,6.2197,6.3038,0,0
MSP_PE,D,20100907,000000,6.3038,6.4718,6.3038,6.3878,0,0
MSP_PE,D,20100908,000000,6.3878,6.3878,6.3038,6.3878,0,0
MSP_PE,D,20100909,000000,6.3878,6.556,6.3878,6.556,0,0
MSP_PE,D,20100910,000000,6.556,6.556,6.3878,6.556,0,0
MSP_PE,D,20100913,000000,6.556,6.556,6.556,6.556,0,0
MSP_PE,D,20100914,000000,6.556,6.556,6.3878,6.4718,0,0
MSP_PE,D,20100915,000000,6.3878,6.556,6.3878,6.3878,0,0
MSP_PE,D,20100916,000000,6.3038,6.3878,6.3038,6.3878,0,0
MSP_PE,D,20100917,000000,6.3038,6.3878,6.3038,6.3878,0,0
MSP_PE,D,20100920,000000,6.3878,6.3878,6.2197,6.3038,0,0
MSP_PE,D,20100921,000000,6.3038,6.4718,6.3038,6.3038,0,0
MSP_PE,D,20100922,000000,6.3038,6.3878,6.2197,6.2197,0,0
MSP_PE,D,20100923,000000,6.3038,6.3038,6.2197,6.2197,0,0
MSP_PE,D,20100924,000000,6.3038,6.3038,6.2197,6.2197,0,0
MSP_PE,D,20100927,000000,6.2197,6.3878,6.2197,6.3038,0,0
MSP_PE,D,20100928,000000,6.3038,6.3038,6.2197,6.2197,0,0
MSP_PE,D,20100929,000000,6.3038,6.3038,6.1357,6.2197,0,0
MSP_PE,D,20100930,000000,6.2197,6.2197,6.1357,6.2197,0,0
MSP_PE,D,20101001,000000,6.2197,6.2197,6.1357,6.1357,0,0
MSP_PE,D,20101004,000000,6.0516,6.1357,6.0516,6.1357,0,0
MSP_PE,D,20101005,000000,6.0516,6.0516,6.0516,6.0516,0,0
MSP_PE,D,20101006,000000,6.0516,6.0516,5.9675,6.0516,0,0
MSP_PE,D,20101007,000000,6.0516,6.0516,5.9675,6.0516,0,0
MSP_PE,D,20101008,000000,6.0516,6.0516,5.9675,5.9675,0,0
MSP_PE,D,20101011,000000,5.9675,5.9675,5.7994,5.8836,0,0
MSP_PE,D,20101012,000000,5.8836,5.8836,5.7994,5.8836,0,0
MSP_PE,D,20101013,000000,5.7994,5.8836,5.7994,5.7994,0,0
MSP_PE,D,20101014,000000,5.7994,5.7994,5.6314,5.6314,0,0
MSP_PE,D,20101015,000000,5.6314,5.7154,5.6314,5.7154,0,0
MSP_PE,D,20101018,000000,5.6314,5.7154,5.6314,5.6314,0,0
MSP_PE,D,20101019,000000,5.5473,5.6314,5.5473,5.6314,0,0
MSP_PE,D,20101020,000000,5.6314,5.6314,5.5473,5.5473,0,0
MSP_PE,D,20101021,000000,5.5473,5.6314,5.4633,5.4633,0,0
MSP_PE,D,20101022,000000,5.3791,5.4633,5.3791,5.3791,0,0
MSP_PE,D,20101025,000000,5.3791,5.4633,5.2951,5.3791,0,0
MSP_PE,D,20101026,000000,5.3791,5.3791,5.3791,5.3791,0,0
MSP_PE,D,20101027,000000,5.3791,5.6314,5.3791,5.6314,0,0
MSP_PE,D,20101028,000000,5.6314,6.0516,5.5473,5.9675,0,0
MSP_PE,D,20101029,000000,6.0526,6.0526,5.9654,5.9654,0,0
MSP_PE,D,20101102,000000,5.9675,5.9675,5.6314,5.7994,0,0
MSP_PE,D,20101103,000000,5.7994,5.8836,5.7154,5.7994,0,0
MSP_PE,D,20101104,000000,5.7994,5.7994,5.6314,5.7154,0,0
MSP_PE,D,20101105,000000,5.6314,5.6314,5.4633,5.4633,0,0
MSP_PE,D,20101108,000000,5.4633,5.4633,5.2951,5.3791,0,0
MSP_PE,D,20101109,000000,5.4633,8.321,5.3791,8.321,0,0
MSP_PE,D,20101110,000000,8.405,8.405,8.321,8.321,0,0
MSP_PE,D,20101112,000000,8.321,8.405,8.321,8.405,0,0
MSP_PE,D,20101115,000000,8.4891,8.4891,8.405,8.405,0,0
MSP_PE,D,20101116,000000,8.405,8.405,8.321,8.321,0,0
MSP_PE,D,20101117,000000,8.321,8.321,8.2368,8.321,0,0
MSP_PE,D,20101118,000000,8.321,8.321,8.2368,8.321,0,0
MSP_PE,D,20101119,000000,8.321,8.321,8.321,8.321,0,0
MSP_PE,D,20101122,000000,8.321,8.321,8.2368,8.321,0,0
MSP_PE,D,20101123,000000,8.321,8.321,7.9847,7.9847,0,0
MSP_PE,D,20101124,000000,8.1529,8.1529,7.9847,7.9847,0,0
MSP_PE,D,20101125,000000,8.1529,8.1529,7.3123,7.3123,0,0
MSP_PE,D,20101126,000000,7.3965,7.3965,7.3123,7.3965,0,0
MSP_PE,D,20101129,000000,7.3965,7.3965,7.3123,7.3123,0,0
MSP_PE,D,20101130,000000,7.1442,7.1442,6.9762,7.0602,0,0
MSP_PE,D,20101201,000000,7.0602,7.0602,6.9762,6.9762,0,0
MSP_PE,D,20101202,000000,6.9762,7.4805,6.9762,7.3123,0,0
MSP_PE,D,20101203,000000,7.3965,7.5644,7.3965,7.4805,0,0
MSP_PE,D,20101206,000000,7.5644,7.5644,7.3123,7.4805,0,0
MSP_PE,D,20101207,000000,7.3123,7.4805,7.2283,7.3965,0,0
MSP_PE,D,20101208,000000,7.4805,7.4805,7.1442,7.2283,0,0
MSP_PE,D,20101209,000000,7.2283,7.5644,7.1442,7.4805,0,0
MSP_PE,D,20101210,000000,7.4805,7.4805,7.3123,7.4805,0,0
MSP_PE,D,20101213,000000,7.3965,7.4805,7.3123,7.3965,0,0
MSP_PE,D,20101214,000000,7.3123,7.3965,7.3123,7.3965,0,0
MSP_PE,D,20101215,000000,7.3123,7.5644,7.1442,7.5644,0,0
MSP_PE,D,20101216,000000,7.5644,7.6486,7.3965,7.5644,0,0
MSP_PE,D,20101217,000000,7.6486,7.6486,7.5644,7.6486,0,0
MSP_PE,D,20101220,000000,7.8167,7.9847,7.6486,7.9847,0,0
MSP_PE,D,20101221,000000,7.8167,8.5731,7.8167,8.5731,0,0
MSP_PE,D,20101222,000000,8.5731,8.5731,8.0689,8.2368,0,0
MSP_PE,D,20101223,000000,8.1529,8.321,8.0689,8.2368,0,0
MSP_PE,D,20101227,000000,8.0689,8.5731,8.0689,8.5731,0,0
MSP_PE,D,20101228,000000,8.4891,8.5731,8.2368,8.405,0,0
MSP_PE,D,20101229,000000,8.0672,8.4072,8.0672,8.4072,0,0
MSP_PE,D,20101230,000000,8.4072,8.4072,8.4072,8.4072,0,0
MSP_PE,D,20101231,000000,8.4072,8.4072,8.2329,8.4072,0,0
MSP_PE,D,20110103,000000,8.405,8.405,8.1529,8.1529,0,0
MSP_PE,D,20110104,000000,8.1529,8.1529,7.9847,8.0689,0,0
MSP_PE,D,20110105,000000,8.1529,8.2368,7.9007,8.0689,0,0
MSP_PE,D,20110107,000000,8.1529,8.1529,7.8167,7.9007,0,0
MSP_PE,D,20110110,000000,7.8167,7.8167,7.7326,7.8167,0,0
MSP_PE,D,20110111,000000,7.8167,7.8167,7.6486,7.6486,0,0
MSP_PE,D,20110112,000000,7.6486,7.6486,7.5644,7.6486,0,0
MSP_PE,D,20110113,000000,7.8167,7.8167,7.6486,7.8167,0,0
MSP_PE,D,20110114,000000,7.9007,7.9007,7.6486,7.6486,0,0
MSP_PE,D,20110117,000000,7.7326,7.7326,7.4805,7.4805,0,0
MSP_PE,D,20110118,000000,7.7326,7.7326,7.3965,7.4805,0,0
MSP_PE,D,20110119,000000,7.4805,7.4805,7.3965,7.4805,0,0
MSP_PE,D,20110120,000000,7.4805,7.5644,7.4805,7.4805,0,0
MSP_PE,D,20110121,000000,7.3965,7.4805,7.3123,7.4805,0,0
MSP_PE,D,20110124,000000,7.4805,7.4805,7.3123,7.4805,0,0
MSP_PE,D,20110125,000000,7.4805,7.5644,7.3965,7.4805,0,0
MSP_PE,D,20110126,000000,7.5644,7.5644,7.4805,7.5644,0,0
MSP_PE,D,20110127,000000,7.5644,7.5644,7.3123,7.5644,0,0
MSP_PE,D,20110128,000000,7.3965,7.3965,7.3965,7.3965,0,0
MSP_PE,D,20110131,000000,7.1427,7.4828,7.1427,7.4828,0,0
MSP_PE,D,20110201,000000,7.3965,7.6486,7.3965,7.6486,0,0
MSP_PE,D,20110202,000000,7.3965,7.4805,7.0602,7.3123,0,0
MSP_PE,D,20110203,000000,7.3965,7.3965,7.2283,7.3123,0,0
MSP_PE,D,20110204,000000,7.4805,7.4805,7.3123,7.3123,0,0
MSP_PE,D,20110207,000000,7.3965,7.3965,7.3123,7.3965,0,0
MSP_PE,D,20110208,000000,7.4805,7.4805,7.3965,7.4805,0,0
MSP_PE,D,20110209,000000,7.4805,7.4805,7.3965,7.3965,0,0
MSP_PE,D,20110210,000000,7.3123,7.3965,7.3123,7.3123,0,0
MSP_PE,D,20110211,000000,7.4805,7.4805,7.3123,7.3965,0,0
MSP_PE,D,20110214,000000,7.3965,7.3965,7.3965,7.3965,0,0
MSP_PE,D,20110215,000000,7.3965,7.3965,7.3965,7.3965,0,0
MSP_PE,D,20110216,000000,7.3965,7.4805,7.3965,7.4805,0,0
MSP_PE,D,20110217,000000,7.3965,7.4805,7.3123,7.3123,0,0
MSP_PE,D,20110218,000000,7.3965,7.3965,7.2283,7.2283,0,0
MSP_PE,D,20110221,000000,7.3123,7.3123,7.2283,7.2283,0,0
MSP_PE,D,20110222,000000,7.2283,7.2283,7.0602,7.2283,0,0
MSP_PE,D,20110223,000000,7.2283,7.3965,7.0602,7.3965,0,0
MSP_PE,D,20110224,000000,7.3965,7.4805,7.1442,7.3123,0,0
MSP_PE,D,20110225,000000,7.3123,7.3123,7.3123,7.3123,0,0
MSP_PE,D,20110228,000000,7.4828,25.214,7.3084,25.214,0,0
MSP_PE,D,20110301,000000,25.384,25.384,24.879,24.879,0,0
MSP_PE,D,20110302,000000,25.215,25.215,23.954,24.879,0,0
MSP_PE,D,20110303,000000,24.879,24.879,24.291,24.879,0,0
MSP_PE,D,20110304,000000,24.795,24.879,24.627,24.879,0,0
MSP_PE,D,20110307,000000,24.627,24.711,24.459,24.627,0,0
MSP_PE,D,20110308,000000,24.542,24.711,24.459,24.711,0,0
MSP_PE,D,20110309,000000,24.711,24.879,24.459,24.879,0,0
MSP_PE,D,20110310,000000,24.879,24.879,24.459,24.795,0,0
MSP_PE,D,20110311,000000,24.963,24.963,24.291,24.291,0,0
MSP_PE,D,20110314,000000,24.291,24.711,24.291,24.291,0,0
MSP_PE,D,20110315,000000,24.291,24.291,24.122,24.291,0,0
MSP_PE,D,20110316,000000,24.459,24.459,23.618,24.291,0,0
MSP_PE,D,20110317,000000,23.702,24.291,23.702,24.122,0,0
MSP_PE,D,20110318,000000,24.206,24.206,23.702,23.786,0,0
MSP_PE,D,20110321,000000,23.618,24.038,23.618,24.038,0,0
MSP_PE,D,20110322,000000,24.038,24.038,23.618,24.038,0,0
MSP_PE,D,20110323,000000,24.038,24.038,23.786,23.87,0,0
MSP_PE,D,20110324,000000,23.87,23.87,23.45,23.702,0,0
MSP_PE,D,20110325,000000,23.87,23.87,23.618,23.87,0,0
MSP_PE,D,20110328,000000,23.87,23.87,23.366,23.87,0,0
MSP_PE,D,20110329,000000,23.366,23.87,23.366,23.45,0,0
MSP_PE,D,20110330,000000,23.954,23.954,23.45,23.87,0,0
MSP_PE,D,20110331,000000,23.617,23.87,23.617,23.705,0,0
MSP_PE,D,20110401,000000,23.702,24.879,23.702,24.711,0,0
MSP_PE,D,20110404,000000,24.459,24.459,24.206,24.291,0,0
MSP_PE,D,20110405,000000,24.291,24.795,24.122,24.795,0,0
MSP_PE,D,20110406,000000,24.879,24.879,23.618,24.542,0,0
MSP_PE,D,20110407,000000,24.206,24.542,24.206,24.459,0,0
MSP_PE,D,20110408,000000,24.459,24.459,24.291,24.291,0,0
MSP_PE,D,20110411,000000,24.459,24.459,24.459,24.459,0,0
MSP_PE,D,20110412,000000,24.459,24.459,24.291,24.459,0,0
MSP_PE,D,20110413,000000,24.879,24.879,24.374,24.374,0,0
MSP_PE,D,20110414,000000,24.374,24.374,23.87,24.291,0,0
MSP_PE,D,20110415,000000,24.291,24.627,24.291,24.627,0,0
MSP_PE,D,20110418,000000,24.627,24.627,23.954,23.954,0,0
MSP_PE,D,20110419,000000,23.954,23.954,23.786,23.954,0,0
MSP_PE,D,20110420,000000,24.206,24.206,23.87,23.87,0,0
MSP_PE,D,20110421,000000,23.87,23.87,23.702,23.786,0,0
MSP_PE,D,20110426,000000,24.291,24.291,23.786,23.954,0,0
MSP_PE,D,20110427,000000,24.291,24.291,23.786,23.87,0,0
MSP_PE,D,20110428,000000,23.87,23.87,23.702,23.87,0,0
MSP_PE,D,20110429,000000,23.87,23.87,23.87,23.87,0,0
MSP_PE,D,20110502,000000,23.87,23.87,23.702,23.702,0,0
MSP_PE,D,20110504,000000,23.702,23.87,23.702,23.87,0,0
MSP_PE,D,20110505,000000,23.954,23.954,23.702,23.87,0,0
MSP_PE,D,20110506,000000,23.87,23.87,23.702,23.87,0,0
MSP_PE,D,20110509,000000,23.87,23.87,23.702,23.87,0,0
MSP_PE,D,20110510,000000,23.87,23.87,23.702,23.786,0,0
MSP_PE,D,20110511,000000,23.786,23.786,23.702,23.786,0,0
MSP_PE,D,20110512,000000,23.786,23.786,23.534,23.534,0,0
MSP_PE,D,20110513,000000,23.702,23.702,23.366,23.618,0,0
MSP_PE,D,20110516,000000,23.618,23.702,23.45,23.618,0,0
MSP_PE,D,20110517,000000,23.534,23.534,18.911,18.911,0,0
MSP_PE,D,20110518,000000,18.911,19.583,18.911,19.583,0,0
MSP_PE,D,20110519,000000,19.583,19.583,19.5,19.5,0,0
MSP_PE,D,20110520,000000,19.5,19.5,18.996,19.164,0,0
MSP_PE,D,20110523,000000,19.164,19.164,18.911,18.911,0,0
MSP_PE,D,20110524,000000,18.911,19.164,18.911,19.164,0,0
MSP_PE,D,20110525,000000,19.164,19.164,18.911,19.164,0,0
MSP_PE,D,20110526,000000,18.911,19.164,18.911,18.911,0,0
MSP_PE,D,20110527,000000,19.164,19.164,18.911,18.996,0,0
MSP_PE,D,20110530,000000,18.996,18.996,18.996,18.996,0,0
MSP_PE,D,20110531,000000,18.995,18.995,18.995,18.995,0,0
MSP_PE,D,20110601,000000,18.996,18.996,18.911,18.996,0,0
MSP_PE,D,20110602,000000,19.079,19.079,18.659,18.996,0,0
MSP_PE,D,20110603,000000,19.247,19.247,18.996,19.247,0,0
MSP_PE,D,20110606,000000,19.247,19.247,18.911,18.911,0,0
MSP_PE,D,20110607,000000,19.248,19.248,19.248,19.248,0,0
MSP_PE,D,20110608,000000,19.248,19.248,18.995,19.248,0,0
MSP_PE,D,20110609,000000,19.248,19.248,18.742,19.248,0,0
MSP_PE,D,20110610,000000,19.247,19.247,19.164,19.247,0,0
MSP_PE,D,20110613,000000,18.828,19.668,18.828,19.668,0,0
MSP_PE,D,20110614,000000,19.668,19.92,19.079,19.92,0,0
MSP_PE,D,20110615,000000,19.92,19.92,19.415,19.92,0,0
MSP_PE,D,20110616,000000,19.666,19.666,19.335,19.335,0,0
MSP_PE,D,20110617,000000,19.588,19.832,19.335,19.832,0,0
MSP_PE,D,20110620,000000,19.836,19.836,19.583,19.668,0,0
MSP_PE,D,20110621,000000,19.666,19.666,19.335,19.588,0,0
MSP_PE,D,20110622,000000,19.413,19.666,19.413,19.666,0,0
MSP_PE,D,20110624,000000,19.666,19.666,19.666,19.666,0,0
MSP_PE,D,20110627,000000,19.666,19.666,19.666,19.666,0,0
MSP_PE,D,20110628,000000,19.666,19.666,18.995,19.413,0,0
MSP_PE,D,20110629,000000,19.666,19.666,19.413,19.413,0,0
MSP_PE,D,20110630,000000,18.907,19.248,18.829,18.829,0,0
MSP_PE,D,20110701,000000,18.411,18.576,18.236,18.576,0,0
MSP_PE,D,20110704,000000,18.838,19.1,17.704,17.966,0,0
MSP_PE,D,20110705,000000,18.576,18.75,18.14,18.75,0,0
MSP_PE,D,20110706,000000,18.75,18.75,18.14,18.228,0,0
MSP_PE,D,20110707,000000,18.663,18.663,17.966,18.315,0,0
MSP_PE,D,20110708,000000,18.228,18.228,17.704,18.228,0,0
MSP_PE,D,20110711,000000,17.878,18.228,17.791,18.053,0,0
MSP_PE,D,20110712,000000,18.14,18.14,17.268,17.617,0,0
MSP_PE,D,20110713,000000,17.617,17.617,17.181,17.617,0,0
MSP_PE,D,20110714,000000,17.268,17.356,17.268,17.356,0,0
MSP_PE,D,20110715,000000,17.268,17.268,17.181,17.268,0,0
MSP_PE,D,20110718,000000,17.268,17.268,16.657,17.181,0,0
MSP_PE,D,20110719,000000,16.135,16.657,16.135,16.135,0,0
MSP_PE,D,20110720,000000,16.396,16.919,15.96,16.919,0,0
MSP_PE,D,20110721,000000,17.181,18.228,16.919,17.617,0,0
MSP_PE,D,20110722,000000,17.529,17.529,16.745,16.745,0,0
MSP_PE,D,20110725,000000,16.919,17.094,16.919,16.919,0,0
MSP_PE,D,20110726,000000,16.657,16.657,16.657,16.657,0,0
MSP_PE,D,20110727,000000,16.657,16.657,16.222,16.309,0,0
MSP_PE,D,20110728,000000,16.657,16.657,16.309,16.57,0,0
MSP_PE,D,20110729,000000,16.745,16.745,15.96,16.135,0,0
MSP_PE,D,20110801,000000,16.745,16.745,16.309,16.657,0,0
MSP_PE,D,20110802,000000,16.657,16.657,16.135,16.57,0,0
MSP_PE,D,20110803,000000,16.309,16.57,15.785,15.873,0,0
MSP_PE,D,20110804,000000,15.96,15.96,14.913,15.263,0,0
MSP_PE,D,20110805,000000,13.257,15.263,13.257,13.78,0,0
MSP_PE,D,20110808,000000,12.908,13.343,12.733,12.733,0,0
MSP_PE,D,20110809,000000,12.558,12.558,12.21,12.558,0,0
MSP_PE,D,20110810,000000,12.646,12.908,12.123,12.297,0,0
MSP_PE,D,20110811,000000,12.297,12.384,11.774,12.21,0,0
MSP_PE,D,20110812,000000,12.297,12.908,12.21,12.908,0,0
MSP_PE,D,20110816,000000,13.43,13.43,12.908,13.257,0,0
MSP_PE,D,20110817,000000,13.257,13.257,12.908,13.17,0,0
MSP_PE,D,20110818,000000,13.17,13.17,11.861,12.908,0,0
MSP_PE,D,20110819,000000,12.471,12.908,12.471,12.558,0,0
MSP_PE,D,20110822,000000,12.297,12.646,12.297,12.646,0,0
MSP_PE,D,20110823,000000,12.646,12.908,12.646,12.908,0,0
MSP_PE,D,20110824,000000,13.17,13.17,12.733,13.082,0,0
MSP_PE,D,20110825,000000,13.17,13.17,12.82,13.082,0,0
MSP_PE,D,20110826,000000,13.17,13.17,13.082,13.082,0,0
MSP_PE,D,20110829,000000,13.082,13.343,13.082,13.343,0,0
MSP_PE,D,20110830,000000,13.343,13.43,13.343,13.43,0,0
MSP_PE,D,20110831,000000,13.43,13.43,13.43,13.43,0,0
MSP_PE,D,20110901,000000,12.908,13.43,12.297,12.297,0,0
MSP_PE,D,20110902,000000,12.646,12.646,12.21,12.21,0,0
MSP_PE,D,20130103,000000,274.54,274.54,274.54,274.54,0,0
MSP_PE,D,20130104,000000,274.54,276.47,273.33,273.33,0,0
MSP_PE,D,20130107,000000,266.87,277.95,264.61,277.95,0,0
MSP_PE,D,20130108,000000,277.95,283.79,277.95,283.79,0,0
MSP_PE,D,20130109,000000,284.31,285.7,284.31,285.7,0,0
MSP_PE,D,20130110,000000,285.7,288.94,279.17,285.7,0,0
MSP_PE,D,20130111,000000,288.94,288.94,282.57,282.57,0,0
MSP_PE,D,20130114,000000,288.84,288.84,282.48,288.84,0,0
MSP_PE,D,20130115,000000,267.49,292.77,267.49,275.95,0,0
MSP_PE,D,20130116,000000,282.57,282.57,282.57,282.57,0,0
MSP_PE,D,20130117,000000,283.62,283.62,282.57,283.62,0,0
MSP_PE,D,20130118,000000,284.4,284.4,284.4,284.4,0,0
MSP_PE,D,20130121,000000,285.18,285.18,270.71,270.71,0,0
MSP_PE,D,20130122,000000,273.23,273.23,273.23,273.23,0,0
MSP_PE,D,20130123,000000,270.62,270.62,270.62,270.62,0,0
MSP_PE,D,20130124,000000,277.25,279.86,275.95,279.86,0,0
MSP_PE,D,20130125,000000,279.86,279.86,279.86,279.86,0,0
MSP_PE,D,20130128,000000,279.86,279.86,273.23,273.23,0,0
MSP_PE,D,20130129,000000,261.64,273.23,261.64,273.23,0,0
MSP_PE,D,20130130,000000,285.01,285.27,273.5,273.5,0,0
MSP_PE,D,20130131,000000,266.96,284.83,266.96,284.66,0,0
MSP_PE,D,20130201,000000,286.41,286.41,275.95,277.51,0,0
MSP_PE,D,20130204,000000,286.23,286.23,277.51,286.14,0,0
MSP_PE,D,20130205,000000,285.97,285.97,275.95,285.62,0,0
MSP_PE,D,20130206,000000,285.62,285.62,283.79,285.1,0,0
MSP_PE,D,20130207,000000,286.14,286.14,285.1,285.88,0,0
MSP_PE,D,20130208,000000,286.14,286.14,286.14,286.14,0,0
MSP_PE,D,20130211,000000,286.75,286.75,286.41,286.41,0,0
MSP_PE,D,20130212,000000,286.41,286.41,279.96,286.41,0,0
MSP_PE,D,20130213,000000,286.41,286.41,279.96,279.96,0,0
MSP_PE,D,20130214,000000,279.96,279.96,279.96,279.96,0,0
MSP_PE,D,20130215,000000,279.96,279.96,279.96,279.96,0,0
MSP_PE,D,20130218,000000,286.41,286.41,286.41,286.41,0,0
MSP_PE,D,20130219,000000,277.42,311.79,277.42,311.79,0,0
MSP_PE,D,20130220,000000,313.7,327.92,313.7,325.39,0,0
MSP_PE,D,20130221,000000,313.7,322.77,308.73,309.78,0,0
MSP_PE,D,20130222,000000,311.08,315.62,304.63,304.63,0,0
MSP_PE,D,20130225,000000,316.32,316.32,303.93,303.93,0,0
MSP_PE,D,20130226,000000,303.93,303.93,303.33,303.33,0,0
MSP_PE,D,20130227,000000,303.33,303.33,299.4,299.4,0,0
MSP_PE,D,20130228,000000,294.34,303.33,294.34,302.1,0,0
MSP_PE,D,20130301,000000,294.34,303.06,294.34,303.06,0,0
MSP_PE,D,20130304,000000,309.69,320.85,305.86,320.85,0,0
MSP_PE,D,20130305,000000,320.07,322.16,318.94,322.16,0,0
MSP_PE,D,20130306,000000,318.94,322.16,308.47,308.47,0,0
MSP_PE,D,20130307,000000,309.51,309.51,281.79,286.41,0,0
MSP_PE,D,20130308,000000,290.25,290.25,272.45,286.49,0,0
MSP_PE,D,20130311,000000,291.56,291.56,266.7,266.7,0,0
MSP_PE,D,20130312,000000,273.33,273.33,266.7,270.71,0,0
MSP_PE,D,20130313,000000,268.18,275.95,268.18,275.95,0,0
MSP_PE,D,20130314,000000,271.66,286.23,271.66,280.12,0,0
MSP_PE,D,20130315,000000,286.23,286.23,272.02,286.23,0,0
MSP_PE,D,20130318,000000,286.41,286.41,279.86,281.17,0,0
MSP_PE,D,20130319,000000,274.64,274.64,273.33,273.33,0,0
MSP_PE,D,20130320,000000,285.97,286.41,282.31,286.41,0,0
MSP_PE,D,20130321,000000,286.41,286.41,273.5,273.5,0,0
MSP_PE,D,20130322,000000,273.33,273.33,273.33,273.33,0,0
MSP_PE,D,20130325,000000,274.64,274.64,255.1,255.1,0,0
MSP_PE,D,20130326,000000,255.1,255.1,230.42,238.18,0,0
MSP_PE,D,20130327,000000,238.18,243.94,219.34,238.18,0,0
MSP_PE,D,20130328,000000,241.58,255.53,241.58,255.53,0,0
MSP_PE,D,20130402,000000,255.79,255.79,255.53,255.79,0,0
MSP_PE,D,20130403,000000,270.62,270.62,270.62,270.62,0,0
MSP_PE,D,20130404,000000,266.87,270.71,266.87,270.71,0,0
MSP_PE,D,20130405,000000,270.62,270.71,270.62,270.71,0,0
MSP_PE,D,20130408,000000,277.16,277.16,268.18,269.49,0,0
MSP_PE,D,20130409,000000,276.99,276.99,266.87,266.87,0,0
MSP_PE,D,20130410,000000,266.87,266.87,266.87,266.87,0,0
MSP_PE,D,20130411,000000,266.87,266.87,262.68,262.68,0,0
MSP_PE,D,20130412,000000,262.25,262.25,255.01,255.01,0,0
MSP_PE,D,20130415,000000,260.33,260.33,260.33,260.33,0,0
MSP_PE,D,20130417,000000,260.33,260.33,253.18,253.79,0,0
MSP_PE,D,20130418,000000,255.62,255.62,255.62,255.62,0,0
MSP_PE,D,20130419,000000,253.18,254.05,253.18,254.05,0,0
MSP_PE,D,20130422,000000,247.07,259.19,247.07,259.19,0,0
MSP_PE,D,20130423,000000,259.19,259.19,247.33,247.33,0,0
MSP_PE,D,20130424,000000,247.33,247.33,247.33,247.33,0,0
MSP_PE,D,20130425,000000,247.85,248.12,247.85,248.12,0,0
MSP_PE,D,20130429,000000,249.95,249.95,249.95,249.95,0,0
MSP_PE,D,20130430,000000,249.95,259.03,249.95,249.95,0,0
MSP_PE,D,20130502,000000,262.94,262.94,252.57,252.57,0,0
MSP_PE,D,20130506,000000,274.4,274.4,260.94,267.53,0,0
MSP_PE,D,20130507,000000,271.53,272.08,263.35,263.35,0,0
MSP_PE,D,20130508,000000,274.4,274.4,270.22,270.22,0,0
MSP_PE,D,20130509,000000,267.53,267.53,264,264.28,0,0
MSP_PE,D,20130510,000000,267.25,267.25,253.05,253.05,0,0
MSP_PE,D,20130513,000000,256.39,256.39,244.6,253.6,0,0
MSP_PE,D,20130514,000000,253.6,256.39,14.672,14.672,0,0
MSP_PE,D,20130515,000000,14.672,14.672,14.115,14.115,0,0
MSP_PE,D,20130516,000000,14.672,14.672,14.022,14.579,0,0
MSP_PE,D,20130517,000000,14.579,14.579,14.579,14.579,0,0
MSP_PE,D,20130520,000000,14.579,14.579,13.929,13.929,0,0
MSP_PE,D,20130521,000000,13.929,13.929,13.929,13.929,0,0
MSP_PE,D,20130522,000000,14.486,14.486,13.836,14.393,0,0
MSP_PE,D,20130523,000000,14.393,14.393,13.836,14.393,0,0
MSP_PE,D,20130524,000000,14.393,14.393,13.465,14.393,0,0
MSP_PE,D,20130527,000000,14.393,14.579,14.393,14.579,0,0
MSP_PE,D,20130528,000000,14.951,14.951,14.393,14.393,0,0
MSP_PE,D,20130529,000000,14.951,15.043,14.579,14.579,0,0
MSP_PE,D,20130531,000000,14.951,15.043,14.951,15.043,0,0
MSP_PE,D,20130603,000000,15.043,15.043,14.579,14.672,0,0
MSP_PE,D,20130604,000000,14.672,14.672,14.672,14.672,0,0
MSP_PE,D,20130605,000000,14.672,14.672,14.672,14.672,0,0
MSP_PE,D,20130606,000000,14.765,15.415,14.765,15.415,0,0
MSP_PE,D,20130607,000000,15.136,15.415,15.136,15.415,0,0
MSP_PE,D,20130610,000000,15.693,15.693,15.043,15.415,0,0
MSP_PE,D,20130611,000000,15.415,15.508,15.415,15.508,0,0
MSP_PE,D,20130612,000000,15.508,15.508,15.415,15.415,0,0
MSP_PE,D,20130613,000000,15.415,15.415,15.229,15.415,0,0
MSP_PE,D,20130614,000000,15.415,15.415,15.043,15.043,0,0
MSP_PE,D,20130617,000000,15.043,15.043,15.043,15.043,0,0
MSP_PE,D,20130618,000000,15.322,15.322,15.043,15.043,0,0
MSP_PE,D,20130619,000000,15.322,15.322,14.858,15.322,0,0
MSP_PE,D,20130620,000000,15.322,15.322,14.301,14.301,0,0
MSP_PE,D,20130621,000000,13.743,14.858,13.186,14.301,0,0
MSP_PE,D,20130624,000000,14.208,14.486,13.929,14.486,0,0
MSP_PE,D,20130625,000000,14.208,14.486,14.115,14.393,0,0
MSP_PE,D,20130626,000000,14.393,14.393,14.393,14.393,0,0
MSP_PE,D,20130628,000000,14.393,15.229,14.393,14.858,0,0
MSP_PE,D,20130701,000000,14.951,14.951,14.486,14.765,0,0
MSP_PE,D,20130702,000000,15.043,15.043,14.208,14.208,0,0
MSP_PE,D,20130703,000000,14.208,14.672,14.208,14.579,0,0
MSP_PE,D,20130704,000000,13.929,14.208,13.558,14.208,0,0
MSP_PE,D,20130705,000000,14.301,14.301,14.208,14.208,0,0
MSP_PE,D,20130708,000000,13.558,13.651,13.558,13.651,0,0
MSP_PE,D,20130709,000000,14.301,14.301,14.208,14.208,0,0
MSP_PE,D,20130710,000000,13.836,13.836,13.836,13.836,0,0
MSP_PE,D,20130711,000000,13.836,13.836,13.836,13.836,0,0
MSP_PE,D,20130712,000000,13.836,13.836,13.558,13.743,0,0
MSP_PE,D,20130715,000000,13.836,13.836,13.558,13.836,0,0
MSP_PE,D,20130716,000000,13.836,13.836,13.558,13.558,0,0
MSP_PE,D,20130717,000000,13.836,13.836,13.836,13.836,0,0
MSP_PE,D,20130718,000000,13.093,13.279,12.722,13.279,0,0
MSP_PE,D,20130719,000000,13.279,13.279,12.722,12.815,0,0
MSP_PE,D,20130722,000000,12.815,12.815,12.815,12.815,0,0
MSP_PE,D,20130723,000000,12.908,12.908,12.908,12.908,0,0
MSP_PE,D,20130724,000000,13.093,13.929,13.093,13.929,0,0
MSP_PE,D,20130725,000000,13.465,13.558,13.465,13.558,0,0
MSP_PE,D,20130726,000000,13.558,13.558,13.372,13.372,0,0
MSP_PE,D,20130729,000000,13.465,13.465,13.465,13.465,0,0
MSP_PE,D,20130730,000000,13.743,13.743,13.465,13.651,0,0
MSP_PE,D,20130731,000000,13.651,13.651,13.651,13.651,0,0
MSP_PE,D,20130801,000000,13.651,13.651,13.651,13.651,0,0
MSP_PE,D,20130802,000000,13.651,13.743,13.651,13.743,0,0
MSP_PE,D,20130805,000000,14.022,14.022,13.743,14.022,0,0
MSP_PE,D,20130806,000000,14.022,14.022,14.022,14.022,0,0
MSP_PE,D,20130807,000000,14.022,14.022,14.022,14.022,0,0
MSP_PE,D,20130808,000000,14.022,14.022,14.022,14.022,0,0
MSP_PE,D,20130809,000000,13.651,14.022,13.651,14.022,0,0
MSP_PE,D,20130812,000000,14.022,14.022,14.022,14.022,0,0
MSP_PE,D,20130813,000000,13.651,14.115,13.651,14.115,0,0
MSP_PE,D,20130814,000000,13.836,14.208,13.743,14.208,0,0
MSP_PE,D,20130816,000000,14.022,14.208,13.836,13.836,0,0
MSP_PE,D,20130819,000000,14.115,14.301,13.651,14.301,0,0
MSP_PE,D,20130820,000000,14.301,14.301,13.743,14.208,0,0
MSP_PE,D,20130821,000000,13.651,14.208,13.651,14.208,0,0
MSP_PE,D,20130822,000000,14.208,14.208,13.651,14.208,0,0
MSP_PE,D,20130823,000000,14.022,14.208,14.022,14.115,0,0
MSP_PE,D,20130827,000000,14.115,14.115,13.743,14.022,0,0
MSP_PE,D,20150223,000000,8.4503,8.4503,8.4503,8.4503,0,0
MSP_PE,D,20150224,000000,8.6361,8.6361,8.3575,8.3575,0,0
MSP_PE,D,20150225,000000,8.5432,8.5432,8.0789,8.4503,0,0
MSP_PE,D,20150226,000000,8.4503,8.4503,7.8932,8.2646,0,0
MSP_PE,D,20150227,000000,8.2646,8.2646,7.8932,8.0789,0,0
MSP_PE,D,20150302,000000,8.1718,8.1718,8.1718,8.1718,0,0
MSP_PE,D,20150303,000000,8.1718,8.1718,7.5217,7.986,0,0
MSP_PE,D,20150304,000000,8.2646,8.2646,8.1718,8.1718,0,0
MSP_PE,D,20150305,000000,7.8932,7.8932,7.7074,7.8003,0,0
MSP_PE,D,20150306,000000,8.2646,8.2646,8.0789,8.2646,0,0
MSP_PE,D,20150309,000000,8.4503,8.4503,7.986,7.986,0,0
MSP_PE,D,20150310,000000,8.3575,8.3575,8.1718,8.1718,0,0
MSP_PE,D,20150311,000000,8.3575,8.3575,8.1718,8.1718,0,0
MSP_PE,D,20150312,000000,8.3575,8.3575,8.3575,8.3575,0,0
MSP_PE,D,20150313,000000,8.4503,8.4503,8.4503,8.4503,0,0
MSP_PE,D,20150316,000000,8.4503,8.4503,8.1718,8.4503,0,0
MSP_PE,D,20150317,000000,8.4503,9.1932,8.4503,9.1932,0,0
MSP_PE,D,20150318,000000,9.3789,9.4718,9.0075,9.1004,0,0
MSP_PE,D,20150319,000000,9.4718,9.4718,8.8218,9.1004,0,0
MSP_PE,D,20150320,000000,8.8218,9.3789,8.8218,8.8218,0,0
MSP_PE,D,20150323,000000,9.4718,9.4718,8.8218,9.1932,0,0
MSP_PE,D,20150324,000000,9.4718,9.4718,8.8218,9.1004,0,0
MSP_PE,D,20150325,000000,9.2861,9.3789,9.2861,9.3789,0,0
MSP_PE,D,20150326,000000,9.3789,9.3789,8.8218,8.8218,0,0
MSP_PE,D,20150327,000000,9.0075,9.1004,9.0075,9.1004,0,0
MSP_PE,D,20150330,000000,9.1004,9.1004,8.5432,8.5432,0,0
MSP_PE,D,20150331,000000,8.7289,8.7289,8.5432,8.6361,0,0
MSP_PE,D,20150401,000000,8.5432,8.5432,8.5432,8.5432,0,0
MSP_PE,D,20150402,000000,8.5432,8.5432,8.3575,8.3575,0,0
MSP_PE,D,20150407,000000,8.3575,8.3575,8.1718,8.3575,0,0
MSP_PE,D,20150408,000000,8.3575,8.5432,8.3575,8.5432,0,0
MSP_PE,D,20150409,000000,8.5432,8.5432,8.5432,8.5432,0,0
MSP_PE,D,20150410,000000,8.5432,8.5432,8.2646,8.2646,0,0
MSP_PE,D,20150413,000000,8.2646,8.2646,8.2646,8.2646,0,0
MSP_PE,D,20150414,000000,8.5432,8.5432,8.5432,8.5432,0,0
MSP_PE,D,20150415,000000,8.5432,9.2861,8.5432,9.2861,0,0
MSP_PE,D,20150416,000000,9.1932,9.1932,9.1932,9.1932,0,0
MSP_PE,D,20150417,000000,9.0075,9.0075,8.6361,8.6361,0,0
MSP_PE,D,20150420,000000,8.6361,8.6361,8.6361,8.6361,0,0
MSP_PE,D,20150421,000000,8.9146,8.9146,8.7289,8.8218,0,0
MSP_PE,D,20150422,000000,9.0075,9.0075,8.7289,8.9146,0,0
MSP_PE,D,20150423,000000,8.9146,9.1932,8.9146,8.9146,0,0
MSP_PE,D,20150424,000000,8.9146,8.9146,8.6361,8.7289,0,0
MSP_PE,D,20150427,000000,8.9146,9.0075,8.9146,8.9146,0,0
MSP_PE,D,20150428,000000,8.8218,9.1932,8.8218,9.0075,0,0
MSP_PE,D,20150429,000000,8.9146,10.308,8.6361,10.308,0,0
MSP_PE,D,20150430,000000,10.4,11.422,10.029,11.329,0,0
MSP_PE,D,20150504,000000,11.236,11.515,10.958,11.236,0,0
MSP_PE,D,20150505,000000,11.05,11.05,10.958,11.05,0,0
MSP_PE,D,20150506,000000,11.236,11.422,11.05,11.422,0,0
MSP_PE,D,20150507,000000,11.422,11.7,11.143,11.422,0,0
MSP_PE,D,20150508,000000,11.422,11.608,11.422,11.608,0,0
MSP_PE,D,20150511,000000,11.608,11.608,11.608,11.608,0,0
MSP_PE,D,20150512,000000,11.608,11.608,11.422,11.608,0,0
MSP_PE,D,20150513,000000,11.608,11.608,11.05,11.515,0,0
MSP_PE,D,20150514,000000,11.515,11.608,11.515,11.608,0,0
MSP_PE,D,20150515,000000,11.608,11.608,11.608,11.608,0,0
MSP_PE,D,20150518,000000,11.608,11.886,11.608,11.886,0,0
MSP_PE,D,20150519,000000,11.886,11.886,11.515,11.793,0,0
MSP_PE,D,20150520,000000,11.793,11.793,11.7,11.7,0,0
MSP_PE,D,20150521,000000,11.7,12.536,11.7,12.35,0,0
MSP_PE,D,20150522,000000,12.443,12.443,12.35,12.443,0,0
MSP_PE,D,20150525,000000,12.443,12.443,12.443,12.443,0,0
MSP_PE,D,20150526,000000,12.443,12.443,12.35,12.35,0,0
MSP_PE,D,20150527,000000,12.165,12.443,12.165,12.258,0,0
MSP_PE,D,20150528,000000,12.258,12.722,12.258,12.443,0,0
MSP_PE,D,20150529,000000,12.443,12.443,11.793,12.443,0,0
MSP_PE,D,20150601,000000,12.443,12.629,12.443,12.536,0,0
MSP_PE,D,20150602,000000,12.536,12.629,12.443,12.536,0,0
MSP_PE,D,20150603,000000,12.536,12.536,12.35,12.35,0,0
MSP_PE,D,20150605,000000,12.35,12.536,12.165,12.536,0,0
MSP_PE,D,20150608,000000,13,13,12.4,12.4,0,0
MSP_PE,D,20150609,000000,12.4,12.4,11.4,12.1,0,0
MSP_PE,D,20150610,000000,12.1,12.1,11.6,12.1,0,0
MSP_PE,D,20150611,000000,12,12,12,12,0,0
MSP_PE,D,20150612,000000,11.9,11.9,11.5,11.5,0,0
MSP_PE,D,20150615,000000,11.8,11.8,11.2,11.2,0,0
MSP_PE,D,20150616,000000,11.3,11.4,11.3,11.4,0,0
MSP_PE,D,20150617,000000,11.7,11.7,11.7,11.7,0,0
MSP_PE,D,20150618,000000,11.1,11.4,11.1,11.4,0,0
MSP_PE,D,20150619,000000,11.5,11.7,11.1,11.7,0,0
MSP_PE,D,20150622,000000,11.6,11.7,11.3,11.3,0,0
MSP_PE,D,20150623,000000,11.6,11.6,11.3,11.3,0,0
MSP_PE,D,20150624,000000,11.6,11.6,11.6,11.6,0,0
MSP_PE,D,20150625,000000,11.4,12.4,11.4,12.4,0,0
MSP_PE,D,20150626,000000,12.3,12.3,12,12,0,0
MSP_PE,D,20150629,000000,12.1,12.1,12.1,12.1,0,0
MSP_PE,D,20150630,000000,12.3,12.3,11.4,11.4,0,0
MSP_PE,D,20150701,000000,11.5,11.6,11.5,11.6,0,0
MSP_PE,D,20150702,000000,11.5,11.5,11.5,11.5,0,0
MSP_PE,D,20150703,000000,11.5,11.5,11.5,11.5,0,0
MSP_PE,D,20150706,000000,11.5,11.9,11.5,11.9,0,0
MSP_PE,D,20150707,000000,12.1,12.1,12,12,0,0
MSP_PE,D,20150708,000000,12,12,11.7,11.7,0,0
MSP_PE,D,20150709,000000,11.6,11.9,11.6,11.9,0,0
MSP_PE,D,20150710,000000,11.9,11.9,11.7,11.7,0,0
MSP_PE,D,20150713,000000,12.3,12.3,12.3,12.3,0,0
MSP_PE,D,20150714,000000,11.7,12.2,11.7,12,0,0
MSP_PE,D,20150715,000000,12.2,12.2,12.1,12.1,0,0
MSP_PE,D,20150716,000000,12.3,12.3,12.3,12.3,0,0
MSP_PE,D,20150717,000000,12.1,12.3,12.1,12.3,0,0
MSP_PE,D,20150720,000000,11.7,11.7,11.4,11.6,0,0
MSP_PE,D,20150721,000000,11.6,12.1,11.1,11.1,0,0
MSP_PE,D,20150722,000000,11.1,11.1,11.1,11.1,0,0
MSP_PE,D,20150723,000000,11.1,11.1,11.1,11.1,0,0
MSP_PE,D,20150724,000000,11.3,11.3,11,11,0,0
MSP_PE,D,20150727,000000,11.2,11.2,11.2,11.2,0,0
MSP_PE,D,20150728,000000,11.2,11.2,11.2,11.2,0,0
MSP_PE,D,20150729,000000,11.2,12,11.2,12,0,0
MSP_PE,D,20150730,000000,12.1,12.2,12.1,12.2,0,0
MSP_PE,D,20150731,000000,12.2,12.2,12.2,12.2,0,0
MSP_PE,D,20150803,000000,11.7,11.8,11.7,11.8,0,0
MSP_PE,D,20150804,000000,11.9,11.9,11.8,11.9,0,0
MSP_PE,D,20150805,000000,11.9,12,11.9,12,0,0
MSP_PE,D,20150806,000000,11.9,12.4,11.7,12.4,0,0
MSP_PE,D,20150807,000000,12.4,13,12,12.1,0,0
MSP_PE,D,20150810,000000,12.7,12.7,12.6,12.6,0,0
MSP_PE,D,20150811,000000,12.2,12.5,12.2,12.2,0,0
MSP_PE,D,20150812,000000,12.2,12.6,12.2,12.4,0,0
MSP_PE,D,20150813,000000,12.7,13.1,12.4,13.1,0,0
MSP_PE,D,20150814,000000,13.1,13.5,12.8,13.5,0,0
MSP_PE,D,20150817,000000,13.7,13.7,13.1,13.1,0,0
MSP_PE,D,20150818,000000,12.8,13.7,12.7,13.1,0,0
MSP_PE,D,20150819,000000,12.8,24.7,12.5,24.7,0,0
MSP_PE,D,20150820,000000,24.7,25.3,24.7,25.3,0,0
MSP_PE,D,20150821,000000,24.5,25.2,24.5,25.2,0,0
MSP_PE,D,20150824,000000,24.5,24.5,22.7,22.7,0,0
MSP_PE,D,20150825,000000,21.6,23,21.6,22.7,0,0
MSP_PE,D,20150826,000000,22,22,20.4,20.4,0,0
MSP_PE,D,20150827,000000,21.8,23.1,21.8,22.9,0,0
MSP_PE,D,20150828,000000,22.8,22.8,22.8,22.8,0,0
MSP_PE,D,20150831,000000,22.8,22.8,22.8,22.8,0,0
MSP_PE,D,20150901,000000,22.8,22.8,22.8,22.8,0,0
MSP_PE,D,20150902,000000,22.8,22.8,20.4,21.1,0,0
MSP_PE,D,20150903,000000,21.8,21.8,21.8,21.8,0,0
MSP_PE,D,20150904,000000,21.8,21.8,21.8,21.8,0,0
MSP_PE,D,20150907,000000,21.8,21.8,21.8,21.8,0,0
MSP_PE,D,20150908,000000,21.8,21.8,21.8,21.8,0,0
MSP_PE,D,20150909,000000,21.8,21.8,21.8,21.8,0,0
MSP_PE,D,20150910,000000,22,22,21.8,21.8,0,0
MSP_PE,D,20150911,000000,21.8,21.8,21.8,21.8,0,0
MSP_PE,D,20150914,000000,22.1,22.1,20.8,22,0,0
MSP_PE,D,20150915,000000,20.8,22,20.8,21.6,0,0
MSP_PE,D,20150916,000000,21.8,21.8,21.8,21.8,0,0
MSP_PE,D,20150917,000000,21.8,21.8,20.8,21.8,0,0
MSP_PE,D,20150918,000000,21.8,21.8,20.4,21.8,0,0
MSP_PE,D,20150921,000000,22,22,20.5,20.5,0,0
MSP_PE,D,20150922,000000,21.3,21.3,20.7,21.1,0,0
MSP_PE,D,20150923,000000,21.2,21.7,20.3,21.7,0,0
MSP_PE,D,20150924,000000,21,21.1,20,20.1,0,0
MSP_PE,D,20150925,000000,21.1,21.1,20.9,20.9,0,0
MSP_PE,D,20150928,000000,21.8,21.8,21.7,21.7,0,0
MSP_PE,D,20150929,000000,20.8,20.8,20,20.7,0,0
MSP_PE,D,20150930,000000,20.8,20.8,19.9,19.9,0,0
MSP_PE,D,20151001,000000,20.8,20.8,19.9,20.8,0,0
MSP_PE,D,20151002,000000,20.4,20.4,19.8,19.9,0,0
MSP_PE,D,20151005,000000,20.8,20.8,20.8,20.8,0,0
MSP_PE,D,20151006,000000,20.8,20.8,20.8,20.8,0,0
MSP_PE,D,20151007,000000,20.7,20.7,19.8,19.8,0,0
MSP_PE,D,20151008,000000,20.4,20.4,20.2,20.2,0,0
MSP_PE,D,20151009,000000,20.4,21.7,20.4,21,0,0
MSP_PE,D,20151012,000000,20.1,21.8,20.1,21.6,0,0
MSP_PE,D,20151013,000000,21.6,21.6,21.6,21.6,0,0
MSP_PE,D,20151014,000000,20.4,20.4,20.4,20.4,0,0
MSP_PE,D,20151015,000000,21.6,21.6,21.6,21.6,0,0
MSP_PE,D,20151016,000000,21.5,21.5,20.9,21,0,0
MSP_PE,D,20151019,000000,21.7,21.7,21.6,21.6,0,0
MSP_PE,D,20151020,000000,21.6,21.6,21.6,21.6,0,0
MSP_PE,D,20151021,000000,20.4,21.2,20.4,20.5,0,0
MSP_PE,D,20151022,000000,21.3,21.3,21.2,21.2,0,0
MSP_PE,D,20151023,000000,21.4,21.4,20,20.1,0,0
MSP_PE,D,20151026,000000,20.4,20.4,20.4,20.4,0,0
MSP_PE,D,20151027,000000,20.8,20.8,20.8,20.8,0,0
MSP_PE,D,20151028,000000,20.8,20.8,20.8,20.8,0,0
MSP_PE,D,20151029,000000,20.8,20.8,20.8,20.8,0,0
MSP_PE,D,20151030,000000,20.8,21,20.8,21,0,0
MSP_PE,D,20151102,000000,21.7,31.6,20.7,31.6,0,0
MSP_PE,D,20151103,000000,31.3,31.3,31.2,31.2,0,0
MSP_PE,D,20151104,000000,30.6,31.2,30.4,30.4,0,0
MSP_PE,D,20151105,000000,31,31.2,31,31.2,0,0
MSP_PE,D,20151106,000000,31.1,31.1,31.1,31.1,0,0
MSP_PE,D,20151109,000000,31.1,31.1,30.4,30.4,0,0
MSP_PE,D,20151110,000000,30.6,30.6,30.4,30.4,0,0
MSP_PE,D,20151112,000000,30.2,30.6,30.2,30.6,0,0
MSP_PE,D,20151113,000000,30.3,30.3,30.3,30.3,0,0
MSP_PE,D,20151116,000000,30.3,30.3,29.8,29.8,0,0
MSP_PE,D,20151117,000000,30.3,30.3,30.3,30.3,0,0
MSP_PE,D,20151118,000000,31.9,31.9,30.2,30.2,0,0
MSP_PE,D,20151119,000000,31.6,31.6,30.2,30.2,0,0
MSP_PE,D,20151120,000000,31.6,31.6,31.6,31.6,0,0
MSP_PE,D,20151123,000000,30.8,31,30.8,31,0,0
MSP_PE,D,20151124,000000,31,31,31,31,0,0
MSP_PE,D,20151125,000000,31,31,30.1,30.1,0,0
MSP_PE,D,20151126,000000,31,31,29.3,29.3,0,0
MSP_PE,D,20151127,000000,31.2,31.2,30.8,30.8,0,0
MSP_PE,D,20151130,000000,31.6,31.6,31.6,31.6,0,0
MSP_PE,D,20151201,000000,29.7,30.5,29.5,29.6,0,0
MSP_PE,D,20151202,000000,30.8,30.8,29.3,29.3,0,0
MSP_PE,D,20151203,000000,29.7,30.8,28.7,28.9,0,0
MSP_PE,D,20151204,000000,29.4,29.4,28.1,29.4,0,0
MSP_PE,D,20151207,000000,28.3,29.4,28.3,29.3,0,0
MSP_PE,D,20151208,000000,29.2,29.2,28.7,28.7,0,0
MSP_PE,D,20151209,000000,28.1,28.7,27.6,28.7,0,0
MSP_PE,D,20151210,000000,28.7,28.7,28.7,28.7,0,0
MSP_PE,D,20151211,000000,28.9,28.9,28.9,28.9,0,0
MSP_PE,D,20151214,000000,28.9,28.9,28.9,28.9,0,0
MSP_PE,D,20151215,000000,28.9,28.9,27.5,27.5,0,0
MSP_PE,D,20151216,000000,28.9,28.9,28.8,28.8,0,0
MSP_PE,D,20151217,000000,28.9,28.9,27.5,28.9,0,0
MSP_PE,D,20151218,000000,27.7,28.9,27.5,28.9,0,0
MSP_PE,D,20151221,000000,28.9,28.9,26.8,28.7,0,0
MSP_PE,D,20151222,000000,27.5,28.9,27.5,28.9,0,0
MSP_PE,D,20151223,000000,27,28.2,27,28.2,0,0
MSP_PE,D,20151228,000000,27.1,27.3,27.1,27.1,0,0
MSP_PE,D,20151229,000000,27.1,27.1,26.9,27.1,0,0
MSP_PE,D,20151230,000000,26.9,26.9,26.9,26.9,0,0
MSP_PE,D,20160104,000000,26.9,29.5,26.9,27,0,0
MSP_PE,D,20160105,000000,29.4,29.4,29.4,29.4,0,0
MSP_PE,D,20160107,000000,29.4,29.4,29.4,29.4,0,0
MSP_PE,D,20160108,000000,29.4,29.4,29.4,29.4,0,0
MSP_PE,D,20160111,000000,27.4,27.5,27.4,27.5,0,0
MSP_PE,D,20160112,000000,27.5,27.5,27.5,27.5,0,0
MSP_PE,D,20160113,000000,26.9,27.5,26.3,27.5,0,0
MSP_PE,D,20160114,000000,27.5,27.5,27.5,27.5,0,0
MSP_PE,D,20160115,000000,27.5,27.5,27.5,27.5,0,0
MSP_PE,D,20160118,000000,26.7,27.7,26.2,26.2,0,0
MSP_PE,D,20160119,000000,26.2,27.7,26.2,27.7,0,0
MSP_PE,D,20160120,000000,26.2,26.2,23.9,25,0,0
MSP_PE,D,20160121,000000,24.4,26.2,23,26.2,0,0
MSP_PE,D,20160122,000000,25.2,26.2,25.2,26.2,0,0
MSP_PE,D,20160125,000000,26.2,26.2,25,26.2,0,0
MSP_PE,D,20160126,000000,26.2,26.2,26.2,26.2,0,0
MSP_PE,D,20160127,000000,26.1,26.1,26,26,0,0
MSP_PE,D,20160128,000000,26.1,26.1,26.1,26.1,0,0
MSP_PE,D,20160129,000000,26.1,26.1,26.1,26.1,0,0
MSP_PE,D,20160201,000000,26,26.1,26,26,0,0
MSP_PE,D,20160202,000000,26.1,26.1,26.1,26.1,0,0
MSP_PE,D,20160203,000000,26.1,26.8,26.1,26.8,0,0
MSP_PE,D,20160204,000000,26.8,26.8,26,26,0,0
MSP_PE,D,20160205,000000,26.4,26.4,26.4,26.4,0,0
MSP_PE,D,20160208,000000,26.4,26.4,26.4,26.4,0,0
MSP_PE,D,20160209,000000,26.4,26.4,26.4,26.4,0,0
MSP_PE,D,20160210,000000,26.4,28.1,26.4,27.3,0,0
MSP_PE,D,20160211,000000,27.5,27.5,27.5,27.5,0,0
MSP_PE,D,20160212,000000,27.5,27.5,27.5,27.5,0,0
MSP_PE,D,20160215,000000,27.6,27.6,27.6,27.6,0,0
MSP_PE,D,20160216,000000,27.6,27.6,27.6,27.6,0,0
MSP_PE,D,20160217,000000,27.6,27.6,26.2,26.6,0,0
MSP_PE,D,20160218,000000,26.6,29.2,26.6,29.2,0,0
MSP_PE,D,20160219,000000,29.1,29.1,27.5,28.3,0,0
MSP_PE,D,20160222,000000,29.4,57,27.1,57,0,0
MSP_PE,D,20160223,000000,58.7,58.7,57.8,57.8,0,0
MSP_PE,D,20160224,000000,58.7,58.7,58.7,58.7,0,0
MSP_PE,D,20160225,000000,55.7,58.3,55.7,58.3,0,0
MSP_PE,D,20160226,000000,59.4,59.4,59.3,59.3,0,0
MSP_PE,D,20160229,000000,59.3,59.3,59.3,59.3,0,0
MSP_PE,D,20160301,000000,57.8,58.3,56.1,58.3,0,0
MSP_PE,D,20160302,000000,60.9,60.9,56.1,58.9,0,0
MSP_PE,D,20160303,000000,59.6,59.6,59.3,59.3,0,0
MSP_PE,D,20160304,000000,59.3,59.3,57,57.1,0,0
MSP_PE,D,20160307,000000,59.4,59.4,59.3,59.3,0,0
MSP_PE,D,20160308,000000,59.3,59.3,59.3,59.3,0,0
MSP_PE,D,20160309,000000,59.6,59.6,59.5,59.6,0,0
MSP_PE,D,20160310,000000,59.6,60.9,59.6,59.6,0,0
MSP_PE,D,20160311,000000,60.7,60.9,59.6,60.4,0,0
MSP_PE,D,20160314,000000,60.4,60.4,58.7,60.4,0,0
MSP_PE,D,20160315,000000,60.4,60.4,60.4,60.4,0,0
MSP_PE,D,20160316,000000,60,60,60,60,0,0
MSP_PE,D,20160317,000000,60.4,60.4,60.4,60.4,0,0
MSP_PE,D,20160318,000000,60.9,60.9,57.2,60,0,0
MSP_PE,D,20160321,000000,60.7,60.7,60.7,60.7,0,0
MSP_PE,D,20160322,000000,60.7,60.7,60.7,60.7,0,0
MSP_PE,D,20160323,000000,60.7,60.7,60.7,60.7,0,0
MSP_PE,D,20160324,000000,60.7,60.7,60.7,60.7,0,0
MSP_PE,D,20160329,000000,60.7,60.7,60.7,60.7,0,0
MSP_PE,D,20160330,000000,59.4,59.4,56.4,56.4,0,0
MSP_PE,D,20160331,000000,59.3,60.6,57.4,57.4,0,0
MSP_PE,D,20160401,000000,60.7,60.7,60.7,60.7,0,0
MSP_PE,D,20160404,000000,60.7,60.7,56.7,56.8,0,0
MSP_PE,D,20160405,000000,60.6,60.6,56.5,56.6,0,0
MSP_PE,D,20160406,000000,56.6,58.9,56.3,56.3,0,0
MSP_PE,D,20160407,000000,56.2,56.2,56.2,56.2,0,0
MSP_PE,D,20160408,000000,58.6,58.6,55.6,55.7,0,0
MSP_PE,D,20160411,000000,58.6,58.6,53.8,54.5,0,0
MSP_PE,D,20160412,000000,57.6,57.6,54.3,54.3,0,0
MSP_PE,D,20160413,000000,55.3,57.6,53.8,54.2,0,0
MSP_PE,D,20160414,000000,57.3,57.3,53.5,53.5,0,0
MSP_PE,D,20160415,000000,57.3,57.3,54.6,54.6,0,0
MSP_PE,D,20160418,000000,54.5,54.5,54.5,54.5,0,0
MSP_PE,D,20160419,000000,57.1,57.1,53.2,53.7,0,0
MSP_PE,D,20160420,000000,53.1,53.1,48,52.8,0,0
MSP_PE,D,20160421,000000,55.2,55.2,50.9,50.9,0,0
MSP_PE,D,20160422,000000,50.9,53.1,50,50.8,0,0
MSP_PE,D,20160425,000000,54.7,54.7,50.7,50.7,0,0
MSP_PE,D,20160426,000000,50.7,50.7,50.4,50.4,0,0
MSP_PE,D,20160427,000000,52.1,52.2,52.1,52.2,0,0
MSP_PE,D,20160428,000000,52.6,52.6,51.3,51.3,0,0
MSP_PE,D,20160429,000000,51.3,51.3,51.3,51.3,0,0
MSP_PE,D,20160502,000000,53,53,50,51.3,0,0
MSP_PE,D,20160504,000000,51.3,51.3,48.7,48.7,0,0
MSP_PE,D,20160505,000000,53,53,48.6,49.7,0,0
MSP_PE,D,20160506,000000,53,53,48.2,48.6,0,0
MSP_PE,D,20170928,000000,48.6,48.6,48.6,48.6,0,0
MSP_PE,D,20190520,000000,6.2,6.2,6.2,6.2,0,0
MSP_PE,D,20190521,000000,5.7,5.8,5.1,5.8,0,0
MSP_PE,D,20190522,000000,5.7,5.9,5.5,5.7,0,0
MSP_PE,D,20190523,000000,5.8,5.8,5.3,5.6,0,0
MSP_PE,D,20190524,000000,5.6,5.6,5.4,5.6,0,0
MSP_PE,D,20190527,000000,5.6,5.6,5.3,5.4,0,0
MSP_PE,D,20190528,000000,5.1,5.5,5.1,5.4,0,0
MSP_PE,D,20190529,000000,5.4,5.4,5.1,5.1,0,0
MSP_PE,D,20190530,000000,5.4,5.6,5.1,5.6,0,0
MSP_PE,D,20190531,000000,5.6,5.7,5.6,5.7,0,0
MSP_PE,D,20190603,000000,5.5,5.5,5.2,5.2,0,0
MSP_PE,D,20190604,000000,5.5,5.5,5.3,5.4,0,0
MSP_PE,D,20190605,000000,5.4,5.5,5.1,5.4,0,0
MSP_PE,D,20190606,000000,5.4,5.6,5.4,5.5,0,0
MSP_PE,D,20190607,000000,5.5,5.5,5.4,5.4,0,0
MSP_PE,D,20190610,000000,5.3,5.4,5.1,5.4,0,0
MSP_PE,D,20190611,000000,5.3,5.3,4.9,5.2,0,0
MSP_PE,D,20190612,000000,5.3,5.3,5.2,5.2,0,0
MSP_PE,D,20190613,000000,5.2,5.3,5.1,5.1,0,0
MSP_PE,D,20190614,000000,5.3,5.3,5.2,5.3,0,0
MSP_PE,D,20190617,000000,5.3,5.4,5.1,5.4,0,0
MSP_PE,D,20190618,000000,5.4,5.4,5.3,5.3,0,0
MSP_PE,D,20190619,000000,5.3,5.3,5.1,5.3,0,0
MSP_PE,D,20190621,000000,5.1,5.2,5.1,5.1,0,0
MSP_PE,D,20190624,000000,5.2,5.4,5.1,5.2,0,0
MSP_PE,D,20190625,000000,5.2,5.2,5.1,5.2,0,0
MSP_PE,D,20190626,000000,5.2,5.2,5.2,5.2,0,0
MSP_PE,D,20190627,000000,5.2,5.3,5.1,5.3,0,0
MSP_PE,D,20190628,000000,5.3,5.3,5,5,0,0
MSP_PE,D,20190701,000000,5.2,5.2,5.1,5.2,0,0
MSP_PE,D,20190702,000000,5.2,5.9,5.2,5.8,0,0
MSP_PE,D,20190703,000000,5.8,5.8,5.6,5.7,0,0
MSP_PE,D,20190704,000000,5.7,5.7,5.5,5.5,0,0
MSP_PE,D,20190705,000000,5.7,5.7,5.5,5.7,0,0
MSP_PE,D,20190708,000000,5.7,5.7,5.6,5.7,0,0
MSP_PE,D,20190709,000000,5.7,5.9,5.7,5.9,0,0
MSP_PE,D,20190710,000000,5.9,6.1,5.9,6.1,0,0
MSP_PE,D,20190711,000000,6.1,6.2,6.1,6.2,0,0
MSP_PE,D,20190712,000000,6.2,6.2,6.1,6.1,0,0
MSP_PE,D,20190715,000000,6.1,6.4,6.1,6.3,0,0
MSP_PE,D,20190716,000000,6.4,6.4,6.1,6.3,0,0
MSP_PE,D,20190717,000000,6.3,6.3,5.9,6.3,0,0
MSP_PE,D,20190718,000000,6.3,6.3,6.1,6.3,0,0
MSP_PE,D,20190719,000000,6.3,6.3,6.1,6.3,0,0
MSP_PE,D,20190722,000000,6.3,7,6.3,6.8,0,0
MSP_PE,D,20190723,000000,6.9,7.2,6.8,7.1,0,0
MSP_PE,D,20190724,000000,7.1,8.2,7.1,8.2,0,0
MSP_PE,D,20190725,000000,8.2,8.2,7.6,7.7,0,0
MSP_PE,D,20190726,000000,8,8,7.7,7.8,0,0
MSP_PE,D,20190729,000000,7.8,7.9,7.3,7.8,0,0
MSP_PE,D,20190730,000000,7.8,8.7,7.8,8.7,0,0
MSP_PE,D,20190731,000000,9.1,9.2,8.2,8.3,0,0
MSP_PE,D,20190801,000000,8.3,8.3,8.2,8.3,0,0
MSP_PE,D,20190802,000000,8.3,8.3,7.8,8.1,0,0
MSP_PE,D,20190805,000000,8.1,8.5,7.7,8.4,0,0
MSP_PE,D,20190806,000000,7.9,8.5,7.9,8.4,0,0
MSP_PE,D,20190807,000000,8.5,8.5,7.8,8.1,0,0
MSP_PE,D,20190808,000000,8.1,8.1,7.4,7.5,0,0
MSP_PE,D,20190809,000000,7.8,7.8,7.4,7.5,0,0
MSP_PE,D,20190812,000000,7.5,7.9,7.1,7.4,0,0
MSP_PE,D,20190813,000000,7.3,7.8,7.2,7.8,0,0
MSP_PE,D,20190814,000000,7.5,7.9,7.4,7.4,0,0
MSP_PE,D,20190816,000000,7.5,7.5,1.6,1.6,0,0
MSP_PE,D,20190819,000000,1.6,1.6,1.5,1.6,0,0
MSP_PE,D,20190820,000000,1.6,1.6,1.4,1.5,0,0
MSP_PE,D,20190821,000000,1.5,1.6,1.5,1.5,0,0
MSP_PE,D,20190822,000000,1.5,1.5,1.5,1.5,0,0
MSP_PE,D,20190823,000000,1.4,1.6,1.4,1.6,0,0
MSP_PE,D,20190826,000000,1.5,1.6,1.5,1.6,0,0
MSP_PE,D,20190827,000000,1.5,1.6,1.5,1.5,0,0
MSP_PE,D,20190828,000000,1.5,1.6,1.5,1.6,0,0
MSP_PE,D,20190829,000000,1.7,1.7,1.6,1.6,0,0
MSP_PE,D,20190830,000000,1.6,1.6,1.6,1.6,0,0
MSP_PE,D,20190902,000000,1.6,1.6,1.5,1.5,0,0
MSP_PE,D,20190903,000000,1.5,1.5,1.5,1.5,0,0
MSP_PE,D,20190904,000000,1.5,1.6,1.5,1.6,0,0
MSP_PE,D,20190905,000000,1.6,1.6,1.5,1.5,0,0
MSP_PE,D,20190906,000000,1.5,1.6,1.5,1.6,0,0
MSP_PE,D,20190909,000000,1.6,1.7,1.5,1.5,0,0
MSP_PE,D,20190910,000000,1.5,1.6,1.5,1.6,0,0
MSP_PE,D,20190911,000000,1.6,1.7,1.6,1.6,0,0
MSP_PE,D,20190912,000000,1.6,1.6,1.5,1.6,0,0
MSP_PE,D,20190913,000000,1.6,1.6,1.6,1.6,0,0
MSP_PE,D,20190916,000000,1.6,1.6,1.6,1.6,0,0
MSP_PE,D,20190917,000000,1.6,1.7,1.6,1.7,0,0
MSP_PE,D,20190918,000000,1.7,1.7,1.6,1.6,0,0
MSP_PE,D,20190919,000000,1.6,1.6,1.6,1.6,0,0
MSP_PE,D,20190920,000000,1.6,1.6,1.6,1.6,0,0
MSP_PE,D,20190923,000000,1.6,1.7,1.6,1.6,0,0
MSP_PE,D,20190924,000000,1.6,1.6,1.5,1.5,0,0
MSP_PE,D,20190925,000000,1.6,1.6,1.5,1.6,0,0
MSP_PE,D,20190926,000000,1.6,1.6,1.5,1.5,0,0
MSP_PE,D,20190927,000000,1.5,1.5,1.4,1.5,0,0
MSP_PE,D,20190930,000000,1.5,1.5,1.5,1.5,0,0
MSP_PE,D,20191001,000000,1.4,1.5,1.4,1.5,0,0
MSP_PE,D,20191002,000000,1.5,1.5,1.5,1.5,0,0
MSP_PE,D,20191003,000000,1.5,1.5,1.5,1.5,0,0
MSP_PE,D,20191004,000000,1.5,1.5,1.5,1.5,0,0
MSP_PE,D,20191007,000000,1.5,1.5,1.5,1.5,0,0
MSP_PE,D,20191008,000000,1.5,1.5,1.5,1.5,0,0
MSP_PE,D,20191009,000000,1.5,1.5,1.4,1.5,0,0
MSP_PE,D,20191010,000000,1.5,1.5,1.4,1.4,0,0
MSP_PE,D,20191011,000000,1.4,1.4,1.3,1.4,0,0
MSP_PE,D,20191014,000000,1.4,1.4,1.4,1.4,0,0
MSP_PE,D,20191015,000000,1.4,1.4,1.3,1.4,0,0
MSP_PE,D,20191016,000000,1.4,1.4,1.3,1.3,0,0
MSP_PE,D,20191017,000000,1.3,1.4,1.3,1.4,0,0
MSP_PE,D,20191018,000000,1.4,1.5,1.4,1.4,0,0
MSP_PE,D,20191021,000000,1.4,1.5,1.4,1.5,0,0
MSP_PE,D,20191022,000000,1.4,1.6,1.4,1.5,0,0
MSP_PE,D,20191023,000000,1.5,1.5,1.4,1.5,0,0
MSP_PE,D,20191024,000000,1.5,1.5,1.4,1.4,0,0
MSP_PE,D,20191025,000000,1.5,1.5,1.5,1.5,0,0
MSP_PE,D,20191028,000000,1.5,1.5,1.4,1.5,0,0
MSP_PE,D,20191029,000000,1.5,1.5,1.5,1.5,0,0
MSP_PE,D,20191030,000000,1.5,1.6,1.5,1.5,0,0
MSP_PE,D,20191031,000000,1.5,1.8,1.5,1.8,0,0
MSP_PE,D,20191104,000000,1.9,1.9,1.7,1.7,0,0
MSP_PE,D,20191105,000000,1.8,1.8,1.7,1.7,0,0
MSP_PE,D,20191106,000000,1.7,1.8,1.7,1.8,0,0
MSP_PE,D,20191107,000000,1.8,2,1.8,2,0,0
MSP_PE,D,20191108,000000,2,2,1.9,2,0,0
MSP_PE,D,20191112,000000,2,2,1.9,1.9,0,0
MSP_PE,D,20191113,000000,1.9,1.9,1.8,1.9,0,0
MSP_PE,D,20191114,000000,2,2,1.9,1.9,0,0
MSP_PE,D,20191115,000000,1.9,1.9,1.8,1.9,0,0
MSP_PE,D,20191118,000000,1.9,1.9,1.8,1.8,0,0
MSP_PE,D,20191119,000000,1.8,1.8,1.7,1.8,0,0
MSP_PE,D,20191120,000000,1.8,1.8,1.8,1.8,0,0
MSP_PE,D,20191121,000000,1.7,1.9,1.7,1.8,0,0
MSP_PE,D,20191122,000000,1.8,1.8,1.7,1.7,0,0
MSP_PE,D,20191125,000000,1.8,1.8,1.7,1.7,0,0
MSP_PE,D,20191126,000000,1.7,1.7,1.7,1.7,0,0
MSP_PE,D,20191127,000000,1.8,1.8,1.7,1.7,0,0
MSP_PE,D,20191128,000000,1.7,1.8,1.7,1.8,0,0
MSP_PE,D,20191129,000000,1.8,1.8,1.7,1.7,0,0
MSP_PE,D,20191202,000000,1.7,1.7,1.7,1.7,0,0
MSP_PE,D,20191203,000000,1.6,1.7,1.6,1.7,0,0
MSP_PE,D,20191204,000000,1.7,1.8,1.7,1.8,0,0
MSP_PE,D,20191205,000000,1.8,1.9,1.8,1.8,0,0
MSP_PE,D,20191206,000000,1.7,1.8,1.7,1.8,0,0
MSP_PE,D,20191209,000000,1.7,1.9,1.7,1.7,0,0
MSP_PE,D,20191210,000000,1.8,1.8,1.7,1.8,0,0
MSP_PE,D,20191211,000000,1.8,1.8,1.8,1.8,0,0
MSP_PE,D,20191212,000000,1.8,1.8,1.8,1.8,0,0
MSP_PE,D,20191213,000000,1.8,1.8,1.8,1.8,0,0
MSP_PE,D,20191216,000000,1.8,1.8,1.8,1.8,0,0
MSP_PE,D,20191217,000000,1.8,1.8,1.8,1.8,0,0
MSP_PE,D,20191218,000000,1.8,1.8,1.7,1.7,0,0
MSP_PE,D,20191219,000000,1.7,1.8,1.7,1.7,0,0
MSP_PE,D,20191220,000000,1.7,1.8,1.7,1.8,0,0
MSP_PE,D,20191223,000000,1.7,1.8,1.7,1.7,0,0
MSP_PE,D,20191227,000000,1.7,1.7,1.6,1.7,0,0
MSP_PE,D,20191230,000000,1.7,1.7,1.7,1.7,0,0
MSP_PE,D,20200102,000000,1.7,1.8,1.6,1.8,0,0
MSP_PE,D,20200103,000000,1.8,1.8,1.7,1.8,0,0
MSP_PE,D,20200107,000000,1.8,1.9,1.8,1.9,0,0
MSP_PE,D,20200108,000000,1.9,1.9,1.9,1.9,0,0
MSP_PE,D,20200109,000000,1.9,2,1.9,1.9,0,0
MSP_PE,D,20200110,000000,2,2,2,2,0,0
MSP_PE,D,20200113,000000,2,2,1.9,1.9,0,0
MSP_PE,D,20200114,000000,1.9,1.9,1.8,1.9,0,0
MSP_PE,D,20200115,000000,1.9,1.9,1.9,1.9,0,0
MSP_PE,D,20200116,000000,1.9,1.9,1.9,1.9,0,0
MSP_PE,D,20200117,000000,1.9,1.9,1.9,1.9,0,0
MSP_PE,D,20200120,000000,1.9,1.9,1.8,1.9,0,0
MSP_PE,D,20200121,000000,1.9,1.9,1.9,1.9,0,0
MSP_PE,D,20200122,000000,1.9,1.9,1.9,1.9,0,0
MSP_PE,D,20200123,000000,1.9,1.9,1.8,1.8,0,0
MSP_PE,D,20200124,000000,1.8,1.8,1.8,1.8,0,0
MSP_PE,D,20200127,000000,1.8,1.8,1.8,1.8,0,0
MSP_PE,D,20200128,000000,1.8,1.8,1.7,1.8,0,0
MSP_PE,D,20200129,000000,1.9,1.9,1.8,1.8,0,0
MSP_PE,D,20200130,000000,1.8,1.8,1.7,1.7,0,0
MSP_PE,D,20200131,000000,1.7,1.8,1.7,1.8,0,0
MSP_PE,D,20200203,000000,1.8,1.8,1.7,1.7,0,0
MSP_PE,D,20200204,000000,1.7,1.8,1.7,1.8,0,0
MSP_PE,D,20200205,000000,1.8,1.8,1.7,1.8,0,0
MSP_PE,D,20200206,000000,1.8,1.8,1.8,1.8,0,0
MSP_PE,D,20200207,000000,1.8,1.8,1.8,1.8,0,0
MSP_PE,D,20200210,000000,1.8,1.8,1.7,1.7,0,0
MSP_PE,D,20200211,000000,1.7,1.7,1.6,1.7,0,0
MSP_PE,D,20200212,000000,1.8,1.8,1.7,1.7,0,0
MSP_PE,D,20200213,000000,1.7,1.7,1.6,1.7,0,0
MSP_PE,D,20200214,000000,1.7,1.7,1.7,1.7,0,0
MSP_PE,D,20200217,000000,1.7,1.7,1.6,1.7,0,0
MSP_PE,D,20200218,000000,1.7,1.7,1.7,1.7,0,0
MSP_PE,D,20200219,000000,1.7,1.7,1.7,1.7,0,0
MSP_PE,D,20200220,000000,1.7,1.7,1.7,1.7,0,0
MSP_PE,D,20200221,000000,1.7,1.7,1.7,1.7,0,0
MSP_PE,D,20200224,000000,1.7,1.7,1.6,1.7,0,0
MSP_PE,D,20200225,000000,1.7,1.7,1.5,1.6,0,0
MSP_PE,D,20200226,000000,1.6,1.6,1.5,1.6,0,0
MSP_PE,D,20200227,000000,1.6,1.6,1.6,1.6,0,0
MSP_PE,D,20200228,000000,1.6,1.6,1.5,1.6,0,0
MSP_PE,D,20200302,000000,1.6,1.6,1.5,1.5,0,0
MSP_PE,D,20200303,000000,1.5,1.5,1.4,1.5,0,0
MSP_PE,D,20200304,000000,1.5,1.5,1.4,1.5,0,0
MSP_PE,D,20200305,000000,1.5,1.5,1.4,1.4,0,0
MSP_PE,D,20200306,000000,1.4,1.4,1.4,1.4,0,0
MSP_PE,D,20200309,000000,1.3,1.4,1.3,1.3,0,0
MSP_PE,D,20200310,000000,1.3,1.3,1.2,1.3,0,0
MSP_PE,D,20200311,000000,1.3,1.3,1.2,1.2,0,0
MSP_PE,D,20200312,000000,1.2,1.2,1.1,1.1,0,0
MSP_PE,D,20200313,000000,1.1,1.2,1.1,1.2,0,0
MSP_PE,D,20200316,000000,1.2,1.2,1.1,1.1,0,0
MSP_PE,D,20200317,000000,1.1,1.2,1.1,1.1,0,0
MSP_PE,D,20200318,000000,1.2,1.2,1.1,1.1,0,0
MSP_PE,D,20200319,000000,1.2,1.2,1.1,1.2,0,0
MSP_PE,D,20200320,000000,1.2,1.2,1.1,1.2,0,0
MSP_PE,D,20200323,000000,1.2,1.3,1.2,1.2,0,0
MSP_PE,D,20200324,000000,1.1,1.2,1.1,1.1,0,0
MSP_PE,D,20200325,000000,1.1,1.1,1.1,1.1,0,0
MSP_PE,D,20200326,000000,1.1,1.1,1,1.1,0,0
MSP_PE,D,20200327,000000,1.1,1.1,1.1,1.1,0,0
MSP_PE,D,20200330,000000,1.1,1.1,1,1.1,0,0
MSP_PE,D,20200331,000000,1.1,1.2,1.1,1.2,0,0
MSP_PE,D,20200401,000000,1.2,1.2,1.1,1.1,0,0
MSP_PE,D,20200402,000000,1.1,1.2,1.1,1.2,0,0
MSP_PE,D,20200403,000000,1.2,1.2,1.2,1.2,0,0
MSP_PE,D,20200406,000000,1.2,1.3,1.1,1.3,0,0
MSP_PE,D,20200407,000000,1.3,1.3,1.2,1.3,0,0
MSP_PE,D,20200408,000000,1.3,1.4,1.3,1.3,0,0
MSP_PE,D,20200409,000000,1.3,2,1.2,2,0,0
MSP_PE,D,20200414,000000,2,2,1.8,2,0,0
MSP_PE,D,20200415,000000,1.9,2,1.9,1.9,0,0
MSP_PE,D,20200416,000000,1.9,2.1,1.9,2,0,0
MSP_PE,D,20200417,000000,2,2,1.9,2,0,0
MSP_PE,D,20200420,000000,2,2,2,2,0,0
MSP_PE,D,20200421,000000,2,2,1.9,2,0,0
MSP_PE,D,20200422,000000,2,2,2,2,0,0
MSP_PE,D,20200423,000000,2,2.1,1.9,2.1,0,0
MSP_PE,D,20200424,000000,2.1,2.1,2,2.1,0,0
MSP_PE,D,20200427,000000,2.1,2.2,2.1,2.2,0,0
MSP_PE,D,20200428,000000,2.2,2.3,2.2,2.2,0,0
MSP_PE,D,20200429,000000,2.1,2.2,2.1,2.2,0,0
MSP_PE,D,20200430,000000,2.2,2.6,2.2,2.5,0,0
MSP_PE,D,20200504,000000,2.7,2.9,2.7,2.8,0,0
MSP_PE,D,20200505,000000,2.9,2.9,2.6,2.7,0,0
MSP_PE,D,20200506,000000,2.4,3,2.3,3,0,0
MSP_PE,D,20200507,000000,3,3,2.7,3,0,0
MSP_PE,D,20200508,000000,3,3,3,3,0,0
MSP_PE,D,20200511,000000,3,3,2.9,2.9,0,0
MSP_PE,D,20200512,000000,3,3.2,3,3,0,0
MSP_PE,D,20200513,000000,3.2,3.2,3,3,0,0
MSP_PE,D,20200514,000000,3,3.1,2.9,3,0,0
MSP_PE,D,20200515,000000,3,4,3,4,0,0
MSP_PE,D,20200518,000000,3.9,4.3,3.7,4,0,0
MSP_PE,D,20200519,000000,3.8,4,3.8,3.8,0,0
MSP_PE,D,20200520,000000,3.9,3.9,3.8,3.9,0,0
MSP_PE,D,20200521,000000,4,4.2,4,4.2,0,0
MSP_PE,D,20200522,000000,4.1,4.2,4.1,4.2,0,0
MSP_PE,D,20200525,000000,4.2,4.5,4.2,4.4,0,0
MSP_PE,D,20200526,000000,4.5,4.5,4.2,4.2,0,0
MSP_PE,D,20200527,000000,4.4,4.4,4.2,4.3,0,0
MSP_PE,D,20200528,000000,4.4,4.4,4.3,4.4,0,0
MSP_PE,D,20200529,000000,4.4,4.5,4.4,4.4,0,0
MSP_PE,D,20200601,000000,4.4,4.7,4.3,4.7,0,0
MSP_PE,D,20200602,000000,4.7,4.7,4.5,4.6,0,0
MSP_PE,D,20200603,000000,4.7,4.7,4.5,4.5,0,0
MSP_PE,D,20200604,000000,4.5,4.7,4.5,4.5,0,0
MSP_PE,D,20200605,000000,4.5,4.6,4.4,4.6,0,0
MSP_PE,D,20200608,000000,4.4,4.6,4.4,4.4,0,0
MSP_PE,D,20200609,000000,4.4,4.5,4.4,4.4,0,0
MSP_PE,D,20200610,000000,4.3,4.3,4.1,4.2,0,0
MSP_PE,D,20200612,000000,3.9,4.2,3.9,4.1,0,0
MSP_PE,D,20200615,000000,4.2,4.2,3.9,3.9,0,0
MSP_PE,D,20200616,000000,4.2,4.2,4.1,4.1,0,0
MSP_PE,D,20200617,000000,4.2,4.2,4,4,0,0
MSP_PE,D,20200618,000000,4.2,4.3,4.1,4.3,0,0
MSP_PE,D,20200619,000000,4.3,4.5,4.2,4.4,0,0
MSP_PE,D,20200622,000000,4.2,4.4,4.2,4.3,0,0
MSP_PE,D,20200623,000000,4.4,4.4,4.2,4.3,0,0
MSP_PE,D,20200624,000000,4.4,4.4,4.2,4.2,0,0
MSP_PE,D,20200625,000000,4.3,4.3,4.2,4.3,0,0
MSP_PE,D,20200626,000000,4.3,4.3,4.3,4.3,0,0
MSP_PE,D,20200629,000000,4.3,4.4,4.2,4.4,0,0
MSP_PE,D,20200630,000000,4.4,4.4,4.3,4.4,0,0
MSP_PE,D,20200701,000000,4.5,4.8,4.5,4.7,0,0
MSP_PE,D,20200702,000000,4.6,4.7,4.4,4.7,0,0
MSP_PE,D,20200703,000000,4.7,4.7,4.5,4.5,0,0
MSP_PE,D,20200706,000000,4.5,4.6,4.4,4.6,0,0
MSP_PE,D,20200707,000000,4.6,4.6,4.5,4.6,0,0
MSP_PE,D,20200708,000000,4.6,4.6,4.5,4.6,0,0
MSP_PE,D,20200709,000000,4.6,4.6,4.5,4.5,0,0
MSP_PE,D,20200710,000000,4.6,4.7,4.5,4.6,0,0
MSP_PE,D,20200713,000000,4.6,4.6,4.4,4.6,0,0
MSP_PE,D,20200714,000000,4.6,4.6,4.5,4.6,0,0
MSP_PE,D,20200715,000000,4.6,4.7,4.4,4.6,0,0
MSP_PE,D,20200716,000000,4.6,4.6,4.5,4.5,0,0
MSP_PE,D,20200717,000000,4.5,4.6,4.4,4.4,0,0
MSP_PE,D,20200720,000000,4.4,4.4,4.3,4.4,0,0
MSP_PE,D,20200721,000000,4.3,4.4,4.3,4.3,0,0
MSP_PE,D,20200722,000000,4.4,4.4,4.2,4.2,0,0
MSP_PE,D,20200723,000000,4.3,4.4,4.2,4.4,0,0
MSP_PE,D,20200724,000000,4.4,4.4,4.3,4.4,0,0
MSP_PE,D,20200727,000000,4.4,4.4,4.3,4.4,0,0
MSP_PE,D,20200728,000000,4.4,4.4,4.3,4.4,0,0
MSP_PE,D,20200729,000000,4.3,4.4,4.3,4.3,0,0
MSP_PE,D,20200730,000000,4.3,4.3,4.2,4.3,0,0
MSP_PE,D,20200731,000000,4.3,4.3,4.3,4.3,0,0
MSP_PE,D,20200803,000000,4.3,4.3,4,4,0,0
MSP_PE,D,20200804,000000,3.9,4.1,3.9,4.1,0,0
MSP_PE,D,20200805,000000,4.2,4.2,4.1,4.1,0,0
MSP_PE,D,20200806,000000,4.2,4.2,4.1,4.2,0,0
MSP_PE,D,20200807,000000,4.1,4.2,4.1,4.1,0,0
MSP_PE,D,20200810,000000,4,4.2,4,4.2,0,0
MSP_PE,D,20200811,000000,4.2,4.4,4.2,4.4,0,0
MSP_PE,D,20200812,000000,4.3,4.4,4.3,4.4,0,0
MSP_PE,D,20200813,000000,4.4,4.4,4.2,4.3,0,0
MSP_PE,D,20200814,000000,4.4,4.4,4.4,4.4,0,0
MSP_PE,D,20200817,000000,4.2,4.2,4.2,4.2,0,0
MSP_PE,D,20200818,000000,4.3,4.3,4.1,4.1,0,0
MSP_PE,D,20200819,000000,4.3,4.3,4.1,4.1,0,0
MSP_PE,D,20200820,000000,4.2,4.2,4.2,4.2,0,0
MSP_PE,D,20200821,000000,4.2,4.3,4,4.3,0,0
