<TICKER>,<PER>,<DATE>,<TIME>,<OPEN>,<HIGH>,<LOW>,<CLOSE>,<VOL>,<OPENINT>
MVP_PE,D,20171219,000000,903.5,903.5,903.5,903.5,0,0
MVP_PE,D,20171220,000000,872.2,872.2,785.6,862.4,0,0
MVP_PE,D,20171221,000000,864.7,876.5,823.5,827.2,0,0
MVP_PE,D,20171222,000000,864.7,864.7,809.4,844.8,0,0
MVP_PE,D,20171227,000000,838.8,838.8,805.9,813.1,0,0
MVP_PE,D,20171228,000000,815.3,831.8,805.9,829.5,0,0
MVP_PE,D,20171229,000000,831.8,831.8,801.2,809.6,0,0
MVP_PE,D,20180103,000000,814.1,814.1,805.9,811.9,0,0
MVP_PE,D,20180104,000000,822.4,822.4,811.8,814.3,0,0
MVP_PE,D,20180105,000000,816.5,820,805.9,808.4,0,0
MVP_PE,D,20180108,000000,808.2,810.6,735.3,773.2,0,0
MVP_PE,D,20180109,000000,776.5,776.5,740.4,740.4,0,0
MVP_PE,D,20180110,000000,757.6,764.7,735.3,762.7,0,0
MVP_PE,D,20180111,000000,764.7,774.1,758.8,772,0,0
MVP_PE,D,20180112,000000,775.3,778.8,758.8,762.7,0,0
MVP_PE,D,20180115,000000,752.9,760,738.8,756.8,0,0
MVP_PE,D,20180116,000000,736.5,752.9,736.5,750.9,0,0
MVP_PE,D,20180117,000000,752.9,752.9,705.9,732.2,0,0
MVP_PE,D,20180118,000000,718.8,735.3,687.1,727.5,0,0
MVP_PE,D,20180119,000000,729.4,742.4,703.5,729.8,0,0
MVP_PE,D,20180122,000000,731.8,762.4,730.6,760.3,0,0
MVP_PE,D,20180123,000000,788.2,788.2,764.7,780.3,0,0
MVP_PE,D,20180124,000000,782.4,782.4,772.9,780.3,0,0
MVP_PE,D,20180125,000000,782.4,782.4,773.2,773.2,0,0
MVP_PE,D,20180126,000000,767.1,769.4,755.3,767.4,0,0
MVP_PE,D,20180129,000000,775.3,776.5,755.3,774.4,0,0
MVP_PE,D,20180130,000000,776.5,811.8,776.5,807.2,0,0
MVP_PE,D,20180131,000000,814.1,817.6,804.7,816.5,0,0
MVP_PE,D,20180201,000000,818.8,835.3,818.8,821.3,0,0
MVP_PE,D,20180202,000000,811.8,811.8,808.2,809.6,0,0
MVP_PE,D,20180205,000000,800,823.5,777.6,809.6,0,0
MVP_PE,D,20180206,000000,777.6,797.6,777.6,792,0,0
MVP_PE,D,20180207,000000,782.4,805.9,782.4,803.7,0,0
MVP_PE,D,20180208,000000,811.8,811.8,788.2,809.6,0,0
MVP_PE,D,20180209,000000,776.5,809.6,764.7,772,0,0
MVP_PE,D,20180212,000000,800,800,797.9,797.9,0,0
MVP_PE,D,20180213,000000,807.1,807.1,797.9,797.9,0,0
MVP_PE,D,20180214,000000,807.1,807.1,794.1,797.9,0,0
MVP_PE,D,20180215,000000,807.1,807.1,797.9,797.9,0,0
MVP_PE,D,20180216,000000,804.7,804.7,795.3,799,0,0
MVP_PE,D,20180219,000000,800,807.1,797.9,797.9,0,0
MVP_PE,D,20180220,000000,807.1,807.1,797.9,797.9,0,0
MVP_PE,D,20180221,000000,798.8,798.8,782.4,795.5,0,0
MVP_PE,D,20180222,000000,791.8,805.9,782.4,803.7,0,0
MVP_PE,D,20180223,000000,807.1,807.1,797.9,797.9,0,0
MVP_PE,D,20180226,000000,788.2,792.9,770.6,790.8,0,0
MVP_PE,D,20180227,000000,788.2,790.8,768.5,768.5,0,0
MVP_PE,D,20180228,000000,770.6,794.1,768.5,783.8,0,0
MVP_PE,D,20180301,000000,771.8,780,762.7,762.7,0,0
MVP_PE,D,20180302,000000,764.7,764.7,694.1,727.5,0,0
MVP_PE,D,20180305,000000,696.5,741.2,696.5,715.7,0,0
MVP_PE,D,20180306,000000,717.6,740,708.2,733.3,0,0
MVP_PE,D,20180307,000000,740,740,733.3,738,0,0
MVP_PE,D,20180308,000000,740,740,733.3,733.3,0,0
MVP_PE,D,20180309,000000,741.2,741.2,717.6,739.2,0,0
MVP_PE,D,20180312,000000,723.5,723.5,721.2,721.6,0,0
MVP_PE,D,20180313,000000,724.7,729.4,700,700.5,0,0
MVP_PE,D,20180314,000000,729.4,729.4,721.6,721.6,0,0
MVP_PE,D,20180315,000000,741.2,741.2,709.9,709.9,0,0
MVP_PE,D,20180316,000000,712.9,724.7,708.2,722.8,0,0
MVP_PE,D,20180319,000000,708.2,735.3,708.2,733.3,0,0
MVP_PE,D,20180320,000000,710.6,741.2,705.9,739.2,0,0
MVP_PE,D,20180321,000000,705.9,729.4,705.9,727.5,0,0
MVP_PE,D,20180323,000000,707.1,727.5,689.9,689.9,0,0
MVP_PE,D,20180326,000000,691.8,723.5,691.8,709.9,0,0
MVP_PE,D,20180327,000000,727.1,727.1,698.1,698.1,0,0
MVP_PE,D,20180328,000000,727.1,727.1,674.7,674.7,0,0
MVP_PE,D,20180329,000000,694.1,694.1,673.5,673.5,0,0
MVP_PE,D,20180403,000000,675.3,692.9,668.8,668.8,0,0
MVP_PE,D,20180404,000000,647.1,676.5,6.3,6.3,0,0
MVP_PE,D,20180405,000000,6.3,6.3,6,6.3,0,0
MVP_PE,D,20180406,000000,6.1,6.2,6.1,6.1,0,0
MVP_PE,D,20180409,000000,6.1,6.2,6.1,6.2,0,0
MVP_PE,D,20180410,000000,6.2,6.3,6.2,6.3,0,0
MVP_PE,D,20180411,000000,6.3,6.3,6.2,6.2,0,0
MVP_PE,D,20180412,000000,6.2,6.2,6.2,6.2,0,0
MVP_PE,D,20180413,000000,6.1,6.2,6,6.2,0,0
MVP_PE,D,20180416,000000,6.1,6.2,6,6.1,0,0
MVP_PE,D,20180417,000000,6.1,6.3,6.1,6.3,0,0
MVP_PE,D,20180418,000000,6.3,6.3,6.2,6.2,0,0
MVP_PE,D,20180419,000000,6.2,6.2,6.2,6.2,0,0
MVP_PE,D,20180420,000000,6.2,6.2,6,6.1,0,0
MVP_PE,D,20180423,000000,6,6.2,6,6.2,0,0
MVP_PE,D,20180424,000000,6.2,6.3,6.2,6.2,0,0
MVP_PE,D,20180425,000000,6.2,6.3,6.1,6.3,0,0
MVP_PE,D,20180426,000000,6.3,6.3,6.2,6.2,0,0
MVP_PE,D,20180427,000000,6.2,6.3,6.1,6.3,0,0
MVP_PE,D,20180430,000000,6.2,6.4,6.1,6.4,0,0
MVP_PE,D,20180502,000000,6.4,6.4,6.1,6.3,0,0
MVP_PE,D,20180504,000000,6.3,6.4,6.1,6.4,0,0
MVP_PE,D,20180507,000000,6.2,6.4,6.2,6.3,0,0
MVP_PE,D,20180509,000000,6.2,6.2,6.2,6.2,0,0
MVP_PE,D,20180510,000000,6.1,6.3,6.1,6.3,0,0
MVP_PE,D,20180511,000000,6.3,6.3,6.1,6.2,0,0
MVP_PE,D,20180514,000000,6.2,6.2,6.1,6.1,0,0
MVP_PE,D,20180515,000000,6.1,6.3,6,6.1,0,0
MVP_PE,D,20180516,000000,6,6.2,6,6.2,0,0
MVP_PE,D,20180517,000000,6.1,6.1,6,6.1,0,0
MVP_PE,D,20180518,000000,5.9,6.3,5.6,6.3,0,0
MVP_PE,D,20180521,000000,5.9,6.1,5.9,6.1,0,0
MVP_PE,D,20180522,000000,5.9,6.2,5.9,6.2,0,0
MVP_PE,D,20180523,000000,6.2,6.2,6.1,6.1,0,0
MVP_PE,D,20180524,000000,6.2,6.2,5.9,5.9,0,0
MVP_PE,D,20180525,000000,6,6.3,5.8,6.3,0,0
MVP_PE,D,20180528,000000,5.8,6.3,5.7,5.7,0,0
MVP_PE,D,20180529,000000,6,6,6,6,0,0
MVP_PE,D,20180530,000000,5.5,5.9,5.5,5.9,0,0
MVP_PE,D,20180601,000000,5.8,5.8,5.8,5.8,0,0
MVP_PE,D,20180604,000000,5.9,5.9,5.8,5.9,0,0
MVP_PE,D,20180605,000000,5.6,5.6,5.5,5.5,0,0
MVP_PE,D,20180606,000000,5.8,5.8,5.5,5.5,0,0
MVP_PE,D,20180607,000000,5.5,5.7,5.5,5.7,0,0
MVP_PE,D,20180608,000000,5.7,5.7,5.5,5.6,0,0
MVP_PE,D,20180611,000000,5.6,5.6,5.2,5.3,0,0
MVP_PE,D,20180612,000000,5.5,5.7,5.5,5.5,0,0
MVP_PE,D,20180613,000000,5.4,5.4,5.4,5.4,0,0
MVP_PE,D,20180614,000000,5.3,5.3,5.2,5.2,0,0
MVP_PE,D,20180615,000000,5,5.1,5,5.1,0,0
MVP_PE,D,20180618,000000,5,5,5,5,0,0
MVP_PE,D,20180619,000000,4.9,5,4.9,5,0,0
MVP_PE,D,20180620,000000,4.9,5,4.7,5,0,0
MVP_PE,D,20180621,000000,5,5,5,5,0,0
MVP_PE,D,20180622,000000,5,5,5,5,0,0
MVP_PE,D,20180625,000000,4.7,5,4.7,5,0,0
MVP_PE,D,20180626,000000,4.7,5,4.7,5,0,0
MVP_PE,D,20180627,000000,4.8,5,4.5,4.7,0,0
MVP_PE,D,20180628,000000,4.8,4.8,4.7,4.7,0,0
MVP_PE,D,20180629,000000,5,5,5,5,0,0
MVP_PE,D,20180702,000000,4.7,4.8,4.6,4.8,0,0
MVP_PE,D,20180703,000000,4.9,5,4.6,4.9,0,0
MVP_PE,D,20180704,000000,5,5,4.9,5,0,0
MVP_PE,D,20180705,000000,5,5,5,5,0,0
MVP_PE,D,20180706,000000,4.9,4.9,4.7,4.7,0,0
MVP_PE,D,20180709,000000,4.9,4.9,4.7,4.9,0,0
MVP_PE,D,20180710,000000,4.7,4.9,4.7,4.8,0,0
MVP_PE,D,20180711,000000,4.8,4.8,4.7,4.7,0,0
MVP_PE,D,20180712,000000,4.7,4.7,4.5,4.6,0,0
MVP_PE,D,20180713,000000,4.5,4.6,4.4,4.5,0,0
MVP_PE,D,20180716,000000,4.7,4.7,4.5,4.5,0,0
MVP_PE,D,20180717,000000,4.3,4.6,4.3,4.4,0,0
MVP_PE,D,20180718,000000,4.4,4.4,4.4,4.4,0,0
MVP_PE,D,20180719,000000,4.6,4.6,4.6,4.6,0,0
MVP_PE,D,20180720,000000,4.5,4.5,4.4,4.4,0,0
MVP_PE,D,20180723,000000,4.4,4.4,4.4,4.4,0,0
MVP_PE,D,20180724,000000,4.7,4.7,4.7,4.7,0,0
MVP_PE,D,20180725,000000,4.5,4.7,4.5,4.7,0,0
MVP_PE,D,20180726,000000,4.7,4.8,4.7,4.7,0,0
MVP_PE,D,20180727,000000,4.6,4.7,4.6,4.7,0,0
MVP_PE,D,20180730,000000,4.8,4.8,4.7,4.7,0,0
MVP_PE,D,20180731,000000,4.7,4.7,4.5,4.5,0,0
MVP_PE,D,20180801,000000,4.5,4.6,4.5,4.6,0,0
MVP_PE,D,20180802,000000,4.4,4.6,4.4,4.6,0,0
MVP_PE,D,20180806,000000,4.6,4.6,4.2,4.2,0,0
MVP_PE,D,20180807,000000,4.2,4.4,4.2,4.2,0,0
MVP_PE,D,20180808,000000,4.2,4.2,4.2,4.2,0,0
MVP_PE,D,20180809,000000,4.2,4.2,4.1,4.2,0,0
MVP_PE,D,20180810,000000,4.2,4.2,4,4.1,0,0
MVP_PE,D,20180813,000000,4.1,4.1,4.1,4.1,0,0
MVP_PE,D,20180814,000000,4,4,3.9,3.9,0,0
MVP_PE,D,20180816,000000,3.9,3.9,3.9,3.9,0,0
MVP_PE,D,20180817,000000,3.8,3.8,3.8,3.8,0,0
MVP_PE,D,20180820,000000,3.9,3.9,3.8,3.9,0,0
MVP_PE,D,20180821,000000,4.2,4.2,4.2,4.2,0,0
MVP_PE,D,20180822,000000,4.2,4.2,4.2,4.2,0,0
MVP_PE,D,20180823,000000,4.1,4.1,4.1,4.1,0,0
MVP_PE,D,20180824,000000,4,4.2,4,4.2,0,0
MVP_PE,D,20180827,000000,4.2,4.3,3.4,3.4,0,0
MVP_PE,D,20180828,000000,3.5,3.5,3.4,3.4,0,0
MVP_PE,D,20180829,000000,3.5,3.5,3.4,3.4,0,0
MVP_PE,D,20180830,000000,3.4,3.4,3.3,3.4,0,0
MVP_PE,D,20180831,000000,3.3,3.4,3.3,3.4,0,0
MVP_PE,D,20180903,000000,3.3,3.4,3.1,3.4,0,0
MVP_PE,D,20180904,000000,3.2,3.3,3.2,3.3,0,0
MVP_PE,D,20180905,000000,3.2,3.3,3.2,3.2,0,0
MVP_PE,D,20180906,000000,3.2,3.2,3,3,0,0
MVP_PE,D,20180907,000000,3,3,2.9,3,0,0
MVP_PE,D,20180910,000000,2.9,2.9,2.9,2.9,0,0
MVP_PE,D,20180911,000000,2.9,2.9,2.6,2.9,0,0
MVP_PE,D,20180912,000000,2.9,2.9,2.7,2.7,0,0
MVP_PE,D,20180913,000000,2.8,2.8,2.7,2.7,0,0
MVP_PE,D,20180914,000000,2.6,2.7,2.6,2.7,0,0
MVP_PE,D,20180917,000000,2.7,2.8,2.7,2.7,0,0
MVP_PE,D,20180918,000000,2.7,2.8,2.6,2.7,0,0
MVP_PE,D,20180919,000000,2.7,2.9,2.7,2.9,0,0
MVP_PE,D,20180920,000000,2.9,3.1,2.9,3,0,0
MVP_PE,D,20180921,000000,3,3.2,3,3.1,0,0
MVP_PE,D,20180924,000000,3.1,3.4,3.1,3.4,0,0
MVP_PE,D,20180925,000000,3.4,3.4,3.3,3.3,0,0
MVP_PE,D,20180926,000000,3.2,3.3,3.2,3.3,0,0
MVP_PE,D,20180927,000000,3,3.3,3,3.3,0,0
MVP_PE,D,20180928,000000,3.3,3.3,2.9,2.9,0,0
MVP_PE,D,20181001,000000,3.2,3.3,3.2,3.3,0,0
MVP_PE,D,20181002,000000,3.3,3.3,3.2,3.3,0,0
MVP_PE,D,20181004,000000,3.3,3.4,3.2,3.4,0,0
MVP_PE,D,20181005,000000,3.2,3.4,3.2,3.4,0,0
MVP_PE,D,20181008,000000,3.4,3.4,3.4,3.4,0,0
MVP_PE,D,20181009,000000,3.4,3.4,3.3,3.3,0,0
MVP_PE,D,20181010,000000,3.3,3.3,3.3,3.3,0,0
MVP_PE,D,20181011,000000,3.2,3.3,3.2,3.2,0,0
MVP_PE,D,20181012,000000,3.3,3.3,3.2,3.3,0,0
MVP_PE,D,20181015,000000,3.1,3.3,3.1,3.2,0,0
MVP_PE,D,20181016,000000,3.2,3.3,3,3.1,0,0
MVP_PE,D,20181017,000000,3.4,3.4,3.3,3.3,0,0
MVP_PE,D,20181018,000000,3.3,3.3,3.3,3.3,0,0
MVP_PE,D,20181019,000000,3.3,3.3,3.3,3.3,0,0
MVP_PE,D,20181022,000000,3.3,3.3,3.2,3.3,0,0
MVP_PE,D,20181023,000000,3.3,3.3,3.3,3.3,0,0
MVP_PE,D,20181024,000000,3.3,3.3,3.3,3.3,0,0
MVP_PE,D,20181025,000000,3.1,3.2,3,3.2,0,0
MVP_PE,D,20181026,000000,3.2,3.2,3.2,3.2,0,0
MVP_PE,D,20181029,000000,3.2,3.2,3.2,3.2,0,0
MVP_PE,D,20181030,000000,3.2,3.2,3.1,3.1,0,0
MVP_PE,D,20181031,000000,3.1,3.1,2.9,3.1,0,0
MVP_PE,D,20181102,000000,3.1,3.1,3,3.1,0,0
MVP_PE,D,20181105,000000,3.1,3.2,3,3.2,0,0
MVP_PE,D,20181106,000000,3.2,3.2,3.2,3.2,0,0
MVP_PE,D,20181107,000000,2.9,3.2,2.9,3.2,0,0
MVP_PE,D,20181109,000000,3,3.1,3,3.1,0,0
MVP_PE,D,20181113,000000,3,3.1,3,3.1,0,0
MVP_PE,D,20181114,000000,3,3.1,3,3.1,0,0
MVP_PE,D,20181115,000000,2.9,3.1,2.9,3.1,0,0
MVP_PE,D,20181116,000000,3,3.1,3,3.1,0,0
MVP_PE,D,20181119,000000,3.1,3.1,2.9,3,0,0
MVP_PE,D,20181120,000000,3.2,3.2,3.1,3.1,0,0
MVP_PE,D,20181121,000000,3,3.2,3,3.2,0,0
MVP_PE,D,20181122,000000,3.2,3.2,3.2,3.2,0,0
MVP_PE,D,20181123,000000,3.2,3.2,2.5,2.5,0,0
MVP_PE,D,20181126,000000,2.6,2.6,2.5,2.5,0,0
MVP_PE,D,20181127,000000,2.5,2.5,2.5,2.5,0,0
MVP_PE,D,20181128,000000,2.5,2.6,2.5,2.5,0,0
MVP_PE,D,20181129,000000,2.5,2.5,2.4,2.5,0,0
MVP_PE,D,20181130,000000,2.5,2.5,2.5,2.5,0,0
MVP_PE,D,20181203,000000,2.5,2.5,2.5,2.5,0,0
MVP_PE,D,20181204,000000,2.4,2.4,2.2,2.2,0,0
MVP_PE,D,20181205,000000,2.2,2.2,2.1,2.2,0,0
MVP_PE,D,20181206,000000,2.2,2.2,2.1,2.2,0,0
MVP_PE,D,20181207,000000,2.2,2.2,2.2,2.2,0,0
MVP_PE,D,20181210,000000,2.2,2.3,2.2,2.3,0,0
MVP_PE,D,20181211,000000,2.2,2.2,2.2,2.2,0,0
MVP_PE,D,20181212,000000,2.2,2.2,2.2,2.2,0,0
MVP_PE,D,20181213,000000,2.3,2.4,2.2,2.3,0,0
MVP_PE,D,20181214,000000,2.3,2.3,2.2,2.3,0,0
MVP_PE,D,20181217,000000,2.3,2.3,2.3,2.3,0,0
MVP_PE,D,20181218,000000,2.3,2.3,2.2,2.2,0,0
MVP_PE,D,20181219,000000,2.2,2.3,2.2,2.3,0,0
MVP_PE,D,20181220,000000,2.3,2.3,2.3,2.3,0,0
MVP_PE,D,20181221,000000,2.3,2.3,2.2,2.2,0,0
MVP_PE,D,20181227,000000,2.3,2.3,2.2,2.3,0,0
MVP_PE,D,20181228,000000,2.3,2.3,2.2,2.2,0,0
MVP_PE,D,20190102,000000,2.2,2.2,2.2,2.2,0,0
MVP_PE,D,20190103,000000,2.2,2.2,2.2,2.2,0,0
MVP_PE,D,20190104,000000,2.2,2.2,2.2,2.2,0,0
MVP_PE,D,20190107,000000,2.2,2.2,2.2,2.2,0,0
MVP_PE,D,20190108,000000,2.2,2.2,2.2,2.2,0,0
MVP_PE,D,20190109,000000,2.2,2.2,2.2,2.2,0,0
MVP_PE,D,20190110,000000,2.2,2.2,2.1,2.1,0,0
MVP_PE,D,20190111,000000,2.1,2.1,2.1,2.1,0,0
MVP_PE,D,20190114,000000,2.1,2.1,2.1,2.1,0,0
MVP_PE,D,20190115,000000,2.1,2.1,2.1,2.1,0,0
MVP_PE,D,20190116,000000,2.1,2.2,2.1,2.2,0,0
MVP_PE,D,20190117,000000,2.2,2.4,2.2,2.3,0,0
MVP_PE,D,20190118,000000,2.3,2.3,2.2,2.3,0,0
MVP_PE,D,20190121,000000,2.3,2.3,2.3,2.3,0,0
MVP_PE,D,20190122,000000,2.3,2.5,2.3,2.5,0,0
MVP_PE,D,20190123,000000,2.5,2.6,2.5,2.5,0,0
MVP_PE,D,20190124,000000,2.4,2.5,2.4,2.4,0,0
MVP_PE,D,20190125,000000,2.4,2.5,2.4,2.5,0,0
MVP_PE,D,20190128,000000,2.5,2.5,2.5,2.5,0,0
MVP_PE,D,20190129,000000,2.4,2.5,2.4,2.5,0,0
MVP_PE,D,20190130,000000,2.5,2.5,2.4,2.5,0,0
MVP_PE,D,20190131,000000,2.5,2.5,2.5,2.5,0,0
MVP_PE,D,20190201,000000,2.5,2.5,2.5,2.5,0,0
MVP_PE,D,20190204,000000,2.5,2.5,2.5,2.5,0,0
MVP_PE,D,20190205,000000,2.5,2.6,2.5,2.5,0,0
MVP_PE,D,20190206,000000,2.5,2.7,2.5,2.7,0,0
MVP_PE,D,20190207,000000,2.7,2.8,2.7,2.8,0,0
MVP_PE,D,20190208,000000,2.8,2.9,2.8,2.9,0,0
MVP_PE,D,20190211,000000,2.9,3.1,2.9,3.1,0,0
MVP_PE,D,20190212,000000,3.1,3.2,3,3.1,0,0
MVP_PE,D,20190213,000000,3.1,3.1,3,3,0,0
MVP_PE,D,20190214,000000,3,3,3,3,0,0
MVP_PE,D,20190215,000000,3,3.1,3,3.1,0,0
MVP_PE,D,20190218,000000,3.1,3.1,3,3,0,0
MVP_PE,D,20190219,000000,3,3.1,3,3.1,0,0
MVP_PE,D,20190220,000000,3.1,3.1,2.9,3,0,0
MVP_PE,D,20190221,000000,3,3,2.9,3,0,0
MVP_PE,D,20190222,000000,3,3,2.9,3,0,0
MVP_PE,D,20190225,000000,3,3,2.9,2.9,0,0
MVP_PE,D,20190226,000000,2.9,3,2.8,2.9,0,0
MVP_PE,D,20190227,000000,2.9,3,2.8,3,0,0
MVP_PE,D,20190228,000000,3,3,3,3,0,0
MVP_PE,D,20190301,000000,3,3,3,3,0,0
MVP_PE,D,20190304,000000,3,3,2.9,2.9,0,0
MVP_PE,D,20190305,000000,3,3,2.8,2.9,0,0
MVP_PE,D,20190306,000000,2.9,2.9,2.8,2.9,0,0
MVP_PE,D,20190307,000000,2.9,2.9,2.8,2.9,0,0
MVP_PE,D,20190308,000000,2.9,2.9,2.8,2.8,0,0
MVP_PE,D,20190311,000000,2.8,2.8,2.7,2.8,0,0
MVP_PE,D,20190312,000000,2.8,3,2.8,3,0,0
MVP_PE,D,20190313,000000,3,3,2.9,2.9,0,0
MVP_PE,D,20190314,000000,2.9,2.9,2.8,2.9,0,0
MVP_PE,D,20190315,000000,2.9,2.9,2.8,2.9,0,0
MVP_PE,D,20190318,000000,2.9,3,2.9,2.9,0,0
MVP_PE,D,20190319,000000,2.9,3,2.8,3,0,0
MVP_PE,D,20190320,000000,3,3,2.9,3,0,0
MVP_PE,D,20190321,000000,2.9,3,2.9,3,0,0
MVP_PE,D,20190322,000000,2.9,3,2.8,2.8,0,0
MVP_PE,D,20190325,000000,2.8,2.8,2.7,2.8,0,0
MVP_PE,D,20190326,000000,2.7,2.8,2.7,2.7,0,0
MVP_PE,D,20190327,000000,2.7,2.7,2.6,2.6,0,0
MVP_PE,D,20190328,000000,2.6,2.8,2.6,2.8,0,0
MVP_PE,D,20190329,000000,2.9,3.5,2.7,3.5,0,0
MVP_PE,D,20190401,000000,3.6,3.6,3.4,3.5,0,0
MVP_PE,D,20190402,000000,3.5,3.6,3.4,3.5,0,0
MVP_PE,D,20190403,000000,3.7,3.8,3.7,3.8,0,0
MVP_PE,D,20190404,000000,3.9,3.9,3.7,3.8,0,0
MVP_PE,D,20190405,000000,3.8,3.8,3.7,3.7,0,0
MVP_PE,D,20190408,000000,3.7,3.8,3.7,3.7,0,0
MVP_PE,D,20190409,000000,3.8,3.9,3.8,3.9,0,0
MVP_PE,D,20190410,000000,3.9,4,3.9,3.9,0,0
MVP_PE,D,20190411,000000,3.9,4,3.8,3.9,0,0
MVP_PE,D,20190412,000000,3.9,3.9,3.8,3.9,0,0
MVP_PE,D,20190415,000000,3.9,4,3.7,3.9,0,0
MVP_PE,D,20190416,000000,3.9,3.9,3.8,3.8,0,0
MVP_PE,D,20190417,000000,3.8,3.8,3.7,3.8,0,0
MVP_PE,D,20190418,000000,3.8,3.8,3.6,3.7,0,0
MVP_PE,D,20190423,000000,3.7,3.7,3.7,3.7,0,0
MVP_PE,D,20190424,000000,3.7,3.7,3.6,3.7,0,0
MVP_PE,D,20190425,000000,3.7,3.7,3.7,3.7,0,0
MVP_PE,D,20190426,000000,3.7,3.8,3.7,3.7,0,0
MVP_PE,D,20190429,000000,3.7,3.8,3.7,3.8,0,0
MVP_PE,D,20190430,000000,3.8,3.8,3.7,3.8,0,0
MVP_PE,D,20190502,000000,3.9,3.9,3.8,3.8,0,0
MVP_PE,D,20190506,000000,3.9,3.9,3.7,3.8,0,0
MVP_PE,D,20190507,000000,3.8,3.8,3.8,3.8,0,0
MVP_PE,D,20190508,000000,3.8,3.8,3.7,3.7,0,0
MVP_PE,D,20190509,000000,3.7,3.8,3.6,3.8,0,0
MVP_PE,D,20190510,000000,3.8,3.8,3.7,3.8,0,0
MVP_PE,D,20190513,000000,3.7,3.8,3.7,3.7,0,0
MVP_PE,D,20190514,000000,3.7,3.8,3.6,3.6,0,0
MVP_PE,D,20190515,000000,3.6,3.6,3.4,3.5,0,0
MVP_PE,D,20190516,000000,3.4,3.5,3.2,3.3,0,0
MVP_PE,D,20190517,000000,3.3,3.3,3.2,3.3,0,0
MVP_PE,D,20190520,000000,3.3,3.4,3.3,3.3,0,0
MVP_PE,D,20190521,000000,3.3,3.3,3.2,3.3,0,0
MVP_PE,D,20190522,000000,3.2,3.4,3.2,3.3,0,0
MVP_PE,D,20190523,000000,3.3,3.3,3.2,3.3,0,0
MVP_PE,D,20190524,000000,3.3,3.4,3.3,3.3,0,0
MVP_PE,D,20190527,000000,3.3,3.3,3.2,3.3,0,0
MVP_PE,D,20190528,000000,3.2,3.3,3.1,3.2,0,0
MVP_PE,D,20190529,000000,3.1,3.2,3.1,3.1,0,0
MVP_PE,D,20190530,000000,3.2,3.3,3.1,3.1,0,0
MVP_PE,D,20190531,000000,3,3,2.9,3,0,0
MVP_PE,D,20190603,000000,3,3.2,3,3.2,0,0
MVP_PE,D,20190604,000000,3.2,3.2,3.1,3.2,0,0
MVP_PE,D,20190605,000000,3.1,3.2,3.1,3.1,0,0
MVP_PE,D,20190606,000000,3,3.1,3,3.1,0,0
MVP_PE,D,20190607,000000,3.1,3.2,3.1,3.2,0,0
MVP_PE,D,20190610,000000,3.1,3.2,3.1,3.2,0,0
MVP_PE,D,20190611,000000,3.2,3.2,3.1,3.2,0,0
MVP_PE,D,20190612,000000,3.1,3.2,3.1,3.1,0,0
MVP_PE,D,20190613,000000,3.1,3.1,3,3.1,0,0
MVP_PE,D,20190614,000000,3.1,3.1,3,3.1,0,0
MVP_PE,D,20190617,000000,3.1,3.1,3,3.1,0,0
MVP_PE,D,20190618,000000,3.1,3.1,3.1,3.1,0,0
MVP_PE,D,20190619,000000,3.1,3.1,3,3.1,0,0
MVP_PE,D,20190621,000000,3,3.1,3,3.1,0,0
MVP_PE,D,20190624,000000,3.1,3.2,3.1,3.1,0,0
MVP_PE,D,20190625,000000,3.1,3.1,3.1,3.1,0,0
MVP_PE,D,20190626,000000,3.1,3.2,3,3.2,0,0
MVP_PE,D,20190627,000000,3.2,3.2,3.2,3.2,0,0
MVP_PE,D,20190628,000000,3.2,3.2,3.2,3.2,0,0
MVP_PE,D,20190701,000000,3.2,3.2,3.2,3.2,0,0
MVP_PE,D,20190702,000000,3.2,3.2,3,3.1,0,0
MVP_PE,D,20190703,000000,3.2,3.2,3.1,3.1,0,0
MVP_PE,D,20190704,000000,3.1,3.1,3,3,0,0
MVP_PE,D,20190705,000000,3,3,2.9,2.9,0,0
MVP_PE,D,20190708,000000,2.9,3.1,2.9,3,0,0
MVP_PE,D,20190709,000000,3,3,3,3,0,0
MVP_PE,D,20190710,000000,3,3,2.8,2.9,0,0
MVP_PE,D,20190711,000000,2.9,2.9,2.9,2.9,0,0
MVP_PE,D,20190712,000000,2.9,2.9,2.8,2.9,0,0
MVP_PE,D,20190715,000000,2.9,2.9,2.9,2.9,0,0
MVP_PE,D,20190716,000000,2.9,2.9,2.8,2.9,0,0
MVP_PE,D,20190717,000000,2.9,2.9,2.9,2.9,0,0
MVP_PE,D,20190718,000000,2.9,3,2.9,2.9,0,0
MVP_PE,D,20190719,000000,2.8,3,2.8,3,0,0
MVP_PE,D,20190722,000000,3,3.2,3,3.1,0,0
MVP_PE,D,20190723,000000,3.1,3.1,3,3.1,0,0
MVP_PE,D,20190724,000000,3.1,3.1,3.1,3.1,0,0
MVP_PE,D,20190725,000000,3,3.1,3,3,0,0
MVP_PE,D,20190726,000000,3,3.1,3,3.1,0,0
MVP_PE,D,20190729,000000,3,3.1,2.9,2.9,0,0
MVP_PE,D,20190730,000000,2.9,3,2.9,2.9,0,0
MVP_PE,D,20190731,000000,2.9,3,2.8,3,0,0
MVP_PE,D,20190801,000000,3,3,2.9,2.9,0,0
MVP_PE,D,20190802,000000,2.9,3,2.9,3,0,0
MVP_PE,D,20190805,000000,3,3,3,3,0,0
MVP_PE,D,20190806,000000,2.9,3,2.9,3,0,0
MVP_PE,D,20190807,000000,3,3,2.9,2.9,0,0
MVP_PE,D,20190808,000000,2.9,3,2.9,3,0,0
MVP_PE,D,20190809,000000,3,3,2.9,2.9,0,0
MVP_PE,D,20190812,000000,2.9,3,2.9,3,0,0
MVP_PE,D,20190813,000000,3,3,3,3,0,0
MVP_PE,D,20190814,000000,2.9,3,2.9,2.9,0,0
MVP_PE,D,20190816,000000,2.9,3,2.9,2.9,0,0
MVP_PE,D,20190819,000000,2.9,3,2.9,3,0,0
MVP_PE,D,20190820,000000,3,3,3,3,0,0
MVP_PE,D,20190821,000000,3,3,2.9,3,0,0
MVP_PE,D,20190822,000000,3,3,3,3,0,0
MVP_PE,D,20190823,000000,3,3.1,3,3.1,0,0
MVP_PE,D,20190826,000000,3,3.1,3,3,0,0
MVP_PE,D,20190827,000000,3.1,3.1,3,3,0,0
MVP_PE,D,20190828,000000,3,3,3,3,0,0
MVP_PE,D,20190829,000000,3,3,3,3,0,0
MVP_PE,D,20190830,000000,3.1,3.5,2.9,3.5,0,0
MVP_PE,D,20190902,000000,3.5,3.6,3.5,3.5,0,0
MVP_PE,D,20190903,000000,3.4,3.5,3.4,3.5,0,0
MVP_PE,D,20190904,000000,3.5,3.5,3.4,3.5,0,0
MVP_PE,D,20190905,000000,3.4,3.5,3.4,3.5,0,0
MVP_PE,D,20190906,000000,3.4,3.5,3.4,3.4,0,0
MVP_PE,D,20190909,000000,3.4,3.5,3.4,3.4,0,0
MVP_PE,D,20190910,000000,3.4,3.5,3.4,3.5,0,0
MVP_PE,D,20190911,000000,3.5,3.5,3.4,3.4,0,0
MVP_PE,D,20190912,000000,3.4,3.5,3.4,3.5,0,0
MVP_PE,D,20190913,000000,3.5,3.5,3.5,3.5,0,0
MVP_PE,D,20190916,000000,3.5,3.5,3.4,3.4,0,0
MVP_PE,D,20190917,000000,3.4,3.4,3.3,3.4,0,0
MVP_PE,D,20190918,000000,3.5,3.5,3.3,3.4,0,0
MVP_PE,D,20190919,000000,3.4,3.5,3.4,3.4,0,0
MVP_PE,D,20190920,000000,3.4,3.4,3.3,3.4,0,0
MVP_PE,D,20190923,000000,3.4,3.4,3.4,3.4,0,0
MVP_PE,D,20190924,000000,3.4,3.6,3.4,3.6,0,0
MVP_PE,D,20190925,000000,3.6,3.9,3.6,3.8,0,0
MVP_PE,D,20190926,000000,3.8,3.8,3.7,3.7,0,0
MVP_PE,D,20190927,000000,3.7,3.8,3.7,3.7,0,0
MVP_PE,D,20190930,000000,3.6,3.7,3.6,3.6,0,0
MVP_PE,D,20191001,000000,3.6,3.6,3.5,3.6,0,0
MVP_PE,D,20191002,000000,3.5,3.6,3.5,3.6,0,0
MVP_PE,D,20191003,000000,3.6,3.6,3.6,3.6,0,0
MVP_PE,D,20191004,000000,3.6,3.6,3.5,3.6,0,0
MVP_PE,D,20191007,000000,3.5,3.6,3.5,3.6,0,0
MVP_PE,D,20191008,000000,3.6,3.6,3.5,3.5,0,0
MVP_PE,D,20191009,000000,3.5,3.5,3.4,3.4,0,0
MVP_PE,D,20191010,000000,3.4,3.5,3.4,3.5,0,0
MVP_PE,D,20191011,000000,3.5,3.6,3.5,3.5,0,0
MVP_PE,D,20191014,000000,3.5,3.5,3.5,3.5,0,0
MVP_PE,D,20191015,000000,3.6,3.6,3.5,3.5,0,0
MVP_PE,D,20191016,000000,3.6,3.6,3.5,3.5,0,0
MVP_PE,D,20191017,000000,3.5,3.5,3.5,3.5,0,0
MVP_PE,D,20191018,000000,3.5,3.5,3.4,3.4,0,0
MVP_PE,D,20191021,000000,3.4,3.5,3.4,3.5,0,0
MVP_PE,D,20191022,000000,3.5,3.5,3.4,3.5,0,0
MVP_PE,D,20191023,000000,3.5,3.5,3.5,3.5,0,0
MVP_PE,D,20191024,000000,3.5,3.5,3.4,3.5,0,0
MVP_PE,D,20191025,000000,3.5,3.6,3.5,3.6,0,0
MVP_PE,D,20191028,000000,3.6,3.6,3.6,3.6,0,0
MVP_PE,D,20191029,000000,3.6,3.6,3.6,3.6,0,0
MVP_PE,D,20191030,000000,3.6,3.6,3.6,3.6,0,0
MVP_PE,D,20191031,000000,3.6,3.6,3.5,3.6,0,0
MVP_PE,D,20191104,000000,3.6,3.6,3.4,3.4,0,0
MVP_PE,D,20191105,000000,3.5,3.5,3.5,3.5,0,0
MVP_PE,D,20191106,000000,3.6,3.6,3.5,3.6,0,0
MVP_PE,D,20191107,000000,3.6,3.7,3.6,3.7,0,0
MVP_PE,D,20191108,000000,3.7,3.9,3.7,3.8,0,0
MVP_PE,D,20191112,000000,3.8,3.9,3.7,3.9,0,0
MVP_PE,D,20191113,000000,3.9,4,3.9,3.9,0,0
MVP_PE,D,20191114,000000,3.9,3.9,3.9,3.9,0,0
MVP_PE,D,20191115,000000,4,4,3.9,3.9,0,0
MVP_PE,D,20191118,000000,3.9,3.9,2.9,2.9,0,0
MVP_PE,D,20191119,000000,2.9,2.9,2.8,2.8,0,0
MVP_PE,D,20191120,000000,2.8,3,2.8,3,0,0
MVP_PE,D,20191121,000000,3,3.1,3,3.1,0,0
MVP_PE,D,20191122,000000,3.1,3.2,3.1,3.1,0,0
MVP_PE,D,20191125,000000,2.9,3,2.9,2.9,0,0
MVP_PE,D,20191126,000000,3,3,2.9,3,0,0
MVP_PE,D,20191127,000000,3,3,3,3,0,0
MVP_PE,D,20191128,000000,3,3,2.9,2.9,0,0
MVP_PE,D,20191129,000000,2.9,3,2.9,2.9,0,0
MVP_PE,D,20191202,000000,2.9,3,2.9,2.9,0,0
MVP_PE,D,20191203,000000,2.9,2.9,2.9,2.9,0,0
MVP_PE,D,20191204,000000,2.9,2.9,2.9,2.9,0,0
MVP_PE,D,20191205,000000,2.9,2.9,2.9,2.9,0,0
MVP_PE,D,20191206,000000,2.9,3,2.9,3,0,0
MVP_PE,D,20191209,000000,3,3,3,3,0,0
MVP_PE,D,20191210,000000,3,3,2.9,3,0,0
MVP_PE,D,20191211,000000,3,3,2.9,2.9,0,0
MVP_PE,D,20191212,000000,2.9,3,2.9,3,0,0
MVP_PE,D,20191213,000000,3,3.1,3,3.1,0,0
MVP_PE,D,20191216,000000,3.1,3.2,3.1,3.2,0,0
MVP_PE,D,20191217,000000,3.2,3.2,3.1,3.1,0,0
MVP_PE,D,20191218,000000,3.1,3.1,3,3.1,0,0
MVP_PE,D,20191219,000000,3.1,3.2,3.1,3.1,0,0
MVP_PE,D,20191220,000000,3.1,3.1,3.1,3.1,0,0
MVP_PE,D,20191223,000000,3.1,3.2,3,3.2,0,0
MVP_PE,D,20191227,000000,3.2,3.2,3.2,3.2,0,0
MVP_PE,D,20191230,000000,3.2,3.2,3.1,3.1,0,0
MVP_PE,D,20200102,000000,3.1,3.2,3.1,3.2,0,0
MVP_PE,D,20200103,000000,3.3,3.3,3.1,3.1,0,0
MVP_PE,D,20200107,000000,3.1,3.1,3.1,3.1,0,0
MVP_PE,D,20200108,000000,3.1,3.2,3.1,3.2,0,0
MVP_PE,D,20200109,000000,3.2,3.3,3.2,3.3,0,0
MVP_PE,D,20200110,000000,3.3,3.3,3.2,3.3,0,0
MVP_PE,D,20200113,000000,3.3,3.4,3.3,3.4,0,0
MVP_PE,D,20200114,000000,3.4,3.5,3.4,3.4,0,0
MVP_PE,D,20200115,000000,3.4,3.6,3.4,3.6,0,0
MVP_PE,D,20200116,000000,3.6,3.8,3.6,3.7,0,0
MVP_PE,D,20200117,000000,3.7,3.9,3.7,3.9,0,0
MVP_PE,D,20200120,000000,3.9,3.9,3.7,3.7,0,0
MVP_PE,D,20200121,000000,3.7,3.8,3.6,3.7,0,0
MVP_PE,D,20200122,000000,3.7,3.7,3.6,3.6,0,0
MVP_PE,D,20200123,000000,3.6,3.7,3.5,3.6,0,0
MVP_PE,D,20200124,000000,3.5,3.9,3.5,3.9,0,0
MVP_PE,D,20200127,000000,3.9,4,3.9,3.9,0,0
MVP_PE,D,20200128,000000,3.9,3.9,3.9,3.9,0,0
MVP_PE,D,20200129,000000,3.9,4.1,3.9,3.9,0,0
MVP_PE,D,20200130,000000,3.9,3.9,3.7,3.7,0,0
MVP_PE,D,20200131,000000,3.7,3.9,3.7,3.9,0,0
MVP_PE,D,20200203,000000,3.9,3.9,3.7,3.7,0,0
MVP_PE,D,20200204,000000,3.8,3.9,3.6,3.9,0,0
MVP_PE,D,20200205,000000,3.9,4.1,3.9,4,0,0
MVP_PE,D,20200206,000000,4,4.1,4,4,0,0
MVP_PE,D,20200207,000000,4,4,4,4,0,0
MVP_PE,D,20200210,000000,4,4.2,4,4.2,0,0
MVP_PE,D,20200211,000000,4.2,4.3,4.1,4.1,0,0
MVP_PE,D,20200212,000000,4.2,4.2,4.2,4.2,0,0
MVP_PE,D,20200213,000000,4.2,4.2,4.2,4.2,0,0
MVP_PE,D,20200214,000000,4.2,4.2,4,4.1,0,0
MVP_PE,D,20200217,000000,4.1,4.1,4,4,0,0
MVP_PE,D,20200218,000000,4,4.1,4,4.1,0,0
MVP_PE,D,20200219,000000,4.2,4.2,4.1,4.1,0,0
MVP_PE,D,20200220,000000,4.3,4.3,4.2,4.2,0,0
MVP_PE,D,20200221,000000,4.2,4.2,4.1,4.2,0,0
MVP_PE,D,20200224,000000,4.2,4.2,3.8,3.8,0,0
MVP_PE,D,20200225,000000,3.8,3.9,3.7,3.8,0,0
MVP_PE,D,20200226,000000,3.7,3.8,3.6,3.8,0,0
MVP_PE,D,20200227,000000,3.8,3.8,3.5,3.6,0,0
MVP_PE,D,20200228,000000,3.3,3.5,3.2,3.5,0,0
MVP_PE,D,20200302,000000,3.5,3.7,3.4,3.5,0,0
MVP_PE,D,20200303,000000,3.6,3.7,3.6,3.6,0,0
MVP_PE,D,20200304,000000,3.6,3.6,3.5,3.6,0,0
MVP_PE,D,20200305,000000,3.7,3.7,3.6,3.7,0,0
MVP_PE,D,20200306,000000,3.7,3.7,3.6,3.6,0,0
MVP_PE,D,20200309,000000,3.5,3.5,3.3,3.3,0,0
MVP_PE,D,20200310,000000,3.4,3.5,3.4,3.4,0,0
MVP_PE,D,20200311,000000,3.4,3.4,3.1,3.3,0,0
MVP_PE,D,20200312,000000,3.1,3.1,2.8,2.8,0,0
MVP_PE,D,20200313,000000,2.8,3,2.8,2.8,0,0
MVP_PE,D,20200316,000000,2.8,2.8,2.5,2.7,0,0
MVP_PE,D,20200317,000000,2.7,3,2.6,2.9,0,0
MVP_PE,D,20200318,000000,2.6,2.8,2.6,2.7,0,0
MVP_PE,D,20200319,000000,2.7,2.7,2.6,2.7,0,0
MVP_PE,D,20200320,000000,2.7,2.9,2.6,2.6,0,0
MVP_PE,D,20200323,000000,2.5,2.5,2.4,2.4,0,0
MVP_PE,D,20200324,000000,2.5,2.5,2.4,2.5,0,0
MVP_PE,D,20200325,000000,2.5,2.6,2.4,2.6,0,0
MVP_PE,D,20200326,000000,2.5,2.8,2.5,2.8,0,0
MVP_PE,D,20200327,000000,2.8,2.8,2.1,2.1,0,0
MVP_PE,D,20200330,000000,2.1,2.1,1.9,2.1,0,0
MVP_PE,D,20200331,000000,2.1,2.2,2.1,2.2,0,0
MVP_PE,D,20200401,000000,2.2,2.2,2.1,2.1,0,0
MVP_PE,D,20200402,000000,2.1,2.2,2.1,2.1,0,0
MVP_PE,D,20200403,000000,2.1,2.1,1.9,2.1,0,0
MVP_PE,D,20200406,000000,2,2.1,2,2,0,0
MVP_PE,D,20200407,000000,2,2.1,2,2,0,0
MVP_PE,D,20200408,000000,2,2,1.9,2,0,0
MVP_PE,D,20200409,000000,2,2.1,2,2,0,0
MVP_PE,D,20200414,000000,2,2.2,2,2.2,0,0
MVP_PE,D,20200415,000000,2.2,2.3,2.1,2.1,0,0
MVP_PE,D,20200416,000000,2.2,2.2,2.1,2.1,0,0
MVP_PE,D,20200417,000000,2.1,2.1,2.1,2.1,0,0
MVP_PE,D,20200420,000000,2.1,2.2,2.1,2.2,0,0
MVP_PE,D,20200421,000000,2.2,2.2,2,2.1,0,0
MVP_PE,D,20200422,000000,2.1,2.2,2.1,2.1,0,0
MVP_PE,D,20200423,000000,2.1,2.2,2.1,2.1,0,0
MVP_PE,D,20200424,000000,2.1,2.1,2.1,2.1,0,0
MVP_PE,D,20200427,000000,2.1,2.2,2.1,2.2,0,0
MVP_PE,D,20200428,000000,2.2,2.3,2.2,2.2,0,0
MVP_PE,D,20200429,000000,2.2,2.2,2.2,2.2,0,0
MVP_PE,D,20200430,000000,2.2,2.2,2.2,2.2,0,0
MVP_PE,D,20200504,000000,2.2,2.2,2.1,2.2,0,0
MVP_PE,D,20200505,000000,2.3,2.3,2.2,2.2,0,0
MVP_PE,D,20200506,000000,2.2,2.2,2.1,2.2,0,0
MVP_PE,D,20200507,000000,2.2,2.2,2.2,2.2,0,0
MVP_PE,D,20200508,000000,2.2,2.3,2.2,2.2,0,0
MVP_PE,D,20200511,000000,2.2,2.2,2.2,2.2,0,0
MVP_PE,D,20200512,000000,2.2,2.3,2.2,2.3,0,0
MVP_PE,D,20200513,000000,2.3,2.3,2.2,2.3,0,0
MVP_PE,D,20200514,000000,2.3,2.3,2.2,2.2,0,0
MVP_PE,D,20200515,000000,2.2,2.2,2.2,2.2,0,0
MVP_PE,D,20200518,000000,2.2,2.3,2.2,2.2,0,0
MVP_PE,D,20200519,000000,2.2,2.3,2.2,2.3,0,0
MVP_PE,D,20200520,000000,2.3,2.4,2.3,2.3,0,0
MVP_PE,D,20200521,000000,2.3,2.4,2.3,2.4,0,0
MVP_PE,D,20200522,000000,2.4,2.4,2.4,2.4,0,0
MVP_PE,D,20200525,000000,2.4,2.5,2.4,2.5,0,0
MVP_PE,D,20200526,000000,2.5,2.6,2.5,2.5,0,0
MVP_PE,D,20200527,000000,2.5,2.5,2.5,2.5,0,0
MVP_PE,D,20200528,000000,2.5,2.5,2.5,2.5,0,0
MVP_PE,D,20200529,000000,2.5,2.5,2.2,2.2,0,0
MVP_PE,D,20200601,000000,2.3,2.4,2.3,2.4,0,0
MVP_PE,D,20200602,000000,2.4,2.6,2.4,2.6,0,0
MVP_PE,D,20200603,000000,2.6,2.7,2.6,2.6,0,0
MVP_PE,D,20200604,000000,2.5,2.5,2.5,2.5,0,0
MVP_PE,D,20200605,000000,2.4,2.5,2.4,2.5,0,0
MVP_PE,D,20200608,000000,2.6,2.6,2.4,2.4,0,0
MVP_PE,D,20200609,000000,2.4,2.5,2.3,2.5,0,0
MVP_PE,D,20200610,000000,2.4,2.5,2.4,2.4,0,0
MVP_PE,D,20200612,000000,2.3,2.4,2.3,2.4,0,0
MVP_PE,D,20200615,000000,2.4,2.4,2.3,2.3,0,0
MVP_PE,D,20200616,000000,2.3,2.4,2.3,2.3,0,0
MVP_PE,D,20200617,000000,2.3,2.3,2.3,2.3,0,0
MVP_PE,D,20200618,000000,2.3,2.3,2.2,2.3,0,0
MVP_PE,D,20200619,000000,2.3,2.3,2.3,2.3,0,0
MVP_PE,D,20200622,000000,2.3,2.3,2.2,2.2,0,0
MVP_PE,D,20200623,000000,2.2,2.2,2.2,2.2,0,0
MVP_PE,D,20200624,000000,2.2,2.3,2.2,2.3,0,0
MVP_PE,D,20200625,000000,2.3,2.3,2.3,2.3,0,0
MVP_PE,D,20200626,000000,2.3,2.3,2.3,2.3,0,0
MVP_PE,D,20200629,000000,2.3,2.3,2.2,2.2,0,0
MVP_PE,D,20200630,000000,2.2,2.3,2.2,2.3,0,0
MVP_PE,D,20200701,000000,2.3,2.4,2.2,2.2,0,0
MVP_PE,D,20200702,000000,2.2,2.3,2.2,2.3,0,0
MVP_PE,D,20200703,000000,2.3,2.3,2.3,2.3,0,0
MVP_PE,D,20200706,000000,2.3,2.4,2.3,2.3,0,0
MVP_PE,D,20200707,000000,2.3,2.3,2.3,2.3,0,0
MVP_PE,D,20200708,000000,2.3,2.3,2.3,2.3,0,0
MVP_PE,D,20200709,000000,2.3,2.3,2.3,2.3,0,0
MVP_PE,D,20200710,000000,2.3,2.3,2.3,2.3,0,0
MVP_PE,D,20200713,000000,2.3,2.3,2.3,2.3,0,0
MVP_PE,D,20200714,000000,2.3,2.3,2.3,2.3,0,0
MVP_PE,D,20200715,000000,2.3,2.3,2.3,2.3,0,0
MVP_PE,D,20200716,000000,2.3,2.3,2.2,2.2,0,0
MVP_PE,D,20200717,000000,2.2,2.3,2.2,2.3,0,0
MVP_PE,D,20200720,000000,2.3,2.4,2.3,2.3,0,0
MVP_PE,D,20200721,000000,2.3,2.4,2.3,2.4,0,0
MVP_PE,D,20200722,000000,2.4,2.4,2.4,2.4,0,0
MVP_PE,D,20200723,000000,2.4,2.4,2.3,2.4,0,0
MVP_PE,D,20200724,000000,2.4,2.4,2.3,2.3,0,0
MVP_PE,D,20200727,000000,2.3,2.4,2.3,2.4,0,0
MVP_PE,D,20200728,000000,2.4,2.4,2.3,2.3,0,0
MVP_PE,D,20200729,000000,2.4,2.4,2.3,2.4,0,0
MVP_PE,D,20200730,000000,2.4,2.4,2.3,2.3,0,0
MVP_PE,D,20200731,000000,2.3,2.4,2.3,2.4,0,0
MVP_PE,D,20200803,000000,2.4,2.5,2.4,2.4,0,0
MVP_PE,D,20200804,000000,2.4,2.6,2.4,2.5,0,0
MVP_PE,D,20200805,000000,2.5,2.6,2.5,2.6,0,0
MVP_PE,D,20200806,000000,2.6,2.7,2.5,2.5,0,0
MVP_PE,D,20200807,000000,2.5,2.6,2.5,2.6,0,0
MVP_PE,D,20200810,000000,2.6,2.7,2.6,2.7,0,0
MVP_PE,D,20200811,000000,2.7,2.7,2.7,2.7,0,0
MVP_PE,D,20200812,000000,2.7,2.7,2.6,2.7,0,0
MVP_PE,D,20200813,000000,2.6,2.7,2.6,2.6,0,0
MVP_PE,D,20200814,000000,2.6,2.6,2.5,2.5,0,0
MVP_PE,D,20200817,000000,2.5,2.6,2.5,2.6,0,0
MVP_PE,D,20200818,000000,2.6,2.7,2.5,2.7,0,0
MVP_PE,D,20200819,000000,2.7,2.8,2.7,2.7,0,0
MVP_PE,D,20200820,000000,2.7,2.8,2.7,2.7,0,0
MVP_PE,D,20200821,000000,2.7,2.8,2.7,2.8,0,0
