<TICKER>,<PER>,<DATE>,<TIME>,<OPEN>,<HIGH>,<LOW>,<CLOSE>,<VOL>,<OPENINT>
MXC_PE,D,20170630,000000,6.775,6.775,6.775,6.775,0,0
MXC_PE,D,20170703,000000,6.851,6.851,6.5465,6.775,0,0
MXC_PE,D,20170704,000000,6.775,7.0032,6.775,6.9272,0,0
MXC_PE,D,20170705,000000,6.9272,6.9272,6.9272,6.9272,0,0
MXC_PE,D,20170706,000000,6.9272,6.9272,6.9272,6.9272,0,0
MXC_PE,D,20170707,000000,6.9272,6.9272,6.9272,6.9272,0,0
MXC_PE,D,20170710,000000,6.775,6.775,6.775,6.775,0,0
MXC_PE,D,20170711,000000,6.775,6.775,6.775,6.775,0,0
MXC_PE,D,20170712,000000,6.775,6.775,6.775,6.775,0,0
MXC_PE,D,20170713,000000,6.775,6.775,6.775,6.775,0,0
MXC_PE,D,20170714,000000,6.775,6.851,6.6227,6.851,0,0
MXC_PE,D,20170717,000000,6.775,6.851,6.775,6.851,0,0
MXC_PE,D,20170718,000000,6.9272,7.46,6.9272,7.1555,0,0
MXC_PE,D,20170719,000000,7.1555,7.2317,7.1555,7.1555,0,0
MXC_PE,D,20170720,000000,7.1555,7.2317,7.1555,7.1555,0,0
MXC_PE,D,20170721,000000,7.2317,7.2317,7.0032,7.1555,0,0
MXC_PE,D,20170724,000000,7.2317,9.1349,6.9272,9.1349,0,0
MXC_PE,D,20170725,000000,9.287,9.3631,9.287,9.3631,0,0
MXC_PE,D,20170726,000000,9.3631,9.3631,9.287,9.3631,0,0
MXC_PE,D,20170727,000000,9.3631,9.3631,8.9067,8.9828,0,0
MXC_PE,D,20170728,000000,9.211,9.211,8.9828,9.211,0,0
MXC_PE,D,20170731,000000,9.211,9.211,9.211,9.211,0,0
MXC_PE,D,20170801,000000,9.211,9.287,9.211,9.287,0,0
MXC_PE,D,20170802,000000,9.287,9.287,9.0588,9.287,0,0
MXC_PE,D,20170803,000000,9.287,9.287,9.1349,9.1349,0,0
MXC_PE,D,20170804,000000,9.1349,9.1349,9.0588,9.1349,0,0
MXC_PE,D,20170807,000000,9.1349,9.287,9.0588,9.287,0,0
MXC_PE,D,20170808,000000,9.1349,9.287,9.1349,9.211,0,0
MXC_PE,D,20170809,000000,9.211,9.211,8.9067,9.1349,0,0
MXC_PE,D,20170810,000000,9.0588,9.1349,8.8307,9.0588,0,0
MXC_PE,D,20170811,000000,8.9828,8.9828,8.9828,8.9828,0,0
MXC_PE,D,20170814,000000,8.9828,8.9828,8.9828,8.9828,0,0
MXC_PE,D,20170816,000000,8.9828,8.9828,8.9828,8.9828,0,0
MXC_PE,D,20170817,000000,9.0588,9.0588,8.6777,8.9067,0,0
MXC_PE,D,20170818,000000,8.6777,8.9067,8.5255,8.8307,0,0
MXC_PE,D,20170821,000000,8.8307,8.8307,8.6016,8.8307,0,0
MXC_PE,D,20170822,000000,8.8307,8.8307,8.6777,8.8307,0,0
MXC_PE,D,20170823,000000,8.8307,8.8307,8.6777,8.8307,0,0
MXC_PE,D,20170824,000000,8.8307,8.8307,8.7546,8.8307,0,0
MXC_PE,D,20170825,000000,8.8307,8.8307,8.6777,8.8307,0,0
MXC_PE,D,20170828,000000,8.8307,8.8307,8.7546,8.7546,0,0
MXC_PE,D,20170829,000000,8.7546,8.8307,8.5255,8.6777,0,0
MXC_PE,D,20170830,000000,8.7546,8.7546,8.6777,8.6777,0,0
MXC_PE,D,20170831,000000,8.5255,8.7546,8.4495,8.7546,0,0
MXC_PE,D,20170901,000000,8.7546,8.7546,8.6777,8.7546,0,0
MXC_PE,D,20170904,000000,8.7546,8.7546,8.6777,8.6777,0,0
MXC_PE,D,20170905,000000,8.6777,8.6777,8.6016,8.6016,0,0
MXC_PE,D,20170906,000000,8.6777,8.6777,8.2976,8.6777,0,0
MXC_PE,D,20170907,000000,8.8307,8.8307,8.6016,8.6777,0,0
MXC_PE,D,20170908,000000,8.8307,8.8307,8.3735,8.6016,0,0
MXC_PE,D,20170911,000000,8.6016,8.6016,8.2976,8.6016,0,0
MXC_PE,D,20170912,000000,8.6016,8.6016,8.4495,8.6016,0,0
MXC_PE,D,20170913,000000,8.6016,8.6777,8.3735,8.6016,0,0
MXC_PE,D,20170914,000000,8.6016,8.6016,8.3735,8.6016,0,0
MXC_PE,D,20170915,000000,8.6016,8.6016,8.3735,8.6016,0,0
MXC_PE,D,20170918,000000,8.6777,8.6777,8.4495,8.5255,0,0
MXC_PE,D,20170919,000000,8.3735,8.5255,8.3735,8.5255,0,0
MXC_PE,D,20170920,000000,8.5255,8.5255,8.3735,8.5255,0,0
MXC_PE,D,20170921,000000,8.4495,8.5255,8.4495,8.5255,0,0
MXC_PE,D,20170922,000000,8.5255,8.5255,8.3735,8.5255,0,0
MXC_PE,D,20170925,000000,8.5255,8.6016,8.3735,8.6016,0,0
MXC_PE,D,20170926,000000,8.6016,8.6016,8.4495,8.6016,0,0
MXC_PE,D,20170927,000000,8.6016,8.6016,8.4495,8.6016,0,0
MXC_PE,D,20170928,000000,8.6016,8.6016,8.6016,8.6016,0,0
MXC_PE,D,20170929,000000,8.2976,8.2976,8.2976,8.2976,0,0
MXC_PE,D,20171002,000000,7.7645,7.7645,6.3943,6.6988,0,0
MXC_PE,D,20171003,000000,6.3182,6.3182,5.1002,5.4808,0,0
MXC_PE,D,20171004,000000,5.6331,6.0137,5.6331,5.8615,0,0
MXC_PE,D,20171005,000000,6.0137,6.0137,5.4808,5.6331,0,0
MXC_PE,D,20171006,000000,5.6331,5.6331,5.1764,5.4048,0,0
MXC_PE,D,20171009,000000,5.3286,5.6331,5.3286,5.6331,0,0
MXC_PE,D,20171010,000000,5.6331,5.6331,5.4048,5.557,0,0
MXC_PE,D,20171011,000000,5.6331,5.7853,5.6331,5.7853,0,0
MXC_PE,D,20171012,000000,5.8615,5.8615,5.4808,5.4808,0,0
MXC_PE,D,20171013,000000,5.6331,5.6331,5.4808,5.6331,0,0
MXC_PE,D,20171016,000000,5.6331,5.6331,5.4808,5.6331,0,0
MXC_PE,D,20171017,000000,5.6331,5.6331,5.4808,5.557,0,0
MXC_PE,D,20171018,000000,5.6331,5.6331,5.4048,5.4048,0,0
MXC_PE,D,20171019,000000,5.557,5.557,5.3286,5.3286,0,0
MXC_PE,D,20171020,000000,5.3286,5.4048,5.2524,5.4048,0,0
MXC_PE,D,20171023,000000,5.4808,5.4808,5.1002,5.2524,0,0
MXC_PE,D,20171024,000000,5.2524,5.2524,4.9479,5.0241,0,0
MXC_PE,D,20171025,000000,5.0241,5.0241,4.5674,4.8719,0,0
MXC_PE,D,20171026,000000,5.0241,5.0241,4.6435,4.7197,0,0
MXC_PE,D,20171027,000000,4.6435,4.8719,4.6435,4.7957,0,0
MXC_PE,D,20171030,000000,4.7957,4.8719,4.7957,4.8719,0,0
MXC_PE,D,20171031,000000,4.8719,4.8719,4.7957,4.8719,0,0
MXC_PE,D,20171102,000000,4.7957,4.7957,4.7197,4.7197,0,0
MXC_PE,D,20171103,000000,4.7197,4.7197,4.6435,4.7197,0,0
MXC_PE,D,20171106,000000,4.6435,4.7197,4.5674,4.7197,0,0
MXC_PE,D,20171107,000000,4.7197,4.7197,4.5674,4.6435,0,0
MXC_PE,D,20171108,000000,4.7197,4.7197,4.339,4.4151,0,0
MXC_PE,D,20171109,000000,4.4151,4.5674,4.4151,4.5674,0,0
MXC_PE,D,20171110,000000,4.5674,4.7197,4.4912,4.5674,0,0
MXC_PE,D,20171113,000000,4.7197,4.7197,4.4912,4.4912,0,0
MXC_PE,D,20171114,000000,4.4912,4.5674,4.4151,4.5674,0,0
MXC_PE,D,20171115,000000,4.5674,4.5674,4.5674,4.5674,0,0
MXC_PE,D,20171116,000000,3.73,3.9584,3.5017,3.6539,0,0
MXC_PE,D,20171117,000000,3.6539,3.9584,3.5777,3.9584,0,0
MXC_PE,D,20171120,000000,3.9584,4.6435,3.8822,4.6435,0,0
MXC_PE,D,20171121,000000,4.6435,4.7957,4.5674,4.7197,0,0
MXC_PE,D,20171122,000000,4.7197,4.7197,4.4912,4.7197,0,0
MXC_PE,D,20171123,000000,4.6435,4.6435,4.5674,4.6435,0,0
MXC_PE,D,20171124,000000,4.6435,4.6435,4.4151,4.6435,0,0
MXC_PE,D,20171127,000000,4.5674,4.7957,4.5674,4.7957,0,0
MXC_PE,D,20171128,000000,4.8719,4.8719,4.7197,4.7957,0,0
MXC_PE,D,20171129,000000,4.7197,4.7957,4.6435,4.7197,0,0
MXC_PE,D,20171130,000000,4.6435,4.7197,4.4151,4.5674,0,0
MXC_PE,D,20171201,000000,4.6435,4.6435,4.4151,4.5674,0,0
MXC_PE,D,20171204,000000,4.6435,4.6435,4.339,4.4912,0,0
MXC_PE,D,20171205,000000,4.4151,4.4151,4.2629,4.339,0,0
MXC_PE,D,20171206,000000,4.339,4.339,4.1107,4.2629,0,0
MXC_PE,D,20171207,000000,4.2629,4.2629,4.1107,4.1868,0,0
MXC_PE,D,20171208,000000,4.1868,4.1868,4.1107,4.1107,0,0
MXC_PE,D,20171211,000000,4.1107,4.1868,4.1107,4.1868,0,0
MXC_PE,D,20171212,000000,4.1868,4.1868,4.0345,4.1107,0,0
MXC_PE,D,20171213,000000,4.1868,4.1868,4.0345,4.1868,0,0
MXC_PE,D,20171214,000000,4.1868,4.1868,3.8822,4.0345,0,0
MXC_PE,D,20171215,000000,4.0345,4.1107,3.8822,4.0345,0,0
MXC_PE,D,20171218,000000,4.0345,4.0345,3.8822,3.9584,0,0
MXC_PE,D,20171219,000000,3.9584,4.2629,3.9584,4.1107,0,0
MXC_PE,D,20171220,000000,4.1107,4.1868,4.0345,4.1868,0,0
MXC_PE,D,20171221,000000,4.1868,4.2629,4.1107,4.1868,0,0
MXC_PE,D,20171222,000000,4.1107,4.2629,4.1107,4.1107,0,0
MXC_PE,D,20171227,000000,4.1107,4.1107,3.9584,4.1107,0,0
MXC_PE,D,20171228,000000,4.1107,4.1868,4.1107,4.1868,0,0
MXC_PE,D,20171229,000000,4.1868,4.1868,4.1107,4.1107,0,0
MXC_PE,D,20180103,000000,4.2629,4.2629,4.1107,4.2629,0,0
MXC_PE,D,20180104,000000,4.339,4.339,4.339,4.339,0,0
MXC_PE,D,20180105,000000,4.4151,4.4912,4.339,4.4912,0,0
MXC_PE,D,20180108,000000,4.4912,4.5674,4.339,4.5674,0,0
MXC_PE,D,20180109,000000,4.4912,4.4912,4.2629,4.339,0,0
MXC_PE,D,20180110,000000,4.339,4.339,4.2629,4.2629,0,0
MXC_PE,D,20180111,000000,4.339,4.4151,4.2629,4.339,0,0
MXC_PE,D,20180112,000000,4.339,4.4151,4.1868,4.4151,0,0
MXC_PE,D,20180115,000000,4.4912,4.4912,4.339,4.4912,0,0
MXC_PE,D,20180116,000000,4.4912,4.4912,4.339,4.4151,0,0
MXC_PE,D,20180117,000000,4.4151,4.9479,4.4151,4.9479,0,0
MXC_PE,D,20180118,000000,5.0241,5.2524,5.0241,5.1764,0,0
MXC_PE,D,20180119,000000,5.2524,5.2524,5.0241,5.1002,0,0
MXC_PE,D,20180122,000000,5.1764,5.1764,5.0241,5.1764,0,0
MXC_PE,D,20180123,000000,5.2524,5.557,5.2524,5.4808,0,0
MXC_PE,D,20180124,000000,5.6331,5.7853,5.4808,5.7092,0,0
MXC_PE,D,20180125,000000,5.7853,5.7853,5.4048,5.4808,0,0
MXC_PE,D,20180126,000000,5.4808,5.6331,5.4048,5.6331,0,0
MXC_PE,D,20180129,000000,5.6331,5.8615,5.6331,5.8615,0,0
MXC_PE,D,20180130,000000,5.9375,5.9375,5.7853,5.7853,0,0
MXC_PE,D,20180131,000000,5.8615,6.0898,5.7853,6.0137,0,0
MXC_PE,D,20180201,000000,6.0898,6.0898,5.557,5.9375,0,0
MXC_PE,D,20180202,000000,5.9375,6.0137,5.8615,5.9375,0,0
MXC_PE,D,20180205,000000,5.7853,5.7853,5.4808,5.4808,0,0
MXC_PE,D,20180206,000000,5.3286,5.4048,5.1764,5.4048,0,0
MXC_PE,D,20180207,000000,5.4808,5.6331,5.4808,5.557,0,0
MXC_PE,D,20180208,000000,5.557,5.557,5.2524,5.4808,0,0
MXC_PE,D,20180209,000000,5.3286,5.4808,5.2524,5.4808,0,0
MXC_PE,D,20180212,000000,5.4808,5.7092,5.2524,5.4808,0,0
MXC_PE,D,20180213,000000,5.4808,5.557,5.3286,5.4808,0,0
MXC_PE,D,20180214,000000,5.4808,5.4808,5.3286,5.4048,0,0
MXC_PE,D,20180215,000000,5.4048,5.4048,5.3286,5.3286,0,0
MXC_PE,D,20180216,000000,5.3286,5.3286,5.0241,5.2524,0,0
MXC_PE,D,20180219,000000,5.2524,5.2524,5.1002,5.1764,0,0
MXC_PE,D,20180220,000000,5.1764,5.1764,5.1002,5.1764,0,0
MXC_PE,D,20180221,000000,5.1764,5.1764,5.0241,5.1002,0,0
MXC_PE,D,20180222,000000,5.2524,5.2524,5.0241,5.1764,0,0
MXC_PE,D,20180223,000000,5.1764,5.557,5.1764,5.4048,0,0
MXC_PE,D,20180226,000000,5.557,5.7092,5.4808,5.6331,0,0
MXC_PE,D,20180227,000000,5.6331,5.7853,5.6331,5.7092,0,0
MXC_PE,D,20180228,000000,5.6331,5.7092,5.4048,5.4808,0,0
MXC_PE,D,20180301,000000,5.4048,5.557,5.4048,5.4048,0,0
MXC_PE,D,20180302,000000,5.3286,5.557,5.3286,5.4808,0,0
MXC_PE,D,20180305,000000,5.4808,5.4808,5.4048,5.4808,0,0
MXC_PE,D,20180306,000000,5.6331,5.6331,5.4048,5.557,0,0
MXC_PE,D,20180307,000000,5.7092,5.7092,5.557,5.6331,0,0
MXC_PE,D,20180308,000000,5.7092,5.7092,5.557,5.6331,0,0
MXC_PE,D,20180309,000000,5.6331,5.7092,5.4808,5.7092,0,0
MXC_PE,D,20180312,000000,5.7092,5.7092,5.6331,5.6331,0,0
MXC_PE,D,20180313,000000,5.6331,5.6331,5.4048,5.4048,0,0
MXC_PE,D,20180314,000000,5.4048,5.6331,5.4048,5.6331,0,0
MXC_PE,D,20180315,000000,5.4808,5.4808,5.2524,5.2524,0,0
MXC_PE,D,20180316,000000,5.2524,5.3286,5.2524,5.3286,0,0
MXC_PE,D,20180319,000000,5.1764,5.3286,5.1764,5.3286,0,0
MXC_PE,D,20180320,000000,5.4048,5.4048,5.1002,5.2524,0,0
MXC_PE,D,20180321,000000,5.4048,5.4048,5.4048,5.4048,0,0
MXC_PE,D,20180322,000000,5.4048,5.4048,5.1764,5.2524,0,0
MXC_PE,D,20180323,000000,5.2524,5.2524,5.1002,5.2524,0,0
MXC_PE,D,20180326,000000,5.2524,5.8615,5.1002,5.8615,0,0
MXC_PE,D,20180327,000000,5.7853,5.8615,5.7092,5.7092,0,0
MXC_PE,D,20180328,000000,5.8615,5.8615,5.6331,5.6331,0,0
MXC_PE,D,20180329,000000,5.8615,5.8615,5.6331,5.6331,0,0
MXC_PE,D,20180403,000000,5.6331,5.7092,5.557,5.7092,0,0
MXC_PE,D,20180404,000000,5.8615,5.8615,5.7092,5.7853,0,0
MXC_PE,D,20180405,000000,5.7853,5.7853,5.6331,5.6331,0,0
MXC_PE,D,20180406,000000,5.6331,5.7092,5.6331,5.7092,0,0
MXC_PE,D,20180409,000000,5.8615,5.8615,5.7092,5.7092,0,0
MXC_PE,D,20180410,000000,5.6331,5.7092,5.557,5.7092,0,0
MXC_PE,D,20180411,000000,5.7853,5.7853,5.7853,5.7853,0,0
MXC_PE,D,20180412,000000,5.7853,5.8615,5.557,5.8615,0,0
MXC_PE,D,20180413,000000,5.8615,5.8615,5.6331,5.8615,0,0
MXC_PE,D,20180416,000000,5.8615,5.8615,5.557,5.8615,0,0
MXC_PE,D,20180417,000000,5.8615,5.8615,5.8615,5.8615,0,0
MXC_PE,D,20180418,000000,5.8615,5.8615,5.6331,5.8615,0,0
MXC_PE,D,20180419,000000,5.8615,5.8615,5.6331,5.7853,0,0
MXC_PE,D,20180420,000000,5.7853,5.7853,5.557,5.557,0,0
MXC_PE,D,20180423,000000,5.4048,5.557,5.3286,5.4808,0,0
MXC_PE,D,20180424,000000,5.4048,5.4808,5.1764,5.4048,0,0
MXC_PE,D,20180425,000000,5.4808,5.4808,5.0241,5.0241,0,0
MXC_PE,D,20180426,000000,5.3286,5.3286,5.0241,5.1764,0,0
MXC_PE,D,20180427,000000,5.4808,5.4808,5.1764,5.1764,0,0
MXC_PE,D,20180430,000000,5.1002,5.2524,5.1002,5.2524,0,0
MXC_PE,D,20180502,000000,5.3286,5.3286,5.2524,5.2524,0,0
MXC_PE,D,20180504,000000,5.1764,5.4808,5.1764,5.4048,0,0
MXC_PE,D,20180507,000000,5.4808,5.4808,5.2524,5.2524,0,0
MXC_PE,D,20180508,000000,5.4808,5.4808,5.1764,5.3286,0,0
MXC_PE,D,20180509,000000,5.4048,5.4048,5.1002,5.1764,0,0
MXC_PE,D,20180510,000000,5.4048,5.4048,5.1002,5.1764,0,0
MXC_PE,D,20180511,000000,5.1764,5.2524,4.9479,5.2524,0,0
MXC_PE,D,20180514,000000,5.3286,5.3286,5.0241,5.1764,0,0
MXC_PE,D,20180515,000000,5.2524,5.2524,5.1002,5.2524,0,0
MXC_PE,D,20180516,000000,5.1764,5.1764,4.9479,4.9479,0,0
MXC_PE,D,20180517,000000,5.0241,5.1764,5.0241,5.1764,0,0
MXC_PE,D,20180518,000000,5.1764,5.3286,5.0241,5.2524,0,0
MXC_PE,D,20180521,000000,5.2524,5.3286,5.1764,5.1764,0,0
MXC_PE,D,20180522,000000,5.2524,5.2524,5.2524,5.2524,0,0
MXC_PE,D,20180523,000000,5.3286,5.3286,5.1002,5.1764,0,0
MXC_PE,D,20180524,000000,5.1764,5.1764,4.8719,5.1764,0,0
MXC_PE,D,20180525,000000,5.1764,5.1764,4.8719,5.1764,0,0
MXC_PE,D,20180528,000000,4.9479,5.3286,4.5674,5.3286,0,0
MXC_PE,D,20180529,000000,5.4048,5.4048,5.1764,5.3286,0,0
MXC_PE,D,20180530,000000,5.2524,5.2524,4.6435,4.6435,0,0
MXC_PE,D,20180601,000000,4.2629,4.339,4.1107,4.339,0,0
MXC_PE,D,20180604,000000,4.339,4.5674,4.339,4.5674,0,0
MXC_PE,D,20180605,000000,4.5674,4.8719,4.5674,4.6435,0,0
MXC_PE,D,20180606,000000,4.6435,4.9479,4.6435,4.9479,0,0
MXC_PE,D,20180607,000000,4.9479,5.1002,4.9479,4.9479,0,0
MXC_PE,D,20180608,000000,5.0241,5.1002,4.7957,4.9479,0,0
MXC_PE,D,20180611,000000,5.0241,5.0241,4.7197,4.9479,0,0
MXC_PE,D,20180612,000000,4.8719,4.9479,4.8719,4.9479,0,0
MXC_PE,D,20180613,000000,5.0241,5.0241,4.7957,4.7957,0,0
MXC_PE,D,20180614,000000,4.7957,4.7957,4.7957,4.7957,0,0
MXC_PE,D,20180615,000000,4.7957,4.7957,4.6435,4.7197,0,0
MXC_PE,D,20180618,000000,4.7957,4.7957,4.4912,4.4912,0,0
MXC_PE,D,20180619,000000,4.4912,4.4912,4.4151,4.4151,0,0
MXC_PE,D,20180620,000000,4.4151,4.4151,4.2629,4.4151,0,0
MXC_PE,D,20180621,000000,4.4151,4.4151,4.1868,4.1868,0,0
MXC_PE,D,20180622,000000,4.1868,4.1868,4.1107,4.1868,0,0
MXC_PE,D,20180625,000000,4.6102,4.6102,4.2058,4.3676,0,0
MXC_PE,D,20180626,000000,4.3676,4.4484,4.2867,4.4484,0,0
MXC_PE,D,20180627,000000,4.4484,4.4484,4.3676,4.4484,0,0
MXC_PE,D,20180628,000000,4.3676,4.4484,4.3676,4.3676,0,0
MXC_PE,D,20180629,000000,4.3676,4.4484,4.2867,4.4484,0,0
MXC_PE,D,20180702,000000,4.4484,4.6102,4.4484,4.5293,0,0
MXC_PE,D,20180703,000000,4.5293,4.6102,4.5293,4.6102,0,0
MXC_PE,D,20180704,000000,4.6102,4.6102,4.6102,4.6102,0,0
MXC_PE,D,20180705,000000,4.6102,4.6102,4.6102,4.6102,0,0
MXC_PE,D,20180706,000000,4.6102,4.6102,4.4484,4.6102,0,0
MXC_PE,D,20180709,000000,4.6102,4.6102,4.6102,4.6102,0,0
MXC_PE,D,20180710,000000,4.6102,4.6102,4.6102,4.6102,0,0
MXC_PE,D,20180711,000000,4.6102,4.6102,4.6102,4.6102,0,0
MXC_PE,D,20180712,000000,4.6102,4.6102,4.2867,4.4484,0,0
MXC_PE,D,20180713,000000,4.5293,4.5293,4.2867,4.3676,0,0
MXC_PE,D,20180716,000000,4.3676,4.3676,4.2867,4.2867,0,0
MXC_PE,D,20180717,000000,4.3676,4.3676,4.2058,4.2058,0,0
MXC_PE,D,20180718,000000,4.2058,4.2867,4.1249,4.2867,0,0
MXC_PE,D,20180719,000000,4.3676,4.3676,4.1249,4.2058,0,0
MXC_PE,D,20180720,000000,4.3676,4.6102,4.2058,4.4484,0,0
MXC_PE,D,20180723,000000,4.4484,4.4484,4.4484,4.4484,0,0
MXC_PE,D,20180724,000000,4.4484,4.4484,4.3676,4.4484,0,0
MXC_PE,D,20180725,000000,4.5293,4.5293,4.3676,4.4484,0,0
MXC_PE,D,20180726,000000,4.4484,4.6102,4.4484,4.5293,0,0
MXC_PE,D,20180727,000000,4.5293,4.5293,4.4484,4.5293,0,0
MXC_PE,D,20180730,000000,4.5293,4.5293,4.4484,4.4484,0,0
MXC_PE,D,20180731,000000,4.6102,4.6102,4.3676,4.4484,0,0
MXC_PE,D,20180801,000000,4.4484,4.5293,4.2058,4.5293,0,0
MXC_PE,D,20180802,000000,4.5293,4.5293,4.4484,4.4484,0,0
MXC_PE,D,20180803,000000,4.4484,4.4484,4.4484,4.4484,0,0
MXC_PE,D,20180806,000000,4.4484,4.4484,4.2867,4.4484,0,0
MXC_PE,D,20180807,000000,4.4484,4.4484,4.3676,4.4484,0,0
MXC_PE,D,20180808,000000,4.4484,4.4484,4.2867,4.2867,0,0
MXC_PE,D,20180809,000000,4.4484,4.4484,4.2058,4.4484,0,0
MXC_PE,D,20180810,000000,4.4484,4.4484,4.2058,4.2867,0,0
MXC_PE,D,20180813,000000,4.2867,4.3676,4.2867,4.3676,0,0
MXC_PE,D,20180814,000000,4.4484,4.4484,4.3676,4.3676,0,0
MXC_PE,D,20180816,000000,4.3676,4.3676,4.2867,4.3676,0,0
MXC_PE,D,20180817,000000,4.3676,4.3676,4.2058,4.3676,0,0
MXC_PE,D,20180820,000000,4.3676,4.3676,4.2058,4.2058,0,0
MXC_PE,D,20180821,000000,4.3676,4.3676,4.1249,4.1249,0,0
MXC_PE,D,20180822,000000,4.1249,4.2867,4.1249,4.2867,0,0
MXC_PE,D,20180823,000000,4.2867,4.2867,4.044,4.2867,0,0
MXC_PE,D,20180824,000000,4.2867,4.2867,4.2058,4.2058,0,0
MXC_PE,D,20180827,000000,4.2867,4.2867,4.1249,4.2867,0,0
MXC_PE,D,20180828,000000,4.2867,4.2867,4.2058,4.2867,0,0
MXC_PE,D,20180829,000000,4.3676,4.3676,4.2058,4.2867,0,0
MXC_PE,D,20180830,000000,4.2058,4.3676,4.2058,4.2867,0,0
MXC_PE,D,20180831,000000,4.2867,4.2867,4.2058,4.2867,0,0
MXC_PE,D,20180903,000000,4.2867,4.2867,4.2058,4.2058,0,0
MXC_PE,D,20180904,000000,4.2867,4.2867,4.2058,4.2058,0,0
MXC_PE,D,20180905,000000,4.2058,4.2058,4.1249,4.2058,0,0
MXC_PE,D,20180906,000000,4.2058,4.2058,3.9631,3.9631,0,0
MXC_PE,D,20180907,000000,3.9631,4.1249,3.8822,3.8822,0,0
MXC_PE,D,20180910,000000,3.8822,3.8822,3.7205,3.7205,0,0
MXC_PE,D,20180911,000000,3.6396,3.7205,3.6396,3.7205,0,0
MXC_PE,D,20180912,000000,3.7205,3.7205,3.5587,3.6396,0,0
MXC_PE,D,20180913,000000,3.6396,3.7205,3.6396,3.6396,0,0
MXC_PE,D,20180914,000000,3.8014,3.9631,3.6396,3.6396,0,0
MXC_PE,D,20180917,000000,3.7205,3.7205,3.5587,3.6396,0,0
MXC_PE,D,20180918,000000,3.6396,3.6396,3.6396,3.6396,0,0
MXC_PE,D,20180919,000000,3.6396,3.6396,3.5587,3.6396,0,0
MXC_PE,D,20180920,000000,3.6396,3.7205,3.5587,3.7205,0,0
MXC_PE,D,20180921,000000,3.7205,3.7205,3.6396,3.7205,0,0
MXC_PE,D,20180924,000000,3.7205,3.9631,3.6396,3.9631,0,0
MXC_PE,D,20180925,000000,3.9631,3.9631,3.8822,3.9631,0,0
MXC_PE,D,20180926,000000,3.9631,4.044,3.9631,3.9631,0,0
MXC_PE,D,20180927,000000,4.044,4.2867,4.044,4.044,0,0
MXC_PE,D,20180928,000000,4.044,4.4484,3.6396,3.6396,0,0
MXC_PE,D,20181001,000000,3.8014,3.9631,3.8014,3.8822,0,0
MXC_PE,D,20181002,000000,3.8822,3.9631,3.8822,3.8822,0,0
MXC_PE,D,20181003,000000,3.8822,3.8822,3.8822,3.8822,0,0
MXC_PE,D,20181004,000000,3.8822,3.8822,3.7205,3.7205,0,0
MXC_PE,D,20181005,000000,3.6396,3.8014,3.4779,3.5587,0,0
MXC_PE,D,20181008,000000,3.5587,3.5587,3.4779,3.5587,0,0
MXC_PE,D,20181009,000000,3.6396,3.8822,3.6396,3.8822,0,0
MXC_PE,D,20181010,000000,3.7205,3.7205,3.7205,3.7205,0,0
MXC_PE,D,20181011,000000,3.7205,3.7205,3.5587,3.6396,0,0
MXC_PE,D,20181012,000000,3.6396,3.8822,3.6396,3.8822,0,0
MXC_PE,D,20181015,000000,3.7205,3.7205,3.6396,3.7205,0,0
MXC_PE,D,20181016,000000,3.8014,3.8014,3.7205,3.7205,0,0
MXC_PE,D,20181017,000000,3.7205,3.7205,3.5587,3.6396,0,0
MXC_PE,D,20181018,000000,3.6396,3.7205,3.6396,3.6396,0,0
MXC_PE,D,20181019,000000,3.7205,3.7205,3.6396,3.6396,0,0
MXC_PE,D,20181022,000000,3.6396,3.6396,3.4779,3.6396,0,0
MXC_PE,D,20181023,000000,3.397,3.4779,3.397,3.4779,0,0
MXC_PE,D,20181024,000000,3.3161,3.397,3.3161,3.397,0,0
MXC_PE,D,20181025,000000,3.397,3.397,3.3161,3.397,0,0
MXC_PE,D,20181026,000000,3.397,3.397,3.3161,3.3161,0,0
MXC_PE,D,20181029,000000,3.3161,3.3161,3.2352,3.3161,0,0
MXC_PE,D,20181030,000000,3.3161,3.4779,3.2352,3.397,0,0
MXC_PE,D,20181031,000000,3.4779,3.4779,3.3161,3.4779,0,0
MXC_PE,D,20181102,000000,3.397,3.4779,3.397,3.4779,0,0
MXC_PE,D,20181105,000000,3.4779,3.4779,3.4779,3.4779,0,0
MXC_PE,D,20181106,000000,3.4779,3.4779,3.2352,3.3161,0,0
MXC_PE,D,20181107,000000,3.3161,3.397,3.1544,3.1544,0,0
MXC_PE,D,20181108,000000,3.1544,3.1544,2.9117,2.9117,0,0
MXC_PE,D,20181109,000000,2.9117,3.0734,2.8309,2.9117,0,0
MXC_PE,D,20181113,000000,2.9117,3.1544,2.9117,3.1544,0,0
MXC_PE,D,20181114,000000,3.1544,3.2352,3.1544,3.1544,0,0
MXC_PE,D,20181115,000000,3.2352,3.3161,3.2352,3.3161,0,0
MXC_PE,D,20181116,000000,3.3161,3.397,3.3161,3.3161,0,0
MXC_PE,D,20181119,000000,3.3161,3.3161,3.2352,3.3161,0,0
MXC_PE,D,20181120,000000,3.3161,3.3161,3.2352,3.3161,0,0
MXC_PE,D,20181121,000000,3.2352,3.3161,3.1544,3.3161,0,0
MXC_PE,D,20181122,000000,3.1544,3.2352,3.0734,3.1544,0,0
MXC_PE,D,20181123,000000,3.1544,3.2352,3.1544,3.2352,0,0
MXC_PE,D,20181126,000000,3.2352,3.4779,3.1544,3.4779,0,0
MXC_PE,D,20181127,000000,3.4779,3.4779,3.4779,3.4779,0,0
MXC_PE,D,20181128,000000,3.4779,3.7205,3.4779,3.6396,0,0
MXC_PE,D,20181129,000000,3.6396,3.8014,3.4779,3.4779,0,0
MXC_PE,D,20181130,000000,3.5587,3.6396,3.5587,3.5587,0,0
MXC_PE,D,20181203,000000,3.6396,3.6396,3.6396,3.6396,0,0
MXC_PE,D,20181204,000000,3.6396,3.7205,3.6396,3.6396,0,0
MXC_PE,D,20181205,000000,3.6396,3.6396,3.4779,3.5587,0,0
MXC_PE,D,20181206,000000,3.5587,3.5587,3.4779,3.5587,0,0
MXC_PE,D,20181207,000000,3.5587,3.5587,3.397,3.4779,0,0
MXC_PE,D,20181210,000000,3.4779,3.4779,3.0734,3.3161,0,0
MXC_PE,D,20181211,000000,3.397,3.397,3.3161,3.3161,0,0
MXC_PE,D,20181212,000000,3.3161,3.3161,3.2352,3.3161,0,0
MXC_PE,D,20181213,000000,3.3161,3.3161,3.2352,3.3161,0,0
MXC_PE,D,20181214,000000,3.3161,3.397,3.3161,3.397,0,0
MXC_PE,D,20181217,000000,3.397,3.397,3.397,3.397,0,0
MXC_PE,D,20181218,000000,3.397,3.397,3.2352,3.3161,0,0
MXC_PE,D,20181219,000000,3.3161,3.3161,3.1544,3.3161,0,0
MXC_PE,D,20181220,000000,3.3161,3.3161,3.2352,3.3161,0,0
MXC_PE,D,20181221,000000,3.3161,3.3161,3.2352,3.2352,0,0
MXC_PE,D,20181227,000000,3.2352,3.3161,3.2352,3.2352,0,0
MXC_PE,D,20181228,000000,3.2352,3.3161,3.1544,3.3161,0,0
MXC_PE,D,20190102,000000,3.3161,3.3161,3.2352,3.3161,0,0
MXC_PE,D,20190103,000000,3.3161,3.397,3.3161,3.3161,0,0
MXC_PE,D,20190104,000000,3.3161,3.5587,3.3161,3.4779,0,0
MXC_PE,D,20190107,000000,3.4779,3.4779,3.4779,3.4779,0,0
MXC_PE,D,20190108,000000,3.397,3.7205,3.397,3.7205,0,0
MXC_PE,D,20190109,000000,3.5587,3.6396,3.5587,3.5587,0,0
MXC_PE,D,20190110,000000,3.4779,3.6396,3.4779,3.6396,0,0
MXC_PE,D,20190111,000000,3.6396,3.6396,3.5587,3.5587,0,0
MXC_PE,D,20190114,000000,3.5587,3.6396,3.5587,3.6396,0,0
MXC_PE,D,20190115,000000,3.6396,3.7205,3.6396,3.7205,0,0
MXC_PE,D,20190116,000000,3.7205,3.8822,3.7205,3.8822,0,0
MXC_PE,D,20190117,000000,3.8822,3.9631,3.8822,3.8822,0,0
MXC_PE,D,20190118,000000,3.8822,4.044,3.8822,4.044,0,0
MXC_PE,D,20190121,000000,4.044,4.044,3.9631,4.044,0,0
MXC_PE,D,20190122,000000,3.9631,4.044,3.9631,4.044,0,0
MXC_PE,D,20190123,000000,3.9631,4.044,3.9631,4.044,0,0
MXC_PE,D,20190124,000000,4.044,4.044,3.9631,3.9631,0,0
MXC_PE,D,20190125,000000,4.044,4.044,3.8822,3.9631,0,0
MXC_PE,D,20190128,000000,4.044,4.2867,4.044,4.2867,0,0
MXC_PE,D,20190129,000000,4.2867,4.6102,4.2867,4.5293,0,0
MXC_PE,D,20190130,000000,4.6102,4.7719,4.6102,4.6911,0,0
MXC_PE,D,20190131,000000,4.6911,4.6911,4.5293,4.6102,0,0
MXC_PE,D,20190201,000000,4.6102,4.6102,4.6102,4.6102,0,0
MXC_PE,D,20190204,000000,4.6102,4.6102,4.5293,4.6102,0,0
MXC_PE,D,20190205,000000,4.6911,4.6911,4.6102,4.6102,0,0
MXC_PE,D,20190206,000000,4.7719,4.7719,4.6102,4.6102,0,0
MXC_PE,D,20190207,000000,4.6911,4.6911,4.5293,4.5293,0,0
MXC_PE,D,20190208,000000,4.6102,4.6102,4.6102,4.6102,0,0
MXC_PE,D,20190211,000000,4.6102,4.6102,4.5293,4.6102,0,0
MXC_PE,D,20190212,000000,4.6911,4.7719,4.6911,4.7719,0,0
MXC_PE,D,20190213,000000,4.8528,4.8528,4.6911,4.7719,0,0
MXC_PE,D,20190214,000000,4.7719,4.9337,4.6102,4.8528,0,0
MXC_PE,D,20190215,000000,4.9337,4.9337,4.7719,4.9337,0,0
MXC_PE,D,20190218,000000,4.8528,5.0146,4.8528,4.9337,0,0
MXC_PE,D,20190219,000000,5.0146,5.0146,4.7719,4.9337,0,0
MXC_PE,D,20190220,000000,4.9337,4.9337,4.6911,4.7719,0,0
MXC_PE,D,20190221,000000,4.7719,4.8528,4.7719,4.7719,0,0
MXC_PE,D,20190222,000000,4.7719,4.7719,4.6102,4.7719,0,0
MXC_PE,D,20190225,000000,4.7719,4.7719,4.5293,4.6911,0,0
MXC_PE,D,20190226,000000,4.6911,4.7719,4.6102,4.6911,0,0
MXC_PE,D,20190227,000000,4.7719,4.7719,4.6911,4.7719,0,0
MXC_PE,D,20190228,000000,4.8528,4.8528,4.7719,4.7719,0,0
MXC_PE,D,20190301,000000,4.7719,4.7719,4.6102,4.7719,0,0
MXC_PE,D,20190304,000000,4.6102,4.7719,4.6102,4.7719,0,0
MXC_PE,D,20190305,000000,4.6911,4.6911,4.6102,4.6911,0,0
MXC_PE,D,20190306,000000,4.6911,4.6911,4.6102,4.6911,0,0
MXC_PE,D,20190307,000000,4.6911,4.6911,4.5293,4.6911,0,0
MXC_PE,D,20190308,000000,4.5293,4.6911,4.5293,4.6911,0,0
MXC_PE,D,20190311,000000,4.6911,4.8528,4.6911,4.8528,0,0
MXC_PE,D,20190312,000000,4.8528,4.8528,4.7719,4.8528,0,0
MXC_PE,D,20190313,000000,4.8528,4.8528,4.8528,4.8528,0,0
MXC_PE,D,20190314,000000,4.8528,4.8528,4.7719,4.8528,0,0
MXC_PE,D,20190315,000000,4.8528,4.8528,4.7719,4.8528,0,0
MXC_PE,D,20190318,000000,4.8528,4.8528,4.7719,4.8528,0,0
MXC_PE,D,20190319,000000,4.9337,4.9337,4.8528,4.8528,0,0
MXC_PE,D,20190320,000000,4.8528,4.8528,4.8528,4.8528,0,0
MXC_PE,D,20190321,000000,4.9337,4.9337,4.7719,4.7719,0,0
MXC_PE,D,20190322,000000,4.8528,4.9337,4.8528,4.9337,0,0
MXC_PE,D,20190325,000000,4.8528,4.8528,4.7719,4.7719,0,0
MXC_PE,D,20190326,000000,4.9337,4.9337,4.7719,4.8528,0,0
MXC_PE,D,20190327,000000,4.9337,4.9337,4.8528,4.9337,0,0
MXC_PE,D,20190328,000000,4.9337,4.9337,4.8528,4.8528,0,0
MXC_PE,D,20190329,000000,4.8528,4.8528,4.6102,4.7719,0,0
MXC_PE,D,20190401,000000,4.9337,4.9337,4.7719,4.8528,0,0
MXC_PE,D,20190402,000000,4.8528,4.8528,4.6102,4.8528,0,0
MXC_PE,D,20190403,000000,4.8528,4.8528,4.6102,4.6102,0,0
MXC_PE,D,20190404,000000,4.7719,4.7719,4.6911,4.7719,0,0
MXC_PE,D,20190405,000000,4.8528,4.8528,4.8528,4.8528,0,0
MXC_PE,D,20190408,000000,4.8528,4.8528,4.6911,4.6911,0,0
MXC_PE,D,20190409,000000,4.6911,4.7719,4.6911,4.7719,0,0
MXC_PE,D,20190410,000000,4.8528,4.8528,4.7719,4.7719,0,0
MXC_PE,D,20190411,000000,4.8528,5.0954,4.7719,5.0954,0,0
MXC_PE,D,20190412,000000,5.1764,5.419,5.1764,5.3381,0,0
MXC_PE,D,20190415,000000,5.2572,5.4999,5.2572,5.3381,0,0
MXC_PE,D,20190416,000000,5.419,5.419,5.0954,5.1764,0,0
MXC_PE,D,20190417,000000,5.2572,5.2572,5.0954,5.2572,0,0
MXC_PE,D,20190418,000000,5.2572,5.2572,5.0954,5.1764,0,0
MXC_PE,D,20190423,000000,5.2572,5.2572,5.1764,5.1764,0,0
MXC_PE,D,20190424,000000,5.1764,5.1764,5.0146,5.1764,0,0
MXC_PE,D,20190425,000000,5.1764,5.1764,5.1764,5.1764,0,0
MXC_PE,D,20190426,000000,5.1764,5.1764,5.0146,5.0954,0,0
MXC_PE,D,20190429,000000,5.1764,5.2572,4.6911,4.6911,0,0
MXC_PE,D,20190430,000000,4.7719,4.7719,4.6102,4.6911,0,0
MXC_PE,D,20190502,000000,4.6911,4.6911,4.6102,4.6911,0,0
MXC_PE,D,20190506,000000,4.6102,4.6911,4.6102,4.6911,0,0
MXC_PE,D,20190507,000000,4.6102,4.6911,4.5293,4.5293,0,0
MXC_PE,D,20190508,000000,4.5293,4.5293,4.4484,4.5293,0,0
MXC_PE,D,20190509,000000,4.5293,4.5293,4.2058,4.3676,0,0
MXC_PE,D,20190510,000000,4.3676,4.5293,4.3676,4.4484,0,0
MXC_PE,D,20190513,000000,4.4484,4.5293,4.4484,4.5293,0,0
MXC_PE,D,20190514,000000,4.5293,4.5293,4.4484,4.5293,0,0
MXC_PE,D,20190515,000000,4.5293,4.5293,4.4484,4.5293,0,0
MXC_PE,D,20190516,000000,4.5293,4.5293,4.4484,4.5293,0,0
MXC_PE,D,20190517,000000,4.5293,4.5293,4.5293,4.5293,0,0
MXC_PE,D,20190520,000000,4.5293,4.5293,4.4484,4.4484,0,0
MXC_PE,D,20190521,000000,4.4484,4.4484,4.4484,4.4484,0,0
MXC_PE,D,20190522,000000,4.5293,4.5293,4.4484,4.4484,0,0
MXC_PE,D,20190523,000000,4.5293,4.5293,4.4484,4.5293,0,0
MXC_PE,D,20190524,000000,4.5293,4.5293,4.5293,4.5293,0,0
MXC_PE,D,20190527,000000,4.5293,4.5293,4.5293,4.5293,0,0
MXC_PE,D,20190528,000000,4.5293,4.5293,4.4484,4.4484,0,0
MXC_PE,D,20190529,000000,4.5293,4.5293,4.4484,4.4484,0,0
MXC_PE,D,20190530,000000,4.4484,4.4484,4.2058,4.2867,0,0
MXC_PE,D,20190531,000000,4.2867,4.4484,4.2058,4.4484,0,0
MXC_PE,D,20190603,000000,4.6102,4.6102,4.4484,4.4484,0,0
MXC_PE,D,20190604,000000,4.4484,4.5293,4.4484,4.4484,0,0
MXC_PE,D,20190605,000000,4.4484,4.4484,4.4484,4.4484,0,0
MXC_PE,D,20190606,000000,4.4484,4.4484,4.4484,4.4484,0,0
MXC_PE,D,20190607,000000,4.4484,4.5293,4.4484,4.5293,0,0
MXC_PE,D,20190610,000000,4.5293,4.6102,4.5293,4.6102,0,0
MXC_PE,D,20190611,000000,4.6102,4.6102,4.5293,4.5293,0,0
MXC_PE,D,20190612,000000,4.6102,4.6102,4.5293,4.6102,0,0
MXC_PE,D,20190613,000000,4.6102,4.6911,4.6102,4.6911,0,0
MXC_PE,D,20190614,000000,4.5988,4.6873,4.5104,4.5988,0,0
MXC_PE,D,20190617,000000,4.5988,4.6873,4.5988,4.6873,0,0
MXC_PE,D,20190618,000000,4.6873,4.6873,4.5104,4.6873,0,0
MXC_PE,D,20190619,000000,4.6873,4.6873,4.6873,4.6873,0,0
MXC_PE,D,20190621,000000,4.6873,4.6873,4.5988,4.5988,0,0
MXC_PE,D,20190624,000000,4.6873,4.6873,4.5988,4.5988,0,0
MXC_PE,D,20190625,000000,4.5988,4.5988,4.422,4.5104,0,0
MXC_PE,D,20190626,000000,4.2451,4.3335,4.1566,4.3335,0,0
MXC_PE,D,20190627,000000,4.1566,4.3335,4.1566,4.3335,0,0
MXC_PE,D,20190628,000000,4.3335,4.3335,4.2451,4.2451,0,0
MXC_PE,D,20190701,000000,4.2451,4.3335,4.2451,4.2451,0,0
MXC_PE,D,20190702,000000,4.3335,4.3335,4.3335,4.3335,0,0
MXC_PE,D,20190703,000000,4.3335,4.3335,4.2451,4.2451,0,0
MXC_PE,D,20190704,000000,4.2451,4.2451,4.2451,4.2451,0,0
MXC_PE,D,20190705,000000,4.3335,4.3335,4.3335,4.3335,0,0
MXC_PE,D,20190708,000000,4.3335,4.3335,4.3335,4.3335,0,0
MXC_PE,D,20190709,000000,4.3335,4.3335,4.2451,4.2451,0,0
MXC_PE,D,20190710,000000,4.3335,4.3335,4.2451,4.3335,0,0
MXC_PE,D,20190711,000000,4.3335,4.3335,4.3335,4.3335,0,0
MXC_PE,D,20190712,000000,4.3335,4.3335,4.3335,4.3335,0,0
MXC_PE,D,20190715,000000,4.3335,4.3335,4.2451,4.2451,0,0
MXC_PE,D,20190716,000000,4.2451,4.2451,4.2451,4.2451,0,0
MXC_PE,D,20190717,000000,4.1566,4.422,4.1566,4.2451,0,0
MXC_PE,D,20190718,000000,4.3335,4.3335,4.2451,4.2451,0,0
MXC_PE,D,20190719,000000,4.3335,4.3335,4.2451,4.2451,0,0
MXC_PE,D,20190722,000000,4.3335,4.3335,4.2451,4.3335,0,0
MXC_PE,D,20190723,000000,4.3335,4.3335,4.1566,4.1566,0,0
MXC_PE,D,20190724,000000,4.2451,4.2451,4.1566,4.1566,0,0
MXC_PE,D,20190725,000000,4.2451,4.3335,4.2451,4.3335,0,0
MXC_PE,D,20190726,000000,4.3335,4.3335,4.2451,4.2451,0,0
MXC_PE,D,20190729,000000,4.2451,4.2451,4.2451,4.2451,0,0
MXC_PE,D,20190730,000000,4.2451,4.2451,4.1566,4.1566,0,0
MXC_PE,D,20190731,000000,4.1566,4.1566,3.9798,4.1566,0,0
MXC_PE,D,20190801,000000,4.1566,4.1566,3.9798,3.9798,0,0
MXC_PE,D,20190802,000000,3.8029,3.9798,3.8029,3.8913,0,0
MXC_PE,D,20190805,000000,3.8913,3.8913,3.8029,3.8913,0,0
MXC_PE,D,20190806,000000,3.8913,3.8913,3.8029,3.8913,0,0
MXC_PE,D,20190807,000000,3.8913,3.8913,3.8913,3.8913,0,0
MXC_PE,D,20190808,000000,3.8913,3.8913,3.8029,3.8029,0,0
MXC_PE,D,20190809,000000,3.7145,3.8029,3.7145,3.8029,0,0
MXC_PE,D,20190812,000000,3.8029,3.8913,3.8029,3.8029,0,0
MXC_PE,D,20190813,000000,3.8029,3.8029,3.626,3.8029,0,0
MXC_PE,D,20190814,000000,3.8029,3.8029,3.8029,3.8029,0,0
MXC_PE,D,20190816,000000,3.8029,3.8029,3.7145,3.8029,0,0
MXC_PE,D,20190819,000000,3.8029,3.8029,3.7145,3.8029,0,0
MXC_PE,D,20190820,000000,3.8029,3.8029,3.8029,3.8029,0,0
MXC_PE,D,20190821,000000,3.8029,3.8029,3.7145,3.7145,0,0
MXC_PE,D,20190822,000000,3.7145,3.7145,3.7145,3.7145,0,0
MXC_PE,D,20190823,000000,3.5376,3.7145,3.5376,3.7145,0,0
MXC_PE,D,20190826,000000,3.7145,3.7145,3.7145,3.7145,0,0
MXC_PE,D,20190827,000000,3.7145,3.7145,3.7145,3.7145,0,0
MXC_PE,D,20190828,000000,3.7145,3.7145,3.7145,3.7145,0,0
MXC_PE,D,20190829,000000,3.7145,3.7145,3.626,3.7145,0,0
MXC_PE,D,20190830,000000,3.7145,3.7145,3.626,3.7145,0,0
MXC_PE,D,20190902,000000,3.7145,3.8029,3.7145,3.7145,0,0
MXC_PE,D,20190903,000000,3.7145,3.7145,3.626,3.7145,0,0
MXC_PE,D,20190904,000000,3.7145,3.7145,3.626,3.7145,0,0
MXC_PE,D,20190905,000000,3.7145,3.7145,3.7145,3.7145,0,0
MXC_PE,D,20190906,000000,3.7145,3.7145,3.7145,3.7145,0,0
MXC_PE,D,20190909,000000,3.7145,3.8029,3.7145,3.8029,0,0
MXC_PE,D,20190910,000000,3.8029,3.8029,3.7145,3.8029,0,0
MXC_PE,D,20190911,000000,3.8913,3.8913,3.8029,3.8913,0,0
MXC_PE,D,20190912,000000,3.8913,3.8913,3.8913,3.8913,0,0
MXC_PE,D,20190913,000000,3.8913,3.9798,3.8913,3.9798,0,0
MXC_PE,D,20190916,000000,3.9798,4.0682,3.9798,3.9798,0,0
MXC_PE,D,20190917,000000,3.9798,3.9798,3.8913,3.9798,0,0
MXC_PE,D,20190918,000000,3.8913,3.9798,3.8913,3.9798,0,0
MXC_PE,D,20190919,000000,4.0682,4.3335,4.0682,4.2451,0,0
MXC_PE,D,20190920,000000,4.2451,4.2451,3.9798,4.2451,0,0
MXC_PE,D,20190923,000000,4.2451,4.2451,4.1566,4.1566,0,0
MXC_PE,D,20190924,000000,4.1566,4.1566,4.0682,4.0682,0,0
MXC_PE,D,20190925,000000,4.1566,4.1566,4.0682,4.1566,0,0
MXC_PE,D,20190926,000000,4.2451,4.2451,3.9798,3.9798,0,0
MXC_PE,D,20190927,000000,4.1566,4.1566,3.8029,3.8913,0,0
MXC_PE,D,20190930,000000,3.4491,4.2451,3.0954,4.2451,0,0
MXC_PE,D,20191001,000000,3.9798,4.422,3.9798,4.3335,0,0
MXC_PE,D,20191002,000000,4.1566,4.3335,4.1566,4.3335,0,0
MXC_PE,D,20191003,000000,4.3335,4.3335,4.2451,4.3335,0,0
MXC_PE,D,20191004,000000,4.2451,4.3335,4.2451,4.3335,0,0
MXC_PE,D,20191007,000000,4.3335,4.422,4.3335,4.422,0,0
MXC_PE,D,20191008,000000,4.5988,4.5988,4.3335,4.5104,0,0
MXC_PE,D,20191009,000000,4.5988,5.041,4.422,5.041,0,0
MXC_PE,D,20191010,000000,5.041,5.041,5.041,5.041,0,0
MXC_PE,D,20191011,000000,4.7757,5.041,4.7757,4.8642,0,0
MXC_PE,D,20191015,000000,5.2179,5.2179,5.041,5.041,0,0
MXC_PE,D,20191016,000000,5.041,5.041,4.9526,4.9526,0,0
MXC_PE,D,20191017,000000,4.9526,4.9526,4.9526,4.9526,0,0
MXC_PE,D,20191018,000000,4.9526,4.9526,4.8642,4.8642,0,0
MXC_PE,D,20191021,000000,4.6873,4.9526,4.5988,4.9526,0,0
MXC_PE,D,20191022,000000,4.9526,4.9526,4.7757,4.7757,0,0
MXC_PE,D,20191023,000000,4.7757,4.7757,4.6873,4.6873,0,0
MXC_PE,D,20191024,000000,4.7757,4.7757,4.6873,4.6873,0,0
MXC_PE,D,20191025,000000,4.6873,4.7757,4.5988,4.5988,0,0
MXC_PE,D,20191028,000000,4.5104,4.5988,4.5104,4.5104,0,0
MXC_PE,D,20191029,000000,4.5104,4.5104,4.422,4.422,0,0
MXC_PE,D,20191030,000000,4.5104,4.5104,4.5104,4.5104,0,0
MXC_PE,D,20191031,000000,4.5104,4.5988,4.5104,4.5988,0,0
MXC_PE,D,20191104,000000,4.5988,4.5988,4.5104,4.5104,0,0
MXC_PE,D,20191105,000000,4.3335,4.5104,4.3335,4.5104,0,0
MXC_PE,D,20191106,000000,4.5104,4.5104,4.3335,4.3335,0,0
MXC_PE,D,20191107,000000,4.422,4.422,4.3335,4.3335,0,0
MXC_PE,D,20191108,000000,4.3335,4.3335,4.2451,4.3335,0,0
MXC_PE,D,20191112,000000,4.3335,4.3335,4.3335,4.3335,0,0
MXC_PE,D,20191113,000000,4.2451,4.3335,4.2451,4.3335,0,0
MXC_PE,D,20191114,000000,4.3335,4.3335,4.2451,4.3335,0,0
MXC_PE,D,20191115,000000,4.3335,4.3335,4.3335,4.3335,0,0
MXC_PE,D,20191118,000000,4.3335,4.3335,4.3335,4.3335,0,0
MXC_PE,D,20191119,000000,4.3335,4.422,4.3335,4.422,0,0
MXC_PE,D,20191120,000000,4.422,4.5104,4.3335,4.422,0,0
MXC_PE,D,20191121,000000,4.5104,4.5104,4.422,4.5104,0,0
MXC_PE,D,20191122,000000,4.422,4.5104,4.422,4.5104,0,0
MXC_PE,D,20191125,000000,4.5104,4.5104,4.422,4.5104,0,0
MXC_PE,D,20191126,000000,4.5104,4.5988,4.5104,4.5988,0,0
MXC_PE,D,20191127,000000,4.5988,4.9526,4.5988,4.7757,0,0
MXC_PE,D,20191128,000000,4.7757,4.8642,4.7757,4.8642,0,0
MXC_PE,D,20191129,000000,4.8642,4.8642,4.8642,4.8642,0,0
MXC_PE,D,20191202,000000,4.6873,5.4832,4.1566,5.4832,0,0
MXC_PE,D,20191203,000000,5.7486,5.7486,5.5717,5.5717,0,0
MXC_PE,D,20191204,000000,5.4832,5.6601,5.3948,5.4832,0,0
MXC_PE,D,20191205,000000,5.5717,5.5717,5.3948,5.3948,0,0
MXC_PE,D,20191206,000000,5.4832,5.4832,5.2179,5.3948,0,0
MXC_PE,D,20191209,000000,5.3948,5.3948,5.3948,5.3948,0,0
MXC_PE,D,20191210,000000,5.3948,5.3948,5.3948,5.3948,0,0
MXC_PE,D,20191211,000000,5.5717,5.5717,4.8642,4.8642,0,0
MXC_PE,D,20191212,000000,5.1295,5.3064,4.9526,5.3064,0,0
MXC_PE,D,20191213,000000,5.5717,5.5717,5.1295,5.1295,0,0
MXC_PE,D,20191216,000000,5.4832,5.4832,5.1295,5.2179,0,0
MXC_PE,D,20191217,000000,5.2179,5.2179,4.9526,5.041,0,0
MXC_PE,D,20191218,000000,5.2179,5.2179,5.1295,5.2179,0,0
MXC_PE,D,20191219,000000,5.2179,5.3064,5.1295,5.1295,0,0
MXC_PE,D,20191220,000000,5.2179,5.2179,4.8642,5.041,0,0
MXC_PE,D,20191223,000000,5.041,5.1295,4.9526,4.9526,0,0
MXC_PE,D,20191227,000000,5.1295,5.1295,4.9526,5.041,0,0
MXC_PE,D,20191230,000000,5.1295,5.2179,5.041,5.041,0,0
MXC_PE,D,20200102,000000,5.3064,5.5717,5.3064,5.5717,0,0
MXC_PE,D,20200103,000000,5.5717,5.5717,5.3064,5.5717,0,0
MXC_PE,D,20200107,000000,5.4832,5.6601,5.4832,5.6601,0,0
MXC_PE,D,20200108,000000,5.6601,5.6601,5.5717,5.5717,0,0
MXC_PE,D,20200109,000000,5.5717,5.6601,5.4832,5.6601,0,0
MXC_PE,D,20200110,000000,5.6601,5.6601,5.6601,5.6601,0,0
MXC_PE,D,20200113,000000,5.5717,5.5717,5.4832,5.4832,0,0
MXC_PE,D,20200114,000000,5.5717,5.5717,5.5717,5.5717,0,0
MXC_PE,D,20200115,000000,5.4832,5.5717,5.3948,5.5717,0,0
MXC_PE,D,20200116,000000,5.5717,5.6601,5.5717,5.6601,0,0
MXC_PE,D,20200117,000000,5.6601,5.6601,5.4832,5.6601,0,0
MXC_PE,D,20200120,000000,5.5717,5.837,5.5717,5.7486,0,0
MXC_PE,D,20200121,000000,5.7486,5.9254,5.7486,5.9254,0,0
MXC_PE,D,20200122,000000,5.9254,5.9254,5.837,5.837,0,0
MXC_PE,D,20200123,000000,5.9254,5.9254,5.5717,5.6601,0,0
MXC_PE,D,20200124,000000,5.837,5.837,5.5717,5.7486,0,0
MXC_PE,D,20200127,000000,5.7486,5.837,5.6601,5.6601,0,0
MXC_PE,D,20200128,000000,5.7486,5.7486,5.3948,5.5717,0,0
MXC_PE,D,20200129,000000,5.5717,5.5717,5.4832,5.5717,0,0
MXC_PE,D,20200130,000000,5.5717,5.837,5.5717,5.837,0,0
MXC_PE,D,20200131,000000,5.837,5.837,5.5717,5.7486,0,0
MXC_PE,D,20200203,000000,5.7486,5.7486,5.5717,5.6601,0,0
MXC_PE,D,20200204,000000,5.6601,5.6601,5.6601,5.6601,0,0
MXC_PE,D,20200205,000000,5.6601,5.6601,5.6601,5.6601,0,0
MXC_PE,D,20200206,000000,5.5717,5.6601,5.5717,5.5717,0,0
MXC_PE,D,20200207,000000,5.5717,5.5717,5.5717,5.5717,0,0
MXC_PE,D,20200210,000000,5.5717,5.5717,5.3948,5.4832,0,0
MXC_PE,D,20200211,000000,5.4832,5.5717,5.3948,5.5717,0,0
MXC_PE,D,20200212,000000,5.5717,5.5717,5.5717,5.5717,0,0
MXC_PE,D,20200213,000000,5.5717,5.5717,5.5717,5.5717,0,0
MXC_PE,D,20200214,000000,5.5717,5.5717,5.5717,5.5717,0,0
MXC_PE,D,20200217,000000,5.5717,5.5717,5.4832,5.5717,0,0
MXC_PE,D,20200218,000000,5.5717,5.5717,5.5717,5.5717,0,0
MXC_PE,D,20200219,000000,5.5717,5.5717,5.4832,5.4832,0,0
MXC_PE,D,20200220,000000,5.4832,5.4832,5.3948,5.4832,0,0
MXC_PE,D,20200221,000000,5.2179,5.3948,5.2179,5.3064,0,0
MXC_PE,D,20200224,000000,5.4832,5.4832,5.041,5.2179,0,0
MXC_PE,D,20200225,000000,5.2179,5.2179,4.7757,4.7757,0,0
MXC_PE,D,20200226,000000,4.9526,4.9526,4.422,4.5104,0,0
MXC_PE,D,20200227,000000,4.5988,4.9526,4.5104,4.8642,0,0
MXC_PE,D,20200228,000000,4.8642,4.8642,4.422,4.5104,0,0
MXC_PE,D,20200302,000000,4.422,4.6873,4.422,4.6873,0,0
MXC_PE,D,20200303,000000,4.7757,5.3064,4.7757,4.9526,0,0
MXC_PE,D,20200304,000000,5.041,5.041,4.9526,4.9526,0,0
MXC_PE,D,20200305,000000,4.9526,4.9526,4.8642,4.9526,0,0
MXC_PE,D,20200306,000000,4.8642,4.9526,4.7757,4.7757,0,0
MXC_PE,D,20200309,000000,4.7757,4.7757,4.1566,4.2451,0,0
MXC_PE,D,20200310,000000,4.1566,4.3335,4.1566,4.3335,0,0
MXC_PE,D,20200311,000000,4.3335,4.3335,3.8913,4.1566,0,0
MXC_PE,D,20200312,000000,4.2451,4.2451,3.7145,3.7145,0,0
MXC_PE,D,20200313,000000,3.7145,4.0682,3.7145,3.8913,0,0
MXC_PE,D,20200316,000000,3.8029,3.8029,3.626,3.7145,0,0
MXC_PE,D,20200317,000000,3.7145,3.9798,3.7145,3.8913,0,0
MXC_PE,D,20200318,000000,3.8913,3.8913,3.626,3.626,0,0
MXC_PE,D,20200319,000000,3.8913,3.8913,3.626,3.626,0,0
MXC_PE,D,20200320,000000,3.8913,4.0682,3.626,3.626,0,0
MXC_PE,D,20200323,000000,3.8029,3.8913,3.8029,3.8913,0,0
MXC_PE,D,20200324,000000,3.9798,3.9798,3.8913,3.8913,0,0
MXC_PE,D,20200325,000000,3.8913,3.8913,3.8913,3.8913,0,0
MXC_PE,D,20200326,000000,3.8913,3.8913,3.8029,3.8913,0,0
MXC_PE,D,20200327,000000,3.8913,3.8913,3.8913,3.8913,0,0
MXC_PE,D,20200330,000000,3.8913,3.8913,3.4491,3.8029,0,0
MXC_PE,D,20200331,000000,3.8029,3.8913,3.5376,3.8029,0,0
MXC_PE,D,20200401,000000,3.8913,3.8913,3.8029,3.8913,0,0
MXC_PE,D,20200402,000000,3.8913,3.8913,3.8913,3.8913,0,0
MXC_PE,D,20200403,000000,3.7145,3.8913,3.7145,3.8913,0,0
MXC_PE,D,20200406,000000,3.8913,5.4832,3.8913,5.2179,0,0
MXC_PE,D,20200407,000000,5.3064,5.3064,4.5104,4.5104,0,0
MXC_PE,D,20200408,000000,4.422,4.7757,4.2451,4.6873,0,0
MXC_PE,D,20200409,000000,4.6873,5.5717,4.5988,5.3064,0,0
MXC_PE,D,20200414,000000,5.4832,5.4832,4.9526,5.1295,0,0
MXC_PE,D,20200415,000000,5.1295,5.1295,4.5988,4.9526,0,0
MXC_PE,D,20200416,000000,4.7757,5.041,4.6873,5.041,0,0
MXC_PE,D,20200417,000000,5.041,5.041,4.7757,4.8642,0,0
MXC_PE,D,20200420,000000,4.8642,4.8642,4.422,4.5988,0,0
MXC_PE,D,20200421,000000,4.422,4.6873,4.1566,4.3335,0,0
MXC_PE,D,20200422,000000,4.422,4.5988,4.0682,4.5988,0,0
MXC_PE,D,20200423,000000,4.3335,4.5104,4.3335,4.422,0,0
MXC_PE,D,20200424,000000,4.422,4.422,4.422,4.422,0,0
MXC_PE,D,20200427,000000,4.422,4.9526,4.3335,4.9526,0,0
MXC_PE,D,20200428,000000,4.9526,5.1295,4.6873,4.7757,0,0
MXC_PE,D,20200429,000000,4.5988,4.7757,4.5988,4.6873,0,0
MXC_PE,D,20200430,000000,5.041,5.041,4.422,4.7757,0,0
MXC_PE,D,20200504,000000,4.5988,10.79,4.3335,10.79,0,0
MXC_PE,D,20200505,000000,10.701,10.701,9.817,10.082,0,0
MXC_PE,D,20200506,000000,10.259,10.436,9.994,10.259,0,0
MXC_PE,D,20200507,000000,10.347,10.436,10.082,10.082,0,0
MXC_PE,D,20200508,000000,10.259,10.701,10.171,10.436,0,0
MXC_PE,D,20200511,000000,10.436,10.436,9.905,10.436,0,0
MXC_PE,D,20200512,000000,10.347,12.293,10.082,10.878,0,0
MXC_PE,D,20200513,000000,11.409,11.409,10.436,11.232,0,0
MXC_PE,D,20200514,000000,11.232,11.232,10.171,10.524,0,0
MXC_PE,D,20200515,000000,10.436,10.436,10.082,10.259,0,0
MXC_PE,D,20200518,000000,10.259,10.524,9.994,10.259,0,0
MXC_PE,D,20200519,000000,10.436,10.524,9.817,10.259,0,0
MXC_PE,D,20200520,000000,11.851,12.028,11.409,11.762,0,0
MXC_PE,D,20200521,000000,12.205,12.205,11.674,11.939,0,0
MXC_PE,D,20200522,000000,11.939,11.939,11.762,11.851,0,0
MXC_PE,D,20200525,000000,11.851,12.028,11.497,11.939,0,0
MXC_PE,D,20200526,000000,11.939,11.939,11.674,11.939,0,0
MXC_PE,D,20200527,000000,11.939,12.028,11.762,11.939,0,0
MXC_PE,D,20200528,000000,12.028,12.47,12.028,12.293,0,0
MXC_PE,D,20200529,000000,12.47,12.735,12.028,12.116,0,0
MXC_PE,D,20200601,000000,11.762,16.715,11.762,16.715,0,0
MXC_PE,D,20200602,000000,16.803,17.953,16.803,17.776,0,0
MXC_PE,D,20200603,000000,17.953,18.218,17.865,18.042,0,0
MXC_PE,D,20200604,000000,18.042,18.042,17.776,17.953,0,0
MXC_PE,D,20200605,000000,18.484,18.484,18.218,18.307,0,0
MXC_PE,D,20200608,000000,18.218,19.191,18.218,18.484,0,0
MXC_PE,D,20200609,000000,18.572,18.926,18.572,18.749,0,0
MXC_PE,D,20200610,000000,18.926,19.103,18.838,18.926,0,0
MXC_PE,D,20200612,000000,18.484,18.661,17.423,18.661,0,0
MXC_PE,D,20200615,000000,18.661,19.191,18.395,18.749,0,0
MXC_PE,D,20200616,000000,18.395,18.926,18.307,18.661,0,0
MXC_PE,D,20200617,000000,18.749,19.722,18.749,19.191,0,0
MXC_PE,D,20200618,000000,19.191,19.634,19.191,19.457,0,0
MXC_PE,D,20200619,000000,19.457,20.164,19.457,20.164,0,0
MXC_PE,D,20200622,000000,20.164,21.402,20.164,21.314,0,0
MXC_PE,D,20200623,000000,21.579,22.64,21.402,21.579,0,0
MXC_PE,D,20200624,000000,21.314,22.11,21.049,21.314,0,0
MXC_PE,D,20200625,000000,21.402,21.491,20.429,20.96,0,0
MXC_PE,D,20200626,000000,20.872,20.872,19.81,20.164,0,0
MXC_PE,D,20200629,000000,20.695,21.049,20.341,21.049,0,0
MXC_PE,D,20200630,000000,21.137,22.375,20.164,20.518,0,0
MXC_PE,D,20200701,000000,21.225,21.402,20.606,20.783,0,0
MXC_PE,D,20200702,000000,20.6,24,19.8,21.3,0,0
MXC_PE,D,20200703,000000,21.3,22.7,21.1,22.4,0,0
MXC_PE,D,20200706,000000,21.9,22.6,21.9,22.1,0,0
MXC_PE,D,20200707,000000,21.8,22.1,21.6,21.6,0,0
MXC_PE,D,20200708,000000,21.6,21.6,21,21.5,0,0
MXC_PE,D,20200709,000000,21.4,21.6,20.8,20.9,0,0
MXC_PE,D,20200710,000000,20.9,20.9,19.6,20.2,0,0
MXC_PE,D,20200713,000000,20.2,20.2,19.9,20,0,0
MXC_PE,D,20200714,000000,20,20,19.3,19.4,0,0
MXC_PE,D,20200715,000000,19.5,19.5,18.3,18.3,0,0
MXC_PE,D,20200716,000000,18.3,19.8,18.3,19.8,0,0
MXC_PE,D,20200717,000000,19.8,20.4,19.3,20.4,0,0
MXC_PE,D,20200720,000000,20.3,20.8,20.3,20.7,0,0
MXC_PE,D,20200721,000000,20.5,20.7,20,20.1,0,0
MXC_PE,D,20200722,000000,20,21.1,19.8,20.8,0,0
MXC_PE,D,20200723,000000,21.3,21.3,20.5,20.5,0,0
MXC_PE,D,20200724,000000,20.5,20.5,19.7,20,0,0
MXC_PE,D,20200727,000000,21.1,23.3,20.4,22.7,0,0
MXC_PE,D,20200728,000000,22.7,24.3,22.5,23.4,0,0
MXC_PE,D,20200729,000000,23.7,23.7,21.5,22.7,0,0
MXC_PE,D,20200730,000000,22.4,22.4,18.6,18.8,0,0
MXC_PE,D,20200731,000000,18.8,20,18.8,19,0,0
MXC_PE,D,20200803,000000,19.5,20,19,19.6,0,0
MXC_PE,D,20200804,000000,19.6,20,19.5,19.7,0,0
MXC_PE,D,20200805,000000,19.9,19.9,19.1,19.3,0,0
MXC_PE,D,20200806,000000,19.1,19.7,19.1,19.4,0,0
MXC_PE,D,20200807,000000,19.3,19.3,18.9,19,0,0
MXC_PE,D,20200810,000000,19.3,19.3,18.8,18.9,0,0
MXC_PE,D,20200811,000000,18.9,19.2,18.6,19,0,0
MXC_PE,D,20200812,000000,19,19,18.5,19,0,0
MXC_PE,D,20200813,000000,18.8,19.5,18.6,19.5,0,0
MXC_PE,D,20200814,000000,19.5,19.5,18.5,19.4,0,0
MXC_PE,D,20200817,000000,19.3,19.3,18.6,19,0,0
MXC_PE,D,20200818,000000,19,19,18.5,18.7,0,0
MXC_PE,D,20200819,000000,19,19,18.4,18.7,0,0
MXC_PE,D,20200820,000000,18.9,18.9,18,18.5,0,0
MXC_PE,D,20200821,000000,18.5,19,18.2,19,0,0
