<TICKER>,<PER>,<DATE>,<TIME>,<OPEN>,<HIGH>,<LOW>,<CLOSE>,<VOL>,<OPENINT>
MZN_PE,D,20130617,000000,122.8,129.3,122.8,129.3,0,0
MZN_PE,D,20130704,000000,130.4,130.4,130.4,130.4,0,0
MZN_PE,D,20130709,000000,130.4,130.4,130.4,130.4,0,0
MZN_PE,D,20130716,000000,130.4,130.4,130.4,130.4,0,0
MZN_PE,D,20130717,000000,130.4,130.4,130.4,130.4,0,0
MZN_PE,D,20130718,000000,130.4,130.4,113,113,0,0
MZN_PE,D,20130719,000000,118.5,118.5,102.2,107.6,0,0
MZN_PE,D,20130722,000000,109.8,126.1,109.8,126.1,0,0
MZN_PE,D,20130725,000000,126.1,126.1,126.1,126.1,0,0
MZN_PE,D,20130726,000000,126.1,126.1,126.1,126.1,0,0
MZN_PE,D,20130729,000000,119.6,119.6,110.9,114.1,0,0
MZN_PE,D,20130730,000000,119.6,119.6,119.6,119.6,0,0
MZN_PE,D,20130731,000000,118.5,118.5,103.3,109.8,0,0
MZN_PE,D,20130808,000000,108.7,125,108.7,125,0,0
MZN_PE,D,20130809,000000,119.6,119.6,119.6,119.6,0,0
MZN_PE,D,20130813,000000,125,125,83.6,83.6,0,0
MZN_PE,D,20130827,000000,70.3,73.4,69.6,73.4,0,0
MZN_PE,D,20130828,000000,73.2,73.4,73.2,73.4,0,0
MZN_PE,D,20130902,000000,73.2,74.8,72.5,74.8,0,0
MZN_PE,D,20130903,000000,74.6,82.1,69.6,82.1,0,0
MZN_PE,D,20130906,000000,67.4,78.5,67.4,78.5,0,0
MZN_PE,D,20130912,000000,74.6,85.7,74.6,85.7,0,0
MZN_PE,D,20130916,000000,85.5,100.7,84.1,87.9,0,0
MZN_PE,D,20130917,000000,87,87.2,87,87.2,0,0
MZN_PE,D,20130918,000000,76.8,77,73.9,77,0,0
MZN_PE,D,20130923,000000,73.2,87,65.2,72.7,0,0
MZN_PE,D,20130924,000000,67.4,80.7,61.6,80.7,0,0
MZN_PE,D,20130925,000000,73.2,73.2,68.8,69,0,0
MZN_PE,D,20130926,000000,68.8,68.8,52.9,58.9,0,0
MZN_PE,D,20130927,000000,58,58,52.9,53,0,0
MZN_PE,D,20130930,000000,61.6,67.4,55.8,56,0,0
MZN_PE,D,20131001,000000,53.6,53.6,50,50.1,0,0
MZN_PE,D,20131002,000000,52.9,53,52.9,53,0,0
MZN_PE,D,20131003,000000,67.4,67.4,52.2,57.4,0,0
MZN_PE,D,20131004,000000,57.2,61.6,57.2,57.4,0,0
MZN_PE,D,20131007,000000,59.4,59.6,59.4,59.6,0,0
MZN_PE,D,20131008,000000,58.7,61,58,61,0,0
MZN_PE,D,20131009,000000,58,61,58,61,0,0
MZN_PE,D,20131016,000000,60.1,63,54.3,54.5,0,0
MZN_PE,D,20131017,000000,57.2,67.4,57.2,63.2,0,0
MZN_PE,D,20131025,000000,62.3,62.3,57.2,60.3,0,0
MZN_PE,D,20131028,000000,68.8,68.8,63.8,66.9,0,0
MZN_PE,D,20131029,000000,65.9,66.1,65.9,66.1,0,0
MZN_PE,D,20131030,000000,65.2,66.7,61.6,65.4,0,0
MZN_PE,D,20131031,000000,65.2,65.4,65.2,65.4,0,0
MZN_PE,D,20131104,000000,65.2,65.4,65.2,65.4,0,0
MZN_PE,D,20131105,000000,65.2,65.4,65.2,65.4,0,0
MZN_PE,D,20131106,000000,65.2,65.2,61.6,61.8,0,0
MZN_PE,D,20131114,000000,61.6,64.7,61.6,64.7,0,0
MZN_PE,D,20131118,000000,63.8,69,59.4,69,0,0
MZN_PE,D,20131119,000000,68.1,68.1,63,63.2,0,0
MZN_PE,D,20131121,000000,63,63,58,58,0,0
MZN_PE,D,20131122,000000,58,63.9,58,63.9,0,0
MZN_PE,D,20131125,000000,61.6,61.8,61.6,61.8,0,0
MZN_PE,D,20131129,000000,56.5,60.3,56.5,60.3,0,0
MZN_PE,D,20131203,000000,60.1,66.7,60.1,66.1,0,0
MZN_PE,D,20131204,000000,66.7,66.7,60.9,61,0,0
MZN_PE,D,20131209,000000,60.9,65.9,59.4,59.6,0,0
MZN_PE,D,20131210,000000,58.7,58.7,53.6,58.1,0,0
MZN_PE,D,20131211,000000,55.1,61,55.1,61,0,0
MZN_PE,D,20131223,000000,60.9,72.5,58,63.9,0,0
MZN_PE,D,20131230,000000,63.8,70.3,61.6,63.2,0,0
MZN_PE,D,20140102,000000,65.9,66.1,65.9,66.1,0,0
MZN_PE,D,20140110,000000,273.3,286.7,273.3,282.9,0,0
MZN_PE,D,20140115,000000,286.7,316.7,286.7,296,0,0
MZN_PE,D,20140117,000000,310,320,296.7,312.5,0,0
MZN_PE,D,20140120,000000,300,306.7,296,296,0,0
MZN_PE,D,20140121,000000,300,300,296,296,0,0
MZN_PE,D,20140122,000000,300,316.7,296,296,0,0
MZN_PE,D,20140123,000000,273.3,276.7,273,273,0,0
MZN_PE,D,20140124,000000,250,340,250,335.5,0,0
MZN_PE,D,20140127,000000,326.7,350,309.2,309.2,0,0
MZN_PE,D,20140130,000000,286.7,290,286.2,286.2,0,0
MZN_PE,D,20140131,000000,290,290,286.2,286.2,0,0
MZN_PE,D,20140203,000000,283.3,296.7,266.7,292.7,0,0
MZN_PE,D,20140206,000000,270,273.3,269.7,269.7,0,0
MZN_PE,D,20140210,000000,280,306.7,280,302.6,0,0
MZN_PE,D,20140212,000000,280,333.3,280,299.3,0,0
MZN_PE,D,20140219,000000,300,300,296,296,0,0
MZN_PE,D,20140220,000000,280,280,269.7,269.7,0,0
MZN_PE,D,20140221,000000,266.7,270,246.7,266.4,0,0
MZN_PE,D,20140224,000000,293.3,293.3,289.4,289.4,0,0
MZN_PE,D,20140226,000000,293.3,293.3,289.4,289.4,0,0
MZN_PE,D,20140228,000000,266.7,293.3,266.7,289.4,0,0
MZN_PE,D,20140303,000000,243.3,283.3,243.3,279.6,0,0
MZN_PE,D,20140910,000000,97.7,97.7,90.9,96.5,0,0
MZN_PE,D,20140911,000000,98.9,98.9,89.7,89.7,0,0
MZN_PE,D,20140912,000000,92,92,91.9,91.9,0,0
MZN_PE,D,20141006,000000,92,92,91.9,91.9,0,0
MZN_PE,D,20141007,000000,92,98.9,92,98.7,0,0
MZN_PE,D,20141017,000000,101.1,101.1,101,101,0,0
MZN_PE,D,20141020,000000,101.1,101.1,101,101,0,0
MZN_PE,D,20141021,000000,101.1,101.1,101,101,0,0
MZN_PE,D,20141022,000000,101.1,101.1,91.9,91.9,0,0
MZN_PE,D,20141027,000000,92,92,90.8,90.8,0,0
MZN_PE,D,20141028,000000,84.1,84.1,84,84,0,0
MZN_PE,D,20141030,000000,72.7,75,67,69.2,0,0
MZN_PE,D,20141103,000000,71.6,71.6,70.4,70.4,0,0
MZN_PE,D,20141105,000000,71.6,71.6,71.5,71.5,0,0
MZN_PE,D,20141110,000000,77.3,77.3,77.2,77.2,0,0
MZN_PE,D,20141112,000000,77.3,77.3,77.2,77.2,0,0
MZN_PE,D,20141113,000000,77.3,77.3,69.2,69.2,0,0
MZN_PE,D,20141114,000000,72.7,79.5,72.7,79.5,0,0
MZN_PE,D,20141117,000000,79.5,79.5,73.9,76,0,0
MZN_PE,D,20141120,000000,76.1,79.5,76.1,79.5,0,0
MZN_PE,D,20141124,000000,85.2,85.2,85.1,85.1,0,0
MZN_PE,D,20141125,000000,76.1,76.1,76,76,0,0
MZN_PE,D,20141127,000000,77.3,77.3,77.2,77.2,0,0
MZN_PE,D,20141128,000000,77.3,85.2,77.3,85.1,0,0
MZN_PE,D,20141204,000000,21.8,21.8,21.8,21.8,0,0
MZN_PE,D,20141209,000000,21.5,21.5,21.5,21.5,0,0
MZN_PE,D,20141218,000000,21.5,21.5,20.3,20.4,0,0
MZN_PE,D,20141219,000000,20.4,20.4,20.4,20.4,0,0
MZN_PE,D,20141222,000000,20.4,20.4,20.4,20.4,0,0
MZN_PE,D,20141223,000000,20.4,20.4,20.4,20.4,0,0
MZN_PE,D,20141230,000000,21.6,21.6,19.5,21.2,0,0
MZN_PE,D,20150102,000000,23.8,23.8,22.4,22.4,0,0
MZN_PE,D,20150105,000000,22.4,22.4,20.1,20.1,0,0
MZN_PE,D,20150113,000000,17.8,17.8,17.7,17.7,0,0
MZN_PE,D,20150114,000000,18,18,18,18,0,0
MZN_PE,D,20150121,000000,19.8,19.8,19.8,19.8,0,0
MZN_PE,D,20150204,000000,19.5,19.5,19.5,19.5,0,0
MZN_PE,D,20150206,000000,17.7,18.6,17.4,18.6,0,0
MZN_PE,D,20150209,000000,19.2,19.2,19.2,19.2,0,0
MZN_PE,D,20150210,000000,19.2,19.2,19.2,19.2,0,0
MZN_PE,D,20150211,000000,19.2,19.2,19.2,19.2,0,0
MZN_PE,D,20150212,000000,19.2,19.2,17.4,17.5,0,0
MZN_PE,D,20150216,000000,17.5,17.5,16.6,16.6,0,0
MZN_PE,D,20150217,000000,16.6,16.6,16.6,16.6,0,0
MZN_PE,D,20150218,000000,16.6,16.6,16.6,16.6,0,0
MZN_PE,D,20150219,000000,16.6,16.6,7.6,7.6,0,0
MZN_PE,D,20150220,000000,7.6,7.6,7.6,7.6,0,0
MZN_PE,D,20150223,000000,7.6,8.4,7.6,8.4,0,0
MZN_PE,D,20150225,000000,8.4,8.7,8.4,8.7,0,0
MZN_PE,D,20150226,000000,8.7,8.7,8.7,8.7,0,0
MZN_PE,D,20150227,000000,8.2,8.2,8.1,8.1,0,0
MZN_PE,D,20150302,000000,8,8.7,8,8.7,0,0
MZN_PE,D,20150303,000000,8.7,8.7,7.8,8,0,0
MZN_PE,D,20150304,000000,8,8.7,8,8.7,0,0
MZN_PE,D,20150305,000000,8.7,8.7,8.7,8.7,0,0
MZN_PE,D,20150306,000000,8.7,8.7,8.7,8.7,0,0
MZN_PE,D,20150309,000000,8.7,8.7,8,8.7,0,0
MZN_PE,D,20150310,000000,8.7,8.7,8.7,8.7,0,0
MZN_PE,D,20150311,000000,8.7,8.7,8.7,8.7,0,0
MZN_PE,D,20150312,000000,8.7,8.7,8.7,8.7,0,0
MZN_PE,D,20150313,000000,8.7,10.2,8.7,9.9,0,0
MZN_PE,D,20150316,000000,9.9,10.6,9.8,10.1,0,0
MZN_PE,D,20150317,000000,10.1,11.6,10.1,10.8,0,0
MZN_PE,D,20150318,000000,10.8,11.6,10.8,11.6,0,0
MZN_PE,D,20150319,000000,11.7,12.1,11.7,12.1,0,0
MZN_PE,D,20150320,000000,12.1,14,11.3,12.1,0,0
MZN_PE,D,20150323,000000,12.6,13.2,12.6,13.1,0,0
MZN_PE,D,20150324,000000,13.1,13.1,12.2,12.9,0,0
MZN_PE,D,20150325,000000,12.9,12.9,12.6,12.7,0,0
MZN_PE,D,20150326,000000,12.7,12.7,12,12,0,0
MZN_PE,D,20150327,000000,12,12,11.3,11.3,0,0
MZN_PE,D,20150330,000000,11.8,11.8,10.8,11.7,0,0
MZN_PE,D,20150407,000000,11.7,13,11.6,11.6,0,0
MZN_PE,D,20150408,000000,11.5,12.4,11.5,12.4,0,0
MZN_PE,D,20150409,000000,12.3,12.3,12.3,12.3,0,0
MZN_PE,D,20150410,000000,12.3,12.3,9.9,11.1,0,0
MZN_PE,D,20150413,000000,10.8,12.2,9.1,12.1,0,0
MZN_PE,D,20150414,000000,12.1,12.1,12.1,12.1,0,0
MZN_PE,D,20150415,000000,12.1,12.1,12.1,12.1,0,0
MZN_PE,D,20150416,000000,12,12,11,11.1,0,0
MZN_PE,D,20150420,000000,11.2,11.2,10,10.9,0,0
MZN_PE,D,20150421,000000,10.9,10.9,10.9,10.9,0,0
MZN_PE,D,20150422,000000,9.8,10.1,9.3,10.1,0,0
MZN_PE,D,20150423,000000,10.1,10.1,10.1,10.1,0,0
MZN_PE,D,20150424,000000,10.9,10.9,10.9,10.9,0,0
MZN_PE,D,20150430,000000,10.9,10.9,10.9,10.9,0,0
MZN_PE,D,20150504,000000,10.9,10.9,10.9,10.9,0,0
MZN_PE,D,20150515,000000,10.9,11.6,10.9,11.5,0,0
MZN_PE,D,20150518,000000,11.4,12,11.2,12,0,0
MZN_PE,D,20150519,000000,12,12,12,12,0,0
MZN_PE,D,20150520,000000,12.1,12.1,12.1,12.1,0,0
MZN_PE,D,20150521,000000,12.1,12.3,12.1,12.3,0,0
MZN_PE,D,20150526,000000,11.2,11.2,11.2,11.2,0,0
MZN_PE,D,20150527,000000,11.2,11.2,10.3,10.3,0,0
MZN_PE,D,20150605,000000,11,12.6,11,12.5,0,0
MZN_PE,D,20150608,000000,12.2,13.3,12.2,13.3,0,0
MZN_PE,D,20150609,000000,13.3,14.5,13,13,0,0
MZN_PE,D,20150610,000000,13,15,13,13.8,0,0
MZN_PE,D,20150611,000000,13.8,13.8,12.5,12.6,0,0
MZN_PE,D,20150612,000000,12.6,14.5,12.6,14.5,0,0
MZN_PE,D,20150615,000000,15,15,15,15,0,0
MZN_PE,D,20150616,000000,14.5,15,14.5,15,0,0
MZN_PE,D,20150617,000000,15,15.1,13.9,15.1,0,0
MZN_PE,D,20150618,000000,15.1,15.7,15.1,15.7,0,0
MZN_PE,D,20150619,000000,15.7,15.7,14.4,15.1,0,0
MZN_PE,D,20150622,000000,15.1,15.7,15.1,15.7,0,0
MZN_PE,D,20150623,000000,15.7,17.5,12.6,17.5,0,0
MZN_PE,D,20150624,000000,17.5,17.5,17.1,17.1,0,0
MZN_PE,D,20150625,000000,17.5,17.5,17.5,17.5,0,0
MZN_PE,D,20150626,000000,17.4,17.5,17.4,17.5,0,0
MZN_PE,D,20150629,000000,17.5,17.5,17.5,17.5,0,0
MZN_PE,D,20150630,000000,17.1,17.6,17.1,17.6,0,0
MZN_PE,D,20150701,000000,17.4,17.4,17.4,17.4,0,0
MZN_PE,D,20150702,000000,17.7,18.2,17.4,18.1,0,0
MZN_PE,D,20150703,000000,18.1,18.1,18,18,0,0
MZN_PE,D,20150706,000000,18.1,18.1,17,18,0,0
MZN_PE,D,20150707,000000,18.1,18.1,18.1,18.1,0,0
MZN_PE,D,20150708,000000,18,19.4,17.1,19.4,0,0
MZN_PE,D,20150709,000000,17.6,17.6,17,17,0,0
MZN_PE,D,20150710,000000,17.9,19.5,17.9,19.4,0,0
MZN_PE,D,20150713,000000,19.4,19.4,19.4,19.4,0,0
MZN_PE,D,20150714,000000,19.4,19.4,19.4,19.4,0,0
MZN_PE,D,20150715,000000,19.4,20,17.6,20,0,0
MZN_PE,D,20150716,000000,18.4,19.6,18.4,19.6,0,0
MZN_PE,D,20150717,000000,20,20,18.2,19.6,0,0
MZN_PE,D,20150721,000000,19.5,19.5,19.5,19.5,0,0
MZN_PE,D,20150722,000000,19.4,19.4,19.4,19.4,0,0
MZN_PE,D,20150723,000000,19.4,19.4,18.1,19.3,0,0
MZN_PE,D,20150724,000000,18.9,18.9,18.9,18.9,0,0
MZN_PE,D,20150727,000000,18.1,19.5,17,18.8,0,0
MZN_PE,D,20150728,000000,17.6,19.4,17.6,19.4,0,0
MZN_PE,D,20150729,000000,19.4,19.4,19.4,19.4,0,0
MZN_PE,D,20150730,000000,19.4,19.4,19.1,19.1,0,0
MZN_PE,D,20150731,000000,17.3,18.2,17.3,18.2,0,0
MZN_PE,D,20150803,000000,18.8,18.8,17.2,18.6,0,0
MZN_PE,D,20150804,000000,19,19,19,19,0,0
MZN_PE,D,20150805,000000,18.9,19.4,17.1,19.4,0,0
MZN_PE,D,20150806,000000,17.6,19.3,15.7,18.9,0,0
MZN_PE,D,20150807,000000,18.8,19.4,17,19.3,0,0
MZN_PE,D,20150810,000000,19.4,19.4,17.8,19.3,0,0
MZN_PE,D,20150811,000000,19.3,19.3,17.5,18.7,0,0
MZN_PE,D,20150812,000000,18.8,18.8,17.4,18.7,0,0
MZN_PE,D,20150813,000000,18.8,19.3,17.9,19.3,0,0
MZN_PE,D,20150814,000000,19.3,19.3,17.5,18.7,0,0
MZN_PE,D,20150817,000000,18.7,18.7,18.7,18.7,0,0
MZN_PE,D,20150818,000000,18.7,18.7,17.4,18.6,0,0
MZN_PE,D,20150819,000000,18.7,18.7,18.2,18.7,0,0
MZN_PE,D,20150820,000000,18.4,18.5,18.4,18.5,0,0
MZN_PE,D,20150821,000000,18.7,18.7,17.5,18.7,0,0
MZN_PE,D,20150824,000000,18.7,18.7,17.6,18.7,0,0
MZN_PE,D,20150825,000000,18.7,18.7,18.7,18.7,0,0
MZN_PE,D,20150826,000000,18.2,18.2,18.2,18.2,0,0
MZN_PE,D,20150827,000000,18.7,18.7,17.1,18.6,0,0
MZN_PE,D,20150828,000000,18.6,18.6,18.6,18.6,0,0
MZN_PE,D,20150831,000000,17.6,18.6,17.6,17.6,0,0
MZN_PE,D,20150901,000000,18.4,18.4,17.4,18.2,0,0
MZN_PE,D,20150902,000000,18.2,21.5,17.1,21.5,0,0
MZN_PE,D,20150903,000000,21.5,21.5,20.2,21.5,0,0
MZN_PE,D,20150904,000000,20.2,21.2,20.1,20.1,0,0
MZN_PE,D,20150907,000000,21.4,21.4,19.9,21,0,0
MZN_PE,D,20150908,000000,20.6,21.6,16.7,21.6,0,0
MZN_PE,D,20150909,000000,21.7,21.7,20,21.6,0,0
MZN_PE,D,20150910,000000,21.6,21.6,19.7,19.7,0,0
MZN_PE,D,20150911,000000,21.5,21.5,21.5,21.5,0,0
MZN_PE,D,20150914,000000,21.8,21.8,21.8,21.8,0,0
MZN_PE,D,20150915,000000,21.4,21.4,19.3,20.7,0,0
MZN_PE,D,20150916,000000,20.7,20.7,19.5,20.7,0,0
MZN_PE,D,20150917,000000,21.3,21.3,21.3,21.3,0,0
MZN_PE,D,20150918,000000,21.3,21.3,19.4,20.6,0,0
MZN_PE,D,20150921,000000,21.3,21.3,19.4,19.4,0,0
MZN_PE,D,20150922,000000,19.4,20.4,19.4,20.4,0,0
MZN_PE,D,20150923,000000,20.6,21.5,19.4,21.5,0,0
MZN_PE,D,20150924,000000,21.5,21.5,21.5,21.5,0,0
MZN_PE,D,20150925,000000,21.8,21.8,21.8,21.8,0,0
MZN_PE,D,20150928,000000,21.7,21.7,21.6,21.6,0,0
MZN_PE,D,20150929,000000,21.6,21.6,21.6,21.6,0,0
MZN_PE,D,20150930,000000,19.8,21.6,19.4,19.4,0,0
MZN_PE,D,20151001,000000,19.6,21.8,19.6,21.8,0,0
MZN_PE,D,20151002,000000,21.8,21.8,21.8,21.8,0,0
MZN_PE,D,20151005,000000,21.7,21.7,21.6,21.6,0,0
MZN_PE,D,20151006,000000,21.6,21.6,21.6,21.6,0,0
MZN_PE,D,20151007,000000,21.6,21.6,21.6,21.6,0,0
MZN_PE,D,20151008,000000,21.6,21.6,21.6,21.6,0,0
MZN_PE,D,20151009,000000,21.6,21.6,21.6,21.6,0,0
MZN_PE,D,20151012,000000,21.6,21.6,21.6,21.6,0,0
MZN_PE,D,20151013,000000,21.6,21.6,21.6,21.6,0,0
MZN_PE,D,20151014,000000,21.6,21.6,21.6,21.6,0,0
MZN_PE,D,20151015,000000,21.6,21.6,21.6,21.6,0,0
MZN_PE,D,20151016,000000,21.6,21.6,21.6,21.6,0,0
MZN_PE,D,20151019,000000,21.6,21.6,21.6,21.6,0,0
MZN_PE,D,20151020,000000,21.6,21.6,21.6,21.6,0,0
MZN_PE,D,20151021,000000,21.6,21.6,21.6,21.6,0,0
MZN_PE,D,20151022,000000,21.6,21.6,21.6,21.6,0,0
MZN_PE,D,20151023,000000,22,22.1,22,22.1,0,0
MZN_PE,D,20151026,000000,21.5,22.1,20.8,22.1,0,0
MZN_PE,D,20151027,000000,22.1,22.1,22.1,22.1,0,0
MZN_PE,D,20151028,000000,21.7,21.8,21.7,21.8,0,0
MZN_PE,D,20151029,000000,21.8,21.8,21.8,21.8,0,0
MZN_PE,D,20151030,000000,21.8,22.1,21.7,22.1,0,0
MZN_PE,D,20151102,000000,22.1,22.1,22.1,22.1,0,0
MZN_PE,D,20151103,000000,22.1,22.1,22.1,22.1,0,0
MZN_PE,D,20151104,000000,22.1,22.1,22.1,22.1,0,0
MZN_PE,D,20151105,000000,22.1,22.1,22.1,22.1,0,0
MZN_PE,D,20151106,000000,21.8,21.8,21.8,21.8,0,0
MZN_PE,D,20151109,000000,22.1,22.1,22.1,22.1,0,0
MZN_PE,D,20151110,000000,22.1,22.1,21.9,21.9,0,0
MZN_PE,D,20151112,000000,19.2,21.9,19.2,21.9,0,0
MZN_PE,D,20151113,000000,20.7,21.9,20.7,21.9,0,0
MZN_PE,D,20151116,000000,21.9,26.2,21.9,26.2,0,0
MZN_PE,D,20151117,000000,26.2,26.2,26.2,26.2,0,0
MZN_PE,D,20151118,000000,26.2,26.2,26.2,26.2,0,0
MZN_PE,D,20151119,000000,26.2,26.2,26.2,26.2,0,0
MZN_PE,D,20151120,000000,26.2,26.2,26.2,26.2,0,0
MZN_PE,D,20151127,000000,24.8,26.2,24.8,26.2,0,0
MZN_PE,D,20151130,000000,26.2,26.4,25.5,26.3,0,0
MZN_PE,D,20151201,000000,26.3,26.3,26.3,26.3,0,0
MZN_PE,D,20151202,000000,25.9,26,24.7,26,0,0
MZN_PE,D,20151203,000000,26,26,26,26,0,0
MZN_PE,D,20151204,000000,26,26,26,26,0,0
MZN_PE,D,20151207,000000,25.8,25.8,25.8,25.8,0,0
MZN_PE,D,20151208,000000,25.8,25.8,25.8,25.8,0,0
MZN_PE,D,20151210,000000,25.8,25.8,25.8,25.8,0,0
MZN_PE,D,20151211,000000,25.8,25.8,25.8,25.8,0,0
MZN_PE,D,20151214,000000,25.8,25.8,25.8,25.8,0,0
MZN_PE,D,20151215,000000,25.8,26.2,25.8,26.2,0,0
MZN_PE,D,20151216,000000,26.4,26.4,26.3,26.3,0,0
MZN_PE,D,20151217,000000,25.7,25.8,25.7,25.8,0,0
MZN_PE,D,20151218,000000,26.1,26.2,26.1,26.2,0,0
MZN_PE,D,20151221,000000,26.4,26.4,26.3,26.3,0,0
MZN_PE,D,20151222,000000,26.3,26.3,26.3,26.3,0,0
MZN_PE,D,20151223,000000,26.3,26.3,26.3,26.3,0,0
MZN_PE,D,20151228,000000,26.3,26.3,25,25.3,0,0
MZN_PE,D,20151229,000000,26.4,26.4,24.4,25.6,0,0
MZN_PE,D,20151230,000000,26.3,26.3,23.9,24.7,0,0
MZN_PE,D,20160104,000000,25.9,26,25.9,26,0,0
MZN_PE,D,20160105,000000,26,26,26,26,0,0
MZN_PE,D,20160107,000000,25.8,25.8,25.8,25.8,0,0
MZN_PE,D,20160108,000000,25.8,25.8,25.8,25.8,0,0
MZN_PE,D,20160111,000000,25.6,25.6,25.6,25.6,0,0
MZN_PE,D,20160112,000000,25.6,25.6,23.7,24.9,0,0
MZN_PE,D,20160113,000000,24.9,24.9,24.9,24.9,0,0
MZN_PE,D,20160114,000000,24.9,24.9,22.6,22.6,0,0
MZN_PE,D,20160115,000000,23.1,23.1,21.2,21.2,0,0
MZN_PE,D,20160118,000000,22.1,22.1,20.7,20.7,0,0
MZN_PE,D,20160119,000000,20.7,22.1,20.7,21,0,0
MZN_PE,D,20160120,000000,20.6,23.2,20.6,23.2,0,0
MZN_PE,D,20160121,000000,23.2,24.2,23.2,24.2,0,0
MZN_PE,D,20160122,000000,24.9,24.9,23,24.9,0,0
MZN_PE,D,20160125,000000,21.2,24.9,21.2,24.9,0,0
MZN_PE,D,20160126,000000,24.9,25.3,24.9,25.3,0,0
MZN_PE,D,20160127,000000,25.3,25.3,24.1,24.9,0,0
MZN_PE,D,20160128,000000,24.7,25.5,24.7,25.5,0,0
MZN_PE,D,20160129,000000,25.5,25.5,22.8,23.9,0,0
MZN_PE,D,20160201,000000,23.9,24.8,23.9,24.7,0,0
MZN_PE,D,20160202,000000,25.4,25.4,22.9,24.6,0,0
MZN_PE,D,20160203,000000,25.5,25.5,25.5,25.5,0,0
MZN_PE,D,20160204,000000,25.5,25.5,25.5,25.5,0,0
MZN_PE,D,20160205,000000,25.5,25.5,25.5,25.5,0,0
MZN_PE,D,20160208,000000,25.5,25.5,25.5,25.5,0,0
MZN_PE,D,20160209,000000,25.5,25.5,25.5,25.5,0,0
MZN_PE,D,20160210,000000,25.5,25.5,25.5,25.5,0,0
MZN_PE,D,20160211,000000,25.5,25.5,25.5,25.5,0,0
MZN_PE,D,20160212,000000,25.5,25.5,25.5,25.5,0,0
MZN_PE,D,20160215,000000,25.5,25.5,25.5,25.5,0,0
MZN_PE,D,20160216,000000,25.5,25.5,25.5,25.5,0,0
MZN_PE,D,20160217,000000,25.3,25.3,25.3,25.3,0,0
MZN_PE,D,20160218,000000,25.3,25.3,25.3,25.3,0,0
MZN_PE,D,20160219,000000,25.3,37.3,25.3,37.3,0,0
MZN_PE,D,20160222,000000,37.3,37.3,37.3,37.3,0,0
MZN_PE,D,20160223,000000,37.3,37.3,37.3,37.3,0,0
MZN_PE,D,20160224,000000,37.3,37.3,37.3,37.3,0,0
MZN_PE,D,20160225,000000,37.3,37.3,37.3,37.3,0,0
MZN_PE,D,20160226,000000,37.3,37.3,33.9,37.3,0,0
MZN_PE,D,20160229,000000,37.3,37.3,33.9,37.3,0,0
MZN_PE,D,20160301,000000,37.3,37.3,37.3,37.3,0,0
MZN_PE,D,20160302,000000,36.8,36.8,36.8,36.8,0,0
MZN_PE,D,20160303,000000,36.8,36.8,36.8,36.8,0,0
MZN_PE,D,20160304,000000,37.3,37.3,37.3,37.3,0,0
MZN_PE,D,20160307,000000,37.3,37.3,37.3,37.3,0,0
MZN_PE,D,20160308,000000,37.3,37.3,37.3,37.3,0,0
MZN_PE,D,20160309,000000,37.3,37.3,37.3,37.3,0,0
MZN_PE,D,20160310,000000,37.3,37.3,37.3,37.3,0,0
MZN_PE,D,20160311,000000,37.3,37.3,37.3,37.3,0,0
MZN_PE,D,20160314,000000,37.3,37.3,37.3,37.3,0,0
MZN_PE,D,20160315,000000,37.3,37.3,37.3,37.3,0,0
MZN_PE,D,20160316,000000,37.3,37.3,37.3,37.3,0,0
MZN_PE,D,20160317,000000,37.3,38.1,37.3,38.1,0,0
MZN_PE,D,20160318,000000,38.1,38.1,38.1,38.1,0,0
MZN_PE,D,20160321,000000,38.1,38.1,38.1,38.1,0,0
MZN_PE,D,20160322,000000,37.9,37.9,37.9,37.9,0,0
MZN_PE,D,20160323,000000,37.9,37.9,37.9,37.9,0,0
MZN_PE,D,20160324,000000,37.9,37.9,37.9,37.9,0,0
MZN_PE,D,20160329,000000,37.9,37.9,37.8,37.8,0,0
MZN_PE,D,20160330,000000,37.8,37.8,37.8,37.8,0,0
MZN_PE,D,20160331,000000,37.8,37.8,35.9,37.8,0,0
MZN_PE,D,20160401,000000,37.2,37.3,37.2,37.3,0,0
MZN_PE,D,20160404,000000,37.3,37.3,37.3,37.3,0,0
MZN_PE,D,20160405,000000,37.3,37.3,37.3,37.3,0,0
MZN_PE,D,20160406,000000,37.3,37.3,37.3,37.3,0,0
MZN_PE,D,20160407,000000,37.3,37.3,37.3,37.3,0,0
MZN_PE,D,20160408,000000,37.3,38.1,37.3,38.1,0,0
MZN_PE,D,20160411,000000,38.1,38.1,38.1,38.1,0,0
MZN_PE,D,20160412,000000,38.1,38.1,38.1,38.1,0,0
MZN_PE,D,20160413,000000,38.1,38.1,38.1,38.1,0,0
MZN_PE,D,20160414,000000,38.1,38.1,38.1,38.1,0,0
MZN_PE,D,20160415,000000,38.1,38.1,38.1,38.1,0,0
MZN_PE,D,20160418,000000,38.1,38.1,38.1,38.1,0,0
MZN_PE,D,20160419,000000,38.1,38.1,38.1,38.1,0,0
MZN_PE,D,20160420,000000,38.1,38.1,38.1,38.1,0,0
MZN_PE,D,20160421,000000,38.1,38.1,38.1,38.1,0,0
MZN_PE,D,20160422,000000,38.1,38.1,38.1,38.1,0,0
MZN_PE,D,20160425,000000,38.1,38.1,38.1,38.1,0,0
MZN_PE,D,20160426,000000,38.1,38.1,38.1,38.1,0,0
MZN_PE,D,20160427,000000,38.1,38.1,38.1,38.1,0,0
MZN_PE,D,20160428,000000,38.1,38.1,38.1,38.1,0,0
MZN_PE,D,20160429,000000,38.1,38.1,38.1,38.1,0,0
MZN_PE,D,20160502,000000,38.1,38.1,38.1,38.1,0,0
MZN_PE,D,20160504,000000,38.1,38.1,38.1,38.1,0,0
MZN_PE,D,20160505,000000,38.1,38.1,38.1,38.1,0,0
MZN_PE,D,20160506,000000,38.1,38.1,38.1,38.1,0,0
MZN_PE,D,20160509,000000,38.1,38.1,38.1,38.1,0,0
MZN_PE,D,20160510,000000,38.1,38.1,38.1,38.1,0,0
MZN_PE,D,20160511,000000,38.1,38.1,38.1,38.1,0,0
MZN_PE,D,20160512,000000,37.9,37.9,37.8,37.8,0,0
MZN_PE,D,20160513,000000,37.8,37.8,36.2,37.8,0,0
MZN_PE,D,20160516,000000,37.8,37.8,37.8,37.8,0,0
MZN_PE,D,20160517,000000,38,38.1,38,38.1,0,0
MZN_PE,D,20160518,000000,37.9,37.9,37.8,37.8,0,0
MZN_PE,D,20160519,000000,37.8,37.8,37.8,37.8,0,0
MZN_PE,D,20160520,000000,37.8,37.8,37.8,37.8,0,0
MZN_PE,D,20160523,000000,37.8,37.8,37.8,37.8,0,0
MZN_PE,D,20160524,000000,37.8,37.8,37.8,37.8,0,0
MZN_PE,D,20160525,000000,37.8,37.8,37.8,37.8,0,0
MZN_PE,D,20160527,000000,37.8,42.2,37.8,42.2,0,0
MZN_PE,D,20160530,000000,42.2,42.2,42.2,42.2,0,0
MZN_PE,D,20160531,000000,42.2,42.5,40.1,42.5,0,0
MZN_PE,D,20160601,000000,42.4,42.5,42.4,42.5,0,0
MZN_PE,D,20160602,000000,42.4,42.5,42.4,42.5,0,0
MZN_PE,D,20160603,000000,42.4,42.5,42.4,42.5,0,0
MZN_PE,D,20160606,000000,42.4,42.5,42.4,42.5,0,0
MZN_PE,D,20160607,000000,42.4,42.5,42.4,42.5,0,0
MZN_PE,D,20160608,000000,42.4,42.5,39.8,42.5,0,0
MZN_PE,D,20160609,000000,42.4,42.5,42.4,42.5,0,0
MZN_PE,D,20160610,000000,42.4,42.5,42.4,42.5,0,0
MZN_PE,D,20160613,000000,42.4,42.5,39.8,42.5,0,0
MZN_PE,D,20160614,000000,42.4,42.5,42.4,42.5,0,0
MZN_PE,D,20160615,000000,42.4,46.5,42.4,46.5,0,0
MZN_PE,D,20160616,000000,46.5,46.5,46.5,46.5,0,0
MZN_PE,D,20160617,000000,46.5,46.5,46.5,46.5,0,0
MZN_PE,D,20160620,000000,46.5,46.5,46.5,46.5,0,0
MZN_PE,D,20160621,000000,46.5,46.5,46.5,46.5,0,0
MZN_PE,D,20160622,000000,46.5,46.5,46.5,46.5,0,0
MZN_PE,D,20160623,000000,46.5,46.5,46.5,46.5,0,0
MZN_PE,D,20160624,000000,46.5,46.5,46.5,46.5,0,0
MZN_PE,D,20160627,000000,46.5,46.5,46.5,46.5,0,0
MZN_PE,D,20160628,000000,46.5,46.5,46.5,46.5,0,0
MZN_PE,D,20160629,000000,46.5,46.5,46.5,46.5,0,0
MZN_PE,D,20160630,000000,46.5,46.5,46.5,46.5,0,0
MZN_PE,D,20160701,000000,46.5,46.5,46.5,46.5,0,0
MZN_PE,D,20160704,000000,46.5,46.5,46.5,46.5,0,0
MZN_PE,D,20160705,000000,46.5,46.5,46.5,46.5,0,0
MZN_PE,D,20160706,000000,46.5,46.5,46.5,46.5,0,0
MZN_PE,D,20160707,000000,46.5,46.5,46.5,46.5,0,0
MZN_PE,D,20160708,000000,46.5,46.5,46.5,46.5,0,0
MZN_PE,D,20160711,000000,46.5,46.5,46.5,46.5,0,0
MZN_PE,D,20160712,000000,46.5,46.5,46.5,46.5,0,0
MZN_PE,D,20160713,000000,46.5,46.5,46.5,46.5,0,0
MZN_PE,D,20160714,000000,46.5,46.5,46.5,46.5,0,0
MZN_PE,D,20160715,000000,46.5,46.5,46.5,46.5,0,0
MZN_PE,D,20160718,000000,46.5,46.5,46.5,46.5,0,0
MZN_PE,D,20160719,000000,46.5,46.5,46.5,46.5,0,0
MZN_PE,D,20160720,000000,46.5,46.5,46.5,46.5,0,0
MZN_PE,D,20160721,000000,46.5,46.5,46.5,46.5,0,0
MZN_PE,D,20160722,000000,46.5,46.5,46.5,46.5,0,0
MZN_PE,D,20160725,000000,46.5,46.5,45.9,45.9,0,0
MZN_PE,D,20160726,000000,46.5,46.5,46.5,46.5,0,0
MZN_PE,D,20160727,000000,46.5,49.7,46.5,49.7,0,0
MZN_PE,D,20160728,000000,59.6,65,59.6,65,0,0
MZN_PE,D,20160729,000000,63.7,65.4,57.3,65.4,0,0
MZN_PE,D,20160801,000000,63.9,63.9,63.8,63.8,0,0
MZN_PE,D,20160802,000000,63.9,63.9,59.1,63.8,0,0
MZN_PE,D,20160803,000000,63.9,63.9,63.8,63.8,0,0
MZN_PE,D,20160804,000000,65.2,65.2,61.7,65,0,0
MZN_PE,D,20160805,000000,65.3,65.4,62.7,65.4,0,0
MZN_PE,D,20160808,000000,63.9,63.9,63.8,63.8,0,0
MZN_PE,D,20160809,000000,63.9,63.9,63.8,63.8,0,0
MZN_PE,D,20160810,000000,63.9,63.9,63.8,63.8,0,0
MZN_PE,D,20160811,000000,64.9,64.9,64.7,64.7,0,0
MZN_PE,D,20160812,000000,64.6,64.7,64.6,64.7,0,0
MZN_PE,D,20160816,000000,64.6,64.6,63.7,63.8,0,0
MZN_PE,D,20160817,000000,63.9,75,63.9,75,0,0
MZN_PE,D,20160818,000000,70,70.1,70,70.1,0,0
MZN_PE,D,20160819,000000,69.7,69.7,69.7,69.7,0,0
MZN_PE,D,20160822,000000,69.7,70.1,69.7,70.1,0,0
MZN_PE,D,20160823,000000,69.7,75,69.7,75,0,0
MZN_PE,D,20160824,000000,69.7,74.9,69.7,73.2,0,0
MZN_PE,D,20160825,000000,72.8,75,72.8,75,0,0
MZN_PE,D,20160826,000000,74.9,78.4,69.7,78.4,0,0
MZN_PE,D,20160829,000000,78.4,78.4,69.7,76.7,0,0
MZN_PE,D,20160830,000000,77.4,77.4,77.4,77.4,0,0
MZN_PE,D,20160831,000000,74.9,75,74.9,75,0,0
MZN_PE,D,20160901,000000,71.4,75,71.4,75,0,0
MZN_PE,D,20160905,000000,73.2,73.2,73.2,73.2,0,0
MZN_PE,D,20160906,000000,71.4,76.7,71.4,76.7,0,0
MZN_PE,D,20160907,000000,76.7,76.7,76.7,76.7,0,0
MZN_PE,D,20160908,000000,73.9,73.9,73.2,73.9,0,0
MZN_PE,D,20160909,000000,73.9,76.7,73.9,76.7,0,0
MZN_PE,D,20160912,000000,80.5,80.5,80.5,80.5,0,0
MZN_PE,D,20160914,000000,81.9,81.9,81.9,81.9,0,0
MZN_PE,D,20160916,000000,86.1,86.1,86.1,86.1,0,0
MZN_PE,D,20160920,000000,87.1,87.1,85.4,85.4,0,0
MZN_PE,D,20160921,000000,85.4,88.9,85.4,85.4,0,0
MZN_PE,D,20160922,000000,83.6,89.9,83.6,89.9,0,0
MZN_PE,D,20160923,000000,87.1,87.9,85.4,87.9,0,0
MZN_PE,D,20160927,000000,87.1,87.2,87.1,87.2,0,0
MZN_PE,D,20160928,000000,87.1,87.2,87.1,87.2,0,0
MZN_PE,D,20160929,000000,85.4,87.8,81.9,87.1,0,0
MZN_PE,D,20160930,000000,87.1,87.2,87.1,87.2,0,0
MZN_PE,D,20161003,000000,85.4,85.4,85.4,85.4,0,0
MZN_PE,D,20161004,000000,80.1,82.3,80.1,82.3,0,0
MZN_PE,D,20161005,000000,82.2,82.3,82.2,82.3,0,0
MZN_PE,D,20161006,000000,81.5,81.6,81.5,81.6,0,0
MZN_PE,D,20161007,000000,81.5,86.1,81.5,86.1,0,0
MZN_PE,D,20161010,000000,88.2,94.9,88.2,89.9,0,0
MZN_PE,D,20161011,000000,87.1,89.9,83.6,89.9,0,0
MZN_PE,D,20161012,000000,85.4,87.9,81.9,87.9,0,0
MZN_PE,D,20161013,000000,87.8,87.9,87.8,87.9,0,0
MZN_PE,D,20161014,000000,87.8,87.9,87.8,87.9,0,0
MZN_PE,D,20161017,000000,85.4,87.9,81.9,87.9,0,0
MZN_PE,D,20161018,000000,83.6,91.7,83.6,91.7,0,0
MZN_PE,D,20161019,000000,93.4,93.4,93.4,93.4,0,0
MZN_PE,D,20161020,000000,87.1,87.1,83.6,83.7,0,0
MZN_PE,D,20161024,000000,83.6,83.6,80.1,80.2,0,0
MZN_PE,D,20161025,000000,86.1,86.1,86.1,86.1,0,0
MZN_PE,D,20161026,000000,87.8,87.9,87.8,87.9,0,0
MZN_PE,D,20161027,000000,86.1,89.9,86.1,89.9,0,0
MZN_PE,D,20161028,000000,88.9,91.7,87.1,91.7,0,0
MZN_PE,D,20161031,000000,87.1,92.4,87.1,92.4,0,0
MZN_PE,D,20161102,000000,87.1,87.2,87.1,87.2,0,0
MZN_PE,D,20161103,000000,87.1,87.2,87.1,87.2,0,0
MZN_PE,D,20161104,000000,85.4,87.2,80.1,87.2,0,0
MZN_PE,D,20161107,000000,87.1,87.2,87.1,87.2,0,0
MZN_PE,D,20161110,000000,87.1,87.2,87.1,87.2,0,0
MZN_PE,D,20161121,000000,86.8,86.8,86.8,86.8,0,0
MZN_PE,D,20161122,000000,71.4,86.1,71.4,86.1,0,0
MZN_PE,D,20161123,000000,86.8,86.8,83.5,83.5,0,0
MZN_PE,D,20161124,000000,83.6,83.6,83.5,83.5,0,0
MZN_PE,D,20161125,000000,83.6,83.6,83.5,83.5,0,0
MZN_PE,D,20161128,000000,83.6,83.6,83.5,83.5,0,0
MZN_PE,D,20161129,000000,83.6,83.6,83.5,83.5,0,0
MZN_PE,D,20161130,000000,80.5,83.9,80.5,83.8,0,0
MZN_PE,D,20161202,000000,83.9,83.9,77.2,80.8,0,0
MZN_PE,D,20161207,000000,83.9,83.9,83.8,83.8,0,0
MZN_PE,D,20161208,000000,75.5,83.6,75.5,83.5,0,0
MZN_PE,D,20161209,000000,83.6,83.6,83.5,83.5,0,0
MZN_PE,D,20161212,000000,67.1,83.6,67.1,83.5,0,0
MZN_PE,D,20161214,000000,83.6,83.6,83.5,83.5,0,0
MZN_PE,D,20161219,000000,76.5,83.6,76.5,83.5,0,0
MZN_PE,D,20161220,000000,78.9,83.9,78.9,83.8,0,0
MZN_PE,D,20161221,000000,78.9,83.6,78.9,83.5,0,0
MZN_PE,D,20161222,000000,78.9,83.6,75.5,83.5,0,0
MZN_PE,D,20161223,000000,83.6,83.6,83.5,83.5,0,0
MZN_PE,D,20161227,000000,82.9,83.6,82.9,83.5,0,0
MZN_PE,D,20161228,000000,83.6,83.6,83.5,83.5,0,0
MZN_PE,D,20161229,000000,83.6,83.6,83.5,83.5,0,0
MZN_PE,D,20161230,000000,83.6,83.6,83.6,83.6,0,0
MZN_PE,D,20170102,000000,77.9,83.2,77.8,77.8,0,0
MZN_PE,D,20170103,000000,77.2,77.2,77.1,77.1,0,0
MZN_PE,D,20170104,000000,77.2,77.2,77.1,77.1,0,0
MZN_PE,D,20170105,000000,77.2,77.2,68.8,72.1,0,0
MZN_PE,D,20170113,000000,79.2,79.2,79.1,79.1,0,0
MZN_PE,D,20170118,000000,80.5,80.5,80.4,80.4,0,0
MZN_PE,D,20170119,000000,73.6,75.4,71.9,75.4,0,0
MZN_PE,D,20170124,000000,80.5,80.5,80.4,80.4,0,0
MZN_PE,D,20170125,000000,80.3,80.3,80.3,80.3,0,0
MZN_PE,D,20170127,000000,76.9,80.4,76.9,80.4,0,0
MZN_PE,D,20170130,000000,76.9,80.4,76.9,80.4,0,0
MZN_PE,D,20170131,000000,76.9,80.4,76.9,80.4,0,0
MZN_PE,D,20170202,000000,78.6,78.8,78.6,78.8,0,0
MZN_PE,D,20170206,000000,78.9,78.9,78.9,78.9,0,0
MZN_PE,D,20170207,000000,78.9,78.9,78.8,78.8,0,0
MZN_PE,D,20170216,000000,78.9,78.9,65.1,65.1,0,0
MZN_PE,D,20170220,000000,59.3,65.1,59.3,65.1,0,0
MZN_PE,D,20170221,000000,65.1,65.1,62,65.1,0,0
MZN_PE,D,20170222,000000,62,62,62,62,0,0
MZN_PE,D,20170224,000000,57.9,62,57.9,62,0,0
MZN_PE,D,20170227,000000,62,62,62,62,0,0
MZN_PE,D,20170228,000000,62,64.8,62,64.8,0,0
MZN_PE,D,20170301,000000,59.3,64.8,59.3,64.8,0,0
MZN_PE,D,20170307,000000,59.6,64.8,59.6,64.8,0,0
MZN_PE,D,20170308,000000,59.8,64.8,59.8,64.8,0,0
MZN_PE,D,20170309,000000,62.3,64.8,62.3,64.8,0,0
MZN_PE,D,20170310,000000,64.8,64.8,64.8,64.8,0,0
MZN_PE,D,20170313,000000,59.8,64.8,59.8,64.8,0,0
MZN_PE,D,20170314,000000,61.5,64.8,61.5,64.5,0,0
MZN_PE,D,20170315,000000,64.5,64.5,56,64.2,0,0
MZN_PE,D,20170316,000000,60.4,60.4,60.4,60.4,0,0
MZN_PE,D,20170317,000000,60.4,60.4,60.4,60.4,0,0
MZN_PE,D,20170320,000000,60.4,60.4,60.4,60.4,0,0
MZN_PE,D,20170321,000000,56.8,64.8,56.8,64.8,0,0
MZN_PE,D,20170322,000000,62.3,64.8,62.3,64.8,0,0
MZN_PE,D,20170324,000000,62.3,64.8,62.3,64.8,0,0
MZN_PE,D,20170327,000000,58.2,64.8,58.2,64.8,0,0
MZN_PE,D,20170329,000000,64.8,64.8,64.8,64.8,0,0
MZN_PE,D,20170330,000000,64,64,59.5,59.5,0,0
MZN_PE,D,20170331,000000,64.8,64.8,64.8,64.8,0,0
MZN_PE,D,20170403,000000,60.9,60.9,60.9,60.9,0,0
MZN_PE,D,20170405,000000,63.7,63.7,63.7,63.7,0,0
MZN_PE,D,20170406,000000,60.9,63.7,60.9,63.7,0,0
MZN_PE,D,20170410,000000,60.7,63.2,60.7,63.1,0,0
MZN_PE,D,20170412,000000,58.2,63.2,58.2,63.1,0,0
MZN_PE,D,20170413,000000,63.2,63.2,63.1,63.1,0,0
MZN_PE,D,20170418,000000,59.6,59.6,59.5,59.5,0,0
MZN_PE,D,20170419,000000,56.8,59.3,56.8,59.2,0,0
MZN_PE,D,20170421,000000,59.3,59.3,59.2,59.2,0,0
MZN_PE,D,20170425,000000,58.2,64.5,58.2,64.5,0,0
MZN_PE,D,20170426,000000,63.7,70.6,60.9,70.6,0,0
MZN_PE,D,20170427,000000,62.3,76.2,60.1,76.1,0,0
MZN_PE,D,20170428,000000,69.3,75.9,65.1,74.5,0,0
MZN_PE,D,20170502,000000,74.9,74.9,67.6,67.6,0,0
MZN_PE,D,20170504,000000,74.7,74.7,68.1,74.7,0,0
MZN_PE,D,20170505,000000,68.1,68.5,65.1,68.5,0,0
MZN_PE,D,20170508,000000,65.6,68.6,65.6,68.5,0,0
MZN_PE,D,20170509,000000,62.6,68.6,61.5,68.5,0,0
MZN_PE,D,20170510,000000,68.6,68.6,68.5,68.5,0,0
MZN_PE,D,20170511,000000,68.6,68.6,68.5,68.5,0,0
MZN_PE,D,20170512,000000,62.6,68.6,62.6,65.7,0,0
MZN_PE,D,20170515,000000,65.4,65.5,59.9,65.5,0,0
MZN_PE,D,20170516,000000,65.4,65.7,57.3,65.7,0,0
MZN_PE,D,20170517,000000,65.7,65.7,65.7,65.7,0,0
MZN_PE,D,20170518,000000,65.7,65.7,65.7,65.7,0,0
MZN_PE,D,20170519,000000,65.7,65.7,65.7,65.7,0,0
MZN_PE,D,20170522,000000,65.4,65.7,57.6,65.5,0,0
MZN_PE,D,20170523,000000,65.4,65.5,65.4,65.5,0,0
MZN_PE,D,20170524,000000,58.9,65.5,58.9,65.5,0,0
MZN_PE,D,20170525,000000,65.4,65.5,65.4,65.5,0,0
MZN_PE,D,20170526,000000,65.4,65.5,65.4,65.5,0,0
MZN_PE,D,20170529,000000,65.4,65.4,65.4,65.4,0,0
MZN_PE,D,20170530,000000,65.4,65.5,56.8,65.5,0,0
MZN_PE,D,20170531,000000,65.4,71.7,54.5,54.5,0,0
MZN_PE,D,20170601,000000,54.5,56.8,54.5,56.8,0,0
MZN_PE,D,20170605,000000,54.5,57.6,54.5,57.6,0,0
MZN_PE,D,20170609,000000,55,57.6,55,57.6,0,0
MZN_PE,D,20170612,000000,56.8,59.7,56.8,59.7,0,0
MZN_PE,D,20170613,000000,57.1,59.7,57.1,59.7,0,0
MZN_PE,D,20170614,000000,56.8,56.8,56.8,56.8,0,0
MZN_PE,D,20170616,000000,59.9,60,59.9,60,0,0
MZN_PE,D,20170619,000000,69.9,69.9,62.8,64.4,0,0
MZN_PE,D,20170620,000000,62.8,64.4,61.5,64.4,0,0
MZN_PE,D,20170621,000000,68.8,68.9,68.8,68.9,0,0
MZN_PE,D,20170622,000000,68.8,68.8,64.1,67,0,0
MZN_PE,D,20170623,000000,67,67,62.3,67,0,0
MZN_PE,D,20170626,000000,67,67,59.7,67,0,0
MZN_PE,D,20170627,000000,67,67,67,67,0,0
MZN_PE,D,20170628,000000,67,67,56,67,0,0
MZN_PE,D,20170629,000000,67,67,67,67,0,0
MZN_PE,D,20170630,000000,67,67,67,67,0,0
MZN_PE,D,20170703,000000,61.8,67.3,61.8,67.3,0,0
MZN_PE,D,20170704,000000,63.6,64.1,63.6,63.9,0,0
MZN_PE,D,20170705,000000,44.8,47.1,44.5,45.8,0,0
MZN_PE,D,20170706,000000,45.5,45.5,41.1,41.9,0,0
MZN_PE,D,20170707,000000,41.9,43.5,39.3,39.3,0,0
MZN_PE,D,20170710,000000,40.6,40.6,39,39,0,0
MZN_PE,D,20170711,000000,39.8,39.8,36.6,38,0,0
MZN_PE,D,20170712,000000,38,39,38,39,0,0
MZN_PE,D,20170713,000000,36.6,38,36.6,38,0,0
MZN_PE,D,20170714,000000,36.4,38,36.1,38,0,0
MZN_PE,D,20170717,000000,37.4,37.7,36.6,37.7,0,0
MZN_PE,D,20170719,000000,35.6,36.6,35.6,36.4,0,0
MZN_PE,D,20170720,000000,35.3,36.4,34.6,36.4,0,0
MZN_PE,D,20170721,000000,36.4,36.7,36.4,36.7,0,0
MZN_PE,D,20170724,000000,36.7,36.7,35.3,35.3,0,0
MZN_PE,D,20170725,000000,34.8,34.8,33.8,33.8,0,0
MZN_PE,D,20170726,000000,33.8,33.8,33.8,33.8,0,0
MZN_PE,D,20170727,000000,33.8,35.1,33,35.1,0,0
MZN_PE,D,20170728,000000,35.6,35.6,34.6,35.3,0,0
MZN_PE,D,20170731,000000,35.6,37.7,35.6,37.7,0,0
MZN_PE,D,20170801,000000,37.7,39.3,37.7,39.3,0,0
MZN_PE,D,20170802,000000,39.3,39.3,39.3,39.3,0,0
MZN_PE,D,20170803,000000,36.9,39.3,36.9,39.3,0,0
MZN_PE,D,20170804,000000,39.3,39.8,36.9,39.8,0,0
MZN_PE,D,20170807,000000,39.3,39.3,39.3,39.3,0,0
MZN_PE,D,20170810,000000,38.5,38.5,38.5,38.5,0,0
MZN_PE,D,20170811,000000,38.5,38.5,35.9,36.7,0,0
MZN_PE,D,20170814,000000,36.7,36.7,36.7,36.7,0,0
MZN_PE,D,20170816,000000,36.2,36.2,36.1,36.1,0,0
MZN_PE,D,20170817,000000,36.1,36.1,36.1,36.1,0,0
MZN_PE,D,20170818,000000,36.1,36.1,36.1,36.1,0,0
MZN_PE,D,20170821,000000,36.1,36.1,36.1,36.1,0,0
MZN_PE,D,20170823,000000,35.3,35.3,35.3,35.3,0,0
MZN_PE,D,20170824,000000,35.3,35.3,35.3,35.3,0,0
MZN_PE,D,20170829,000000,34.3,35.3,34,35.3,0,0
MZN_PE,D,20170830,000000,33.2,36.4,33.2,36.4,0,0
MZN_PE,D,20170831,000000,36.4,36.4,35.9,36.4,0,0
MZN_PE,D,20170901,000000,36.1,36.6,36.1,36.4,0,0
MZN_PE,D,20170904,000000,35.3,36.4,35.3,35.3,0,0
MZN_PE,D,20170905,000000,35.1,35.1,35.1,35.1,0,0
MZN_PE,D,20170906,000000,35.1,35.1,35.1,35.1,0,0
MZN_PE,D,20170907,000000,35.1,35.1,33.8,34,0,0
MZN_PE,D,20170908,000000,34,34,34,34,0,0
MZN_PE,D,20170911,000000,34,35.3,33.8,35.3,0,0
MZN_PE,D,20170912,000000,34,35.1,30.6,34,0,0
MZN_PE,D,20170913,000000,34,34,34,34,0,0
MZN_PE,D,20170914,000000,34,34,34,34,0,0
MZN_PE,D,20170915,000000,34,34,32.2,32.7,0,0
MZN_PE,D,20170918,000000,32.7,32.7,32.7,32.7,0,0
MZN_PE,D,20170919,000000,32.7,32.7,32.7,32.7,0,0
MZN_PE,D,20170920,000000,32.7,33.5,30.6,33.5,0,0
MZN_PE,D,20170921,000000,32.7,32.7,30.6,32.7,0,0
MZN_PE,D,20170922,000000,31.4,34,31.4,34,0,0
MZN_PE,D,20170925,000000,34,34,34,34,0,0
MZN_PE,D,20170926,000000,33.5,33.5,31.9,33.5,0,0
MZN_PE,D,20170927,000000,33.5,36.4,32.7,36.4,0,0
MZN_PE,D,20170928,000000,36.4,36.4,36.4,36.4,0,0
MZN_PE,D,20170929,000000,37.1,37.1,37.1,37.1,0,0
MZN_PE,D,20171002,000000,37.1,37.1,37.1,37.1,0,0
MZN_PE,D,20171003,000000,36.6,36.6,35,35.8,0,0
MZN_PE,D,20171004,000000,35.8,37.1,35.8,37.1,0,0
MZN_PE,D,20171005,000000,37.1,37.1,35.5,36.6,0,0
MZN_PE,D,20171006,000000,34.8,36.6,34.8,36.6,0,0
MZN_PE,D,20171009,000000,36.1,36.6,36.1,36.6,0,0
MZN_PE,D,20171010,000000,36.6,37.1,36.6,37.1,0,0
MZN_PE,D,20171011,000000,37.1,39.2,37.1,39.2,0,0
MZN_PE,D,20171012,000000,38.5,39.2,38.5,39.2,0,0
MZN_PE,D,20171013,000000,39.2,39.2,35.1,37.9,0,0
MZN_PE,D,20171016,000000,37.9,37.9,36.3,37.6,0,0
MZN_PE,D,20171017,000000,37.6,37.6,35.3,35.8,0,0
MZN_PE,D,20171018,000000,35.8,36.9,35,36.9,0,0
MZN_PE,D,20171019,000000,37.4,37.4,37.4,37.4,0,0
MZN_PE,D,20171020,000000,37.2,37.2,37.1,37.1,0,0
MZN_PE,D,20171023,000000,36.8,36.8,36.6,36.6,0,0
MZN_PE,D,20171024,000000,36.6,36.6,35.3,36.6,0,0
MZN_PE,D,20171025,000000,36.1,36.6,36.1,36.6,0,0
MZN_PE,D,20171026,000000,36.6,36.6,36.1,36.4,0,0
MZN_PE,D,20171027,000000,36.4,36.9,35.9,36.9,0,0
MZN_PE,D,20171030,000000,36.4,38.5,35.4,38.4,0,0
MZN_PE,D,20171031,000000,38.4,38.6,36.6,38.2,0,0
MZN_PE,D,20171102,000000,35.9,37.7,35.9,37.6,0,0
MZN_PE,D,20171103,000000,37.1,37.1,36.6,36.6,0,0
MZN_PE,D,20171106,000000,36.6,36.6,36.6,36.6,0,0
MZN_PE,D,20171107,000000,36.6,36.6,35.5,35.6,0,0
MZN_PE,D,20171108,000000,37.4,37.4,35.6,36.9,0,0
MZN_PE,D,20171109,000000,37.4,37.4,36.9,36.9,0,0
MZN_PE,D,20171110,000000,37.4,37.7,35.6,37.6,0,0
MZN_PE,D,20171113,000000,37.1,37.1,37.1,37.1,0,0
MZN_PE,D,20171114,000000,36.6,37.1,35.8,35.8,0,0
MZN_PE,D,20171115,000000,36.6,36.6,34.8,36.6,0,0
MZN_PE,D,20171116,000000,36.6,36.6,36.6,36.6,0,0
MZN_PE,D,20171117,000000,36.6,36.6,36.6,36.6,0,0
MZN_PE,D,20171120,000000,34.3,36.6,34.3,36.6,0,0
MZN_PE,D,20171121,000000,35.3,35.3,35.3,35.3,0,0
MZN_PE,D,20171122,000000,36.8,36.9,35.3,36.9,0,0
MZN_PE,D,20171123,000000,36.9,36.9,36.9,36.9,0,0
MZN_PE,D,20171124,000000,36.9,36.9,35.4,36.9,0,0
MZN_PE,D,20171127,000000,36.9,36.9,35.6,36.9,0,0
MZN_PE,D,20171128,000000,36.9,38.5,36.7,37.6,0,0
MZN_PE,D,20171129,000000,37.6,37.6,34.9,34.9,0,0
MZN_PE,D,20171130,000000,36.2,36.2,34.7,35.4,0,0
MZN_PE,D,20171201,000000,36.7,36.7,35.2,35.4,0,0
MZN_PE,D,20171204,000000,34.9,34.9,32.9,33.9,0,0
MZN_PE,D,20171205,000000,33.9,33.9,32.9,33.6,0,0
MZN_PE,D,20171206,000000,33.6,33.6,32.8,32.9,0,0
MZN_PE,D,20171207,000000,32.9,32.9,30.4,31.9,0,0
MZN_PE,D,20171208,000000,31.9,31.9,31.9,31.9,0,0
MZN_PE,D,20171211,000000,32.9,32.9,31.9,32.4,0,0
MZN_PE,D,20171212,000000,32.7,32.9,32.4,32.9,0,0
MZN_PE,D,20171213,000000,32.9,32.9,32.9,32.9,0,0
MZN_PE,D,20171214,000000,32.9,34.4,32.9,34.4,0,0
MZN_PE,D,20171215,000000,34.9,34.9,34.7,34.9,0,0
MZN_PE,D,20171218,000000,32.2,34.9,31.9,31.9,0,0
MZN_PE,D,20171219,000000,31.9,34.7,31.9,34.7,0,0
MZN_PE,D,20171220,000000,34.7,34.7,33.2,34.7,0,0
MZN_PE,D,20171221,000000,34.7,34.7,34.7,34.7,0,0
MZN_PE,D,20171222,000000,34.7,34.7,34.2,34.7,0,0
MZN_PE,D,20171227,000000,34.7,36.2,33.4,35.4,0,0
MZN_PE,D,20171228,000000,36.2,37.2,35.7,37.2,0,0
MZN_PE,D,20171229,000000,37.2,37.2,35.4,37.2,0,0
MZN_PE,D,20180103,000000,37.5,37.7,37.5,37.7,0,0
MZN_PE,D,20180104,000000,37,39.2,37,38.5,0,0
MZN_PE,D,20180105,000000,38.5,39.7,38,39.7,0,0
MZN_PE,D,20180108,000000,39.2,39.2,37.9,37.9,0,0
MZN_PE,D,20180109,000000,39.6,39.6,39.4,39.5,0,0
MZN_PE,D,20180110,000000,39.5,39.5,37,39.5,0,0
MZN_PE,D,20180111,000000,39.5,39.5,38.2,39.5,0,0
MZN_PE,D,20180112,000000,39.5,39.5,38.5,38.5,0,0
MZN_PE,D,20180115,000000,38.2,39.2,37.7,39.2,0,0
MZN_PE,D,20180116,000000,38.7,38.7,38.7,38.7,0,0
MZN_PE,D,20180117,000000,38.7,38.7,38.7,38.7,0,0
MZN_PE,D,20180118,000000,38.7,38.7,38.7,38.7,0,0
MZN_PE,D,20180119,000000,39.2,39.2,39.2,39.2,0,0
MZN_PE,D,20180122,000000,39.2,39.5,37.5,38.5,0,0
MZN_PE,D,20180123,000000,38.5,38.5,37.9,37.9,0,0
MZN_PE,D,20180124,000000,39.4,39.4,38.4,39.2,0,0
MZN_PE,D,20180125,000000,39.2,41.8,39.2,41.7,0,0
MZN_PE,D,20180126,000000,41.2,42.8,39.1,42.8,0,0
MZN_PE,D,20180129,000000,41.8,42.8,41.7,41.7,0,0
MZN_PE,D,20180130,000000,41.7,41.7,41.7,41.7,0,0
MZN_PE,D,20180131,000000,40.4,43.9,40.4,43.4,0,0
MZN_PE,D,20180201,000000,43.9,43.9,42.4,42.5,0,0
MZN_PE,D,20180202,000000,42.5,42.5,42.5,42.5,0,0
MZN_PE,D,20180205,000000,40,43.3,39.7,43.3,0,0
MZN_PE,D,20180206,000000,41.8,44.1,38.7,44,0,0
MZN_PE,D,20180207,000000,43.8,43.8,43.8,43.8,0,0
MZN_PE,D,20180208,000000,44.3,44.3,44.3,44.3,0,0
MZN_PE,D,20180209,000000,43.3,44.3,41.8,43,0,0
MZN_PE,D,20180212,000000,43.3,43.3,43.3,43.3,0,0
MZN_PE,D,20180213,000000,43,43,43,43,0,0
MZN_PE,D,20180214,000000,42,44.3,42,44.3,0,0
MZN_PE,D,20180215,000000,44.3,45.3,43.3,45,0,0
MZN_PE,D,20180216,000000,45.2,46.5,44.2,46.3,0,0
MZN_PE,D,20180219,000000,46.3,46.8,45.5,45.5,0,0
MZN_PE,D,20180220,000000,46.2,46.3,44.4,46.3,0,0
MZN_PE,D,20180221,000000,46.1,46.3,45.8,45.8,0,0
MZN_PE,D,20180222,000000,45.8,46.1,45.8,46,0,0
MZN_PE,D,20180223,000000,46,46,46,46,0,0
MZN_PE,D,20180226,000000,46.2,46.3,46.2,46.3,0,0
MZN_PE,D,20180227,000000,46.3,46.3,46.3,46.3,0,0
MZN_PE,D,20180228,000000,46.1,48.1,44.8,44.8,0,0
MZN_PE,D,20180301,000000,44.3,47.8,44.3,47.8,0,0
MZN_PE,D,20180302,000000,46.6,48.1,45.1,48.1,0,0
MZN_PE,D,20180305,000000,48.1,48.1,48.1,48.1,0,0
MZN_PE,D,20180306,000000,47.6,49.6,47.6,49.6,0,0
MZN_PE,D,20180307,000000,49.6,49.9,47.1,49.3,0,0
MZN_PE,D,20180308,000000,49,49.3,47.7,49.3,0,0
MZN_PE,D,20180309,000000,49.7,49.8,47.7,49.8,0,0
MZN_PE,D,20180312,000000,49.7,50,49.2,49.8,0,0
MZN_PE,D,20180313,000000,50,50,48.2,48.8,0,0
MZN_PE,D,20180314,000000,49.9,49.9,48.1,49.3,0,0
MZN_PE,D,20180315,000000,50,50.1,49.7,50.1,0,0
MZN_PE,D,20180316,000000,50.4,53.2,50.4,52.6,0,0
MZN_PE,D,20180319,000000,54.2,54.2,50.4,51.6,0,0
MZN_PE,D,20180320,000000,52.7,54.2,49.6,52.1,0,0
MZN_PE,D,20180321,000000,54.2,54.2,51.6,52.1,0,0
MZN_PE,D,20180322,000000,51.6,51.6,48.6,48.6,0,0
MZN_PE,D,20180323,000000,48.6,53.7,48.6,53.6,0,0
MZN_PE,D,20180326,000000,53.5,54.5,52,53.6,0,0
MZN_PE,D,20180327,000000,53.5,53.6,53.5,53.6,0,0
MZN_PE,D,20180328,000000,53.5,53.5,52,52.6,0,0
MZN_PE,D,20180329,000000,52.7,53.7,50.6,53.1,0,0
MZN_PE,D,20180403,000000,53.7,54.7,52.7,53.1,0,0
MZN_PE,D,20180404,000000,54.7,55.2,51.1,52.6,0,0
MZN_PE,D,20180405,000000,52.2,54.2,52.2,54.1,0,0
MZN_PE,D,20180406,000000,53.5,53.6,52,53.6,0,0
MZN_PE,D,20180409,000000,53,53,51.5,52.1,0,0
MZN_PE,D,20180410,000000,53.2,55.2,53.2,55.2,0,0
MZN_PE,D,20180411,000000,53.2,53.2,53.1,53.1,0,0
MZN_PE,D,20180412,000000,53.2,55.2,53.2,55.2,0,0
MZN_PE,D,20180413,000000,54.7,55.2,50.1,53.1,0,0
MZN_PE,D,20180416,000000,53.2,53.2,53.1,53.1,0,0
MZN_PE,D,20180417,000000,53.2,53.2,53.1,53.1,0,0
MZN_PE,D,20180418,000000,53.2,54.7,51.6,53.1,0,0
MZN_PE,D,20180419,000000,53.7,53.7,50.6,53.1,0,0
MZN_PE,D,20180420,000000,53.2,53.2,53.1,53.1,0,0
MZN_PE,D,20180423,000000,53.2,53.7,51.1,53.1,0,0
MZN_PE,D,20180424,000000,53.2,54.2,52.2,54.1,0,0
MZN_PE,D,20180425,000000,54,54.1,52,54.1,0,0
MZN_PE,D,20180426,000000,54.5,54.6,54.5,54.6,0,0
MZN_PE,D,20180427,000000,53,55.2,51.5,55.2,0,0
MZN_PE,D,20180430,000000,54.7,95.1,51.1,95.1,0,0
MZN_PE,D,20180502,000000,93.2,96,92.2,96,0,0
MZN_PE,D,20180504,000000,95.9,95.9,87.7,88.2,0,0
MZN_PE,D,20180507,000000,90,90,86.8,89.2,0,0
MZN_PE,D,20180508,000000,89,89,84,86.9,0,0
MZN_PE,D,20180509,000000,88.1,88.7,88.1,88.7,0,0
MZN_PE,D,20180510,000000,88.6,89.5,88.6,89.2,0,0
MZN_PE,D,20180511,000000,88.1,88.7,88.1,88.7,0,0
MZN_PE,D,20180514,000000,88.6,88.7,88.6,88.7,0,0
MZN_PE,D,20180515,000000,88.1,88.2,88.1,88.2,0,0
MZN_PE,D,20180516,000000,88.1,92.4,88.1,92.4,0,0
MZN_PE,D,20180517,000000,92.2,96,88.1,96,0,0
MZN_PE,D,20180518,000000,95.9,95.9,91.3,91.4,0,0
MZN_PE,D,20180521,000000,92.2,94.1,90,91.4,0,0
MZN_PE,D,20180522,000000,95,95,89,89.2,0,0
MZN_PE,D,20180523,000000,88.1,91.4,88.1,91.4,0,0
MZN_PE,D,20180524,000000,94.1,94.1,86.8,88.2,0,0
MZN_PE,D,20180525,000000,86.8,86.8,86.3,86.4,0,0
MZN_PE,D,20180528,000000,88.1,88.7,86.4,88.7,0,0
MZN_PE,D,20180529,000000,91.3,93.2,82.6,93.2,0,0
MZN_PE,D,20180530,000000,93.2,95.9,66.2,66.2,0,0
MZN_PE,D,20180601,000000,66.2,66.2,66.2,66.2,0,0
MZN_PE,D,20180604,000000,65.6,66.2,61.8,66.2,0,0
MZN_PE,D,20180605,000000,66.2,66.2,64.4,65.6,0,0
MZN_PE,D,20180606,000000,65.6,65.6,63.7,65.6,0,0
MZN_PE,D,20180607,000000,65.6,65.6,65.6,65.6,0,0
MZN_PE,D,20180608,000000,65,65,62.1,63.7,0,0
MZN_PE,D,20180611,000000,64.4,64.4,64.3,64.3,0,0
MZN_PE,D,20180612,000000,63.7,63.7,63.7,63.7,0,0
MZN_PE,D,20180613,000000,64.4,64.4,61.8,62.8,0,0
MZN_PE,D,20180614,000000,63.1,63.1,61.8,63.1,0,0
MZN_PE,D,20180615,000000,63.1,63.1,63.1,63.1,0,0
MZN_PE,D,20180618,000000,62.8,62.8,61.2,62.8,0,0
MZN_PE,D,20180619,000000,62.5,62.5,62.4,62.4,0,0
MZN_PE,D,20180620,000000,59.9,60.3,59.9,59.9,0,0
MZN_PE,D,20180621,000000,59.3,62.5,58,59.3,0,0
MZN_PE,D,20180622,000000,62.5,62.5,62.4,62.4,0,0
MZN_PE,D,20180625,000000,62.5,62.5,59.9,60.2,0,0
MZN_PE,D,20180626,000000,62.8,62.8,62.8,62.8,0,0
MZN_PE,D,20180627,000000,62.8,62.8,62.8,62.8,0,0
MZN_PE,D,20180628,000000,62.8,62.8,62.8,62.8,0,0
MZN_PE,D,20180629,000000,62.8,62.8,62.8,62.8,0,0
MZN_PE,D,20180702,000000,62.8,62.8,60.6,62.8,0,0
MZN_PE,D,20180703,000000,62.8,62.8,62.8,62.8,0,0
MZN_PE,D,20180704,000000,62.1,62.1,62.1,62.1,0,0
MZN_PE,D,20180705,000000,62.1,62.1,60.9,62.1,0,0
MZN_PE,D,20180706,000000,62.1,62.1,62.1,62.1,0,0
MZN_PE,D,20180709,000000,62.1,62.1,62.1,62.1,0,0
MZN_PE,D,20180710,000000,61.5,61.5,60.6,61.5,0,0
MZN_PE,D,20180711,000000,61.5,61.5,61.5,61.5,0,0
MZN_PE,D,20180712,000000,61.5,61.5,61.5,61.5,0,0
MZN_PE,D,20180713,000000,61.2,61.2,59.6,61.2,0,0
MZN_PE,D,20180716,000000,61.2,61.2,61.2,61.2,0,0
MZN_PE,D,20180717,000000,60.9,60.9,60.9,60.9,0,0
MZN_PE,D,20180718,000000,59.9,60.9,59.9,60.9,0,0
MZN_PE,D,20180719,000000,60.9,60.9,60.9,60.9,0,0
MZN_PE,D,20180720,000000,60.9,60.9,60.9,60.9,0,0
MZN_PE,D,20180723,000000,59.3,59.9,59.3,59.9,0,0
MZN_PE,D,20180724,000000,61.2,61.2,55.2,56.1,0,0
MZN_PE,D,20180725,000000,56.8,56.8,54.3,56.1,0,0
MZN_PE,D,20180726,000000,56.8,56.8,54.3,56.8,0,0
MZN_PE,D,20180727,000000,59,59,56.8,59,0,0
MZN_PE,D,20180730,000000,58.7,59.3,58.4,59.3,0,0
MZN_PE,D,20180731,000000,59.3,61.5,56.8,61.5,0,0
MZN_PE,D,20180801,000000,63.1,63.1,62.5,63.1,0,0
MZN_PE,D,20180802,000000,63.1,63.1,60.6,63.1,0,0
MZN_PE,D,20180803,000000,64.4,64.4,64.3,64.3,0,0
MZN_PE,D,20180806,000000,62.8,62.8,62.4,62.4,0,0
MZN_PE,D,20180807,000000,62.5,62.5,62.4,62.4,0,0
MZN_PE,D,20180808,000000,62.5,62.5,62.1,62.1,0,0
MZN_PE,D,20180809,000000,62.1,62.1,59.6,59.6,0,0
MZN_PE,D,20180810,000000,62.1,62.1,61.8,61.8,0,0
MZN_PE,D,20180813,000000,61.8,61.8,61.8,61.8,0,0
MZN_PE,D,20180814,000000,61.8,61.8,61.8,61.8,0,0
MZN_PE,D,20180816,000000,58.7,60.9,58.7,60.9,0,0
MZN_PE,D,20180817,000000,61.8,61.8,61.8,61.8,0,0
MZN_PE,D,20180820,000000,60.9,60.9,60.9,60.9,0,0
MZN_PE,D,20180821,000000,61.8,61.8,61.8,61.8,0,0
MZN_PE,D,20180822,000000,61.8,61.8,61.8,61.8,0,0
MZN_PE,D,20180823,000000,61.8,61.8,61.8,61.8,0,0
MZN_PE,D,20180824,000000,61.8,61.8,61.8,61.8,0,0
MZN_PE,D,20180827,000000,61.8,61.8,60.9,61.8,0,0
MZN_PE,D,20180828,000000,61.5,61.8,58.7,61.8,0,0
MZN_PE,D,20180829,000000,61.8,61.8,61.8,61.8,0,0
MZN_PE,D,20180830,000000,61.8,61.8,61.5,61.8,0,0
MZN_PE,D,20180831,000000,61.8,61.8,55.8,55.8,0,0
MZN_PE,D,20180903,000000,58.4,58.4,58.3,58.3,0,0
MZN_PE,D,20180904,000000,58,58,58,58,0,0
MZN_PE,D,20180905,000000,62.5,62.5,56.8,56.8,0,0
MZN_PE,D,20180906,000000,54.9,54.9,51.4,51.4,0,0
MZN_PE,D,20180907,000000,48.3,50.5,48.3,48.9,0,0
MZN_PE,D,20180910,000000,47.3,47.3,32.8,32.8,0,0
MZN_PE,D,20180911,000000,31.6,34.2,31.6,34,0,0
MZN_PE,D,20180912,000000,34.7,34.7,34,34.7,0,0
MZN_PE,D,20180913,000000,34.7,34.7,34.7,34.7,0,0
MZN_PE,D,20180914,000000,31.9,34.7,31.9,34.7,0,0
MZN_PE,D,20180917,000000,34.7,34.7,34.7,34.7,0,0
MZN_PE,D,20180918,000000,34,34,34,34,0,0
MZN_PE,D,20180919,000000,34.7,34.7,34.7,34.7,0,0
MZN_PE,D,20180920,000000,34,34.7,33.7,34.7,0,0
MZN_PE,D,20180921,000000,37,37,37,37,0,0
MZN_PE,D,20180924,000000,35.6,36.8,34,36.8,0,0
MZN_PE,D,20180925,000000,36.8,36.8,35.4,35.4,0,0
MZN_PE,D,20180926,000000,36.8,36.8,33.5,33.7,0,0
MZN_PE,D,20180927,000000,34.9,34.9,33,33,0,0
MZN_PE,D,20180928,000000,32.3,33.7,31.4,31.4,0,0
MZN_PE,D,20181001,000000,31.4,31.4,30.2,31.4,0,0
MZN_PE,D,20181002,000000,31.9,31.9,31.8,31.8,0,0
MZN_PE,D,20181003,000000,30.8,30.8,28.5,28.8,0,0
MZN_PE,D,20181004,000000,28.8,30,28.8,28.8,0,0
MZN_PE,D,20181005,000000,28.6,29.5,28.6,29.5,0,0
MZN_PE,D,20181008,000000,30.2,30.2,28.6,29.5,0,0
MZN_PE,D,20181009,000000,30.2,30.2,30.2,30.2,0,0
MZN_PE,D,20181010,000000,30.2,30.2,29.3,30.2,0,0
MZN_PE,D,20181011,000000,29.5,30.2,29.5,30.2,0,0
MZN_PE,D,20181012,000000,31.9,31.9,31.4,31.4,0,0
MZN_PE,D,20181015,000000,31.4,31.4,31.4,31.4,0,0
MZN_PE,D,20181016,000000,31.6,31.6,31.6,31.6,0,0
MZN_PE,D,20181017,000000,34.7,34.7,31.4,32.5,0,0
MZN_PE,D,20181018,000000,34.3,34.3,32.7,32.8,0,0
MZN_PE,D,20181019,000000,34.4,34.4,34.4,34.4,0,0
MZN_PE,D,20181022,000000,34.4,34.4,34.4,34.4,0,0
MZN_PE,D,20181023,000000,34.4,34.4,34.4,34.4,0,0
MZN_PE,D,20181024,000000,34.2,34.2,34,34,0,0
MZN_PE,D,20181025,000000,34.3,34.3,34.2,34.2,0,0
MZN_PE,D,20181026,000000,34.2,34.2,34.2,34.2,0,0
MZN_PE,D,20181029,000000,34.2,34.2,31.8,31.8,0,0
MZN_PE,D,20181030,000000,34.1,34.2,34.1,34.2,0,0
MZN_PE,D,20181031,000000,34.2,34.2,34.2,34.2,0,0
MZN_PE,D,20181102,000000,34.2,34.2,34.2,34.2,0,0
MZN_PE,D,20181105,000000,34.2,34.2,34.2,34.2,0,0
MZN_PE,D,20181106,000000,34.2,34.2,33,33,0,0
MZN_PE,D,20181107,000000,34.2,34.2,34.2,34.2,0,0
MZN_PE,D,20181108,000000,34.2,34.2,34.2,34.2,0,0
MZN_PE,D,20181109,000000,34.2,34.2,34.2,34.2,0,0
MZN_PE,D,20181113,000000,34.2,34.2,34.2,34.2,0,0
MZN_PE,D,20181114,000000,34.2,34.2,30.4,30.4,0,0
MZN_PE,D,20181116,000000,30.4,30.4,30.4,30.4,0,0
MZN_PE,D,20181119,000000,30.4,30.4,30.4,30.4,0,0
MZN_PE,D,20181120,000000,30.4,30.4,30.4,30.4,0,0
MZN_PE,D,20181121,000000,28.3,29.7,28.3,29.7,0,0
MZN_PE,D,20181122,000000,30.1,30.1,29.4,29.5,0,0
MZN_PE,D,20181123,000000,29.5,29.5,29.5,29.5,0,0
MZN_PE,D,20181126,000000,28.6,29.5,28.6,29.5,0,0
MZN_PE,D,20181127,000000,29.5,29.5,29.5,29.5,0,0
MZN_PE,D,20181128,000000,29.5,29.5,28.1,29.5,0,0
MZN_PE,D,20181129,000000,29.5,29.5,27.6,27.6,0,0
MZN_PE,D,20181130,000000,27.8,27.8,27.8,27.8,0,0
MZN_PE,D,20181203,000000,27.8,27.8,26.6,26.9,0,0
MZN_PE,D,20181204,000000,26.9,27.8,26.9,27.8,0,0
MZN_PE,D,20181205,000000,27.8,27.8,27.8,27.8,0,0
MZN_PE,D,20181206,000000,27.8,27.8,27.8,27.8,0,0
MZN_PE,D,20181207,000000,27.8,27.8,27.8,27.8,0,0
MZN_PE,D,20181210,000000,27.8,27.8,27.8,27.8,0,0
MZN_PE,D,20181211,000000,27.8,27.8,25.9,27.6,0,0
MZN_PE,D,20181212,000000,27.8,27.8,27.8,27.8,0,0
MZN_PE,D,20181213,000000,27.8,27.8,27.8,27.8,0,0
MZN_PE,D,20181214,000000,27.8,27.8,27.8,27.8,0,0
MZN_PE,D,20181217,000000,27.8,27.8,27.8,27.8,0,0
MZN_PE,D,20181218,000000,27.8,27.8,27.8,27.8,0,0
MZN_PE,D,20181219,000000,27.8,27.8,26.2,26.2,0,0
MZN_PE,D,20181220,000000,27.8,27.8,26.6,26.6,0,0
MZN_PE,D,20181221,000000,26.6,26.6,26.6,26.6,0,0
MZN_PE,D,20181227,000000,25.2,26.6,25.2,26.6,0,0
MZN_PE,D,20181228,000000,26.6,26.6,26.6,26.6,0,0
MZN_PE,D,20190104,000000,26.6,26.6,26.6,26.6,0,0
MZN_PE,D,20190107,000000,26.2,26.2,26.2,26.2,0,0
MZN_PE,D,20190108,000000,26.2,27.6,25.5,26.9,0,0
MZN_PE,D,20190109,000000,28.1,28.1,26.6,26.6,0,0
MZN_PE,D,20190110,000000,26.6,26.6,25.5,26.6,0,0
MZN_PE,D,20190111,000000,26.6,26.6,26.6,26.6,0,0
MZN_PE,D,20190114,000000,25.5,25.5,24.1,25.5,0,0
MZN_PE,D,20190115,000000,25.5,25.5,24.8,24.8,0,0
MZN_PE,D,20190116,000000,25.5,25.5,25.5,25.5,0,0
MZN_PE,D,20190117,000000,25.5,25.5,25.2,25.2,0,0
MZN_PE,D,20190118,000000,24.9,25,24.9,25,0,0
MZN_PE,D,20190121,000000,25.5,25.5,24.1,24.8,0,0
MZN_PE,D,20190122,000000,24.8,24.8,23,23.2,0,0
MZN_PE,D,20190123,000000,23.2,23.2,22,23.2,0,0
MZN_PE,D,20190124,000000,23.2,23.2,22.2,22.2,0,0
MZN_PE,D,20190125,000000,23.1,23.1,21.1,21.1,0,0
MZN_PE,D,20190128,000000,21.3,21.3,21.3,21.3,0,0
MZN_PE,D,20190129,000000,22,22,21.8,21.8,0,0
MZN_PE,D,20190130,000000,22,22,22,22,0,0
MZN_PE,D,20190131,000000,22,22,20.8,20.8,0,0
MZN_PE,D,20190201,000000,21.5,21.5,20.3,21.1,0,0
MZN_PE,D,20190204,000000,21.1,21.1,21.1,21.1,0,0
MZN_PE,D,20190206,000000,21.1,23.2,21.1,23.2,0,0
MZN_PE,D,20190207,000000,23.2,23.2,23.2,23.2,0,0
MZN_PE,D,20190208,000000,23.2,23.2,22.5,23.2,0,0
MZN_PE,D,20190211,000000,23.2,23.2,23.2,23.2,0,0
MZN_PE,D,20190212,000000,23.2,23.2,23.2,23.2,0,0
MZN_PE,D,20190213,000000,23.2,23.2,23.2,23.2,0,0
MZN_PE,D,20190214,000000,23,23,22.9,22.9,0,0
MZN_PE,D,20190215,000000,22.9,22.9,22.9,22.9,0,0
MZN_PE,D,20190218,000000,22.9,22.9,22.9,22.9,0,0
MZN_PE,D,20190219,000000,22.9,22.9,22.9,22.9,0,0
MZN_PE,D,20190220,000000,22.9,22.9,22.9,22.9,0,0
MZN_PE,D,20190221,000000,22.9,22.9,22.9,22.9,0,0
MZN_PE,D,20190222,000000,22.9,22.9,22.2,22.2,0,0
MZN_PE,D,20190225,000000,22.2,22.2,22.2,22.2,0,0
MZN_PE,D,20190226,000000,22.2,22.2,22.2,22.2,0,0
MZN_PE,D,20190227,000000,22.2,22.2,22.2,22.2,0,0
MZN_PE,D,20190228,000000,22.2,22.2,22.2,22.2,0,0
MZN_PE,D,20190301,000000,22.2,22.2,21.5,21.5,0,0
MZN_PE,D,20190304,000000,22.9,22.9,22.9,22.9,0,0
MZN_PE,D,20190305,000000,22.7,22.9,22.7,22.9,0,0
MZN_PE,D,20190306,000000,22.9,22.9,22.7,22.9,0,0
MZN_PE,D,20190307,000000,22.7,22.9,22.7,22.9,0,0
MZN_PE,D,20190308,000000,22.9,22.9,22.9,22.9,0,0
MZN_PE,D,20190311,000000,22.9,22.9,22.9,22.9,0,0
MZN_PE,D,20190312,000000,22.7,22.7,22.7,22.7,0,0
MZN_PE,D,20190313,000000,22.7,22.7,22.5,22.5,0,0
MZN_PE,D,20190314,000000,22.7,22.7,22.7,22.7,0,0
MZN_PE,D,20190315,000000,22.7,22.7,22.7,22.7,0,0
MZN_PE,D,20190318,000000,22.7,22.7,22.7,22.7,0,0
MZN_PE,D,20190319,000000,22.7,22.7,22.7,22.7,0,0
MZN_PE,D,20190320,000000,22.7,22.7,22.7,22.7,0,0
MZN_PE,D,20190321,000000,22.7,22.7,22.5,22.7,0,0
MZN_PE,D,20190322,000000,22.9,22.9,22.7,22.7,0,0
MZN_PE,D,20190325,000000,22.9,22.9,22.9,22.9,0,0
MZN_PE,D,20190326,000000,22.7,22.7,22.7,22.7,0,0
MZN_PE,D,20190327,000000,22.7,22.7,22.5,22.5,0,0
MZN_PE,D,20190328,000000,22.7,22.7,22.7,22.7,0,0
MZN_PE,D,20190329,000000,22.7,22.7,22.7,22.7,0,0
MZN_PE,D,20190401,000000,22.7,22.7,22,22,0,0
MZN_PE,D,20190402,000000,22.2,22.2,22.2,22.2,0,0
MZN_PE,D,20190405,000000,22.2,22.2,22.2,22.2,0,0
MZN_PE,D,20190408,000000,22.2,22.2,22.2,22.2,0,0
MZN_PE,D,20190409,000000,22.9,22.9,22.9,22.9,0,0
MZN_PE,D,20190410,000000,22.9,22.9,22.9,22.9,0,0
MZN_PE,D,20190411,000000,22.9,22.9,22.9,22.9,0,0
MZN_PE,D,20190412,000000,22.7,22.7,22.7,22.7,0,0
MZN_PE,D,20190415,000000,22.7,22.7,22.5,22.5,0,0
MZN_PE,D,20190416,000000,22.5,22.5,22.5,22.5,0,0
MZN_PE,D,20190417,000000,22.5,22.5,22.5,22.5,0,0
MZN_PE,D,20190418,000000,22.5,22.5,22.5,22.5,0,0
MZN_PE,D,20190423,000000,22,22.5,22,22.5,0,0
MZN_PE,D,20190424,000000,22.5,22.5,22.5,22.5,0,0
MZN_PE,D,20190425,000000,21.6,22.5,21.6,22.5,0,0
MZN_PE,D,20190426,000000,22.5,22.5,21.5,21.5,0,0
MZN_PE,D,20190429,000000,22.4,22.9,22.4,22.9,0,0
MZN_PE,D,20190430,000000,22.5,22.5,22.5,22.5,0,0
MZN_PE,D,20190502,000000,22.5,45.2,22.5,45.2,0,0
MZN_PE,D,20190506,000000,45.2,45.2,45.2,45.2,0,0
MZN_PE,D,20190507,000000,45.2,45.2,45.2,45.2,0,0
MZN_PE,D,20190508,000000,45.2,45.2,45.2,45.2,0,0
MZN_PE,D,20190509,000000,45.2,45.2,42.4,42.4,0,0
MZN_PE,D,20190510,000000,45.2,45.2,42.5,43.3,0,0
MZN_PE,D,20190513,000000,44.7,44.7,39.1,39.1,0,0
MZN_PE,D,20190514,000000,38.8,39.2,38.8,39.1,0,0
MZN_PE,D,20190515,000000,39.2,39.2,39.1,39.1,0,0
MZN_PE,D,20190516,000000,38.8,39.2,37.4,39.1,0,0
MZN_PE,D,20190517,000000,38.8,38.8,36.5,37.3,0,0
MZN_PE,D,20190520,000000,37.7,37.7,35.5,35.5,0,0
MZN_PE,D,20190521,000000,35.2,35.2,35.1,35.1,0,0
MZN_PE,D,20190522,000000,35.2,35.2,28.6,29.2,0,0
MZN_PE,D,20190523,000000,28.8,29.8,28.8,29.7,0,0
MZN_PE,D,20190524,000000,29.6,29.6,26.4,26.5,0,0
MZN_PE,D,20190527,000000,26.5,27.8,26.5,27.7,0,0
MZN_PE,D,20190528,000000,27.8,29.9,25.6,25.6,0,0
MZN_PE,D,20190529,000000,27,27,26.5,26.5,0,0
MZN_PE,D,20190530,000000,26.8,26.8,26.5,26.5,0,0
MZN_PE,D,20190531,000000,26.8,257.5,26.8,257.5,0,0
MZN_PE,D,20190603,000000,258.3,258.3,226.1,254,0,0
MZN_PE,D,20190604,000000,260.9,260.9,236.5,249.6,0,0
MZN_PE,D,20190605,000000,239.1,260.1,239.1,260.1,0,0
MZN_PE,D,20190606,000000,260.9,287,260.9,284.6,0,0
MZN_PE,D,20190607,000000,287,304.3,287,289,0,0
MZN_PE,D,20190610,000000,287,287,287,287,0,0
MZN_PE,D,20190611,000000,287,289,287,289,0,0
MZN_PE,D,20190612,000000,286.1,286.4,268.7,286.4,0,0
MZN_PE,D,20190613,000000,268.7,268.7,253,253,0,0
MZN_PE,D,20190614,000000,256.5,260.9,252.2,260.9,0,0
MZN_PE,D,20190617,000000,260,260,242.6,258.4,0,0
MZN_PE,D,20190618,000000,259.1,283.5,243.5,267.1,0,0
MZN_PE,D,20190619,000000,291.3,295.7,282.6,293.4,0,0
MZN_PE,D,20190621,000000,291.3,293.4,291.3,293.4,0,0
MZN_PE,D,20190624,000000,294.8,294.8,282.6,284.6,0,0
MZN_PE,D,20190625,000000,282.6,282.6,273.9,275.9,0,0
MZN_PE,D,20190626,000000,281.7,281.7,253.9,272.4,0,0
MZN_PE,D,20190627,000000,276.5,276.5,264.3,266.3,0,0
MZN_PE,D,20190628,000000,263.5,265.2,260.9,262.8,0,0
MZN_PE,D,20190701,000000,267.8,268,265.2,268,0,0
MZN_PE,D,20190702,000000,276.5,278.5,276.5,278.5,0,0
MZN_PE,D,20190703,000000,276.5,278.5,276.5,278.5,0,0
MZN_PE,D,20190704,000000,275.7,277.6,275.7,277.6,0,0
MZN_PE,D,20190705,000000,274.8,275.9,239.1,275.9,0,0
MZN_PE,D,20190708,000000,257.4,280,257.4,275.9,0,0
MZN_PE,D,20190709,000000,277.4,279.4,277.4,279.4,0,0
MZN_PE,D,20190710,000000,280.9,283.8,280.9,283.8,0,0
MZN_PE,D,20190711,000000,281.7,306.5,261.7,306.5,0,0
MZN_PE,D,20190712,000000,320.9,365.2,304.3,346,0,0
MZN_PE,D,20190715,000000,347.8,347.8,282.6,298.7,0,0
MZN_PE,D,20190716,000000,313,313,278.3,301.3,0,0
MZN_PE,D,20190717,000000,279.1,294.8,279.1,284.6,0,0
MZN_PE,D,20190718,000000,278.3,304.3,278.3,303.9,0,0
MZN_PE,D,20190719,000000,301.7,301.7,291.3,293.4,0,0
MZN_PE,D,20190722,000000,301.7,301.7,283.5,285.5,0,0
MZN_PE,D,20190723,000000,301.7,303.9,301.7,303.9,0,0
MZN_PE,D,20190724,000000,301.7,303.9,301.7,303.9,0,0
MZN_PE,D,20190725,000000,301.7,302.2,295.7,302.2,0,0
MZN_PE,D,20190726,000000,300,302.2,299.1,301.3,0,0
MZN_PE,D,20190729,000000,301.7,303.9,301.7,303.9,0,0
MZN_PE,D,20190730,000000,301.7,301.7,282.6,284.6,0,0
MZN_PE,D,20190731,000000,282.6,312.7,282.6,312.7,0,0
MZN_PE,D,20190801,000000,307.8,313,307.8,310.9,0,0
MZN_PE,D,20190802,000000,313,313,308.7,310.9,0,0
MZN_PE,D,20190805,000000,308.7,310.9,308.7,310.9,0,0
MZN_PE,D,20190806,000000,308.7,328.4,308.7,328.4,0,0
MZN_PE,D,20190807,000000,326.1,326.1,308.7,310.9,0,0
MZN_PE,D,20190808,000000,326.1,328.4,326.1,328.4,0,0
MZN_PE,D,20190809,000000,324.3,324.3,308.7,310.9,0,0
MZN_PE,D,20190812,000000,308.7,310.9,308.7,310.9,0,0
MZN_PE,D,20190813,000000,317.4,326.1,300,302.2,0,0
MZN_PE,D,20190814,000000,300,316.2,300,316.2,0,0
MZN_PE,D,20190816,000000,313.9,319.7,300,319.7,0,0
MZN_PE,D,20190819,000000,323.5,323.5,305.2,307.4,0,0
MZN_PE,D,20190820,000000,307,327.6,307,327.6,0,0
MZN_PE,D,20190821,000000,325.2,327.6,325.2,327.6,0,0
MZN_PE,D,20190822,000000,325.2,327.6,325.2,327.6,0,0
MZN_PE,D,20190823,000000,325.2,327.6,304.3,327.6,0,0
MZN_PE,D,20190826,000000,325.2,325.2,317.4,319.7,0,0
MZN_PE,D,20190827,000000,320,322.3,320,322.3,0,0
MZN_PE,D,20190828,000000,320,324.1,303.5,324.1,0,0
MZN_PE,D,20190829,000000,325.2,325.8,323.5,325.8,0,0
MZN_PE,D,20190830,000000,325.2,325.2,304.3,322.3,0,0
MZN_PE,D,20190902,000000,326.1,328.4,326.1,328.4,0,0
MZN_PE,D,20190903,000000,326.1,326.1,295.7,314.4,0,0
MZN_PE,D,20190904,000000,312.2,314.4,312.2,314.4,0,0
MZN_PE,D,20190905,000000,312.2,314.4,312.2,314.4,0,0
MZN_PE,D,20190906,000000,312.2,313.6,311.3,313.6,0,0
MZN_PE,D,20190909,000000,312.2,314.4,312.2,314.4,0,0
MZN_PE,D,20190910,000000,312.2,312.2,295.7,297.8,0,0
MZN_PE,D,20190911,000000,304.3,305.7,297.8,305.7,0,0
MZN_PE,D,20190912,000000,312.2,312.2,303.5,305.7,0,0
MZN_PE,D,20190913,000000,307.8,307.8,300,302.2,0,0
MZN_PE,D,20190916,000000,300,300,295.7,297.8,0,0
MZN_PE,D,20190917,000000,307,307,296.5,298.7,0,0
MZN_PE,D,20190918,000000,304.3,304.3,287,289,0,0
MZN_PE,D,20190919,000000,300,300,278.3,280.3,0,0
MZN_PE,D,20190920,000000,288.7,290.8,288.7,290.8,0,0
MZN_PE,D,20190923,000000,288.7,290.8,288.7,290.8,0,0
MZN_PE,D,20190924,000000,288.7,290.8,288.7,290.8,0,0
MZN_PE,D,20190925,000000,282.6,288.7,278.3,281.1,0,0
MZN_PE,D,20190926,000000,278.3,281.1,278.3,281.1,0,0
MZN_PE,D,20190930,000000,281.7,281.7,280.9,280.9,0,0
MZN_PE,D,20200428,000000,48.4,48.4,48.4,48.4,0,0
MZN_PE,D,20200429,000000,48.2,48.2,45.1,47.9,0,0
MZN_PE,D,20200430,000000,45.1,47.7,45.1,47.7,0,0
MZN_PE,D,20200505,000000,46.9,46.9,46.9,46.9,0,0
MZN_PE,D,20200506,000000,47.9,47.9,47.9,47.9,0,0
MZN_PE,D,20200507,000000,47.9,47.9,47.9,47.9,0,0
MZN_PE,D,20200508,000000,47.9,47.9,47.9,47.9,0,0
MZN_PE,D,20200511,000000,48,48.6,48,48,0,0
MZN_PE,D,20200512,000000,47.9,47.9,47.9,47.9,0,0
MZN_PE,D,20200513,000000,48.8,48.8,48,48,0,0
MZN_PE,D,20200518,000000,48,48,48,48,0,0
MZN_PE,D,20200519,000000,48.2,48.6,48,48.6,0,0
MZN_PE,D,20200525,000000,48.6,48.6,48.6,48.6,0,0
MZN_PE,D,20200526,000000,48,48,48,48,0,0
MZN_PE,D,20200527,000000,48.2,48.2,48.2,48.2,0,0
MZN_PE,D,20200602,000000,42.6,42.6,42.6,42.6,0,0
