<TICKER>,<PER>,<DATE>,<TIME>,<OPEN>,<HIGH>,<LOW>,<CLOSE>,<VOL>,<OPENINT>
NWG_PE,D,20131205,000000,22.034,22.034,22.034,22.034,0,0
NWG_PE,D,20131206,000000,22.034,22.034,21.132,21.705,0,0
NWG_PE,D,20131209,000000,21.87,21.87,21.543,21.623,0,0
NWG_PE,D,20131210,000000,21.543,21.543,21.132,21.214,0,0
NWG_PE,D,20131211,000000,21.132,21.214,20.559,20.886,0,0
NWG_PE,D,20131212,000000,20.721,20.805,20.314,20.477,0,0
NWG_PE,D,20131213,000000,20.395,20.886,20.395,20.559,0,0
NWG_PE,D,20131216,000000,20.886,20.886,20.721,20.805,0,0
NWG_PE,D,20131217,000000,20.805,20.805,20.149,20.395,0,0
NWG_PE,D,20131218,000000,20.231,20.805,20.231,20.477,0,0
NWG_PE,D,20131219,000000,20.721,20.721,20.068,20.068,0,0
NWG_PE,D,20131220,000000,20.149,20.231,19.985,20.149,0,0
NWG_PE,D,20131223,000000,20.314,20.805,20.149,20.642,0,0
NWG_PE,D,20131227,000000,20.642,20.805,20.477,20.805,0,0
NWG_PE,D,20131230,000000,20.721,20.886,20.642,20.642,0,0
NWG_PE,D,20140102,000000,20.805,20.805,20.642,20.721,0,0
NWG_PE,D,20140103,000000,20.721,20.805,20.559,20.721,0,0
NWG_PE,D,20140107,000000,20.805,20.805,20.477,20.642,0,0
NWG_PE,D,20140108,000000,20.721,20.721,20.231,20.314,0,0
NWG_PE,D,20140109,000000,20.231,20.231,19.494,19.494,0,0
NWG_PE,D,20140110,000000,19.494,20.231,19.412,19.494,0,0
NWG_PE,D,20140113,000000,19.658,20.477,19.412,20.477,0,0
NWG_PE,D,20140114,000000,20.477,20.477,20.231,20.314,0,0
NWG_PE,D,20140115,000000,20.477,20.477,20.231,20.231,0,0
NWG_PE,D,20140116,000000,20.231,20.395,20.068,20.231,0,0
NWG_PE,D,20140117,000000,20.231,20.395,20.149,20.314,0,0
NWG_PE,D,20140120,000000,20.559,20.805,20.395,20.642,0,0
NWG_PE,D,20140121,000000,20.805,20.886,20.559,20.642,0,0
NWG_PE,D,20140122,000000,20.642,20.721,20.559,20.559,0,0
NWG_PE,D,20140123,000000,20.477,20.559,20.477,20.559,0,0
NWG_PE,D,20140124,000000,20.559,20.559,20.314,20.314,0,0
NWG_PE,D,20140127,000000,20.231,20.314,20.231,20.314,0,0
NWG_PE,D,20140128,000000,20.314,20.477,20.231,20.395,0,0
NWG_PE,D,20140129,000000,20.477,20.805,20.395,20.395,0,0
NWG_PE,D,20140130,000000,20.395,20.477,20.231,20.477,0,0
NWG_PE,D,20140131,000000,20.477,20.559,20.068,20.477,0,0
NWG_PE,D,20140203,000000,20.477,20.477,19.985,20.314,0,0
NWG_PE,D,20140204,000000,20.068,20.314,20.068,20.314,0,0
NWG_PE,D,20140205,000000,20.231,20.477,20.231,20.395,0,0
NWG_PE,D,20140206,000000,20.231,20.395,20.231,20.314,0,0
NWG_PE,D,20140207,000000,20.395,20.395,20.149,20.314,0,0
NWG_PE,D,20140210,000000,20.149,20.314,19.741,20.149,0,0
NWG_PE,D,20140211,000000,19.985,20.149,19.904,20.068,0,0
NWG_PE,D,20140212,000000,19.985,20.068,19.904,19.985,0,0
NWG_PE,D,20140213,000000,19.904,20.068,19.904,19.985,0,0
NWG_PE,D,20140214,000000,19.985,20.231,19.904,20.149,0,0
NWG_PE,D,20140217,000000,20.068,20.231,19.985,20.149,0,0
NWG_PE,D,20140218,000000,20.314,20.314,19.985,20.231,0,0
NWG_PE,D,20140219,000000,20.149,20.805,20.149,20.395,0,0
NWG_PE,D,20140220,000000,20.314,20.395,19.904,20.149,0,0
NWG_PE,D,20140221,000000,20.231,20.231,19.904,20.149,0,0
NWG_PE,D,20140224,000000,20.149,20.231,20.068,20.149,0,0
NWG_PE,D,20140225,000000,20.149,20.149,19.741,19.741,0,0
NWG_PE,D,20140226,000000,19.741,19.741,18.921,18.921,0,0
NWG_PE,D,20140227,000000,18.921,19.166,18.84,18.921,0,0
NWG_PE,D,20140228,000000,18.84,18.921,18.265,18.511,0,0
NWG_PE,D,20140303,000000,18.265,18.265,17.61,17.692,0,0
NWG_PE,D,20140304,000000,17.61,18.183,17.61,18.02,0,0
NWG_PE,D,20140305,000000,18.02,18.102,17.938,18.02,0,0
NWG_PE,D,20140306,000000,18.02,18.102,17.774,17.774,0,0
NWG_PE,D,20140307,000000,17.774,17.938,17.774,17.774,0,0
NWG_PE,D,20140310,000000,17.774,17.774,17.364,17.364,0,0
NWG_PE,D,20140311,000000,17.364,17.61,17.364,17.61,0,0
NWG_PE,D,20140312,000000,17.61,17.692,17.282,17.364,0,0
NWG_PE,D,20140313,000000,17.364,17.528,17.364,17.446,0,0
NWG_PE,D,20140314,000000,17.364,17.364,16.71,17.119,0,0
NWG_PE,D,20140317,000000,17.119,17.282,16.873,17.282,0,0
NWG_PE,D,20140318,000000,17.282,17.282,17.037,17.2,0,0
NWG_PE,D,20140319,000000,17.119,17.364,17.119,17.2,0,0
NWG_PE,D,20140320,000000,17.037,17.282,17.037,17.282,0,0
NWG_PE,D,20140321,000000,17.282,17.446,17.282,17.446,0,0
NWG_PE,D,20140324,000000,17.446,18.348,17.446,18.348,0,0
NWG_PE,D,20140325,000000,18.348,19.248,18.348,19.166,0,0
NWG_PE,D,20140326,000000,19.084,19.248,19.003,19.248,0,0
NWG_PE,D,20140327,000000,19.003,19.248,19.003,19.003,0,0
NWG_PE,D,20140328,000000,19.003,19.248,19.003,19.166,0,0
NWG_PE,D,20140331,000000,19.166,19.33,18.511,18.511,0,0
NWG_PE,D,20140401,000000,18.84,19.084,18.84,18.921,0,0
NWG_PE,D,20140402,000000,19.084,20.314,18.757,20.314,0,0
NWG_PE,D,20140403,000000,19.985,20.721,19.985,20.642,0,0
NWG_PE,D,20140404,000000,20.642,20.642,20.559,20.642,0,0
NWG_PE,D,20140407,000000,20.642,20.642,20.477,20.559,0,0
NWG_PE,D,20140408,000000,20.559,20.721,20.559,20.642,0,0
NWG_PE,D,20140409,000000,20.559,20.642,20.559,20.559,0,0
NWG_PE,D,20140410,000000,20.559,20.642,20.559,20.559,0,0
NWG_PE,D,20140411,000000,20.477,20.559,20.395,20.559,0,0
NWG_PE,D,20140414,000000,20.559,20.559,19.904,20.395,0,0
NWG_PE,D,20140415,000000,20.477,20.477,20.149,20.231,0,0
NWG_PE,D,20140416,000000,20.149,20.149,20.068,20.149,0,0
NWG_PE,D,20140417,000000,20.149,20.149,19.985,20.149,0,0
NWG_PE,D,20140422,000000,20.149,20.149,20.068,20.068,0,0
NWG_PE,D,20140423,000000,20.068,20.068,20.068,20.068,0,0
NWG_PE,D,20140424,000000,20.068,20.068,19.904,20.068,0,0
NWG_PE,D,20140425,000000,19.741,20.068,19.741,20.068,0,0
NWG_PE,D,20140428,000000,20.068,20.314,19.821,19.821,0,0
NWG_PE,D,20140429,000000,19.658,19.985,19.577,19.658,0,0
NWG_PE,D,20140430,000000,19.494,19.658,19.33,19.658,0,0
NWG_PE,D,20140502,000000,19.658,19.658,19.577,19.577,0,0
NWG_PE,D,20140505,000000,19.577,19.577,19.084,19.33,0,0
NWG_PE,D,20140506,000000,19.33,19.33,19.003,19.003,0,0
NWG_PE,D,20140507,000000,19.003,19.003,18.429,18.675,0,0
NWG_PE,D,20140508,000000,18.675,19.003,18.675,18.757,0,0
NWG_PE,D,20140509,000000,18.757,18.757,18.594,18.675,0,0
NWG_PE,D,20140512,000000,18.594,18.594,18.348,18.429,0,0
NWG_PE,D,20140513,000000,18.429,18.675,18.02,18.594,0,0
NWG_PE,D,20140514,000000,18.429,18.594,18.348,18.511,0,0
NWG_PE,D,20140515,000000,18.594,18.675,18.594,18.594,0,0
NWG_PE,D,20140516,000000,18.594,18.675,18.265,18.265,0,0
NWG_PE,D,20140519,000000,18.594,18.594,18.102,18.429,0,0
NWG_PE,D,20140520,000000,18.594,19.658,18.511,19.658,0,0
NWG_PE,D,20140521,000000,19.658,20.642,19.33,20.642,0,0
NWG_PE,D,20140522,000000,20.642,20.968,20.314,20.395,0,0
NWG_PE,D,20140523,000000,20.968,20.968,20.149,20.559,0,0
NWG_PE,D,20140526,000000,20.642,20.642,20.314,20.314,0,0
NWG_PE,D,20140527,000000,20.314,20.314,20.231,20.314,0,0
NWG_PE,D,20140528,000000,20.149,20.149,19.741,20.149,0,0
NWG_PE,D,20140529,000000,19.904,20.068,19.741,19.904,0,0
NWG_PE,D,20140530,000000,19.658,20.314,19.658,20.149,0,0
NWG_PE,D,20140602,000000,19.904,20.149,19.904,20.068,0,0
NWG_PE,D,20140603,000000,20.068,20.068,19.741,20.068,0,0
NWG_PE,D,20140604,000000,20.068,20.068,19.741,19.741,0,0
NWG_PE,D,20140605,000000,19.741,20.231,19.741,20.149,0,0
NWG_PE,D,20140606,000000,20.231,20.231,19.985,20.149,0,0
NWG_PE,D,20140609,000000,19.741,20.231,19.741,20.149,0,0
NWG_PE,D,20140610,000000,19.741,19.741,19.741,19.741,0,0
NWG_PE,D,20140611,000000,19.821,19.904,19.33,19.494,0,0
NWG_PE,D,20140612,000000,19.494,19.494,19.248,19.494,0,0
NWG_PE,D,20140613,000000,19.494,19.494,19.248,19.33,0,0
NWG_PE,D,20140616,000000,19.248,19.248,18.757,19.003,0,0
NWG_PE,D,20140617,000000,18.921,19.003,18.675,19.003,0,0
NWG_PE,D,20140618,000000,18.757,19.003,18.757,19.003,0,0
NWG_PE,D,20140620,000000,18.757,19.003,18.757,18.921,0,0
NWG_PE,D,20140623,000000,19.003,19.003,18.757,18.921,0,0
NWG_PE,D,20140624,000000,18.921,19.003,18.594,18.594,0,0
NWG_PE,D,20140625,000000,18.594,18.594,18.511,18.594,0,0
NWG_PE,D,20140626,000000,18.429,18.675,18.102,18.102,0,0
NWG_PE,D,20140627,000000,18.102,18.429,18.102,18.183,0,0
NWG_PE,D,20140630,000000,18.183,18.511,18.102,18.511,0,0
NWG_PE,D,20140701,000000,18.511,18.511,17.856,17.856,0,0
NWG_PE,D,20140702,000000,17.856,17.938,17.528,17.856,0,0
NWG_PE,D,20140703,000000,17.856,17.856,17.528,17.692,0,0
NWG_PE,D,20140704,000000,17.692,17.774,17.692,17.774,0,0
NWG_PE,D,20140707,000000,17.774,17.774,17.61,17.61,0,0
NWG_PE,D,20140708,000000,17.61,17.856,17.61,17.692,0,0
NWG_PE,D,20140709,000000,17.61,17.938,17.61,17.692,0,0
NWG_PE,D,20140710,000000,17.692,17.938,17.692,17.774,0,0
NWG_PE,D,20140711,000000,17.774,17.938,17.528,17.692,0,0
NWG_PE,D,20140714,000000,17.692,18.102,17.692,17.938,0,0
NWG_PE,D,20140715,000000,18.102,18.102,17.938,17.938,0,0
NWG_PE,D,20140716,000000,18.02,18.102,17.856,17.938,0,0
NWG_PE,D,20140717,000000,17.938,18.02,17.61,17.61,0,0
NWG_PE,D,20140718,000000,17.528,17.692,17.364,17.364,0,0
NWG_PE,D,20140721,000000,17.364,17.61,17.282,17.282,0,0
NWG_PE,D,20140722,000000,17.446,17.528,17.282,17.446,0,0
NWG_PE,D,20140723,000000,17.528,17.528,17.282,17.282,0,0
NWG_PE,D,20140724,000000,17.364,17.446,17.037,17.119,0,0
NWG_PE,D,20140725,000000,17.119,17.2,16.791,16.956,0,0
NWG_PE,D,20140728,000000,16.956,17.446,16.956,17.119,0,0
NWG_PE,D,20140729,000000,17.528,17.528,16.956,17.037,0,0
NWG_PE,D,20140730,000000,17.282,17.282,16.873,16.873,0,0
NWG_PE,D,20140731,000000,17.037,17.2,16.791,17.2,0,0
NWG_PE,D,20140801,000000,17.2,17.2,16.791,17.037,0,0
NWG_PE,D,20140804,000000,17.037,17.2,16.791,16.873,0,0
NWG_PE,D,20140805,000000,17.2,17.282,17.119,17.119,0,0
NWG_PE,D,20140806,000000,17.119,17.282,17.037,17.037,0,0
NWG_PE,D,20140807,000000,17.037,17.037,16.791,16.791,0,0
NWG_PE,D,20140808,000000,16.873,16.873,16.298,16.381,0,0
NWG_PE,D,20140811,000000,16.381,17.037,16.381,16.791,0,0
NWG_PE,D,20140812,000000,16.873,16.873,16.71,16.873,0,0
NWG_PE,D,20140813,000000,16.873,16.873,16.298,16.873,0,0
NWG_PE,D,20140814,000000,16.298,16.873,16.298,16.545,0,0
NWG_PE,D,20140818,000000,16.71,16.791,16.545,16.545,0,0
NWG_PE,D,20140819,000000,16.791,16.873,16.627,16.627,0,0
NWG_PE,D,20140820,000000,16.791,16.791,16.464,16.545,0,0
NWG_PE,D,20140821,000000,16.545,16.71,16.464,16.545,0,0
NWG_PE,D,20140822,000000,16.627,16.627,16.298,16.298,0,0
NWG_PE,D,20140825,000000,16.298,16.627,16.298,16.627,0,0
NWG_PE,D,20140826,000000,16.219,17.282,16.219,17.119,0,0
NWG_PE,D,20140827,000000,17.2,17.2,17.119,17.119,0,0
NWG_PE,D,20140828,000000,17.2,17.2,16.873,16.873,0,0
NWG_PE,D,20140829,000000,16.873,17.2,16.873,17.2,0,0
NWG_PE,D,20140901,000000,17.446,18.348,17.446,18.265,0,0
NWG_PE,D,20140902,000000,18.429,19.412,12.859,12.859,0,0
NWG_PE,D,20140903,000000,12.942,13.433,12.778,13.433,0,0
NWG_PE,D,20140904,000000,13.187,13.351,12.778,13.023,0,0
NWG_PE,D,20140905,000000,13.023,13.105,12.942,12.942,0,0
NWG_PE,D,20140908,000000,12.942,13.105,12.942,13.023,0,0
NWG_PE,D,20140909,000000,13.023,13.187,13.023,13.105,0,0
NWG_PE,D,20140910,000000,13.105,13.679,13.105,13.597,0,0
NWG_PE,D,20140911,000000,13.76,13.76,13.433,13.597,0,0
NWG_PE,D,20140912,000000,13.597,13.843,13.516,13.76,0,0
NWG_PE,D,20140915,000000,13.05,14.054,13.05,13.888,0,0
NWG_PE,D,20140916,000000,13.888,14.054,13.803,14.054,0,0
NWG_PE,D,20140917,000000,14.054,14.054,13.636,13.888,0,0
NWG_PE,D,20140918,000000,13.636,14.054,13.636,14.054,0,0
NWG_PE,D,20140919,000000,13.971,14.054,13.888,14.054,0,0
NWG_PE,D,20140922,000000,14.054,14.054,13.888,14.054,0,0
NWG_PE,D,20140923,000000,13.888,14.054,13.888,14.054,0,0
NWG_PE,D,20140924,000000,14.054,14.139,14.054,14.054,0,0
NWG_PE,D,20140925,000000,13.888,14.054,13.888,14.054,0,0
NWG_PE,D,20140926,000000,13.971,13.971,13.971,13.971,0,0
NWG_PE,D,20140929,000000,13.971,14.054,13.803,14.054,0,0
NWG_PE,D,20140930,000000,14.054,14.054,13.803,14.054,0,0
NWG_PE,D,20141001,000000,13.888,13.971,13.72,13.72,0,0
NWG_PE,D,20141002,000000,13.553,13.72,13.218,13.72,0,0
NWG_PE,D,20141003,000000,13.888,14.054,13.888,14.054,0,0
NWG_PE,D,20141006,000000,14.054,14.139,13.971,14.139,0,0
NWG_PE,D,20141007,000000,14.054,14.139,14.054,14.139,0,0
NWG_PE,D,20141008,000000,14.054,14.139,14.054,14.054,0,0
NWG_PE,D,20141009,000000,14.139,14.139,14.054,14.054,0,0
NWG_PE,D,20141010,000000,13.72,14.139,13.72,14.054,0,0
NWG_PE,D,20141013,000000,14.054,14.139,14.054,14.139,0,0
NWG_PE,D,20141014,000000,14.054,14.139,14.054,14.054,0,0
NWG_PE,D,20141015,000000,14.054,14.054,14.054,14.054,0,0
NWG_PE,D,20141016,000000,14.054,14.054,14.054,14.054,0,0
NWG_PE,D,20141017,000000,14.054,14.054,14.054,14.054,0,0
NWG_PE,D,20141020,000000,14.054,14.054,14.054,14.054,0,0
NWG_PE,D,20141021,000000,14.139,14.139,13.888,14.054,0,0
NWG_PE,D,20141022,000000,14.054,14.054,13.803,14.054,0,0
NWG_PE,D,20141023,000000,14.054,14.139,13.888,14.054,0,0
NWG_PE,D,20141024,000000,14.054,14.054,13.888,13.888,0,0
NWG_PE,D,20141027,000000,13.888,13.888,13.888,13.888,0,0
NWG_PE,D,20141028,000000,13.971,13.971,13.72,13.888,0,0
NWG_PE,D,20141029,000000,13.888,13.888,13.385,13.803,0,0
NWG_PE,D,20141030,000000,13.47,14.054,13.47,14.054,0,0
NWG_PE,D,20141031,000000,14.054,14.054,13.72,14.054,0,0
NWG_PE,D,20141103,000000,14.054,14.139,13.888,13.888,0,0
NWG_PE,D,20141104,000000,13.888,14.054,13.803,14.054,0,0
NWG_PE,D,20141105,000000,13.971,14.054,13.971,13.971,0,0
NWG_PE,D,20141106,000000,14.054,14.054,13.888,13.888,0,0
NWG_PE,D,20141107,000000,13.888,13.888,13.72,13.72,0,0
NWG_PE,D,20141110,000000,13.72,13.72,13.553,13.72,0,0
NWG_PE,D,20141112,000000,13.72,13.888,13.636,13.888,0,0
NWG_PE,D,20141113,000000,13.888,13.888,13.553,13.888,0,0
NWG_PE,D,20141114,000000,13.72,13.971,13.72,13.888,0,0
NWG_PE,D,20141117,000000,14.054,14.557,8.8672,8.8672,0,0
NWG_PE,D,20141118,000000,8.9517,9.2022,8.9517,9.2022,0,0
NWG_PE,D,20141119,000000,9.2022,9.2866,9.0345,9.2022,0,0
NWG_PE,D,20141120,000000,9.2022,9.704,9.0345,9.621,0,0
NWG_PE,D,20141121,000000,9.621,9.704,9.621,9.621,0,0
NWG_PE,D,20141124,000000,9.621,9.621,9.538,9.621,0,0
NWG_PE,D,20141125,000000,9.621,9.704,9.538,9.704,0,0
NWG_PE,D,20141126,000000,9.538,9.621,9.538,9.538,0,0
NWG_PE,D,20141127,000000,9.538,9.538,9.2866,9.2866,0,0
NWG_PE,D,20141128,000000,9.2866,9.4534,9.1188,9.4534,0,0
NWG_PE,D,20141201,000000,9.2866,9.2866,9.2022,9.2022,0,0
NWG_PE,D,20141202,000000,9.2022,9.37,9.2022,9.37,0,0
NWG_PE,D,20141203,000000,9.37,9.4534,9.37,9.4534,0,0
NWG_PE,D,20141204,000000,9.4534,9.4534,9.37,9.37,0,0
NWG_PE,D,20141205,000000,9.2866,9.37,9.2866,9.37,0,0
NWG_PE,D,20141208,000000,9.37,9.538,9.2022,9.4534,0,0
NWG_PE,D,20141209,000000,9.4534,9.621,9.4534,9.621,0,0
NWG_PE,D,20141210,000000,9.4534,9.621,9.4534,9.621,0,0
NWG_PE,D,20141211,000000,9.621,9.788,9.4534,9.704,0,0
NWG_PE,D,20141212,000000,9.704,9.704,9.538,9.621,0,0
NWG_PE,D,20141215,000000,9.621,9.621,9.4534,9.621,0,0
NWG_PE,D,20141216,000000,9.621,9.621,9.2866,9.37,0,0
NWG_PE,D,20141217,000000,9.2866,9.2866,9.0345,9.2866,0,0
NWG_PE,D,20141218,000000,9.2866,9.37,9.2866,9.37,0,0
NWG_PE,D,20141219,000000,9.37,9.704,9.37,9.704,0,0
NWG_PE,D,20141222,000000,9.704,9.704,9.4534,9.704,0,0
NWG_PE,D,20141223,000000,9.704,9.704,9.538,9.704,0,0
NWG_PE,D,20141229,000000,9.704,9.872,9.621,9.872,0,0
NWG_PE,D,20141230,000000,9.872,9.872,9.621,9.621,0,0
NWG_PE,D,20150102,000000,9.621,9.621,9.4534,9.621,0,0
NWG_PE,D,20150105,000000,9.4534,9.621,9.37,9.621,0,0
NWG_PE,D,20150107,000000,9.704,9.704,9.4534,9.538,0,0
NWG_PE,D,20150108,000000,9.621,9.621,9.37,9.621,0,0
NWG_PE,D,20150109,000000,9.621,9.621,9.1188,9.2866,0,0
NWG_PE,D,20150112,000000,9.2022,9.704,9.2022,9.704,0,0
NWG_PE,D,20150113,000000,9.704,9.704,9.2866,9.2866,0,0
NWG_PE,D,20150114,000000,9.2022,9.621,9.2022,9.4534,0,0
NWG_PE,D,20150115,000000,9.538,9.538,9.2866,9.538,0,0
NWG_PE,D,20150116,000000,9.538,9.538,9.4534,9.538,0,0
NWG_PE,D,20150119,000000,9.621,9.788,9.538,9.621,0,0
NWG_PE,D,20150120,000000,9.621,9.621,9.4534,9.538,0,0
NWG_PE,D,20150121,000000,9.621,9.621,9.538,9.538,0,0
NWG_PE,D,20150122,000000,9.538,9.538,9.4534,9.538,0,0
NWG_PE,D,20150123,000000,9.538,9.788,9.538,9.788,0,0
NWG_PE,D,20150126,000000,9.788,9.872,9.704,9.704,0,0
NWG_PE,D,20150127,000000,9.704,9.788,9.4534,9.621,0,0
NWG_PE,D,20150128,000000,9.4534,9.621,9.4534,9.621,0,0
NWG_PE,D,20150129,000000,9.704,9.704,9.538,9.621,0,0
NWG_PE,D,20150130,000000,9.704,9.704,9.538,9.621,0,0
NWG_PE,D,20150202,000000,9.704,9.704,9.4534,9.538,0,0
NWG_PE,D,20150203,000000,9.621,9.621,9.538,9.621,0,0
NWG_PE,D,20150204,000000,9.621,9.621,9.538,9.621,0,0
NWG_PE,D,20150205,000000,9.538,9.621,9.538,9.621,0,0
NWG_PE,D,20150206,000000,9.621,9.704,9.538,9.621,0,0
NWG_PE,D,20150209,000000,9.621,9.621,9.538,9.538,0,0
NWG_PE,D,20150210,000000,9.538,9.621,9.538,9.538,0,0
NWG_PE,D,20150211,000000,9.621,9.621,9.538,9.538,0,0
NWG_PE,D,20150212,000000,9.538,9.538,9.37,9.538,0,0
NWG_PE,D,20150213,000000,9.4534,9.4534,9.2866,9.4534,0,0
NWG_PE,D,20150216,000000,9.4534,9.621,9.2866,9.621,0,0
NWG_PE,D,20150217,000000,9.621,9.621,9.37,9.4534,0,0
NWG_PE,D,20150218,000000,9.538,9.538,9.2022,9.2866,0,0
NWG_PE,D,20150219,000000,9.2866,9.37,9.2866,9.2866,0,0
NWG_PE,D,20150220,000000,9.2866,9.2866,9.2022,9.2866,0,0
NWG_PE,D,20150223,000000,9.2866,9.4534,9.2866,9.2866,0,0
NWG_PE,D,20150224,000000,9.37,9.37,9.2866,9.37,0,0
NWG_PE,D,20150225,000000,9.2866,9.538,9.2866,9.4534,0,0
NWG_PE,D,20150226,000000,9.37,9.4534,9.2022,9.4534,0,0
NWG_PE,D,20150227,000000,9.4534,9.4534,9.37,9.37,0,0
NWG_PE,D,20150302,000000,9.37,9.37,9.2866,9.2866,0,0
NWG_PE,D,20150303,000000,9.37,9.4534,9.2866,9.37,0,0
NWG_PE,D,20150304,000000,9.37,9.4534,9.2866,9.37,0,0
NWG_PE,D,20150305,000000,9.37,9.4534,9.37,9.4534,0,0
NWG_PE,D,20150306,000000,9.4534,9.4534,9.37,9.4534,0,0
NWG_PE,D,20150309,000000,9.4534,9.4534,9.37,9.37,0,0
NWG_PE,D,20150310,000000,9.37,9.621,9.37,9.621,0,0
NWG_PE,D,20150311,000000,9.621,9.621,9.4534,9.538,0,0
NWG_PE,D,20150312,000000,9.538,9.538,9.37,9.4534,0,0
NWG_PE,D,20150313,000000,9.4534,9.4534,9.37,9.37,0,0
NWG_PE,D,20150316,000000,9.37,9.538,9.37,9.4534,0,0
NWG_PE,D,20150317,000000,9.4534,9.788,9.4534,9.704,0,0
NWG_PE,D,20150318,000000,9.704,9.872,9.704,9.872,0,0
NWG_PE,D,20150319,000000,9.872,9.872,9.538,9.788,0,0
NWG_PE,D,20150320,000000,9.704,9.872,9.704,9.788,0,0
NWG_PE,D,20150323,000000,9.704,9.704,9.4534,9.538,0,0
NWG_PE,D,20150324,000000,9.4534,11.378,9.4534,11.378,0,0
NWG_PE,D,20150325,000000,11.294,11.378,11.21,11.21,0,0
NWG_PE,D,20150326,000000,11.21,11.21,10.792,11.043,0,0
NWG_PE,D,20150327,000000,11.043,11.21,10.876,11.126,0,0
NWG_PE,D,20150330,000000,11.043,11.126,11.043,11.043,0,0
NWG_PE,D,20150331,000000,11.126,11.126,11.043,11.126,0,0
NWG_PE,D,20150401,000000,11.043,11.043,10.959,10.959,0,0
NWG_PE,D,20150402,000000,10.959,10.959,10.876,10.876,0,0
NWG_PE,D,20150407,000000,10.876,10.876,10.876,10.876,0,0
NWG_PE,D,20150408,000000,10.876,10.876,10.708,10.876,0,0
NWG_PE,D,20150409,000000,10.876,10.876,10.708,10.708,0,0
NWG_PE,D,20150410,000000,10.708,10.792,10.625,10.625,0,0
NWG_PE,D,20150413,000000,10.625,10.708,10.625,10.625,0,0
NWG_PE,D,20150414,000000,10.625,11.294,10.625,11.21,0,0
NWG_PE,D,20150415,000000,11.043,11.21,10.876,10.959,0,0
NWG_PE,D,20150416,000000,10.959,11.21,10.959,11.21,0,0
NWG_PE,D,20150417,000000,11.21,11.21,11.126,11.21,0,0
NWG_PE,D,20150420,000000,11.21,11.21,11.043,11.043,0,0
NWG_PE,D,20150421,000000,11.043,11.126,11.043,11.043,0,0
NWG_PE,D,20150422,000000,11.126,11.126,11.043,11.043,0,0
NWG_PE,D,20150423,000000,11.043,11.043,10.876,10.876,0,0
NWG_PE,D,20150424,000000,10.876,10.876,10.708,10.876,0,0
NWG_PE,D,20150427,000000,10.876,10.876,10.792,10.876,0,0
NWG_PE,D,20150428,000000,10.876,11.545,10.876,11.545,0,0
NWG_PE,D,20150429,000000,11.294,11.378,11.21,11.21,0,0
NWG_PE,D,20150430,000000,11.21,11.294,11.043,11.21,0,0
NWG_PE,D,20150504,000000,11.043,11.294,11.043,11.294,0,0
NWG_PE,D,20150505,000000,11.21,11.294,11.126,11.126,0,0
NWG_PE,D,20150506,000000,11.21,11.294,11.126,11.294,0,0
NWG_PE,D,20150507,000000,11.294,11.294,11.126,11.21,0,0
NWG_PE,D,20150508,000000,11.21,11.294,11.043,11.043,0,0
NWG_PE,D,20150511,000000,11.043,11.043,10.959,11.043,0,0
NWG_PE,D,20150512,000000,11.043,11.126,10.876,11.043,0,0
NWG_PE,D,20150513,000000,11.043,11.21,11.043,11.126,0,0
NWG_PE,D,20150514,000000,10.876,11.043,10.876,11.043,0,0
NWG_PE,D,20150515,000000,10.959,11.126,10.959,11.043,0,0
NWG_PE,D,20150518,000000,11.043,11.043,10.457,10.457,0,0
NWG_PE,D,20150519,000000,10.457,10.457,10.29,10.29,0,0
NWG_PE,D,20150520,000000,10.29,10.457,10.29,10.29,0,0
NWG_PE,D,20150521,000000,10.541,10.541,10.207,10.29,0,0
NWG_PE,D,20150522,000000,10.29,10.29,10.29,10.29,0,0
NWG_PE,D,20150525,000000,10.625,10.625,10.207,10.29,0,0
NWG_PE,D,20150526,000000,10.29,10.29,10.122,10.122,0,0
NWG_PE,D,20150527,000000,10.122,10.122,9.788,9.872,0,0
NWG_PE,D,20150528,000000,9.872,10.039,9.872,9.956,0,0
NWG_PE,D,20150529,000000,9.956,9.956,9.872,9.956,0,0
NWG_PE,D,20150601,000000,10.207,10.207,9.956,9.956,0,0
NWG_PE,D,20150602,000000,10.039,10.207,9.872,9.872,0,0
NWG_PE,D,20150603,000000,9.956,10.207,9.956,9.956,0,0
NWG_PE,D,20150605,000000,9.956,10.122,9.872,10.039,0,0
NWG_PE,D,20150608,000000,9.956,10.122,9.956,9.956,0,0
NWG_PE,D,20150609,000000,9.872,10.039,9.788,9.788,0,0
NWG_PE,D,20150610,000000,9.788,10.039,9.788,10.039,0,0
NWG_PE,D,20150611,000000,10.039,10.039,9.956,9.956,0,0
NWG_PE,D,20150612,000000,9.956,10.039,9.872,9.872,0,0
NWG_PE,D,20150615,000000,10.039,10.039,9.788,9.872,0,0
NWG_PE,D,20150616,000000,9.872,9.872,9.788,9.788,0,0
NWG_PE,D,20150617,000000,10.039,10.039,9.788,9.872,0,0
NWG_PE,D,20150618,000000,9.872,9.872,9.704,9.704,0,0
NWG_PE,D,20150619,000000,9.704,9.956,9.538,9.788,0,0
NWG_PE,D,20150622,000000,9.621,9.621,9.4534,9.621,0,0
NWG_PE,D,20150623,000000,9.621,9.621,9.4534,9.621,0,0
NWG_PE,D,20150624,000000,9.621,9.704,9.538,9.621,0,0
NWG_PE,D,20150625,000000,9.621,9.621,9.2866,9.621,0,0
NWG_PE,D,20150626,000000,9.621,9.621,9.2866,9.538,0,0
NWG_PE,D,20150629,000000,9.2022,9.2022,8.7009,8.9517,0,0
NWG_PE,D,20150630,000000,8.9517,9.2866,8.7009,8.7009,0,0
NWG_PE,D,20150701,000000,8.7009,8.7845,8.6168,8.7009,0,0
NWG_PE,D,20150702,000000,8.9517,8.9517,8.6168,8.6168,0,0
NWG_PE,D,20150703,000000,8.7845,8.7845,8.7009,8.7009,0,0
NWG_PE,D,20150706,000000,8.7009,9.0345,8.7009,9.0345,0,0
NWG_PE,D,20150707,000000,9.1188,9.2022,8.7009,8.7009,0,0
NWG_PE,D,20150708,000000,8.7009,8.9517,8.7009,8.8672,0,0
NWG_PE,D,20150709,000000,8.8672,9.0345,8.8672,9.0345,0,0
NWG_PE,D,20150710,000000,9.1188,9.1188,8.8672,9.0345,0,0
NWG_PE,D,20150713,000000,9.1188,9.1188,9.0345,9.1188,0,0
NWG_PE,D,20150714,000000,9.2022,9.2022,9.0345,9.1188,0,0
NWG_PE,D,20150715,000000,9.1188,9.1188,8.9517,8.9517,0,0
NWG_PE,D,20150716,000000,9.1188,9.1188,8.8672,8.8672,0,0
NWG_PE,D,20150717,000000,8.8672,8.8672,8.7845,8.8672,0,0
NWG_PE,D,20150720,000000,8.8672,8.8672,8.7009,8.7009,0,0
NWG_PE,D,20150721,000000,8.7009,8.7845,8.6168,8.6168,0,0
NWG_PE,D,20150722,000000,8.6168,8.7009,8.4494,8.4494,0,0
NWG_PE,D,20150723,000000,8.4494,8.6168,8.4494,8.5335,0,0
NWG_PE,D,20150724,000000,8.5335,8.7009,8.3659,8.4494,0,0
NWG_PE,D,20150727,000000,8.5335,8.5335,8.4494,8.4494,0,0
NWG_PE,D,20150728,000000,8.5335,8.6168,8.4494,8.4494,0,0
NWG_PE,D,20150729,000000,8.5335,8.5335,8.2823,8.2823,0,0
NWG_PE,D,20150730,000000,8.5043,8.5043,8.327,8.327,0,0
NWG_PE,D,20150731,000000,8.5043,8.5043,8.327,8.327,0,0
NWG_PE,D,20150803,000000,8.4157,8.5043,8.1499,8.1499,0,0
NWG_PE,D,20150804,000000,8.4157,8.4157,8.2385,8.2385,0,0
NWG_PE,D,20150805,000000,8.327,8.4157,8.1499,8.1499,0,0
NWG_PE,D,20150806,000000,8.1499,8.1499,8.0613,8.0613,0,0
NWG_PE,D,20150807,000000,8.0613,8.0613,7.707,7.8841,0,0
NWG_PE,D,20150810,000000,7.8841,7.8841,7.5298,7.707,0,0
NWG_PE,D,20150811,000000,7.6184,7.8841,7.6184,7.7956,0,0
NWG_PE,D,20150812,000000,7.7956,7.8841,7.707,7.8841,0,0
NWG_PE,D,20150813,000000,7.9728,7.9728,7.8841,7.9728,0,0
NWG_PE,D,20150814,000000,7.9728,8.2385,7.9728,8.1499,0,0
NWG_PE,D,20150817,000000,8.1499,8.5043,8.1499,8.327,0,0
NWG_PE,D,20150818,000000,8.327,8.5043,8.327,8.4157,0,0
NWG_PE,D,20150819,000000,8.4157,8.5929,8.4157,8.5043,0,0
NWG_PE,D,20150820,000000,8.5043,8.6814,8.5043,8.6814,0,0
NWG_PE,D,20150821,000000,8.6814,8.6814,8.5929,8.6814,0,0
NWG_PE,D,20150824,000000,8.5043,8.5043,8.1499,8.2385,0,0
NWG_PE,D,20150825,000000,7.9728,8.327,7.9728,8.2385,0,0
NWG_PE,D,20150826,000000,8.2385,8.327,7.9728,8.2385,0,0
NWG_PE,D,20150827,000000,8.2385,8.327,8.2385,8.2385,0,0
NWG_PE,D,20150828,000000,8.2385,8.2385,8.0613,8.2385,0,0
NWG_PE,D,20150831,000000,8.2385,8.5043,8.2385,8.4157,0,0
NWG_PE,D,20150901,000000,8.2385,13.289,7.8841,13.289,0,0
NWG_PE,D,20150902,000000,13.377,13.642,12.757,12.934,0,0
NWG_PE,D,20150903,000000,12.934,13.111,12.579,12.668,0,0
NWG_PE,D,20150904,000000,12.402,12.757,12.313,12.313,0,0
NWG_PE,D,20150907,000000,12.047,12.047,11.516,11.87,0,0
NWG_PE,D,20150908,000000,11.87,12.49,11.87,12.49,0,0
NWG_PE,D,20150909,000000,12.668,12.668,12.225,12.579,0,0
NWG_PE,D,20150910,000000,13.642,13.642,12.934,12.934,0,0
NWG_PE,D,20150911,000000,13.111,13.111,12.846,13.111,0,0
NWG_PE,D,20150914,000000,13.199,13.199,12.757,12.846,0,0
NWG_PE,D,20150915,000000,12.846,12.934,12.757,12.934,0,0
NWG_PE,D,20150916,000000,12.934,13.022,12.757,12.846,0,0
NWG_PE,D,20150917,000000,13.022,13.022,12.49,12.846,0,0
NWG_PE,D,20150918,000000,12.934,12.934,12.579,12.579,0,0
NWG_PE,D,20150921,000000,12.757,12.757,12.579,12.757,0,0
NWG_PE,D,20150922,000000,12.934,12.934,12.668,12.668,0,0
NWG_PE,D,20150923,000000,12.757,12.757,12.136,12.225,0,0
NWG_PE,D,20150924,000000,12.313,12.313,11.694,12.047,0,0
NWG_PE,D,20150925,000000,12.047,12.934,11.959,12.579,0,0
NWG_PE,D,20150928,000000,12.668,12.668,12.136,12.136,0,0
NWG_PE,D,20150929,000000,12.136,12.313,12.136,12.136,0,0
NWG_PE,D,20150930,000000,12.579,12.846,12.402,12.579,0,0
NWG_PE,D,20151001,000000,12.757,12.934,12.757,12.846,0,0
NWG_PE,D,20151002,000000,12.934,12.934,12.579,12.579,0,0
NWG_PE,D,20151005,000000,12.579,12.757,12.579,12.668,0,0
NWG_PE,D,20151006,000000,12.757,12.757,12.668,12.757,0,0
NWG_PE,D,20151007,000000,12.757,12.757,12.668,12.668,0,0
NWG_PE,D,20151008,000000,12.668,12.668,12.579,12.579,0,0
NWG_PE,D,20151009,000000,12.668,13.022,12.579,12.934,0,0
NWG_PE,D,20151012,000000,12.934,13.111,12.934,12.934,0,0
NWG_PE,D,20151013,000000,12.934,13.111,12.934,13.022,0,0
NWG_PE,D,20151014,000000,13.022,13.022,12.579,12.668,0,0
NWG_PE,D,20151015,000000,12.668,12.934,12.668,12.757,0,0
NWG_PE,D,20151016,000000,13.022,13.022,12.934,13.022,0,0
NWG_PE,D,20151019,000000,13.111,13.465,13.111,13.199,0,0
NWG_PE,D,20151020,000000,13.377,13.377,12.934,13.022,0,0
NWG_PE,D,20151021,000000,13.289,13.289,12.934,13.022,0,0
NWG_PE,D,20151022,000000,13.289,13.289,13.022,13.022,0,0
NWG_PE,D,20151023,000000,13.199,13.199,13.022,13.111,0,0
NWG_PE,D,20151026,000000,13.199,13.199,13.111,13.111,0,0
NWG_PE,D,20151027,000000,13.289,13.289,12.934,13.022,0,0
NWG_PE,D,20151028,000000,13.111,13.111,13.022,13.022,0,0
NWG_PE,D,20151029,000000,13.022,13.199,12.757,13.199,0,0
NWG_PE,D,20151030,000000,13.199,13.199,12.934,13.199,0,0
NWG_PE,D,20151102,000000,13.199,13.289,13.111,13.199,0,0
NWG_PE,D,20151103,000000,13.199,13.199,13.111,13.111,0,0
NWG_PE,D,20151104,000000,13.199,13.199,13.111,13.111,0,0
NWG_PE,D,20151105,000000,13.289,13.289,13.022,13.111,0,0
NWG_PE,D,20151106,000000,13.111,13.111,13.022,13.022,0,0
NWG_PE,D,20151109,000000,13.022,13.022,12.757,12.757,0,0
NWG_PE,D,20151110,000000,12.757,12.757,12.668,12.668,0,0
NWG_PE,D,20151112,000000,12.49,12.668,12.402,12.668,0,0
NWG_PE,D,20151113,000000,12.668,12.668,12.579,12.668,0,0
NWG_PE,D,20151116,000000,12.313,40.839,11.959,40.839,0,0
NWG_PE,D,20151117,000000,40.839,40.839,40.04,40.839,0,0
NWG_PE,D,20151118,000000,40.839,40.839,40.04,40.661,0,0
NWG_PE,D,20151119,000000,40.839,40.839,40.396,40.396,0,0
NWG_PE,D,20151120,000000,40.927,42.255,40.129,42.166,0,0
NWG_PE,D,20151123,000000,42.166,42.166,41.281,42.078,0,0
NWG_PE,D,20151124,000000,42.166,42.166,41.37,41.813,0,0
NWG_PE,D,20151125,000000,42.166,42.166,41.37,42.078,0,0
NWG_PE,D,20151126,000000,41.901,44.116,41.635,44.027,0,0
NWG_PE,D,20151127,000000,44.027,44.292,43.761,44.116,0,0
NWG_PE,D,20151130,000000,44.116,45.445,43.142,45.445,0,0
NWG_PE,D,20151201,000000,45.622,46.508,45.445,45.71,0,0
NWG_PE,D,20151202,000000,45.71,47.039,45.71,47.039,0,0
NWG_PE,D,20151203,000000,47.039,47.305,46.065,46.773,0,0
NWG_PE,D,20151204,000000,46.773,46.773,46.153,46.508,0,0
NWG_PE,D,20151207,000000,45.977,46.508,45.977,46.065,0,0
NWG_PE,D,20151208,000000,46.418,46.418,44.824,46.153,0,0
NWG_PE,D,20151209,000000,45.977,45.977,45.002,45.002,0,0
NWG_PE,D,20151210,000000,44.647,46.153,44.647,45.445,0,0
NWG_PE,D,20151211,000000,46.418,46.418,45.622,45.977,0,0
NWG_PE,D,20151214,000000,45.977,45.977,45.445,45.887,0,0
NWG_PE,D,20151215,000000,45.887,45.887,43.23,45.445,0,0
NWG_PE,D,20151216,000000,45.445,45.445,44.116,45.445,0,0
NWG_PE,D,20151217,000000,44.913,45.445,44.116,45.445,0,0
NWG_PE,D,20151218,000000,45.445,45.445,44.381,45.445,0,0
NWG_PE,D,20151221,000000,45.445,45.445,44.913,45.179,0,0
NWG_PE,D,20151222,000000,45.179,46.065,45.179,45.887,0,0
NWG_PE,D,20151223,000000,46.242,46.242,45.71,45.977,0,0
NWG_PE,D,20151228,000000,46.242,46.242,45.179,45.977,0,0
NWG_PE,D,20151229,000000,46.242,46.242,45.445,46.242,0,0
NWG_PE,D,20151230,000000,46.242,48.103,45.445,48.103,0,0
NWG_PE,D,20160104,000000,48.103,48.103,47.039,47.482,0,0
NWG_PE,D,20160105,000000,47.128,48.103,46.861,47.305,0,0
NWG_PE,D,20160107,000000,46.773,46.773,45.445,45.534,0,0
NWG_PE,D,20160108,000000,45.799,46.508,45.622,45.887,0,0
NWG_PE,D,20160111,000000,45.534,45.534,44.647,45.179,0,0
NWG_PE,D,20160112,000000,45.71,45.799,45.179,45.799,0,0
NWG_PE,D,20160113,000000,45.799,45.977,45.799,45.977,0,0
NWG_PE,D,20160114,000000,45.71,45.71,44.381,45.622,0,0
NWG_PE,D,20160115,000000,45.887,45.887,45.002,45.091,0,0
NWG_PE,D,20160118,000000,44.204,44.913,43.584,44.735,0,0
NWG_PE,D,20160119,000000,43.761,44.647,43.761,43.761,0,0
NWG_PE,D,20160120,000000,43.496,43.496,42.255,42.255,0,0
NWG_PE,D,20160121,000000,42.166,42.166,40.927,40.927,0,0
NWG_PE,D,20160122,000000,40.749,40.927,40.749,40.749,0,0
NWG_PE,D,20160125,000000,40.927,41.281,40.129,40.927,0,0
NWG_PE,D,20160126,000000,41.104,41.99,40.749,41.813,0,0
NWG_PE,D,20160127,000000,41.813,41.813,40.927,40.927,0,0
NWG_PE,D,20160128,000000,42.078,42.255,41.458,41.99,0,0
NWG_PE,D,20160129,000000,42.255,42.255,41.458,42.078,0,0
NWG_PE,D,20160201,000000,42.078,42.078,41.37,41.458,0,0
NWG_PE,D,20160202,000000,41.458,41.99,41.104,41.99,0,0
NWG_PE,D,20160203,000000,41.104,41.99,41.104,41.723,0,0
NWG_PE,D,20160204,000000,41.458,41.723,41.015,41.015,0,0
NWG_PE,D,20160205,000000,41.723,41.723,41.192,41.458,0,0
NWG_PE,D,20160208,000000,42.255,42.255,41.723,41.723,0,0
NWG_PE,D,20160209,000000,41.99,41.99,40.927,41.458,0,0
NWG_PE,D,20160210,000000,41.901,41.99,41.015,41.37,0,0
NWG_PE,D,20160211,000000,41.37,41.37,41.015,41.192,0,0
NWG_PE,D,20160212,000000,41.192,41.192,40.749,40.927,0,0
NWG_PE,D,20160215,000000,41.104,41.901,41.015,41.723,0,0
NWG_PE,D,20160216,000000,41.635,41.635,40.927,41.635,0,0
NWG_PE,D,20160217,000000,40.927,41.723,40.927,41.192,0,0
NWG_PE,D,20160218,000000,41.015,41.813,41.015,41.458,0,0
NWG_PE,D,20160219,000000,41.813,41.813,40.749,41.723,0,0
NWG_PE,D,20160222,000000,41.281,41.813,41.281,41.547,0,0
NWG_PE,D,20160223,000000,41.547,41.547,41.015,41.37,0,0
NWG_PE,D,20160224,000000,41.547,41.547,41.458,41.458,0,0
NWG_PE,D,20160225,000000,41.723,41.723,41.547,41.723,0,0
NWG_PE,D,20160226,000000,41.723,44.381,41.723,44.381,0,0
NWG_PE,D,20160229,000000,44.913,44.913,42.876,44.559,0,0
NWG_PE,D,20160301,000000,45.002,45.002,43.584,43.761,0,0
NWG_PE,D,20160302,000000,43.496,43.584,43.053,43.496,0,0
NWG_PE,D,20160303,000000,43.496,43.496,42.787,42.787,0,0
NWG_PE,D,20160304,000000,43.053,43.584,43.053,43.496,0,0
NWG_PE,D,20160307,000000,43.496,43.496,43.408,43.496,0,0
NWG_PE,D,20160308,000000,43.496,43.496,40.484,40.927,0,0
NWG_PE,D,20160309,000000,40.396,40.396,37.471,40.307,0,0
NWG_PE,D,20160310,000000,40.217,40.217,39.066,39.066,0,0
NWG_PE,D,20160311,000000,39.155,39.332,38.889,39.155,0,0
NWG_PE,D,20160314,000000,38.889,38.889,38.535,38.801,0,0
NWG_PE,D,20160315,000000,38.889,38.889,38.535,38.801,0,0
NWG_PE,D,20160316,000000,38.358,38.801,38.27,38.27,0,0
NWG_PE,D,20160317,000000,38.447,38.447,38.181,38.447,0,0
NWG_PE,D,20160318,000000,38.713,38.713,38.27,38.447,0,0
NWG_PE,D,20160321,000000,38.447,38.447,8.8589,8.8589,0,0
NWG_PE,D,20160322,000000,8.9471,8.9471,8.6814,8.7697,0,0
NWG_PE,D,20160323,000000,8.7697,8.9471,8.6814,8.7697,0,0
NWG_PE,D,20160324,000000,8.7697,8.9471,8.7697,8.7697,0,0
NWG_PE,D,20160329,000000,8.8589,8.8589,8.8589,8.8589,0,0
NWG_PE,D,20160330,000000,8.9471,9.833,8.7697,9.744,0,0
NWG_PE,D,20160331,000000,9.744,10.098,9.656,10.098,0,0
NWG_PE,D,20160401,000000,10.098,10.098,9.744,10.01,0,0
NWG_PE,D,20160404,000000,10.01,10.01,9.833,9.833,0,0
NWG_PE,D,20160405,000000,9.744,9.744,9.4783,9.567,0,0
NWG_PE,D,20160406,000000,9.567,9.656,9.3901,9.4783,0,0
NWG_PE,D,20160407,000000,9.567,10.01,9.3901,9.744,0,0
NWG_PE,D,20160408,000000,9.744,9.744,9.656,9.656,0,0
NWG_PE,D,20160411,000000,9.656,9.744,9.656,9.656,0,0
NWG_PE,D,20160412,000000,9.744,9.744,9.744,9.744,0,0
NWG_PE,D,20160413,000000,9.833,9.833,9.744,9.744,0,0
NWG_PE,D,20160414,000000,9.744,9.744,9.744,9.744,0,0
NWG_PE,D,20160415,000000,9.744,9.744,9.744,9.744,0,0
NWG_PE,D,20160418,000000,9.833,9.833,9.744,9.744,0,0
NWG_PE,D,20160419,000000,9.744,9.744,9.744,9.744,0,0
NWG_PE,D,20160420,000000,9.656,9.744,9.567,9.567,0,0
NWG_PE,D,20160421,000000,9.656,9.744,9.656,9.656,0,0
NWG_PE,D,20160422,000000,9.656,9.656,9.656,9.656,0,0
NWG_PE,D,20160425,000000,9.744,9.744,9.4783,9.4783,0,0
NWG_PE,D,20160426,000000,9.4783,9.4783,9.3901,9.4783,0,0
NWG_PE,D,20160427,000000,9.4783,9.4783,9.3901,9.4783,0,0
NWG_PE,D,20160428,000000,9.4783,9.567,9.2128,9.4783,0,0
NWG_PE,D,20160429,000000,9.4783,9.4783,9.4783,9.4783,0,0
NWG_PE,D,20160502,000000,9.656,9.656,9.567,9.567,0,0
NWG_PE,D,20160504,000000,9.567,9.567,9.3019,9.567,0,0
NWG_PE,D,20160505,000000,9.656,9.656,9.4783,9.4783,0,0
NWG_PE,D,20160506,000000,9.567,9.567,9.3901,9.3901,0,0
NWG_PE,D,20160509,000000,9.567,9.567,9.3901,9.4783,0,0
NWG_PE,D,20160510,000000,9.4783,9.4783,9.2128,9.3901,0,0
NWG_PE,D,20160511,000000,9.3901,9.3901,9.3019,9.3901,0,0
NWG_PE,D,20160512,000000,9.3901,9.3901,9.2128,9.3019,0,0
NWG_PE,D,20160513,000000,9.3019,9.3019,9.2128,9.3019,0,0
NWG_PE,D,20160516,000000,9.1246,9.4783,9.1246,9.4783,0,0
NWG_PE,D,20160517,000000,9.1246,9.1246,8.7697,8.9471,0,0
NWG_PE,D,20160518,000000,8.8589,13.642,8.6814,13.642,0,0
NWG_PE,D,20160519,000000,13.73,13.73,12.846,13.554,0,0
NWG_PE,D,20160520,000000,13.73,13.82,13.642,13.73,0,0
NWG_PE,D,20160523,000000,13.73,13.73,13.642,13.73,0,0
NWG_PE,D,20160524,000000,13.73,13.73,13.111,13.111,0,0
NWG_PE,D,20160525,000000,13.289,13.73,13.289,13.465,0,0
NWG_PE,D,20160527,000000,13.465,13.73,13.465,13.642,0,0
NWG_PE,D,20160530,000000,13.73,14.173,13.465,14.173,0,0
NWG_PE,D,20160531,000000,14.173,14.439,13.908,14.439,0,0
NWG_PE,D,20160601,000000,14.351,14.351,13.82,14.173,0,0
NWG_PE,D,20160602,000000,14.262,14.262,13.642,13.997,0,0
NWG_PE,D,20160603,000000,13.997,13.997,13.554,13.82,0,0
NWG_PE,D,20160606,000000,14.173,14.173,13.554,13.642,0,0
NWG_PE,D,20160607,000000,13.642,13.642,13.377,13.465,0,0
NWG_PE,D,20160608,000000,13.377,13.642,13.377,13.642,0,0
NWG_PE,D,20160609,000000,13.377,13.642,13.377,13.642,0,0
NWG_PE,D,20160610,000000,13.73,13.73,13.377,13.642,0,0
NWG_PE,D,20160613,000000,13.73,13.73,13.377,13.642,0,0
NWG_PE,D,20160614,000000,13.642,13.642,13.377,13.465,0,0
NWG_PE,D,20160615,000000,13.377,13.554,13.377,13.465,0,0
NWG_PE,D,20160616,000000,13.554,13.554,13.199,13.465,0,0
NWG_PE,D,20160617,000000,13.73,13.73,13.289,13.465,0,0
NWG_PE,D,20160620,000000,13.73,13.73,13.377,13.377,0,0
NWG_PE,D,20160621,000000,13.465,13.465,13.289,13.377,0,0
NWG_PE,D,20160622,000000,13.465,13.465,13.111,13.377,0,0
NWG_PE,D,20160623,000000,13.377,13.377,13.289,13.289,0,0
NWG_PE,D,20160624,000000,12.402,12.846,12.136,12.579,0,0
NWG_PE,D,20160627,000000,12.934,12.934,12.313,12.313,0,0
NWG_PE,D,20160628,000000,12.402,12.668,11.87,11.87,0,0
NWG_PE,D,20160629,000000,12.225,12.225,11.339,11.339,0,0
NWG_PE,D,20160630,000000,11.516,11.516,11.339,11.516,0,0
NWG_PE,D,20160701,000000,11.694,11.694,11.516,11.516,0,0
NWG_PE,D,20160704,000000,11.428,11.782,11.339,11.782,0,0
NWG_PE,D,20160705,000000,11.87,11.959,11.604,11.959,0,0
NWG_PE,D,20160706,000000,11.782,11.782,11.428,11.428,0,0
NWG_PE,D,20160707,000000,11.516,11.516,11.339,11.428,0,0
NWG_PE,D,20160708,000000,11.339,11.428,11.339,11.428,0,0
NWG_PE,D,20160711,000000,11.516,11.516,11.339,11.516,0,0
NWG_PE,D,20160712,000000,11.516,11.516,11.428,11.428,0,0
NWG_PE,D,20160713,000000,11.428,12.047,11.428,12.047,0,0
NWG_PE,D,20160714,000000,12.047,12.49,12.047,12.49,0,0
NWG_PE,D,20160715,000000,12.402,12.579,12.402,12.579,0,0
NWG_PE,D,20160718,000000,12.757,13.199,12.757,13.111,0,0
NWG_PE,D,20160719,000000,13.199,13.465,12.846,13.465,0,0
NWG_PE,D,20160720,000000,13.465,13.908,13.465,13.73,0,0
NWG_PE,D,20160721,000000,13.73,13.73,13.642,13.642,0,0
NWG_PE,D,20160722,000000,13.642,13.642,13.199,13.199,0,0
NWG_PE,D,20160725,000000,13.554,13.554,13.199,13.199,0,0
NWG_PE,D,20160726,000000,13.199,13.199,12.579,13.022,0,0
NWG_PE,D,20160727,000000,13.022,13.022,12.757,12.757,0,0
NWG_PE,D,20160728,000000,12.757,12.934,12.402,12.934,0,0
NWG_PE,D,20160729,000000,12.934,12.934,12.846,12.846,0,0
NWG_PE,D,20160801,000000,12.402,12.934,12.402,12.934,0,0
NWG_PE,D,20160802,000000,12.934,13.111,12.757,13.111,0,0
NWG_PE,D,20160803,000000,13.022,13.022,12.934,13.022,0,0
NWG_PE,D,20160804,000000,13.022,13.199,13.022,13.199,0,0
NWG_PE,D,20160805,000000,13.199,13.199,13.111,13.199,0,0
NWG_PE,D,20160808,000000,13.022,13.289,13.022,13.289,0,0
NWG_PE,D,20160809,000000,13.289,13.289,13.111,13.111,0,0
NWG_PE,D,20160810,000000,13.111,13.111,13.022,13.111,0,0
NWG_PE,D,20160811,000000,13.199,13.199,12.846,13.111,0,0
NWG_PE,D,20160812,000000,13.111,13.111,12.934,12.934,0,0
NWG_PE,D,20160816,000000,12.934,12.934,12.757,12.934,0,0
NWG_PE,D,20160817,000000,13.289,13.289,12.846,12.934,0,0
NWG_PE,D,20160818,000000,13.199,13.199,12.846,12.846,0,0
NWG_PE,D,20160819,000000,12.934,12.934,12.846,12.934,0,0
NWG_PE,D,20160822,000000,12.934,13.111,12.934,13.111,0,0
NWG_PE,D,20160823,000000,13.111,13.111,12.136,12.757,0,0
NWG_PE,D,20160824,000000,12.757,13.111,12.313,12.49,0,0
NWG_PE,D,20160825,000000,12.579,12.846,12.579,12.579,0,0
NWG_PE,D,20160826,000000,12.579,13.289,12.579,13.289,0,0
NWG_PE,D,20160829,000000,13.289,13.289,12.846,13.111,0,0
NWG_PE,D,20160830,000000,13.42,13.42,12.96,13.328,0,0
NWG_PE,D,20160831,000000,13.42,13.42,13.328,13.328,0,0
NWG_PE,D,20160901,000000,13.328,13.328,12.96,12.96,0,0
NWG_PE,D,20160902,000000,13.328,13.328,13.144,13.236,0,0
NWG_PE,D,20160905,000000,13.42,13.42,13.052,13.052,0,0
NWG_PE,D,20160906,000000,13.144,13.236,13.052,13.236,0,0
NWG_PE,D,20160907,000000,13.236,13.236,12.777,13.052,0,0
NWG_PE,D,20160908,000000,13.052,13.328,12.869,13.052,0,0
NWG_PE,D,20160909,000000,13.144,13.236,13.052,13.144,0,0
NWG_PE,D,20160912,000000,12.96,13.052,12.869,12.869,0,0
NWG_PE,D,20160913,000000,13.052,13.144,12.869,13.144,0,0
NWG_PE,D,20160914,000000,13.236,13.236,12.96,13.144,0,0
NWG_PE,D,20160915,000000,13.236,13.236,12.96,13.236,0,0
NWG_PE,D,20160916,000000,13.144,13.144,12.869,13.052,0,0
NWG_PE,D,20160919,000000,13.052,13.052,12.777,13.052,0,0
NWG_PE,D,20160920,000000,13.144,13.144,10.203,10.203,0,0
NWG_PE,D,20160921,000000,10.203,10.203,10.019,10.111,0,0
NWG_PE,D,20160922,000000,10.203,10.203,10.111,10.203,0,0
NWG_PE,D,20160923,000000,10.203,10.203,10.111,10.203,0,0
NWG_PE,D,20160926,000000,10.203,10.203,10.111,10.111,0,0
NWG_PE,D,20160927,000000,10.111,10.295,10.111,10.295,0,0
NWG_PE,D,20160928,000000,10.387,10.387,10.203,10.387,0,0
NWG_PE,D,20160929,000000,10.387,10.387,10.203,10.387,0,0
NWG_PE,D,20160930,000000,10.387,10.387,10.111,10.111,0,0
NWG_PE,D,20161003,000000,10.295,10.295,9.927,10.019,0,0
NWG_PE,D,20161004,000000,10.203,10.295,10.019,10.295,0,0
NWG_PE,D,20161005,000000,10.111,10.295,10.111,10.111,0,0
NWG_PE,D,20161006,000000,10.295,10.295,10.111,10.111,0,0
NWG_PE,D,20161007,000000,10.203,10.203,10.019,10.019,0,0
NWG_PE,D,20161010,000000,9.927,10.111,9.927,10.111,0,0
NWG_PE,D,20161011,000000,10.111,10.111,9.835,9.927,0,0
NWG_PE,D,20161012,000000,9.743,9.743,9.651,9.743,0,0
NWG_PE,D,20161013,000000,10.019,10.019,9.743,9.743,0,0
NWG_PE,D,20161014,000000,9.927,9.927,9.651,9.651,0,0
NWG_PE,D,20161017,000000,9.651,9.927,9.651,9.651,0,0
NWG_PE,D,20161018,000000,9.835,9.835,9.651,9.743,0,0
NWG_PE,D,20161019,000000,9.835,9.835,9.2837,9.651,0,0
NWG_PE,D,20161020,000000,9.835,9.835,9.56,9.743,0,0
NWG_PE,D,20161021,000000,9.835,9.835,9.56,9.56,0,0
NWG_PE,D,20161024,000000,9.743,9.743,9.3757,9.4677,0,0
NWG_PE,D,20161025,000000,9.651,9.651,9.56,9.56,0,0
NWG_PE,D,20161026,000000,9.56,9.927,9.56,9.927,0,0
NWG_PE,D,20161027,000000,9.927,10.203,9.927,10.111,0,0
NWG_PE,D,20161028,000000,10.203,10.478,10.203,10.387,0,0
NWG_PE,D,20161031,000000,10.478,10.57,10.019,10.387,0,0
NWG_PE,D,20161102,000000,10.387,10.387,10.203,10.203,0,0
NWG_PE,D,20161103,000000,10.295,10.295,10.111,10.203,0,0
NWG_PE,D,20161104,000000,10.203,10.203,10.111,10.203,0,0
NWG_PE,D,20161107,000000,10.111,10.203,9.835,10.111,0,0
NWG_PE,D,20161108,000000,10.111,10.111,9.651,10.111,0,0
NWG_PE,D,20161109,000000,10.111,10.111,10.019,10.019,0,0
NWG_PE,D,20161110,000000,10.019,10.019,9.743,10.019,0,0
NWG_PE,D,20161114,000000,10.019,10.019,9.835,9.927,0,0
NWG_PE,D,20161115,000000,9.927,9.927,9.743,9.743,0,0
NWG_PE,D,20161116,000000,9.743,9.743,9.4677,9.56,0,0
NWG_PE,D,20161117,000000,9.743,9.743,9.56,9.651,0,0
NWG_PE,D,20161118,000000,9.4677,9.743,9.3757,9.743,0,0
NWG_PE,D,20161121,000000,9.743,10.295,9.651,10.295,0,0
NWG_PE,D,20161122,000000,10.295,10.938,10.295,10.938,0,0
NWG_PE,D,20161123,000000,10.938,11.489,10.938,11.489,0,0
NWG_PE,D,20161124,000000,11.581,11.857,11.581,11.857,0,0
NWG_PE,D,20161125,000000,11.857,12.041,11.857,11.949,0,0
NWG_PE,D,20161128,000000,11.949,11.949,11.857,11.949,0,0
NWG_PE,D,20161129,000000,11.673,12.133,11.489,12.133,0,0
NWG_PE,D,20161130,000000,12.133,12.225,11.857,12.225,0,0
NWG_PE,D,20161201,000000,12.225,12.501,12.133,12.501,0,0
NWG_PE,D,20161202,000000,12.501,12.777,12.501,12.777,0,0
NWG_PE,D,20161205,000000,12.869,13.144,12.869,13.144,0,0
NWG_PE,D,20161206,000000,13.144,13.604,13.144,13.512,0,0
NWG_PE,D,20161207,000000,13.42,13.42,12.96,13.42,0,0
NWG_PE,D,20161208,000000,13.42,13.42,13.052,13.052,0,0
NWG_PE,D,20161209,000000,13.052,13.052,12.501,12.593,0,0
NWG_PE,D,20161212,000000,12.593,12.777,12.593,12.777,0,0
NWG_PE,D,20161213,000000,12.777,12.777,12.593,12.593,0,0
NWG_PE,D,20161214,000000,12.777,12.777,12.593,12.685,0,0
NWG_PE,D,20161215,000000,12.593,12.685,12.501,12.593,0,0
NWG_PE,D,20161216,000000,12.501,12.593,12.501,12.593,0,0
NWG_PE,D,20161219,000000,12.593,12.685,12.501,12.501,0,0
NWG_PE,D,20161220,000000,12.501,12.777,12.317,12.777,0,0
NWG_PE,D,20161221,000000,12.777,12.96,12.777,12.869,0,0
NWG_PE,D,20161222,000000,12.96,12.96,12.685,12.869,0,0
NWG_PE,D,20161223,000000,12.96,12.96,12.777,12.777,0,0
NWG_PE,D,20161227,000000,12.869,12.869,12.501,12.685,0,0
NWG_PE,D,20161228,000000,12.777,12.777,12.501,12.685,0,0
NWG_PE,D,20161229,000000,12.777,12.777,12.593,12.777,0,0
NWG_PE,D,20161230,000000,12.777,12.96,12.685,12.777,0,0
NWG_PE,D,20170102,000000,12.777,13.052,12.593,12.96,0,0
NWG_PE,D,20170103,000000,12.96,13.052,12.869,13.052,0,0
NWG_PE,D,20170104,000000,12.96,13.144,12.869,13.144,0,0
NWG_PE,D,20170105,000000,13.144,13.144,12.869,13.052,0,0
NWG_PE,D,20170109,000000,13.052,13.052,12.869,12.869,0,0
NWG_PE,D,20170110,000000,12.777,13.052,12.777,12.869,0,0
NWG_PE,D,20170111,000000,12.96,13.144,12.777,13.144,0,0
NWG_PE,D,20170112,000000,12.96,13.236,12.869,13.236,0,0
NWG_PE,D,20170113,000000,13.236,13.512,12.869,13.236,0,0
NWG_PE,D,20170116,000000,13.052,13.236,13.052,13.236,0,0
NWG_PE,D,20170117,000000,13.42,14.155,13.42,13.787,0,0
NWG_PE,D,20170118,000000,13.879,13.879,13.512,13.604,0,0
NWG_PE,D,20170119,000000,13.787,13.787,13.512,13.696,0,0
NWG_PE,D,20170120,000000,13.787,13.787,13.604,13.696,0,0
NWG_PE,D,20170123,000000,13.696,13.696,13.512,13.604,0,0
NWG_PE,D,20170124,000000,13.604,13.696,13.512,13.604,0,0
NWG_PE,D,20170125,000000,13.787,14.063,13.696,14.063,0,0
NWG_PE,D,20170126,000000,14.063,14.155,13.879,13.971,0,0
NWG_PE,D,20170127,000000,13.971,14.247,13.971,14.155,0,0
NWG_PE,D,20170130,000000,14.339,14.614,14.155,14.523,0,0
NWG_PE,D,20170131,000000,14.523,14.614,14.155,14.523,0,0
NWG_PE,D,20170201,000000,14.614,14.614,14.339,14.431,0,0
NWG_PE,D,20170202,000000,14.339,14.431,14.155,14.155,0,0
NWG_PE,D,20170203,000000,14.155,14.155,13.879,13.971,0,0
NWG_PE,D,20170206,000000,13.971,14.339,13.971,13.971,0,0
NWG_PE,D,20170207,000000,13.971,13.971,13.971,13.971,0,0
NWG_PE,D,20170208,000000,13.787,13.879,13.787,13.787,0,0
NWG_PE,D,20170209,000000,13.787,13.787,13.787,13.787,0,0
NWG_PE,D,20170210,000000,13.787,13.787,13.696,13.787,0,0
NWG_PE,D,20170213,000000,13.696,13.787,13.512,13.696,0,0
NWG_PE,D,20170214,000000,13.604,13.696,13.604,13.696,0,0
NWG_PE,D,20170215,000000,13.604,13.696,12.685,13.328,0,0
NWG_PE,D,20170216,000000,13.328,13.787,13.328,13.696,0,0
NWG_PE,D,20170217,000000,13.787,13.787,13.512,13.512,0,0
NWG_PE,D,20170220,000000,13.696,13.696,13.236,13.696,0,0
NWG_PE,D,20170221,000000,13.696,13.696,13.42,13.604,0,0
NWG_PE,D,20170222,000000,13.512,13.512,13.144,13.236,0,0
NWG_PE,D,20170223,000000,13.052,13.328,13.052,13.144,0,0
NWG_PE,D,20170224,000000,13.144,13.236,13.052,13.144,0,0
NWG_PE,D,20170227,000000,13.144,13.512,13.144,13.512,0,0
NWG_PE,D,20170228,000000,13.604,13.879,13.236,13.879,0,0
NWG_PE,D,20170301,000000,13.879,13.971,13.604,13.971,0,0
NWG_PE,D,20170302,000000,13.971,13.971,13.696,13.971,0,0
NWG_PE,D,20170303,000000,13.971,14.063,13.879,14.063,0,0
NWG_PE,D,20170306,000000,14.339,14.339,13.971,13.971,0,0
NWG_PE,D,20170307,000000,13.971,14.155,13.696,14.155,0,0
NWG_PE,D,20170308,000000,14.063,14.339,14.063,14.339,0,0
NWG_PE,D,20170309,000000,14.339,14.431,13.787,14.339,0,0
NWG_PE,D,20170310,000000,14.339,14.339,14.063,14.339,0,0
NWG_PE,D,20170313,000000,14.339,14.431,14.339,14.431,0,0
NWG_PE,D,20170314,000000,14.431,14.431,14.063,14.339,0,0
NWG_PE,D,20170315,000000,14.339,14.339,13.879,14.155,0,0
NWG_PE,D,20170316,000000,14.247,14.339,13.787,14.063,0,0
NWG_PE,D,20170317,000000,13.787,14.247,13.787,13.971,0,0
NWG_PE,D,20170320,000000,13.971,13.971,13.696,13.696,0,0
NWG_PE,D,20170321,000000,13.696,13.696,13.42,13.42,0,0
NWG_PE,D,20170322,000000,13.052,13.144,12.96,13.052,0,0
NWG_PE,D,20170323,000000,13.328,13.512,13.328,13.328,0,0
NWG_PE,D,20170324,000000,13.42,13.42,13.052,13.144,0,0
NWG_PE,D,20170327,000000,13.052,13.236,13.052,13.144,0,0
NWG_PE,D,20170328,000000,13.144,13.696,13.144,13.696,0,0
NWG_PE,D,20170329,000000,13.787,14.063,13.696,13.696,0,0
NWG_PE,D,20170330,000000,14.063,14.063,13.42,13.696,0,0
NWG_PE,D,20170331,000000,13.879,13.971,13.696,13.696,0,0
NWG_PE,D,20170403,000000,13.696,14.063,13.604,14.063,0,0
NWG_PE,D,20170404,000000,14.063,14.063,13.787,14.063,0,0
NWG_PE,D,20170405,000000,14.063,14.247,14.063,14.247,0,0
NWG_PE,D,20170406,000000,14.339,14.339,14.155,14.339,0,0
NWG_PE,D,20170407,000000,14.431,14.431,14.247,14.339,0,0
NWG_PE,D,20170410,000000,14.063,14.247,13.787,13.971,0,0
NWG_PE,D,20170411,000000,13.787,14.063,13.787,14.063,0,0
NWG_PE,D,20170412,000000,14.063,14.155,13.879,14.063,0,0
NWG_PE,D,20170413,000000,14.063,14.063,13.879,13.879,0,0
NWG_PE,D,20170418,000000,13.787,13.971,13.787,13.971,0,0
NWG_PE,D,20170419,000000,13.787,13.971,13.787,13.879,0,0
NWG_PE,D,20170420,000000,13.971,13.971,13.696,13.787,0,0
NWG_PE,D,20170421,000000,13.971,14.063,13.971,13.971,0,0
NWG_PE,D,20170424,000000,13.787,14.523,13.787,14.523,0,0
NWG_PE,D,20170425,000000,14.339,66.363,13.971,66.363,0,0
NWG_PE,D,20170426,000000,66.18,66.455,65.077,66.363,0,0
NWG_PE,D,20170427,000000,66.363,66.363,63.514,65.261,0,0
NWG_PE,D,20170428,000000,65.261,65.996,63.974,65.444,0,0
NWG_PE,D,20170502,000000,65.812,65.812,64.434,65.261,0,0
NWG_PE,D,20170504,000000,65.444,65.444,64.158,64.158,0,0
NWG_PE,D,20170505,000000,64.25,64.25,62.962,63.514,0,0
NWG_PE,D,20170508,000000,64.985,64.985,60.757,62.779,0,0
NWG_PE,D,20170509,000000,62.779,63.146,62.043,62.779,0,0
NWG_PE,D,20170510,000000,63.054,63.33,62.319,62.595,0,0
NWG_PE,D,20170511,000000,62.595,63.33,62.595,62.595,0,0
NWG_PE,D,20170512,000000,62.595,62.87,62.595,62.779,0,0
NWG_PE,D,20170515,000000,62.779,62.779,62.043,62.319,0,0
NWG_PE,D,20170516,000000,62.503,62.503,61.584,61.584,0,0
NWG_PE,D,20170517,000000,61.4,62.043,61.4,61.492,0,0
NWG_PE,D,20170518,000000,61.216,61.216,60.757,60.849,0,0
NWG_PE,D,20170519,000000,61.216,61.4,60.849,61.4,0,0
NWG_PE,D,20170522,000000,61.216,62.503,60.941,62.411,0,0
NWG_PE,D,20170523,000000,62.411,62.779,62.411,62.779,0,0
NWG_PE,D,20170524,000000,63.514,63.514,62.043,62.411,0,0
NWG_PE,D,20170525,000000,62.595,63.882,61.308,63.882,0,0
NWG_PE,D,20170526,000000,63.422,63.698,63.146,63.146,0,0
NWG_PE,D,20170529,000000,63.146,63.146,62.043,62.779,0,0
NWG_PE,D,20170530,000000,65.536,65.904,19.578,19.578,0,0
NWG_PE,D,20170531,000000,19.487,20.314,19.487,20.13,0,0
NWG_PE,D,20170601,000000,20.222,20.222,20.038,20.038,0,0
NWG_PE,D,20170602,000000,20.038,20.222,19.487,19.578,0,0
NWG_PE,D,20170605,000000,19.578,19.578,19.211,19.211,0,0
NWG_PE,D,20170606,000000,19.303,19.303,19.211,19.211,0,0
NWG_PE,D,20170607,000000,19.211,19.303,19.119,19.119,0,0
NWG_PE,D,20170608,000000,19.211,19.211,19.119,19.211,0,0
NWG_PE,D,20170609,000000,19.487,19.487,19.211,19.303,0,0
NWG_PE,D,20170612,000000,19.211,19.578,19.119,19.119,0,0
NWG_PE,D,20170613,000000,19.487,19.487,19.027,19.211,0,0
NWG_PE,D,20170614,000000,19.487,19.487,19.119,19.211,0,0
NWG_PE,D,20170616,000000,19.487,19.487,19.119,19.211,0,0
NWG_PE,D,20170619,000000,19.395,19.395,19.027,19.211,0,0
NWG_PE,D,20170620,000000,19.395,19.395,19.211,19.211,0,0
NWG_PE,D,20170621,000000,19.303,19.303,19.119,19.119,0,0
NWG_PE,D,20170622,000000,19.303,19.303,18.935,19.027,0,0
NWG_PE,D,20170623,000000,18.935,19.303,18.935,19.119,0,0
NWG_PE,D,20170626,000000,19.211,19.211,19.119,19.211,0,0
NWG_PE,D,20170627,000000,18.935,19.027,18.935,19.027,0,0
NWG_PE,D,20170628,000000,19.119,19.119,18.935,19.119,0,0
NWG_PE,D,20170629,000000,19.119,19.119,19.119,19.119,0,0
NWG_PE,D,20170630,000000,19.303,19.303,19.119,19.211,0,0
NWG_PE,D,20170703,000000,18.935,19.211,18.935,19.027,0,0
NWG_PE,D,20170704,000000,18.935,19.119,18.935,18.935,0,0
NWG_PE,D,20170705,000000,18.935,19.027,18.75,18.842,0,0
NWG_PE,D,20170706,000000,18.842,18.842,18.659,18.659,0,0
NWG_PE,D,20170707,000000,18.659,18.842,18.383,18.842,0,0
NWG_PE,D,20170710,000000,18.842,18.935,18.567,18.935,0,0
NWG_PE,D,20170711,000000,18.935,19.119,18.75,18.842,0,0
NWG_PE,D,20170712,000000,19.119,19.303,18.567,18.659,0,0
NWG_PE,D,20170713,000000,18.659,19.119,18.659,19.119,0,0
NWG_PE,D,20170714,000000,18.842,19.211,18.842,19.211,0,0
NWG_PE,D,20170717,000000,19.211,19.303,18.935,19.303,0,0
NWG_PE,D,20170718,000000,19.303,19.303,19.211,19.211,0,0
NWG_PE,D,20170719,000000,19.211,19.303,19.211,19.211,0,0
NWG_PE,D,20170720,000000,19.211,19.211,19.119,19.211,0,0
NWG_PE,D,20170721,000000,19.211,19.303,19.027,19.303,0,0
NWG_PE,D,20170724,000000,19.303,19.303,19.119,19.211,0,0
NWG_PE,D,20170725,000000,19.211,19.303,18.935,19.303,0,0
NWG_PE,D,20170726,000000,19.303,19.395,19.027,19.119,0,0
NWG_PE,D,20170727,000000,19.119,19.395,19.027,19.395,0,0
NWG_PE,D,20170728,000000,19.211,19.395,19.211,19.395,0,0
NWG_PE,D,20170731,000000,19.395,19.67,19.395,19.487,0,0
NWG_PE,D,20170801,000000,19.487,19.578,19.487,19.487,0,0
NWG_PE,D,20170802,000000,19.487,19.487,19.395,19.487,0,0
NWG_PE,D,20170803,000000,19.578,19.578,19.487,19.578,0,0
NWG_PE,D,20170804,000000,19.578,19.578,19.487,19.487,0,0
NWG_PE,D,20170807,000000,19.487,19.487,19.303,19.303,0,0
NWG_PE,D,20170808,000000,19.395,19.395,19.211,19.303,0,0
NWG_PE,D,20170809,000000,19.303,19.303,19.211,19.303,0,0
NWG_PE,D,20170810,000000,19.211,19.303,19.211,19.303,0,0
NWG_PE,D,20170811,000000,19.119,19.303,19.119,19.211,0,0
NWG_PE,D,20170814,000000,19.211,19.303,19.119,19.119,0,0
NWG_PE,D,20170816,000000,19.119,19.303,19.119,19.303,0,0
NWG_PE,D,20170817,000000,19.395,19.395,19.119,19.303,0,0
NWG_PE,D,20170818,000000,19.211,19.395,19.211,19.211,0,0
NWG_PE,D,20170821,000000,19.395,19.395,19.303,19.303,0,0
NWG_PE,D,20170822,000000,19.303,19.395,19.119,19.395,0,0
NWG_PE,D,20170823,000000,19.395,19.395,19.119,19.395,0,0
NWG_PE,D,20170824,000000,19.303,19.395,19.303,19.395,0,0
NWG_PE,D,20170825,000000,19.395,19.395,19.303,19.303,0,0
NWG_PE,D,20170828,000000,19.303,19.303,19.119,19.211,0,0
NWG_PE,D,20170829,000000,19.211,19.303,19.211,19.303,0,0
NWG_PE,D,20170830,000000,19.303,19.395,19.303,19.303,0,0
NWG_PE,D,20170831,000000,19.303,19.395,19.303,19.395,0,0
NWG_PE,D,20170901,000000,19.555,19.555,19.459,19.459,0,0
NWG_PE,D,20170904,000000,19.267,19.651,19.267,19.555,0,0
NWG_PE,D,20170905,000000,19.555,19.555,19.267,19.555,0,0
NWG_PE,D,20170906,000000,19.459,19.555,19.459,19.555,0,0
NWG_PE,D,20170907,000000,19.555,19.555,19.363,19.459,0,0
NWG_PE,D,20170908,000000,19.555,19.555,19.267,19.363,0,0
NWG_PE,D,20170911,000000,19.363,19.363,18.692,18.98,0,0
NWG_PE,D,20170912,000000,18.788,18.98,18.5,18.98,0,0
NWG_PE,D,20170913,000000,18.5,19.075,18.404,19.075,0,0
NWG_PE,D,20170914,000000,18.98,19.171,18.98,19.171,0,0
NWG_PE,D,20170915,000000,19.171,19.267,18.98,19.171,0,0
NWG_PE,D,20170918,000000,19.171,19.171,19.171,19.171,0,0
NWG_PE,D,20170919,000000,18.98,45.148,18.021,45.148,0,0
NWG_PE,D,20170920,000000,45.34,45.34,44.573,44.573,0,0
NWG_PE,D,20170921,000000,44.765,44.765,43.806,43.998,0,0
NWG_PE,D,20170922,000000,43.135,45.628,43.135,44.19,0,0
NWG_PE,D,20170925,000000,44.286,44.861,44.286,44.861,0,0
NWG_PE,D,20170926,000000,44.957,44.957,43.902,44.669,0,0
NWG_PE,D,20170927,000000,44.19,44.765,43.902,43.902,0,0
NWG_PE,D,20170928,000000,43.902,43.902,43.902,43.902,0,0
NWG_PE,D,20170929,000000,44.573,44.573,44.573,44.573,0,0
NWG_PE,D,20171002,000000,44.573,45.244,44.573,45.244,0,0
NWG_PE,D,20171003,000000,45.628,45.628,45.052,45.244,0,0
NWG_PE,D,20171004,000000,45.244,45.532,45.244,45.436,0,0
NWG_PE,D,20171005,000000,45.244,46.49,44.573,46.49,0,0
NWG_PE,D,20171006,000000,46.203,46.682,45.052,46.203,0,0
NWG_PE,D,20171009,000000,46.49,46.49,45.628,46.203,0,0
NWG_PE,D,20171010,000000,46.203,46.299,45.244,45.628,0,0
NWG_PE,D,20171011,000000,45.915,45.915,45.052,45.915,0,0
NWG_PE,D,20171012,000000,45.915,45.915,45.628,45.723,0,0
NWG_PE,D,20171013,000000,45.628,45.628,45.148,45.628,0,0
NWG_PE,D,20171016,000000,45.819,45.819,44.669,45.436,0,0
NWG_PE,D,20171017,000000,45.628,45.628,45.34,45.34,0,0
NWG_PE,D,20171018,000000,45.819,45.819,44.573,45.34,0,0
NWG_PE,D,20171019,000000,44.669,45.34,44.573,45.34,0,0
NWG_PE,D,20171020,000000,45.34,45.34,44.765,45.34,0,0
NWG_PE,D,20171023,000000,44.861,45.052,44.19,45.052,0,0
NWG_PE,D,20171024,000000,44.957,44.957,44.19,44.765,0,0
NWG_PE,D,20171025,000000,44.477,45.34,44.19,44.861,0,0
NWG_PE,D,20171026,000000,44.861,44.861,44.19,44.669,0,0
NWG_PE,D,20171027,000000,44.861,45.244,44.19,44.19,0,0
NWG_PE,D,20171030,000000,44.094,44.19,43.71,43.806,0,0
NWG_PE,D,20171031,000000,43.998,44.861,43.806,44.861,0,0
NWG_PE,D,20171102,000000,44.861,44.861,43.902,44.477,0,0
NWG_PE,D,20171103,000000,44.477,44.477,43.806,43.806,0,0
NWG_PE,D,20171106,000000,44.094,44.094,43.519,43.519,0,0
NWG_PE,D,20171107,000000,43.231,43.519,42.464,43.423,0,0
NWG_PE,D,20171108,000000,43.519,43.519,42.656,43.423,0,0
NWG_PE,D,20171109,000000,43.519,43.519,42.752,43.423,0,0
NWG_PE,D,20171110,000000,43.04,43.04,42.56,43.04,0,0
NWG_PE,D,20171113,000000,41.889,43.231,40.643,41.027,0,0
NWG_PE,D,20171114,000000,40.931,41.027,39.397,40.164,0,0
NWG_PE,D,20171115,000000,40.164,41.122,38.918,41.027,0,0
NWG_PE,D,20171116,000000,39.397,42.848,39.397,42.848,0,0
NWG_PE,D,20171117,000000,40.356,43.519,40.356,43.519,0,0
NWG_PE,D,20171120,000000,43.71,44.094,42.752,43.519,0,0
NWG_PE,D,20171121,000000,42.081,43.231,42.081,43.231,0,0
NWG_PE,D,20171122,000000,43.519,43.519,42.656,43.519,0,0
NWG_PE,D,20171123,000000,43.998,43.998,42.656,43.806,0,0
NWG_PE,D,20171124,000000,43.998,43.998,42.656,43.806,0,0
NWG_PE,D,20171127,000000,43.135,45.34,43.135,45.34,0,0
NWG_PE,D,20171128,000000,45.34,45.34,38.63,38.63,0,0
NWG_PE,D,20171129,000000,37.767,38.63,37.48,38.63,0,0
NWG_PE,D,20171130,000000,38.63,38.63,37.672,37.672,0,0
NWG_PE,D,20171201,000000,38.438,38.438,37.672,38.343,0,0
NWG_PE,D,20171204,000000,38.438,38.63,38.151,38.151,0,0
NWG_PE,D,20171205,000000,38.343,38.343,37.576,38.247,0,0
NWG_PE,D,20171206,000000,38.343,38.343,37.672,38.343,0,0
NWG_PE,D,20171207,000000,38.343,38.343,37.672,37.672,0,0
NWG_PE,D,20171208,000000,38.151,38.151,37.672,37.672,0,0
NWG_PE,D,20171211,000000,37.672,37.672,36.234,37.672,0,0
NWG_PE,D,20171212,000000,37.959,38.438,37.576,37.767,0,0
NWG_PE,D,20171213,000000,39.109,39.397,38.438,39.397,0,0
NWG_PE,D,20171214,000000,39.014,39.014,38.151,39.014,0,0
NWG_PE,D,20171215,000000,39.109,39.301,38.055,39.301,0,0
NWG_PE,D,20171218,000000,37.767,39.685,37.767,39.589,0,0
NWG_PE,D,20171219,000000,38.822,41.889,38.822,41.889,0,0
NWG_PE,D,20171220,000000,41.027,42.848,40.643,42.848,0,0
NWG_PE,D,20171221,000000,43.231,43.231,40.643,41.027,0,0
NWG_PE,D,20171222,000000,40.643,41.122,39.109,39.109,0,0
NWG_PE,D,20171227,000000,38.343,38.343,37.001,37.096,0,0
NWG_PE,D,20171228,000000,38.726,38.726,35.179,36.138,0,0
NWG_PE,D,20171229,000000,35.371,38.055,35.179,37.959,0,0
NWG_PE,D,20180103,000000,38.63,38.63,37.096,37.096,0,0
NWG_PE,D,20180104,000000,38.438,39.109,37.384,38.343,0,0
NWG_PE,D,20180105,000000,39.301,42.848,38.343,41.218,0,0
NWG_PE,D,20180108,000000,42.081,42.081,40.739,41.218,0,0
NWG_PE,D,20180109,000000,41.793,42.464,41.793,41.889,0,0
NWG_PE,D,20180110,000000,42.273,42.273,40.643,40.643,0,0
NWG_PE,D,20180111,000000,40.739,42.273,40.739,42.177,0,0
NWG_PE,D,20180112,000000,42.273,42.273,41.027,42.177,0,0
NWG_PE,D,20180115,000000,42.177,42.273,41.889,42.177,0,0
NWG_PE,D,20180116,000000,42.273,42.273,41.41,41.793,0,0
NWG_PE,D,20180117,000000,41.793,42.464,41.698,42.369,0,0
NWG_PE,D,20180118,000000,41.889,43.327,41.889,43.231,0,0
NWG_PE,D,20180119,000000,42.848,44.381,42.848,43.615,0,0
NWG_PE,D,20180122,000000,43.615,43.806,43.615,43.806,0,0
NWG_PE,D,20180123,000000,43.806,45.148,43.806,45.148,0,0
NWG_PE,D,20180124,000000,45.052,45.148,44.765,44.861,0,0
NWG_PE,D,20180125,000000,44.573,44.765,43.998,44.765,0,0
NWG_PE,D,20180126,000000,44.765,45.148,44.765,45.148,0,0
NWG_PE,D,20180129,000000,45.148,45.148,43.806,44.765,0,0
NWG_PE,D,20180130,000000,44.765,44.765,43.902,44.669,0,0
NWG_PE,D,20180131,000000,43.615,46.203,43.615,46.011,0,0
NWG_PE,D,20180201,000000,46.203,46.299,45.148,46.203,0,0
NWG_PE,D,20180202,000000,46.203,46.203,44.477,46.011,0,0
NWG_PE,D,20180205,000000,46.107,46.107,44.861,45.819,0,0
NWG_PE,D,20180206,000000,45.148,45.148,42.464,45.148,0,0
NWG_PE,D,20180207,000000,45.052,45.052,42.848,42.848,0,0
NWG_PE,D,20180208,000000,43.135,43.615,42.464,43.615,0,0
NWG_PE,D,20180209,000000,42.656,43.902,42.656,43.806,0,0
NWG_PE,D,20180212,000000,43.135,44.477,43.135,44.381,0,0
NWG_PE,D,20180213,000000,44.381,45.628,43.615,45.532,0,0
NWG_PE,D,20180214,000000,45.532,46.011,45.532,46.011,0,0
NWG_PE,D,20180215,000000,46.011,46.011,45.723,46.011,0,0
NWG_PE,D,20180216,000000,45.34,46.011,45.34,45.915,0,0
NWG_PE,D,20180219,000000,45.532,45.628,45.148,45.628,0,0
NWG_PE,D,20180220,000000,45.723,45.819,45.628,45.819,0,0
NWG_PE,D,20180221,000000,46.107,46.107,44.861,45.628,0,0
NWG_PE,D,20180222,000000,45.723,46.011,45.628,45.628,0,0
NWG_PE,D,20180223,000000,45.628,45.819,44.957,45.819,0,0
NWG_PE,D,20180226,000000,46.203,46.97,45.915,46.778,0,0
NWG_PE,D,20180227,000000,46.682,47.257,46.682,46.874,0,0
NWG_PE,D,20180228,000000,47.353,47.353,45.148,46.203,0,0
NWG_PE,D,20180301,000000,46.203,46.203,44.19,46.203,0,0
NWG_PE,D,20180302,000000,46.107,46.107,45.244,45.628,0,0
NWG_PE,D,20180305,000000,45.915,45.915,44.286,45.532,0,0
NWG_PE,D,20180306,000000,45.628,45.628,45.532,45.628,0,0
NWG_PE,D,20180307,000000,44.381,46.011,44.381,46.011,0,0
NWG_PE,D,20180308,000000,45.148,46.011,45.052,45.148,0,0
NWG_PE,D,20180309,000000,45.628,45.628,45.148,45.532,0,0
NWG_PE,D,20180312,000000,45.052,45.052,45.052,45.052,0,0
NWG_PE,D,20180313,000000,45.052,45.436,45.052,45.052,0,0
NWG_PE,D,20180314,000000,45.436,45.436,45.148,45.148,0,0
NWG_PE,D,20180315,000000,45.052,45.052,44.286,44.765,0,0
NWG_PE,D,20180316,000000,45.052,45.052,44.861,44.861,0,0
NWG_PE,D,20180319,000000,44.861,44.861,43.327,43.423,0,0
NWG_PE,D,20180320,000000,43.423,44.957,42.464,44.861,0,0
NWG_PE,D,20180321,000000,44.573,44.573,42.848,43.902,0,0
NWG_PE,D,20180322,000000,43.902,43.902,43.135,43.135,0,0
NWG_PE,D,20180323,000000,43.135,43.902,43.135,43.902,0,0
NWG_PE,D,20180326,000000,43.135,43.615,43.135,43.615,0,0
NWG_PE,D,20180327,000000,43.902,45.148,43.902,44.861,0,0
NWG_PE,D,20180328,000000,43.615,45.148,43.615,44.861,0,0
NWG_PE,D,20180329,000000,45.148,45.148,43.327,45.148,0,0
NWG_PE,D,20180403,000000,45.148,45.532,43.902,45.532,0,0
NWG_PE,D,20180404,000000,45.532,45.628,44.861,44.861,0,0
NWG_PE,D,20180405,000000,45.628,46.203,43.519,46.203,0,0
NWG_PE,D,20180406,000000,46.203,46.203,44.957,45.532,0,0
NWG_PE,D,20180409,000000,45.532,45.532,43.519,44.19,0,0
NWG_PE,D,20180410,000000,44.19,44.477,44.19,44.286,0,0
NWG_PE,D,20180411,000000,44.957,44.957,43.902,43.902,0,0
NWG_PE,D,20180412,000000,43.806,45.532,43.806,45.532,0,0
NWG_PE,D,20180413,000000,45.148,45.532,44.861,45.532,0,0
NWG_PE,D,20180416,000000,45.532,45.532,45.148,45.532,0,0
NWG_PE,D,20180417,000000,45.532,45.532,26.169,26.169,0,0
NWG_PE,D,20180418,000000,26.169,26.169,25.785,26.169,0,0
NWG_PE,D,20180419,000000,26.36,26.36,26.073,26.073,0,0
NWG_PE,D,20180420,000000,26.073,26.073,26.073,26.073,0,0
NWG_PE,D,20180423,000000,25.785,26.073,25.785,26.073,0,0
NWG_PE,D,20180424,000000,25.977,26.073,25.306,26.073,0,0
NWG_PE,D,20180425,000000,26.073,26.265,25.594,26.265,0,0
NWG_PE,D,20180426,000000,26.265,26.265,25.306,26.073,0,0
NWG_PE,D,20180427,000000,26.073,26.073,25.402,26.073,0,0
NWG_PE,D,20180430,000000,26.169,26.169,25.498,26.073,0,0
NWG_PE,D,20180502,000000,26.169,26.169,25.594,26.073,0,0
NWG_PE,D,20180504,000000,26.073,26.073,25.402,25.498,0,0
NWG_PE,D,20180507,000000,26.073,26.073,25.69,26.073,0,0
NWG_PE,D,20180508,000000,26.073,26.073,26.073,26.073,0,0
NWG_PE,D,20180509,000000,26.073,26.073,26.073,26.073,0,0
NWG_PE,D,20180510,000000,26.073,26.073,25.306,26.073,0,0
NWG_PE,D,20180511,000000,26.073,26.073,24.731,25.019,0,0
NWG_PE,D,20180514,000000,25.019,25.019,24.539,24.635,0,0
NWG_PE,D,20180515,000000,24.348,25.21,24.348,25.21,0,0
NWG_PE,D,20180516,000000,25.019,25.019,24.443,24.923,0,0
NWG_PE,D,20180517,000000,24.923,25.114,24.443,25.114,0,0
NWG_PE,D,20180518,000000,25.114,25.114,23.485,24.06,0,0
NWG_PE,D,20180521,000000,23.485,24.635,23.485,24.635,0,0
NWG_PE,D,20180522,000000,23.485,41.985,23.485,41.985,0,0
NWG_PE,D,20180523,000000,42.464,42.464,41.218,41.506,0,0
NWG_PE,D,20180524,000000,40.643,41.506,40.643,41.506,0,0
NWG_PE,D,20180525,000000,41.602,42.464,40.739,41.506,0,0
NWG_PE,D,20180528,000000,42.464,42.464,41.218,41.985,0,0
NWG_PE,D,20180529,000000,42.464,42.464,41.218,41.985,0,0
NWG_PE,D,20180530,000000,42.464,43.519,42.273,43.519,0,0
NWG_PE,D,20180601,000000,43.423,43.423,41.602,43.423,0,0
NWG_PE,D,20180604,000000,43.519,43.519,42.56,43.231,0,0
NWG_PE,D,20180605,000000,43.231,44.477,41.985,44.094,0,0
NWG_PE,D,20180606,000000,43.71,43.71,42.944,43.135,0,0
NWG_PE,D,20180607,000000,44.094,44.094,43.04,43.998,0,0
NWG_PE,D,20180608,000000,43.998,43.998,43.998,43.998,0,0
NWG_PE,D,20180611,000000,43.71,43.71,41.985,43.615,0,0
NWG_PE,D,20180612,000000,42.273,43.615,42.273,43.615,0,0
NWG_PE,D,20180613,000000,43.615,43.615,42.273,42.56,0,0
NWG_PE,D,20180614,000000,43.519,43.519,40.835,43.135,0,0
NWG_PE,D,20180615,000000,43.519,43.519,43.519,43.519,0,0
NWG_PE,D,20180618,000000,43.615,43.806,43.519,43.615,0,0
NWG_PE,D,20180619,000000,43.519,43.519,43.519,43.519,0,0
NWG_PE,D,20180620,000000,43.806,43.806,43.519,43.519,0,0
NWG_PE,D,20180621,000000,42.273,43.615,42.273,43.519,0,0
NWG_PE,D,20180622,000000,43.806,43.806,43.519,43.519,0,0
NWG_PE,D,20180625,000000,43.519,43.519,43.519,43.519,0,0
NWG_PE,D,20180626,000000,43.615,43.615,43.519,43.519,0,0
NWG_PE,D,20180627,000000,43.519,43.519,42.656,43.519,0,0
NWG_PE,D,20180628,000000,43.519,43.519,42.656,42.656,0,0
NWG_PE,D,20180629,000000,43.519,43.519,42.56,43.519,0,0
NWG_PE,D,20180702,000000,43.806,43.806,42.752,43.806,0,0
NWG_PE,D,20180703,000000,43.806,43.806,43.806,43.806,0,0
NWG_PE,D,20180704,000000,43.806,43.806,43.806,43.806,0,0
NWG_PE,D,20180705,000000,43.806,44.094,43.04,43.998,0,0
NWG_PE,D,20180706,000000,43.998,43.998,43.998,43.998,0,0
NWG_PE,D,20180709,000000,43.71,44.094,43.71,44.094,0,0
NWG_PE,D,20180710,000000,44.19,44.286,44.094,44.286,0,0
NWG_PE,D,20180711,000000,44.573,44.573,43.423,43.806,0,0
NWG_PE,D,20180712,000000,44.094,44.094,43.806,43.902,0,0
NWG_PE,D,20180713,000000,44.573,45.052,44.381,44.477,0,0
NWG_PE,D,20180716,000000,45.244,45.244,44.477,45.052,0,0
NWG_PE,D,20180717,000000,45.052,45.052,44.573,45.052,0,0
NWG_PE,D,20180718,000000,45.052,45.052,44.286,44.286,0,0
NWG_PE,D,20180719,000000,44.286,44.286,43.806,43.806,0,0
NWG_PE,D,20180720,000000,45.052,45.052,43.806,43.902,0,0
NWG_PE,D,20180723,000000,44.861,44.861,43.806,44.861,0,0
NWG_PE,D,20180724,000000,44.765,45.052,44.765,45.052,0,0
NWG_PE,D,20180725,000000,45.052,45.052,44.19,45.052,0,0
NWG_PE,D,20180726,000000,44.573,44.765,44.381,44.765,0,0
NWG_PE,D,20180727,000000,44.765,44.765,44.477,44.477,0,0
NWG_PE,D,20180730,000000,44.573,45.34,44.477,44.765,0,0
NWG_PE,D,20180731,000000,44.477,45.148,44.477,45.148,0,0
NWG_PE,D,20180801,000000,45.052,45.244,44.669,45.244,0,0
NWG_PE,D,20180802,000000,45.244,45.244,44.477,45.148,0,0
NWG_PE,D,20180803,000000,45.148,45.148,44.573,45.052,0,0
NWG_PE,D,20180806,000000,44.573,44.957,44.573,44.861,0,0
NWG_PE,D,20180807,000000,44.765,44.861,44.477,44.861,0,0
NWG_PE,D,20180808,000000,44.861,44.861,44.477,44.477,0,0
NWG_PE,D,20180809,000000,45.148,45.148,44.477,44.477,0,0
NWG_PE,D,20180810,000000,43.998,43.998,43.998,43.998,0,0
NWG_PE,D,20180813,000000,43.71,43.998,43.04,43.04,0,0
NWG_PE,D,20180814,000000,43.04,43.04,43.04,43.04,0,0
NWG_PE,D,20180816,000000,43.04,43.998,43.04,43.998,0,0
NWG_PE,D,20180817,000000,43.998,43.998,43.998,43.998,0,0
NWG_PE,D,20180820,000000,43.998,43.998,43.71,43.806,0,0
NWG_PE,D,20180821,000000,42.656,43.71,42.656,43.615,0,0
NWG_PE,D,20180822,000000,43.615,43.615,42.464,43.615,0,0
NWG_PE,D,20180823,000000,43.615,43.615,42.656,43.231,0,0
NWG_PE,D,20180824,000000,43.231,43.615,43.231,43.615,0,0
NWG_PE,D,20180827,000000,43.615,43.806,42.369,43.806,0,0
NWG_PE,D,20180828,000000,44.094,45.148,43.902,45.148,0,0
NWG_PE,D,20180829,000000,45.052,45.052,45.052,45.052,0,0
NWG_PE,D,20180830,000000,45.052,45.052,43.806,44.861,0,0
NWG_PE,D,20180831,000000,44.861,44.861,44.861,44.861,0,0
NWG_PE,D,20180903,000000,44.957,45.052,44.957,45.052,0,0
NWG_PE,D,20180904,000000,44.765,44.765,43.04,43.806,0,0
NWG_PE,D,20180905,000000,44.765,44.765,42.848,43.615,0,0
NWG_PE,D,20180906,000000,42.752,42.848,42.752,42.848,0,0
NWG_PE,D,20180907,000000,42.848,42.848,42.081,42.177,0,0
NWG_PE,D,20180910,000000,41.314,42.56,41.314,42.56,0,0
NWG_PE,D,20180911,000000,44.573,45.052,17.35,17.35,0,0
NWG_PE,D,20180912,000000,17.35,17.35,17.35,17.35,0,0
NWG_PE,D,20180913,000000,17.35,17.35,16.967,16.967,0,0
NWG_PE,D,20180914,000000,17.35,17.35,16.775,16.967,0,0
NWG_PE,D,20180917,000000,17.35,17.35,16.391,16.775,0,0
NWG_PE,D,20180918,000000,17.35,17.35,16.583,17.35,0,0
NWG_PE,D,20180919,000000,17.35,17.35,16.775,17.35,0,0
NWG_PE,D,20180920,000000,17.35,17.35,17.35,17.35,0,0
NWG_PE,D,20180921,000000,17.35,17.35,17.35,17.35,0,0
NWG_PE,D,20180924,000000,17.254,17.254,16.775,16.775,0,0
NWG_PE,D,20180925,000000,17.35,17.35,17.35,17.35,0,0
NWG_PE,D,20180926,000000,17.446,17.638,16.775,17.638,0,0
NWG_PE,D,20180927,000000,17.638,17.638,17.638,17.638,0,0
NWG_PE,D,20180928,000000,17.638,17.638,16.871,16.871,0,0
NWG_PE,D,20181001,000000,17.542,17.638,17.542,17.638,0,0
NWG_PE,D,20181002,000000,17.638,17.638,16.871,17.446,0,0
NWG_PE,D,20181003,000000,17.35,17.35,17.158,17.158,0,0
NWG_PE,D,20181004,000000,17.158,17.158,17.158,17.158,0,0
NWG_PE,D,20181005,000000,16.583,16.967,16.583,16.775,0,0
NWG_PE,D,20181008,000000,16.871,16.871,16.775,16.775,0,0
NWG_PE,D,20181009,000000,16.775,16.775,16.679,16.775,0,0
NWG_PE,D,20181010,000000,16.775,16.775,16.583,16.679,0,0
NWG_PE,D,20181011,000000,16.487,16.583,16.391,16.583,0,0
NWG_PE,D,20181012,000000,16.391,16.775,16.391,16.775,0,0
NWG_PE,D,20181015,000000,17.158,17.254,16.967,17.254,0,0
NWG_PE,D,20181016,000000,17.35,17.35,16.104,16.104,0,0
NWG_PE,D,20181017,000000,16.391,16.775,16.391,16.775,0,0
NWG_PE,D,20181018,000000,16.775,16.775,16.775,16.775,0,0
NWG_PE,D,20181019,000000,16.775,16.871,16.487,16.871,0,0
NWG_PE,D,20181022,000000,16.871,16.967,16.487,16.487,0,0
NWG_PE,D,20181023,000000,16.391,16.391,16.391,16.391,0,0
NWG_PE,D,20181024,000000,16.775,16.775,16.391,16.775,0,0
NWG_PE,D,20181025,000000,16.775,16.775,16.391,16.391,0,0
NWG_PE,D,20181026,000000,16.775,16.775,16.391,16.391,0,0
NWG_PE,D,20181029,000000,16.775,16.775,16.391,16.775,0,0
NWG_PE,D,20181030,000000,16.775,16.775,16.775,16.775,0,0
NWG_PE,D,20181031,000000,16.775,16.775,16.391,16.679,0,0
NWG_PE,D,20181102,000000,16.679,16.775,16.391,16.775,0,0
NWG_PE,D,20181105,000000,16.775,16.775,16.775,16.775,0,0
NWG_PE,D,20181106,000000,16.775,16.775,16.2,16.2,0,0
NWG_PE,D,20181107,000000,16.296,16.296,15.337,15.337,0,0
NWG_PE,D,20181108,000000,15.72,15.72,14.762,14.858,0,0
NWG_PE,D,20181109,000000,14.666,14.666,13.995,13.995,0,0
NWG_PE,D,20181113,000000,13.995,14.858,13.612,14.858,0,0
NWG_PE,D,20181114,000000,14.954,15.72,14.954,15.049,0,0
NWG_PE,D,20181115,000000,15.72,15.72,14.474,15.433,0,0
NWG_PE,D,20181116,000000,15.529,15.529,15.049,15.049,0,0
NWG_PE,D,20181119,000000,14.954,15.337,14.378,15.337,0,0
NWG_PE,D,20181120,000000,15.433,15.433,14.378,14.378,0,0
NWG_PE,D,20181121,000000,14.378,14.378,13.803,14.378,0,0
NWG_PE,D,20181122,000000,14.378,14.474,14.187,14.474,0,0
NWG_PE,D,20181123,000000,14.474,14.474,13.995,13.995,0,0
NWG_PE,D,20181126,000000,13.995,14.283,13.995,14.283,0,0
NWG_PE,D,20181127,000000,14.57,14.57,13.707,14.474,0,0
NWG_PE,D,20181128,000000,14.474,14.474,13.995,14.378,0,0
NWG_PE,D,20181129,000000,14.378,14.378,13.899,14.283,0,0
NWG_PE,D,20181130,000000,14.283,14.283,14.187,14.187,0,0
NWG_PE,D,20181203,000000,14.187,14.187,13.899,14.187,0,0
NWG_PE,D,20181204,000000,14.187,14.283,14.187,14.187,0,0
NWG_PE,D,20181205,000000,14.378,14.378,13.803,14.187,0,0
NWG_PE,D,20181206,000000,14.187,14.187,13.707,14.091,0,0
NWG_PE,D,20181207,000000,14.187,14.474,13.516,13.995,0,0
NWG_PE,D,20181210,000000,13.995,13.995,13.612,13.899,0,0
NWG_PE,D,20181211,000000,13.995,14.091,13.516,13.707,0,0
NWG_PE,D,20181212,000000,13.899,13.899,13.612,13.803,0,0
NWG_PE,D,20181213,000000,13.803,13.803,13.803,13.803,0,0
NWG_PE,D,20181214,000000,13.995,13.995,13.899,13.995,0,0
NWG_PE,D,20181217,000000,13.803,13.995,13.612,13.803,0,0
NWG_PE,D,20181218,000000,13.516,13.707,13.324,13.707,0,0
NWG_PE,D,20181219,000000,13.803,13.803,13.612,13.707,0,0
NWG_PE,D,20181220,000000,13.707,13.707,13.228,13.707,0,0
NWG_PE,D,20181221,000000,13.707,13.707,13.42,13.707,0,0
NWG_PE,D,20181227,000000,13.42,13.707,13.42,13.612,0,0
NWG_PE,D,20181228,000000,13.516,14.091,13.516,13.995,0,0
NWG_PE,D,20190102,000000,14.283,14.283,13.228,13.612,0,0
NWG_PE,D,20190103,000000,13.612,13.707,13.132,13.228,0,0
NWG_PE,D,20190104,000000,13.42,13.803,12.653,12.749,0,0
NWG_PE,D,20190107,000000,12.749,13.42,12.749,13.42,0,0
NWG_PE,D,20190108,000000,13.42,13.516,13.036,13.036,0,0
NWG_PE,D,20190109,000000,13.132,13.42,13.036,13.42,0,0
NWG_PE,D,20190110,000000,13.42,13.42,13.324,13.324,0,0
NWG_PE,D,20190111,000000,13.324,13.612,13.228,13.612,0,0
NWG_PE,D,20190114,000000,13.612,13.803,13.612,13.803,0,0
NWG_PE,D,20190115,000000,13.707,13.707,13.42,13.612,0,0
NWG_PE,D,20190116,000000,13.612,13.612,13.324,13.612,0,0
NWG_PE,D,20190117,000000,13.612,14.091,13.228,14.091,0,0
NWG_PE,D,20190118,000000,14.091,14.091,13.995,13.995,0,0
NWG_PE,D,20190121,000000,13.995,13.995,13.516,13.899,0,0
NWG_PE,D,20190122,000000,13.899,13.899,13.707,13.707,0,0
NWG_PE,D,20190123,000000,13.899,13.899,13.707,13.899,0,0
NWG_PE,D,20190124,000000,13.899,14.283,13.899,14.283,0,0
NWG_PE,D,20190125,000000,13.995,14.283,13.995,14.283,0,0
NWG_PE,D,20190128,000000,14.283,14.283,14.283,14.283,0,0
NWG_PE,D,20190129,000000,14.283,14.283,13.612,13.995,0,0
NWG_PE,D,20190130,000000,13.995,14.187,13.612,14.187,0,0
NWG_PE,D,20190131,000000,14.187,14.187,13.612,14.091,0,0
NWG_PE,D,20190201,000000,14.091,14.091,13.707,14.091,0,0
NWG_PE,D,20190204,000000,14.283,14.283,14.187,14.283,0,0
NWG_PE,D,20190205,000000,14.283,14.283,13.899,13.899,0,0
NWG_PE,D,20190206,000000,13.899,14.283,13.612,14.283,0,0
NWG_PE,D,20190207,000000,14.283,14.283,13.707,14.283,0,0
NWG_PE,D,20190208,000000,14.283,14.283,13.803,14.187,0,0
NWG_PE,D,20190211,000000,13.707,14.283,13.707,14.283,0,0
NWG_PE,D,20190212,000000,14.283,14.283,14.283,14.283,0,0
NWG_PE,D,20190213,000000,13.803,14.283,13.803,14.283,0,0
NWG_PE,D,20190214,000000,14.283,14.283,14.283,14.283,0,0
NWG_PE,D,20190215,000000,14.283,14.378,14.283,14.378,0,0
NWG_PE,D,20190218,000000,14.378,14.378,13.899,14.187,0,0
NWG_PE,D,20190219,000000,14.283,14.283,13.899,14.283,0,0
NWG_PE,D,20190220,000000,14.283,14.283,13.707,13.899,0,0
NWG_PE,D,20190221,000000,13.803,13.899,13.803,13.899,0,0
NWG_PE,D,20190222,000000,14.091,14.091,14.091,14.091,0,0
NWG_PE,D,20190225,000000,14.091,14.091,13.995,13.995,0,0
NWG_PE,D,20190226,000000,13.899,13.899,13.899,13.899,0,0
NWG_PE,D,20190227,000000,13.995,14.091,13.899,14.091,0,0
NWG_PE,D,20190228,000000,14.091,14.283,14.091,14.283,0,0
NWG_PE,D,20190301,000000,14.187,14.187,14.091,14.091,0,0
NWG_PE,D,20190304,000000,14.187,14.187,13.899,13.899,0,0
NWG_PE,D,20190305,000000,13.899,14.187,13.899,14.091,0,0
NWG_PE,D,20190306,000000,14.187,14.187,14.091,14.187,0,0
NWG_PE,D,20190307,000000,14.091,14.378,14.091,14.378,0,0
NWG_PE,D,20190308,000000,14.378,14.378,14.283,14.283,0,0
NWG_PE,D,20190311,000000,14.283,14.378,14.187,14.378,0,0
NWG_PE,D,20190312,000000,14.378,14.378,14.378,14.378,0,0
NWG_PE,D,20190313,000000,14.378,14.378,14.378,14.378,0,0
NWG_PE,D,20190314,000000,14.378,14.474,14.378,14.474,0,0
NWG_PE,D,20190315,000000,14.474,14.474,14.474,14.474,0,0
NWG_PE,D,20190318,000000,14.378,14.378,14.378,14.378,0,0
NWG_PE,D,20190319,000000,14.57,14.57,14.378,14.378,0,0
NWG_PE,D,20190320,000000,14.57,14.57,14.378,14.474,0,0
NWG_PE,D,20190321,000000,14.57,14.666,14.474,14.666,0,0
NWG_PE,D,20190322,000000,14.666,14.762,14.57,14.57,0,0
NWG_PE,D,20190325,000000,14.666,14.666,14.666,14.666,0,0
NWG_PE,D,20190326,000000,14.666,14.858,14.666,14.858,0,0
NWG_PE,D,20190327,000000,14.858,14.858,14.858,14.858,0,0
NWG_PE,D,20190328,000000,14.858,14.954,14.666,14.954,0,0
NWG_PE,D,20190329,000000,14.954,14.954,14.858,14.858,0,0
NWG_PE,D,20190401,000000,14.858,14.858,14.762,14.762,0,0
NWG_PE,D,20190402,000000,14.954,14.954,14.858,14.858,0,0
NWG_PE,D,20190403,000000,14.954,15.72,14.954,15.72,0,0
NWG_PE,D,20190404,000000,15.72,15.816,15.72,15.72,0,0
NWG_PE,D,20190405,000000,15.72,15.72,15.337,15.72,0,0
NWG_PE,D,20190408,000000,15.816,16.296,15.241,16.008,0,0
NWG_PE,D,20190409,000000,16.391,16.775,16.391,16.391,0,0
NWG_PE,D,20190410,000000,16.391,16.391,16.104,16.104,0,0
NWG_PE,D,20190411,000000,16.391,16.391,16.104,16.2,0,0
NWG_PE,D,20190412,000000,16.487,16.487,15.912,15.912,0,0
NWG_PE,D,20190415,000000,15.912,16.2,15.912,16.2,0,0
NWG_PE,D,20190416,000000,16.2,16.2,16.008,16.2,0,0
NWG_PE,D,20190417,000000,16.2,16.296,16.2,16.296,0,0
NWG_PE,D,20190418,000000,16.2,16.2,16.104,16.104,0,0
NWG_PE,D,20190423,000000,16.487,16.487,7.9561,7.9561,0,0
NWG_PE,D,20190424,000000,7.9561,8.0519,7.9561,7.9561,0,0
NWG_PE,D,20190425,000000,8.0519,8.0519,7.8602,7.8602,0,0
NWG_PE,D,20190426,000000,7.9561,7.9561,7.7644,7.8602,0,0
NWG_PE,D,20190429,000000,7.9561,7.9561,7.8602,7.8602,0,0
NWG_PE,D,20190430,000000,7.9561,7.9561,7.7644,7.7644,0,0
NWG_PE,D,20190502,000000,7.7644,7.7644,7.7644,7.7644,0,0
NWG_PE,D,20190506,000000,7.9561,7.9561,7.7644,7.8602,0,0
NWG_PE,D,20190507,000000,7.9561,7.9561,7.7644,7.8602,0,0
NWG_PE,D,20190508,000000,7.8602,7.8602,7.5727,7.7644,0,0
NWG_PE,D,20190509,000000,7.9561,7.9561,7.3809,7.3809,0,0
NWG_PE,D,20190510,000000,7.3809,7.6685,7.3809,7.3809,0,0
NWG_PE,D,20190513,000000,7.3809,7.7644,7.3809,7.3809,0,0
NWG_PE,D,20190514,000000,7.6685,7.6685,7.3809,7.3809,0,0
NWG_PE,D,20190515,000000,7.3809,7.5727,7.3809,7.5727,0,0
NWG_PE,D,20190516,000000,7.5727,7.5727,7.3809,7.4768,0,0
NWG_PE,D,20190517,000000,7.5727,7.6685,7.3809,7.3809,0,0
NWG_PE,D,20190520,000000,7.3809,7.5727,7.3809,7.5727,0,0
NWG_PE,D,20190521,000000,7.5727,7.9561,7.5727,7.8602,0,0
NWG_PE,D,20190522,000000,7.4768,7.5727,7.3809,7.3809,0,0
NWG_PE,D,20190523,000000,7.3809,7.3809,7.2851,7.2851,0,0
NWG_PE,D,20190524,000000,7.4768,7.5727,7.2851,7.4768,0,0
NWG_PE,D,20190527,000000,7.4768,7.5727,7.3809,7.4768,0,0
NWG_PE,D,20190528,000000,7.5727,7.8602,7.3809,7.7644,0,0
NWG_PE,D,20190529,000000,7.7644,7.9561,7.7644,7.9561,0,0
NWG_PE,D,20190530,000000,7.8602,7.9561,7.7644,7.8602,0,0
NWG_PE,D,20190531,000000,7.9561,8.2436,7.8602,8.2436,0,0
NWG_PE,D,20190603,000000,8.2436,8.3395,8.1478,8.2436,0,0
NWG_PE,D,20190604,000000,8.2436,8.4354,8.1478,8.1478,0,0
NWG_PE,D,20190605,000000,8.3395,8.3395,7.9561,8.2436,0,0
NWG_PE,D,20190606,000000,8.2436,8.4354,8.1478,8.4354,0,0
NWG_PE,D,20190607,000000,8.4354,8.4354,8.0519,8.4354,0,0
NWG_PE,D,20190610,000000,8.4354,8.4354,8.1478,8.3395,0,0
NWG_PE,D,20190611,000000,8.3395,8.3395,8.2436,8.2436,0,0
NWG_PE,D,20190612,000000,8.2436,8.3395,8.2436,8.3395,0,0
NWG_PE,D,20190613,000000,8.3395,8.3395,8.2436,8.2436,0,0
NWG_PE,D,20190614,000000,8.3395,8.5312,8.3395,8.4354,0,0
NWG_PE,D,20190617,000000,8.4354,8.4354,8.2436,8.2436,0,0
NWG_PE,D,20190618,000000,8.4354,8.4354,8.2436,8.4354,0,0
NWG_PE,D,20190619,000000,8.4354,8.4354,8.3395,8.3395,0,0
NWG_PE,D,20190621,000000,8.2436,8.4354,8.2436,8.4354,0,0
NWG_PE,D,20190624,000000,8.4354,8.4354,8.2436,8.2436,0,0
NWG_PE,D,20190625,000000,8.4354,8.4354,8.2436,8.2436,0,0
NWG_PE,D,20190626,000000,8.4354,8.4354,8.2436,8.2436,0,0
NWG_PE,D,20190627,000000,8.2436,8.6271,8.2436,8.5312,0,0
NWG_PE,D,20190628,000000,8.5312,8.5312,8.4354,8.4354,0,0
NWG_PE,D,20190701,000000,8.6271,8.6271,8.2436,8.3395,0,0
NWG_PE,D,20190702,000000,8.6271,8.6271,8.6271,8.6271,0,0
NWG_PE,D,20190703,000000,8.5312,8.5312,8.2436,8.4354,0,0
NWG_PE,D,20190704,000000,8.5312,8.5312,8.3395,8.3395,0,0
NWG_PE,D,20190705,000000,8.4354,8.4354,8.4354,8.4354,0,0
NWG_PE,D,20190708,000000,8.5312,8.5312,8.2436,8.2436,0,0
NWG_PE,D,20190709,000000,8.2436,8.2436,8.2436,8.2436,0,0
NWG_PE,D,20190710,000000,8.2436,8.3395,8.2436,8.3395,0,0
NWG_PE,D,20190711,000000,8.3395,8.3395,8.2436,8.3395,0,0
NWG_PE,D,20190712,000000,8.3395,8.3395,8.2436,8.2436,0,0
NWG_PE,D,20190715,000000,8.3395,8.3395,8.2436,8.2436,0,0
NWG_PE,D,20190716,000000,8.3395,8.3395,8.2436,8.3395,0,0
NWG_PE,D,20190717,000000,8.3395,8.3395,8.2436,8.2436,0,0
NWG_PE,D,20190718,000000,8.2436,8.2436,8.2436,8.2436,0,0
NWG_PE,D,20190719,000000,8.3395,8.3395,8.2436,8.2436,0,0
NWG_PE,D,20190722,000000,8.2436,8.3395,8.2436,8.3395,0,0
NWG_PE,D,20190723,000000,8.3395,8.3395,8.2436,8.2436,0,0
NWG_PE,D,20190724,000000,8.3395,8.3395,8.2436,8.2436,0,0
NWG_PE,D,20190725,000000,8.2436,8.4354,8.1478,8.2436,0,0
NWG_PE,D,20190726,000000,8.2436,8.2436,8.0519,8.2436,0,0
NWG_PE,D,20190729,000000,8.2436,8.2436,8.2436,8.2436,0,0
NWG_PE,D,20190730,000000,8.2436,8.2436,8.1478,8.2436,0,0
NWG_PE,D,20190731,000000,8.2436,8.4354,8.1478,8.2436,0,0
NWG_PE,D,20190801,000000,8.8,8.8,8.5,8.7,0,0
NWG_PE,D,20190802,000000,8.7,8.7,8.5,8.7,0,0
NWG_PE,D,20190805,000000,8.7,8.7,8.3,8.3,0,0
NWG_PE,D,20190806,000000,8.3,8.3,8,8.2,0,0
NWG_PE,D,20190807,000000,8.2,8.2,8,8.1,0,0
NWG_PE,D,20190808,000000,8.3,8.5,8.1,8.5,0,0
NWG_PE,D,20190809,000000,8.6,8.7,8.6,8.7,0,0
NWG_PE,D,20190812,000000,8.7,8.7,8.4,8.7,0,0
NWG_PE,D,20190813,000000,8.7,8.7,8.6,8.7,0,0
NWG_PE,D,20190814,000000,8.7,8.8,8.6,8.6,0,0
NWG_PE,D,20190816,000000,8.6,8.7,8.6,8.6,0,0
NWG_PE,D,20190819,000000,8.7,8.7,8.5,8.6,0,0
NWG_PE,D,20190820,000000,8.7,8.7,8.6,8.6,0,0
NWG_PE,D,20190821,000000,8.6,8.6,8.6,8.6,0,0
NWG_PE,D,20190822,000000,8.7,8.7,8.6,8.6,0,0
NWG_PE,D,20190823,000000,8.7,8.7,8.6,8.6,0,0
NWG_PE,D,20190826,000000,8.6,8.6,8.6,8.6,0,0
NWG_PE,D,20190827,000000,8.6,8.6,8.6,8.6,0,0
NWG_PE,D,20190828,000000,8.6,8.6,8.6,8.6,0,0
NWG_PE,D,20190829,000000,8.6,8.6,8.6,8.6,0,0
NWG_PE,D,20190830,000000,8.6,8.6,8.6,8.6,0,0
NWG_PE,D,20190902,000000,8.6,8.6,8.6,8.6,0,0
NWG_PE,D,20190903,000000,8.6,8.6,8.6,8.6,0,0
NWG_PE,D,20190904,000000,8.6,8.7,8.6,8.7,0,0
NWG_PE,D,20190905,000000,8.7,8.7,8.6,8.6,0,0
NWG_PE,D,20190906,000000,8.6,8.6,8.6,8.6,0,0
NWG_PE,D,20190909,000000,8.6,9.1,8.6,9,0,0
NWG_PE,D,20190910,000000,9.1,9.1,9,9.1,0,0
NWG_PE,D,20190911,000000,9.1,9.1,8.9,9.1,0,0
NWG_PE,D,20190912,000000,9.2,9.2,9.2,9.2,0,0
NWG_PE,D,20190913,000000,9.2,9.2,9,9,0,0
NWG_PE,D,20190916,000000,9,9,9,9,0,0
NWG_PE,D,20190917,000000,9,9.2,8.9,8.9,0,0
NWG_PE,D,20190918,000000,9.2,9.3,9.2,9.3,0,0
NWG_PE,D,20190919,000000,9.3,9.3,9.1,9.2,0,0
NWG_PE,D,20190920,000000,9.2,9.3,8.9,9.3,0,0
NWG_PE,D,20190923,000000,9.3,9.3,8.8,8.9,0,0
NWG_PE,D,20190924,000000,8.9,9.2,8.9,9.2,0,0
NWG_PE,D,20190925,000000,9.2,9.2,8.8,8.8,0,0
NWG_PE,D,20190926,000000,8.8,9.1,8.8,9.1,0,0
NWG_PE,D,20190927,000000,9,9,8.8,8.8,0,0
NWG_PE,D,20190930,000000,8.8,8.8,8.8,8.8,0,0
NWG_PE,D,20191001,000000,9,9,8.8,9,0,0
NWG_PE,D,20191002,000000,9,9,8.8,8.8,0,0
NWG_PE,D,20191003,000000,9,9,8.8,8.9,0,0
NWG_PE,D,20191004,000000,8.9,8.9,8.8,8.9,0,0
NWG_PE,D,20191007,000000,8.9,8.9,8.8,8.8,0,0
NWG_PE,D,20191008,000000,8.8,8.9,8.7,8.8,0,0
NWG_PE,D,20191009,000000,8.8,8.8,8.8,8.8,0,0
NWG_PE,D,20191010,000000,8.9,8.9,8.8,8.9,0,0
NWG_PE,D,20191011,000000,8.8,8.9,8.8,8.9,0,0
NWG_PE,D,20191014,000000,8.8,8.9,8.8,8.8,0,0
NWG_PE,D,20191015,000000,8.9,8.9,8.8,8.8,0,0
NWG_PE,D,20191016,000000,8.9,8.9,8.5,8.5,0,0
NWG_PE,D,20191017,000000,8.7,8.7,8.5,8.5,0,0
NWG_PE,D,20191018,000000,8.5,8.7,8.4,8.5,0,0
NWG_PE,D,20191021,000000,8.4,8.9,8.4,8.9,0,0
NWG_PE,D,20191022,000000,8.9,8.9,8.9,8.9,0,0
NWG_PE,D,20191023,000000,8.9,8.9,8.5,8.9,0,0
NWG_PE,D,20191024,000000,8.9,8.9,8.7,8.7,0,0
NWG_PE,D,20191025,000000,8.7,9.2,8.7,9.1,0,0
NWG_PE,D,20191028,000000,8.9,9.1,8.9,9.1,0,0
NWG_PE,D,20191029,000000,9.1,9.1,9,9,0,0
NWG_PE,D,20191030,000000,9,9,8.8,8.8,0,0
NWG_PE,D,20191031,000000,9,9,8.8,9,0,0
NWG_PE,D,20191104,000000,9,9.1,8.8,9.1,0,0
NWG_PE,D,20191105,000000,9.1,9.3,8.9,9.2,0,0
NWG_PE,D,20191106,000000,9.2,9.2,9.1,9.1,0,0
NWG_PE,D,20191107,000000,9.2,9.2,9,9,0,0
NWG_PE,D,20191108,000000,9,9,8.9,9,0,0
NWG_PE,D,20191112,000000,8.9,9.3,8.9,9.3,0,0
NWG_PE,D,20191113,000000,9.3,9.3,9.3,9.3,0,0
NWG_PE,D,20191114,000000,9.3,9.3,9,9.3,0,0
NWG_PE,D,20191115,000000,9.3,9.3,9.3,9.3,0,0
NWG_PE,D,20191118,000000,9.3,9.6,8,8,0,0
NWG_PE,D,20191119,000000,7.9,8.2,7.9,8.1,0,0
NWG_PE,D,20191120,000000,8,8.4,8,8.1,0,0
NWG_PE,D,20191121,000000,8.3,8.3,8.1,8.1,0,0
NWG_PE,D,20191122,000000,8,8.1,7.9,8.1,0,0
NWG_PE,D,20191125,000000,8.1,8.1,8,8,0,0
NWG_PE,D,20191126,000000,8.1,8.2,8,8.1,0,0
NWG_PE,D,20191127,000000,8.2,8.2,8.1,8.1,0,0
NWG_PE,D,20191128,000000,7.9,8.2,7.9,8.2,0,0
NWG_PE,D,20191129,000000,8.2,8.2,8.2,8.2,0,0
NWG_PE,D,20191202,000000,8.2,8.3,8.1,8.2,0,0
NWG_PE,D,20191203,000000,8.2,8.2,8.1,8.1,0,0
NWG_PE,D,20191204,000000,8.1,8.1,8,8.1,0,0
NWG_PE,D,20191205,000000,8,8.1,8,8.1,0,0
NWG_PE,D,20191206,000000,8.1,8.2,8,8.1,0,0
NWG_PE,D,20191209,000000,8.1,8.2,8,8.1,0,0
NWG_PE,D,20191210,000000,8.2,8.2,8,8.2,0,0
NWG_PE,D,20191211,000000,8.1,8.2,8,8.2,0,0
NWG_PE,D,20191212,000000,8.2,8.3,8.2,8.3,0,0
NWG_PE,D,20191213,000000,8.3,8.3,8.1,8.3,0,0
NWG_PE,D,20191216,000000,8.2,8.5,8.2,8.4,0,0
NWG_PE,D,20191217,000000,8.2,8.5,8.2,8.4,0,0
NWG_PE,D,20191218,000000,8.3,8.7,8.3,8.6,0,0
NWG_PE,D,20191219,000000,8.6,8.8,8.5,8.8,0,0
NWG_PE,D,20191220,000000,8.7,8.7,8.5,8.7,0,0
NWG_PE,D,20191223,000000,8.8,8.8,8.5,8.5,0,0
NWG_PE,D,20191227,000000,8.7,8.7,8.5,8.7,0,0
NWG_PE,D,20191230,000000,8.7,8.7,8.7,8.7,0,0
NWG_PE,D,20200102,000000,8.5,9.1,8.5,9,0,0
NWG_PE,D,20200103,000000,9,9.2,9,9.1,0,0
NWG_PE,D,20200107,000000,9.1,9.5,9.1,9.5,0,0
NWG_PE,D,20200108,000000,9.5,9.6,9.5,9.5,0,0
NWG_PE,D,20200109,000000,9.5,9.5,8.9,9.4,0,0
NWG_PE,D,20200110,000000,9.4,9.4,9.1,9.3,0,0
NWG_PE,D,20200113,000000,9.5,9.5,9.2,9.3,0,0
NWG_PE,D,20200114,000000,9.5,9.6,9.5,9.5,0,0
NWG_PE,D,20200115,000000,9.5,9.5,9.1,9.1,0,0
NWG_PE,D,20200116,000000,9.1,9.5,9.1,9.3,0,0
NWG_PE,D,20200117,000000,9.5,9.5,9.2,9.5,0,0
NWG_PE,D,20200120,000000,9.5,9.5,9.5,9.5,0,0
NWG_PE,D,20200121,000000,9.6,9.6,9.3,9.5,0,0
NWG_PE,D,20200122,000000,9.5,9.5,9.3,9.4,0,0
NWG_PE,D,20200123,000000,9.4,9.4,9.1,9.2,0,0
NWG_PE,D,20200124,000000,9.1,9.5,9.1,9.5,0,0
NWG_PE,D,20200127,000000,9.5,9.5,9.3,9.3,0,0
NWG_PE,D,20200128,000000,9.3,9.3,9.1,9.3,0,0
NWG_PE,D,20200129,000000,9.1,9.3,9.1,9.3,0,0
NWG_PE,D,20200130,000000,9.3,9.3,9,9,0,0
NWG_PE,D,20200131,000000,9,9,8.7,8.9,0,0
NWG_PE,D,20200203,000000,8.9,9.3,8.9,9.3,0,0
NWG_PE,D,20200204,000000,9.2,9.5,9.1,9.5,0,0
NWG_PE,D,20200205,000000,9.3,9.6,9.1,9.5,0,0
NWG_PE,D,20200206,000000,9.5,9.5,9.3,9.3,0,0
NWG_PE,D,20200207,000000,9.5,9.5,9.3,9.3,0,0
NWG_PE,D,20200210,000000,9.3,9.4,9.3,9.3,0,0
NWG_PE,D,20200211,000000,9.4,9.4,9.2,9.2,0,0
NWG_PE,D,20200212,000000,9.4,9.4,9.2,9.2,0,0
NWG_PE,D,20200213,000000,9.2,9.2,9,9.1,0,0
NWG_PE,D,20200214,000000,9.1,9.8,9,9.7,0,0
NWG_PE,D,20200217,000000,9.7,9.7,9.5,9.5,0,0
NWG_PE,D,20200218,000000,9.7,9.8,9.6,9.8,0,0
NWG_PE,D,20200219,000000,9.8,9.8,9.7,9.8,0,0
NWG_PE,D,20200220,000000,9.8,9.8,9.5,9.7,0,0
NWG_PE,D,20200221,000000,9.7,9.7,8.8,8.9,0,0
NWG_PE,D,20200224,000000,9.2,9.4,9.2,9.3,0,0
NWG_PE,D,20200225,000000,9.6,10,9.5,10,0,0
NWG_PE,D,20200226,000000,10,10,9.8,9.9,0,0
NWG_PE,D,20200227,000000,9.9,9.9,9.3,9.5,0,0
NWG_PE,D,20200228,000000,9.2,9.2,8.4,8.7,0,0
NWG_PE,D,20200302,000000,8.8,9.2,8.8,8.9,0,0
NWG_PE,D,20200303,000000,9.1,9.5,8.9,8.9,0,0
NWG_PE,D,20200304,000000,9.3,9.4,9,9.3,0,0
NWG_PE,D,20200305,000000,9.5,9.5,9.3,9.3,0,0
NWG_PE,D,20200306,000000,9.1,9.3,9.1,9.3,0,0
NWG_PE,D,20200309,000000,8.9,9.1,8.6,8.9,0,0
NWG_PE,D,20200310,000000,8.7,8.9,8.4,8.9,0,0
NWG_PE,D,20200311,000000,9,9,8.5,8.5,0,0
NWG_PE,D,20200312,000000,8.1,8.1,6.9,7.1,0,0
NWG_PE,D,20200313,000000,7.1,7.4,7.1,7.2,0,0
NWG_PE,D,20200316,000000,7.8,7.8,6.8,7.3,0,0
NWG_PE,D,20200317,000000,7.3,7.5,7.1,7.3,0,0
NWG_PE,D,20200318,000000,7.2,7.6,7,7.1,0,0
NWG_PE,D,20200319,000000,7.3,7.5,7.1,7.4,0,0
NWG_PE,D,20200320,000000,7.6,7.8,7.4,7.7,0,0
NWG_PE,D,20200323,000000,7.9,7.9,7.7,7.7,0,0
NWG_PE,D,20200324,000000,7.9,8,7.7,7.7,0,0
NWG_PE,D,20200325,000000,8,8,7.7,7.7,0,0
NWG_PE,D,20200326,000000,7.7,7.7,7.7,7.7,0,0
NWG_PE,D,20200327,000000,7.9,8,7.5,8,0,0
NWG_PE,D,20200330,000000,7.7,8,7.7,8,0,0
NWG_PE,D,20200331,000000,8,8.1,7.7,8.1,0,0
NWG_PE,D,20200401,000000,8.1,8.3,8.1,8.3,0,0
NWG_PE,D,20200402,000000,8.3,8.3,7.8,8.1,0,0
NWG_PE,D,20200403,000000,8.3,8.3,7.7,8.2,0,0
NWG_PE,D,20200406,000000,8.1,8.4,8.1,8.2,0,0
NWG_PE,D,20200407,000000,8.2,8.8,8.2,8.6,0,0
NWG_PE,D,20200408,000000,8.8,8.8,8.5,8.6,0,0
NWG_PE,D,20200409,000000,8.7,8.7,8.4,8.4,0,0
NWG_PE,D,20200414,000000,8.6,8.8,8.6,8.7,0,0
NWG_PE,D,20200415,000000,8.8,8.8,8.5,8.7,0,0
NWG_PE,D,20200416,000000,8.8,9.3,8.6,9.3,0,0
NWG_PE,D,20200417,000000,9.3,9.6,9.3,9.3,0,0
NWG_PE,D,20200420,000000,9.6,9.7,9.3,9.3,0,0
NWG_PE,D,20200421,000000,9.1,9.1,8.9,9.1,0,0
NWG_PE,D,20200422,000000,9.1,9.8,9.1,9.7,0,0
NWG_PE,D,20200423,000000,9.7,9.7,9.4,9.6,0,0
NWG_PE,D,20200424,000000,9.6,9.7,9.5,9.5,0,0
NWG_PE,D,20200427,000000,9.7,9.7,9.5,9.5,0,0
NWG_PE,D,20200428,000000,9.7,9.7,9.5,9.5,0,0
NWG_PE,D,20200429,000000,9.7,9.7,9.4,9.7,0,0
NWG_PE,D,20200430,000000,9.7,9.7,9.4,9.4,0,0
NWG_PE,D,20200504,000000,8.9,9.3,8.9,9.3,0,0
NWG_PE,D,20200505,000000,9.3,9.3,9.1,9.1,0,0
NWG_PE,D,20200506,000000,9.4,9.4,8.9,8.9,0,0
NWG_PE,D,20200507,000000,8.9,9.3,8.9,8.9,0,0
NWG_PE,D,20200508,000000,8.9,9.4,8.9,9.4,0,0
NWG_PE,D,20200511,000000,9.5,9.5,9.4,9.4,0,0
NWG_PE,D,20200512,000000,9.4,9.4,9.3,9.3,0,0
NWG_PE,D,20200513,000000,9.3,9.4,9.2,9.3,0,0
NWG_PE,D,20200514,000000,9.4,9.4,9.1,9.2,0,0
NWG_PE,D,20200515,000000,9.2,9.2,9,9,0,0
NWG_PE,D,20200518,000000,9.2,9.4,9,9.4,0,0
NWG_PE,D,20200519,000000,9.4,9.5,9.4,9.5,0,0
NWG_PE,D,20200520,000000,9.5,9.5,9.3,9.5,0,0
NWG_PE,D,20200521,000000,9.5,9.5,9.5,9.5,0,0
NWG_PE,D,20200522,000000,9.5,9.7,9.4,9.6,0,0
NWG_PE,D,20200525,000000,9.7,9.8,9.6,9.6,0,0
NWG_PE,D,20200526,000000,9.7,9.7,9.6,9.7,0,0
NWG_PE,D,20200527,000000,9.7,9.7,9.6,9.7,0,0
NWG_PE,D,20200528,000000,9.7,9.8,9.6,9.7,0,0
NWG_PE,D,20200529,000000,9.8,9.8,9.7,9.8,0,0
NWG_PE,D,20200601,000000,9.6,12.1,9.6,12.1,0,0
NWG_PE,D,20200602,000000,12.1,12.1,11.6,12,0,0
NWG_PE,D,20200603,000000,11.9,12.1,11.8,12.1,0,0
NWG_PE,D,20200604,000000,11.8,12.1,11.8,11.9,0,0
NWG_PE,D,20200605,000000,11.9,12,11.5,11.9,0,0
NWG_PE,D,20200608,000000,11.8,11.9,11.6,11.9,0,0
NWG_PE,D,20200609,000000,12.1,12.1,11.7,11.7,0,0
NWG_PE,D,20200610,000000,11.7,11.9,11.6,11.8,0,0
NWG_PE,D,20200612,000000,11.3,12.1,11.3,12.1,0,0
NWG_PE,D,20200615,000000,12.2,12.2,11.9,11.9,0,0
NWG_PE,D,20200616,000000,12.1,12.2,11.6,12.2,0,0
NWG_PE,D,20200617,000000,12.3,12.3,11.8,11.8,0,0
NWG_PE,D,20200618,000000,12.1,13.3,12,13.2,0,0
NWG_PE,D,20200619,000000,13.4,13.6,12.7,12.8,0,0
NWG_PE,D,20200622,000000,12.9,13.3,12.8,13.2,0,0
NWG_PE,D,20200623,000000,13.4,13.4,13,13,0,0
NWG_PE,D,20200624,000000,13.1,13.2,13,13.1,0,0
NWG_PE,D,20200625,000000,13.4,13.4,13,13.2,0,0
NWG_PE,D,20200626,000000,13.3,13.3,13,13.1,0,0
NWG_PE,D,20200629,000000,13.2,13.3,9.5,9.5,0,0
NWG_PE,D,20200630,000000,9.5,9.5,9.3,9.3,0,0
NWG_PE,D,20200701,000000,9.4,9.4,9.2,9.4,0,0
NWG_PE,D,20200702,000000,9.2,9.5,9.2,9.5,0,0
NWG_PE,D,20200703,000000,9.5,9.6,9.5,9.5,0,0
NWG_PE,D,20200706,000000,9.6,9.6,9.5,9.6,0,0
NWG_PE,D,20200707,000000,9.6,9.6,9.3,9.4,0,0
NWG_PE,D,20200708,000000,9.5,9.6,9.2,9.5,0,0
NWG_PE,D,20200709,000000,9.5,9.5,9.3,9.4,0,0
NWG_PE,D,20200710,000000,9.3,9.5,9.2,9.4,0,0
NWG_PE,D,20200713,000000,9.4,9.5,9.3,9.4,0,0
NWG_PE,D,20200714,000000,9.3,9.3,9.2,9.3,0,0
NWG_PE,D,20200715,000000,9.3,9.3,9.2,9.3,0,0
NWG_PE,D,20200716,000000,9.5,9.6,9.2,9.2,0,0
NWG_PE,D,20200717,000000,9.3,9.3,9.1,9.1,0,0
NWG_PE,D,20200720,000000,9.3,9.3,9.1,9.3,0,0
NWG_PE,D,20200721,000000,9.3,9.4,9.2,9.4,0,0
NWG_PE,D,20200722,000000,9.4,9.5,9.1,9.2,0,0
NWG_PE,D,20200723,000000,9.4,9.5,9.2,9.5,0,0
NWG_PE,D,20200724,000000,9.5,9.5,9.3,9.5,0,0
NWG_PE,D,20200727,000000,9.6,9.6,9.4,9.5,0,0
NWG_PE,D,20200728,000000,9.5,9.5,9.3,9.5,0,0
NWG_PE,D,20200729,000000,9.6,9.6,9.3,9.3,0,0
NWG_PE,D,20200730,000000,9.5,9.5,8.9,9,0,0
NWG_PE,D,20200731,000000,8.9,9.4,8.9,9.4,0,0
NWG_PE,D,20200803,000000,9.4,9.6,9.2,9.6,0,0
NWG_PE,D,20200804,000000,9.6,9.6,9.5,9.5,0,0
NWG_PE,D,20200805,000000,9.5,9.5,9.4,9.4,0,0
NWG_PE,D,20200806,000000,9.4,9.5,9.1,9.2,0,0
NWG_PE,D,20200807,000000,9.3,9.3,8.9,9.1,0,0
NWG_PE,D,20200810,000000,9.1,9.4,9.1,9.4,0,0
NWG_PE,D,20200811,000000,9.4,9.4,9.3,9.4,0,0
NWG_PE,D,20200812,000000,9.2,9.4,9.1,9.4,0,0
NWG_PE,D,20200813,000000,9.4,9.5,9.3,9.4,0,0
NWG_PE,D,20200814,000000,9.3,9.4,9.3,9.4,0,0
NWG_PE,D,20200817,000000,9.3,9.5,9.3,9.5,0,0
NWG_PE,D,20200818,000000,9.5,9.5,9.3,9.5,0,0
NWG_PE,D,20200819,000000,9.4,10.1,9.4,10.1,0,0
NWG_PE,D,20200820,000000,10.1,10.2,9.9,9.9,0,0
NWG_PE,D,20200821,000000,9.9,10.1,9.8,9.9,0,0
