<TICKER>,<PER>,<DATE>,<TIME>,<OPEN>,<HIGH>,<LOW>,<CLOSE>,<VOL>,<OPENINT>
PBX_PE,D,20150708,000000,10.699,10.699,10.699,10.699,0,0
PBX_PE,D,20150709,000000,10.699,10.699,10.608,10.608,0,0
PBX_PE,D,20150710,000000,10.881,10.973,10.79,10.79,0,0
PBX_PE,D,20150713,000000,10.79,11.065,10.79,11.065,0,0
PBX_PE,D,20150714,000000,11.249,11.338,11.065,11.249,0,0
PBX_PE,D,20150715,000000,11.338,11.338,11.338,11.338,0,0
PBX_PE,D,20150716,000000,11.429,11.522,11.429,11.522,0,0
PBX_PE,D,20150717,000000,11.522,11.613,11.522,11.522,0,0
PBX_PE,D,20150720,000000,11.613,11.796,11.613,11.796,0,0
PBX_PE,D,20150721,000000,11.796,11.796,11.613,11.613,0,0
PBX_PE,D,20150722,000000,11.338,11.338,11.338,11.338,0,0
PBX_PE,D,20150723,000000,11.429,11.429,11.429,11.429,0,0
PBX_PE,D,20150724,000000,11.157,11.249,11.157,11.249,0,0
PBX_PE,D,20150728,000000,11.429,11.429,11.338,11.338,0,0
PBX_PE,D,20150729,000000,11.338,11.613,11.065,11.429,0,0
PBX_PE,D,20150730,000000,11.429,11.429,11.429,11.429,0,0
PBX_PE,D,20150731,000000,11.522,11.522,11.065,11.065,0,0
PBX_PE,D,20150803,000000,11.249,11.249,11.249,11.249,0,0
PBX_PE,D,20150804,000000,11.429,11.429,11.429,11.429,0,0
PBX_PE,D,20150805,000000,11.157,11.249,11.157,11.249,0,0
PBX_PE,D,20150806,000000,11.249,11.249,11.249,11.249,0,0
PBX_PE,D,20150807,000000,11.338,11.429,11.338,11.429,0,0
PBX_PE,D,20150810,000000,11.522,11.522,11.429,11.429,0,0
PBX_PE,D,20150811,000000,11.338,11.338,11.338,11.338,0,0
PBX_PE,D,20150812,000000,11.338,11.338,11.249,11.249,0,0
PBX_PE,D,20150813,000000,11.338,11.522,11.338,11.522,0,0
PBX_PE,D,20150818,000000,11.429,13.075,11.429,13.075,0,0
PBX_PE,D,20150819,000000,12.991,13.359,12.899,12.899,0,0
PBX_PE,D,20150820,000000,12.899,12.991,12.899,12.991,0,0
PBX_PE,D,20150824,000000,12.346,12.899,12.346,12.805,0,0
PBX_PE,D,20150825,000000,12.805,12.805,12.714,12.805,0,0
PBX_PE,D,20150828,000000,12.805,12.899,12.805,12.899,0,0
PBX_PE,D,20150831,000000,12.991,13.082,12.899,13.082,0,0
PBX_PE,D,20150901,000000,13.082,13.082,10.687,10.687,0,0
PBX_PE,D,20150902,000000,10.687,10.779,10.687,10.779,0,0
PBX_PE,D,20150903,000000,10.779,10.779,10.779,10.779,0,0
PBX_PE,D,20150904,000000,10.595,10.595,10.595,10.595,0,0
PBX_PE,D,20150907,000000,10.318,10.687,10.226,10.687,0,0
PBX_PE,D,20150908,000000,10.503,10.595,10.318,10.595,0,0
PBX_PE,D,20150910,000000,10.503,10.503,10.503,10.503,0,0
PBX_PE,D,20150911,000000,10.503,10.687,10.503,10.687,0,0
PBX_PE,D,20150914,000000,10.687,10.687,10.411,10.595,0,0
PBX_PE,D,20150915,000000,10.687,10.687,10.595,10.687,0,0
PBX_PE,D,20150916,000000,10.687,10.687,10.595,10.595,0,0
PBX_PE,D,20150917,000000,10.595,10.595,10.595,10.595,0,0
PBX_PE,D,20150918,000000,10.503,10.503,10.503,10.503,0,0
PBX_PE,D,20150921,000000,10.503,10.503,10.411,10.503,0,0
PBX_PE,D,20150922,000000,10.503,10.595,10.503,10.503,0,0
PBX_PE,D,20150923,000000,10.503,10.503,10.503,10.503,0,0
PBX_PE,D,20150924,000000,10.595,10.687,10.411,10.687,0,0
PBX_PE,D,20150925,000000,10.411,10.503,10.411,10.503,0,0
PBX_PE,D,20150928,000000,10.595,10.595,10.503,10.595,0,0
PBX_PE,D,20150929,000000,10.687,10.687,10.595,10.595,0,0
PBX_PE,D,20150930,000000,10.595,10.595,10.595,10.595,0,0
PBX_PE,D,20151001,000000,10.595,10.687,10.595,10.595,0,0
PBX_PE,D,20151002,000000,10.687,10.687,10.595,10.595,0,0
PBX_PE,D,20151005,000000,10.595,10.687,10.595,10.595,0,0
PBX_PE,D,20151006,000000,10.595,10.871,10.503,10.871,0,0
PBX_PE,D,20151007,000000,10.871,10.871,10.779,10.871,0,0
PBX_PE,D,20151008,000000,10.871,10.871,10.779,10.779,0,0
PBX_PE,D,20151009,000000,10.871,10.871,10.687,10.871,0,0
PBX_PE,D,20151012,000000,10.871,11.056,10.871,11.056,0,0
PBX_PE,D,20151013,000000,11.056,11.609,11.056,11.609,0,0
PBX_PE,D,20151015,000000,11.423,11.423,11.423,11.423,0,0
PBX_PE,D,20151016,000000,11.241,11.609,11.241,11.516,0,0
PBX_PE,D,20151019,000000,11.609,12.068,11.609,12.068,0,0
PBX_PE,D,20151020,000000,12.068,12.068,11.609,11.609,0,0
PBX_PE,D,20151021,000000,11.609,11.609,11.332,11.516,0,0
PBX_PE,D,20151022,000000,11.423,11.609,11.423,11.609,0,0
PBX_PE,D,20151023,000000,11.609,11.794,11.609,11.794,0,0
PBX_PE,D,20151026,000000,11.241,11.794,11.241,11.794,0,0
PBX_PE,D,20151027,000000,11.794,12.068,11.794,11.977,0,0
PBX_PE,D,20151028,000000,11.423,11.886,11.423,11.886,0,0
PBX_PE,D,20151029,000000,11.886,11.886,11.701,11.886,0,0
PBX_PE,D,20151030,000000,11.886,11.886,11.609,11.886,0,0
PBX_PE,D,20151102,000000,11.794,11.977,11.794,11.977,0,0
PBX_PE,D,20151103,000000,11.886,11.886,11.423,11.886,0,0
PBX_PE,D,20151104,000000,11.886,11.886,11.423,11.886,0,0
PBX_PE,D,20151105,000000,11.886,11.886,11.609,11.886,0,0
PBX_PE,D,20151106,000000,11.423,11.886,11.423,11.886,0,0
PBX_PE,D,20151109,000000,11.886,11.886,11.886,11.886,0,0
PBX_PE,D,20151110,000000,11.516,11.886,11.423,11.886,0,0
PBX_PE,D,20151113,000000,11.609,11.886,11.423,11.794,0,0
PBX_PE,D,20151116,000000,11.516,11.701,11.241,11.332,0,0
PBX_PE,D,20151117,000000,11.148,11.423,11.148,11.423,0,0
PBX_PE,D,20151118,000000,11.332,11.423,11.332,11.423,0,0
PBX_PE,D,20151119,000000,11.423,11.516,11.423,11.516,0,0
PBX_PE,D,20151120,000000,11.516,11.516,11.516,11.516,0,0
PBX_PE,D,20151124,000000,11.056,11.423,11.056,11.423,0,0
PBX_PE,D,20151125,000000,11.516,11.516,11.423,11.423,0,0
PBX_PE,D,20151126,000000,11.241,11.516,11.056,11.423,0,0
PBX_PE,D,20151127,000000,10.964,11.148,10.964,11.148,0,0
PBX_PE,D,20151130,000000,11.423,11.423,10.964,11.423,0,0
PBX_PE,D,20151201,000000,11.516,11.516,11.423,11.423,0,0
PBX_PE,D,20151203,000000,10.871,11.241,10.871,11.241,0,0
PBX_PE,D,20151204,000000,10.964,11.332,10.964,11.332,0,0
PBX_PE,D,20151207,000000,11.423,11.423,10.871,11.423,0,0
PBX_PE,D,20151208,000000,11.516,11.516,11.423,11.423,0,0
PBX_PE,D,20151209,000000,11.241,11.423,10.964,11.423,0,0
PBX_PE,D,20151210,000000,11.516,11.516,10.964,11.241,0,0
PBX_PE,D,20151211,000000,11.423,11.423,10.871,11.241,0,0
PBX_PE,D,20151214,000000,11.241,11.241,10.779,11.056,0,0
PBX_PE,D,20151215,000000,11.241,11.241,10.595,11.148,0,0
PBX_PE,D,20151216,000000,11.241,11.332,11.241,11.332,0,0
PBX_PE,D,20151217,000000,11.332,11.332,11.332,11.332,0,0
PBX_PE,D,20151218,000000,10.871,11.056,10.503,11.056,0,0
PBX_PE,D,20151221,000000,11.241,11.241,10.779,10.779,0,0
PBX_PE,D,20151222,000000,11.148,11.148,10.687,10.779,0,0
PBX_PE,D,20151223,000000,11.056,11.056,10.687,10.964,0,0
PBX_PE,D,20151228,000000,10.964,11.056,10.687,11.056,0,0
PBX_PE,D,20151229,000000,10.964,11.056,10.964,11.056,0,0
PBX_PE,D,20151230,000000,11.148,11.148,10.503,10.964,0,0
PBX_PE,D,20160104,000000,11.332,11.332,10.779,11.056,0,0
PBX_PE,D,20160105,000000,10.595,10.964,10.595,10.964,0,0
PBX_PE,D,20160111,000000,10.595,10.595,9.582,10.226,0,0
PBX_PE,D,20160112,000000,10.687,10.687,10.042,10.042,0,0
PBX_PE,D,20160113,000000,10.411,10.411,9.766,10.042,0,0
PBX_PE,D,20160114,000000,9.857,9.857,9.857,9.857,0,0
PBX_PE,D,20160115,000000,9.949,10.411,9.766,10.411,0,0
PBX_PE,D,20160118,000000,10.318,10.318,10.042,10.226,0,0
PBX_PE,D,20160119,000000,10.226,10.226,10.226,10.226,0,0
PBX_PE,D,20160120,000000,10.226,10.226,10.226,10.226,0,0
PBX_PE,D,20160121,000000,9.766,10.042,9.766,10.042,0,0
PBX_PE,D,20160122,000000,10.226,10.226,9.674,9.766,0,0
PBX_PE,D,20160125,000000,10.226,10.226,9.857,10.226,0,0
PBX_PE,D,20160126,000000,10.226,10.226,9.674,9.857,0,0
PBX_PE,D,20160127,000000,9.3971,9.949,9.3971,9.857,0,0
PBX_PE,D,20160128,000000,9.857,9.857,9.3049,9.766,0,0
PBX_PE,D,20160129,000000,9.3049,9.857,9.3049,9.766,0,0
PBX_PE,D,20160201,000000,9.3049,9.674,8.8449,9.029,0,0
PBX_PE,D,20160202,000000,9.029,9.582,8.9371,9.582,0,0
PBX_PE,D,20160203,000000,9.674,9.674,8.9371,9.4899,0,0
PBX_PE,D,20160204,000000,8.7524,9.4899,8.7524,9.4899,0,0
PBX_PE,D,20160205,000000,9.4899,9.4899,9.2132,9.4899,0,0
PBX_PE,D,20160208,000000,9.4899,9.4899,8.9371,9.4899,0,0
PBX_PE,D,20160209,000000,9.4899,9.4899,9.3049,9.3049,0,0
PBX_PE,D,20160210,000000,9.3049,9.4899,9.3049,9.4899,0,0
PBX_PE,D,20160211,000000,9.3971,9.582,9.2132,9.4899,0,0
PBX_PE,D,20160212,000000,9.1213,9.582,9.1213,9.582,0,0
PBX_PE,D,20160215,000000,9.582,10.042,9.582,9.949,0,0
PBX_PE,D,20160216,000000,9.766,9.949,9.1213,9.766,0,0
PBX_PE,D,20160217,000000,9.582,9.766,9.4899,9.582,0,0
PBX_PE,D,20160218,000000,9.857,9.857,9.766,9.766,0,0
PBX_PE,D,20160219,000000,9.766,9.857,9.766,9.857,0,0
PBX_PE,D,20160222,000000,10.042,10.042,9.766,9.857,0,0
PBX_PE,D,20160223,000000,9.857,9.857,9.3971,9.857,0,0
PBX_PE,D,20160224,000000,9.857,9.857,9.4899,9.857,0,0
PBX_PE,D,20160225,000000,9.4899,9.766,9.4899,9.766,0,0
PBX_PE,D,20160226,000000,9.674,9.857,9.674,9.857,0,0
PBX_PE,D,20160229,000000,9.857,9.857,9.4899,9.674,0,0
PBX_PE,D,20160301,000000,9.949,10.134,9.766,10.134,0,0
PBX_PE,D,20160302,000000,10.134,10.226,9.582,10.226,0,0
PBX_PE,D,20160303,000000,10.226,10.226,9.949,10.134,0,0
PBX_PE,D,20160304,000000,10.134,10.134,9.766,10.042,0,0
PBX_PE,D,20160307,000000,10.226,10.226,9.949,10.134,0,0
PBX_PE,D,20160308,000000,10.134,10.134,9.949,10.134,0,0
PBX_PE,D,20160309,000000,9.949,10.134,9.949,10.134,0,0
PBX_PE,D,20160310,000000,10.134,10.503,10.042,10.503,0,0
PBX_PE,D,20160311,000000,10.503,10.871,10.503,10.779,0,0
PBX_PE,D,20160314,000000,10.779,10.871,10.687,10.687,0,0
PBX_PE,D,20160315,000000,10.687,10.964,10.503,10.964,0,0
PBX_PE,D,20160316,000000,10.964,11.148,10.871,10.964,0,0
PBX_PE,D,20160317,000000,11.056,11.332,11.056,11.332,0,0
PBX_PE,D,20160318,000000,11.056,11.332,11.056,11.241,0,0
PBX_PE,D,20160321,000000,11.241,11.332,11.241,11.332,0,0
PBX_PE,D,20160322,000000,11.332,11.332,10.226,11.148,0,0
PBX_PE,D,20160323,000000,11.332,11.332,11.148,11.148,0,0
PBX_PE,D,20160324,000000,11.148,11.241,11.148,11.241,0,0
PBX_PE,D,20160329,000000,11.241,11.423,10.964,11.332,0,0
PBX_PE,D,20160330,000000,11.332,11.609,11.332,11.609,0,0
PBX_PE,D,20160331,000000,11.609,11.701,11.332,11.609,0,0
PBX_PE,D,20160401,000000,11.516,11.977,11.516,11.886,0,0
PBX_PE,D,20160404,000000,11.886,11.886,11.886,11.886,0,0
PBX_PE,D,20160405,000000,11.701,11.701,11.701,11.701,0,0
PBX_PE,D,20160406,000000,11.148,11.423,11.148,11.423,0,0
PBX_PE,D,20160407,000000,11.423,11.701,11.423,11.516,0,0
PBX_PE,D,20160408,000000,11.609,11.609,11.516,11.516,0,0
PBX_PE,D,20160411,000000,11.516,11.516,11.423,11.423,0,0
PBX_PE,D,20160412,000000,11.423,12.253,11.423,11.886,0,0
PBX_PE,D,20160414,000000,11.794,12.068,11.794,12.068,0,0
PBX_PE,D,20160415,000000,12.068,12.068,11.886,11.886,0,0
PBX_PE,D,20160418,000000,12.068,12.068,11.886,11.886,0,0
PBX_PE,D,20160419,000000,11.886,12.068,11.701,11.701,0,0
PBX_PE,D,20160420,000000,11.701,11.794,11.701,11.701,0,0
PBX_PE,D,20160421,000000,11.794,11.886,11.794,11.886,0,0
PBX_PE,D,20160422,000000,12.068,12.068,11.886,12.068,0,0
PBX_PE,D,20160425,000000,12.16,12.16,12.068,12.16,0,0
PBX_PE,D,20160426,000000,12.16,12.253,12.16,12.16,0,0
PBX_PE,D,20160427,000000,11.794,12.529,11.794,12.16,0,0
PBX_PE,D,20160429,000000,12.16,12.16,12.16,12.16,0,0
PBX_PE,D,20160502,000000,12.16,12.16,12.16,12.16,0,0
PBX_PE,D,20160504,000000,12.438,12.438,11.701,11.701,0,0
PBX_PE,D,20160505,000000,10.687,10.687,10.687,10.687,0,0
PBX_PE,D,20160506,000000,10.687,11.701,10.687,11.148,0,0
PBX_PE,D,20160509,000000,11.423,11.423,11.423,11.423,0,0
PBX_PE,D,20160511,000000,10.779,11.241,10.779,11.241,0,0
PBX_PE,D,20160512,000000,11.056,11.056,10.595,10.779,0,0
PBX_PE,D,20160513,000000,10.318,11.056,10.318,11.056,0,0
PBX_PE,D,20160517,000000,11.056,11.241,11.056,11.056,0,0
PBX_PE,D,20160518,000000,11.332,11.332,10.964,11.332,0,0
PBX_PE,D,20160519,000000,11.423,11.423,11.148,11.148,0,0
PBX_PE,D,20160520,000000,11.423,11.423,10.964,11.423,0,0
PBX_PE,D,20160523,000000,11.423,11.701,9.4899,9.4899,0,0
PBX_PE,D,20160524,000000,9.1213,9.582,9.1213,9.582,0,0
PBX_PE,D,20160525,000000,9.3971,9.4899,9.3971,9.4899,0,0
PBX_PE,D,20160527,000000,9.2132,9.2132,9.1213,9.1213,0,0
PBX_PE,D,20160530,000000,9.4899,9.4899,9.4899,9.4899,0,0
PBX_PE,D,20160531,000000,9.4899,9.766,9.4899,9.766,0,0
PBX_PE,D,20160601,000000,9.3971,9.582,9.2132,9.4899,0,0
PBX_PE,D,20160602,000000,9.2132,9.4899,9.029,9.4899,0,0
PBX_PE,D,20160603,000000,9.582,9.582,9.4899,9.4899,0,0
PBX_PE,D,20160607,000000,9.3049,9.582,9.2132,9.2132,0,0
PBX_PE,D,20160608,000000,9.2132,9.2132,9.2132,9.2132,0,0
PBX_PE,D,20160609,000000,9.2132,9.2132,9.029,9.029,0,0
PBX_PE,D,20160614,000000,8.9371,9.2132,8.7524,9.2132,0,0
PBX_PE,D,20160615,000000,9.582,9.582,9.582,9.582,0,0
PBX_PE,D,20160616,000000,9.3971,9.3971,9.029,9.3971,0,0
PBX_PE,D,20160617,000000,9.3971,9.3971,9.3971,9.3971,0,0
PBX_PE,D,20160621,000000,9.1213,9.3971,8.9371,9.029,0,0
PBX_PE,D,20160622,000000,8.9371,9.2132,8.9371,9.2132,0,0
PBX_PE,D,20160623,000000,9.029,9.2132,8.9371,9.2132,0,0
PBX_PE,D,20160624,000000,8.6602,9.2132,8.6602,9.2132,0,0
PBX_PE,D,20160627,000000,9.029,9.029,8.5682,9.029,0,0
PBX_PE,D,20160628,000000,8.7524,8.7524,8.6602,8.7524,0,0
PBX_PE,D,20160629,000000,9.029,9.3971,8.6602,9.2132,0,0
PBX_PE,D,20160630,000000,9.3049,9.3971,9.3049,9.3971,0,0
PBX_PE,D,20160701,000000,9.1213,9.582,9.1213,9.4899,0,0
PBX_PE,D,20160704,000000,9.1213,9.582,9.1213,9.582,0,0
PBX_PE,D,20160706,000000,9.2132,9.582,9.2132,9.582,0,0
PBX_PE,D,20160707,000000,9.2132,9.674,9.2132,9.674,0,0
PBX_PE,D,20160708,000000,9.674,9.674,9.674,9.674,0,0
PBX_PE,D,20160712,000000,9.674,9.766,9.674,9.766,0,0
PBX_PE,D,20160713,000000,9.3971,9.857,9.3971,9.857,0,0
PBX_PE,D,20160718,000000,9.582,9.949,9.582,9.949,0,0
PBX_PE,D,20160721,000000,9.582,10.226,9.582,10.134,0,0
PBX_PE,D,20160722,000000,10.134,10.134,10.134,10.134,0,0
PBX_PE,D,20160725,000000,10.042,10.318,10.042,10.134,0,0
PBX_PE,D,20160726,000000,10.226,10.318,10.134,10.318,0,0
PBX_PE,D,20160727,000000,9.857,10.318,9.857,10.318,0,0
PBX_PE,D,20160729,000000,10.134,10.134,10.134,10.134,0,0
PBX_PE,D,20160801,000000,10.042,10.042,10.042,10.042,0,0
PBX_PE,D,20160808,000000,9.857,10.042,9.857,10.042,0,0
PBX_PE,D,20160809,000000,10.134,10.134,10.042,10.134,0,0
PBX_PE,D,20160810,000000,10.318,10.318,10.318,10.318,0,0
PBX_PE,D,20160812,000000,10.389,11.038,10.297,10.389,0,0
PBX_PE,D,20160816,000000,10.389,10.389,10.389,10.389,0,0
PBX_PE,D,20160818,000000,10.389,10.389,10.389,10.389,0,0
PBX_PE,D,20160822,000000,10.019,10.204,10.019,10.204,0,0
PBX_PE,D,20160825,000000,10.204,10.204,10.204,10.204,0,0
PBX_PE,D,20160829,000000,10.204,10.204,10.204,10.204,0,0
PBX_PE,D,20160830,000000,10.019,10.111,10.019,10.111,0,0
PBX_PE,D,20160831,000000,10.111,10.111,10.111,10.111,0,0
PBX_PE,D,20160906,000000,11.411,11.411,11.224,11.224,0,0
PBX_PE,D,20160907,000000,11.224,11.595,11.224,11.595,0,0
PBX_PE,D,20160909,000000,11.595,11.595,11.595,11.595,0,0
PBX_PE,D,20160912,000000,11.131,11.502,11.131,11.502,0,0
PBX_PE,D,20160915,000000,11.688,11.688,11.688,11.688,0,0
PBX_PE,D,20160919,000000,11.688,11.688,11.688,11.688,0,0
PBX_PE,D,20160921,000000,11.688,11.688,11.688,11.688,0,0
PBX_PE,D,20160923,000000,11.411,11.595,11.411,11.595,0,0
PBX_PE,D,20160927,000000,11.595,11.595,11.595,11.595,0,0
PBX_PE,D,20160928,000000,11.688,11.781,11.688,11.781,0,0
PBX_PE,D,20161003,000000,11.595,11.595,11.595,11.595,0,0
PBX_PE,D,20161005,000000,11.595,11.595,11.502,11.595,0,0
PBX_PE,D,20161006,000000,11.502,11.502,11.131,11.131,0,0
PBX_PE,D,20161012,000000,11.131,11.131,11.131,11.131,0,0
PBX_PE,D,20161013,000000,11.131,11.131,11.131,11.131,0,0
PBX_PE,D,20161017,000000,11.502,11.502,11.502,11.502,0,0
PBX_PE,D,20161020,000000,11.502,11.502,11.502,11.502,0,0
PBX_PE,D,20161021,000000,11.502,11.502,11.502,11.502,0,0
PBX_PE,D,20161024,000000,11.502,11.502,11.038,11.317,0,0
PBX_PE,D,20161025,000000,11.224,11.317,10.761,11.038,0,0
PBX_PE,D,20161026,000000,11.038,11.038,10.668,10.854,0,0
PBX_PE,D,20161027,000000,11.131,11.131,10.668,11.131,0,0
PBX_PE,D,20161028,000000,11.131,11.502,11.131,11.502,0,0
PBX_PE,D,20161031,000000,11.502,11.502,11.411,11.411,0,0
PBX_PE,D,20161102,000000,11.131,11.502,11.131,11.502,0,0
PBX_PE,D,20161103,000000,11.502,11.502,11.502,11.502,0,0
PBX_PE,D,20161107,000000,11.502,11.502,11.502,11.502,0,0
PBX_PE,D,20161108,000000,11.224,11.317,10.482,11.317,0,0
PBX_PE,D,20161110,000000,10.946,10.946,10.482,10.854,0,0
PBX_PE,D,20161114,000000,10.854,10.854,10.854,10.854,0,0
PBX_PE,D,20161115,000000,10.761,10.761,10.482,10.668,0,0
PBX_PE,D,20161116,000000,10.389,10.668,10.389,10.668,0,0
PBX_PE,D,20161117,000000,10.297,10.297,9.2763,9.647,0,0
PBX_PE,D,20161118,000000,10.575,10.575,9.833,10.204,0,0
PBX_PE,D,20161121,000000,10.204,10.204,9.833,10.204,0,0
PBX_PE,D,20161122,000000,9.74,9.74,9.74,9.74,0,0
PBX_PE,D,20161123,000000,10.297,10.297,10.297,10.297,0,0
PBX_PE,D,20161124,000000,10.482,10.482,10.482,10.482,0,0
PBX_PE,D,20161125,000000,10.482,10.482,10.297,10.297,0,0
PBX_PE,D,20161129,000000,10.297,10.297,9.554,9.647,0,0
PBX_PE,D,20161130,000000,9.4622,9.647,9.2763,9.2763,0,0
PBX_PE,D,20161201,000000,9.2763,9.2763,9.2763,9.2763,0,0
PBX_PE,D,20161205,000000,9.4622,9.4622,9.2763,9.2763,0,0
PBX_PE,D,20161207,000000,9.74,9.74,8.9981,9.1835,0,0
PBX_PE,D,20161209,000000,9.1835,9.4622,9.1835,9.1835,0,0
PBX_PE,D,20161212,000000,9.1835,9.1835,9.1835,9.1835,0,0
PBX_PE,D,20161213,000000,9.1835,9.1835,9.1835,9.1835,0,0
PBX_PE,D,20161214,000000,9.369,9.369,9.1835,9.1835,0,0
PBX_PE,D,20161215,000000,9.647,9.647,9.647,9.647,0,0
PBX_PE,D,20161216,000000,9.0907,9.0907,9.0907,9.0907,0,0
PBX_PE,D,20161219,000000,9.0907,9.0907,9.0907,9.0907,0,0
PBX_PE,D,20161221,000000,9.647,9.647,8.7198,9.4622,0,0
PBX_PE,D,20161222,000000,9.4622,9.4622,9.369,9.4622,0,0
PBX_PE,D,20161227,000000,9.74,9.74,9.74,9.74,0,0
PBX_PE,D,20161228,000000,9.74,9.74,9.1835,9.647,0,0
PBX_PE,D,20161229,000000,9.647,9.647,9.647,9.647,0,0
PBX_PE,D,20170104,000000,9.1835,9.647,9.1835,9.647,0,0
PBX_PE,D,20170105,000000,9.1835,9.4622,9.1835,9.4622,0,0
PBX_PE,D,20170109,000000,9.4622,9.4622,9.369,9.369,0,0
PBX_PE,D,20170110,000000,9.369,9.369,9.369,9.369,0,0
PBX_PE,D,20170111,000000,9.0907,9.4622,9.0907,9.369,0,0
PBX_PE,D,20170112,000000,8.9981,8.9981,8.9981,8.9981,0,0
PBX_PE,D,20170113,000000,9.554,9.554,9.1835,9.4622,0,0
PBX_PE,D,20170116,000000,8.8125,9.4622,8.8125,9.4622,0,0
PBX_PE,D,20170118,000000,9.4622,9.647,9.2763,9.647,0,0
PBX_PE,D,20170119,000000,9.647,9.647,9.647,9.647,0,0
PBX_PE,D,20170120,000000,9.647,9.647,9.647,9.647,0,0
PBX_PE,D,20170123,000000,9.74,9.833,9.74,9.74,0,0
PBX_PE,D,20170124,000000,9.74,9.925,9.74,9.925,0,0
PBX_PE,D,20170125,000000,9.925,10.019,9.833,9.833,0,0
PBX_PE,D,20170126,000000,9.647,10.204,9.2763,9.647,0,0
PBX_PE,D,20170127,000000,9.647,10.111,9.554,10.019,0,0
PBX_PE,D,20170130,000000,9.647,10.111,9.647,9.833,0,0
PBX_PE,D,20170131,000000,9.833,10.019,9.74,9.833,0,0
PBX_PE,D,20170201,000000,9.833,9.833,9.647,9.833,0,0
PBX_PE,D,20170202,000000,9.833,10.019,9.647,10.019,0,0
PBX_PE,D,20170203,000000,9.2763,9.833,9.2763,9.833,0,0
PBX_PE,D,20170207,000000,9.647,9.833,9.647,9.833,0,0
PBX_PE,D,20170208,000000,9.833,9.925,9.74,9.74,0,0
PBX_PE,D,20170209,000000,9.647,9.647,9.647,9.647,0,0
PBX_PE,D,20170210,000000,9.647,9.647,9.647,9.647,0,0
PBX_PE,D,20170213,000000,9.647,9.647,9.647,9.647,0,0
PBX_PE,D,20170214,000000,9.647,9.647,9.554,9.647,0,0
PBX_PE,D,20170216,000000,9.647,9.647,9.647,9.647,0,0
PBX_PE,D,20170217,000000,9.647,9.647,9.554,9.554,0,0
PBX_PE,D,20170220,000000,9.4622,9.4622,9.4622,9.4622,0,0
PBX_PE,D,20170221,000000,9.647,9.647,9.1835,9.369,0,0
PBX_PE,D,20170222,000000,9.369,9.369,8.4414,9.1835,0,0
PBX_PE,D,20170223,000000,9.1835,9.1835,8.9052,8.9981,0,0
PBX_PE,D,20170224,000000,8.9981,8.9981,8.9981,8.9981,0,0
PBX_PE,D,20170227,000000,9.554,9.554,9.554,9.554,0,0
PBX_PE,D,20170228,000000,9.647,9.647,9.647,9.647,0,0
PBX_PE,D,20170301,000000,9.647,9.833,9.647,9.833,0,0
PBX_PE,D,20170302,000000,9.833,9.833,9.4622,9.4622,0,0
PBX_PE,D,20170306,000000,9.1835,9.647,9.1835,9.647,0,0
PBX_PE,D,20170308,000000,9.647,9.647,9.554,9.554,0,0
PBX_PE,D,20170309,000000,9.554,9.833,9.1835,9.833,0,0
PBX_PE,D,20170310,000000,9.2763,9.833,9.2763,9.833,0,0
PBX_PE,D,20170313,000000,9.1835,9.833,9.1835,9.74,0,0
PBX_PE,D,20170315,000000,9.1835,9.4622,9.1835,9.2763,0,0
PBX_PE,D,20170316,000000,9.833,9.833,9.74,9.74,0,0
PBX_PE,D,20170320,000000,9.1835,9.4622,9.1835,9.4622,0,0
PBX_PE,D,20170321,000000,9.4622,9.4622,8.9981,8.9981,0,0
PBX_PE,D,20170322,000000,8.9981,8.9981,8.9981,8.9981,0,0
PBX_PE,D,20170324,000000,9.554,9.554,9.554,9.554,0,0
PBX_PE,D,20170329,000000,9.369,9.554,9.369,9.554,0,0
PBX_PE,D,20170330,000000,8.7198,9.369,8.7198,8.9981,0,0
PBX_PE,D,20170331,000000,8.9981,8.9981,8.7198,8.9052,0,0
PBX_PE,D,20170403,000000,9.369,9.369,9.369,9.369,0,0
PBX_PE,D,20170404,000000,9.554,9.554,8.6269,8.7198,0,0
PBX_PE,D,20170405,000000,9.2763,9.369,9.2763,9.369,0,0
PBX_PE,D,20170406,000000,9.554,9.554,9.2763,9.369,0,0
PBX_PE,D,20170407,000000,9.369,9.554,9.369,9.4622,0,0
PBX_PE,D,20170411,000000,9.4622,9.4622,9.4622,9.4622,0,0
PBX_PE,D,20170412,000000,9.554,9.554,9.554,9.554,0,0
PBX_PE,D,20170419,000000,9.554,9.554,9.554,9.554,0,0
PBX_PE,D,20170420,000000,8.7198,9.369,8.7198,9.369,0,0
PBX_PE,D,20170425,000000,9.1835,9.369,9.1835,9.2763,0,0
PBX_PE,D,20170426,000000,9.554,9.554,9.554,9.554,0,0
PBX_PE,D,20170428,000000,9.554,9.554,9.1835,9.369,0,0
PBX_PE,D,20170502,000000,9.647,9.74,9.554,9.554,0,0
PBX_PE,D,20170504,000000,9.2763,9.647,7.2355,7.2355,0,0
PBX_PE,D,20170505,000000,7.3282,7.3282,7.1428,7.1428,0,0
PBX_PE,D,20170508,000000,7.1428,7.1428,7.05,7.05,0,0
PBX_PE,D,20170509,000000,6.5862,7.05,6.5862,7.05,0,0
PBX_PE,D,20170510,000000,7.1428,7.1428,7.1428,7.1428,0,0
PBX_PE,D,20170512,000000,7.1428,7.1428,6.8645,7.05,0,0
PBX_PE,D,20170515,000000,6.8645,7.05,6.8645,7.05,0,0
PBX_PE,D,20170518,000000,6.7717,6.7717,6.7717,6.7717,0,0
PBX_PE,D,20170519,000000,6.5862,6.5862,6.5862,6.5862,0,0
PBX_PE,D,20170522,000000,7.05,7.05,6.4007,6.5862,0,0
PBX_PE,D,20170523,000000,6.8645,6.8645,6.4007,6.5862,0,0
PBX_PE,D,20170524,000000,6.308,6.8645,6.308,6.8645,0,0
PBX_PE,D,20170525,000000,6.4934,8.9052,6.4934,8.9052,0,0
PBX_PE,D,20170526,000000,8.5343,8.5343,8.4414,8.5343,0,0
PBX_PE,D,20170530,000000,8.9981,8.9981,8.9981,8.9981,0,0
PBX_PE,D,20170531,000000,8.5343,8.5343,8.5343,8.5343,0,0
PBX_PE,D,20170601,000000,8.5343,8.5343,8.5343,8.5343,0,0
PBX_PE,D,20170602,000000,8.9981,8.9981,8.5343,8.5343,0,0
PBX_PE,D,20170606,000000,8.4414,8.4414,8.4414,8.4414,0,0
PBX_PE,D,20170608,000000,8.5343,8.5343,8.4414,8.5343,0,0
PBX_PE,D,20170609,000000,8.5343,8.9981,8.5343,8.9981,0,0
PBX_PE,D,20170612,000000,8.5343,8.5343,8.5343,8.5343,0,0
PBX_PE,D,20170613,000000,8.4414,8.4414,8.4414,8.4414,0,0
PBX_PE,D,20170614,000000,8.4414,8.4414,8.4414,8.4414,0,0
PBX_PE,D,20170616,000000,8.4414,8.4414,8.4414,8.4414,0,0
PBX_PE,D,20170619,000000,8.4414,8.4414,8.4414,8.4414,0,0
PBX_PE,D,20170620,000000,8.5343,8.5343,8.5343,8.5343,0,0
PBX_PE,D,20170621,000000,8.5343,8.5343,8.5343,8.5343,0,0
PBX_PE,D,20170623,000000,8.4414,8.4414,8.4414,8.4414,0,0
PBX_PE,D,20170626,000000,8.3486,8.3486,8.3486,8.3486,0,0
PBX_PE,D,20170628,000000,8.3486,8.3486,8.256,8.256,0,0
PBX_PE,D,20170629,000000,8.3486,8.4414,8.3486,8.3486,0,0
PBX_PE,D,20170630,000000,8.256,8.256,8.256,8.256,0,0
PBX_PE,D,20170703,000000,8.256,8.256,8.256,8.256,0,0
PBX_PE,D,20170704,000000,8.2568,8.2568,8.2568,8.2568,0,0
PBX_PE,D,20170705,000000,8.1629,8.5383,8.1629,8.5383,0,0
PBX_PE,D,20170706,000000,8.3506,8.3506,8.3506,8.3506,0,0
PBX_PE,D,20170710,000000,8.5383,8.6321,8.5383,8.6321,0,0
PBX_PE,D,20170711,000000,8.6321,8.6321,8.2568,8.4445,0,0
PBX_PE,D,20170712,000000,8.2568,8.5383,8.1629,8.5383,0,0
PBX_PE,D,20170714,000000,8.5383,8.5383,8.2568,8.4445,0,0
PBX_PE,D,20170718,000000,8.4445,8.4445,8.4445,8.4445,0,0
PBX_PE,D,20170719,000000,8.1629,8.1629,8.1629,8.1629,0,0
PBX_PE,D,20170720,000000,8.1629,8.1629,8.1629,8.1629,0,0
PBX_PE,D,20170721,000000,8.3506,8.3506,8.3506,8.3506,0,0
PBX_PE,D,20170724,000000,8.1629,8.1629,8.0691,8.0691,0,0
PBX_PE,D,20170725,000000,8.0691,8.0691,7.8814,7.9752,0,0
PBX_PE,D,20170726,000000,8.0691,8.0691,8.0691,8.0691,0,0
PBX_PE,D,20170728,000000,8.3506,8.3506,8.3506,8.3506,0,0
PBX_PE,D,20170731,000000,8.3506,8.3506,7.9752,7.9752,0,0
PBX_PE,D,20170801,000000,8.2568,8.2568,7.8814,8.1629,0,0
PBX_PE,D,20170802,000000,8.1629,8.2568,7.9752,8.2568,0,0
PBX_PE,D,20170803,000000,8.2568,8.2568,8.2568,8.2568,0,0
PBX_PE,D,20170804,000000,7.8814,8.2568,7.8814,8.2568,0,0
PBX_PE,D,20170807,000000,8.2568,8.2568,8.1629,8.1629,0,0
PBX_PE,D,20170809,000000,8.1629,8.1629,7.8814,7.8814,0,0
PBX_PE,D,20170810,000000,8.2568,8.2568,8.1629,8.1629,0,0
PBX_PE,D,20170814,000000,7.9752,7.9752,7.7876,7.8814,0,0
PBX_PE,D,20170816,000000,7.8814,7.8814,7.6938,7.7876,0,0
PBX_PE,D,20170817,000000,7.7876,7.7876,7.6938,7.6938,0,0
PBX_PE,D,20170818,000000,8.1629,8.1629,7.3185,7.7876,0,0
PBX_PE,D,20170821,000000,8.0691,8.0691,7.5062,8.0691,0,0
PBX_PE,D,20170823,000000,8.0691,8.0691,8.0691,8.0691,0,0
PBX_PE,D,20170828,000000,7.9752,8.0691,7.9752,8.0691,0,0
PBX_PE,D,20170831,000000,8.0691,8.1629,8.0691,8.1629,0,0
PBX_PE,D,20170908,000000,8.0691,8.0691,8.0691,8.0691,0,0
PBX_PE,D,20170914,000000,8.4445,8.4445,8.4445,8.4445,0,0
PBX_PE,D,20170915,000000,8.1629,8.2568,8.1629,8.2568,0,0
PBX_PE,D,20170918,000000,8.5383,8.5383,8.4445,8.4445,0,0
PBX_PE,D,20170920,000000,8.4445,8.4445,8.4445,8.4445,0,0
PBX_PE,D,20170922,000000,8.4445,8.4445,7.9752,8.4445,0,0
PBX_PE,D,20170926,000000,8.4445,8.4445,8.4445,8.4445,0,0
PBX_PE,D,20171003,000000,7.9752,7.9752,7.9752,7.9752,0,0
PBX_PE,D,20171004,000000,8.1629,8.1629,8.1629,8.1629,0,0
PBX_PE,D,20171009,000000,8.1629,8.2568,8.1629,8.2568,0,0
PBX_PE,D,20171011,000000,8.2568,8.2568,8.1629,8.1629,0,0
PBX_PE,D,20171016,000000,8.1629,8.1629,8.0691,8.0691,0,0
PBX_PE,D,20171018,000000,7.8814,8.1629,7.8814,8.1629,0,0
PBX_PE,D,20171023,000000,8.1629,8.1629,8.1629,8.1629,0,0
PBX_PE,D,20171024,000000,8.1629,8.1629,8.1629,8.1629,0,0
PBX_PE,D,20171026,000000,7.9752,8.1629,7.9752,8.0691,0,0
PBX_PE,D,20171027,000000,7.9752,8.1629,7.9752,8.1629,0,0
PBX_PE,D,20171030,000000,7.6938,8.1629,7.6938,8.1629,0,0
PBX_PE,D,20171106,000000,8.2568,8.2568,8.2568,8.2568,0,0
PBX_PE,D,20171107,000000,8.2568,8.4445,8.1629,8.3506,0,0
PBX_PE,D,20171108,000000,8.3506,8.3506,8.3506,8.3506,0,0
PBX_PE,D,20171113,000000,8.3506,8.3506,8.3506,8.3506,0,0
PBX_PE,D,20171116,000000,8.3506,8.3506,8.3506,8.3506,0,0
PBX_PE,D,20171120,000000,8.3506,8.8198,7.7876,7.7876,0,0
PBX_PE,D,20171121,000000,8.0691,8.0691,7.7876,7.9752,0,0
PBX_PE,D,20171123,000000,8.0691,8.7259,8.0691,8.4445,0,0
PBX_PE,D,20171124,000000,8.3506,8.7259,8.3506,8.7259,0,0
PBX_PE,D,20171127,000000,8.7259,8.7259,8.4445,8.4445,0,0
PBX_PE,D,20171128,000000,8.1629,8.1629,7.8814,7.8814,0,0
PBX_PE,D,20171129,000000,8.5383,8.5383,8.0691,8.0691,0,0
PBX_PE,D,20171130,000000,8.0691,8.0691,7.9752,7.9752,0,0
PBX_PE,D,20171204,000000,8.0691,8.3506,8.0691,8.3506,0,0
PBX_PE,D,20171205,000000,8.0691,8.0691,8.0691,8.0691,0,0
PBX_PE,D,20171207,000000,7.9752,8.3506,7.8814,8.3506,0,0
PBX_PE,D,20171208,000000,8.0691,8.3506,7.9752,7.9752,0,0
PBX_PE,D,20171212,000000,7.6938,8.0691,7.6938,8.0691,0,0
PBX_PE,D,20171214,000000,8.0691,8.0691,8.0691,8.0691,0,0
PBX_PE,D,20171218,000000,7.7876,8.0691,7.7876,7.7876,0,0
PBX_PE,D,20171219,000000,7.7876,7.7876,7.7876,7.7876,0,0
PBX_PE,D,20171220,000000,7.6938,7.8814,7.6,7.8814,0,0
PBX_PE,D,20171221,000000,7.6,7.9752,7.6,7.8814,0,0
PBX_PE,D,20171222,000000,7.7876,7.8814,7.7876,7.8814,0,0
PBX_PE,D,20171227,000000,7.7876,7.7876,7.6938,7.6938,0,0
PBX_PE,D,20171228,000000,7.8814,7.8814,7.7876,7.8814,0,0
PBX_PE,D,20171229,000000,7.9752,8.1629,7.9752,8.0691,0,0
PBX_PE,D,20180103,000000,8.0691,8.2568,8.0691,8.1629,0,0
PBX_PE,D,20180104,000000,8.2568,8.2568,8.2568,8.2568,0,0
PBX_PE,D,20180105,000000,8.2568,8.2568,8.2568,8.2568,0,0
PBX_PE,D,20180108,000000,8.2568,8.2568,8.2568,8.2568,0,0
PBX_PE,D,20180109,000000,8.2568,8.3506,8.0691,8.3506,0,0
PBX_PE,D,20180110,000000,8.1629,8.3506,8.1629,8.3506,0,0
PBX_PE,D,20180112,000000,8.3506,8.3506,8.3506,8.3506,0,0
PBX_PE,D,20180115,000000,8.3506,8.3506,8.0691,8.0691,0,0
PBX_PE,D,20180116,000000,8.0691,8.1629,8.0691,8.1629,0,0
PBX_PE,D,20180117,000000,8.3506,8.3506,8.3506,8.3506,0,0
PBX_PE,D,20180118,000000,8.3506,8.3506,8.2568,8.3506,0,0
PBX_PE,D,20180119,000000,8.2568,8.3506,8.2568,8.3506,0,0
PBX_PE,D,20180122,000000,8.3506,8.3506,8.2568,8.3506,0,0
PBX_PE,D,20180123,000000,8.0691,8.0691,8.0691,8.0691,0,0
PBX_PE,D,20180125,000000,8.0691,8.0691,7.8814,7.8814,0,0
PBX_PE,D,20180129,000000,8.1629,8.2568,8.1629,8.1629,0,0
PBX_PE,D,20180130,000000,8.1629,8.2568,7.9752,8.2568,0,0
PBX_PE,D,20180131,000000,8.2568,8.2568,8.2568,8.2568,0,0
PBX_PE,D,20180201,000000,8.1629,8.1629,8.1629,8.1629,0,0
PBX_PE,D,20180202,000000,8.1629,8.2568,8.0691,8.1629,0,0
PBX_PE,D,20180206,000000,7.9752,7.9752,7.8814,7.9752,0,0
PBX_PE,D,20180207,000000,7.9752,7.9752,7.9752,7.9752,0,0
PBX_PE,D,20180208,000000,7.9752,7.9752,7.7876,7.9752,0,0
PBX_PE,D,20180209,000000,7.8814,7.9752,7.8814,7.8814,0,0
PBX_PE,D,20180212,000000,8.0691,8.1629,8.0691,8.1629,0,0
PBX_PE,D,20180213,000000,8.1629,8.1629,7.8814,8.0691,0,0
PBX_PE,D,20180214,000000,8.1629,8.1629,8.1629,8.1629,0,0
PBX_PE,D,20180215,000000,8.2568,8.2568,8.2568,8.2568,0,0
PBX_PE,D,20180216,000000,8.2568,8.2568,8.2568,8.2568,0,0
PBX_PE,D,20180221,000000,8.2568,8.2568,8.2568,8.2568,0,0
PBX_PE,D,20180222,000000,8.2568,8.2568,8.2568,8.2568,0,0
PBX_PE,D,20180223,000000,8.2568,8.2568,8.2568,8.2568,0,0
PBX_PE,D,20180226,000000,8.2568,8.5383,8.2568,8.4445,0,0
PBX_PE,D,20180302,000000,8.1629,8.2568,8.1629,8.2568,0,0
PBX_PE,D,20180305,000000,8.4445,8.4445,7.9752,7.9752,0,0
PBX_PE,D,20180306,000000,7.7876,8.2568,7.7876,8.2568,0,0
PBX_PE,D,20180308,000000,7.9752,8.5383,7.9752,8.4445,0,0
PBX_PE,D,20180309,000000,8.4445,8.4445,8.4445,8.4445,0,0
PBX_PE,D,20180312,000000,8.1629,8.4445,8.1629,8.4445,0,0
PBX_PE,D,20180314,000000,8.4445,8.6321,8.4445,8.6321,0,0
PBX_PE,D,20180315,000000,8.6321,8.7259,8.6321,8.6321,0,0
PBX_PE,D,20180319,000000,8.6321,8.6321,8.6321,8.6321,0,0
PBX_PE,D,20180320,000000,8.6321,9.4761,8.6321,9.4761,0,0
PBX_PE,D,20180321,000000,9.1013,9.195,9.1013,9.195,0,0
PBX_PE,D,20180322,000000,8.9137,9.3822,8.3506,9.3822,0,0
PBX_PE,D,20180323,000000,8.5383,9.3822,8.5383,8.7259,0,0
PBX_PE,D,20180326,000000,9.2887,9.2887,8.2568,8.2568,0,0
PBX_PE,D,20180327,000000,8.2568,8.2568,8.2568,8.2568,0,0
PBX_PE,D,20180328,000000,8.4445,8.7259,8.4445,8.7259,0,0
PBX_PE,D,20180329,000000,8.7259,8.7259,8.7259,8.7259,0,0
PBX_PE,D,20180403,000000,8.7259,8.7259,8.6321,8.6321,0,0
PBX_PE,D,20180404,000000,8.7259,8.7259,8.6321,8.7259,0,0
PBX_PE,D,20180406,000000,8.7259,8.7259,8.3506,8.7259,0,0
PBX_PE,D,20180409,000000,8.7259,8.8198,8.7259,8.8198,0,0
PBX_PE,D,20180416,000000,8.7259,8.7259,8.7259,8.7259,0,0
PBX_PE,D,20180417,000000,8.2568,8.3506,8.2568,8.2568,0,0
PBX_PE,D,20180418,000000,8.4445,8.4445,8.4445,8.4445,0,0
PBX_PE,D,20180419,000000,8.6321,8.6321,8.5383,8.5383,0,0
PBX_PE,D,20180420,000000,8.5383,8.5383,8.0691,8.4445,0,0
PBX_PE,D,20180423,000000,8.2568,8.5383,8.2568,8.5383,0,0
PBX_PE,D,20180426,000000,8.3506,9.195,8.0691,9.195,0,0
PBX_PE,D,20180427,000000,8.7259,9.1013,8.6321,9.1013,0,0
PBX_PE,D,20180430,000000,9.195,9.4761,9.195,9.4761,0,0
PBX_PE,D,20180502,000000,8.9137,9.1013,8.8198,9.1013,0,0
PBX_PE,D,20180504,000000,9.4761,9.4761,9.4761,9.4761,0,0
PBX_PE,D,20180507,000000,9.3822,9.3822,9.3822,9.3822,0,0
PBX_PE,D,20180508,000000,8.9137,9.3822,8.9137,9.3822,0,0
PBX_PE,D,20180510,000000,8.7259,9.571,8.7259,9.4761,0,0
PBX_PE,D,20180511,000000,9.4761,9.4761,9.4761,9.4761,0,0
PBX_PE,D,20180517,000000,9.4761,9.758,9.4761,9.665,0,0
PBX_PE,D,20180518,000000,10.039,10.039,9.758,9.758,0,0
PBX_PE,D,20180521,000000,9.852,9.852,9.571,9.852,0,0
PBX_PE,D,20180522,000000,9.3822,9.665,9.3822,9.665,0,0
PBX_PE,D,20180524,000000,9.2887,9.3822,9.0075,9.1013,0,0
PBX_PE,D,20180525,000000,9.1013,9.1013,9.1013,9.1013,0,0
PBX_PE,D,20180528,000000,9.665,9.852,8.0691,8.0691,0,0
PBX_PE,D,20180529,000000,8.0691,8.0691,7.6938,7.6938,0,0
PBX_PE,D,20180530,000000,7.8814,8.0691,7.8814,8.0691,0,0
PBX_PE,D,20180601,000000,7.8814,7.8814,7.8814,7.8814,0,0
PBX_PE,D,20180604,000000,7.8814,7.8814,7.8814,7.8814,0,0
PBX_PE,D,20180606,000000,8.0691,8.0691,8.0691,8.0691,0,0
PBX_PE,D,20180607,000000,8.0691,8.0691,7.6938,8.0691,0,0
PBX_PE,D,20180611,000000,7.8814,8.0691,7.8814,8.0691,0,0
PBX_PE,D,20180612,000000,8.0691,8.0691,8.0691,8.0691,0,0
PBX_PE,D,20180613,000000,8.0691,8.0691,8.0691,8.0691,0,0
PBX_PE,D,20180614,000000,8.0691,8.0691,8.0691,8.0691,0,0
PBX_PE,D,20180615,000000,8.0691,8.0691,8.0691,8.0691,0,0
PBX_PE,D,20180619,000000,7.8814,7.8814,7.8814,7.8814,0,0
PBX_PE,D,20180620,000000,8.0691,8.0691,8.0691,8.0691,0,0
PBX_PE,D,20180621,000000,8.1629,8.1629,8.0691,8.0691,0,0
PBX_PE,D,20180622,000000,8.1629,8.1629,7.8814,7.8814,0,0
PBX_PE,D,20180626,000000,7.6938,7.7876,7.6938,7.6938,0,0
PBX_PE,D,20180627,000000,7.7876,7.7876,7.6,7.6,0,0
PBX_PE,D,20180628,000000,7.6,7.6,7.4123,7.6,0,0
PBX_PE,D,20180629,000000,6.9432,7.6,6.9432,7.6,0,0
PBX_PE,D,20180706,000000,7.3185,7.5062,7.3185,7.5062,0,0
PBX_PE,D,20180710,000000,7.5062,7.5062,7.5062,7.5062,0,0
PBX_PE,D,20180711,000000,7.5062,7.6,7.5062,7.6,0,0
PBX_PE,D,20180713,000000,7.5062,7.5062,7.5062,7.5062,0,0
PBX_PE,D,20180716,000000,7.4123,7.4123,7.4123,7.4123,0,0
PBX_PE,D,20180717,000000,7.4123,7.5062,7.4123,7.5062,0,0
PBX_PE,D,20180718,000000,7.4123,7.6938,7.3185,7.6938,0,0
PBX_PE,D,20180719,000000,8.033,8.033,8.033,8.033,0,0
PBX_PE,D,20180724,000000,7.8418,7.8418,7.8418,7.8418,0,0
PBX_PE,D,20180727,000000,7.6506,7.8418,7.6506,7.8418,0,0
PBX_PE,D,20180730,000000,7.6506,7.8418,7.6506,7.8418,0,0
PBX_PE,D,20180731,000000,7.8418,7.8418,7.8418,7.8418,0,0
PBX_PE,D,20180801,000000,7.6506,7.8418,7.6506,7.8418,0,0
PBX_PE,D,20180802,000000,7.8418,7.8418,7.8418,7.8418,0,0
PBX_PE,D,20180807,000000,7.6506,7.6506,7.5549,7.5549,0,0
PBX_PE,D,20180808,000000,7.5549,7.5549,7.5549,7.5549,0,0
PBX_PE,D,20180809,000000,7.5549,7.5549,7.5549,7.5549,0,0
PBX_PE,D,20180810,000000,7.4593,7.5549,7.4593,7.5549,0,0
PBX_PE,D,20180813,000000,7.8418,7.8418,7.5549,7.8418,0,0
PBX_PE,D,20180816,000000,7.5549,7.5549,7.5549,7.5549,0,0
PBX_PE,D,20180817,000000,7.5549,7.5549,7.5549,7.5549,0,0
PBX_PE,D,20180820,000000,7.8418,7.8418,7.8418,7.8418,0,0
PBX_PE,D,20180821,000000,7.6506,7.6506,7.5549,7.5549,0,0
PBX_PE,D,20180822,000000,7.5549,7.5549,7.268,7.5549,0,0
PBX_PE,D,20180824,000000,7.6506,7.6506,7.5549,7.5549,0,0
PBX_PE,D,20180827,000000,7.5549,7.5549,7.5549,7.5549,0,0
PBX_PE,D,20180828,000000,7.3636,7.3636,7.1724,7.1724,0,0
PBX_PE,D,20180829,000000,7.3636,7.5549,7.3636,7.5549,0,0
PBX_PE,D,20180831,000000,7.4593,7.4593,7.0767,7.0767,0,0
PBX_PE,D,20180903,000000,7.0767,7.0767,7.0767,7.0767,0,0
PBX_PE,D,20180904,000000,7.0767,7.0767,7.0767,7.0767,0,0
PBX_PE,D,20180905,000000,7.0767,7.0767,6.9811,6.9811,0,0
PBX_PE,D,20180906,000000,6.9811,6.9811,6.9811,6.9811,0,0
PBX_PE,D,20180907,000000,6.9811,6.9811,6.9811,6.9811,0,0
PBX_PE,D,20180910,000000,7.268,7.4593,5.8336,5.8336,0,0
PBX_PE,D,20180911,000000,5.8336,5.9291,5.8336,5.8336,0,0
PBX_PE,D,20180912,000000,5.8336,5.8336,5.7379,5.7379,0,0
PBX_PE,D,20180913,000000,5.7379,5.7379,5.6423,5.7379,0,0
PBX_PE,D,20180914,000000,5.8336,5.8336,5.8336,5.8336,0,0
PBX_PE,D,20180917,000000,6.1204,6.1204,5.7379,5.8336,0,0
PBX_PE,D,20180918,000000,5.8336,5.9291,5.8336,5.9291,0,0
PBX_PE,D,20180920,000000,5.8336,5.8336,5.8336,5.8336,0,0
PBX_PE,D,20180921,000000,5.9291,5.9291,5.8336,5.8336,0,0
PBX_PE,D,20180925,000000,6.0248,6.0248,6.0248,6.0248,0,0
PBX_PE,D,20180927,000000,5.9291,5.9291,5.9291,5.9291,0,0
PBX_PE,D,20180928,000000,5.9291,5.9291,5.8336,5.8336,0,0
PBX_PE,D,20181001,000000,6.0248,6.0248,5.7379,5.9291,0,0
PBX_PE,D,20181002,000000,5.8336,5.8336,5.8336,5.8336,0,0
PBX_PE,D,20181003,000000,5.8336,6.1204,5.8336,6.1204,0,0
PBX_PE,D,20181004,000000,6.1204,6.503,6.1204,6.4073,0,0
PBX_PE,D,20181005,000000,6.3117,6.503,6.3117,6.503,0,0
PBX_PE,D,20181008,000000,6.503,6.503,6.503,6.503,0,0
PBX_PE,D,20181009,000000,6.503,6.503,6.503,6.503,0,0
PBX_PE,D,20181010,000000,6.5986,6.5986,6.503,6.5986,0,0
PBX_PE,D,20181011,000000,6.4073,6.6942,6.4073,6.6942,0,0
PBX_PE,D,20181012,000000,6.7899,6.8854,6.5986,6.7899,0,0
PBX_PE,D,20181015,000000,6.8854,6.8854,6.6942,6.8854,0,0
PBX_PE,D,20181016,000000,6.9811,7.1724,6.9811,7.1724,0,0
PBX_PE,D,20181017,000000,7.268,7.268,7.0767,7.0767,0,0
PBX_PE,D,20181018,000000,7.0767,7.268,7.0767,7.268,0,0
PBX_PE,D,20181019,000000,7.0767,7.3636,7.0767,7.0767,0,0
PBX_PE,D,20181022,000000,7.268,7.268,6.9811,7.0767,0,0
PBX_PE,D,20181023,000000,6.9811,7.0767,6.8854,7.0767,0,0
PBX_PE,D,20181024,000000,7.0767,7.0767,7.0767,7.0767,0,0
PBX_PE,D,20181025,000000,6.7899,6.9811,6.6942,6.9811,0,0
PBX_PE,D,20181026,000000,6.8854,6.9811,6.5986,6.9811,0,0
PBX_PE,D,20181029,000000,6.8854,6.9811,6.8854,6.9811,0,0
PBX_PE,D,20181030,000000,6.7899,6.7899,6.7899,6.7899,0,0
PBX_PE,D,20181031,000000,6.5986,6.7899,6.503,6.7899,0,0
PBX_PE,D,20181102,000000,6.9811,7.0767,6.7899,7.0767,0,0
PBX_PE,D,20181105,000000,7.0767,7.0767,6.7899,6.7899,0,0
PBX_PE,D,20181107,000000,6.7899,6.7899,6.7899,6.7899,0,0
PBX_PE,D,20181108,000000,6.7899,6.7899,6.7899,6.7899,0,0
PBX_PE,D,20181113,000000,6.7899,6.7899,6.7899,6.7899,0,0
PBX_PE,D,20181114,000000,6.5986,6.5986,6.5986,6.5986,0,0
PBX_PE,D,20181116,000000,6.503,6.5986,6.503,6.5986,0,0
PBX_PE,D,20181120,000000,6.6942,6.6942,6.6942,6.6942,0,0
PBX_PE,D,20181121,000000,6.5986,6.5986,6.503,6.503,0,0
PBX_PE,D,20181122,000000,6.4073,6.6942,6.4073,6.6942,0,0
PBX_PE,D,20181123,000000,6.7899,6.7899,6.7899,6.7899,0,0
PBX_PE,D,20181126,000000,6.8854,7.0767,5.3554,5.3554,0,0
PBX_PE,D,20181127,000000,5.3554,5.8336,5.3554,5.7379,0,0
PBX_PE,D,20181128,000000,5.8336,6.0248,5.8336,5.9291,0,0
PBX_PE,D,20181129,000000,6.0248,6.216,5.8336,5.8336,0,0
PBX_PE,D,20181130,000000,5.8336,5.9291,5.8336,5.9291,0,0
PBX_PE,D,20181203,000000,5.9291,6.216,5.9291,6.216,0,0
PBX_PE,D,20181204,000000,6.3117,6.3117,6.0248,6.216,0,0
PBX_PE,D,20181205,000000,6.216,6.216,6.0248,6.1204,0,0
PBX_PE,D,20181206,000000,6.0248,6.1204,5.9291,6.0248,0,0
PBX_PE,D,20181207,000000,6.0248,6.0248,5.8336,6.0248,0,0
PBX_PE,D,20181210,000000,6.0248,6.0248,5.9291,5.9291,0,0
PBX_PE,D,20181211,000000,5.9291,5.9291,5.8336,5.9291,0,0
PBX_PE,D,20181212,000000,5.8336,6.1204,5.8336,6.1204,0,0
PBX_PE,D,20181213,000000,6.216,6.3117,6.0248,6.0248,0,0
PBX_PE,D,20181214,000000,6.0248,6.216,6.0248,6.1204,0,0
PBX_PE,D,20181217,000000,6.1204,6.1204,6.0248,6.0248,0,0
PBX_PE,D,20181218,000000,6.0248,6.1204,6.0248,6.1204,0,0
PBX_PE,D,20181220,000000,6.0248,6.0248,5.7379,5.7379,0,0
PBX_PE,D,20181221,000000,5.8336,5.8336,5.7379,5.7379,0,0
PBX_PE,D,20181227,000000,5.7379,5.9291,5.7379,5.9291,0,0
PBX_PE,D,20181228,000000,5.9291,6.0248,5.8336,6.0248,0,0
PBX_PE,D,20190102,000000,6.1204,6.216,5.9291,6.1204,0,0
PBX_PE,D,20190103,000000,6.1204,6.1204,5.8336,5.9291,0,0
PBX_PE,D,20190104,000000,5.9291,5.9291,5.9291,5.9291,0,0
PBX_PE,D,20190107,000000,5.9291,6.1204,5.9291,6.1204,0,0
PBX_PE,D,20190108,000000,5.9291,5.9291,5.7379,5.7379,0,0
PBX_PE,D,20190109,000000,5.7379,5.8336,5.5466,5.6423,0,0
PBX_PE,D,20190110,000000,5.9291,5.9291,5.6423,5.6423,0,0
PBX_PE,D,20190111,000000,5.7379,5.8336,5.6423,5.8336,0,0
PBX_PE,D,20190114,000000,5.8336,5.8336,5.7379,5.7379,0,0
PBX_PE,D,20190115,000000,5.8336,5.8336,5.7379,5.8336,0,0
PBX_PE,D,20190116,000000,5.8336,5.8336,5.8336,5.8336,0,0
PBX_PE,D,20190117,000000,5.8336,5.8336,5.8336,5.8336,0,0
PBX_PE,D,20190118,000000,5.8336,5.8336,5.6423,5.6423,0,0
PBX_PE,D,20190121,000000,5.6423,5.6423,5.3554,5.3554,0,0
PBX_PE,D,20190122,000000,5.3554,5.451,5.2597,5.3554,0,0
PBX_PE,D,20190123,000000,5.3554,5.3554,5.1641,5.2597,0,0
PBX_PE,D,20190124,000000,5.451,5.451,5.3554,5.3554,0,0
PBX_PE,D,20190125,000000,5.2597,5.451,5.2597,5.451,0,0
PBX_PE,D,20190128,000000,5.451,5.451,5.2597,5.451,0,0
PBX_PE,D,20190129,000000,5.451,5.451,5.3554,5.451,0,0
PBX_PE,D,20190130,000000,5.451,5.451,5.2597,5.3554,0,0
PBX_PE,D,20190131,000000,5.451,5.451,5.2597,5.451,0,0
PBX_PE,D,20190201,000000,5.451,5.5466,5.3554,5.5466,0,0
PBX_PE,D,20190204,000000,5.5466,5.5466,5.3554,5.451,0,0
PBX_PE,D,20190205,000000,5.451,5.5466,5.3554,5.5466,0,0
PBX_PE,D,20190206,000000,5.3554,5.451,5.3554,5.451,0,0
PBX_PE,D,20190207,000000,5.451,5.451,5.3554,5.3554,0,0
PBX_PE,D,20190208,000000,5.3554,5.451,5.3554,5.451,0,0
PBX_PE,D,20190211,000000,5.451,5.451,5.1641,5.3554,0,0
PBX_PE,D,20190212,000000,5.451,5.451,5.3554,5.3554,0,0
PBX_PE,D,20190213,000000,5.3554,5.3554,5.2597,5.3554,0,0
PBX_PE,D,20190214,000000,5.3554,5.3554,5.3554,5.3554,0,0
PBX_PE,D,20190215,000000,5.3554,5.3554,5.2597,5.2597,0,0
PBX_PE,D,20190218,000000,5.3554,5.3554,5.3554,5.3554,0,0
PBX_PE,D,20190219,000000,5.3554,5.451,5.3554,5.451,0,0
PBX_PE,D,20190220,000000,5.3554,5.451,5.3554,5.451,0,0
PBX_PE,D,20190221,000000,5.451,5.451,5.451,5.451,0,0
PBX_PE,D,20190222,000000,5.451,5.451,5.3554,5.3554,0,0
PBX_PE,D,20190225,000000,5.3554,5.3554,5.3554,5.3554,0,0
PBX_PE,D,20190226,000000,5.451,5.5466,5.451,5.451,0,0
PBX_PE,D,20190227,000000,5.451,5.6423,5.451,5.6423,0,0
PBX_PE,D,20190228,000000,5.6423,5.7379,5.5466,5.7379,0,0
PBX_PE,D,20190301,000000,5.7379,5.8336,5.7379,5.8336,0,0
PBX_PE,D,20190304,000000,5.8336,5.8336,5.8336,5.8336,0,0
PBX_PE,D,20190305,000000,5.7379,5.8336,5.7379,5.7379,0,0
PBX_PE,D,20190306,000000,5.7379,5.7379,5.7379,5.7379,0,0
PBX_PE,D,20190307,000000,5.7379,5.7379,5.6423,5.6423,0,0
PBX_PE,D,20190308,000000,5.6423,5.6423,5.451,5.6423,0,0
PBX_PE,D,20190311,000000,5.6423,5.6423,5.5466,5.6423,0,0
PBX_PE,D,20190312,000000,5.6423,5.6423,5.5466,5.5466,0,0
PBX_PE,D,20190313,000000,5.5466,5.5466,5.5466,5.5466,0,0
PBX_PE,D,20190315,000000,5.5466,5.5466,5.5466,5.5466,0,0
PBX_PE,D,20190318,000000,5.5466,5.5466,5.5466,5.5466,0,0
PBX_PE,D,20190319,000000,5.451,5.5466,5.451,5.451,0,0
PBX_PE,D,20190321,000000,5.451,5.451,5.3554,5.451,0,0
PBX_PE,D,20190322,000000,5.451,5.451,5.3554,5.3554,0,0
PBX_PE,D,20190325,000000,5.3554,5.3554,5.2597,5.2597,0,0
PBX_PE,D,20190326,000000,5.2597,5.2597,5.1641,5.1641,0,0
PBX_PE,D,20190327,000000,5.2597,5.2597,5.1641,5.1641,0,0
PBX_PE,D,20190328,000000,5.1641,5.3554,5.1641,5.3554,0,0
PBX_PE,D,20190329,000000,5.2597,5.451,5.2597,5.451,0,0
PBX_PE,D,20190401,000000,5.451,5.451,5.451,5.451,0,0
PBX_PE,D,20190402,000000,5.451,5.451,5.1641,5.3554,0,0
PBX_PE,D,20190403,000000,5.3554,5.3554,5.0684,5.3554,0,0
PBX_PE,D,20190404,000000,5.3554,5.3554,5.3554,5.3554,0,0
PBX_PE,D,20190405,000000,5.3554,5.3554,5.3554,5.3554,0,0
PBX_PE,D,20190408,000000,5.3554,5.5466,5.3554,5.3554,0,0
PBX_PE,D,20190409,000000,5.3554,5.3554,5.3554,5.3554,0,0
PBX_PE,D,20190410,000000,5.2597,5.3554,5.2597,5.3554,0,0
PBX_PE,D,20190411,000000,5.5466,5.5466,5.3554,5.3554,0,0
PBX_PE,D,20190412,000000,5.3554,5.3554,5.2597,5.2597,0,0
PBX_PE,D,20190415,000000,5.1641,5.2597,5.1641,5.2597,0,0
PBX_PE,D,20190416,000000,5.2597,5.2597,5.1641,5.2597,0,0
PBX_PE,D,20190417,000000,5.2597,5.2597,5.1641,5.2597,0,0
PBX_PE,D,20190418,000000,5.2597,5.2597,4.5903,4.5903,0,0
PBX_PE,D,20190423,000000,4.686,4.7816,4.5903,4.686,0,0
PBX_PE,D,20190424,000000,4.686,4.686,4.4947,4.4947,0,0
PBX_PE,D,20190425,000000,4.4947,4.5903,4.4947,4.5903,0,0
PBX_PE,D,20190426,000000,4.5903,4.5903,4.5903,4.5903,0,0
PBX_PE,D,20190429,000000,4.686,4.7816,4.5903,4.5903,0,0
PBX_PE,D,20190430,000000,4.5903,4.5903,4.5903,4.5903,0,0
PBX_PE,D,20190502,000000,4.5903,4.686,4.5903,4.5903,0,0
PBX_PE,D,20190506,000000,4.5903,4.686,4.4947,4.4947,0,0
PBX_PE,D,20190507,000000,4.4947,4.4947,4.4947,4.4947,0,0
PBX_PE,D,20190508,000000,4.4947,4.4947,4.399,4.4947,0,0
PBX_PE,D,20190509,000000,4.4947,4.4947,4.4947,4.4947,0,0
PBX_PE,D,20190510,000000,4.4947,4.4947,4.399,4.4947,0,0
PBX_PE,D,20190513,000000,4.399,4.399,4.399,4.399,0,0
PBX_PE,D,20190514,000000,4.399,4.399,4.399,4.399,0,0
PBX_PE,D,20190515,000000,4.399,4.399,4.2078,4.3034,0,0
PBX_PE,D,20190516,000000,4.3034,4.3034,4.2078,4.2078,0,0
PBX_PE,D,20190517,000000,4.2078,4.2078,4.2078,4.2078,0,0
PBX_PE,D,20190520,000000,4.2078,4.3034,4.2078,4.3034,0,0
PBX_PE,D,20190521,000000,4.3034,4.3034,4.2078,4.2078,0,0
PBX_PE,D,20190522,000000,4.2078,4.2078,4.2078,4.2078,0,0
PBX_PE,D,20190523,000000,4.2078,4.2078,4.2078,4.2078,0,0
PBX_PE,D,20190524,000000,4.2078,4.4947,4.2078,4.4947,0,0
PBX_PE,D,20190527,000000,4.686,4.686,4.4947,4.4947,0,0
PBX_PE,D,20190528,000000,4.4947,4.4947,4.4947,4.4947,0,0
PBX_PE,D,20190529,000000,4.399,4.5903,4.399,4.5903,0,0
PBX_PE,D,20190530,000000,4.5903,4.5903,4.4947,4.4947,0,0
PBX_PE,D,20190531,000000,4.5903,4.5903,4.4947,4.4947,0,0
PBX_PE,D,20190603,000000,4.5903,4.5903,4.4947,4.4947,0,0
PBX_PE,D,20190605,000000,4.5903,4.7816,4.5903,4.7816,0,0
PBX_PE,D,20190606,000000,4.8772,4.9729,4.8772,4.9729,0,0
PBX_PE,D,20190607,000000,4.8772,5.0684,4.8772,4.9729,0,0
PBX_PE,D,20190610,000000,4.8772,4.8772,4.8772,4.8772,0,0
PBX_PE,D,20190611,000000,4.7816,4.7816,4.686,4.7816,0,0
PBX_PE,D,20190612,000000,4.686,4.7816,4.5903,4.7816,0,0
PBX_PE,D,20190613,000000,4.7816,4.8772,4.7816,4.8772,0,0
PBX_PE,D,20190614,000000,4.8772,4.8772,4.8772,4.8772,0,0
PBX_PE,D,20190617,000000,4.8772,4.9729,4.8772,4.9729,0,0
PBX_PE,D,20190618,000000,4.8772,4.8772,4.8772,4.8772,0,0
PBX_PE,D,20190619,000000,4.8772,4.9729,4.8772,4.9729,0,0
PBX_PE,D,20190621,000000,4.8772,4.8772,4.8772,4.8772,0,0
PBX_PE,D,20190624,000000,4.8772,4.8772,4.8772,4.8772,0,0
PBX_PE,D,20190625,000000,4.7816,4.8772,4.7816,4.8772,0,0
PBX_PE,D,20190626,000000,4.7816,4.7816,4.686,4.686,0,0
PBX_PE,D,20190627,000000,4.686,4.686,4.686,4.686,0,0
PBX_PE,D,20190628,000000,4.74,5.0363,4.74,5.0363,0,0
PBX_PE,D,20190701,000000,4.9375,5.0363,4.9375,4.9375,0,0
PBX_PE,D,20190702,000000,5.0363,5.135,5.0363,5.135,0,0
PBX_PE,D,20190703,000000,5.0363,5.135,5.0363,5.135,0,0
PBX_PE,D,20190704,000000,5.135,5.2338,5.135,5.2338,0,0
PBX_PE,D,20190705,000000,5.135,5.2338,5.135,5.2338,0,0
PBX_PE,D,20190708,000000,5.2338,5.3325,5.2338,5.2338,0,0
PBX_PE,D,20190709,000000,5.135,5.2338,5.135,5.2338,0,0
PBX_PE,D,20190710,000000,5.3325,5.3325,5.135,5.135,0,0
PBX_PE,D,20190711,000000,5.135,5.135,5.135,5.135,0,0
PBX_PE,D,20190712,000000,5.135,5.135,5.0363,5.0363,0,0
PBX_PE,D,20190715,000000,5.0363,5.0363,4.74,4.74,0,0
PBX_PE,D,20190716,000000,4.9375,5.0363,4.9375,5.0363,0,0
PBX_PE,D,20190717,000000,4.8388,4.8388,4.6413,4.8388,0,0
PBX_PE,D,20190718,000000,4.8388,4.9375,4.8388,4.9375,0,0
PBX_PE,D,20190722,000000,4.9375,4.9375,4.74,4.8388,0,0
PBX_PE,D,20190724,000000,4.74,4.74,4.74,4.74,0,0
PBX_PE,D,20190726,000000,4.8388,4.9375,4.74,4.9375,0,0
PBX_PE,D,20190729,000000,4.8388,4.9375,4.8388,4.9375,0,0
PBX_PE,D,20190730,000000,4.8388,4.9375,4.8388,4.9375,0,0
PBX_PE,D,20190731,000000,4.9375,5.0363,4.9375,4.9375,0,0
PBX_PE,D,20190801,000000,4.9375,5.0363,4.9375,5.0363,0,0
PBX_PE,D,20190805,000000,5.0363,5.135,5.0363,5.0363,0,0
PBX_PE,D,20190806,000000,4.9375,4.9375,4.8388,4.8388,0,0
PBX_PE,D,20190807,000000,4.74,4.8388,4.74,4.8388,0,0
PBX_PE,D,20190808,000000,5.0363,5.0363,4.9375,4.9375,0,0
PBX_PE,D,20190809,000000,4.9375,4.9375,4.9375,4.9375,0,0
PBX_PE,D,20190812,000000,4.8388,4.9375,4.74,4.8388,0,0
PBX_PE,D,20190814,000000,4.8388,4.9375,4.8388,4.8388,0,0
PBX_PE,D,20190819,000000,4.9375,4.9375,4.8388,4.8388,0,0
PBX_PE,D,20190820,000000,4.9375,4.9375,4.74,4.74,0,0
PBX_PE,D,20190821,000000,4.8388,4.8388,4.4438,4.4438,0,0
PBX_PE,D,20190822,000000,4.4438,4.4438,4.2463,4.2463,0,0
PBX_PE,D,20190823,000000,4.2463,4.2463,4.0488,4.2463,0,0
PBX_PE,D,20190826,000000,4.1475,4.1475,4.1475,4.1475,0,0
PBX_PE,D,20190827,000000,4.1475,4.1475,3.95,4.0488,0,0
PBX_PE,D,20190828,000000,3.95,4.2463,3.95,4.1475,0,0
PBX_PE,D,20190829,000000,4.2463,4.2463,4.0488,4.0488,0,0
PBX_PE,D,20190830,000000,4.1475,4.1475,3.95,4.1475,0,0
PBX_PE,D,20190902,000000,4.2463,4.2463,4.0488,4.0488,0,0
PBX_PE,D,20190903,000000,4.0488,4.0488,3.8513,4.0488,0,0
PBX_PE,D,20190904,000000,4.0488,4.0488,4.0488,4.0488,0,0
PBX_PE,D,20190905,000000,4.0488,4.0488,4.0488,4.0488,0,0
PBX_PE,D,20190906,000000,3.95,5.0363,3.8513,5.0363,0,0
PBX_PE,D,20190909,000000,5.0363,5.0363,4.74,4.74,0,0
PBX_PE,D,20190910,000000,4.74,4.74,4.5425,4.6413,0,0
PBX_PE,D,20190911,000000,4.6413,4.8388,4.6413,4.74,0,0
PBX_PE,D,20190912,000000,4.6413,4.74,4.5425,4.6413,0,0
PBX_PE,D,20190913,000000,4.74,4.74,4.5425,4.6413,0,0
PBX_PE,D,20190916,000000,4.6413,4.6413,4.5425,4.5425,0,0
PBX_PE,D,20190917,000000,4.5425,4.5425,4.4438,4.5425,0,0
PBX_PE,D,20190918,000000,4.5425,4.5425,4.4438,4.4438,0,0
PBX_PE,D,20190919,000000,4.4438,4.4438,4.345,4.4438,0,0
PBX_PE,D,20190920,000000,4.5425,4.5425,4.4438,4.5425,0,0
PBX_PE,D,20190923,000000,4.5425,4.5425,4.4438,4.5425,0,0
PBX_PE,D,20190925,000000,4.5425,4.5425,4.4438,4.5425,0,0
PBX_PE,D,20190926,000000,4.5425,4.6413,4.5425,4.6413,0,0
PBX_PE,D,20190927,000000,4.74,4.74,4.4438,4.4438,0,0
PBX_PE,D,20190930,000000,4.6413,4.6413,4.4438,4.4438,0,0
PBX_PE,D,20191001,000000,4.5425,4.6413,4.5425,4.6413,0,0
PBX_PE,D,20191002,000000,4.74,4.74,4.6413,4.6413,0,0
PBX_PE,D,20191003,000000,4.6413,4.6413,4.6413,4.6413,0,0
PBX_PE,D,20191004,000000,4.74,4.9375,4.6413,4.9375,0,0
PBX_PE,D,20191007,000000,4.9375,4.9375,4.8388,4.9375,0,0
PBX_PE,D,20191009,000000,4.9375,4.9375,4.9375,4.9375,0,0
PBX_PE,D,20191010,000000,4.9375,4.9375,4.74,4.74,0,0
PBX_PE,D,20191011,000000,4.8388,4.8388,4.8388,4.8388,0,0
PBX_PE,D,20191015,000000,5.0363,5.0363,4.8388,4.8388,0,0
PBX_PE,D,20191016,000000,4.8388,4.8388,4.8388,4.8388,0,0
PBX_PE,D,20191017,000000,4.8388,4.9375,4.8388,4.9375,0,0
PBX_PE,D,20191018,000000,4.9375,4.9375,4.9375,4.9375,0,0
PBX_PE,D,20191021,000000,4.8388,4.8388,4.8388,4.8388,0,0
PBX_PE,D,20191024,000000,4.9375,4.9375,4.8388,4.8388,0,0
PBX_PE,D,20191025,000000,4.9375,4.9375,4.74,4.9375,0,0
PBX_PE,D,20191028,000000,5.0363,5.0363,4.9375,4.9375,0,0
PBX_PE,D,20191029,000000,4.74,4.8388,4.74,4.8388,0,0
PBX_PE,D,20191030,000000,4.8388,4.9375,4.8388,4.9375,0,0
PBX_PE,D,20191031,000000,4.9375,4.9375,4.74,4.74,0,0
PBX_PE,D,20191104,000000,4.8388,4.8388,4.6413,4.8388,0,0
PBX_PE,D,20191105,000000,4.9375,4.9375,4.8388,4.9375,0,0
PBX_PE,D,20191106,000000,4.9375,4.9375,4.9375,4.9375,0,0
PBX_PE,D,20191107,000000,4.9375,4.9375,4.74,4.8388,0,0
PBX_PE,D,20191108,000000,4.8388,4.8388,4.74,4.8388,0,0
PBX_PE,D,20191112,000000,4.8388,4.8388,4.74,4.74,0,0
PBX_PE,D,20191113,000000,4.74,4.8388,4.6413,4.74,0,0
PBX_PE,D,20191114,000000,4.8388,4.8388,4.8388,4.8388,0,0
PBX_PE,D,20191115,000000,4.8388,4.8388,4.8388,4.8388,0,0
PBX_PE,D,20191118,000000,4.8388,4.9375,4.8388,4.9375,0,0
PBX_PE,D,20191119,000000,4.9375,5.135,4.9375,5.0363,0,0
PBX_PE,D,20191120,000000,5.135,5.135,5.0363,5.0363,0,0
PBX_PE,D,20191121,000000,5.0363,5.0363,4.8388,4.9375,0,0
PBX_PE,D,20191122,000000,5.2338,6.9125,5.0363,6.9125,0,0
PBX_PE,D,20191125,000000,7.0113,7.0113,6.715,6.8138,0,0
PBX_PE,D,20191126,000000,6.8138,6.9125,6.8138,6.9125,0,0
PBX_PE,D,20191127,000000,6.715,6.8138,6.715,6.8138,0,0
PBX_PE,D,20191128,000000,6.8138,6.9125,6.715,6.9125,0,0
PBX_PE,D,20191129,000000,6.8138,7.0113,6.8138,7.0113,0,0
PBX_PE,D,20191202,000000,7.0113,7.0113,6.9125,6.9125,0,0
PBX_PE,D,20191203,000000,6.9125,7.11,6.9125,7.11,0,0
PBX_PE,D,20191204,000000,7.11,7.3075,7.11,7.2088,0,0
PBX_PE,D,20191205,000000,7.3075,7.3075,7.3075,7.3075,0,0
PBX_PE,D,20191206,000000,7.11,7.11,7.11,7.11,0,0
PBX_PE,D,20191209,000000,7.3075,7.3075,7.11,7.3075,0,0
PBX_PE,D,20191210,000000,7.11,7.11,7.11,7.11,0,0
PBX_PE,D,20191211,000000,7.11,7.11,7.11,7.11,0,0
PBX_PE,D,20191212,000000,7.11,7.11,7.11,7.11,0,0
PBX_PE,D,20191213,000000,7.2088,7.3075,7.11,7.3075,0,0
PBX_PE,D,20191216,000000,7.11,7.3075,7.11,7.3075,0,0
PBX_PE,D,20191217,000000,7.3075,7.4063,7.2088,7.4063,0,0
PBX_PE,D,20191218,000000,7.4063,7.6038,7.2088,7.3075,0,0
PBX_PE,D,20191219,000000,7.3075,7.505,7.3075,7.3075,0,0
PBX_PE,D,20191220,000000,7.3075,7.505,7.2088,7.3075,0,0
PBX_PE,D,20191223,000000,7.3075,7.3075,7.11,7.11,0,0
PBX_PE,D,20191227,000000,7.2088,7.2088,7.11,7.11,0,0
PBX_PE,D,20191230,000000,7.11,7.3075,7.11,7.3075,0,0
PBX_PE,D,20200102,000000,7.505,7.8013,7.505,7.7025,0,0
PBX_PE,D,20200103,000000,7.6038,7.6038,7.2088,7.505,0,0
PBX_PE,D,20200107,000000,7.505,7.8013,7.505,7.6038,0,0
PBX_PE,D,20200108,000000,7.6038,7.6038,7.4063,7.505,0,0
PBX_PE,D,20200109,000000,7.505,7.7025,7.4063,7.6038,0,0
PBX_PE,D,20200110,000000,7.505,7.6038,7.4063,7.505,0,0
PBX_PE,D,20200113,000000,7.505,7.9,7.505,7.505,0,0
PBX_PE,D,20200114,000000,7.6038,7.9,7.6038,7.9,0,0
PBX_PE,D,20200115,000000,7.9,8.0975,7.9,8.0975,0,0
PBX_PE,D,20200116,000000,8.0975,8.3938,7.9988,7.9988,0,0
PBX_PE,D,20200117,000000,8.1963,8.7888,8.1963,8.7888,0,0
PBX_PE,D,20200120,000000,8.8875,8.9863,8.7888,8.8875,0,0
PBX_PE,D,20200121,000000,8.7888,8.8875,8.7888,8.8875,0,0
PBX_PE,D,20200122,000000,8.7888,8.7888,8.5913,8.7888,0,0
PBX_PE,D,20200123,000000,8.7888,8.7888,8.69,8.69,0,0
PBX_PE,D,20200124,000000,8.69,9.3813,8.69,9.1838,0,0
PBX_PE,D,20200127,000000,8.9863,8.9863,8.5913,8.7888,0,0
PBX_PE,D,20200128,000000,8.9863,9.2825,8.9863,9.2825,0,0
PBX_PE,D,20200129,000000,9.2825,9.3813,9.2825,9.2825,0,0
PBX_PE,D,20200130,000000,9.085,9.2825,9.085,9.1838,0,0
PBX_PE,D,20200131,000000,8.9863,9.1838,8.9863,9.085,0,0
PBX_PE,D,20200203,000000,9.1838,9.2825,9.1838,9.2825,0,0
PBX_PE,D,20200204,000000,9.1838,9.2825,9.085,9.085,0,0
PBX_PE,D,20200205,000000,9.1838,9.2825,8.9863,9.2825,0,0
PBX_PE,D,20200206,000000,9.085,9.1838,8.8875,9.1838,0,0
PBX_PE,D,20200207,000000,9.085,9.3813,9.085,9.2825,0,0
PBX_PE,D,20200210,000000,9.1838,9.3813,8.8875,8.9863,0,0
PBX_PE,D,20200211,000000,8.8875,8.8875,8.4925,8.8875,0,0
PBX_PE,D,20200212,000000,8.69,8.9863,8.69,8.9863,0,0
PBX_PE,D,20200213,000000,8.7888,9.1838,8.7888,9.1838,0,0
PBX_PE,D,20200214,000000,8.9863,9.085,8.7888,9.085,0,0
PBX_PE,D,20200217,000000,9.085,9.085,8.69,8.69,0,0
PBX_PE,D,20200218,000000,8.8875,8.8875,8.7888,8.7888,0,0
PBX_PE,D,20200219,000000,8.8875,8.8875,8.4925,8.5913,0,0
PBX_PE,D,20200220,000000,8.8875,8.8875,8.5913,8.69,0,0
PBX_PE,D,20200221,000000,8.5913,8.69,8.5913,8.69,0,0
PBX_PE,D,20200224,000000,8.4925,8.4925,7.6038,8.295,0,0
PBX_PE,D,20200225,000000,8.295,8.5913,8.1963,8.295,0,0
PBX_PE,D,20200226,000000,7.9988,8.4925,7.7025,8.4925,0,0
PBX_PE,D,20200227,000000,7.9,8.295,7.7025,7.7025,0,0
PBX_PE,D,20200228,000000,7.7025,7.8013,7.3075,7.8013,0,0
PBX_PE,D,20200302,000000,7.8013,7.9,7.11,7.7025,0,0
PBX_PE,D,20200303,000000,7.505,7.9,7.505,7.9,0,0
PBX_PE,D,20200304,000000,7.6038,7.9,7.6038,7.9,0,0
PBX_PE,D,20200305,000000,7.7025,7.7025,7.7025,7.7025,0,0
PBX_PE,D,20200306,000000,7.3075,7.9,7.3075,7.9,0,0
PBX_PE,D,20200309,000000,7.2088,7.4063,7.11,7.3075,0,0
PBX_PE,D,20200310,000000,7.4063,7.6038,7.4063,7.6038,0,0
PBX_PE,D,20200311,000000,7.3075,7.3075,7.0113,7.11,0,0
PBX_PE,D,20200312,000000,6.32,6.6163,5.8263,6.6163,0,0
PBX_PE,D,20200313,000000,6.2213,6.715,6.2213,6.6163,0,0
PBX_PE,D,20200316,000000,5.8263,6.4188,5.8263,6.32,0,0
PBX_PE,D,20200317,000000,6.32,6.6163,6.1225,6.5175,0,0
PBX_PE,D,20200318,000000,6.5175,6.5175,6.2213,6.32,0,0
PBX_PE,D,20200319,000000,6.4188,6.6163,5.925,5.925,0,0
PBX_PE,D,20200320,000000,6.2213,6.32,5.53,5.53,0,0
PBX_PE,D,20200323,000000,5.7275,5.7275,5.135,5.53,0,0
PBX_PE,D,20200324,000000,5.925,5.925,5.53,5.6288,0,0
PBX_PE,D,20200325,000000,5.8263,5.8263,5.3325,5.3325,0,0
PBX_PE,D,20200326,000000,5.6288,5.925,5.4313,5.925,0,0
PBX_PE,D,20200327,000000,5.8263,5.8263,5.53,5.6288,0,0
PBX_PE,D,20200330,000000,5.7275,5.7275,5.3325,5.53,0,0
PBX_PE,D,20200331,000000,5.6288,5.8263,5.53,5.8263,0,0
PBX_PE,D,20200401,000000,5.7275,5.7275,5.53,5.53,0,0
PBX_PE,D,20200402,000000,5.53,5.53,5.53,5.53,0,0
PBX_PE,D,20200403,000000,5.53,5.6288,5.3325,5.53,0,0
PBX_PE,D,20200406,000000,5.53,5.7275,5.4313,5.53,0,0
PBX_PE,D,20200407,000000,5.53,6.0238,5.53,5.7275,0,0
PBX_PE,D,20200408,000000,5.925,5.925,5.53,5.7275,0,0
PBX_PE,D,20200409,000000,5.925,6.0238,5.7275,5.925,0,0
PBX_PE,D,20200414,000000,5.925,6.4188,5.925,6.2213,0,0
PBX_PE,D,20200415,000000,6.32,6.32,6.1225,6.2213,0,0
PBX_PE,D,20200416,000000,6.2213,6.6163,6.2213,6.6163,0,0
PBX_PE,D,20200417,000000,6.32,6.6163,6.32,6.6163,0,0
PBX_PE,D,20200420,000000,6.6163,6.9125,6.6163,6.9125,0,0
PBX_PE,D,20200421,000000,7.11,7.11,6.32,6.6163,0,0
PBX_PE,D,20200422,000000,6.5175,6.715,6.32,6.715,0,0
PBX_PE,D,20200423,000000,6.5175,6.715,6.32,6.715,0,0
PBX_PE,D,20200424,000000,6.715,7.6038,6.715,7.505,0,0
PBX_PE,D,20200427,000000,7.6038,7.9988,7.2088,7.9,0,0
PBX_PE,D,20200428,000000,7.7025,7.8013,7.4063,7.505,0,0
PBX_PE,D,20200429,000000,7.505,7.505,7.2088,7.3075,0,0
PBX_PE,D,20200430,000000,7.3075,7.6038,7.2088,7.6038,0,0
PBX_PE,D,20200504,000000,7.8013,7.8013,7.6038,7.6038,0,0
PBX_PE,D,20200505,000000,7.6038,7.6038,7.505,7.505,0,0
PBX_PE,D,20200506,000000,7.505,7.505,7.3075,7.505,0,0
PBX_PE,D,20200507,000000,7.3075,7.9988,7.2088,7.8013,0,0
PBX_PE,D,20200508,000000,7.8013,7.8013,7.505,7.505,0,0
PBX_PE,D,20200511,000000,7.7025,7.7025,7.2088,7.4063,0,0
PBX_PE,D,20200512,000000,7.4063,7.9,7.4063,7.9,0,0
PBX_PE,D,20200513,000000,7.6038,7.9,7.6038,7.9,0,0
PBX_PE,D,20200514,000000,7.7025,7.7025,7.6038,7.6038,0,0
PBX_PE,D,20200515,000000,7.6038,7.9,7.4063,7.8013,0,0
PBX_PE,D,20200518,000000,7.505,7.8013,7.4063,7.7025,0,0
PBX_PE,D,20200519,000000,7.8013,7.8013,7.505,7.505,0,0
PBX_PE,D,20200520,000000,7.505,7.6038,7.505,7.6038,0,0
PBX_PE,D,20200521,000000,7.8013,7.8013,7.7025,7.8013,0,0
PBX_PE,D,20200522,000000,8.1963,8.3938,6.9125,6.9125,0,0
PBX_PE,D,20200525,000000,6.9125,7.0113,6.6163,7.0113,0,0
PBX_PE,D,20200526,000000,7.0113,7.0113,6.8138,7.0113,0,0
PBX_PE,D,20200527,000000,7.0113,7.11,6.8138,7.0113,0,0
PBX_PE,D,20200528,000000,6.9125,7.2088,6.9125,7.11,0,0
PBX_PE,D,20200529,000000,7.11,7.11,7.0113,7.11,0,0
PBX_PE,D,20200601,000000,7.11,7.11,6.9125,6.9125,0,0
PBX_PE,D,20200602,000000,6.9125,7.11,6.715,6.9125,0,0
PBX_PE,D,20200603,000000,6.9125,7.0113,6.9125,6.9125,0,0
PBX_PE,D,20200604,000000,6.9125,7.3075,6.9125,7.2088,0,0
PBX_PE,D,20200605,000000,7.3075,7.6038,7.2088,7.6038,0,0
PBX_PE,D,20200608,000000,7.6038,7.9988,7.11,7.9988,0,0
PBX_PE,D,20200609,000000,7.9988,8.1963,7.9988,8.0975,0,0
PBX_PE,D,20200610,000000,7.8013,7.9988,7.4063,7.9988,0,0
PBX_PE,D,20200612,000000,7.4063,7.7025,7.4063,7.505,0,0
PBX_PE,D,20200615,000000,7.6038,7.6038,7.3075,7.6038,0,0
PBX_PE,D,20200616,000000,7.7025,7.9,7.505,7.9,0,0
PBX_PE,D,20200617,000000,7.7025,7.9,7.7025,7.8013,0,0
PBX_PE,D,20200618,000000,7.6038,7.9,7.6038,7.9,0,0
PBX_PE,D,20200619,000000,7.6038,7.9,7.6038,7.6038,0,0
PBX_PE,D,20200622,000000,7.6038,7.7025,7.6038,7.7025,0,0
PBX_PE,D,20200623,000000,7.6038,7.9,7.6038,7.9,0,0
PBX_PE,D,20200624,000000,7.8013,7.8013,7.6038,7.6038,0,0
PBX_PE,D,20200625,000000,7.505,7.8013,7.505,7.8013,0,0
PBX_PE,D,20200626,000000,7.7025,7.9,7.7025,7.8013,0,0
PBX_PE,D,20200629,000000,7.7025,7.7025,7.505,7.7025,0,0
PBX_PE,D,20200630,000000,7.7025,7.7025,7.6038,7.6038,0,0
PBX_PE,D,20200701,000000,7.6038,7.6038,7.6038,7.6038,0,0
PBX_PE,D,20200702,000000,7.6038,7.6038,7.505,7.6038,0,0
PBX_PE,D,20200703,000000,7.6038,7.6038,7.505,7.505,0,0
PBX_PE,D,20200706,000000,7.505,7.7025,7.505,7.7025,0,0
PBX_PE,D,20200707,000000,7.6038,7.7025,7.505,7.7025,0,0
PBX_PE,D,20200708,000000,7.6038,7.9,7.6038,7.9,0,0
PBX_PE,D,20200709,000000,7.9,7.9988,7.8013,7.9,0,0
PBX_PE,D,20200710,000000,7.9988,8.0975,7.9988,7.9988,0,0
PBX_PE,D,20200713,000000,7.9988,7.9988,7.8013,7.9,0,0
PBX_PE,D,20200714,000000,7.8013,8.0975,7.8013,8.0975,0,0
PBX_PE,D,20200715,000000,7.9988,8.0975,7.9988,7.9988,0,0
PBX_PE,D,20200716,000000,7.9988,8.0975,7.8013,8.0975,0,0
PBX_PE,D,20200717,000000,7.9,8.0975,7.9,8.0975,0,0
PBX_PE,D,20200720,000000,7.9988,8.0975,7.9988,8.0975,0,0
PBX_PE,D,20200721,000000,8.0975,8.1963,7.9988,7.9988,0,0
PBX_PE,D,20200722,000000,7.9988,8.4925,7.9,8.0975,0,0
PBX_PE,D,20200723,000000,8.1963,8.295,8.1963,8.295,0,0
PBX_PE,D,20200724,000000,8.295,8.295,7.9,7.9,0,0
PBX_PE,D,20200727,000000,8.1,8.1,7.8,7.9,0,0
PBX_PE,D,20200728,000000,7.9,8.1,7.8,7.9,0,0
PBX_PE,D,20200729,000000,7.8,7.9,7.7,7.9,0,0
PBX_PE,D,20200730,000000,7.7,8,7.4,7.6,0,0
PBX_PE,D,20200731,000000,7.6,7.9,7.6,7.9,0,0
PBX_PE,D,20200803,000000,8,8,7.9,8,0,0
PBX_PE,D,20200804,000000,7.9,8,7.8,7.9,0,0
PBX_PE,D,20200805,000000,7.9,8.1,7.9,8,0,0
PBX_PE,D,20200806,000000,7.9,8,7.9,7.9,0,0
PBX_PE,D,20200807,000000,7.9,8,7.8,8,0,0
PBX_PE,D,20200810,000000,8,8.3,8,8.2,0,0
PBX_PE,D,20200811,000000,8.3,8.6,8.2,8.4,0,0
PBX_PE,D,20200812,000000,8.3,8.3,7.9,8,0,0
PBX_PE,D,20200813,000000,8,8,7.9,8,0,0
PBX_PE,D,20200814,000000,7.9,8,7.7,8,0,0
PBX_PE,D,20200817,000000,7.9,8,7.9,7.9,0,0
PBX_PE,D,20200818,000000,7.9,7.9,7.8,7.8,0,0
PBX_PE,D,20200819,000000,7.8,8,7.8,7.8,0,0
PBX_PE,D,20200820,000000,7.9,8.2,7.8,8.2,0,0
PBX_PE,D,20200821,000000,8.2,8.3,8.2,8.2,0,0
