<TICKER>,<PER>,<DATE>,<TIME>,<OPEN>,<HIGH>,<LOW>,<CLOSE>,<VOL>,<OPENINT>
PCR_PE,D,20140625,000000,7.4296,7.4296,7.4296,7.4296,0,0
PCR_PE,D,20140626,000000,6.8729,7.7389,6.8729,7.7389,0,0
PCR_PE,D,20140627,000000,7.7389,7.8016,7.7389,7.7389,0,0
PCR_PE,D,20140630,000000,7.7389,7.8629,7.7389,7.8016,0,0
PCR_PE,D,20140701,000000,7.8016,7.8016,7.7389,7.7389,0,0
PCR_PE,D,20140702,000000,7.8016,7.8016,7.6158,7.6158,0,0
PCR_PE,D,20140703,000000,7.6158,7.6158,7.5539,7.6158,0,0
PCR_PE,D,20140704,000000,7.6158,7.8629,7.6158,7.8629,0,0
PCR_PE,D,20140707,000000,7.8629,7.8629,7.6158,7.6158,0,0
PCR_PE,D,20140708,000000,7.6158,7.6158,7.6158,7.6158,0,0
PCR_PE,D,20140709,000000,7.6158,7.6158,7.5539,7.6158,0,0
PCR_PE,D,20140710,000000,7.6158,7.6158,7.5539,7.5539,0,0
PCR_PE,D,20140711,000000,7.5539,7.5539,7.5539,7.5539,0,0
PCR_PE,D,20140714,000000,7.6158,7.6158,7.5539,7.5539,0,0
PCR_PE,D,20140715,000000,7.492,7.6158,7.492,7.6158,0,0
PCR_PE,D,20140716,000000,7.6158,7.6158,7.5539,7.5539,0,0
PCR_PE,D,20140717,000000,7.5539,7.5539,7.492,7.5539,0,0
PCR_PE,D,20140718,000000,7.4296,7.492,7.4296,7.492,0,0
PCR_PE,D,20140721,000000,7.5539,7.5539,7.492,7.492,0,0
PCR_PE,D,20140722,000000,7.492,7.5539,7.492,7.5539,0,0
PCR_PE,D,20140723,000000,7.5539,7.5539,7.492,7.492,0,0
PCR_PE,D,20140725,000000,7.5539,7.5539,7.4296,7.4296,0,0
PCR_PE,D,20140728,000000,7.492,7.5539,7.492,7.5539,0,0
PCR_PE,D,20140729,000000,7.5539,7.5539,7.5539,7.5539,0,0
PCR_PE,D,20140730,000000,7.5539,7.5539,7.5539,7.5539,0,0
PCR_PE,D,20140731,000000,7.5539,7.5539,7.5539,7.5539,0,0
PCR_PE,D,20140801,000000,7.5539,8.1728,7.492,8.1728,0,0
PCR_PE,D,20140804,000000,8.1728,8.1728,8.1728,8.1728,0,0
PCR_PE,D,20140805,000000,8.1728,8.1728,8.111,8.1728,0,0
PCR_PE,D,20140806,000000,8.1728,8.1728,8.0485,8.0485,0,0
PCR_PE,D,20140807,000000,7.9867,8.0485,7.9255,8.0485,0,0
PCR_PE,D,20140808,000000,8.0485,8.0485,7.9255,8.0485,0,0
PCR_PE,D,20140811,000000,7.9867,8.111,7.9867,8.111,0,0
PCR_PE,D,20140812,000000,8.111,8.111,8.0485,8.111,0,0
PCR_PE,D,20140813,000000,8.111,8.111,8.0485,8.111,0,0
PCR_PE,D,20140814,000000,8.1728,8.1728,8.111,8.111,0,0
PCR_PE,D,20140818,000000,8.111,8.111,8.111,8.111,0,0
PCR_PE,D,20140819,000000,8.0485,8.111,8.0485,8.111,0,0
PCR_PE,D,20140820,000000,8.111,8.111,8.0485,8.0485,0,0
PCR_PE,D,20140821,000000,8.111,8.111,8.0485,8.111,0,0
PCR_PE,D,20140822,000000,8.111,8.111,8.0485,8.0485,0,0
PCR_PE,D,20140825,000000,8.111,8.111,8.111,8.111,0,0
PCR_PE,D,20140826,000000,8.111,8.111,8.0485,8.111,0,0
PCR_PE,D,20140827,000000,8.111,8.111,8.0485,8.111,0,0
PCR_PE,D,20140828,000000,8.111,8.1728,7.5539,8.1728,0,0
PCR_PE,D,20140829,000000,8.1728,8.2971,8.0485,8.2971,0,0
PCR_PE,D,20140901,000000,8.2971,8.2971,8.0485,8.0485,0,0
PCR_PE,D,20140902,000000,8.111,8.1728,7.9867,8.1728,0,0
PCR_PE,D,20140903,000000,8.1728,8.4212,8.111,8.4212,0,0
PCR_PE,D,20140904,000000,8.4212,8.4212,8.3587,8.3587,0,0
PCR_PE,D,20140905,000000,8.3587,8.3587,8.3587,8.3587,0,0
PCR_PE,D,20140908,000000,8.1728,8.3587,8.1728,8.3587,0,0
PCR_PE,D,20140909,000000,8.4212,8.4212,8.2353,8.3587,0,0
PCR_PE,D,20140910,000000,8.3587,8.3587,8.2353,8.3587,0,0
PCR_PE,D,20140911,000000,8.3587,8.3587,8.2353,8.2971,0,0
PCR_PE,D,20140912,000000,8.2971,8.2971,8.1728,8.1728,0,0
PCR_PE,D,20140915,000000,8.2353,8.2353,8.1728,8.1728,0,0
PCR_PE,D,20140916,000000,8.2353,8.2353,8.111,8.2353,0,0
PCR_PE,D,20140917,000000,8.2353,8.2353,8.1728,8.2353,0,0
PCR_PE,D,20140918,000000,8.1728,8.1728,8.1728,8.1728,0,0
PCR_PE,D,20140919,000000,8.111,8.2971,8.111,8.2971,0,0
PCR_PE,D,20140922,000000,8.1728,8.3587,8.1728,8.3587,0,0
PCR_PE,D,20140923,000000,8.3587,8.3587,8.3587,8.3587,0,0
PCR_PE,D,20140924,000000,8.3587,8.3587,8.2353,8.2353,0,0
PCR_PE,D,20140925,000000,8.2353,8.3587,8.2353,8.3587,0,0
PCR_PE,D,20140926,000000,8.3587,8.3587,8.3587,8.3587,0,0
PCR_PE,D,20140929,000000,8.3587,8.3587,8.2971,8.3587,0,0
PCR_PE,D,20140930,000000,8.3587,8.3587,8.3587,8.3587,0,0
PCR_PE,D,20141001,000000,8.2353,8.2353,8.2353,8.2353,0,0
PCR_PE,D,20141002,000000,8.2353,8.6063,8.2353,8.5447,0,0
PCR_PE,D,20141003,000000,8.5447,8.5447,8.4212,8.5447,0,0
PCR_PE,D,20141006,000000,8.5447,8.7306,8.5447,8.7306,0,0
PCR_PE,D,20141007,000000,8.7306,8.7306,8.669,8.669,0,0
PCR_PE,D,20141008,000000,8.669,8.669,8.669,8.669,0,0
PCR_PE,D,20141009,000000,8.669,8.669,8.6063,8.669,0,0
PCR_PE,D,20141010,000000,8.669,8.669,8.6063,8.669,0,0
PCR_PE,D,20141013,000000,8.669,8.669,8.669,8.669,0,0
PCR_PE,D,20141014,000000,8.669,8.669,8.5447,8.669,0,0
PCR_PE,D,20141015,000000,8.669,8.669,8.6063,8.6063,0,0
PCR_PE,D,20141016,000000,8.669,8.669,8.6063,8.669,0,0
PCR_PE,D,20141017,000000,8.669,8.669,8.669,8.669,0,0
PCR_PE,D,20141020,000000,8.669,8.7306,8.6063,8.7306,0,0
PCR_PE,D,20141021,000000,8.7306,8.7306,8.669,8.7306,0,0
PCR_PE,D,20141022,000000,8.7306,8.7306,8.6063,8.7306,0,0
PCR_PE,D,20141023,000000,8.7306,8.7306,8.669,8.7306,0,0
PCR_PE,D,20141024,000000,8.7306,8.7924,8.7306,8.7306,0,0
PCR_PE,D,20141027,000000,8.7306,8.7924,8.7306,8.7924,0,0
PCR_PE,D,20141028,000000,8.7924,8.7924,8.7306,8.7924,0,0
PCR_PE,D,20141029,000000,8.7924,8.7924,8.669,8.7306,0,0
PCR_PE,D,20141030,000000,8.7306,8.7306,8.5447,8.7306,0,0
PCR_PE,D,20141031,000000,8.7306,8.7924,8.7306,8.7306,0,0
PCR_PE,D,20141103,000000,8.7306,8.7306,8.5447,8.669,0,0
PCR_PE,D,20141104,000000,8.7306,8.7306,8.7306,8.7306,0,0
PCR_PE,D,20141105,000000,8.6063,8.7306,8.6063,8.7306,0,0
PCR_PE,D,20141106,000000,8.7306,8.7306,8.7306,8.7306,0,0
PCR_PE,D,20141107,000000,8.7306,8.7306,8.7306,8.7306,0,0
PCR_PE,D,20141110,000000,8.7306,8.7306,8.7306,8.7306,0,0
PCR_PE,D,20141112,000000,8.7306,8.7306,8.669,8.7306,0,0
PCR_PE,D,20141113,000000,8.7306,8.8544,8.669,8.7924,0,0
PCR_PE,D,20141114,000000,8.7924,8.7924,8.6063,8.669,0,0
PCR_PE,D,20141117,000000,8.669,8.7924,8.669,8.7924,0,0
PCR_PE,D,20141118,000000,8.7924,8.7924,8.7306,8.7306,0,0
PCR_PE,D,20141119,000000,8.7306,8.8544,8.7306,8.7924,0,0
PCR_PE,D,20141120,000000,8.8544,8.8544,8.7924,8.7924,0,0
PCR_PE,D,20141121,000000,8.7924,8.7924,8.669,8.7924,0,0
PCR_PE,D,20141124,000000,8.7306,8.7924,8.7306,8.7924,0,0
PCR_PE,D,20141125,000000,8.7924,8.7924,7.1205,7.1205,0,0
PCR_PE,D,20141126,000000,7.1825,7.1825,7.0586,7.1825,0,0
PCR_PE,D,20141127,000000,7.1825,7.1825,7.1825,7.1825,0,0
PCR_PE,D,20141128,000000,7.1825,7.1825,7.1205,7.1825,0,0
PCR_PE,D,20141201,000000,7.1825,7.1825,7.1205,7.1825,0,0
PCR_PE,D,20141202,000000,7.1825,7.1825,7.1205,7.1825,0,0
PCR_PE,D,20141203,000000,7.1825,7.2445,7.1205,7.2445,0,0
PCR_PE,D,20141204,000000,7.2445,7.2445,7.2445,7.2445,0,0
PCR_PE,D,20141205,000000,7.2445,7.2445,7.1205,7.2445,0,0
PCR_PE,D,20141208,000000,7.2445,7.2445,7.2445,7.2445,0,0
PCR_PE,D,20141209,000000,7.2445,7.3684,7.1825,7.3684,0,0
PCR_PE,D,20141210,000000,7.3684,7.6158,7.3684,7.3684,0,0
PCR_PE,D,20141211,000000,7.3684,7.3684,7.2445,7.3064,0,0
PCR_PE,D,20141212,000000,7.3684,7.3684,7.3684,7.3684,0,0
PCR_PE,D,20141215,000000,7.3684,7.3684,7.3064,7.3684,0,0
PCR_PE,D,20141216,000000,7.3684,7.3684,7.1205,7.3684,0,0
PCR_PE,D,20141217,000000,7.3684,7.6158,7.3684,7.6158,0,0
PCR_PE,D,20141218,000000,7.6158,7.8016,7.4296,7.7389,0,0
PCR_PE,D,20141219,000000,7.7389,7.8629,7.6158,7.8629,0,0
PCR_PE,D,20141222,000000,7.8629,7.8629,7.7389,7.8629,0,0
PCR_PE,D,20141223,000000,7.8629,7.8629,7.6777,7.8629,0,0
PCR_PE,D,20141229,000000,7.8629,8.0485,7.8016,8.0485,0,0
PCR_PE,D,20141230,000000,8.0485,8.0485,7.9867,8.0485,0,0
PCR_PE,D,20150102,000000,8.0485,8.1728,7.9867,7.9867,0,0
PCR_PE,D,20150105,000000,7.9867,8.111,7.9867,7.9867,0,0
PCR_PE,D,20150107,000000,8.0485,8.0485,8.0485,8.0485,0,0
PCR_PE,D,20150108,000000,8.111,8.1728,8.0485,8.111,0,0
PCR_PE,D,20150109,000000,8.111,8.1728,8.0485,8.1728,0,0
PCR_PE,D,20150112,000000,8.111,8.1728,7.9867,7.9867,0,0
PCR_PE,D,20150113,000000,7.9867,8.111,7.9867,8.111,0,0
PCR_PE,D,20150114,000000,7.9867,8.111,7.9867,8.111,0,0
PCR_PE,D,20150115,000000,8.0485,8.0485,7.9255,8.0485,0,0
PCR_PE,D,20150116,000000,7.9867,8.0485,7.9867,8.0485,0,0
PCR_PE,D,20150119,000000,8.0485,8.0485,7.8629,7.9867,0,0
PCR_PE,D,20150120,000000,7.9867,7.9867,7.6158,7.8016,0,0
PCR_PE,D,20150121,000000,7.8016,7.8629,7.8016,7.8629,0,0
PCR_PE,D,20150122,000000,7.9255,7.9255,7.9255,7.9255,0,0
PCR_PE,D,20150123,000000,7.8629,7.9867,7.8016,7.9867,0,0
PCR_PE,D,20150126,000000,7.9867,7.9867,7.8629,7.9255,0,0
PCR_PE,D,20150127,000000,7.9255,7.9255,7.8016,7.8016,0,0
PCR_PE,D,20150128,000000,7.8016,7.9255,7.8016,7.8629,0,0
PCR_PE,D,20150129,000000,7.8629,7.8629,7.8016,7.8629,0,0
PCR_PE,D,20150130,000000,7.8016,7.8629,7.7389,7.8016,0,0
PCR_PE,D,20150202,000000,7.9867,7.9867,7.9255,7.9255,0,0
PCR_PE,D,20150203,000000,7.9867,8.0485,7.9255,7.9867,0,0
PCR_PE,D,20150204,000000,7.9867,8.1728,7.9867,7.9867,0,0
PCR_PE,D,20150205,000000,8.0485,8.0485,7.9867,7.9867,0,0
PCR_PE,D,20150206,000000,7.9867,8.0485,7.8629,8.0485,0,0
PCR_PE,D,20150209,000000,8.0485,8.0485,7.9867,7.9867,0,0
PCR_PE,D,20150210,000000,7.9867,7.9867,7.9867,7.9867,0,0
PCR_PE,D,20150211,000000,8.0485,8.0485,7.9867,7.9867,0,0
PCR_PE,D,20150212,000000,7.9867,7.9867,7.9255,7.9867,0,0
PCR_PE,D,20150213,000000,7.9867,7.9867,7.9255,7.9867,0,0
PCR_PE,D,20150216,000000,7.9867,7.9867,7.9255,7.9867,0,0
PCR_PE,D,20150217,000000,7.9867,7.9867,7.9867,7.9867,0,0
PCR_PE,D,20150218,000000,7.9867,7.9867,7.9867,7.9867,0,0
PCR_PE,D,20150219,000000,7.9867,7.9867,7.9255,7.9867,0,0
PCR_PE,D,20150220,000000,7.9255,7.9867,7.9255,7.9867,0,0
PCR_PE,D,20150223,000000,7.9867,7.9867,7.9255,7.9867,0,0
PCR_PE,D,20150224,000000,7.9867,7.9867,7.9255,7.9867,0,0
PCR_PE,D,20150225,000000,8.0485,8.0485,7.9867,7.9867,0,0
PCR_PE,D,20150226,000000,8.0485,8.0485,8.0485,8.0485,0,0
PCR_PE,D,20150227,000000,7.9867,7.9867,7.9867,7.9867,0,0
PCR_PE,D,20150302,000000,7.9867,7.9867,7.9255,7.9867,0,0
PCR_PE,D,20150303,000000,7.9255,7.9867,7.9255,7.9867,0,0
PCR_PE,D,20150304,000000,7.9867,7.9867,7.9867,7.9867,0,0
PCR_PE,D,20150305,000000,7.9867,7.9867,7.9867,7.9867,0,0
PCR_PE,D,20150306,000000,7.9867,8.111,7.9867,7.9867,0,0
PCR_PE,D,20150309,000000,7.9867,8.111,7.9255,8.111,0,0
PCR_PE,D,20150310,000000,8.1728,8.1728,8.0485,8.0485,0,0
PCR_PE,D,20150311,000000,7.9867,8.111,7.9867,8.111,0,0
PCR_PE,D,20150312,000000,8.111,8.1728,8.0485,8.1728,0,0
PCR_PE,D,20150313,000000,8.1728,8.2353,8.111,8.2353,0,0
PCR_PE,D,20150316,000000,8.2353,8.4212,8.2353,8.4212,0,0
PCR_PE,D,20150317,000000,8.4212,8.669,8.4212,8.5447,0,0
PCR_PE,D,20150318,000000,8.6063,8.6063,8.4212,8.4212,0,0
PCR_PE,D,20150319,000000,8.483,8.5447,6.996,6.996,0,0
PCR_PE,D,20150320,000000,7.0586,7.1825,6.9348,7.1825,0,0
PCR_PE,D,20150323,000000,7.1825,7.1825,7.0586,7.1205,0,0
PCR_PE,D,20150324,000000,7.1205,7.1825,7.0586,7.1825,0,0
PCR_PE,D,20150325,000000,7.1825,7.1825,7.1825,7.1825,0,0
PCR_PE,D,20150326,000000,7.1825,7.1825,6.996,6.996,0,0
PCR_PE,D,20150327,000000,6.996,6.996,6.8729,6.9348,0,0
PCR_PE,D,20150330,000000,6.9348,7.0586,6.9348,6.9348,0,0
PCR_PE,D,20150331,000000,6.9348,6.996,6.9348,6.9348,0,0
PCR_PE,D,20150401,000000,6.9348,6.9348,6.9348,6.9348,0,0
PCR_PE,D,20150402,000000,7.1825,7.3064,7.1205,7.1825,0,0
PCR_PE,D,20150407,000000,7.3684,7.3684,7.1205,7.1205,0,0
PCR_PE,D,20150408,000000,7.2445,7.2445,7.1205,7.2445,0,0
PCR_PE,D,20150409,000000,7.2445,7.2445,7.1825,7.1825,0,0
PCR_PE,D,20150410,000000,7.1825,7.3064,7.1825,7.2445,0,0
PCR_PE,D,20150413,000000,7.3064,7.3684,7.3064,7.3684,0,0
PCR_PE,D,20150414,000000,7.3684,7.4296,7.3684,7.4296,0,0
PCR_PE,D,20150415,000000,7.4296,7.5539,7.4296,7.5539,0,0
PCR_PE,D,20150416,000000,7.5539,7.5539,7.4296,7.492,0,0
PCR_PE,D,20150417,000000,7.492,7.5539,7.4296,7.492,0,0
PCR_PE,D,20150420,000000,7.492,7.5539,7.492,7.5539,0,0
PCR_PE,D,20150421,000000,7.5539,7.7389,7.5539,7.5539,0,0
PCR_PE,D,20150422,000000,7.6777,7.6777,7.5539,7.5539,0,0
PCR_PE,D,20150423,000000,7.5539,7.6158,7.5539,7.6158,0,0
PCR_PE,D,20150424,000000,7.6158,7.7389,7.5539,7.5539,0,0
PCR_PE,D,20150427,000000,7.6777,7.7389,7.6158,7.6777,0,0
PCR_PE,D,20150428,000000,7.6777,7.7389,7.6777,7.7389,0,0
PCR_PE,D,20150429,000000,7.7389,8.0485,7.7389,7.7389,0,0
PCR_PE,D,20150430,000000,7.7389,7.8629,7.7389,7.7389,0,0
PCR_PE,D,20150504,000000,7.7389,7.8629,7.7389,7.7389,0,0
PCR_PE,D,20150505,000000,7.7389,7.8016,7.7389,7.8016,0,0
PCR_PE,D,20150506,000000,7.8016,7.8629,7.8016,7.8016,0,0
PCR_PE,D,20150507,000000,7.8016,7.8629,7.6777,7.8016,0,0
PCR_PE,D,20150508,000000,7.8016,7.9867,7.8016,7.9255,0,0
PCR_PE,D,20150511,000000,7.9867,7.9867,7.8629,7.9255,0,0
PCR_PE,D,20150512,000000,8.1736,8.1736,7.7726,7.8392,0,0
PCR_PE,D,20150513,000000,7.7726,8.7103,7.4375,8.7103,0,0
PCR_PE,D,20150514,000000,8.6427,8.7103,8.6427,8.7103,0,0
PCR_PE,D,20150515,000000,8.7771,8.9102,8.7103,8.8442,0,0
PCR_PE,D,20150518,000000,8.7103,8.7771,8.7103,8.7103,0,0
PCR_PE,D,20150519,000000,8.7103,8.8442,8.7103,8.8442,0,0
PCR_PE,D,20150520,000000,8.7771,8.8442,8.7103,8.8442,0,0
PCR_PE,D,20150521,000000,8.7771,8.8442,8.7771,8.7771,0,0
PCR_PE,D,20150522,000000,8.7771,8.7771,8.7103,8.7771,0,0
PCR_PE,D,20150525,000000,8.7771,8.9781,8.7771,8.9102,0,0
PCR_PE,D,20150526,000000,8.9102,8.9781,8.7103,8.7103,0,0
PCR_PE,D,20150527,000000,8.8442,8.8442,8.7103,8.7771,0,0
PCR_PE,D,20150528,000000,8.7771,8.8442,8.7771,8.7771,0,0
PCR_PE,D,20150529,000000,8.8442,8.8442,8.7771,8.8442,0,0
PCR_PE,D,20150601,000000,8.8442,8.9102,8.8442,8.8442,0,0
PCR_PE,D,20150602,000000,8.8442,8.9781,8.8442,8.9102,0,0
PCR_PE,D,20150603,000000,8.9102,8.9102,8.8442,8.9102,0,0
PCR_PE,D,20150605,000000,8.8442,8.9102,8.7771,8.9102,0,0
PCR_PE,D,20150608,000000,8.9102,8.9102,8.6427,8.7771,0,0
PCR_PE,D,20150609,000000,8.7771,8.7771,8.6427,8.6427,0,0
PCR_PE,D,20150610,000000,8.7103,8.7771,8.6427,8.6427,0,0
PCR_PE,D,20150611,000000,8.6427,8.6427,8.6427,8.6427,0,0
PCR_PE,D,20150612,000000,8.6427,8.7103,8.6427,8.6427,0,0
PCR_PE,D,20150615,000000,8.7103,8.7103,8.6427,8.6427,0,0
PCR_PE,D,20150616,000000,8.6427,8.6427,8.5759,8.5759,0,0
PCR_PE,D,20150617,000000,8.5759,8.6427,8.4425,8.4425,0,0
PCR_PE,D,20150618,000000,8.4425,8.4425,8.2413,8.308,0,0
PCR_PE,D,20150619,000000,8.308,8.3757,8.308,8.308,0,0
PCR_PE,D,20150622,000000,8.308,8.5759,8.308,8.5759,0,0
PCR_PE,D,20150623,000000,8.5759,8.5759,8.4425,8.5759,0,0
PCR_PE,D,20150624,000000,8.5759,8.6427,8.5091,8.6427,0,0
PCR_PE,D,20150625,000000,8.6427,8.7103,8.6427,8.7103,0,0
PCR_PE,D,20150626,000000,8.7103,8.7103,8.5759,8.7103,0,0
PCR_PE,D,20150629,000000,8.4425,8.7103,8.3757,8.7103,0,0
PCR_PE,D,20150630,000000,8.6427,8.7103,8.5759,8.7103,0,0
PCR_PE,D,20150701,000000,8.7103,8.8442,8.6427,8.8442,0,0
PCR_PE,D,20150702,000000,8.8442,8.8442,8.6427,8.6427,0,0
PCR_PE,D,20150703,000000,8.6427,8.7103,8.6427,8.7103,0,0
PCR_PE,D,20150706,000000,8.7103,8.7103,8.7103,8.7103,0,0
PCR_PE,D,20150707,000000,8.7103,8.7103,8.5091,8.5091,0,0
PCR_PE,D,20150708,000000,8.5759,8.5759,8.3757,8.3757,0,0
PCR_PE,D,20150709,000000,8.3757,8.5759,8.3757,8.5091,0,0
PCR_PE,D,20150710,000000,8.6427,8.6427,8.6427,8.6427,0,0
PCR_PE,D,20150713,000000,8.6427,8.6427,8.5091,8.5091,0,0
PCR_PE,D,20150714,000000,8.5091,8.5091,8.308,8.308,0,0
PCR_PE,D,20150715,000000,8.308,8.3757,8.308,8.3757,0,0
PCR_PE,D,20150716,000000,8.3757,8.4425,8.1736,8.1736,0,0
PCR_PE,D,20150717,000000,8.1736,8.3757,8.1077,8.3757,0,0
PCR_PE,D,20150720,000000,8.3757,8.5091,8.3757,8.4425,0,0
PCR_PE,D,20150721,000000,8.4425,8.5759,8.4425,8.5759,0,0
PCR_PE,D,20150722,000000,8.5759,8.6427,8.5759,8.5759,0,0
PCR_PE,D,20150723,000000,8.5091,8.5091,8.3757,8.5091,0,0
PCR_PE,D,20150724,000000,8.4425,8.4425,8.3757,8.3757,0,0
PCR_PE,D,20150727,000000,8.3757,8.4425,8.3757,8.4425,0,0
PCR_PE,D,20150728,000000,8.4425,8.6427,8.4425,8.6427,0,0
PCR_PE,D,20150729,000000,8.5091,8.7103,8.5091,8.6427,0,0
PCR_PE,D,20150730,000000,8.6427,8.6427,8.5759,8.6427,0,0
PCR_PE,D,20150731,000000,8.6427,8.7103,8.6427,8.6427,0,0
PCR_PE,D,20150803,000000,8.6427,8.7771,8.6427,8.7771,0,0
PCR_PE,D,20150804,000000,8.7771,8.9781,8.7771,8.9781,0,0
PCR_PE,D,20150805,000000,8.9781,9.1121,8.9781,9.0451,0,0
PCR_PE,D,20150806,000000,9.0451,9.0451,8.9102,8.9102,0,0
PCR_PE,D,20150807,000000,8.9102,8.9781,8.9102,8.9781,0,0
PCR_PE,D,20150810,000000,8.9781,8.9781,8.9102,8.9781,0,0
PCR_PE,D,20150811,000000,8.9781,8.9781,8.9102,8.9102,0,0
PCR_PE,D,20150812,000000,8.9102,8.9102,8.8442,8.8442,0,0
PCR_PE,D,20150813,000000,8.8442,9.246,8.8442,9.246,0,0
PCR_PE,D,20150814,000000,9.1791,9.1791,8.9781,9.1121,0,0
PCR_PE,D,20150817,000000,9.1121,9.1121,8.9102,9.0451,0,0
PCR_PE,D,20150818,000000,9.1121,9.1121,8.8442,9.0451,0,0
PCR_PE,D,20150819,000000,9.0451,9.0451,8.9102,8.9781,0,0
PCR_PE,D,20150820,000000,8.9781,8.9781,8.9781,8.9781,0,0
PCR_PE,D,20150821,000000,8.9781,8.9781,8.9102,8.9102,0,0
PCR_PE,D,20150824,000000,8.7771,8.9102,8.1736,8.3757,0,0
PCR_PE,D,20150825,000000,8.1736,8.7103,8.1736,8.6427,0,0
PCR_PE,D,20150826,000000,8.6427,9.1791,8.6427,8.8442,0,0
PCR_PE,D,20150827,000000,8.7771,8.9781,8.5091,8.5091,0,0
PCR_PE,D,20150828,000000,8.5091,8.5759,8.5091,8.5759,0,0
PCR_PE,D,20150831,000000,8.5759,8.6427,8.5091,8.6427,0,0
PCR_PE,D,20150901,000000,8.5091,8.6427,8.5091,8.5091,0,0
PCR_PE,D,20150902,000000,8.5091,8.5091,8.308,8.308,0,0
PCR_PE,D,20150903,000000,8.308,8.4425,8.308,8.4425,0,0
PCR_PE,D,20150904,000000,8.4425,8.5091,8.3757,8.3757,0,0
PCR_PE,D,20150907,000000,8.308,8.4425,8.1077,8.308,0,0
PCR_PE,D,20150908,000000,8.308,8.308,8.1077,8.2413,0,0
PCR_PE,D,20150909,000000,8.2413,8.3757,8.2413,8.3757,0,0
PCR_PE,D,20150910,000000,8.3757,8.3757,8.3757,8.3757,0,0
PCR_PE,D,20150911,000000,8.4425,8.4425,8.308,8.308,0,0
PCR_PE,D,20150914,000000,8.3757,8.3757,8.308,8.3757,0,0
PCR_PE,D,20150915,000000,8.3757,8.3757,8.308,8.308,0,0
PCR_PE,D,20150916,000000,8.308,8.308,8.1077,8.1736,0,0
PCR_PE,D,20150917,000000,8.1077,8.1736,8.1077,8.1736,0,0
PCR_PE,D,20150918,000000,8.1736,8.1736,8.1736,8.1736,0,0
PCR_PE,D,20150921,000000,8.2413,8.2413,8.2413,8.2413,0,0
PCR_PE,D,20150922,000000,8.2413,8.2413,8.1736,8.2413,0,0
PCR_PE,D,20150923,000000,8.2413,8.2413,8.0401,8.1077,0,0
PCR_PE,D,20150924,000000,8.1077,8.1736,7.9733,8.1077,0,0
PCR_PE,D,20150925,000000,8.1077,8.1077,8.0401,8.1077,0,0
PCR_PE,D,20150928,000000,8.1077,8.1077,7.9733,8.1077,0,0
PCR_PE,D,20150929,000000,8.1077,8.1077,7.8392,7.8392,0,0
PCR_PE,D,20150930,000000,7.8392,8.2413,7.8392,8.1077,0,0
PCR_PE,D,20151001,000000,8.1077,8.2413,8.1077,8.2413,0,0
PCR_PE,D,20151002,000000,8.1077,8.2413,8.1077,8.2413,0,0
PCR_PE,D,20151005,000000,8.2413,8.2413,8.0401,8.1736,0,0
PCR_PE,D,20151006,000000,8.2413,8.2413,8.1736,8.1736,0,0
PCR_PE,D,20151007,000000,8.1736,8.3757,8.1736,8.308,0,0
PCR_PE,D,20151008,000000,8.3757,8.4425,8.3757,8.4425,0,0
PCR_PE,D,20151009,000000,8.4425,8.6427,8.4425,8.6427,0,0
PCR_PE,D,20151012,000000,8.6427,8.6427,8.4425,8.4425,0,0
PCR_PE,D,20151013,000000,8.4425,8.4425,8.4425,8.4425,0,0
PCR_PE,D,20151014,000000,8.4425,8.5091,8.4425,8.4425,0,0
PCR_PE,D,20151015,000000,8.5091,8.5091,8.4425,8.4425,0,0
PCR_PE,D,20151016,000000,8.4425,8.5091,8.4425,8.4425,0,0
PCR_PE,D,20151019,000000,8.4425,8.5091,8.4425,8.4425,0,0
PCR_PE,D,20151020,000000,8.4425,8.5091,8.4425,8.5091,0,0
PCR_PE,D,20151021,000000,8.5091,8.5759,8.4425,8.5759,0,0
PCR_PE,D,20151022,000000,8.6427,8.6427,8.5759,8.5759,0,0
PCR_PE,D,20151023,000000,8.5759,8.5759,8.4425,8.5759,0,0
PCR_PE,D,20151026,000000,8.5759,8.5759,8.4425,8.5759,0,0
PCR_PE,D,20151027,000000,8.5759,8.5759,8.5091,8.5091,0,0
PCR_PE,D,20151028,000000,8.5091,8.7771,8.5091,8.7103,0,0
PCR_PE,D,20151029,000000,8.7103,8.7771,8.5091,8.6427,0,0
PCR_PE,D,20151030,000000,8.6427,8.6427,8.4425,8.5759,0,0
PCR_PE,D,20151102,000000,8.5759,8.6427,8.4425,8.6427,0,0
PCR_PE,D,20151103,000000,8.6427,8.6427,8.4425,8.5091,0,0
PCR_PE,D,20151104,000000,8.5759,8.5759,8.5759,8.5759,0,0
PCR_PE,D,20151105,000000,8.5759,8.8442,8.5759,8.7771,0,0
PCR_PE,D,20151106,000000,8.7771,8.7771,8.6427,8.7103,0,0
PCR_PE,D,20151109,000000,8.9102,8.9781,8.5091,8.8442,0,0
PCR_PE,D,20151110,000000,8.8442,8.8442,8.7103,8.7771,0,0
PCR_PE,D,20151112,000000,8.7771,8.8442,8.7771,8.8442,0,0
PCR_PE,D,20151113,000000,8.8442,9.1121,7.7053,7.7053,0,0
PCR_PE,D,20151116,000000,7.5712,7.7726,7.5712,7.7726,0,0
PCR_PE,D,20151117,000000,7.7726,7.9733,7.7726,7.9067,0,0
PCR_PE,D,20151118,000000,7.9067,7.9733,7.9067,7.9067,0,0
PCR_PE,D,20151119,000000,7.9067,7.9733,7.8392,7.9733,0,0
PCR_PE,D,20151120,000000,7.9733,7.9733,7.9733,7.9733,0,0
PCR_PE,D,20151123,000000,7.9733,7.9733,7.8392,7.9067,0,0
PCR_PE,D,20151124,000000,7.8392,7.9733,7.8392,7.9733,0,0
PCR_PE,D,20151125,000000,7.9733,7.9733,7.7726,7.9067,0,0
PCR_PE,D,20151126,000000,7.9067,7.9067,7.7726,7.9067,0,0
PCR_PE,D,20151127,000000,7.9067,7.9733,7.9067,7.9067,0,0
PCR_PE,D,20151130,000000,7.9067,7.9067,7.9067,7.9067,0,0
PCR_PE,D,20151201,000000,7.9733,7.9733,7.9733,7.9733,0,0
PCR_PE,D,20151202,000000,7.9733,8.0401,7.9733,8.0401,0,0
PCR_PE,D,20151203,000000,7.9733,8.2413,7.9733,8.2413,0,0
PCR_PE,D,20151204,000000,8.2413,8.2413,8.0401,8.2413,0,0
PCR_PE,D,20151207,000000,8.2413,8.4425,8.1077,8.4425,0,0
PCR_PE,D,20151208,000000,8.4425,8.7103,8.3757,8.5759,0,0
PCR_PE,D,20151209,000000,8.5759,8.5759,8.3757,8.3757,0,0
PCR_PE,D,20151210,000000,8.3757,8.4425,8.2413,8.3757,0,0
PCR_PE,D,20151211,000000,8.3757,8.3757,8.1077,8.3757,0,0
PCR_PE,D,20151214,000000,8.3757,8.3757,8.0401,8.1736,0,0
PCR_PE,D,20151215,000000,8.1736,8.1736,8.0401,8.1736,0,0
PCR_PE,D,20151216,000000,8.1736,8.2413,8.0401,8.1736,0,0
PCR_PE,D,20151217,000000,8.1736,8.1736,8.1077,8.1736,0,0
PCR_PE,D,20151218,000000,8.1736,8.4425,8.1736,8.3757,0,0
PCR_PE,D,20151221,000000,8.3757,8.7103,8.3757,8.5759,0,0
PCR_PE,D,20151222,000000,8.5759,8.6427,8.4425,8.6427,0,0
PCR_PE,D,20151223,000000,8.6427,8.6427,8.5091,8.6427,0,0
PCR_PE,D,20151228,000000,8.6427,8.8442,8.5091,8.8442,0,0
PCR_PE,D,20151229,000000,8.8442,8.8442,8.7771,8.7771,0,0
PCR_PE,D,20151230,000000,8.7771,8.7771,8.6427,8.7771,0,0
PCR_PE,D,20160104,000000,8.7771,8.7771,8.5759,8.5759,0,0
PCR_PE,D,20160105,000000,8.6427,8.6427,8.5759,8.5759,0,0
PCR_PE,D,20160107,000000,8.6427,8.6427,8.3757,8.3757,0,0
PCR_PE,D,20160108,000000,8.3757,8.3757,8.308,8.308,0,0
PCR_PE,D,20160111,000000,8.308,8.308,8.0401,8.0401,0,0
PCR_PE,D,20160112,000000,8.0401,8.1077,7.9733,8.1077,0,0
PCR_PE,D,20160113,000000,8.1077,8.308,8.0401,8.308,0,0
PCR_PE,D,20160114,000000,8.308,8.308,8.1077,8.1736,0,0
PCR_PE,D,20160115,000000,8.2413,8.2413,8.1736,8.2413,0,0
PCR_PE,D,20160118,000000,8.1736,8.1736,8.1077,8.1077,0,0
PCR_PE,D,20160119,000000,8.1077,8.2413,8.1077,8.1736,0,0
PCR_PE,D,20160120,000000,8.1077,8.1736,7.9733,8.0401,0,0
PCR_PE,D,20160121,000000,8.0401,8.2413,8.0401,8.1077,0,0
PCR_PE,D,20160122,000000,8.1077,8.2413,8.1077,8.2413,0,0
PCR_PE,D,20160125,000000,8.2413,8.2413,8.2413,8.2413,0,0
PCR_PE,D,20160126,000000,8.2413,8.2413,8.0401,8.0401,0,0
PCR_PE,D,20160127,000000,8.0401,8.0401,8.0401,8.0401,0,0
PCR_PE,D,20160128,000000,8.0401,8.0401,8.0401,8.0401,0,0
PCR_PE,D,20160129,000000,8.0401,8.1077,8.0401,8.0401,0,0
PCR_PE,D,20160201,000000,8.0401,8.1077,8.0401,8.1077,0,0
PCR_PE,D,20160202,000000,8.1077,8.1736,8.1077,8.1736,0,0
PCR_PE,D,20160203,000000,8.1736,8.308,8.1736,8.308,0,0
PCR_PE,D,20160204,000000,8.5091,8.5091,8.4425,8.5091,0,0
PCR_PE,D,20160205,000000,8.5091,8.5091,8.4425,8.4425,0,0
PCR_PE,D,20160208,000000,8.4425,8.4425,8.3757,8.3757,0,0
PCR_PE,D,20160209,000000,8.3757,8.3757,8.1736,8.308,0,0
PCR_PE,D,20160210,000000,8.308,8.308,8.1736,8.2413,0,0
PCR_PE,D,20160211,000000,8.2413,8.2413,8.1736,8.2413,0,0
PCR_PE,D,20160212,000000,8.2413,8.2413,8.2413,8.2413,0,0
PCR_PE,D,20160215,000000,8.2413,8.308,8.2413,8.308,0,0
PCR_PE,D,20160216,000000,8.308,8.3757,8.308,8.3757,0,0
PCR_PE,D,20160217,000000,8.3757,8.5759,8.3757,8.4425,0,0
PCR_PE,D,20160218,000000,8.5091,8.5091,8.4425,8.4425,0,0
PCR_PE,D,20160219,000000,8.4425,8.5091,8.4425,8.5091,0,0
PCR_PE,D,20160222,000000,8.5759,8.5759,8.5759,8.5759,0,0
PCR_PE,D,20160223,000000,8.5759,8.5759,8.5759,8.5759,0,0
PCR_PE,D,20160224,000000,8.5759,8.5759,8.4425,8.4425,0,0
PCR_PE,D,20160225,000000,8.4425,8.4425,8.3757,8.4425,0,0
PCR_PE,D,20160226,000000,8.4425,8.5759,8.4425,8.5759,0,0
PCR_PE,D,20160229,000000,8.5759,8.5759,8.5091,8.5091,0,0
PCR_PE,D,20160301,000000,8.5091,8.5091,8.5091,8.5091,0,0
PCR_PE,D,20160302,000000,8.5091,8.5091,8.4425,8.5091,0,0
PCR_PE,D,20160303,000000,8.5091,8.5759,8.5091,8.5759,0,0
PCR_PE,D,20160304,000000,8.5759,8.7771,8.5759,8.7103,0,0
PCR_PE,D,20160307,000000,8.7103,8.9781,8.7103,8.9102,0,0
PCR_PE,D,20160308,000000,8.9102,8.9102,8.5759,8.7771,0,0
PCR_PE,D,20160309,000000,8.7103,8.8442,8.7103,8.8442,0,0
PCR_PE,D,20160310,000000,8.8442,8.8442,8.8442,8.8442,0,0
PCR_PE,D,20160311,000000,8.8442,8.8442,8.7771,8.8442,0,0
PCR_PE,D,20160314,000000,8.9102,8.9781,8.9102,8.9781,0,0
PCR_PE,D,20160315,000000,8.9781,9.0451,8.9781,8.9781,0,0
PCR_PE,D,20160316,000000,8.9781,8.9781,8.9781,8.9781,0,0
PCR_PE,D,20160317,000000,9.1121,9.649,8.0401,8.0401,0,0
PCR_PE,D,20160318,000000,8.308,8.6427,8.308,8.5759,0,0
PCR_PE,D,20160321,000000,8.5759,8.9102,8.5759,8.7771,0,0
PCR_PE,D,20160322,000000,8.9102,8.9102,8.7103,8.7771,0,0
PCR_PE,D,20160323,000000,8.7103,8.7103,8.4425,8.5759,0,0
PCR_PE,D,20160324,000000,8.5759,8.5759,8.5091,8.5091,0,0
PCR_PE,D,20160329,000000,8.5091,8.7103,8.5091,8.7103,0,0
PCR_PE,D,20160330,000000,8.7103,8.7103,8.5759,8.5759,0,0
PCR_PE,D,20160331,000000,8.6427,8.7103,8.5091,8.5759,0,0
PCR_PE,D,20160401,000000,8.5759,8.5759,8.5091,8.5759,0,0
PCR_PE,D,20160404,000000,8.5759,8.5759,8.5091,8.5759,0,0
PCR_PE,D,20160405,000000,8.5759,8.5759,8.5759,8.5759,0,0
PCR_PE,D,20160406,000000,8.5759,8.7103,8.5091,8.7103,0,0
PCR_PE,D,20160407,000000,8.6427,8.6427,8.4425,8.5091,0,0
PCR_PE,D,20160408,000000,8.5091,8.5091,8.4425,8.5091,0,0
PCR_PE,D,20160411,000000,8.6427,8.7103,8.5759,8.6427,0,0
PCR_PE,D,20160412,000000,8.6427,8.9102,8.6427,8.8442,0,0
PCR_PE,D,20160413,000000,8.8442,9.1121,8.8442,9.1121,0,0
PCR_PE,D,20160414,000000,9.1121,9.849,9.1121,9.447,0,0
PCR_PE,D,20160415,000000,9.447,9.582,9.447,9.447,0,0
PCR_PE,D,20160418,000000,9.514,9.582,9.514,9.514,0,0
PCR_PE,D,20160419,000000,9.514,9.582,9.3139,9.3139,0,0
PCR_PE,D,20160420,000000,9.447,9.582,9.447,9.514,0,0
PCR_PE,D,20160421,000000,9.649,9.782,9.582,9.782,0,0
PCR_PE,D,20160422,000000,9.782,9.849,9.782,9.782,0,0
PCR_PE,D,20160425,000000,9.782,10.117,9.782,10.05,0,0
PCR_PE,D,20160426,000000,10.185,10.185,10.117,10.117,0,0
PCR_PE,D,20160427,000000,10.226,10.299,10.083,10.155,0,0
PCR_PE,D,20160428,000000,10.226,10.226,9.866,9.938,0,0
PCR_PE,D,20160429,000000,10.011,10.011,10.011,10.011,0,0
PCR_PE,D,20160502,000000,9.938,10.083,9.938,10.083,0,0
PCR_PE,D,20160504,000000,10.083,10.083,9.938,10.011,0,0
PCR_PE,D,20160505,000000,10.011,10.011,9.795,9.795,0,0
PCR_PE,D,20160506,000000,9.795,9.795,9.723,9.795,0,0
PCR_PE,D,20160509,000000,9.723,9.795,9.651,9.795,0,0
PCR_PE,D,20160510,000000,9.866,9.866,9.795,9.795,0,0
PCR_PE,D,20160511,000000,9.866,9.866,9.795,9.795,0,0
PCR_PE,D,20160512,000000,9.795,9.795,9.723,9.795,0,0
PCR_PE,D,20160513,000000,10.226,10.443,9.723,9.723,0,0
PCR_PE,D,20160516,000000,9.795,10.083,7.6339,7.6339,0,0
PCR_PE,D,20160517,000000,7.6339,7.706,7.4897,7.5618,0,0
PCR_PE,D,20160518,000000,7.5618,7.8502,7.5618,7.8502,0,0
PCR_PE,D,20160519,000000,7.8502,7.8502,7.7781,7.8502,0,0
PCR_PE,D,20160520,000000,7.7781,7.8502,7.7781,7.7781,0,0
PCR_PE,D,20160523,000000,7.8502,7.8502,7.7781,7.7781,0,0
PCR_PE,D,20160524,000000,7.7781,7.7781,7.7781,7.7781,0,0
PCR_PE,D,20160525,000000,7.7781,7.7781,7.7781,7.7781,0,0
PCR_PE,D,20160527,000000,7.706,7.7781,7.706,7.7781,0,0
PCR_PE,D,20160530,000000,7.7781,7.7781,7.6339,7.6339,0,0
PCR_PE,D,20160531,000000,7.6339,7.6339,7.5618,7.5618,0,0
PCR_PE,D,20160601,000000,7.5618,7.5618,7.346,7.4897,0,0
PCR_PE,D,20160602,000000,7.418,7.418,7.274,7.418,0,0
PCR_PE,D,20160603,000000,7.418,7.418,7.274,7.274,0,0
PCR_PE,D,20160606,000000,7.274,7.274,7.274,7.274,0,0
PCR_PE,D,20160607,000000,7.274,7.418,7.274,7.418,0,0
PCR_PE,D,20160608,000000,7.418,7.418,7.418,7.418,0,0
PCR_PE,D,20160609,000000,7.418,7.418,7.418,7.418,0,0
PCR_PE,D,20160610,000000,7.418,7.418,7.346,7.346,0,0
PCR_PE,D,20160613,000000,7.346,7.346,7.13,7.13,0,0
PCR_PE,D,20160614,000000,7.13,7.13,6.8419,7.0579,0,0
PCR_PE,D,20160615,000000,7.0579,7.13,7.0579,7.13,0,0
PCR_PE,D,20160616,000000,7.0579,7.0579,6.7698,6.914,0,0
PCR_PE,D,20160617,000000,6.914,7.0579,6.914,7.0579,0,0
PCR_PE,D,20160620,000000,7.0579,7.13,7.0579,7.13,0,0
PCR_PE,D,20160621,000000,7.13,7.13,7.0579,7.13,0,0
PCR_PE,D,20160622,000000,7.13,7.13,7.13,7.13,0,0
PCR_PE,D,20160623,000000,7.13,7.202,7.13,7.13,0,0
PCR_PE,D,20160624,000000,6.9859,6.9859,6.7698,6.9859,0,0
PCR_PE,D,20160627,000000,6.9859,6.9859,6.7698,6.7698,0,0
PCR_PE,D,20160628,000000,6.7698,6.9859,6.7698,6.9859,0,0
PCR_PE,D,20160629,000000,6.9859,7.274,6.914,7.202,0,0
PCR_PE,D,20160630,000000,7.202,7.418,7.202,7.418,0,0
PCR_PE,D,20160701,000000,7.274,7.418,7.274,7.418,0,0
PCR_PE,D,20160704,000000,7.346,7.346,7.274,7.346,0,0
PCR_PE,D,20160705,000000,7.346,7.346,7.202,7.202,0,0
PCR_PE,D,20160706,000000,7.202,7.274,7.13,7.13,0,0
PCR_PE,D,20160707,000000,7.13,7.13,6.914,7.13,0,0
PCR_PE,D,20160708,000000,7.13,7.13,7.0579,7.0579,0,0
PCR_PE,D,20160711,000000,7.202,7.274,7.13,7.202,0,0
PCR_PE,D,20160712,000000,7.202,7.202,7.13,7.202,0,0
PCR_PE,D,20160713,000000,7.13,7.202,6.9859,6.9859,0,0
PCR_PE,D,20160714,000000,6.9859,7.13,6.9859,7.13,0,0
PCR_PE,D,20160715,000000,7.202,7.202,7.0579,7.0579,0,0
PCR_PE,D,20160718,000000,7.13,7.202,7.13,7.202,0,0
PCR_PE,D,20160719,000000,7.202,7.202,7.13,7.13,0,0
PCR_PE,D,20160720,000000,7.202,7.202,7.13,7.13,0,0
PCR_PE,D,20160721,000000,7.202,7.202,7.13,7.202,0,0
PCR_PE,D,20160722,000000,7.202,7.202,7.202,7.202,0,0
PCR_PE,D,20160725,000000,7.202,7.202,7.202,7.202,0,0
PCR_PE,D,20160726,000000,7.202,7.418,7.202,7.346,0,0
PCR_PE,D,20160727,000000,7.346,7.418,7.346,7.346,0,0
PCR_PE,D,20160728,000000,7.418,7.5618,7.418,7.4897,0,0
PCR_PE,D,20160729,000000,7.5618,7.5618,7.418,7.5618,0,0
PCR_PE,D,20160801,000000,7.706,7.7781,7.6339,7.7781,0,0
PCR_PE,D,20160802,000000,7.706,7.706,7.5618,7.6339,0,0
PCR_PE,D,20160803,000000,7.6339,7.7781,7.6339,7.706,0,0
PCR_PE,D,20160804,000000,7.6339,7.706,7.6339,7.706,0,0
PCR_PE,D,20160805,000000,7.706,7.706,7.706,7.706,0,0
PCR_PE,D,20160808,000000,7.706,7.9944,7.706,7.9223,0,0
PCR_PE,D,20160809,000000,7.9223,8.0663,7.8502,8.0663,0,0
PCR_PE,D,20160810,000000,8.0663,8.3545,8.0663,8.21,0,0
PCR_PE,D,20160811,000000,8.21,8.21,8.0663,8.21,0,0
PCR_PE,D,20160812,000000,8.21,8.21,8.0663,8.0663,0,0
PCR_PE,D,20160816,000000,8.0663,8.0663,7.9223,7.9944,0,0
PCR_PE,D,20160817,000000,7.9944,7.9944,7.9223,7.9944,0,0
PCR_PE,D,20160818,000000,7.9944,7.9944,7.9944,7.9944,0,0
PCR_PE,D,20160819,000000,7.9944,7.9944,7.9944,7.9944,0,0
PCR_PE,D,20160822,000000,7.9944,8.0663,7.9944,8.0663,0,0
PCR_PE,D,20160823,000000,8.2818,8.4264,6.914,6.914,0,0
PCR_PE,D,20160824,000000,6.914,6.9859,6.914,6.9859,0,0
PCR_PE,D,20160825,000000,6.9859,6.9859,6.914,6.914,0,0
PCR_PE,D,20160826,000000,6.914,6.914,6.8419,6.8419,0,0
PCR_PE,D,20160829,000000,6.9859,6.9859,6.8419,6.8419,0,0
PCR_PE,D,20160830,000000,6.8419,6.8419,6.7698,6.7698,0,0
PCR_PE,D,20160831,000000,6.7698,6.7698,6.6258,6.6978,0,0
PCR_PE,D,20160901,000000,6.6978,6.8419,6.6258,6.7698,0,0
PCR_PE,D,20160902,000000,6.7698,6.9859,6.7698,6.9859,0,0
PCR_PE,D,20160905,000000,6.9859,6.9859,6.9859,6.9859,0,0
PCR_PE,D,20160906,000000,7.0579,7.13,7.0579,7.13,0,0
PCR_PE,D,20160907,000000,7.13,7.418,7.13,7.346,0,0
PCR_PE,D,20160908,000000,7.418,7.418,7.346,7.346,0,0
PCR_PE,D,20160909,000000,7.418,7.4897,7.346,7.418,0,0
PCR_PE,D,20160912,000000,7.274,7.274,7.0579,7.202,0,0
PCR_PE,D,20160913,000000,7.274,7.274,7.13,7.274,0,0
PCR_PE,D,20160914,000000,7.202,7.202,7.202,7.202,0,0
PCR_PE,D,20160915,000000,7.202,7.202,7.13,7.13,0,0
PCR_PE,D,20160916,000000,7.13,7.274,7.13,7.274,0,0
PCR_PE,D,20160919,000000,7.274,7.274,6.9859,7.13,0,0
PCR_PE,D,20160920,000000,7.13,7.13,6.9859,7.0579,0,0
PCR_PE,D,20160921,000000,7.0579,7.13,7.0579,7.13,0,0
PCR_PE,D,20160922,000000,7.13,7.13,6.914,7.0579,0,0
PCR_PE,D,20160923,000000,6.914,7.0579,6.914,7.0579,0,0
PCR_PE,D,20160926,000000,6.914,7.0579,6.914,7.0579,0,0
PCR_PE,D,20160927,000000,7.0579,7.0579,7.0579,7.0579,0,0
PCR_PE,D,20160928,000000,7.0579,7.202,7.0579,7.202,0,0
PCR_PE,D,20160929,000000,7.202,7.418,7.13,7.418,0,0
PCR_PE,D,20160930,000000,7.418,7.4897,7.418,7.4897,0,0
PCR_PE,D,20161003,000000,7.4897,7.706,7.4897,7.6339,0,0
PCR_PE,D,20161004,000000,7.6339,7.6339,7.6339,7.6339,0,0
PCR_PE,D,20161005,000000,7.6339,7.706,7.5618,7.5618,0,0
PCR_PE,D,20161006,000000,7.5618,7.706,7.5618,7.5618,0,0
PCR_PE,D,20161007,000000,7.5618,7.5618,7.4897,7.5618,0,0
PCR_PE,D,20161010,000000,7.5618,7.5618,7.4897,7.5618,0,0
PCR_PE,D,20161011,000000,7.4897,7.5618,7.4897,7.5618,0,0
PCR_PE,D,20161012,000000,7.5618,7.6339,7.5618,7.5618,0,0
PCR_PE,D,20161013,000000,7.5618,7.5618,7.4897,7.5618,0,0
PCR_PE,D,20161014,000000,7.5618,7.5618,7.5618,7.5618,0,0
PCR_PE,D,20161017,000000,7.5618,7.5618,7.4897,7.5618,0,0
PCR_PE,D,20161018,000000,7.5618,7.5618,7.4897,7.4897,0,0
PCR_PE,D,20161019,000000,7.4897,7.4897,7.202,7.4897,0,0
PCR_PE,D,20161020,000000,7.4897,7.5618,7.4897,7.5618,0,0
PCR_PE,D,20161021,000000,7.5618,7.5618,7.4897,7.4897,0,0
PCR_PE,D,20161024,000000,7.4897,7.4897,7.418,7.4897,0,0
PCR_PE,D,20161025,000000,7.4897,7.4897,7.418,7.4897,0,0
PCR_PE,D,20161026,000000,7.4897,7.4897,7.418,7.418,0,0
PCR_PE,D,20161027,000000,7.418,7.418,7.274,7.418,0,0
PCR_PE,D,20161028,000000,7.274,7.4897,7.274,7.418,0,0
PCR_PE,D,20161031,000000,7.418,7.418,7.418,7.418,0,0
PCR_PE,D,20161102,000000,7.418,7.4897,7.346,7.418,0,0
PCR_PE,D,20161103,000000,7.418,7.4897,7.418,7.418,0,0
PCR_PE,D,20161104,000000,7.4897,7.4897,7.13,7.13,0,0
PCR_PE,D,20161107,000000,7.13,7.13,7.0579,7.0579,0,0
PCR_PE,D,20161108,000000,7.0579,7.13,7.0579,7.13,0,0
PCR_PE,D,20161109,000000,6.9859,7.13,6.9859,7.13,0,0
PCR_PE,D,20161110,000000,7.13,7.13,7.0579,7.0579,0,0
PCR_PE,D,20161114,000000,7.13,7.202,7.0579,7.202,0,0
PCR_PE,D,20161115,000000,7.202,7.202,7.202,7.202,0,0
PCR_PE,D,20161116,000000,7.202,7.202,7.13,7.13,0,0
PCR_PE,D,20161117,000000,7.13,7.13,7.13,7.13,0,0
PCR_PE,D,20161118,000000,7.13,7.13,7.0579,7.13,0,0
PCR_PE,D,20161121,000000,7.13,7.13,7.0579,7.13,0,0
PCR_PE,D,20161122,000000,7.13,7.13,6.9859,7.0579,0,0
PCR_PE,D,20161123,000000,7.0579,7.0579,6.914,7.0579,0,0
PCR_PE,D,20161124,000000,6.9859,7.0579,6.9859,6.9859,0,0
PCR_PE,D,20161125,000000,6.9859,7.0579,6.9859,6.9859,0,0
PCR_PE,D,20161128,000000,6.9859,6.9859,6.9859,6.9859,0,0
PCR_PE,D,20161129,000000,6.9859,7.0579,6.9859,7.0579,0,0
PCR_PE,D,20161130,000000,7.0579,7.0579,6.9859,7.0579,0,0
PCR_PE,D,20161201,000000,7.0579,7.0579,6.9859,7.0579,0,0
PCR_PE,D,20161202,000000,7.0579,7.13,7.0579,7.13,0,0
PCR_PE,D,20161205,000000,7.13,7.202,7.13,7.202,0,0
PCR_PE,D,20161206,000000,7.274,7.418,7.202,7.346,0,0
PCR_PE,D,20161207,000000,7.346,7.346,7.346,7.346,0,0
PCR_PE,D,20161208,000000,7.346,7.346,7.346,7.346,0,0
PCR_PE,D,20161209,000000,7.346,7.346,7.274,7.346,0,0
PCR_PE,D,20161212,000000,7.346,7.346,7.274,7.274,0,0
PCR_PE,D,20161213,000000,7.202,7.202,7.0579,7.0579,0,0
PCR_PE,D,20161214,000000,7.0579,7.202,7.0579,7.202,0,0
PCR_PE,D,20161215,000000,7.274,7.274,7.0579,7.13,0,0
PCR_PE,D,20161216,000000,7.202,7.202,7.13,7.13,0,0
PCR_PE,D,20161219,000000,7.13,7.13,7.0579,7.0579,0,0
PCR_PE,D,20161220,000000,7.0579,7.13,7.0579,7.13,0,0
PCR_PE,D,20161221,000000,7.13,7.13,7.0579,7.0579,0,0
PCR_PE,D,20161222,000000,7.13,7.13,7.0579,7.0579,0,0
PCR_PE,D,20161223,000000,7.0579,7.13,7.0579,7.13,0,0
PCR_PE,D,20161227,000000,7.0579,7.13,7.0579,7.0579,0,0
PCR_PE,D,20161228,000000,7.0579,7.13,6.9859,7.0579,0,0
PCR_PE,D,20161229,000000,7.202,7.202,7.0579,7.13,0,0
PCR_PE,D,20161230,000000,7.346,7.418,7.202,7.202,0,0
PCR_PE,D,20170102,000000,7.13,7.202,7.0579,7.0579,0,0
PCR_PE,D,20170103,000000,7.13,7.13,7.0579,7.0579,0,0
PCR_PE,D,20170104,000000,7.0579,7.13,7.0579,7.13,0,0
PCR_PE,D,20170105,000000,7.13,7.13,7.0579,7.0579,0,0
PCR_PE,D,20170109,000000,7.0579,7.13,7.0579,7.13,0,0
PCR_PE,D,20170110,000000,7.13,7.13,7.13,7.13,0,0
PCR_PE,D,20170111,000000,7.13,7.13,7.13,7.13,0,0
PCR_PE,D,20170112,000000,7.13,7.13,7.0579,7.0579,0,0
PCR_PE,D,20170113,000000,7.0579,7.0579,7.0579,7.0579,0,0
PCR_PE,D,20170116,000000,7.0579,7.13,7.0579,7.13,0,0
PCR_PE,D,20170117,000000,7.13,7.202,7.13,7.13,0,0
PCR_PE,D,20170118,000000,7.13,7.13,7.13,7.13,0,0
PCR_PE,D,20170119,000000,7.13,7.13,7.13,7.13,0,0
PCR_PE,D,20170120,000000,7.13,7.13,7.13,7.13,0,0
PCR_PE,D,20170123,000000,7.13,7.13,7.13,7.13,0,0
PCR_PE,D,20170124,000000,7.13,7.13,7.0579,7.0579,0,0
PCR_PE,D,20170125,000000,7.0579,7.202,7.0579,7.202,0,0
PCR_PE,D,20170126,000000,7.274,7.274,7.202,7.274,0,0
PCR_PE,D,20170127,000000,7.274,7.346,7.202,7.202,0,0
PCR_PE,D,20170130,000000,7.274,7.274,7.13,7.13,0,0
PCR_PE,D,20170131,000000,7.13,7.274,7.13,7.274,0,0
PCR_PE,D,20170201,000000,7.274,7.274,7.13,7.13,0,0
PCR_PE,D,20170202,000000,7.13,7.13,7.0579,7.0579,0,0
PCR_PE,D,20170203,000000,7.0579,7.0579,6.9859,7.0579,0,0
PCR_PE,D,20170206,000000,7.0579,7.0579,7.0579,7.0579,0,0
PCR_PE,D,20170207,000000,7.0579,7.0579,6.914,6.914,0,0
PCR_PE,D,20170208,000000,6.8419,6.9859,6.8419,6.9859,0,0
PCR_PE,D,20170209,000000,6.9859,6.9859,6.914,6.914,0,0
PCR_PE,D,20170210,000000,6.914,6.9859,6.914,6.914,0,0
PCR_PE,D,20170213,000000,6.914,6.9859,6.914,6.914,0,0
PCR_PE,D,20170214,000000,6.9859,6.9859,6.7698,6.914,0,0
PCR_PE,D,20170215,000000,6.914,6.9859,6.914,6.914,0,0
PCR_PE,D,20170216,000000,6.914,6.914,6.8419,6.8419,0,0
PCR_PE,D,20170217,000000,6.8419,6.8419,6.7698,6.8419,0,0
PCR_PE,D,20170220,000000,6.914,6.914,6.8419,6.914,0,0
PCR_PE,D,20170221,000000,6.914,6.914,6.914,6.914,0,0
PCR_PE,D,20170222,000000,6.914,6.9859,6.914,6.9859,0,0
PCR_PE,D,20170223,000000,6.9859,6.9859,6.914,6.9859,0,0
PCR_PE,D,20170224,000000,6.9859,6.9859,6.914,6.9859,0,0
PCR_PE,D,20170227,000000,6.9859,7.0579,6.914,6.914,0,0
PCR_PE,D,20170228,000000,6.9859,6.9859,6.8419,6.8419,0,0
PCR_PE,D,20170301,000000,6.8419,7.346,6.8419,7.274,0,0
PCR_PE,D,20170302,000000,7.346,7.418,7.274,7.418,0,0
PCR_PE,D,20170303,000000,7.418,7.4897,7.418,7.4897,0,0
PCR_PE,D,20170306,000000,7.4897,7.7781,7.4897,7.7781,0,0
PCR_PE,D,20170307,000000,7.8502,7.9223,7.8502,7.8502,0,0
PCR_PE,D,20170308,000000,8.4264,8.4264,5.6175,5.6175,0,0
PCR_PE,D,20170309,000000,5.6175,5.7616,5.5455,5.6175,0,0
PCR_PE,D,20170310,000000,5.6175,5.6175,5.5455,5.6175,0,0
PCR_PE,D,20170313,000000,5.6175,5.6175,5.5455,5.5455,0,0
PCR_PE,D,20170314,000000,5.5455,5.6175,5.4735,5.6175,0,0
PCR_PE,D,20170315,000000,5.6175,5.6175,5.5455,5.5455,0,0
PCR_PE,D,20170316,000000,5.5455,5.6175,5.5455,5.6175,0,0
PCR_PE,D,20170317,000000,5.6175,5.6896,5.6175,5.6896,0,0
PCR_PE,D,20170320,000000,5.6896,5.6896,5.6896,5.6896,0,0
PCR_PE,D,20170321,000000,5.5455,5.6175,5.5455,5.6175,0,0
PCR_PE,D,20170322,000000,5.5455,5.6896,5.5455,5.6896,0,0
PCR_PE,D,20170323,000000,5.6896,5.7616,5.6896,5.7616,0,0
PCR_PE,D,20170324,000000,5.7616,5.9776,5.7616,5.9776,0,0
PCR_PE,D,20170327,000000,5.9776,6.0496,5.9776,6.0496,0,0
PCR_PE,D,20170328,000000,6.0496,6.1937,6.0496,6.1937,0,0
PCR_PE,D,20170329,000000,6.4097,6.4097,6.2657,6.3377,0,0
PCR_PE,D,20170330,000000,6.3377,6.3377,6.2657,6.3377,0,0
PCR_PE,D,20170331,000000,6.3377,6.3377,6.3377,6.3377,0,0
PCR_PE,D,20170403,000000,6.3377,6.3377,6.2657,6.3377,0,0
PCR_PE,D,20170404,000000,6.3377,6.3377,6.3377,6.3377,0,0
PCR_PE,D,20170405,000000,6.3377,6.6978,6.3377,6.6258,0,0
PCR_PE,D,20170406,000000,6.6978,6.6978,6.6258,6.6258,0,0
PCR_PE,D,20170407,000000,6.6978,6.6978,6.6258,6.6258,0,0
PCR_PE,D,20170410,000000,6.6258,6.6258,6.4097,6.5539,0,0
PCR_PE,D,20170411,000000,6.5059,6.6627,6.3492,6.5843,0,0
PCR_PE,D,20170412,000000,6.5059,6.5843,6.4276,6.4276,0,0
PCR_PE,D,20170413,000000,6.4276,6.5059,6.4276,6.5059,0,0
PCR_PE,D,20170418,000000,6.5059,6.5059,6.3492,6.4276,0,0
PCR_PE,D,20170419,000000,6.5059,6.5059,6.5059,6.5059,0,0
PCR_PE,D,20170420,000000,6.5059,6.5059,6.4276,6.5059,0,0
PCR_PE,D,20170421,000000,6.5059,6.5059,6.4276,6.5059,0,0
PCR_PE,D,20170424,000000,6.5059,6.5059,6.5059,6.5059,0,0
PCR_PE,D,20170425,000000,6.5059,6.5059,6.5059,6.5059,0,0
PCR_PE,D,20170426,000000,6.5059,6.5059,6.5059,6.5059,0,0
PCR_PE,D,20170427,000000,6.5059,6.5843,6.5059,6.5843,0,0
PCR_PE,D,20170428,000000,6.741,6.8195,6.6627,6.8195,0,0
PCR_PE,D,20170502,000000,6.8979,7.2114,6.8979,7.2114,0,0
PCR_PE,D,20170504,000000,7.2114,7.3682,7.2114,7.3682,0,0
PCR_PE,D,20170505,000000,7.3682,7.3682,7.133,7.2114,0,0
PCR_PE,D,20170508,000000,7.2114,7.2899,7.133,7.2899,0,0
PCR_PE,D,20170509,000000,7.2899,7.2899,7.133,7.133,0,0
PCR_PE,D,20170510,000000,7.133,7.2114,7.133,7.2114,0,0
PCR_PE,D,20170511,000000,7.2114,7.2114,7.133,7.2114,0,0
PCR_PE,D,20170512,000000,6.9762,6.9762,6.741,6.741,0,0
PCR_PE,D,20170515,000000,6.8979,6.8979,6.6627,6.8195,0,0
PCR_PE,D,20170516,000000,6.741,6.8195,6.6627,6.741,0,0
PCR_PE,D,20170517,000000,6.6627,6.6627,6.5059,6.6627,0,0
PCR_PE,D,20170518,000000,6.5843,6.5843,6.4276,6.5059,0,0
PCR_PE,D,20170519,000000,6.4276,6.6627,6.4276,6.5843,0,0
PCR_PE,D,20170522,000000,6.5843,6.6627,6.5059,6.6627,0,0
PCR_PE,D,20170523,000000,6.6627,6.6627,6.5843,6.6627,0,0
PCR_PE,D,20170524,000000,6.6627,6.6627,6.5843,6.5843,0,0
PCR_PE,D,20170525,000000,6.5843,6.5843,6.5059,6.5843,0,0
PCR_PE,D,20170526,000000,6.5843,6.5843,6.5059,6.5843,0,0
PCR_PE,D,20170529,000000,6.5843,6.5843,6.5059,6.5843,0,0
PCR_PE,D,20170530,000000,6.5843,6.6627,6.5059,6.6627,0,0
PCR_PE,D,20170531,000000,6.5843,6.6627,6.5843,6.5843,0,0
PCR_PE,D,20170601,000000,6.5843,6.5843,6.5059,6.5059,0,0
PCR_PE,D,20170602,000000,6.5059,6.5843,6.5059,6.5843,0,0
PCR_PE,D,20170605,000000,6.5059,6.5843,6.4276,6.5059,0,0
PCR_PE,D,20170606,000000,6.5059,6.5059,6.4276,6.5059,0,0
PCR_PE,D,20170607,000000,6.5059,6.8195,6.5059,6.741,0,0
PCR_PE,D,20170608,000000,6.741,6.741,6.6627,6.741,0,0
PCR_PE,D,20170609,000000,6.741,6.8979,6.6627,6.8979,0,0
PCR_PE,D,20170612,000000,6.8979,6.8979,6.6627,6.6627,0,0
PCR_PE,D,20170613,000000,6.6627,6.8195,6.6627,6.741,0,0
PCR_PE,D,20170614,000000,6.741,6.741,6.6627,6.6627,0,0
PCR_PE,D,20170616,000000,6.741,6.741,6.6627,6.6627,0,0
PCR_PE,D,20170619,000000,6.6627,6.741,6.6627,6.6627,0,0
PCR_PE,D,20170620,000000,6.6627,6.6627,6.6627,6.6627,0,0
PCR_PE,D,20170621,000000,6.6627,6.741,6.6627,6.6627,0,0
PCR_PE,D,20170622,000000,6.6627,6.6627,6.5843,6.6627,0,0
PCR_PE,D,20170623,000000,6.6627,6.6627,6.6627,6.6627,0,0
PCR_PE,D,20170626,000000,6.6627,6.6627,6.6627,6.6627,0,0
PCR_PE,D,20170627,000000,6.6627,6.6627,6.6627,6.6627,0,0
PCR_PE,D,20170628,000000,6.6627,6.6627,6.6627,6.6627,0,0
PCR_PE,D,20170629,000000,6.6627,6.6627,6.5843,6.6627,0,0
PCR_PE,D,20170630,000000,6.6627,6.6627,6.6627,6.6627,0,0
PCR_PE,D,20170703,000000,6.6627,6.741,6.6627,6.6627,0,0
PCR_PE,D,20170704,000000,6.6627,6.8195,6.6627,6.8195,0,0
PCR_PE,D,20170705,000000,6.741,6.8195,6.741,6.8195,0,0
PCR_PE,D,20170706,000000,6.8979,6.9762,6.8979,6.9762,0,0
PCR_PE,D,20170707,000000,7.133,7.133,6.9762,7.133,0,0
PCR_PE,D,20170710,000000,7.2114,7.2114,7.0547,7.0547,0,0
PCR_PE,D,20170711,000000,7.0547,7.0547,7.0547,7.0547,0,0
PCR_PE,D,20170712,000000,7.0547,7.0547,6.9762,6.9762,0,0
PCR_PE,D,20170713,000000,6.9762,7.0547,6.8979,7.0547,0,0
PCR_PE,D,20170714,000000,7.0547,7.0547,6.9762,6.9762,0,0
PCR_PE,D,20170717,000000,6.9762,6.9762,6.9762,6.9762,0,0
PCR_PE,D,20170718,000000,6.9762,6.9762,6.9762,6.9762,0,0
PCR_PE,D,20170719,000000,6.9762,6.9762,6.9762,6.9762,0,0
PCR_PE,D,20170720,000000,7.0547,7.0547,6.9762,7.0547,0,0
PCR_PE,D,20170721,000000,7.0547,7.133,7.0547,7.0547,0,0
PCR_PE,D,20170724,000000,7.0547,7.0547,6.8979,6.8979,0,0
PCR_PE,D,20170725,000000,6.8979,6.9762,6.8979,6.9762,0,0
PCR_PE,D,20170726,000000,6.8979,6.8979,6.8979,6.8979,0,0
PCR_PE,D,20170727,000000,6.8979,6.9762,6.8979,6.9762,0,0
PCR_PE,D,20170728,000000,7.0547,7.0547,6.8979,6.9762,0,0
PCR_PE,D,20170731,000000,7.0547,7.0547,6.9762,7.0547,0,0
PCR_PE,D,20170801,000000,7.0547,7.133,6.9762,7.133,0,0
PCR_PE,D,20170802,000000,7.133,7.133,7.133,7.133,0,0
PCR_PE,D,20170803,000000,7.133,7.133,7.0547,7.0547,0,0
PCR_PE,D,20170804,000000,7.0547,7.0547,6.8979,6.8979,0,0
PCR_PE,D,20170807,000000,6.8979,6.8979,6.8195,6.8979,0,0
PCR_PE,D,20170808,000000,6.8195,6.8979,6.8195,6.8195,0,0
PCR_PE,D,20170809,000000,6.8979,6.8979,6.741,6.741,0,0
PCR_PE,D,20170810,000000,6.8195,6.8195,6.741,6.8195,0,0
PCR_PE,D,20170811,000000,6.8195,6.8195,6.741,6.8195,0,0
PCR_PE,D,20170814,000000,6.741,6.8195,6.741,6.741,0,0
PCR_PE,D,20170816,000000,6.741,6.8195,6.741,6.741,0,0
PCR_PE,D,20170817,000000,6.741,6.8195,6.741,6.8195,0,0
PCR_PE,D,20170818,000000,6.8195,6.8195,6.741,6.741,0,0
PCR_PE,D,20170821,000000,6.8979,6.8979,6.741,6.741,0,0
PCR_PE,D,20170822,000000,6.6627,6.6627,6.5059,6.5059,0,0
PCR_PE,D,20170823,000000,6.5843,6.5843,6.5059,6.5843,0,0
PCR_PE,D,20170824,000000,6.5843,6.5843,6.5059,6.5843,0,0
PCR_PE,D,20170825,000000,6.5843,6.5843,6.4276,6.5059,0,0
PCR_PE,D,20170828,000000,6.5059,6.5059,6.4276,6.4276,0,0
PCR_PE,D,20170829,000000,6.4276,6.4276,6.4276,6.4276,0,0
PCR_PE,D,20170830,000000,6.4276,6.5843,6.4276,6.5059,0,0
PCR_PE,D,20170831,000000,6.5059,6.6627,6.5059,6.6627,0,0
PCR_PE,D,20170901,000000,6.5843,6.6627,6.5843,6.6627,0,0
PCR_PE,D,20170904,000000,6.6627,6.6627,6.5843,6.6627,0,0
PCR_PE,D,20170905,000000,6.5843,6.741,6.5843,6.741,0,0
PCR_PE,D,20170906,000000,6.6627,6.741,6.6627,6.741,0,0
PCR_PE,D,20170907,000000,6.741,6.741,6.6627,6.6627,0,0
PCR_PE,D,20170908,000000,6.741,6.741,6.6627,6.6627,0,0
PCR_PE,D,20170911,000000,6.6627,6.6627,6.6627,6.6627,0,0
PCR_PE,D,20170912,000000,6.741,6.741,6.5843,6.5843,0,0
PCR_PE,D,20170913,000000,6.5843,6.5843,6.5843,6.5843,0,0
PCR_PE,D,20170914,000000,6.5843,6.5843,6.5843,6.5843,0,0
PCR_PE,D,20170915,000000,6.5843,6.5843,6.5843,6.5843,0,0
PCR_PE,D,20170918,000000,6.5843,6.6627,6.5843,6.6627,0,0
PCR_PE,D,20170919,000000,6.6627,6.6627,6.5843,6.6627,0,0
PCR_PE,D,20170920,000000,6.6627,6.741,6.6627,6.6627,0,0
PCR_PE,D,20170921,000000,6.6627,6.6627,6.5843,6.5843,0,0
PCR_PE,D,20170922,000000,6.5843,6.5843,6.5843,6.5843,0,0
PCR_PE,D,20170925,000000,6.5843,6.6627,6.5843,6.6627,0,0
PCR_PE,D,20170926,000000,6.6627,6.6627,6.5843,6.5843,0,0
PCR_PE,D,20170927,000000,6.5843,6.6627,6.5843,6.6627,0,0
PCR_PE,D,20170928,000000,6.6627,6.6627,6.6627,6.6627,0,0
PCR_PE,D,20170929,000000,6.8195,6.8195,6.8195,6.8195,0,0
PCR_PE,D,20171002,000000,6.8979,6.9762,6.8979,6.8979,0,0
PCR_PE,D,20171003,000000,6.8979,6.9762,6.8979,6.9762,0,0
PCR_PE,D,20171004,000000,7.133,7.133,6.9762,7.0547,0,0
PCR_PE,D,20171005,000000,7.0547,7.0547,6.8979,6.8979,0,0
PCR_PE,D,20171006,000000,6.8979,6.8979,6.8979,6.8979,0,0
PCR_PE,D,20171009,000000,6.8979,6.9762,6.8979,6.8979,0,0
PCR_PE,D,20171010,000000,6.8979,6.8979,6.8979,6.8979,0,0
PCR_PE,D,20171011,000000,6.8979,6.9762,6.8979,6.9762,0,0
PCR_PE,D,20171012,000000,6.9762,7.0547,6.9762,6.9762,0,0
PCR_PE,D,20171013,000000,6.9762,6.9762,6.8979,6.9762,0,0
PCR_PE,D,20171016,000000,6.9762,6.9762,6.8979,6.9762,0,0
PCR_PE,D,20171017,000000,6.9762,6.9762,6.9762,6.9762,0,0
PCR_PE,D,20171018,000000,6.9762,6.9762,6.8195,6.8195,0,0
PCR_PE,D,20171019,000000,6.8195,6.8195,6.8195,6.8195,0,0
PCR_PE,D,20171020,000000,6.8195,6.8195,6.8195,6.8195,0,0
PCR_PE,D,20171023,000000,6.741,6.8195,6.741,6.8195,0,0
PCR_PE,D,20171024,000000,6.8195,6.8195,6.5059,6.741,0,0
PCR_PE,D,20171025,000000,6.741,6.741,6.6627,6.6627,0,0
PCR_PE,D,20171026,000000,6.5843,6.6627,6.5843,6.6627,0,0
PCR_PE,D,20171027,000000,6.6627,6.741,6.6627,6.6627,0,0
PCR_PE,D,20171030,000000,6.6627,6.6627,6.6627,6.6627,0,0
PCR_PE,D,20171031,000000,6.6627,6.741,6.6627,6.741,0,0
PCR_PE,D,20171102,000000,6.741,6.8195,6.741,6.741,0,0
PCR_PE,D,20171103,000000,6.741,6.741,6.6627,6.6627,0,0
PCR_PE,D,20171106,000000,6.741,6.741,6.741,6.741,0,0
PCR_PE,D,20171107,000000,6.741,6.741,6.741,6.741,0,0
PCR_PE,D,20171108,000000,6.741,6.741,6.6627,6.6627,0,0
PCR_PE,D,20171109,000000,6.6627,6.741,6.6627,6.741,0,0
PCR_PE,D,20171110,000000,6.4276,6.5843,6.3492,6.5843,0,0
PCR_PE,D,20171113,000000,6.6627,6.6627,6.5843,6.5843,0,0
PCR_PE,D,20171114,000000,6.5843,6.5843,6.5059,6.5843,0,0
PCR_PE,D,20171115,000000,6.5843,6.5843,6.5059,6.5059,0,0
PCR_PE,D,20171116,000000,6.5059,6.5059,6.4276,6.5059,0,0
PCR_PE,D,20171117,000000,6.5059,6.5843,6.5059,6.5843,0,0
PCR_PE,D,20171120,000000,6.5843,6.5843,6.5843,6.5843,0,0
PCR_PE,D,20171121,000000,6.5843,6.6627,6.5843,6.5843,0,0
PCR_PE,D,20171122,000000,6.5843,6.6627,6.5843,6.6627,0,0
PCR_PE,D,20171123,000000,6.6627,6.8979,6.6627,6.8195,0,0
PCR_PE,D,20171124,000000,6.8195,6.8195,6.741,6.741,0,0
PCR_PE,D,20171127,000000,6.741,6.8195,6.741,6.8195,0,0
PCR_PE,D,20171128,000000,6.8979,6.8979,6.8195,6.8979,0,0
PCR_PE,D,20171129,000000,6.8979,6.9762,6.8979,6.8979,0,0
PCR_PE,D,20171130,000000,6.8979,6.9762,6.8195,6.9762,0,0
PCR_PE,D,20171201,000000,6.9762,7.2114,6.8979,6.8979,0,0
PCR_PE,D,20171204,000000,6.8979,7.2114,6.8979,7.133,0,0
PCR_PE,D,20171205,000000,7.133,7.2114,7.133,7.133,0,0
PCR_PE,D,20171206,000000,7.133,7.133,7.133,7.133,0,0
PCR_PE,D,20171207,000000,7.133,7.133,7.133,7.133,0,0
PCR_PE,D,20171208,000000,7.133,7.2114,7.133,7.2114,0,0
PCR_PE,D,20171211,000000,7.2899,7.2899,7.2114,7.2899,0,0
PCR_PE,D,20171212,000000,7.2114,7.2899,7.2114,7.2114,0,0
PCR_PE,D,20171213,000000,7.2114,7.2114,7.133,7.133,0,0
PCR_PE,D,20171214,000000,7.133,7.2899,7.0547,7.2899,0,0
PCR_PE,D,20171215,000000,7.2899,7.3682,7.2114,7.3682,0,0
PCR_PE,D,20171218,000000,7.3682,7.4465,7.3682,7.4465,0,0
PCR_PE,D,20171219,000000,7.4465,7.7602,7.2899,7.6033,0,0
PCR_PE,D,20171220,000000,7.6033,7.6033,7.525,7.6033,0,0
PCR_PE,D,20171221,000000,7.6033,7.7602,7.525,7.7602,0,0
PCR_PE,D,20171222,000000,7.7602,7.7602,7.525,7.6817,0,0
PCR_PE,D,20171227,000000,7.6817,7.6817,7.6033,7.6817,0,0
PCR_PE,D,20171228,000000,7.6033,7.6817,7.525,7.6817,0,0
PCR_PE,D,20171229,000000,7.6033,7.7602,7.6033,7.6817,0,0
PCR_PE,D,20180103,000000,7.7602,7.7602,7.6033,7.6817,0,0
PCR_PE,D,20180104,000000,7.7602,7.7602,7.6033,7.7602,0,0
PCR_PE,D,20180105,000000,7.6817,7.9953,7.6033,7.8385,0,0
PCR_PE,D,20180108,000000,7.8385,8.0739,7.8385,8.0739,0,0
PCR_PE,D,20180109,000000,8.1517,8.1517,7.9953,8.0739,0,0
PCR_PE,D,20180110,000000,7.9953,8.3875,7.9953,8.3089,0,0
PCR_PE,D,20180111,000000,8.3875,8.4652,8.3089,8.4652,0,0
PCR_PE,D,20180112,000000,8.4652,8.701,8.4652,8.701,0,0
PCR_PE,D,20180115,000000,8.701,8.701,8.3875,8.4652,0,0
PCR_PE,D,20180116,000000,8.4652,8.6224,8.4652,8.6224,0,0
PCR_PE,D,20180117,000000,8.5438,8.6224,8.4652,8.5438,0,0
PCR_PE,D,20180118,000000,8.5438,8.5438,8.4652,8.4652,0,0
PCR_PE,D,20180119,000000,8.4652,8.5438,8.4652,8.4652,0,0
PCR_PE,D,20180122,000000,8.4652,8.5438,8.3875,8.4652,0,0
PCR_PE,D,20180123,000000,8.4652,8.5438,8.4652,8.5438,0,0
PCR_PE,D,20180124,000000,8.4652,8.4652,8.4652,8.4652,0,0
PCR_PE,D,20180125,000000,8.3875,8.4652,8.3875,8.4652,0,0
PCR_PE,D,20180126,000000,8.3875,8.4652,8.3875,8.4652,0,0
PCR_PE,D,20180129,000000,8.5438,8.5438,8.4652,8.4652,0,0
PCR_PE,D,20180130,000000,8.4652,8.4652,8.2303,8.4652,0,0
PCR_PE,D,20180131,000000,8.4652,8.5438,8.3875,8.4652,0,0
PCR_PE,D,20180201,000000,8.4652,8.4652,8.2303,8.4652,0,0
PCR_PE,D,20180202,000000,8.3089,8.4652,8.3089,8.4652,0,0
PCR_PE,D,20180205,000000,8.3875,8.3875,8.0739,8.3089,0,0
PCR_PE,D,20180206,000000,7.9168,8.3875,7.8385,8.3875,0,0
PCR_PE,D,20180207,000000,8.3875,8.4652,8.3089,8.4652,0,0
PCR_PE,D,20180208,000000,8.4652,8.4652,8.3875,8.3875,0,0
PCR_PE,D,20180209,000000,8.3089,8.3875,8.1517,8.3875,0,0
PCR_PE,D,20180212,000000,8.4652,8.4652,8.2303,8.3875,0,0
PCR_PE,D,20180213,000000,8.3875,8.3875,8.3875,8.3875,0,0
PCR_PE,D,20180214,000000,8.3875,8.701,8.3875,8.5438,0,0
PCR_PE,D,20180215,000000,8.5438,8.5438,8.5438,8.5438,0,0
PCR_PE,D,20180216,000000,8.5438,8.5438,8.4652,8.5438,0,0
PCR_PE,D,20180219,000000,8.6224,8.701,8.5438,8.701,0,0
PCR_PE,D,20180220,000000,8.701,8.701,8.6224,8.701,0,0
PCR_PE,D,20180221,000000,8.5438,8.701,8.5438,8.5438,0,0
PCR_PE,D,20180222,000000,8.5438,8.6224,8.4652,8.5438,0,0
PCR_PE,D,20180223,000000,8.5438,8.5438,8.4652,8.5438,0,0
PCR_PE,D,20180226,000000,8.5438,8.6224,8.3875,8.5438,0,0
PCR_PE,D,20180227,000000,8.5438,8.5438,8.5438,8.5438,0,0
PCR_PE,D,20180228,000000,8.4652,8.7788,8.4652,8.7788,0,0
PCR_PE,D,20180301,000000,8.7788,8.7788,8.6224,8.701,0,0
PCR_PE,D,20180302,000000,8.6224,8.6224,8.6224,8.6224,0,0
PCR_PE,D,20180305,000000,8.6224,8.6224,8.4652,8.4652,0,0
PCR_PE,D,20180306,000000,8.4652,8.4652,8.3875,8.4652,0,0
PCR_PE,D,20180307,000000,8.4652,8.4652,8.4652,8.4652,0,0
PCR_PE,D,20180308,000000,8.5438,8.5438,8.1517,8.1517,0,0
PCR_PE,D,20180309,000000,8.4652,9.799,8.4652,9.799,0,0
PCR_PE,D,20180312,000000,9.877,9.955,9.799,9.955,0,0
PCR_PE,D,20180313,000000,9.877,10.033,9.799,9.877,0,0
PCR_PE,D,20180314,000000,9.799,9.877,9.72,9.799,0,0
PCR_PE,D,20180315,000000,9.72,9.799,9.641,9.799,0,0
PCR_PE,D,20180316,000000,9.72,9.877,9.72,9.877,0,0
PCR_PE,D,20180319,000000,9.799,9.799,9.799,9.799,0,0
PCR_PE,D,20180320,000000,9.72,9.799,9.72,9.799,0,0
PCR_PE,D,20180321,000000,9.799,9.799,9.72,9.799,0,0
PCR_PE,D,20180322,000000,9.877,9.877,9.72,9.799,0,0
PCR_PE,D,20180323,000000,9.72,9.799,9.641,9.799,0,0
PCR_PE,D,20180326,000000,9.72,9.72,9.563,9.563,0,0
PCR_PE,D,20180327,000000,9.563,9.641,9.563,9.563,0,0
PCR_PE,D,20180328,000000,9.563,9.641,9.563,9.563,0,0
PCR_PE,D,20180329,000000,9.641,9.72,9.563,9.72,0,0
PCR_PE,D,20180403,000000,9.641,9.799,9.641,9.799,0,0
PCR_PE,D,20180404,000000,9.877,10.033,9.799,9.799,0,0
PCR_PE,D,20180405,000000,9.955,9.955,9.799,9.799,0,0
PCR_PE,D,20180406,000000,9.799,9.799,9.641,9.799,0,0
PCR_PE,D,20180409,000000,9.799,10.19,9.799,10.19,0,0
PCR_PE,D,20180410,000000,10.19,10.19,10.033,10.033,0,0
PCR_PE,D,20180411,000000,10.033,10.112,9.955,9.955,0,0
PCR_PE,D,20180412,000000,10.033,10.033,9.799,9.955,0,0
PCR_PE,D,20180413,000000,10.058,10.734,9.805,9.974,0,0
PCR_PE,D,20180416,000000,9.974,10.058,9.72,9.974,0,0
PCR_PE,D,20180417,000000,10.058,10.058,9.636,9.72,0,0
PCR_PE,D,20180418,000000,9.805,9.805,9.551,9.636,0,0
PCR_PE,D,20180419,000000,9.636,9.72,9.4665,9.551,0,0
PCR_PE,D,20180420,000000,9.72,9.72,9.4665,9.551,0,0
PCR_PE,D,20180423,000000,9.4665,9.72,9.3828,9.636,0,0
PCR_PE,D,20180424,000000,9.636,9.72,9.551,9.72,0,0
PCR_PE,D,20180425,000000,9.636,9.72,9.4665,9.72,0,0
PCR_PE,D,20180426,000000,9.636,9.974,9.636,9.974,0,0
PCR_PE,D,20180427,000000,9.974,10.227,9.974,10.058,0,0
PCR_PE,D,20180430,000000,10.058,10.058,9.89,10.058,0,0
PCR_PE,D,20180502,000000,10.143,10.143,9.89,9.89,0,0
PCR_PE,D,20180504,000000,9.89,9.974,9.72,9.72,0,0
PCR_PE,D,20180507,000000,9.805,10.058,9.72,9.974,0,0
PCR_PE,D,20180508,000000,9.974,10.058,9.636,9.636,0,0
PCR_PE,D,20180509,000000,9.72,9.89,9.72,9.72,0,0
PCR_PE,D,20180510,000000,9.89,9.89,9.551,9.551,0,0
PCR_PE,D,20180511,000000,9.636,9.636,9.3828,9.551,0,0
PCR_PE,D,20180514,000000,9.72,9.974,9.72,9.89,0,0
PCR_PE,D,20180515,000000,9.974,9.974,9.72,9.974,0,0
PCR_PE,D,20180516,000000,9.974,10.058,9.805,10.058,0,0
PCR_PE,D,20180517,000000,10.651,10.651,8.7906,8.7906,0,0
PCR_PE,D,20180518,000000,8.7062,8.7906,8.7062,8.7062,0,0
PCR_PE,D,20180521,000000,8.7062,8.8749,8.7062,8.7906,0,0
PCR_PE,D,20180522,000000,8.7906,8.7906,8.6216,8.7062,0,0
PCR_PE,D,20180523,000000,8.7906,8.7906,8.4526,8.7062,0,0
PCR_PE,D,20180524,000000,8.7062,8.7062,8.2835,8.7062,0,0
PCR_PE,D,20180525,000000,8.7062,8.7062,8.5371,8.6216,0,0
PCR_PE,D,20180528,000000,8.5371,8.6216,8.368,8.6216,0,0
PCR_PE,D,20180529,000000,8.5371,8.6216,8.4526,8.6216,0,0
PCR_PE,D,20180530,000000,8.5371,8.7062,8.5371,8.7062,0,0
PCR_PE,D,20180601,000000,8.7062,8.7062,8.5371,8.7062,0,0
PCR_PE,D,20180604,000000,8.7062,8.7062,8.6216,8.6216,0,0
PCR_PE,D,20180605,000000,8.7062,8.7906,8.6216,8.6216,0,0
PCR_PE,D,20180606,000000,8.7062,8.7906,8.6216,8.7062,0,0
PCR_PE,D,20180607,000000,8.7062,8.7906,8.7062,8.7906,0,0
PCR_PE,D,20180608,000000,8.7062,8.7906,8.7062,8.7062,0,0
PCR_PE,D,20180611,000000,8.8749,8.8749,8.6216,8.6216,0,0
PCR_PE,D,20180612,000000,8.7062,8.7062,8.6216,8.6216,0,0
PCR_PE,D,20180613,000000,8.6216,8.6216,8.6216,8.6216,0,0
PCR_PE,D,20180614,000000,8.6216,8.7062,8.5371,8.6216,0,0
PCR_PE,D,20180615,000000,8.6216,8.6216,8.5371,8.6216,0,0
PCR_PE,D,20180618,000000,8.6216,8.6216,8.5371,8.5371,0,0
PCR_PE,D,20180619,000000,8.5371,8.5371,8.368,8.368,0,0
PCR_PE,D,20180620,000000,8.368,8.368,8.2835,8.368,0,0
PCR_PE,D,20180621,000000,8.368,8.368,8.1145,8.1989,0,0
PCR_PE,D,20180622,000000,8.1989,8.1989,7.9454,8.0299,0,0
PCR_PE,D,20180625,000000,8.0299,8.1145,8.0299,8.0299,0,0
PCR_PE,D,20180626,000000,8.0299,8.0299,7.9454,8.0299,0,0
PCR_PE,D,20180627,000000,7.9454,8.0299,7.9454,8.0299,0,0
PCR_PE,D,20180628,000000,8.0299,8.0299,7.9454,7.9454,0,0
PCR_PE,D,20180629,000000,7.9454,7.9454,7.8609,7.8609,0,0
PCR_PE,D,20180702,000000,7.8609,7.8609,7.6918,7.8609,0,0
PCR_PE,D,20180703,000000,7.8609,7.8609,7.7763,7.8609,0,0
PCR_PE,D,20180704,000000,7.8609,7.9454,7.8609,7.8609,0,0
PCR_PE,D,20180705,000000,7.7763,8.1989,7.7763,8.0299,0,0
PCR_PE,D,20180706,000000,8.0299,8.1145,8.0299,8.0299,0,0
PCR_PE,D,20180709,000000,8.0299,8.0299,7.9454,7.9454,0,0
PCR_PE,D,20180710,000000,7.9454,7.9454,7.8609,7.9454,0,0
PCR_PE,D,20180711,000000,7.9454,8.0299,7.9454,8.0299,0,0
PCR_PE,D,20180712,000000,8.0299,8.0299,7.9454,8.0299,0,0
PCR_PE,D,20180713,000000,8.0299,8.0299,7.9454,8.0299,0,0
PCR_PE,D,20180716,000000,8.0299,8.0299,7.8609,7.8609,0,0
PCR_PE,D,20180717,000000,7.8609,7.8609,7.6918,7.7763,0,0
PCR_PE,D,20180718,000000,7.7763,7.7763,7.6918,7.7763,0,0
PCR_PE,D,20180719,000000,7.7763,7.7763,7.7763,7.7763,0,0
PCR_PE,D,20180720,000000,7.6918,7.6918,7.5228,7.6073,0,0
PCR_PE,D,20180723,000000,7.6073,7.6073,7.2692,7.4382,0,0
PCR_PE,D,20180724,000000,7.4382,7.8609,7.4382,7.8609,0,0
PCR_PE,D,20180725,000000,7.8609,7.8609,7.7763,7.8609,0,0
PCR_PE,D,20180726,000000,7.8609,7.8609,7.7763,7.8609,0,0
PCR_PE,D,20180727,000000,7.8609,7.8609,7.7763,7.8609,0,0
PCR_PE,D,20180730,000000,7.8609,7.8609,7.7763,7.8609,0,0
PCR_PE,D,20180731,000000,7.8609,7.8609,7.7763,7.8609,0,0
PCR_PE,D,20180801,000000,7.8609,7.8609,7.8609,7.8609,0,0
PCR_PE,D,20180802,000000,7.8609,7.8609,7.7763,7.7763,0,0
PCR_PE,D,20180803,000000,7.6918,7.8609,7.6918,7.6918,0,0
PCR_PE,D,20180806,000000,7.6918,7.6918,7.6073,7.6918,0,0
PCR_PE,D,20180807,000000,7.6918,7.7763,7.6918,7.7763,0,0
PCR_PE,D,20180808,000000,7.7763,7.8609,7.7763,7.7763,0,0
PCR_PE,D,20180809,000000,7.7763,7.8609,7.7763,7.8609,0,0
PCR_PE,D,20180810,000000,7.8609,7.8609,7.7763,7.7763,0,0
PCR_PE,D,20180813,000000,7.7763,7.7763,7.7763,7.7763,0,0
PCR_PE,D,20180814,000000,7.8609,7.8609,7.7763,7.7763,0,0
PCR_PE,D,20180816,000000,7.7763,7.8609,7.6918,7.7763,0,0
PCR_PE,D,20180817,000000,7.7763,7.7763,7.7763,7.7763,0,0
PCR_PE,D,20180820,000000,7.7763,7.9454,7.7763,7.8609,0,0
PCR_PE,D,20180821,000000,7.8609,7.8609,7.7763,7.8609,0,0
PCR_PE,D,20180822,000000,7.8609,7.8609,7.7763,7.8609,0,0
PCR_PE,D,20180823,000000,7.8609,7.8609,7.8609,7.8609,0,0
PCR_PE,D,20180824,000000,7.8609,8.0299,7.7763,7.7763,0,0
PCR_PE,D,20180827,000000,7.7763,7.7763,7.7763,7.7763,0,0
PCR_PE,D,20180828,000000,7.7763,7.7763,7.6918,7.6918,0,0
PCR_PE,D,20180829,000000,7.6918,7.7763,7.6918,7.7763,0,0
PCR_PE,D,20180830,000000,7.7763,7.7763,7.6918,7.6918,0,0
PCR_PE,D,20180831,000000,7.6918,7.6918,7.3538,7.5228,0,0
PCR_PE,D,20180903,000000,7.5228,7.6073,7.4382,7.4382,0,0
PCR_PE,D,20180904,000000,7.4382,7.4382,7.2692,7.3538,0,0
PCR_PE,D,20180905,000000,7.3538,7.4382,7.2692,7.3538,0,0
PCR_PE,D,20180906,000000,7.3538,7.3538,7.2692,7.2692,0,0
PCR_PE,D,20180907,000000,7.1847,7.1847,6.8465,7.0156,0,0
PCR_PE,D,20180910,000000,6.9311,7.1847,6.8465,7.0156,0,0
PCR_PE,D,20180911,000000,7.0156,7.1001,7.0156,7.0156,0,0
PCR_PE,D,20180912,000000,7.0156,7.1001,6.9311,6.9311,0,0
PCR_PE,D,20180913,000000,6.9311,7.0156,6.9311,7.0156,0,0
PCR_PE,D,20180914,000000,7.0156,7.0156,6.9311,7.0156,0,0
PCR_PE,D,20180917,000000,7.0156,7.0156,6.6775,6.7621,0,0
PCR_PE,D,20180918,000000,6.8465,6.9311,6.7621,6.9311,0,0
PCR_PE,D,20180919,000000,6.9311,6.9311,6.9311,6.9311,0,0
PCR_PE,D,20180920,000000,6.9311,7.0156,6.8465,6.9311,0,0
PCR_PE,D,20180921,000000,6.9311,7.0156,6.9311,6.9311,0,0
PCR_PE,D,20180924,000000,7.0156,7.0156,7.0156,7.0156,0,0
PCR_PE,D,20180925,000000,6.9311,7.0156,6.9311,6.9311,0,0
PCR_PE,D,20180926,000000,6.8465,6.8465,6.8465,6.8465,0,0
PCR_PE,D,20180927,000000,6.8465,6.9311,6.7621,6.8465,0,0
PCR_PE,D,20180928,000000,6.7621,6.7621,6.593,6.6775,0,0
PCR_PE,D,20181001,000000,6.6775,6.7621,6.5085,6.593,0,0
PCR_PE,D,20181002,000000,6.593,6.593,6.5085,6.593,0,0
PCR_PE,D,20181003,000000,6.593,6.6775,6.593,6.6775,0,0
PCR_PE,D,20181004,000000,6.6775,6.6775,6.6775,6.6775,0,0
PCR_PE,D,20181005,000000,6.6775,6.6775,6.5085,6.593,0,0
PCR_PE,D,20181008,000000,6.6775,6.6775,6.593,6.593,0,0
PCR_PE,D,20181009,000000,6.593,6.593,6.593,6.593,0,0
PCR_PE,D,20181010,000000,6.593,6.593,6.5085,6.5085,0,0
PCR_PE,D,20181011,000000,6.5085,6.5085,6.3394,6.4239,0,0
PCR_PE,D,20181012,000000,6.4239,6.5085,6.4239,6.5085,0,0
PCR_PE,D,20181015,000000,6.6775,6.7621,6.6775,6.6775,0,0
PCR_PE,D,20181016,000000,6.7621,6.8465,6.7621,6.7621,0,0
PCR_PE,D,20181017,000000,6.8465,6.8465,6.7621,6.7621,0,0
PCR_PE,D,20181018,000000,6.7621,6.7621,6.6775,6.6775,0,0
PCR_PE,D,20181019,000000,6.6775,6.6775,6.6775,6.6775,0,0
PCR_PE,D,20181022,000000,6.7621,6.7621,6.593,6.593,0,0
PCR_PE,D,20181023,000000,6.593,6.593,6.5085,6.5085,0,0
PCR_PE,D,20181024,000000,6.5085,6.5085,6.4239,6.4239,0,0
PCR_PE,D,20181025,000000,6.4239,6.4239,6.3394,6.4239,0,0
PCR_PE,D,20181026,000000,6.4239,6.4239,6.3394,6.4239,0,0
PCR_PE,D,20181029,000000,6.4239,6.5085,6.4239,6.4239,0,0
PCR_PE,D,20181030,000000,6.5085,6.5085,6.4239,6.4239,0,0
PCR_PE,D,20181031,000000,6.4239,6.5085,6.4239,6.5085,0,0
PCR_PE,D,20181102,000000,6.5085,6.6775,6.5085,6.6775,0,0
PCR_PE,D,20181105,000000,6.593,6.593,6.5085,6.5085,0,0
PCR_PE,D,20181106,000000,6.5085,6.5085,6.5085,6.5085,0,0
PCR_PE,D,20181107,000000,6.5085,6.5085,6.5085,6.5085,0,0
PCR_PE,D,20181108,000000,6.5085,6.5085,6.4239,6.5085,0,0
PCR_PE,D,20181109,000000,6.5085,6.593,5.7477,5.7477,0,0
PCR_PE,D,20181113,000000,5.7477,5.7477,5.6632,5.6632,0,0
PCR_PE,D,20181114,000000,5.6632,5.6632,5.6632,5.6632,0,0
PCR_PE,D,20181115,000000,5.6632,5.7477,5.6632,5.7477,0,0
PCR_PE,D,20181116,000000,5.7477,5.7477,5.4941,5.6632,0,0
PCR_PE,D,20181119,000000,5.6632,5.6632,5.6632,5.6632,0,0
PCR_PE,D,20181120,000000,5.6632,5.6632,5.5787,5.5787,0,0
PCR_PE,D,20181121,000000,5.6632,5.6632,5.5787,5.6632,0,0
PCR_PE,D,20181122,000000,5.6632,5.8323,5.6632,5.7477,0,0
PCR_PE,D,20181123,000000,5.7477,5.7477,5.7477,5.7477,0,0
PCR_PE,D,20181126,000000,5.7477,5.8323,5.7477,5.8323,0,0
PCR_PE,D,20181127,000000,5.8323,5.8323,5.7477,5.7477,0,0
PCR_PE,D,20181128,000000,5.7477,5.8323,5.7477,5.7477,0,0
PCR_PE,D,20181129,000000,5.7477,5.8323,5.7477,5.8323,0,0
PCR_PE,D,20181130,000000,5.8323,5.8323,5.7477,5.7477,0,0
PCR_PE,D,20181203,000000,5.7477,5.7477,5.7477,5.7477,0,0
PCR_PE,D,20181204,000000,5.7477,5.7477,5.7477,5.7477,0,0
PCR_PE,D,20181205,000000,5.7477,5.8323,5.7477,5.8323,0,0
PCR_PE,D,20181206,000000,5.8323,5.8323,5.8323,5.8323,0,0
PCR_PE,D,20181207,000000,5.8323,5.8323,5.8323,5.8323,0,0
PCR_PE,D,20181210,000000,5.8323,5.8323,5.7477,5.7477,0,0
PCR_PE,D,20181211,000000,5.7477,5.7477,5.7477,5.7477,0,0
PCR_PE,D,20181212,000000,5.7477,5.8323,5.7477,5.8323,0,0
PCR_PE,D,20181213,000000,5.8323,5.8323,5.7477,5.7477,0,0
PCR_PE,D,20181214,000000,5.7477,5.8323,5.7477,5.8323,0,0
PCR_PE,D,20181217,000000,5.8323,5.8323,5.7477,5.7477,0,0
PCR_PE,D,20181218,000000,5.7477,5.7477,5.6632,5.7477,0,0
PCR_PE,D,20181219,000000,5.7477,5.7477,5.6632,5.7477,0,0
PCR_PE,D,20181220,000000,5.7477,5.7477,5.5787,5.5787,0,0
PCR_PE,D,20181221,000000,5.5787,5.5787,5.4941,5.5787,0,0
PCR_PE,D,20181227,000000,5.6632,5.6632,5.5787,5.6632,0,0
PCR_PE,D,20181228,000000,5.6632,5.6632,5.6632,5.6632,0,0
PCR_PE,D,20190102,000000,5.6632,5.6632,5.6632,5.6632,0,0
PCR_PE,D,20190103,000000,5.6632,5.6632,5.5787,5.5787,0,0
PCR_PE,D,20190104,000000,5.5787,5.5787,5.4941,5.4941,0,0
PCR_PE,D,20190107,000000,5.4941,5.5787,5.4941,5.5787,0,0
PCR_PE,D,20190108,000000,5.5787,5.5787,5.5787,5.5787,0,0
PCR_PE,D,20190109,000000,5.5787,5.5787,5.5787,5.5787,0,0
PCR_PE,D,20190110,000000,5.5787,5.5787,5.5787,5.5787,0,0
PCR_PE,D,20190111,000000,5.5787,5.5787,5.5787,5.5787,0,0
PCR_PE,D,20190114,000000,5.5787,5.5787,5.5787,5.5787,0,0
PCR_PE,D,20190115,000000,5.5787,5.5787,5.5787,5.5787,0,0
PCR_PE,D,20190116,000000,5.5787,5.5787,5.5787,5.5787,0,0
PCR_PE,D,20190117,000000,5.5787,5.5787,5.5787,5.5787,0,0
PCR_PE,D,20190118,000000,5.5787,5.7477,5.5787,5.7477,0,0
PCR_PE,D,20190121,000000,5.7477,6.0013,5.7477,6.0013,0,0
PCR_PE,D,20190122,000000,6.0858,6.0858,6.0013,6.0013,0,0
PCR_PE,D,20190123,000000,6.0013,6.0858,6.0013,6.0013,0,0
PCR_PE,D,20190124,000000,6.0013,6.0858,6.0013,6.0858,0,0
PCR_PE,D,20190125,000000,6.0858,6.0858,6.0013,6.0858,0,0
PCR_PE,D,20190128,000000,6.0858,6.1704,6.0858,6.0858,0,0
PCR_PE,D,20190129,000000,6.0858,6.0858,5.9168,6.0013,0,0
PCR_PE,D,20190130,000000,6.0013,6.0858,6.0013,6.0013,0,0
PCR_PE,D,20190131,000000,6.0858,6.0858,5.9168,5.9168,0,0
PCR_PE,D,20190201,000000,6.0013,6.0858,6.0013,6.0858,0,0
PCR_PE,D,20190204,000000,6.0858,6.4239,6.0858,6.2548,0,0
PCR_PE,D,20190205,000000,6.3394,6.593,6.3394,6.593,0,0
PCR_PE,D,20190206,000000,6.6775,6.6775,6.5085,6.5085,0,0
PCR_PE,D,20190207,000000,6.593,6.593,6.3394,6.4239,0,0
PCR_PE,D,20190208,000000,6.3394,6.593,6.3394,6.593,0,0
PCR_PE,D,20190211,000000,6.593,6.593,6.4239,6.4239,0,0
PCR_PE,D,20190212,000000,6.5085,6.5085,6.4239,6.5085,0,0
PCR_PE,D,20190213,000000,6.5085,6.5085,6.4239,6.5085,0,0
PCR_PE,D,20190214,000000,6.5085,6.5085,6.4239,6.4239,0,0
PCR_PE,D,20190215,000000,6.4239,6.5085,6.4239,6.5085,0,0
PCR_PE,D,20190218,000000,6.5085,6.593,6.5085,6.5085,0,0
PCR_PE,D,20190219,000000,6.5085,6.593,6.4239,6.4239,0,0
PCR_PE,D,20190220,000000,6.4239,6.4239,6.2548,6.2548,0,0
PCR_PE,D,20190221,000000,6.3394,6.3394,6.2548,6.3394,0,0
PCR_PE,D,20190222,000000,6.3394,6.5085,6.3394,6.4239,0,0
PCR_PE,D,20190225,000000,6.5085,6.593,6.4239,6.593,0,0
PCR_PE,D,20190226,000000,6.593,6.593,6.5085,6.5085,0,0
PCR_PE,D,20190227,000000,6.5085,6.5085,6.4239,6.5085,0,0
PCR_PE,D,20190228,000000,6.5085,6.593,6.5085,6.5085,0,0
PCR_PE,D,20190301,000000,6.5085,6.593,6.5085,6.593,0,0
PCR_PE,D,20190304,000000,6.593,6.6775,6.593,6.593,0,0
PCR_PE,D,20190305,000000,6.593,6.593,6.5085,6.5085,0,0
PCR_PE,D,20190306,000000,6.593,6.593,6.5085,6.593,0,0
PCR_PE,D,20190307,000000,6.593,6.593,6.5085,6.5085,0,0
PCR_PE,D,20190308,000000,6.5085,6.593,6.5085,6.593,0,0
PCR_PE,D,20190311,000000,6.593,6.593,6.5085,6.5085,0,0
PCR_PE,D,20190312,000000,6.5085,6.6775,6.5085,6.6775,0,0
PCR_PE,D,20190313,000000,6.6775,6.7621,6.593,6.593,0,0
PCR_PE,D,20190314,000000,6.593,6.593,6.5085,6.5085,0,0
PCR_PE,D,20190315,000000,6.5085,6.593,6.5085,6.593,0,0
PCR_PE,D,20190318,000000,6.593,6.593,6.5085,6.593,0,0
PCR_PE,D,20190319,000000,6.593,6.9311,6.5085,6.9311,0,0
PCR_PE,D,20190320,000000,6.9311,6.9311,6.6775,6.8465,0,0
PCR_PE,D,20190321,000000,6.7621,6.8465,6.7621,6.8465,0,0
PCR_PE,D,20190322,000000,6.8465,6.8465,6.6775,6.7621,0,0
PCR_PE,D,20190325,000000,6.7621,6.7621,6.4239,6.593,0,0
PCR_PE,D,20190326,000000,6.593,6.6775,6.593,6.593,0,0
PCR_PE,D,20190327,000000,6.6775,6.6775,6.5085,6.5085,0,0
PCR_PE,D,20190328,000000,6.5085,6.5085,6.5085,6.5085,0,0
PCR_PE,D,20190329,000000,6.5085,6.5085,6.5085,6.5085,0,0
PCR_PE,D,20190401,000000,6.5085,6.593,6.5085,6.593,0,0
PCR_PE,D,20190402,000000,6.593,6.6775,6.593,6.593,0,0
PCR_PE,D,20190403,000000,6.593,6.593,6.5085,6.593,0,0
PCR_PE,D,20190404,000000,6.593,6.593,6.5085,6.5085,0,0
PCR_PE,D,20190405,000000,6.5085,6.593,6.5085,6.5085,0,0
PCR_PE,D,20190408,000000,6.5085,6.5085,6.5085,6.5085,0,0
PCR_PE,D,20190409,000000,6.5085,6.593,6.5085,6.593,0,0
PCR_PE,D,20190410,000000,6.593,6.593,6.5085,6.5085,0,0
PCR_PE,D,20190411,000000,6.593,6.593,6.4239,6.5085,0,0
PCR_PE,D,20190412,000000,6.5085,6.5085,6.5085,6.5085,0,0
PCR_PE,D,20190415,000000,6.5085,6.5085,6.5085,6.5085,0,0
PCR_PE,D,20190416,000000,6.5085,6.9311,6.5085,6.8465,0,0
PCR_PE,D,20190417,000000,6.8465,6.9311,6.7621,6.8465,0,0
PCR_PE,D,20190418,000000,6.8465,6.8465,6.6775,6.8465,0,0
PCR_PE,D,20190423,000000,7.0694,7.0694,6.8834,6.8834,0,0
PCR_PE,D,20190424,000000,6.8834,6.8834,6.7903,6.8834,0,0
PCR_PE,D,20190425,000000,6.8834,6.8834,6.7903,6.7903,0,0
PCR_PE,D,20190426,000000,6.7903,6.7903,6.6973,6.7903,0,0
PCR_PE,D,20190429,000000,6.7903,6.8834,6.7903,6.7903,0,0
PCR_PE,D,20190430,000000,6.7903,6.7903,6.7903,6.7903,0,0
PCR_PE,D,20190502,000000,6.7903,6.7903,6.7903,6.7903,0,0
PCR_PE,D,20190506,000000,6.7903,6.7903,6.7903,6.7903,0,0
PCR_PE,D,20190507,000000,6.7903,6.8834,6.7903,6.7903,0,0
PCR_PE,D,20190508,000000,6.7903,6.8834,6.7903,6.8834,0,0
PCR_PE,D,20190509,000000,6.8834,6.9764,6.8834,6.8834,0,0
PCR_PE,D,20190510,000000,6.8834,6.8834,6.8834,6.8834,0,0
PCR_PE,D,20190513,000000,6.8834,6.8834,6.8834,6.8834,0,0
PCR_PE,D,20190514,000000,6.8834,6.8834,6.7903,6.8834,0,0
PCR_PE,D,20190515,000000,6.8834,6.8834,6.7903,6.8834,0,0
PCR_PE,D,20190516,000000,6.4183,7.2554,6.3253,7.2554,0,0
PCR_PE,D,20190517,000000,7.0694,7.1624,6.9764,7.1624,0,0
PCR_PE,D,20190520,000000,7.0694,7.1624,6.8834,6.9764,0,0
PCR_PE,D,20190521,000000,6.7903,6.8834,6.6043,6.7903,0,0
PCR_PE,D,20190522,000000,6.7903,6.9764,6.7903,6.9764,0,0
PCR_PE,D,20190523,000000,6.9764,7.0694,6.8834,6.8834,0,0
PCR_PE,D,20190524,000000,6.9764,6.9764,6.9764,6.9764,0,0
PCR_PE,D,20190527,000000,6.9764,7.0694,6.9764,7.0694,0,0
PCR_PE,D,20190528,000000,7.1624,7.1624,7.1624,7.1624,0,0
PCR_PE,D,20190529,000000,7.2554,7.2554,6.8834,7.1624,0,0
PCR_PE,D,20190530,000000,7.1624,7.3485,7.1624,7.2554,0,0
PCR_PE,D,20190531,000000,7.2554,7.3485,7.1624,7.2554,0,0
PCR_PE,D,20190603,000000,7.2554,7.2554,7.0694,7.2554,0,0
PCR_PE,D,20190604,000000,7.2554,7.2554,7.1624,7.1624,0,0
PCR_PE,D,20190605,000000,7.1624,7.1624,7.0694,7.0694,0,0
PCR_PE,D,20190606,000000,6.9764,7.0694,6.9764,7.0694,0,0
PCR_PE,D,20190607,000000,7.1624,7.1624,6.9764,7.0694,0,0
PCR_PE,D,20190610,000000,7.0694,7.1624,6.7903,6.9764,0,0
PCR_PE,D,20190611,000000,6.8834,6.8834,6.7903,6.7903,0,0
PCR_PE,D,20190612,000000,6.7903,6.7903,6.6043,6.6973,0,0
PCR_PE,D,20190613,000000,6.7903,6.7903,6.6973,6.7903,0,0
PCR_PE,D,20190614,000000,6.7903,6.7903,6.6973,6.6973,0,0
PCR_PE,D,20190617,000000,6.6973,6.6973,6.6043,6.6973,0,0
PCR_PE,D,20190618,000000,6.6973,6.7903,6.6043,6.6973,0,0
PCR_PE,D,20190619,000000,6.6973,6.7903,6.6973,6.6973,0,0
PCR_PE,D,20190621,000000,6.7903,6.8834,6.6973,6.7903,0,0
PCR_PE,D,20190624,000000,6.6973,6.7903,6.6973,6.7903,0,0
PCR_PE,D,20190625,000000,6.8834,6.8834,6.6973,6.7903,0,0
PCR_PE,D,20190626,000000,6.6973,6.7903,6.6973,6.7903,0,0
PCR_PE,D,20190627,000000,6.7903,6.7903,6.6043,6.7903,0,0
PCR_PE,D,20190628,000000,6.6973,6.7903,6.6973,6.6973,0,0
PCR_PE,D,20190701,000000,6.7903,6.7903,6.6973,6.6973,0,0
PCR_PE,D,20190702,000000,6.6973,6.6973,6.6043,6.6973,0,0
PCR_PE,D,20190703,000000,6.6973,6.6973,6.6043,6.6973,0,0
PCR_PE,D,20190704,000000,6.6973,6.7903,6.6973,6.7903,0,0
PCR_PE,D,20190705,000000,6.7903,6.8834,6.7903,6.8834,0,0
PCR_PE,D,20190708,000000,6.8834,6.8834,6.6973,6.6973,0,0
PCR_PE,D,20190709,000000,6.7903,6.7903,6.6973,6.7903,0,0
PCR_PE,D,20190710,000000,6.7903,6.7903,6.7903,6.7903,0,0
PCR_PE,D,20190711,000000,6.7903,6.7903,6.7903,6.7903,0,0
PCR_PE,D,20190712,000000,6.7903,6.7903,6.7903,6.7903,0,0
PCR_PE,D,20190715,000000,6.7903,6.8834,6.7903,6.8834,0,0
PCR_PE,D,20190716,000000,6.8834,6.8834,6.7903,6.7903,0,0
PCR_PE,D,20190717,000000,6.7903,6.8834,6.7903,6.8834,0,0
PCR_PE,D,20190718,000000,6.8834,6.8834,6.8834,6.8834,0,0
PCR_PE,D,20190719,000000,6.8834,6.8834,6.7903,6.8834,0,0
PCR_PE,D,20190722,000000,6.8834,6.8834,6.7903,6.7903,0,0
PCR_PE,D,20190723,000000,6.7903,6.7903,6.6043,6.6973,0,0
PCR_PE,D,20190724,000000,6.6973,6.6973,6.4183,6.4183,0,0
PCR_PE,D,20190725,000000,6.4183,6.4183,6.4183,6.4183,0,0
PCR_PE,D,20190726,000000,6.4183,6.4183,6.1392,6.2322,0,0
PCR_PE,D,20190729,000000,6.2322,6.2322,6.0462,6.0462,0,0
PCR_PE,D,20190730,000000,5.9532,5.9532,5.6741,5.9532,0,0
PCR_PE,D,20190731,000000,5.9532,6.1392,5.9532,6.0462,0,0
PCR_PE,D,20190801,000000,6.1392,6.2322,6.0462,6.1392,0,0
PCR_PE,D,20190802,000000,6.2322,6.2322,5.9532,6.0462,0,0
PCR_PE,D,20190805,000000,5.9532,6.0462,5.9532,5.9532,0,0
PCR_PE,D,20190806,000000,5.9532,5.9532,5.6741,5.8602,0,0
PCR_PE,D,20190807,000000,6.0462,6.0462,5.8602,5.8602,0,0
PCR_PE,D,20190808,000000,5.9532,5.9532,5.7671,5.7671,0,0
PCR_PE,D,20190809,000000,5.9532,5.9532,5.8602,5.8602,0,0
PCR_PE,D,20190812,000000,5.8602,5.9532,5.8602,5.8602,0,0
PCR_PE,D,20190813,000000,5.8602,5.8602,5.7671,5.8602,0,0
PCR_PE,D,20190814,000000,5.8602,5.8602,5.7671,5.7671,0,0
PCR_PE,D,20190816,000000,5.7671,5.8602,5.7671,5.7671,0,0
PCR_PE,D,20190819,000000,5.7671,5.8602,5.7671,5.8602,0,0
PCR_PE,D,20190820,000000,5.8602,5.8602,5.7671,5.7671,0,0
PCR_PE,D,20190821,000000,5.8602,5.8602,5.8602,5.8602,0,0
PCR_PE,D,20190822,000000,5.8602,5.8602,5.7671,5.8602,0,0
PCR_PE,D,20190823,000000,5.116,6.0462,4.837,6.0462,0,0
PCR_PE,D,20190826,000000,5.9532,6.2322,5.9532,6.2322,0,0
PCR_PE,D,20190827,000000,6.3253,6.3253,5.8602,5.8602,0,0
PCR_PE,D,20190828,000000,5.8602,5.8602,5.5811,5.6741,0,0
PCR_PE,D,20190829,000000,5.7671,5.7671,5.6741,5.6741,0,0
PCR_PE,D,20190830,000000,5.6741,5.6741,5.6741,5.6741,0,0
PCR_PE,D,20190902,000000,5.6741,5.6741,5.6741,5.6741,0,0
PCR_PE,D,20190903,000000,5.6741,5.6741,5.6741,5.6741,0,0
PCR_PE,D,20190904,000000,5.7671,5.7671,5.4881,5.5811,0,0
PCR_PE,D,20190905,000000,5.6741,5.6741,5.5811,5.6741,0,0
PCR_PE,D,20190906,000000,5.6741,5.8602,5.6741,5.8602,0,0
PCR_PE,D,20190909,000000,6.0462,6.1392,5.8602,6.1392,0,0
PCR_PE,D,20190910,000000,6.1392,6.3253,6.1392,6.2322,0,0
PCR_PE,D,20190911,000000,6.3253,6.3253,6.1392,6.1392,0,0
PCR_PE,D,20190912,000000,6.1392,6.2322,6.1392,6.1392,0,0
PCR_PE,D,20190913,000000,6.2322,6.2322,6.0462,6.2322,0,0
PCR_PE,D,20190916,000000,6.2322,6.2322,6.1392,6.1392,0,0
PCR_PE,D,20190917,000000,6.1392,6.1392,6.0462,6.0462,0,0
PCR_PE,D,20190918,000000,6.1392,6.1392,5.9532,6.0462,0,0
PCR_PE,D,20190919,000000,6.0462,6.1392,6.0462,6.1392,0,0
PCR_PE,D,20190920,000000,6.1392,6.1392,6.0462,6.1392,0,0
PCR_PE,D,20190923,000000,6.1392,6.1392,5.7671,6.0462,0,0
PCR_PE,D,20190924,000000,6.0462,6.0462,5.8602,6.0462,0,0
PCR_PE,D,20190925,000000,6.0462,6.0462,5.8602,5.9532,0,0
PCR_PE,D,20190926,000000,5.9532,5.9532,5.8602,5.9532,0,0
PCR_PE,D,20190927,000000,6.0462,6.0462,5.8602,5.9532,0,0
PCR_PE,D,20190930,000000,5.8602,5.8602,5.5811,5.5811,0,0
PCR_PE,D,20191001,000000,5.4881,5.4881,5.3951,5.4881,0,0
PCR_PE,D,20191002,000000,5.4881,5.5811,5.4881,5.4881,0,0
PCR_PE,D,20191003,000000,5.4881,5.5811,5.4881,5.4881,0,0
PCR_PE,D,20191004,000000,5.4881,5.5811,5.4881,5.4881,0,0
PCR_PE,D,20191007,000000,5.4881,5.5811,5.3951,5.4881,0,0
PCR_PE,D,20191008,000000,5.5811,5.5811,5.4881,5.5811,0,0
PCR_PE,D,20191009,000000,5.5811,5.5811,5.4881,5.5811,0,0
PCR_PE,D,20191010,000000,5.5811,5.5811,5.4881,5.4881,0,0
PCR_PE,D,20191011,000000,5.4881,5.8602,5.4881,5.7671,0,0
PCR_PE,D,20191014,000000,5.8602,5.8602,5.7671,5.8602,0,0
PCR_PE,D,20191015,000000,5.8602,5.8602,5.5811,5.8602,0,0
PCR_PE,D,20191016,000000,5.8602,5.8602,5.7671,5.8602,0,0
PCR_PE,D,20191017,000000,5.8602,5.8602,5.7671,5.8602,0,0
PCR_PE,D,20191018,000000,5.8602,5.8602,5.7671,5.8602,0,0
PCR_PE,D,20191021,000000,5.7671,5.8602,5.7671,5.8602,0,0
PCR_PE,D,20191022,000000,5.8602,5.8602,5.7671,5.8602,0,0
PCR_PE,D,20191023,000000,5.8602,5.8602,5.7671,5.7671,0,0
PCR_PE,D,20191024,000000,5.7671,5.7671,5.7671,5.7671,0,0
PCR_PE,D,20191025,000000,5.7671,5.7671,5.7671,5.7671,0,0
PCR_PE,D,20191028,000000,5.7671,5.7671,5.7671,5.7671,0,0
PCR_PE,D,20191029,000000,5.7671,5.7671,5.6741,5.6741,0,0
PCR_PE,D,20191030,000000,5.6741,5.7671,5.6741,5.7671,0,0
PCR_PE,D,20191031,000000,5.7671,5.7671,5.6741,5.6741,0,0
PCR_PE,D,20191104,000000,5.6741,5.7671,5.6741,5.6741,0,0
PCR_PE,D,20191105,000000,5.6741,5.7671,5.5811,5.7671,0,0
PCR_PE,D,20191106,000000,5.7671,5.7671,5.6741,5.7671,0,0
PCR_PE,D,20191107,000000,5.7671,5.7671,5.6741,5.6741,0,0
PCR_PE,D,20191108,000000,5.6741,5.7671,5.6741,5.6741,0,0
PCR_PE,D,20191112,000000,5.6741,5.7671,5.5811,5.7671,0,0
PCR_PE,D,20191113,000000,5.7671,5.7671,5.5811,5.6741,0,0
PCR_PE,D,20191114,000000,5.6741,5.6741,5.3951,5.6741,0,0
PCR_PE,D,20191115,000000,5.6741,6.4183,5.6741,6.4183,0,0
PCR_PE,D,20191118,000000,6.5113,6.5113,6.4183,6.4183,0,0
PCR_PE,D,20191119,000000,6.4183,6.5113,6.4183,6.4183,0,0
PCR_PE,D,20191120,000000,6.4183,6.4183,6.4183,6.4183,0,0
PCR_PE,D,20191121,000000,6.4183,6.4183,6.3253,6.3253,0,0
PCR_PE,D,20191122,000000,6.3253,6.3253,6.1392,6.3253,0,0
PCR_PE,D,20191125,000000,6.3253,6.3253,6.2322,6.3253,0,0
PCR_PE,D,20191126,000000,6.3253,6.3253,6.2322,6.3253,0,0
PCR_PE,D,20191127,000000,6.3253,6.3253,6.3253,6.3253,0,0
PCR_PE,D,20191128,000000,6.3253,6.3253,6.1392,6.3253,0,0
PCR_PE,D,20191129,000000,6.3253,6.3253,6.2322,6.3253,0,0
PCR_PE,D,20191202,000000,6.3253,6.3253,6.2322,6.2322,0,0
PCR_PE,D,20191203,000000,6.2322,6.2322,6.1392,6.2322,0,0
PCR_PE,D,20191204,000000,6.2322,6.3253,6.1392,6.3253,0,0
PCR_PE,D,20191205,000000,6.3253,6.3253,6.1392,6.3253,0,0
PCR_PE,D,20191206,000000,6.3253,6.3253,6.2322,6.3253,0,0
PCR_PE,D,20191209,000000,6.3253,6.3253,6.2322,6.2322,0,0
PCR_PE,D,20191210,000000,6.2322,6.2322,6.1392,6.2322,0,0
PCR_PE,D,20191211,000000,6.2322,6.3253,6.2322,6.2322,0,0
PCR_PE,D,20191212,000000,6.3253,6.3253,6.2322,6.2322,0,0
PCR_PE,D,20191213,000000,6.2322,6.3253,6.2322,6.2322,0,0
PCR_PE,D,20191216,000000,6.2322,6.2322,6.2322,6.2322,0,0
PCR_PE,D,20191217,000000,6.2322,6.2322,6.1392,6.2322,0,0
PCR_PE,D,20191218,000000,6.2322,6.2322,6.1392,6.1392,0,0
PCR_PE,D,20191219,000000,6.1392,6.1392,6.1392,6.1392,0,0
PCR_PE,D,20191220,000000,6.1392,6.1392,6.1392,6.1392,0,0
PCR_PE,D,20191223,000000,6.1392,6.1392,6.0462,6.1392,0,0
PCR_PE,D,20191227,000000,6.2322,6.2322,6.0462,6.1392,0,0
PCR_PE,D,20191230,000000,6.1392,6.2322,6.1392,6.2322,0,0
PCR_PE,D,20200102,000000,6.2322,6.6043,6.1392,6.5113,0,0
PCR_PE,D,20200103,000000,6.5113,6.8834,6.5113,6.7903,0,0
PCR_PE,D,20200107,000000,6.7903,6.9764,6.7903,6.8834,0,0
PCR_PE,D,20200108,000000,6.9764,6.9764,6.6973,6.7903,0,0
PCR_PE,D,20200109,000000,6.7903,6.8834,6.6973,6.6973,0,0
PCR_PE,D,20200110,000000,6.7903,6.8834,6.6973,6.7903,0,0
PCR_PE,D,20200113,000000,6.7903,6.7903,6.6973,6.7903,0,0
PCR_PE,D,20200114,000000,6.6973,6.7903,6.6043,6.7903,0,0
PCR_PE,D,20200115,000000,6.7903,6.7903,6.5113,6.5113,0,0
PCR_PE,D,20200116,000000,6.5113,6.6973,6.3253,6.6973,0,0
PCR_PE,D,20200117,000000,6.6973,6.7903,6.5113,6.6973,0,0
PCR_PE,D,20200120,000000,6.6973,6.6973,6.6043,6.6973,0,0
PCR_PE,D,20200121,000000,6.7903,6.7903,6.6973,6.6973,0,0
PCR_PE,D,20200122,000000,6.7903,6.7903,6.5113,6.6043,0,0
PCR_PE,D,20200123,000000,6.6043,6.6043,6.5113,6.5113,0,0
PCR_PE,D,20200124,000000,6.5113,6.5113,6.4183,6.5113,0,0
PCR_PE,D,20200127,000000,6.5113,6.5113,6.3253,6.5113,0,0
PCR_PE,D,20200128,000000,6.5113,6.6043,6.3253,6.5113,0,0
PCR_PE,D,20200129,000000,6.4183,6.5113,6.3253,6.5113,0,0
PCR_PE,D,20200130,000000,6.5113,6.5113,6.4183,6.4183,0,0
PCR_PE,D,20200131,000000,6.4183,6.4183,6.3253,6.4183,0,0
PCR_PE,D,20200203,000000,6.4183,6.5113,6.3253,6.5113,0,0
PCR_PE,D,20200204,000000,6.5113,6.5113,6.4183,6.4183,0,0
PCR_PE,D,20200205,000000,6.4183,6.4183,6.2322,6.2322,0,0
PCR_PE,D,20200206,000000,6.2322,6.2322,6.1392,6.2322,0,0
PCR_PE,D,20200207,000000,6.2322,6.3253,6.2322,6.3253,0,0
PCR_PE,D,20200210,000000,6.3253,6.3253,6.1392,6.1392,0,0
PCR_PE,D,20200211,000000,6.1392,6.1392,5.7671,5.8602,0,0
PCR_PE,D,20200212,000000,5.8602,5.9532,5.8602,5.8602,0,0
PCR_PE,D,20200213,000000,5.9532,5.9532,5.9532,5.9532,0,0
PCR_PE,D,20200214,000000,5.9532,5.9532,5.7671,5.8602,0,0
PCR_PE,D,20200217,000000,5.7671,6.0462,5.7671,6.0462,0,0
PCR_PE,D,20200218,000000,6.1392,6.2322,6.0462,6.1392,0,0
PCR_PE,D,20200219,000000,6.1392,6.1392,6.0462,6.0462,0,0
PCR_PE,D,20200220,000000,6.0462,6.1392,6.0462,6.1392,0,0
PCR_PE,D,20200221,000000,6.1392,6.1392,6.1392,6.1392,0,0
PCR_PE,D,20200224,000000,6.1392,6.1392,5.8602,5.9532,0,0
PCR_PE,D,20200225,000000,5.9532,5.9532,5.7671,5.8602,0,0
PCR_PE,D,20200226,000000,5.7671,5.7671,5.4881,5.7671,0,0
PCR_PE,D,20200227,000000,5.6741,5.7671,5.3951,5.4881,0,0
PCR_PE,D,20200228,000000,5.3021,5.3951,5.023,5.116,0,0
PCR_PE,D,20200302,000000,5.116,5.6741,5.116,5.5811,0,0
PCR_PE,D,20200303,000000,5.6741,5.6741,5.3951,5.4881,0,0
PCR_PE,D,20200304,000000,5.4881,5.4881,5.3951,5.4881,0,0
PCR_PE,D,20200305,000000,5.3951,5.5811,5.3951,5.3951,0,0
PCR_PE,D,20200306,000000,5.4881,5.4881,5.209,5.3021,0,0
PCR_PE,D,20200309,000000,5.023,5.209,4.837,5.023,0,0
PCR_PE,D,20200310,000000,5.023,5.209,4.7439,4.93,0,0
PCR_PE,D,20200311,000000,4.93,4.93,4.5579,4.7439,0,0
PCR_PE,D,20200312,000000,4.6509,4.6509,4.0928,4.0928,0,0
PCR_PE,D,20200313,000000,4.0928,4.4649,3.9998,4.0928,0,0
PCR_PE,D,20200316,000000,3.9998,4.0928,3.7207,3.8138,0,0
PCR_PE,D,20200317,000000,3.9998,3.9998,3.8138,3.9998,0,0
PCR_PE,D,20200318,000000,3.9998,4.1858,3.9998,4.1858,0,0
PCR_PE,D,20200319,000000,4.2789,4.2789,4.1858,4.2789,0,0
PCR_PE,D,20200320,000000,4.2789,6.1392,3.9998,6.1392,0,0
PCR_PE,D,20200323,000000,5.8602,5.9532,5.6741,5.9532,0,0
PCR_PE,D,20200324,000000,6.1392,6.1392,5.9532,6.0462,0,0
PCR_PE,D,20200325,000000,6.3253,6.3253,5.7671,5.9532,0,0
PCR_PE,D,20200326,000000,5.9532,5.9532,5.8602,5.9532,0,0
PCR_PE,D,20200327,000000,5.9532,5.9532,5.9532,5.9532,0,0
PCR_PE,D,20200330,000000,5.9532,5.9532,5.8602,5.9532,0,0
PCR_PE,D,20200331,000000,5.9532,5.9532,5.8602,5.9532,0,0
PCR_PE,D,20200401,000000,5.9532,5.9532,5.8602,5.9532,0,0
PCR_PE,D,20200402,000000,5.9532,6.2322,5.9532,6.0462,0,0
PCR_PE,D,20200403,000000,6.0462,6.3253,6.0462,6.2322,0,0
PCR_PE,D,20200406,000000,6.2322,6.6043,6.2322,6.4183,0,0
PCR_PE,D,20200407,000000,6.8834,6.8834,6.4183,6.6043,0,0
PCR_PE,D,20200408,000000,6.6043,6.6043,6.2322,6.4183,0,0
PCR_PE,D,20200409,000000,6.4183,6.6973,6.4183,6.6043,0,0
PCR_PE,D,20200414,000000,6.6043,7.2554,6.6043,7.2554,0,0
PCR_PE,D,20200415,000000,7.3485,7.3485,7.1624,7.2554,0,0
PCR_PE,D,20200416,000000,7.2554,7.4415,7.2554,7.3485,0,0
PCR_PE,D,20200417,000000,7.4415,7.8136,7.4415,7.8136,0,0
PCR_PE,D,20200420,000000,7.9066,8.3717,7.8136,8.3717,0,0
PCR_PE,D,20200421,000000,8.4647,8.4647,7.2554,7.7205,0,0
PCR_PE,D,20200422,000000,7.7205,7.9066,7.4415,7.7205,0,0
PCR_PE,D,20200423,000000,7.9066,7.9996,7.7205,7.9066,0,0
PCR_PE,D,20200424,000000,7.8136,7.9066,7.6275,7.8136,0,0
PCR_PE,D,20200427,000000,7.8136,7.9996,7.7205,7.8136,0,0
PCR_PE,D,20200428,000000,7.9066,7.9066,7.5345,7.8136,0,0
PCR_PE,D,20200429,000000,7.8136,7.9066,7.7205,7.9066,0,0
PCR_PE,D,20200430,000000,7.9996,7.9996,7.7205,7.7205,0,0
PCR_PE,D,20200504,000000,7.8136,7.8136,7.7205,7.8136,0,0
PCR_PE,D,20200505,000000,7.9066,8.1856,7.9066,8.0926,0,0
PCR_PE,D,20200506,000000,8.1856,8.1856,8.0926,8.1856,0,0
PCR_PE,D,20200507,000000,8.1856,8.1856,8.0926,8.0926,0,0
PCR_PE,D,20200508,000000,8.3717,9.1158,8.3717,8.9298,0,0
PCR_PE,D,20200511,000000,9.1158,9.3949,9.1158,9.3018,0,0
PCR_PE,D,20200512,000000,9.2088,9.3949,8.9298,9.2088,0,0
PCR_PE,D,20200513,000000,9.2088,9.2088,9.0228,9.2088,0,0
PCR_PE,D,20200514,000000,9.1158,9.2088,8.5577,8.8368,0,0
PCR_PE,D,20200515,000000,8.8368,11.162,8.5577,11.162,0,0
PCR_PE,D,20200518,000000,11.162,11.627,11.162,11.627,0,0
PCR_PE,D,20200519,000000,11.627,11.627,11.441,11.441,0,0
PCR_PE,D,20200520,000000,12.185,12.464,11.999,12.464,0,0
PCR_PE,D,20200521,000000,12.557,12.837,12.557,12.557,0,0
PCR_PE,D,20200522,000000,12.651,12.651,12.185,12.651,0,0
PCR_PE,D,20200525,000000,12.651,12.651,12.557,12.557,0,0
PCR_PE,D,20200526,000000,13.7,13.9,12.8,12.8,0,0
PCR_PE,D,20200527,000000,12.8,12.9,12.6,12.7,0,0
PCR_PE,D,20200528,000000,12.6,12.8,12.4,12.5,0,0
PCR_PE,D,20200529,000000,12.5,12.5,12.1,12.4,0,0
PCR_PE,D,20200601,000000,12.4,12.9,12.4,12.8,0,0
PCR_PE,D,20200602,000000,12.7,12.9,12.7,12.8,0,0
PCR_PE,D,20200603,000000,12.8,13,12.7,13,0,0
PCR_PE,D,20200604,000000,13.1,13.1,12.8,13,0,0
PCR_PE,D,20200605,000000,12.9,12.9,12.6,12.9,0,0
PCR_PE,D,20200608,000000,12.9,13,12.6,12.8,0,0
PCR_PE,D,20200609,000000,12.8,12.8,12.5,12.6,0,0
PCR_PE,D,20200610,000000,12.6,12.7,12.5,12.6,0,0
PCR_PE,D,20200612,000000,12.4,12.5,12.2,12.5,0,0
PCR_PE,D,20200615,000000,12.5,12.5,12.1,12.2,0,0
PCR_PE,D,20200616,000000,12.3,12.4,12.3,12.3,0,0
PCR_PE,D,20200617,000000,12.4,12.4,12.4,12.4,0,0
PCR_PE,D,20200618,000000,12.4,12.5,12.4,12.5,0,0
PCR_PE,D,20200619,000000,12.3,12.5,12.3,12.3,0,0
PCR_PE,D,20200622,000000,12.3,12.4,12.2,12.2,0,0
PCR_PE,D,20200623,000000,12.2,12.3,12.1,12.1,0,0
PCR_PE,D,20200624,000000,12.1,12.1,11.7,11.8,0,0
PCR_PE,D,20200625,000000,11.8,11.9,11.6,11.9,0,0
PCR_PE,D,20200626,000000,11.9,11.9,11.8,11.8,0,0
PCR_PE,D,20200629,000000,11.9,11.9,11.8,11.9,0,0
PCR_PE,D,20200630,000000,11.9,11.9,11.8,11.8,0,0
PCR_PE,D,20200701,000000,11.9,12,11.8,12,0,0
PCR_PE,D,20200702,000000,12.1,12.1,11.9,12,0,0
PCR_PE,D,20200703,000000,12.1,12.2,12.1,12.1,0,0
PCR_PE,D,20200706,000000,12,12.5,12,12.4,0,0
PCR_PE,D,20200707,000000,12.3,12.5,12.2,12.3,0,0
PCR_PE,D,20200708,000000,12.4,12.4,12,12.3,0,0
PCR_PE,D,20200709,000000,12.2,12.4,12.2,12.3,0,0
PCR_PE,D,20200710,000000,12.2,12.4,12.2,12.4,0,0
PCR_PE,D,20200713,000000,12.5,12.8,12.4,12.8,0,0
PCR_PE,D,20200714,000000,12.9,13.1,12.9,13,0,0
PCR_PE,D,20200715,000000,13.1,13.1,12.9,12.9,0,0
PCR_PE,D,20200716,000000,12.9,12.9,12.7,12.8,0,0
PCR_PE,D,20200717,000000,12.8,12.8,12.7,12.7,0,0
PCR_PE,D,20200720,000000,12.7,14.3,12.7,13.7,0,0
PCR_PE,D,20200721,000000,13.8,15.6,13.8,15.4,0,0
PCR_PE,D,20200722,000000,15.5,15.6,14.5,15.3,0,0
PCR_PE,D,20200723,000000,15.2,15.6,14.7,15.2,0,0
PCR_PE,D,20200724,000000,15,15,14.6,14.7,0,0
PCR_PE,D,20200727,000000,14.7,15.6,14.7,15.4,0,0
PCR_PE,D,20200728,000000,15.6,16.2,15.5,15.7,0,0
PCR_PE,D,20200729,000000,15.6,15.8,15,15.3,0,0
PCR_PE,D,20200730,000000,15.3,15.3,13.1,13.4,0,0
PCR_PE,D,20200731,000000,14,14.4,14,14,0,0
PCR_PE,D,20200803,000000,14.3,14.7,14.3,14.5,0,0
PCR_PE,D,20200804,000000,14.4,14.5,13.9,14.1,0,0
PCR_PE,D,20200805,000000,14.1,14.3,13.8,14.2,0,0
PCR_PE,D,20200806,000000,14.2,14.3,13.9,14.1,0,0
PCR_PE,D,20200807,000000,14.1,14.9,13.5,14.7,0,0
PCR_PE,D,20200810,000000,14.6,15.1,14.4,14.7,0,0
PCR_PE,D,20200811,000000,14.5,14.8,14.5,14.7,0,0
PCR_PE,D,20200812,000000,14.2,14.6,14.2,14.2,0,0
PCR_PE,D,20200813,000000,14.4,14.8,14.4,14.8,0,0
PCR_PE,D,20200814,000000,15,15,14.6,14.8,0,0
PCR_PE,D,20200817,000000,14.8,15.2,14.7,15,0,0
PCR_PE,D,20200818,000000,15.1,15.3,14.9,15,0,0
PCR_PE,D,20200819,000000,15.2,15.4,15.2,15.3,0,0
PCR_PE,D,20200820,000000,15.3,15.5,15.1,15.4,0,0
PCR_PE,D,20200821,000000,14.8,14.8,12.9,12.9,0,0
