<TICKER>,<PER>,<DATE>,<TIME>,<OPEN>,<HIGH>,<LOW>,<CLOSE>,<VOL>,<OPENINT>
PCX_PE,D,20120920,000000,54.688,54.688,54.688,54.688,0,0
PCX_PE,D,20120921,000000,54.688,54.688,52.307,54.688,0,0
PCX_PE,D,20120924,000000,54.927,55.243,54.927,55.243,0,0
PCX_PE,D,20120925,000000,55.163,55.163,54.688,54.688,0,0
PCX_PE,D,20120926,000000,54.133,55.957,54.133,55.957,0,0
PCX_PE,D,20120927,000000,55.957,55.957,55.404,55.719,0,0
PCX_PE,D,20120928,000000,55.719,57.068,55.719,57.068,0,0
PCX_PE,D,20121001,000000,56.99,57.068,56.751,57.068,0,0
PCX_PE,D,20121002,000000,57.227,57.307,55.163,57.307,0,0
PCX_PE,D,20121003,000000,57.227,58.578,57.227,58.102,0,0
PCX_PE,D,20121004,000000,58.578,58.578,58.102,58.578,0,0
PCX_PE,D,20121005,000000,58.578,58.815,58.26,58.578,0,0
PCX_PE,D,20121008,000000,58.578,59.927,57.227,59.927,0,0
PCX_PE,D,20121009,000000,59.848,59.927,59.848,59.927,0,0
PCX_PE,D,20121010,000000,59.848,59.848,58.578,58.578,0,0
PCX_PE,D,20121011,000000,59.054,60.642,58.578,60.403,0,0
PCX_PE,D,20121012,000000,60.642,70.324,60.086,70.324,0,0
PCX_PE,D,20121015,000000,71.594,71.594,70.244,71.594,0,0
PCX_PE,D,20121016,000000,71.594,75.484,71.594,75.484,0,0
PCX_PE,D,20121017,000000,78.102,84.612,78.102,84.382,0,0
PCX_PE,D,20121018,000000,84.299,88.571,83.266,88.571,0,0
PCX_PE,D,20121019,000000,88.51,88.51,85.087,85.17,0,0
PCX_PE,D,20121022,000000,82.79,93.733,82.79,93.733,0,0
PCX_PE,D,20121023,000000,93.66,96.83,84.848,93.733,0,0
PCX_PE,D,20121024,000000,92.473,98.426,92.473,98.426,0,0
PCX_PE,D,20121025,000000,98.898,99.69,98.662,99.458,0,0
PCX_PE,D,20121026,000000,100.16,103.43,99.95,103.43,0,0
PCX_PE,D,20121029,000000,103.33,104.93,103.03,104.93,0,0
PCX_PE,D,20121030,000000,105.4,107.32,105.4,107.32,0,0
PCX_PE,D,20121031,000000,107.23,111.2,107,111.2,0,0
PCX_PE,D,20121102,000000,111.12,112.8,110.87,112.8,0,0
PCX_PE,D,20121105,000000,112.72,115.89,112.72,115.89,0,0
PCX_PE,D,20121106,000000,115.81,116.84,114.77,116.68,0,0
PCX_PE,D,20121107,000000,116.6,116.6,106.76,106.76,0,0
PCX_PE,D,20121108,000000,106.2,115.65,89.769,115.65,0,0
PCX_PE,D,20121109,000000,115.57,115.57,108.03,109.37,0,0
PCX_PE,D,20121112,000000,104.38,106.67,103.82,104.14,0,0
PCX_PE,D,20121113,000000,102.79,103.91,99.143,103.91,0,0
PCX_PE,D,20121114,000000,103.82,104.93,103.82,104.93,0,0
PCX_PE,D,20121115,000000,104.38,105.18,104.38,104.93,0,0
PCX_PE,D,20121116,000000,104.86,106.51,104.86,106.51,0,0
PCX_PE,D,20121119,000000,106.2,106.43,103.82,105.96,0,0
PCX_PE,D,20121120,000000,105.88,105.96,101.52,105.48,0,0
PCX_PE,D,20121121,000000,104.06,105.24,98.898,105.24,0,0
PCX_PE,D,20121122,000000,104.06,104.06,93.66,97.955,0,0
PCX_PE,D,20121123,000000,100.16,100.16,94.216,97.636,0,0
PCX_PE,D,20121126,000000,96.052,97.636,93.186,94.772,0,0
PCX_PE,D,20121127,000000,94.688,94.688,79.694,79.694,0,0
PCX_PE,D,20121128,000000,81.2,81.2,68.658,81.038,0,0
PCX_PE,D,20121129,000000,83.266,83.266,81.038,83.102,0,0
PCX_PE,D,20121130,000000,81.675,81.675,80.097,81.038,0,0
PCX_PE,D,20121203,000000,82.315,82.315,78.262,78.262,0,0
PCX_PE,D,20121204,000000,79.614,79.614,75.722,77.151,0,0
PCX_PE,D,20121205,000000,77.787,77.787,75.722,75.801,0,0
PCX_PE,D,20121206,000000,77.787,82.151,73.421,82.151,0,0
PCX_PE,D,20121207,000000,82.151,90.166,82.151,90.166,0,0
PCX_PE,D,20121210,000000,91.522,91.522,91.284,91.354,0,0
PCX_PE,D,20121211,000000,91.522,91.522,91.046,91.125,0,0
PCX_PE,D,20121212,000000,91.522,91.522,86.916,90.413,0,0
PCX_PE,D,20121213,000000,90.324,90.413,90.324,90.413,0,0
PCX_PE,D,20121214,000000,90.324,90.324,86.039,89.769,0,0
PCX_PE,D,20121217,000000,89.936,93.808,84.612,91.601,0,0
PCX_PE,D,20121218,000000,91.522,91.522,88.105,89.294,0,0
PCX_PE,D,20121219,000000,89.214,89.294,89.214,89.294,0,0
PCX_PE,D,20121220,000000,88.976,90.413,86.194,90.413,0,0
PCX_PE,D,20121221,000000,91.522,91.522,86.916,91.354,0,0
PCX_PE,D,20121227,000000,91.522,91.601,84.612,91.601,0,0
PCX_PE,D,20121228,000000,91.284,91.601,86.916,91.601,0,0
PCX_PE,D,20130102,000000,88.739,88.739,86.194,86.277,0,0
PCX_PE,D,20130103,000000,86.039,86.039,86.039,86.039,0,0
PCX_PE,D,20130104,000000,86.441,86.441,80.323,81.279,0,0
PCX_PE,D,20130107,000000,81.2,81.2,78.026,79.217,0,0
PCX_PE,D,20130108,000000,79.137,89.294,77.787,89.294,0,0
PCX_PE,D,20130109,000000,89.698,89.698,87.876,87.946,0,0
PCX_PE,D,20130110,000000,87.876,87.876,86.678,87.473,0,0
PCX_PE,D,20130111,000000,86.194,87.392,84.612,87.236,0,0
PCX_PE,D,20130114,000000,86.194,87.236,84.612,84.685,0,0
PCX_PE,D,20130115,000000,84.612,85.874,83.505,85.874,0,0
PCX_PE,D,20130116,000000,82.545,82.626,82.545,82.626,0,0
PCX_PE,D,20130117,000000,81.675,84.062,81.675,84.062,0,0
PCX_PE,D,20130118,000000,82.315,84.217,82.315,83.98,0,0
PCX_PE,D,20130121,000000,84.382,84.455,83.505,84.455,0,0
PCX_PE,D,20130122,000000,84.382,84.382,82.545,84.217,0,0
PCX_PE,D,20130123,000000,84.217,84.217,82.545,84.217,0,0
PCX_PE,D,20130124,000000,84.217,84.217,80.476,81.279,0,0
PCX_PE,D,20130125,000000,80.097,81.2,77.549,78.262,0,0
PCX_PE,D,20130128,000000,78.262,81.038,77.549,81.038,0,0
PCX_PE,D,20130129,000000,80.097,81.2,79.375,81.038,0,0
PCX_PE,D,20130130,000000,79.375,81.279,79.375,81.279,0,0
PCX_PE,D,20130131,000000,79.614,81.279,79.614,81.279,0,0
PCX_PE,D,20130201,000000,79.614,81.279,79.614,80.097,0,0
PCX_PE,D,20130204,000000,79.614,80.323,77.787,80.323,0,0
PCX_PE,D,20130205,000000,79.137,79.137,75.484,77.866,0,0
PCX_PE,D,20130206,000000,77.787,77.787,74.77,75.563,0,0
PCX_PE,D,20130207,000000,74.77,76.197,74.77,76.197,0,0
PCX_PE,D,20130208,000000,74.372,75.563,74.372,75.563,0,0
PCX_PE,D,20130211,000000,75.484,75.563,75.484,75.563,0,0
PCX_PE,D,20130213,000000,75.246,75.563,75.246,75.324,0,0
PCX_PE,D,20130214,000000,75.008,75.086,75.008,75.086,0,0
PCX_PE,D,20130215,000000,75.246,75.324,75.246,75.324,0,0
PCX_PE,D,20130218,000000,75.008,75.086,75.008,75.086,0,0
PCX_PE,D,20130219,000000,75.484,75.563,75.484,75.563,0,0
PCX_PE,D,20130220,000000,75.246,75.563,75.246,75.563,0,0
PCX_PE,D,20130221,000000,75.008,77.866,75.008,77.866,0,0
PCX_PE,D,20130222,000000,77.311,78.977,77.311,78.977,0,0
PCX_PE,D,20130225,000000,78.897,78.977,78.897,78.977,0,0
PCX_PE,D,20130226,000000,77.787,78.739,77.787,78.739,0,0
PCX_PE,D,20130227,000000,78.659,78.739,78.659,78.739,0,0
PCX_PE,D,20130228,000000,78.66,89.294,75.248,89.294,0,0
PCX_PE,D,20130301,000000,92.63,94.93,83.98,93.9,0,0
PCX_PE,D,20130304,000000,93.808,93.9,93.808,93.9,0,0
PCX_PE,D,20130305,000000,93.808,93.808,92.63,92.713,0,0
PCX_PE,D,20130306,000000,91.522,92.713,91.284,91.354,0,0
PCX_PE,D,20130308,000000,91.522,93.576,91.354,92.713,0,0
PCX_PE,D,20130311,000000,93.808,93.9,93.808,93.9,0,0
PCX_PE,D,20130312,000000,93.808,93.9,92.63,92.713,0,0
PCX_PE,D,20130313,000000,91.522,93.9,91.522,93.9,0,0
PCX_PE,D,20130314,000000,93.808,93.808,93.808,93.808,0,0
PCX_PE,D,20130315,000000,93.808,93.9,93.808,93.9,0,0
PCX_PE,D,20130318,000000,93.808,93.9,93.808,93.9,0,0
PCX_PE,D,20130319,000000,93.808,93.9,93.808,93.9,0,0
PCX_PE,D,20130320,000000,93.808,93.9,93.808,93.9,0,0
PCX_PE,D,20130321,000000,91.522,93.9,91.522,93.9,0,0
PCX_PE,D,20130322,000000,90.324,104.14,88.105,104.14,0,0
PCX_PE,D,20130325,000000,104.06,114.37,104.06,113.11,0,0
PCX_PE,D,20130326,000000,113.03,119.54,113.03,119.54,0,0
PCX_PE,D,20130327,000000,120.09,123.52,119.54,119.54,0,0
PCX_PE,D,20130328,000000,117.55,130.01,117.55,130.01,0,0
PCX_PE,D,20130402,000000,122.48,130.01,122.23,122.48,0,0
PCX_PE,D,20130403,000000,125.17,133.51,122.48,122.48,0,0
PCX_PE,D,20130404,000000,122.48,133.51,120.02,122.48,0,0
PCX_PE,D,20130405,000000,121.76,123.19,121.76,123.19,0,0
PCX_PE,D,20130409,000000,133.51,133.51,121.76,124.94,0,0
PCX_PE,D,20130410,000000,124.94,125.41,124.94,124.94,0,0
PCX_PE,D,20130411,000000,122.48,132.24,122.48,132.24,0,0
PCX_PE,D,20130412,000000,122.48,134.45,120.81,122.48,0,0
PCX_PE,D,20130415,000000,122.48,122.48,122.48,122.48,0,0
PCX_PE,D,20130417,000000,122.48,128.12,122.48,128.12,0,0
PCX_PE,D,20130418,000000,128.12,128.12,123.66,123.66,0,0
PCX_PE,D,20130419,000000,123.74,123.74,119.54,121.21,0,0
PCX_PE,D,20130422,000000,122.48,122.48,117.55,122.48,0,0
PCX_PE,D,20130423,000000,122.48,122.48,122.48,122.48,0,0
PCX_PE,D,20130424,000000,121.29,121.29,119.54,119.54,0,0
PCX_PE,D,20130425,000000,119.54,119.54,119.54,119.54,0,0
PCX_PE,D,20130426,000000,119.3,122.48,119.3,122.48,0,0
PCX_PE,D,20130429,000000,122.48,122.48,122.48,122.48,0,0
PCX_PE,D,20130430,000000,122.48,122.48,122.48,122.48,0,0
PCX_PE,D,20130502,000000,122.48,122.48,121.45,121.45,0,0
PCX_PE,D,20130506,000000,121.99,123.19,121.99,123.19,0,0
PCX_PE,D,20130507,000000,123.19,123.19,123.19,123.19,0,0
PCX_PE,D,20130508,000000,122.95,122.95,122.95,122.95,0,0
PCX_PE,D,20130509,000000,122.95,122.95,122.95,122.95,0,0
PCX_PE,D,20130510,000000,122.48,122.95,117.55,122.48,0,0
PCX_PE,D,20130513,000000,122.48,122.48,122.48,122.48,0,0
PCX_PE,D,20130514,000000,122.48,122.48,122.48,122.48,0,0
PCX_PE,D,20130515,000000,120.02,120.02,119.77,119.77,0,0
PCX_PE,D,20130516,000000,117.55,119.77,117.55,117.55,0,0
PCX_PE,D,20130517,000000,119.77,119.77,118.35,118.49,0,0
PCX_PE,D,20130520,000000,118.82,118.82,114.94,118.27,0,0
PCX_PE,D,20130521,000000,118.82,118.82,118.82,118.82,0,0
PCX_PE,D,20130522,000000,119.77,121.29,119.77,121.21,0,0
PCX_PE,D,20130523,000000,121.99,122.48,121.99,122.48,0,0
PCX_PE,D,20130527,000000,122.23,123.52,122.23,123.43,0,0
PCX_PE,D,20130528,000000,121.29,127.4,117.55,126.12,0,0
PCX_PE,D,20130529,000000,126.2,126.2,124.94,124.94,0,0
PCX_PE,D,20130531,000000,125.17,125.88,118.82,124.7,0,0
PCX_PE,D,20130603,000000,124.94,125.17,124.7,125.17,0,0
PCX_PE,D,20130604,000000,126.2,126.2,125.17,126.12,0,0
PCX_PE,D,20130605,000000,126.2,126.2,126.12,126.12,0,0
PCX_PE,D,20130606,000000,126.2,126.2,119.07,119.54,0,0
PCX_PE,D,20130607,000000,118.82,130.57,118.82,126.12,0,0
PCX_PE,D,20130610,000000,125.65,125.65,124.7,125.41,0,0
PCX_PE,D,20130611,000000,125.65,128.6,125.65,128.6,0,0
PCX_PE,D,20130612,000000,128.6,128.6,123.74,128.6,0,0
PCX_PE,D,20130613,000000,126.43,126.43,120.02,124.46,0,0
PCX_PE,D,20140327,000000,60.282,60.282,60.282,60.282,0,0
PCX_PE,D,20140328,000000,59.963,60.998,59.963,60.998,0,0
PCX_PE,D,20140331,000000,59.485,62.349,59.485,62.349,0,0
PCX_PE,D,20140401,000000,62.349,62.349,62.349,62.349,0,0
PCX_PE,D,20140402,000000,62.349,62.349,62.349,62.349,0,0
PCX_PE,D,20140403,000000,62.191,62.191,61.792,61.792,0,0
PCX_PE,D,20140404,000000,62.191,62.191,62.191,62.191,0,0
PCX_PE,D,20140407,000000,62.191,62.191,60.998,62.191,0,0
PCX_PE,D,20140408,000000,62.191,62.191,60.282,61.474,0,0
PCX_PE,D,20140409,000000,62.191,62.191,62.031,62.031,0,0
PCX_PE,D,20140410,000000,61.474,62.191,61.474,62.191,0,0
PCX_PE,D,20140411,000000,62.191,62.191,62.191,62.191,0,0
PCX_PE,D,20140414,000000,62.031,62.191,61.474,61.474,0,0
PCX_PE,D,20140415,000000,61.315,61.474,61.315,61.474,0,0
PCX_PE,D,20140416,000000,61.474,61.474,61.474,61.474,0,0
PCX_PE,D,20140417,000000,62.191,62.191,62.191,62.191,0,0
PCX_PE,D,20140422,000000,62.191,62.191,62.031,62.031,0,0
PCX_PE,D,20140423,000000,62.191,62.191,62.031,62.031,0,0
PCX_PE,D,20140424,000000,62.191,62.191,61.792,61.792,0,0
PCX_PE,D,20140425,000000,62.191,62.191,61.792,61.792,0,0
PCX_PE,D,20140428,000000,61.474,62.191,61.474,62.191,0,0
PCX_PE,D,20140429,000000,62.191,62.191,62.191,62.191,0,0
PCX_PE,D,20140430,000000,61.871,62.191,61.474,62.031,0,0
PCX_PE,D,20140502,000000,62.191,62.191,62.031,62.191,0,0
PCX_PE,D,20140505,000000,62.031,62.031,59.168,61.156,0,0
PCX_PE,D,20140506,000000,58.77,61.156,58.77,58.77,0,0
PCX_PE,D,20140507,000000,60.282,60.282,56.066,56.066,0,0
PCX_PE,D,20140508,000000,56.066,56.066,55.907,55.907,0,0
PCX_PE,D,20140509,000000,55.907,55.907,55.907,55.907,0,0
PCX_PE,D,20140512,000000,56.066,56.066,56.066,56.066,0,0
PCX_PE,D,20140513,000000,55.749,55.907,55.749,55.749,0,0
PCX_PE,D,20140514,000000,55.749,55.749,52.726,52.726,0,0
PCX_PE,D,20140515,000000,52.726,54.237,52.726,54.237,0,0
PCX_PE,D,20140516,000000,54.237,59.645,54.237,59.645,0,0
PCX_PE,D,20140519,000000,53.919,59.168,53.919,58.77,0,0
PCX_PE,D,20140520,000000,58.612,58.612,58.612,58.612,0,0
PCX_PE,D,20140521,000000,58.612,58.612,58.612,58.612,0,0
PCX_PE,D,20140522,000000,58.612,58.612,58.453,58.453,0,0
PCX_PE,D,20140523,000000,58.612,58.612,58.612,58.612,0,0
PCX_PE,D,20140526,000000,58.612,58.612,58.612,58.612,0,0
PCX_PE,D,20140527,000000,58.93,64.257,58.612,64.257,0,0
PCX_PE,D,20140528,000000,64.577,66.087,64.577,66.087,0,0
PCX_PE,D,20140529,000000,65.69,65.927,65.69,65.927,0,0
PCX_PE,D,20140530,000000,65.69,65.927,65.69,65.927,0,0
PCX_PE,D,20140602,000000,65.69,65.927,65.69,65.927,0,0
PCX_PE,D,20140603,000000,65.69,65.927,65.69,65.927,0,0
PCX_PE,D,20140604,000000,65.69,65.768,65.69,65.768,0,0
PCX_PE,D,20140605,000000,65.69,65.768,65.69,65.768,0,0
PCX_PE,D,20140606,000000,65.69,65.768,65.531,65.768,0,0
PCX_PE,D,20140609,000000,65.69,65.768,64.894,65.768,0,0
PCX_PE,D,20140610,000000,65.768,65.768,65.768,65.768,0,0
PCX_PE,D,20140611,000000,65.69,65.768,65.69,65.768,0,0
PCX_PE,D,20140612,000000,65.69,69.666,63.065,64.577,0,0
PCX_PE,D,20140613,000000,64.577,66.087,64.577,66.087,0,0
PCX_PE,D,20140616,000000,63.463,66.087,62.428,64.257,0,0
PCX_PE,D,20140617,000000,64.098,64.257,64.098,64.257,0,0
PCX_PE,D,20140618,000000,64.257,64.257,64.257,64.257,0,0
PCX_PE,D,20140620,000000,64.257,64.257,64.257,64.257,0,0
PCX_PE,D,20140623,000000,64.257,77.698,64.257,64.257,0,0
PCX_PE,D,20140624,000000,65.927,73.961,59.328,73.961,0,0
PCX_PE,D,20140625,000000,72.289,75.549,67.359,67.758,0,0
PCX_PE,D,20140626,000000,67.677,67.758,67.677,67.758,0,0
PCX_PE,D,20140627,000000,67.677,67.758,67.677,67.758,0,0
PCX_PE,D,20140630,000000,67.677,67.677,67.519,67.599,0,0
PCX_PE,D,20140701,000000,67.677,67.836,67.677,67.758,0,0
PCX_PE,D,20140702,000000,68.656,75.464,68.656,69.536,0,0
PCX_PE,D,20140703,000000,69.376,69.376,69.216,69.216,0,0
PCX_PE,D,20140704,000000,69.376,69.376,69.376,69.376,0,0
PCX_PE,D,20140707,000000,69.376,69.536,69.376,69.536,0,0
PCX_PE,D,20140708,000000,69.536,69.536,69.536,69.536,0,0
PCX_PE,D,20140709,000000,69.536,69.536,69.536,69.536,0,0
PCX_PE,D,20140710,000000,69.536,69.536,69.536,69.536,0,0
PCX_PE,D,20140711,000000,69.536,69.536,69.536,69.536,0,0
PCX_PE,D,20140714,000000,69.536,69.536,69.536,69.536,0,0
PCX_PE,D,20140715,000000,69.536,69.536,69.536,69.536,0,0
PCX_PE,D,20140716,000000,69.536,69.536,69.536,69.536,0,0
PCX_PE,D,20140717,000000,69.536,69.536,69.536,69.536,0,0
PCX_PE,D,20140718,000000,69.536,69.536,69.536,69.536,0,0
PCX_PE,D,20140721,000000,69.536,69.536,69.536,69.536,0,0
PCX_PE,D,20140722,000000,69.536,69.536,69.536,69.536,0,0
PCX_PE,D,20140723,000000,69.376,69.376,67.692,67.692,0,0
PCX_PE,D,20140725,000000,67.692,69.536,67.692,69.536,0,0
PCX_PE,D,20140728,000000,69.536,69.536,69.536,69.536,0,0
PCX_PE,D,20140729,000000,69.536,69.536,69.536,69.536,0,0
PCX_PE,D,20140730,000000,69.536,69.536,69.536,69.536,0,0
PCX_PE,D,20140731,000000,69.376,69.376,69.376,69.376,0,0
PCX_PE,D,20140801,000000,69.376,70.015,69.376,69.536,0,0
PCX_PE,D,20140804,000000,69.536,69.536,69.536,69.536,0,0
PCX_PE,D,20140805,000000,69.856,70.015,69.856,70.015,0,0
PCX_PE,D,20140806,000000,70.978,71.058,70.978,71.058,0,0
PCX_PE,D,20140807,000000,70.978,70.978,69.536,70.336,0,0
PCX_PE,D,20140808,000000,70.336,70.336,70.336,70.336,0,0
PCX_PE,D,20140811,000000,70.176,70.736,70.176,70.736,0,0
PCX_PE,D,20140812,000000,70.658,70.736,70.658,70.736,0,0
PCX_PE,D,20140813,000000,70.658,70.736,70.658,70.736,0,0
PCX_PE,D,20140814,000000,70.658,70.658,64.57,64.57,0,0
PCX_PE,D,20140818,000000,64.57,64.57,62.084,62.084,0,0
PCX_PE,D,20140819,000000,62.084,62.886,62.084,62.886,0,0
PCX_PE,D,20140820,000000,63.927,63.927,60.883,62.565,0,0
PCX_PE,D,20140821,000000,62.886,62.886,62.886,62.886,0,0
PCX_PE,D,20140822,000000,62.886,62.886,59.121,60.082,0,0
PCX_PE,D,20140825,000000,59.121,60.564,59.121,60.564,0,0
PCX_PE,D,20140829,000000,60.564,60.564,60.564,60.564,0,0
PCX_PE,D,20140901,000000,60.403,61.124,60.403,61.124,0,0
PCX_PE,D,20140902,000000,60.724,61.604,60.724,61.124,0,0
PCX_PE,D,20140903,000000,60.883,61.043,60.564,60.564,0,0
PCX_PE,D,20140904,000000,60.564,61.444,60.564,61.444,0,0
PCX_PE,D,20140905,000000,61.043,61.043,59.603,60.564,0,0
PCX_PE,D,20140908,000000,60.243,60.243,58.64,58.64,0,0
PCX_PE,D,20140909,000000,58,58,54.796,56.077,0,0
PCX_PE,D,20140910,000000,57.198,57.198,57.198,57.198,0,0
PCX_PE,D,20140911,000000,57.518,59.121,57.518,59.121,0,0
PCX_PE,D,20140912,000000,59.121,59.121,59.121,59.121,0,0
PCX_PE,D,20140915,000000,58,58,58,58,0,0
PCX_PE,D,20140916,000000,59.443,59.443,59.443,59.443,0,0
PCX_PE,D,20140917,000000,59.443,59.443,59.443,59.443,0,0
PCX_PE,D,20140918,000000,59.443,59.443,59.443,59.443,0,0
PCX_PE,D,20140919,000000,59.922,59.922,59.922,59.922,0,0
PCX_PE,D,20140922,000000,59.922,59.922,59.922,59.922,0,0
PCX_PE,D,20140923,000000,59.922,59.922,59.922,59.922,0,0
PCX_PE,D,20140924,000000,59.922,59.922,57.359,57.359,0,0
PCX_PE,D,20140926,000000,58,58,56.237,56.237,0,0
PCX_PE,D,20140929,000000,55.597,55.597,55.597,55.597,0,0
PCX_PE,D,20141002,000000,56.396,56.557,55.436,55.436,0,0
PCX_PE,D,20141006,000000,56.077,56.557,56.077,56.557,0,0
PCX_PE,D,20141007,000000,56.718,56.718,56.718,56.718,0,0
PCX_PE,D,20141010,000000,56.718,56.878,56.718,56.878,0,0
PCX_PE,D,20141014,000000,56.878,56.878,56.878,56.878,0,0
PCX_PE,D,20141016,000000,56.718,56.718,56.718,56.718,0,0
PCX_PE,D,20141017,000000,56.718,56.718,56.718,56.718,0,0
PCX_PE,D,20141020,000000,56.557,56.557,55.275,55.436,0,0
PCX_PE,D,20141023,000000,55.436,55.436,55.436,55.436,0,0
PCX_PE,D,20141024,000000,55.436,55.436,55.436,55.436,0,0
PCX_PE,D,20141027,000000,55.275,55.275,55.275,55.275,0,0
PCX_PE,D,20141028,000000,55.275,55.275,53.193,55.115,0,0
PCX_PE,D,20141029,000000,55.275,55.275,55.275,55.275,0,0
PCX_PE,D,20141030,000000,55.275,55.275,55.275,55.275,0,0
PCX_PE,D,20141031,000000,55.275,55.275,55.275,55.275,0,0
PCX_PE,D,20141104,000000,55.275,55.275,55.115,55.115,0,0
PCX_PE,D,20141105,000000,53.193,54.796,53.193,54.796,0,0
PCX_PE,D,20141106,000000,54.635,54.635,54.635,54.635,0,0
PCX_PE,D,20141107,000000,54.796,54.796,54.796,54.796,0,0
PCX_PE,D,20141110,000000,54.796,54.796,54.796,54.796,0,0
PCX_PE,D,20141112,000000,54.796,54.796,54.796,54.796,0,0
PCX_PE,D,20141113,000000,54.796,54.796,54.796,54.796,0,0
PCX_PE,D,20141114,000000,54.955,54.955,53.033,54.796,0,0
PCX_PE,D,20141117,000000,53.033,55.275,53.033,55.275,0,0
PCX_PE,D,20141118,000000,55.275,55.275,55.275,55.275,0,0
PCX_PE,D,20141119,000000,55.275,55.275,55.275,55.275,0,0
PCX_PE,D,20141120,000000,55.275,55.275,55.115,55.115,0,0
PCX_PE,D,20141121,000000,55.275,55.275,55.275,55.275,0,0
PCX_PE,D,20141124,000000,55.275,55.275,55.275,55.275,0,0
PCX_PE,D,20141125,000000,55.275,56.718,55.275,56.718,0,0
PCX_PE,D,20141126,000000,56.077,56.638,54.476,55.036,0,0
PCX_PE,D,20141127,000000,55.036,55.036,55.036,55.036,0,0
PCX_PE,D,20141201,000000,55.036,55.036,55.036,55.036,0,0
PCX_PE,D,20141202,000000,54.635,54.714,54.635,54.714,0,0
PCX_PE,D,20141203,000000,54.877,55.195,54.877,55.195,0,0
PCX_PE,D,20141208,000000,54.476,55.195,54.476,55.195,0,0
PCX_PE,D,20141210,000000,53.834,53.914,53.834,53.914,0,0
PCX_PE,D,20141211,000000,52.952,53.755,52.952,53.755,0,0
PCX_PE,D,20141212,000000,52.952,53.273,52.952,53.193,0,0
PCX_PE,D,20141215,000000,53.033,53.033,52.391,52.391,0,0
PCX_PE,D,20141216,000000,51.992,52.072,51.992,52.072,0,0
PCX_PE,D,20141217,000000,51.992,51.992,51.671,51.751,0,0
PCX_PE,D,20141218,000000,51.992,52.872,51.992,52.872,0,0
PCX_PE,D,20141222,000000,52.872,52.872,52.872,52.872,0,0
PCX_PE,D,20141223,000000,52.872,52.872,52.872,52.872,0,0
PCX_PE,D,20150102,000000,52.872,52.872,52.872,52.872,0,0
PCX_PE,D,20150105,000000,52.391,52.391,52.391,52.391,0,0
PCX_PE,D,20150107,000000,52.232,52.232,51.19,51.27,0,0
PCX_PE,D,20150109,000000,51.671,51.671,51.59,51.59,0,0
PCX_PE,D,20150112,000000,52.312,52.793,52.312,52.712,0,0
PCX_PE,D,20150113,000000,52.232,53.193,52.232,53.193,0,0
PCX_PE,D,20150114,000000,53.354,53.433,53.354,53.433,0,0
PCX_PE,D,20150115,000000,53.595,53.595,53.595,53.595,0,0
PCX_PE,D,20150116,000000,53.755,53.755,53.755,53.755,0,0
PCX_PE,D,20150119,000000,53.994,53.994,53.914,53.914,0,0
PCX_PE,D,20150121,000000,53.433,53.433,53.433,53.433,0,0
PCX_PE,D,20150122,000000,54.796,54.796,54.714,54.714,0,0
PCX_PE,D,20150126,000000,54.877,54.877,54.877,54.877,0,0
PCX_PE,D,20150127,000000,54.635,55.036,54.635,55.036,0,0
PCX_PE,D,20150128,000000,55.516,55.516,55.516,55.516,0,0
PCX_PE,D,20150129,000000,55.516,55.516,55.516,55.516,0,0
PCX_PE,D,20150130,000000,55.516,55.675,54.877,55.675,0,0
PCX_PE,D,20150202,000000,54.877,55.356,54.877,55.356,0,0
PCX_PE,D,20150203,000000,55.516,55.675,54.877,55.675,0,0
PCX_PE,D,20150204,000000,54.635,55.356,54.635,55.195,0,0
PCX_PE,D,20150205,000000,55.195,55.195,55.195,55.195,0,0
PCX_PE,D,20150206,000000,53.674,55.195,53.674,54.394,0,0
PCX_PE,D,20150209,000000,55.036,55.036,54.877,54.877,0,0
PCX_PE,D,20150210,000000,55.835,55.835,55.835,55.835,0,0
PCX_PE,D,20150211,000000,55.835,55.835,55.675,55.675,0,0
PCX_PE,D,20150212,000000,55.835,55.835,55.835,55.835,0,0
PCX_PE,D,20150213,000000,55.835,56.077,55.835,56.077,0,0
PCX_PE,D,20150216,000000,55.115,55.756,54.796,55.675,0,0
PCX_PE,D,20150217,000000,55.675,56.237,55.675,56.237,0,0
PCX_PE,D,20150218,000000,56.237,56.237,56.077,56.077,0,0
PCX_PE,D,20150219,000000,55.275,56.077,55.275,55.835,0,0
PCX_PE,D,20150220,000000,55.996,56.237,55.996,56.237,0,0
PCX_PE,D,20150223,000000,55.436,56.237,55.436,56.237,0,0
PCX_PE,D,20150224,000000,55.917,55.917,55.835,55.835,0,0
PCX_PE,D,20150225,000000,55.996,56.077,55.996,56.077,0,0
PCX_PE,D,20150226,000000,56.077,56.237,56.077,56.237,0,0
PCX_PE,D,20150227,000000,55.597,56.237,55.597,56.237,0,0
PCX_PE,D,20150303,000000,55.436,56.077,55.436,55.835,0,0
PCX_PE,D,20150304,000000,55.996,56.158,55.835,55.835,0,0
PCX_PE,D,20150305,000000,55.996,56.077,55.996,56.077,0,0
PCX_PE,D,20150306,000000,56.237,56.237,55.917,56.077,0,0
PCX_PE,D,20150309,000000,56.077,56.237,56.077,56.077,0,0
PCX_PE,D,20150310,000000,56.237,56.237,56.077,56.077,0,0
PCX_PE,D,20150311,000000,55.917,56.077,55.917,56.077,0,0
PCX_PE,D,20150312,000000,56.237,56.237,56.077,56.077,0,0
PCX_PE,D,20150313,000000,55.917,56.237,55.917,56.237,0,0
PCX_PE,D,20150316,000000,56.237,56.237,56.077,56.077,0,0
PCX_PE,D,20150317,000000,55.436,55.436,55.356,55.356,0,0
PCX_PE,D,20150318,000000,55.036,55.036,55.036,55.036,0,0
PCX_PE,D,20150319,000000,55.036,55.036,55.036,55.036,0,0
PCX_PE,D,20150320,000000,55.036,55.036,55.036,55.036,0,0
PCX_PE,D,20150323,000000,54.877,54.877,53.674,53.755,0,0
PCX_PE,D,20150324,000000,55.597,115.28,55.597,115.28,0,0
PCX_PE,D,20150325,000000,116.24,116.24,115.68,115.68,0,0
PCX_PE,D,20150326,000000,115.84,115.84,115.68,115.68,0,0
PCX_PE,D,20150327,000000,115.2,115.52,115.2,115.28,0,0
PCX_PE,D,20150330,000000,115.52,116.56,115.52,116.33,0,0
PCX_PE,D,20150331,000000,115.2,115.2,114.96,114.96,0,0
PCX_PE,D,20150402,000000,115.52,116.24,115.52,115.99,0,0
PCX_PE,D,20150407,000000,115.84,115.84,115.68,115.68,0,0
PCX_PE,D,20150408,000000,115.52,115.52,115.28,115.28,0,0
PCX_PE,D,20150409,000000,116.24,116.24,115.99,115.99,0,0
PCX_PE,D,20150410,000000,115.84,116.24,115.84,115.99,0,0
PCX_PE,D,20150413,000000,116.89,116.89,116.56,116.72,0,0
PCX_PE,D,20150414,000000,118.25,118.25,118.09,118.09,0,0
PCX_PE,D,20150415,000000,116.89,116.89,116.72,116.72,0,0
PCX_PE,D,20150420,000000,116.24,116.24,115.99,115.99,0,0
PCX_PE,D,20150421,000000,116.24,116.24,115.99,115.99,0,0
PCX_PE,D,20150422,000000,116.24,116.24,115.99,115.99,0,0
PCX_PE,D,20150423,000000,116.24,116.24,115.99,115.99,0,0
PCX_PE,D,20150424,000000,116.24,116.24,115.99,115.99,0,0
PCX_PE,D,20150427,000000,116.24,116.24,115.99,115.99,0,0
PCX_PE,D,20150428,000000,115.84,115.84,115.68,115.68,0,0
PCX_PE,D,20150429,000000,115.84,115.84,110.48,110.48,0,0
PCX_PE,D,20150430,000000,110.23,110.23,108.87,109.11,0,0
PCX_PE,D,20150504,000000,111.03,113.44,107.42,107.42,0,0
PCX_PE,D,20150505,000000,109.66,109.66,106.39,106.39,0,0
PCX_PE,D,20150506,000000,109.04,109.04,108.79,108.79,0,0
PCX_PE,D,20150507,000000,109.66,109.66,109.52,109.52,0,0
PCX_PE,D,20150508,000000,108.62,109.66,108.62,109.52,0,0
PCX_PE,D,20150513,000000,109.66,109.66,109.52,109.52,0,0
PCX_PE,D,20150514,000000,109.66,109.66,109.52,109.52,0,0
PCX_PE,D,20150515,000000,109.35,109.35,109.11,109.11,0,0
PCX_PE,D,20150518,000000,109.35,109.35,109.11,109.11,0,0
PCX_PE,D,20150519,000000,109.04,109.04,108.79,108.79,0,0
PCX_PE,D,20150520,000000,109.66,110.38,109.11,109.11,0,0
PCX_PE,D,20150521,000000,109.04,109.04,108.79,108.79,0,0
PCX_PE,D,20150522,000000,108.62,108.62,108.46,108.46,0,0
PCX_PE,D,20150525,000000,108.62,108.62,108.46,108.46,0,0
PCX_PE,D,20150526,000000,108.62,108.62,83.472,83.472,0,0
PCX_PE,D,20150527,000000,82.191,83.554,82.191,83.472,0,0
PCX_PE,D,20150528,000000,83.79,83.79,83.718,83.718,0,0
PCX_PE,D,20150529,000000,83.79,83.79,83.472,83.472,0,0
PCX_PE,D,20150601,000000,82.191,83.554,82.191,83.472,0,0
PCX_PE,D,20150602,000000,83.79,83.79,83.718,83.718,0,0
PCX_PE,D,20150603,000000,83.315,83.79,83.315,83.718,0,0
PCX_PE,D,20150605,000000,83.554,83.554,83.472,83.472,0,0
PCX_PE,D,20150608,000000,83.79,83.79,83.472,83.472,0,0
PCX_PE,D,20150609,000000,83.554,83.554,83.472,83.472,0,0
PCX_PE,D,20150610,000000,83.554,83.554,83.472,83.472,0,0
PCX_PE,D,20150611,000000,83.554,84.357,83.554,84.276,0,0
PCX_PE,D,20150615,000000,84.382,84.865,84.382,84.784,0,0
PCX_PE,D,20150616,000000,85.185,85.185,85.022,85.022,0,0
PCX_PE,D,20150617,000000,85.185,85.423,85.185,85.341,0,0
PCX_PE,D,20150618,000000,85.67,85.99,85.67,85.826,0,0
PCX_PE,D,20150622,000000,85.67,85.67,85.586,85.586,0,0
PCX_PE,D,20150623,000000,85.67,85.67,85.022,85.022,0,0
PCX_PE,D,20150624,000000,85.67,85.67,85.586,85.586,0,0
PCX_PE,D,20150625,000000,85.67,85.67,85.586,85.586,0,0
PCX_PE,D,20150626,000000,85.67,85.67,85.586,85.586,0,0
PCX_PE,D,20150629,000000,85.67,85.67,85.586,85.586,0,0
PCX_PE,D,20150630,000000,84.382,84.382,81.971,84.217,0,0
PCX_PE,D,20150701,000000,84.382,84.382,84.217,84.217,0,0
PCX_PE,D,20150702,000000,85.67,85.67,85.586,85.586,0,0
PCX_PE,D,20150703,000000,85.67,85.67,85.586,85.586,0,0
PCX_PE,D,20150706,000000,85.423,85.423,85.341,85.341,0,0
PCX_PE,D,20150707,000000,85.67,85.67,85.586,85.586,0,0
PCX_PE,D,20150708,000000,85.67,85.67,85.586,85.586,0,0
PCX_PE,D,20150709,000000,85.67,85.67,85.586,85.586,0,0
PCX_PE,D,20150710,000000,85.185,85.67,84.865,85.586,0,0
PCX_PE,D,20150713,000000,85.67,85.67,85.586,85.586,0,0
PCX_PE,D,20150714,000000,85.185,85.185,84.784,84.784,0,0
PCX_PE,D,20150715,000000,85.185,85.185,84.784,84.784,0,0
PCX_PE,D,20150716,000000,85.185,85.185,84.784,84.784,0,0
PCX_PE,D,20150717,000000,85.185,85.185,85.022,85.022,0,0
PCX_PE,D,20150720,000000,84.865,85.67,84.865,85.586,0,0
PCX_PE,D,20150721,000000,85.67,85.67,84.784,84.784,0,0
PCX_PE,D,20150722,000000,85.67,85.67,85.022,85.022,0,0
PCX_PE,D,20150723,000000,85.185,85.185,84.784,84.784,0,0
PCX_PE,D,20150724,000000,84.865,85.185,84.865,85.022,0,0
PCX_PE,D,20150727,000000,85.185,85.185,84.865,84.865,0,0
PCX_PE,D,20150728,000000,84.865,84.865,84.784,84.784,0,0
PCX_PE,D,20150729,000000,84.865,84.865,84.538,84.538,0,0
PCX_PE,D,20150730,000000,84.865,84.865,84.784,84.784,0,0
PCX_PE,D,20150731,000000,84.865,84.865,84.784,84.784,0,0
PCX_PE,D,20150803,000000,84.865,84.865,84.784,84.784,0,0
PCX_PE,D,20150804,000000,84.865,84.865,84.538,84.538,0,0
PCX_PE,D,20150805,000000,84.865,84.865,84.784,84.784,0,0
PCX_PE,D,20150806,000000,84.865,84.865,84.784,84.784,0,0
PCX_PE,D,20150807,000000,84.865,84.865,84.784,84.784,0,0
PCX_PE,D,20150810,000000,84.865,84.865,84.538,84.538,0,0
PCX_PE,D,20150811,000000,84.62,84.62,84.538,84.538,0,0
PCX_PE,D,20150812,000000,84.865,84.865,84.538,84.538,0,0
PCX_PE,D,20150813,000000,84.865,84.865,84.538,84.538,0,0
PCX_PE,D,20150814,000000,84.865,84.865,84.784,84.784,0,0
PCX_PE,D,20150817,000000,84.865,84.865,84.784,84.784,0,0
PCX_PE,D,20150818,000000,84.865,84.865,84.784,84.784,0,0
PCX_PE,D,20150819,000000,84.865,84.865,84.784,84.784,0,0
PCX_PE,D,20150820,000000,84.865,84.865,84.784,84.784,0,0
PCX_PE,D,20150821,000000,84.865,84.865,84.784,84.784,0,0
PCX_PE,D,20150824,000000,84.865,84.865,84.538,84.538,0,0
PCX_PE,D,20150825,000000,84.865,84.865,84.062,84.538,0,0
PCX_PE,D,20150826,000000,84.865,84.865,84.784,84.784,0,0
PCX_PE,D,20150827,000000,84.865,84.865,84.784,84.784,0,0
PCX_PE,D,20150828,000000,84.865,84.865,84.784,84.784,0,0
PCX_PE,D,20150831,000000,84.865,84.865,63.246,63.246,0,0
PCX_PE,D,20150901,000000,62.683,63.246,62.683,63.246,0,0
PCX_PE,D,20150902,000000,63.486,63.486,63.407,63.407,0,0
PCX_PE,D,20150903,000000,63.246,63.486,61.238,63.246,0,0
PCX_PE,D,20150907,000000,62.28,62.28,60.433,60.433,0,0
PCX_PE,D,20150908,000000,59.87,59.87,59.628,59.628,0,0
PCX_PE,D,20150909,000000,61.477,61.477,61.477,61.477,0,0
PCX_PE,D,20150914,000000,61.638,61.638,61.638,61.638,0,0
PCX_PE,D,20150915,000000,61.477,61.477,61.477,61.477,0,0
PCX_PE,D,20150916,000000,61.477,61.477,61.477,61.477,0,0
PCX_PE,D,20150918,000000,61.477,61.477,61.477,61.477,0,0
PCX_PE,D,20150921,000000,60.675,60.675,60.675,60.675,0,0
PCX_PE,D,20150922,000000,61.075,63.646,61.075,63.646,0,0
PCX_PE,D,20150923,000000,63.646,63.646,63.407,63.407,0,0
PCX_PE,D,20150924,000000,63.085,63.085,63.004,63.004,0,0
PCX_PE,D,20150925,000000,64.451,65.014,64.451,65.014,0,0
PCX_PE,D,20150928,000000,63.646,65.014,63.646,65.014,0,0
PCX_PE,D,20150929,000000,63.646,63.646,63.407,63.407,0,0
PCX_PE,D,20150930,000000,63.646,64.451,62.039,64.451,0,0
PCX_PE,D,20151001,000000,63.646,63.646,63.407,63.407,0,0
PCX_PE,D,20151002,000000,63.646,64.451,63.486,64.451,0,0
PCX_PE,D,20151005,000000,63.486,63.486,63.246,63.246,0,0
PCX_PE,D,20151006,000000,63.646,63.646,63.407,63.407,0,0
PCX_PE,D,20151007,000000,63.646,63.646,63.407,63.407,0,0
PCX_PE,D,20151008,000000,63.646,63.646,63.407,63.407,0,0
PCX_PE,D,20151009,000000,63.646,63.646,63.646,63.646,0,0
PCX_PE,D,20151012,000000,63.486,63.486,63.407,63.407,0,0
PCX_PE,D,20151013,000000,63.486,63.486,63.407,63.407,0,0
PCX_PE,D,20151014,000000,63.486,63.486,63.246,63.246,0,0
PCX_PE,D,20151015,000000,63.246,63.246,63.085,63.246,0,0
PCX_PE,D,20151016,000000,63.246,63.246,61.477,61.477,0,0
PCX_PE,D,20151019,000000,62.039,62.683,62.039,62.602,0,0
PCX_PE,D,20151020,000000,62.039,62.039,62.039,62.039,0,0
PCX_PE,D,20151021,000000,62.039,63.085,62.039,63.004,0,0
PCX_PE,D,20151023,000000,63.085,63.085,63.004,63.004,0,0
PCX_PE,D,20151026,000000,63.085,63.085,60.675,63.004,0,0
PCX_PE,D,20151027,000000,62.442,62.442,62.442,62.442,0,0
PCX_PE,D,20151028,000000,62.683,62.683,62.602,62.602,0,0
PCX_PE,D,20151029,000000,62.442,62.442,62.442,62.442,0,0
PCX_PE,D,20151030,000000,62.442,62.683,62.442,62.602,0,0
PCX_PE,D,20151102,000000,62.442,62.442,62.442,62.442,0,0
PCX_PE,D,20151103,000000,62.442,62.442,62.442,62.442,0,0
PCX_PE,D,20151104,000000,62.442,62.442,62.442,62.442,0,0
PCX_PE,D,20151106,000000,63.085,63.085,63.004,63.004,0,0
PCX_PE,D,20151109,000000,63.085,63.085,63.004,63.004,0,0
PCX_PE,D,20151110,000000,63.085,63.085,63.004,63.004,0,0
PCX_PE,D,20151112,000000,63.246,63.486,63.246,63.407,0,0
PCX_PE,D,20151113,000000,62.442,62.442,62.442,62.442,0,0
PCX_PE,D,20151116,000000,61.879,61.879,39.056,39.056,0,0
PCX_PE,D,20151118,000000,40.021,40.101,40.021,40.101,0,0
PCX_PE,D,20151119,000000,40.101,40.101,40.101,40.101,0,0
PCX_PE,D,20151120,000000,39.619,39.619,39.619,39.619,0,0
PCX_PE,D,20151123,000000,39.378,39.458,39.378,39.458,0,0
PCX_PE,D,20151124,000000,39.538,39.619,39.538,39.619,0,0
PCX_PE,D,20151125,000000,39.619,39.619,39.619,39.619,0,0
PCX_PE,D,20151126,000000,39.619,39.619,39.619,39.619,0,0
PCX_PE,D,20151127,000000,39.619,39.619,38.494,39.458,0,0
PCX_PE,D,20151130,000000,39.538,39.538,39.458,39.458,0,0
PCX_PE,D,20151201,000000,39.458,39.458,39.458,39.458,0,0
PCX_PE,D,20151202,000000,39.458,39.458,38.574,39.297,0,0
PCX_PE,D,20151203,000000,39.297,39.297,38.654,38.735,0,0
PCX_PE,D,20151204,000000,38.494,38.494,38.413,38.413,0,0
PCX_PE,D,20151207,000000,39.217,39.217,39.217,39.217,0,0
PCX_PE,D,20151208,000000,39.137,39.137,37.69,37.69,0,0
PCX_PE,D,20151209,000000,37.69,37.69,35.198,35.198,0,0
PCX_PE,D,20151210,000000,35.36,35.36,35.198,35.198,0,0
PCX_PE,D,20151211,000000,35.198,35.198,35.038,35.038,0,0
PCX_PE,D,20151214,000000,35.198,35.198,34.154,34.154,0,0
PCX_PE,D,20151215,000000,34.154,34.154,31.422,31.422,0,0
PCX_PE,D,20151216,000000,31.422,31.422,31.422,31.422,0,0
PCX_PE,D,20151217,000000,31.422,31.422,31.422,31.422,0,0
PCX_PE,D,20151218,000000,31.422,31.422,31.422,31.422,0,0
PCX_PE,D,20151221,000000,31.422,31.422,31.422,31.422,0,0
PCX_PE,D,20151222,000000,31.422,31.422,31.422,31.422,0,0
PCX_PE,D,20151223,000000,31.422,31.422,31.26,31.26,0,0
PCX_PE,D,20151228,000000,31.26,31.26,31.26,31.26,0,0
PCX_PE,D,20151229,000000,31.422,31.422,29.494,29.494,0,0
PCX_PE,D,20151230,000000,29.494,29.494,29.252,29.413,0,0
PCX_PE,D,20160104,000000,29.574,29.574,28.77,28.77,0,0
PCX_PE,D,20160105,000000,28.77,28.77,28.77,28.77,0,0
PCX_PE,D,20160107,000000,28.288,28.369,27.885,28.369,0,0
PCX_PE,D,20160108,000000,28.369,28.369,27.646,27.646,0,0
PCX_PE,D,20160111,000000,27.966,28.369,27.966,28.369,0,0
PCX_PE,D,20160112,000000,28.369,28.369,27.646,27.646,0,0
PCX_PE,D,20160113,000000,27.966,28.046,27.966,28.046,0,0
PCX_PE,D,20160114,000000,27.646,27.646,27.646,27.646,0,0
PCX_PE,D,20160118,000000,27.484,27.484,27.002,27.403,0,0
PCX_PE,D,20160119,000000,27.002,27.403,27.002,27.403,0,0
PCX_PE,D,20160120,000000,27.002,27.403,27.002,27.403,0,0
PCX_PE,D,20160127,000000,27.002,27.646,27.002,27.646,0,0
PCX_PE,D,20160201,000000,27.162,27.162,26.278,26.278,0,0
PCX_PE,D,20160202,000000,23.867,25.314,23.867,25.235,0,0
PCX_PE,D,20160203,000000,25.235,25.235,25.235,25.235,0,0
PCX_PE,D,20160204,000000,25.235,25.235,25.235,25.235,0,0
PCX_PE,D,20160205,000000,25.235,25.235,25.235,25.235,0,0
PCX_PE,D,20160208,000000,25.235,26.117,25.235,26.117,0,0
PCX_PE,D,20160210,000000,26.278,26.278,26.278,26.278,0,0
PCX_PE,D,20160211,000000,26.278,26.52,26.278,26.52,0,0
PCX_PE,D,20160212,000000,26.439,26.439,26.278,26.278,0,0
PCX_PE,D,20160218,000000,26.439,26.439,26.36,26.36,0,0
PCX_PE,D,20160219,000000,26.36,26.36,26.278,26.278,0,0
PCX_PE,D,20160222,000000,26.439,26.439,26.36,26.36,0,0
PCX_PE,D,20160223,000000,26.36,26.36,26.278,26.278,0,0
PCX_PE,D,20160224,000000,26.439,26.439,26.278,26.278,0,0
PCX_PE,D,20160225,000000,26.439,26.52,26.439,26.52,0,0
PCX_PE,D,20160226,000000,26.439,26.439,26.278,26.278,0,0
PCX_PE,D,20160229,000000,26.439,26.439,26.278,26.278,0,0
PCX_PE,D,20160308,000000,26.439,26.68,26.439,26.68,0,0
PCX_PE,D,20160309,000000,26.439,26.439,25.394,26.278,0,0
PCX_PE,D,20160310,000000,25.637,25.637,25.154,25.154,0,0
PCX_PE,D,20160311,000000,25.154,26.198,25.154,26.117,0,0
PCX_PE,D,20160314,000000,26.117,26.68,26.117,26.68,0,0
PCX_PE,D,20160315,000000,26.439,27.002,26.439,27.002,0,0
PCX_PE,D,20160316,000000,27.002,27.002,26.278,26.278,0,0
PCX_PE,D,20160317,000000,26.439,26.922,26.439,26.922,0,0
PCX_PE,D,20160318,000000,26.439,26.439,26.278,26.278,0,0
PCX_PE,D,20160321,000000,26.278,26.439,26.198,26.36,0,0
PCX_PE,D,20160322,000000,26.36,26.36,26.278,26.278,0,0
PCX_PE,D,20160323,000000,26.278,26.278,26.278,26.278,0,0
PCX_PE,D,20160324,000000,26.278,26.278,26.278,26.278,0,0
PCX_PE,D,20160329,000000,26.278,26.278,19.609,19.609,0,0
PCX_PE,D,20160330,000000,19.609,19.609,19.609,19.609,0,0
PCX_PE,D,20160331,000000,19.609,19.77,19.447,19.77,0,0
PCX_PE,D,20160401,000000,19.77,19.77,19.609,19.609,0,0
PCX_PE,D,20160404,000000,19.609,19.609,19.609,19.609,0,0
PCX_PE,D,20160405,000000,19.609,19.77,19.609,19.77,0,0
PCX_PE,D,20160406,000000,19.609,19.77,19.609,19.77,0,0
PCX_PE,D,20160407,000000,20.251,20.251,19.688,19.77,0,0
PCX_PE,D,20160408,000000,19.688,19.688,19.609,19.609,0,0
PCX_PE,D,20160411,000000,19.609,19.609,19.527,19.527,0,0
PCX_PE,D,20160412,000000,19.609,21.136,19.609,20.091,0,0
PCX_PE,D,20160413,000000,20.091,20.091,19.609,20.01,0,0
PCX_PE,D,20160414,000000,19.931,19.931,19.609,19.77,0,0
PCX_PE,D,20160415,000000,19.77,19.931,19.688,19.931,0,0
PCX_PE,D,20160418,000000,19.931,19.931,19.207,19.77,0,0
PCX_PE,D,20160419,000000,19.77,19.77,19.77,19.77,0,0
PCX_PE,D,20160420,000000,19.688,19.688,18.965,18.965,0,0
PCX_PE,D,20160421,000000,18.965,19.368,18.965,19.368,0,0
PCX_PE,D,20160422,000000,19.287,19.287,19.207,19.207,0,0
PCX_PE,D,20160425,000000,19.046,19.046,18.965,18.965,0,0
PCX_PE,D,20160426,000000,18.965,18.965,18.965,18.965,0,0
PCX_PE,D,20160427,000000,18.965,18.965,18.644,18.805,0,0
PCX_PE,D,20160428,000000,18.805,18.805,18.322,18.402,0,0
PCX_PE,D,20160429,000000,18.402,18.402,18.322,18.322,0,0
PCX_PE,D,20160502,000000,18.322,18.322,18.082,18.241,0,0
PCX_PE,D,20160504,000000,18.162,18.322,18.162,18.322,0,0
PCX_PE,D,20160505,000000,18.322,18.322,18.322,18.322,0,0
PCX_PE,D,20160506,000000,18.322,18.644,18.322,18.644,0,0
PCX_PE,D,20160509,000000,18.563,18.644,18.563,18.644,0,0
PCX_PE,D,20160510,000000,18.644,18.644,18.484,18.484,0,0
PCX_PE,D,20160511,000000,18.563,18.644,18.563,18.644,0,0
PCX_PE,D,20160512,000000,18.644,18.644,18.162,18.162,0,0
PCX_PE,D,20160513,000000,18.162,18.644,18.162,18.644,0,0
PCX_PE,D,20160516,000000,18.644,18.644,16.314,16.314,0,0
PCX_PE,D,20160517,000000,16.314,16.314,16.314,16.314,0,0
PCX_PE,D,20160518,000000,16.314,16.314,16.073,16.314,0,0
PCX_PE,D,20160519,000000,16.314,16.314,16.314,16.314,0,0
PCX_PE,D,20160520,000000,16.486,16.896,16.486,16.896,0,0
PCX_PE,D,20160523,000000,16.896,16.896,16.896,16.896,0,0
PCX_PE,D,20160525,000000,16.896,16.896,16.896,16.896,0,0
PCX_PE,D,20160527,000000,16.896,16.896,16.896,16.896,0,0
PCX_PE,D,20160530,000000,16.896,16.896,16.896,16.896,0,0
PCX_PE,D,20160531,000000,16.815,16.815,16.321,16.321,0,0
PCX_PE,D,20160601,000000,16.404,16.404,16.404,16.404,0,0
PCX_PE,D,20160602,000000,16.24,16.321,16.158,16.158,0,0
PCX_PE,D,20160603,000000,16.158,16.158,16.158,16.158,0,0
PCX_PE,D,20160606,000000,16.404,16.404,16.24,16.24,0,0
PCX_PE,D,20160607,000000,16.24,16.24,16.24,16.24,0,0
PCX_PE,D,20160608,000000,16.404,16.404,16.404,16.404,0,0
PCX_PE,D,20160609,000000,16.404,16.568,16.404,16.568,0,0
PCX_PE,D,20160610,000000,16.404,16.404,16.321,16.321,0,0
PCX_PE,D,20160613,000000,16.321,16.321,15.994,15.994,0,0
PCX_PE,D,20160616,000000,16.321,16.321,16.321,16.321,0,0
PCX_PE,D,20160617,000000,16.404,16.404,16.24,16.24,0,0
PCX_PE,D,20160620,000000,15.748,15.994,15.666,15.994,0,0
PCX_PE,D,20160621,000000,16.24,16.24,16.24,16.24,0,0
PCX_PE,D,20160622,000000,16.24,16.24,16.24,16.24,0,0
PCX_PE,D,20160623,000000,16.24,16.24,16.24,16.24,0,0
PCX_PE,D,20160624,000000,15.994,15.994,15.994,15.994,0,0
PCX_PE,D,20160627,000000,15.502,15.584,15.174,15.584,0,0
PCX_PE,D,20160628,000000,14.845,14.845,14.845,14.845,0,0
PCX_PE,D,20160629,000000,15.42,15.42,14.927,15.091,0,0
PCX_PE,D,20160630,000000,14.927,15.174,14.927,15.174,0,0
PCX_PE,D,20160701,000000,15.009,15.174,15.009,15.174,0,0
PCX_PE,D,20160704,000000,15.42,15.42,15.42,15.42,0,0
PCX_PE,D,20160705,000000,15.256,15.256,15.256,15.256,0,0
PCX_PE,D,20160706,000000,15.174,15.174,15.091,15.091,0,0
PCX_PE,D,20160707,000000,15.009,15.009,15.009,15.009,0,0
PCX_PE,D,20160708,000000,15.009,15.009,15.009,15.009,0,0
PCX_PE,D,20160711,000000,15.009,15.091,14.927,15.091,0,0
PCX_PE,D,20160712,000000,15.091,15.174,14.927,14.927,0,0
PCX_PE,D,20160713,000000,15.584,15.584,15.174,15.502,0,0
PCX_PE,D,20160714,000000,15.174,15.42,15.174,15.42,0,0
PCX_PE,D,20160715,000000,15.174,15.502,15.174,15.502,0,0
PCX_PE,D,20160718,000000,15.174,15.502,15.174,15.502,0,0
PCX_PE,D,20160719,000000,15.174,15.174,15.174,15.174,0,0
PCX_PE,D,20160720,000000,15.174,15.174,15.174,15.174,0,0
PCX_PE,D,20160721,000000,15.174,15.174,15.174,15.174,0,0
PCX_PE,D,20160722,000000,15.009,15.502,15.009,15.502,0,0
PCX_PE,D,20160725,000000,15.174,15.174,15.091,15.091,0,0
PCX_PE,D,20160726,000000,15.174,15.174,15.174,15.174,0,0
PCX_PE,D,20160727,000000,15.174,15.584,15.091,15.584,0,0
PCX_PE,D,20160728,000000,15.174,15.174,15.174,15.174,0,0
PCX_PE,D,20160729,000000,15.174,15.174,15.091,15.091,0,0
PCX_PE,D,20160801,000000,15.174,15.502,15.091,15.502,0,0
PCX_PE,D,20160802,000000,15.174,15.174,15.174,15.174,0,0
PCX_PE,D,20160803,000000,15.174,15.174,15.174,15.174,0,0
PCX_PE,D,20160804,000000,15.174,15.502,15.174,15.502,0,0
PCX_PE,D,20160805,000000,15.502,15.584,15.502,15.584,0,0
PCX_PE,D,20160808,000000,15.584,15.829,15.584,15.748,0,0
PCX_PE,D,20160809,000000,15.748,15.748,15.748,15.748,0,0
PCX_PE,D,20160810,000000,15.748,15.748,15.748,15.748,0,0
PCX_PE,D,20160811,000000,15.748,15.748,15.748,15.748,0,0
PCX_PE,D,20160812,000000,15.748,15.748,15.748,15.748,0,0
PCX_PE,D,20160816,000000,15.748,15.748,15.748,15.748,0,0
PCX_PE,D,20160817,000000,15.748,15.748,15.748,15.748,0,0
PCX_PE,D,20160818,000000,15.748,15.748,15.748,15.748,0,0
PCX_PE,D,20160819,000000,15.748,15.748,15.091,15.666,0,0
PCX_PE,D,20160822,000000,15.666,15.666,15.666,15.666,0,0
PCX_PE,D,20160823,000000,15.666,15.666,15.666,15.666,0,0
PCX_PE,D,20160824,000000,15.748,16.076,15.748,15.748,0,0
PCX_PE,D,20160825,000000,15.748,15.994,15.748,15.748,0,0
PCX_PE,D,20160826,000000,15.666,15.748,15.584,15.584,0,0
PCX_PE,D,20160829,000000,16.815,17.06,11.811,11.811,0,0
PCX_PE,D,20160830,000000,12.057,12.304,11.811,11.811,0,0
PCX_PE,D,20160831,000000,11.811,11.974,11.811,11.974,0,0
PCX_PE,D,20160901,000000,11.974,11.974,11.728,11.811,0,0
PCX_PE,D,20160902,000000,11.811,11.811,11.728,11.811,0,0
PCX_PE,D,20160905,000000,11.811,11.811,11.482,11.482,0,0
PCX_PE,D,20160906,000000,11.811,11.811,11.565,11.565,0,0
PCX_PE,D,20160907,000000,11.565,11.728,11.401,11.646,0,0
PCX_PE,D,20160908,000000,11.811,11.811,11.565,11.565,0,0
PCX_PE,D,20160909,000000,11.565,11.565,11.401,11.482,0,0
PCX_PE,D,20160912,000000,11.565,11.646,11.401,11.646,0,0
PCX_PE,D,20160913,000000,11.646,11.646,11.646,11.646,0,0
PCX_PE,D,20160914,000000,11.482,11.811,11.482,11.728,0,0
PCX_PE,D,20160915,000000,11.811,11.811,11.728,11.728,0,0
PCX_PE,D,20160916,000000,11.811,11.811,11.811,11.811,0,0
PCX_PE,D,20160919,000000,11.811,11.811,11.811,11.811,0,0
PCX_PE,D,20160920,000000,11.811,11.811,11.811,11.811,0,0
PCX_PE,D,20160921,000000,11.811,11.811,11.646,11.646,0,0
PCX_PE,D,20160922,000000,11.811,11.811,11.811,11.811,0,0
PCX_PE,D,20160923,000000,11.811,11.811,11.811,11.811,0,0
PCX_PE,D,20160926,000000,11.811,11.811,11.646,11.811,0,0
PCX_PE,D,20160927,000000,11.811,11.811,11.811,11.811,0,0
PCX_PE,D,20160928,000000,11.811,11.811,11.482,11.482,0,0
PCX_PE,D,20160929,000000,11.646,11.646,11.401,11.401,0,0
PCX_PE,D,20160930,000000,11.482,11.565,11.482,11.482,0,0
PCX_PE,D,20161003,000000,11.482,11.565,11.482,11.482,0,0
PCX_PE,D,20161004,000000,11.646,11.646,11.155,11.401,0,0
PCX_PE,D,20161005,000000,11.482,11.482,11.155,11.155,0,0
PCX_PE,D,20161006,000000,11.072,11.318,11.072,11.155,0,0
PCX_PE,D,20161007,000000,11.318,11.318,11.072,11.155,0,0
PCX_PE,D,20161010,000000,11.072,11.401,11.072,11.401,0,0
PCX_PE,D,20161011,000000,11.482,11.482,11.155,11.155,0,0
PCX_PE,D,20161012,000000,11.237,11.237,11.155,11.155,0,0
PCX_PE,D,20161013,000000,11.237,11.237,11.072,11.155,0,0
PCX_PE,D,20161014,000000,11.237,11.482,10.99,11.401,0,0
PCX_PE,D,20161017,000000,11.237,11.401,10.826,11.401,0,0
PCX_PE,D,20161018,000000,11.482,11.482,11.155,11.155,0,0
PCX_PE,D,20161019,000000,11.155,11.155,11.072,11.155,0,0
PCX_PE,D,20161020,000000,11.237,11.237,11.155,11.155,0,0
PCX_PE,D,20161021,000000,11.318,11.318,10.663,10.909,0,0
PCX_PE,D,20161024,000000,10.99,11.072,10.99,10.99,0,0
PCX_PE,D,20161025,000000,11.155,11.155,11.155,11.155,0,0
PCX_PE,D,20161026,000000,11.318,11.482,11.318,11.482,0,0
PCX_PE,D,20161027,000000,11.482,11.811,11.482,11.811,0,0
PCX_PE,D,20161028,000000,11.811,11.811,11.728,11.811,0,0
PCX_PE,D,20161031,000000,11.811,11.811,11.565,11.646,0,0
PCX_PE,D,20161102,000000,11.482,11.811,11.482,11.728,0,0
PCX_PE,D,20161103,000000,11.728,11.728,11.646,11.646,0,0
PCX_PE,D,20161104,000000,11.728,11.728,11.728,11.728,0,0
PCX_PE,D,20161107,000000,11.646,11.728,11.646,11.728,0,0
PCX_PE,D,20161108,000000,11.728,11.811,11.646,11.811,0,0
PCX_PE,D,20161109,000000,11.811,11.811,11.646,11.811,0,0
PCX_PE,D,20161110,000000,11.811,11.893,11.646,11.728,0,0
PCX_PE,D,20161114,000000,11.646,11.728,11.565,11.565,0,0
PCX_PE,D,20161115,000000,11.728,11.974,11.728,11.974,0,0
PCX_PE,D,20161116,000000,11.974,11.974,11.811,11.974,0,0
PCX_PE,D,20161117,000000,11.974,13.123,11.974,13.123,0,0
PCX_PE,D,20161118,000000,12.959,13.288,12.796,12.877,0,0
PCX_PE,D,20161121,000000,12.713,12.713,12.632,12.713,0,0
PCX_PE,D,20161122,000000,12.796,12.796,12.467,12.467,0,0
PCX_PE,D,20161123,000000,12.221,12.221,11.893,12.139,0,0
PCX_PE,D,20161124,000000,12.304,12.304,11.893,11.893,0,0
PCX_PE,D,20161125,000000,11.974,11.974,11.728,11.893,0,0
PCX_PE,D,20161128,000000,12.057,12.057,11.728,11.974,0,0
PCX_PE,D,20161129,000000,11.811,12.057,11.811,11.893,0,0
PCX_PE,D,20161130,000000,11.974,11.974,11.646,11.893,0,0
PCX_PE,D,20161201,000000,11.811,11.893,11.646,11.728,0,0
PCX_PE,D,20161202,000000,11.646,11.728,11.646,11.728,0,0
PCX_PE,D,20161205,000000,11.893,11.893,11.728,11.728,0,0
PCX_PE,D,20161206,000000,11.811,11.974,11.811,11.974,0,0
PCX_PE,D,20161207,000000,11.974,11.974,11.893,11.974,0,0
PCX_PE,D,20161208,000000,11.893,12.057,11.893,11.974,0,0
PCX_PE,D,20161209,000000,12.057,12.467,12.057,12.139,0,0
PCX_PE,D,20161212,000000,11.974,11.974,11.646,11.728,0,0
PCX_PE,D,20161213,000000,11.728,11.728,11.318,11.401,0,0
PCX_PE,D,20161214,000000,11.401,11.565,10.909,11.072,0,0
PCX_PE,D,20161215,000000,11.072,11.072,10.909,10.909,0,0
PCX_PE,D,20161216,000000,11.072,11.072,10.334,10.99,0,0
PCX_PE,D,20161219,000000,10.99,10.99,10.499,10.99,0,0
PCX_PE,D,20161220,000000,10.99,10.99,10.663,10.663,0,0
PCX_PE,D,20161221,000000,10.99,10.99,10.416,10.499,0,0
PCX_PE,D,20161222,000000,10.663,10.99,10.663,10.99,0,0
PCX_PE,D,20161223,000000,11.155,11.155,10.99,10.99,0,0
PCX_PE,D,20161227,000000,11.072,11.072,11.072,11.072,0,0
PCX_PE,D,20161228,000000,10.99,10.99,10.99,10.99,0,0
PCX_PE,D,20161229,000000,10.99,10.99,10.826,10.99,0,0
PCX_PE,D,20161230,000000,10.826,10.909,10.826,10.826,0,0
PCX_PE,D,20170102,000000,10.826,11.565,10.826,11.318,0,0
PCX_PE,D,20170103,000000,11.482,11.482,11.155,11.155,0,0
PCX_PE,D,20170104,000000,11.401,11.401,11.318,11.401,0,0
PCX_PE,D,20170105,000000,11.482,11.482,11.401,11.401,0,0
PCX_PE,D,20170109,000000,11.237,11.318,11.237,11.318,0,0
PCX_PE,D,20170110,000000,11.318,11.318,10.744,11.237,0,0
PCX_PE,D,20170111,000000,11.237,11.237,11.072,11.237,0,0
PCX_PE,D,20170112,000000,11.318,11.318,11.072,11.072,0,0
PCX_PE,D,20170113,000000,10.99,11.237,10.99,11.237,0,0
PCX_PE,D,20170116,000000,11.237,11.401,11.237,11.401,0,0
PCX_PE,D,20170117,000000,11.401,11.401,11.237,11.401,0,0
PCX_PE,D,20170118,000000,11.401,11.401,11.318,11.318,0,0
PCX_PE,D,20170119,000000,11.318,11.318,11.155,11.155,0,0
PCX_PE,D,20170120,000000,11.237,11.401,11.155,11.401,0,0
PCX_PE,D,20170123,000000,11.482,11.482,11.237,11.318,0,0
PCX_PE,D,20170124,000000,11.318,11.482,11.318,11.401,0,0
PCX_PE,D,20170125,000000,11.482,11.482,11.237,11.237,0,0
PCX_PE,D,20170126,000000,11.237,11.237,11.155,11.155,0,0
PCX_PE,D,20170127,000000,11.155,11.237,11.155,11.155,0,0
PCX_PE,D,20170130,000000,11.237,11.237,10.909,10.909,0,0
PCX_PE,D,20170131,000000,11.072,11.072,10.744,10.909,0,0
PCX_PE,D,20170201,000000,10.909,10.909,10.909,10.909,0,0
PCX_PE,D,20170202,000000,10.99,11.401,10.909,10.909,0,0
PCX_PE,D,20170203,000000,10.99,11.155,10.99,11.155,0,0
PCX_PE,D,20170206,000000,11.237,11.237,11.237,11.237,0,0
PCX_PE,D,20170207,000000,11.237,11.318,11.237,11.318,0,0
PCX_PE,D,20170208,000000,11.318,11.318,11.237,11.237,0,0
PCX_PE,D,20170209,000000,11.318,11.318,11.237,11.237,0,0
PCX_PE,D,20170210,000000,11.318,12.385,11.318,11.893,0,0
PCX_PE,D,20170213,000000,11.893,11.974,11.728,11.728,0,0
PCX_PE,D,20170214,000000,11.893,11.974,11.893,11.974,0,0
PCX_PE,D,20170215,000000,11.893,11.893,11.893,11.893,0,0
PCX_PE,D,20170216,000000,11.893,11.974,11.728,11.728,0,0
PCX_PE,D,20170217,000000,11.811,11.811,11.811,11.811,0,0
PCX_PE,D,20170220,000000,11.811,11.811,11.811,11.811,0,0
PCX_PE,D,20170221,000000,11.728,11.728,11.646,11.728,0,0
PCX_PE,D,20170222,000000,11.811,11.811,11.565,11.565,0,0
PCX_PE,D,20170223,000000,11.646,11.728,11.646,11.728,0,0
PCX_PE,D,20170224,000000,11.811,11.893,11.728,11.728,0,0
PCX_PE,D,20170227,000000,11.811,11.811,11.646,11.728,0,0
PCX_PE,D,20170228,000000,11.893,11.893,11.646,11.646,0,0
PCX_PE,D,20170301,000000,11.565,11.646,11.401,11.401,0,0
PCX_PE,D,20170302,000000,11.401,11.401,10.909,11.401,0,0
PCX_PE,D,20170303,000000,11.401,11.401,11.155,11.401,0,0
PCX_PE,D,20170306,000000,11.401,11.401,11.401,11.401,0,0
PCX_PE,D,20170307,000000,11.565,11.565,11.401,11.482,0,0
PCX_PE,D,20170308,000000,11.811,12.55,11.811,12.55,0,0
PCX_PE,D,20170309,000000,12.959,13.041,12.796,12.796,0,0
PCX_PE,D,20170310,000000,12.713,12.713,11.565,12.221,0,0
PCX_PE,D,20170313,000000,12.221,12.221,11.811,11.893,0,0
PCX_PE,D,20170314,000000,11.893,12.057,11.728,12.057,0,0
PCX_PE,D,20170315,000000,12.139,12.139,12.139,12.139,0,0
PCX_PE,D,20170316,000000,12.139,12.139,11.811,11.811,0,0
PCX_PE,D,20170317,000000,11.728,12.057,11.646,12.057,0,0
PCX_PE,D,20170320,000000,11.974,11.974,11.893,11.893,0,0
PCX_PE,D,20170321,000000,11.811,11.811,11.318,11.565,0,0
PCX_PE,D,20170322,000000,11.401,11.728,11.401,11.565,0,0
PCX_PE,D,20170323,000000,11.728,11.728,11.728,11.728,0,0
PCX_PE,D,20170324,000000,11.728,11.893,11.728,11.728,0,0
PCX_PE,D,20170327,000000,11.728,11.974,11.728,11.974,0,0
PCX_PE,D,20170328,000000,11.974,11.974,11.646,11.811,0,0
PCX_PE,D,20170329,000000,11.811,11.811,11.401,11.401,0,0
PCX_PE,D,20170330,000000,11.482,12.057,11.482,11.893,0,0
PCX_PE,D,20170331,000000,12.057,12.057,11.893,11.893,0,0
PCX_PE,D,20170403,000000,11.974,12.304,11.974,12.139,0,0
PCX_PE,D,20170404,000000,12.139,12.385,12.139,12.385,0,0
PCX_PE,D,20170405,000000,12.221,12.385,12.221,12.385,0,0
PCX_PE,D,20170406,000000,12.221,12.221,11.893,11.893,0,0
PCX_PE,D,20170407,000000,11.974,12.221,11.893,12.221,0,0
PCX_PE,D,20170410,000000,12.385,12.385,12.221,12.221,0,0
PCX_PE,D,20170411,000000,12.221,12.221,12.139,12.221,0,0
PCX_PE,D,20170412,000000,12.221,12.221,12.057,12.057,0,0
PCX_PE,D,20170413,000000,12.221,12.221,12.221,12.221,0,0
PCX_PE,D,20170418,000000,12.221,12.55,12.139,12.221,0,0
PCX_PE,D,20170419,000000,12.304,12.304,11.893,11.893,0,0
PCX_PE,D,20170420,000000,12.057,12.057,11.974,11.974,0,0
PCX_PE,D,20170421,000000,11.974,11.974,11.974,11.974,0,0
PCX_PE,D,20170424,000000,12.057,12.139,11.893,11.893,0,0
PCX_PE,D,20170425,000000,11.893,11.893,11.237,11.728,0,0
PCX_PE,D,20170426,000000,11.728,11.728,11.401,11.482,0,0
PCX_PE,D,20170427,000000,11.482,11.728,11.401,11.728,0,0
PCX_PE,D,20170428,000000,11.893,12.55,11.893,12.467,0,0
PCX_PE,D,20170502,000000,12.713,12.796,12.221,12.304,0,0
PCX_PE,D,20170504,000000,12.221,12.221,12.139,12.139,0,0
PCX_PE,D,20170505,000000,12.221,12.221,12.139,12.139,0,0
PCX_PE,D,20170508,000000,12.221,12.467,12.221,12.467,0,0
PCX_PE,D,20170509,000000,12.467,12.55,12.467,12.55,0,0
PCX_PE,D,20170510,000000,12.632,12.796,12.55,12.55,0,0
PCX_PE,D,20170511,000000,12.713,12.713,12.632,12.713,0,0
PCX_PE,D,20170512,000000,12.55,12.55,12.467,12.55,0,0
PCX_PE,D,20170515,000000,12.55,12.55,12.385,12.385,0,0
PCX_PE,D,20170516,000000,12.385,12.467,12.221,12.221,0,0
PCX_PE,D,20170517,000000,12.221,13.369,12.139,13.369,0,0
PCX_PE,D,20170518,000000,13.369,13.451,13.369,13.369,0,0
PCX_PE,D,20170519,000000,13.533,13.533,13.288,13.288,0,0
PCX_PE,D,20170522,000000,13.369,13.451,13.205,13.205,0,0
PCX_PE,D,20170523,000000,13.288,13.451,13.288,13.288,0,0
PCX_PE,D,20170524,000000,13.369,13.369,13.205,13.205,0,0
PCX_PE,D,20170525,000000,13.288,13.288,13.288,13.288,0,0
PCX_PE,D,20170526,000000,13.369,13.451,13.369,13.451,0,0
PCX_PE,D,20170529,000000,13.533,13.533,13.533,13.533,0,0
PCX_PE,D,20170530,000000,13.533,13.533,13.205,13.205,0,0
PCX_PE,D,20170531,000000,13.205,13.369,13.205,13.288,0,0
PCX_PE,D,20170601,000000,13.615,13.779,13.615,13.779,0,0
PCX_PE,D,20170602,000000,13.779,13.779,13.533,13.615,0,0
PCX_PE,D,20170605,000000,13.615,13.615,13.369,13.533,0,0
PCX_PE,D,20170606,000000,13.533,13.615,13.533,13.615,0,0
PCX_PE,D,20170607,000000,13.615,13.615,13.533,13.615,0,0
PCX_PE,D,20170608,000000,13.533,13.615,13.533,13.615,0,0
PCX_PE,D,20170609,000000,13.697,13.779,13.697,13.697,0,0
PCX_PE,D,20170612,000000,13.779,13.779,13.779,13.779,0,0
PCX_PE,D,20170613,000000,13.615,13.615,13.615,13.615,0,0
PCX_PE,D,20170614,000000,13.615,13.615,13.533,13.615,0,0
PCX_PE,D,20170616,000000,13.615,13.615,13.615,13.615,0,0
PCX_PE,D,20170619,000000,13.615,13.615,13.533,13.533,0,0
PCX_PE,D,20170620,000000,13.533,13.615,13.369,13.533,0,0
PCX_PE,D,20170621,000000,14.357,14.357,13.828,13.917,0,0
PCX_PE,D,20170622,000000,14.181,14.181,14.181,14.181,0,0
PCX_PE,D,20170623,000000,14.445,14.445,14.445,14.445,0,0
PCX_PE,D,20170626,000000,14.445,14.445,14.092,14.357,0,0
PCX_PE,D,20170627,000000,14.357,14.357,14.357,14.357,0,0
PCX_PE,D,20170628,000000,14.357,14.357,13.917,14.357,0,0
PCX_PE,D,20170629,000000,14.004,14.268,14.004,14.268,0,0
PCX_PE,D,20170703,000000,14.181,14.268,13.917,14.268,0,0
PCX_PE,D,20170704,000000,14.357,14.357,13.3,14.092,0,0
PCX_PE,D,20170705,000000,13.917,13.917,13.917,13.917,0,0
PCX_PE,D,20170706,000000,13.917,13.917,13.828,13.917,0,0
PCX_PE,D,20170707,000000,13.917,14.092,13.652,13.828,0,0
PCX_PE,D,20170710,000000,13.828,14.181,13.828,14.181,0,0
PCX_PE,D,20170711,000000,14.092,14.092,13.917,13.917,0,0
PCX_PE,D,20170712,000000,13.917,13.917,13.828,13.917,0,0
PCX_PE,D,20170713,000000,13.917,14.268,13.917,14.268,0,0
PCX_PE,D,20170714,000000,14.268,14.445,14.268,14.357,0,0
PCX_PE,D,20170717,000000,14.004,14.181,14.004,14.181,0,0
PCX_PE,D,20170718,000000,14.181,14.181,14.092,14.092,0,0
PCX_PE,D,20170719,000000,14.092,14.181,14.092,14.092,0,0
PCX_PE,D,20170720,000000,14.092,14.181,14.092,14.181,0,0
PCX_PE,D,20170721,000000,14.268,14.268,14.268,14.268,0,0
PCX_PE,D,20170724,000000,14.181,14.268,14.181,14.268,0,0
PCX_PE,D,20170725,000000,14.357,14.357,14.092,14.092,0,0
PCX_PE,D,20170726,000000,14.268,14.268,14.092,14.268,0,0
PCX_PE,D,20170727,000000,14.268,14.268,14.092,14.268,0,0
PCX_PE,D,20170728,000000,14.268,14.268,14.268,14.268,0,0
PCX_PE,D,20170731,000000,14.268,14.268,13.828,14.268,0,0
PCX_PE,D,20170801,000000,14.268,14.268,14.268,14.268,0,0
PCX_PE,D,20170802,000000,14.268,14.357,14.268,14.357,0,0
PCX_PE,D,20170803,000000,14.268,14.268,14.268,14.268,0,0
PCX_PE,D,20170804,000000,14.268,14.268,13.917,14.181,0,0
PCX_PE,D,20170807,000000,14.181,14.268,14.181,14.181,0,0
PCX_PE,D,20170808,000000,14.181,14.268,13.917,14.268,0,0
PCX_PE,D,20170809,000000,14.268,14.268,14.004,14.004,0,0
PCX_PE,D,20170810,000000,14.181,14.181,14.092,14.092,0,0
PCX_PE,D,20170811,000000,14.181,14.181,13.828,14.004,0,0
PCX_PE,D,20170814,000000,14.181,14.181,13.74,13.828,0,0
PCX_PE,D,20170816,000000,14.004,14.004,13.917,13.917,0,0
PCX_PE,D,20170817,000000,14.004,14.004,14.004,14.004,0,0
PCX_PE,D,20170818,000000,13.917,14.092,13.917,14.092,0,0
PCX_PE,D,20170821,000000,14.092,14.092,13.564,13.652,0,0
PCX_PE,D,20170822,000000,13.564,13.828,13.3,13.3,0,0
PCX_PE,D,20170823,000000,13.564,13.652,13.564,13.652,0,0
PCX_PE,D,20170824,000000,13.652,13.652,13.652,13.652,0,0
PCX_PE,D,20170825,000000,13.652,13.652,13.652,13.652,0,0
PCX_PE,D,20170828,000000,13.564,13.917,13.564,13.917,0,0
PCX_PE,D,20170829,000000,13.652,13.652,13.476,13.476,0,0
PCX_PE,D,20170830,000000,13.388,13.74,13.3,13.74,0,0
PCX_PE,D,20170831,000000,13.476,14.004,13.388,13.917,0,0
PCX_PE,D,20170901,000000,13.74,13.828,13.74,13.828,0,0
PCX_PE,D,20170904,000000,13.828,13.828,13.476,13.476,0,0
PCX_PE,D,20170905,000000,13.476,13.564,13.476,13.564,0,0
PCX_PE,D,20170906,000000,13.388,13.388,13.388,13.388,0,0
PCX_PE,D,20170907,000000,13.124,14.357,12.507,14.357,0,0
PCX_PE,D,20170908,000000,14.445,14.621,14.445,14.621,0,0
PCX_PE,D,20170911,000000,14.709,14.709,14.357,14.357,0,0
PCX_PE,D,20170912,000000,14.357,14.533,14.357,14.533,0,0
PCX_PE,D,20170913,000000,14.533,14.533,14.533,14.533,0,0
PCX_PE,D,20170914,000000,14.621,14.621,14.621,14.621,0,0
PCX_PE,D,20170915,000000,14.621,14.621,14.621,14.621,0,0
PCX_PE,D,20170918,000000,14.709,14.709,14.709,14.709,0,0
PCX_PE,D,20170919,000000,14.709,14.885,14.709,14.885,0,0
PCX_PE,D,20170920,000000,14.885,14.885,14.885,14.885,0,0
PCX_PE,D,20170921,000000,14.709,15.15,14.709,15.15,0,0
PCX_PE,D,20170922,000000,15.15,15.15,15.15,15.15,0,0
PCX_PE,D,20170925,000000,15.15,15.15,15.061,15.061,0,0
PCX_PE,D,20170926,000000,15.15,15.15,14.709,14.974,0,0
PCX_PE,D,20170927,000000,15.061,15.061,14.709,14.709,0,0
PCX_PE,D,20170928,000000,14.709,14.709,14.709,14.709,0,0
PCX_PE,D,20170929,000000,15.061,15.061,15.061,15.061,0,0
PCX_PE,D,20171002,000000,15.061,15.061,14.621,14.621,0,0
PCX_PE,D,20171003,000000,14.709,14.709,14.357,14.621,0,0
PCX_PE,D,20171004,000000,14.709,14.709,14.709,14.709,0,0
PCX_PE,D,20171006,000000,14.445,14.533,14.445,14.533,0,0
PCX_PE,D,20171009,000000,14.445,14.445,14.445,14.445,0,0
PCX_PE,D,20171010,000000,14.445,14.709,14.445,14.709,0,0
PCX_PE,D,20171011,000000,14.797,14.797,14.797,14.797,0,0
PCX_PE,D,20171013,000000,14.797,14.974,14.797,14.974,0,0
PCX_PE,D,20171016,000000,14.797,14.974,14.797,14.974,0,0
PCX_PE,D,20171017,000000,14.974,14.974,14.974,14.974,0,0
PCX_PE,D,20171018,000000,14.797,14.797,14.797,14.797,0,0
PCX_PE,D,20171019,000000,14.797,14.797,14.797,14.797,0,0
PCX_PE,D,20171020,000000,14.797,15.061,14.797,15.061,0,0
PCX_PE,D,20171023,000000,14.974,15.061,14.709,14.709,0,0
PCX_PE,D,20171024,000000,14.533,14.533,14.533,14.533,0,0
PCX_PE,D,20171026,000000,14.445,15.061,14.357,15.061,0,0
PCX_PE,D,20171027,000000,15.061,15.061,15.061,15.061,0,0
PCX_PE,D,20171030,000000,15.061,15.061,15.061,15.061,0,0
PCX_PE,D,20171031,000000,15.061,15.061,14.357,14.357,0,0
PCX_PE,D,20171102,000000,14.797,14.797,13.476,13.74,0,0
PCX_PE,D,20171103,000000,13.828,14.357,13.74,14.268,0,0
PCX_PE,D,20171106,000000,14.268,14.268,14.268,14.268,0,0
PCX_PE,D,20171107,000000,14.181,14.181,13.828,14.181,0,0
PCX_PE,D,20171108,000000,14.181,14.181,14.181,14.181,0,0
PCX_PE,D,20171109,000000,14.181,14.181,14.181,14.181,0,0
PCX_PE,D,20171110,000000,13.828,14.092,13.211,13.3,0,0
PCX_PE,D,20171113,000000,13.917,13.917,13.124,13.564,0,0
PCX_PE,D,20171114,000000,13.564,13.74,13.476,13.74,0,0
PCX_PE,D,20171115,000000,13.652,13.652,13.388,13.388,0,0
PCX_PE,D,20171116,000000,13.476,13.476,13.035,13.035,0,0
PCX_PE,D,20171117,000000,13.476,14.357,12.771,12.771,0,0
PCX_PE,D,20171120,000000,12.507,13.917,12.507,13.828,0,0
PCX_PE,D,20171121,000000,13.828,13.828,13.388,13.828,0,0
PCX_PE,D,20171122,000000,13.74,14.268,13.74,14.268,0,0
PCX_PE,D,20171123,000000,14.004,14.004,13.74,13.74,0,0
PCX_PE,D,20171124,000000,13.74,14.181,13.74,14.181,0,0
PCX_PE,D,20171127,000000,14.092,14.181,14.092,14.181,0,0
PCX_PE,D,20171128,000000,14.004,14.268,13.828,14.268,0,0
PCX_PE,D,20171129,000000,14.181,14.268,13.652,14.181,0,0
PCX_PE,D,20171130,000000,14.092,14.445,14.092,14.268,0,0
PCX_PE,D,20171201,000000,14.092,14.092,14.092,14.092,0,0
PCX_PE,D,20171204,000000,14.268,14.445,14.268,14.445,0,0
PCX_PE,D,20171205,000000,14.268,14.357,14.268,14.268,0,0
PCX_PE,D,20171206,000000,14.181,14.445,14.181,14.445,0,0
PCX_PE,D,20171207,000000,14.268,14.268,14.268,14.268,0,0
PCX_PE,D,20171208,000000,14.268,14.268,14.181,14.181,0,0
PCX_PE,D,20171211,000000,14.181,14.181,14.181,14.181,0,0
PCX_PE,D,20171212,000000,14.181,14.181,14.181,14.181,0,0
PCX_PE,D,20171213,000000,14.181,14.181,14.181,14.181,0,0
PCX_PE,D,20171214,000000,14.181,14.181,14.181,14.181,0,0
PCX_PE,D,20171215,000000,14.268,14.268,14.268,14.268,0,0
PCX_PE,D,20171218,000000,13.652,14.268,13.3,13.388,0,0
PCX_PE,D,20171219,000000,13.3,13.388,12.771,12.771,0,0
PCX_PE,D,20171220,000000,12.86,13.035,12.684,12.771,0,0
PCX_PE,D,20171221,000000,12.771,12.771,12.771,12.771,0,0
PCX_PE,D,20171222,000000,13.124,13.124,12.684,12.771,0,0
PCX_PE,D,20171227,000000,12.771,13.211,12.771,13.211,0,0
PCX_PE,D,20171228,000000,13.124,13.211,13.124,13.211,0,0
PCX_PE,D,20171229,000000,13.211,13.476,13.211,13.388,0,0
PCX_PE,D,20180103,000000,13.211,13.211,13.035,13.035,0,0
PCX_PE,D,20180104,000000,13.124,13.124,13.124,13.124,0,0
PCX_PE,D,20180105,000000,13.388,13.652,13.124,13.652,0,0
PCX_PE,D,20180108,000000,13.652,13.652,13.476,13.476,0,0
PCX_PE,D,20180110,000000,13.652,13.652,13.388,13.476,0,0
PCX_PE,D,20180111,000000,13.476,13.828,13.476,13.828,0,0
PCX_PE,D,20180112,000000,13.828,13.828,13.828,13.828,0,0
PCX_PE,D,20180115,000000,13.74,13.74,13.74,13.74,0,0
PCX_PE,D,20180116,000000,13.828,14.004,13.828,14.004,0,0
PCX_PE,D,20180117,000000,13.828,13.828,13.3,13.3,0,0
PCX_PE,D,20180118,000000,13.388,13.564,13.388,13.476,0,0
PCX_PE,D,20180119,000000,13.476,13.476,13.476,13.476,0,0
PCX_PE,D,20180122,000000,13.564,13.74,13.476,13.476,0,0
PCX_PE,D,20180123,000000,13.74,13.917,13.74,13.917,0,0
PCX_PE,D,20180124,000000,13.564,13.74,13.564,13.74,0,0
PCX_PE,D,20180125,000000,13.476,13.476,13.476,13.476,0,0
PCX_PE,D,20180126,000000,13.476,13.476,13.476,13.476,0,0
PCX_PE,D,20180129,000000,13.476,13.476,13.476,13.476,0,0
PCX_PE,D,20180130,000000,13.476,13.476,13.476,13.476,0,0
PCX_PE,D,20180131,000000,13.476,13.476,13.476,13.476,0,0
PCX_PE,D,20180201,000000,13.476,13.476,13.211,13.3,0,0
PCX_PE,D,20180202,000000,13.564,13.564,13.476,13.476,0,0
PCX_PE,D,20180205,000000,13.476,13.476,13.211,13.3,0,0
PCX_PE,D,20180206,000000,13.388,13.388,13.124,13.124,0,0
PCX_PE,D,20180207,000000,13.211,13.388,13.211,13.388,0,0
PCX_PE,D,20180208,000000,13.3,13.3,13.3,13.3,0,0
PCX_PE,D,20180209,000000,13.124,13.3,12.947,12.947,0,0
PCX_PE,D,20180212,000000,13.035,13.035,12.86,12.947,0,0
PCX_PE,D,20180213,000000,12.947,12.947,12.947,12.947,0,0
PCX_PE,D,20180214,000000,12.947,13.211,12.947,13.211,0,0
PCX_PE,D,20180215,000000,13.124,13.124,13.124,13.124,0,0
PCX_PE,D,20180216,000000,12.947,13.211,12.771,13.211,0,0
PCX_PE,D,20180219,000000,13.3,13.3,13.3,13.3,0,0
PCX_PE,D,20180220,000000,13.124,13.124,13.124,13.124,0,0
PCX_PE,D,20180221,000000,13.124,13.124,13.124,13.124,0,0
PCX_PE,D,20180222,000000,13.035,13.124,13.035,13.124,0,0
PCX_PE,D,20180223,000000,13.124,13.124,13.124,13.124,0,0
PCX_PE,D,20180226,000000,13.124,13.124,13.124,13.124,0,0
PCX_PE,D,20180227,000000,13.124,13.124,12.86,12.86,0,0
PCX_PE,D,20180228,000000,12.86,13.124,12.86,13.124,0,0
PCX_PE,D,20180301,000000,12.947,12.947,12.684,12.86,0,0
PCX_PE,D,20180302,000000,12.86,12.947,12.595,12.947,0,0
PCX_PE,D,20180305,000000,13.124,13.124,12.947,12.947,0,0
PCX_PE,D,20180306,000000,12.947,13.124,12.947,13.124,0,0
PCX_PE,D,20180307,000000,13.124,13.124,12.947,13.124,0,0
PCX_PE,D,20180308,000000,13.124,13.124,13.124,13.124,0,0
PCX_PE,D,20180309,000000,12.947,13.124,12.947,13.124,0,0
PCX_PE,D,20180312,000000,13.124,13.124,13.124,13.124,0,0
PCX_PE,D,20180313,000000,13.035,13.035,13.035,13.035,0,0
PCX_PE,D,20180314,000000,13.035,13.124,13.035,13.124,0,0
PCX_PE,D,20180315,000000,13.035,13.035,13.035,13.035,0,0
PCX_PE,D,20180316,000000,13.035,13.124,13.035,13.124,0,0
PCX_PE,D,20180319,000000,13.035,13.124,12.947,12.947,0,0
PCX_PE,D,20180320,000000,13.124,13.124,13.035,13.124,0,0
PCX_PE,D,20180321,000000,12.947,14.004,12.507,14.004,0,0
PCX_PE,D,20180322,000000,14.004,14.092,13.828,14.092,0,0
PCX_PE,D,20180323,000000,14.181,14.181,14.092,14.092,0,0
PCX_PE,D,20180326,000000,13.917,13.917,13.124,13.3,0,0
PCX_PE,D,20180327,000000,13.3,13.3,13.3,13.3,0,0
PCX_PE,D,20180328,000000,13.124,13.476,13.124,13.476,0,0
PCX_PE,D,20180329,000000,12.947,13.652,12.947,13.3,0,0
PCX_PE,D,20180403,000000,13.3,13.3,13.3,13.3,0,0
PCX_PE,D,20180404,000000,13.3,13.3,13.3,13.3,0,0
PCX_PE,D,20180405,000000,13.3,13.3,13.211,13.3,0,0
PCX_PE,D,20180406,000000,13.3,13.3,13.124,13.211,0,0
PCX_PE,D,20180409,000000,13.035,13.388,13.035,13.388,0,0
PCX_PE,D,20180410,000000,13.388,13.652,13.388,13.652,0,0
PCX_PE,D,20180411,000000,13.476,13.476,13.388,13.476,0,0
PCX_PE,D,20180412,000000,13.564,13.564,13.476,13.476,0,0
PCX_PE,D,20180413,000000,13.476,13.652,13.476,13.652,0,0
PCX_PE,D,20180416,000000,13.74,14.092,13.74,14.092,0,0
PCX_PE,D,20180417,000000,14.092,14.092,13.564,14.004,0,0
PCX_PE,D,20180418,000000,13.917,13.917,13.917,13.917,0,0
PCX_PE,D,20180419,000000,14.181,14.181,14.181,14.181,0,0
PCX_PE,D,20180420,000000,14.181,14.181,14.181,14.181,0,0
PCX_PE,D,20180423,000000,14.357,14.974,14.357,14.885,0,0
PCX_PE,D,20180424,000000,14.974,15.15,14.885,15.061,0,0
PCX_PE,D,20180425,000000,15.15,15.15,15.15,15.15,0,0
PCX_PE,D,20180426,000000,14.885,14.974,14.533,14.974,0,0
PCX_PE,D,20180427,000000,15.02,15.762,15.02,15.762,0,0
PCX_PE,D,20180430,000000,15.668,15.668,14.926,15.576,0,0
PCX_PE,D,20180502,000000,15.576,15.576,15.576,15.576,0,0
PCX_PE,D,20180504,000000,15.762,15.762,15.668,15.668,0,0
PCX_PE,D,20180507,000000,15.762,15.762,15.762,15.762,0,0
PCX_PE,D,20180508,000000,15.762,15.762,15.668,15.762,0,0
PCX_PE,D,20180509,000000,15.762,15.762,15.576,15.668,0,0
PCX_PE,D,20180510,000000,15.854,15.854,15.762,15.762,0,0
PCX_PE,D,20180511,000000,15.762,15.854,15.298,15.762,0,0
PCX_PE,D,20180514,000000,16.04,16.04,15.576,15.668,0,0
PCX_PE,D,20180515,000000,15.668,15.668,15.39,15.39,0,0
PCX_PE,D,20180516,000000,15.484,15.762,15.484,15.668,0,0
PCX_PE,D,20180517,000000,15.668,15.668,15.576,15.668,0,0
PCX_PE,D,20180518,000000,15.576,15.762,15.576,15.762,0,0
PCX_PE,D,20180521,000000,15.668,15.668,15.298,15.298,0,0
PCX_PE,D,20180522,000000,15.112,15.112,15.02,15.112,0,0
PCX_PE,D,20180523,000000,14.926,15.112,14.556,14.556,0,0
PCX_PE,D,20180524,000000,14.556,14.556,14.556,14.556,0,0
PCX_PE,D,20180528,000000,14.648,14.648,14.556,14.648,0,0
PCX_PE,D,20180529,000000,14.648,14.648,14.648,14.648,0,0
PCX_PE,D,20180530,000000,14.648,14.648,14.648,14.648,0,0
PCX_PE,D,20180601,000000,14.742,14.742,14.742,14.742,0,0
PCX_PE,D,20180604,000000,14.834,14.834,14.185,14.185,0,0
PCX_PE,D,20180605,000000,14.092,14.185,14.092,14.185,0,0
PCX_PE,D,20180606,000000,14.185,14.464,14.185,14.464,0,0
PCX_PE,D,20180607,000000,14.185,14.648,14.185,14.648,0,0
PCX_PE,D,20180608,000000,14.742,14.742,14.648,14.648,0,0
PCX_PE,D,20180611,000000,14.742,14.742,14.278,14.278,0,0
PCX_PE,D,20180612,000000,14.648,14.648,14.278,14.278,0,0
PCX_PE,D,20180614,000000,14.278,14.278,14.278,14.278,0,0
PCX_PE,D,20180615,000000,14.37,14.742,14.37,14.37,0,0
PCX_PE,D,20180618,000000,14.37,14.37,14.37,14.37,0,0
PCX_PE,D,20180619,000000,14.37,14.37,14.37,14.37,0,0
PCX_PE,D,20180620,000000,14.742,14.742,14.464,14.464,0,0
PCX_PE,D,20180622,000000,14.464,14.464,14.37,14.37,0,0
PCX_PE,D,20180625,000000,14.278,14.278,13.536,13.907,0,0
PCX_PE,D,20180626,000000,13.907,13.907,13.907,13.907,0,0
PCX_PE,D,20180627,000000,13.907,13.907,13.907,13.907,0,0
PCX_PE,D,20180628,000000,13.907,13.907,13.907,13.907,0,0
PCX_PE,D,20180629,000000,13.351,13.907,13.351,13.907,0,0
PCX_PE,D,20180702,000000,13.351,13.629,13.351,13.536,0,0
PCX_PE,D,20180703,000000,13.536,13.536,13.443,13.536,0,0
PCX_PE,D,20180704,000000,13.443,13.629,13.443,13.536,0,0
PCX_PE,D,20180705,000000,13.443,13.907,13.443,13.814,0,0
PCX_PE,D,20180706,000000,13.907,13.907,13.443,13.907,0,0
PCX_PE,D,20180709,000000,13.907,13.907,13.907,13.907,0,0
PCX_PE,D,20180710,000000,13.814,13.814,13.814,13.814,0,0
PCX_PE,D,20180711,000000,13.814,13.814,13.443,13.536,0,0
PCX_PE,D,20180712,000000,13.536,13.536,13.536,13.536,0,0
PCX_PE,D,20180713,000000,13.536,13.536,13.536,13.536,0,0
PCX_PE,D,20180716,000000,13.629,14,13.536,13.907,0,0
PCX_PE,D,20180717,000000,13.907,13.907,13.536,13.629,0,0
PCX_PE,D,20180718,000000,13.536,13.814,13.536,13.722,0,0
PCX_PE,D,20180719,000000,13.536,13.536,13.351,13.443,0,0
PCX_PE,D,20180720,000000,13.443,13.443,13.443,13.443,0,0
PCX_PE,D,20180723,000000,13.443,13.443,13.443,13.443,0,0
PCX_PE,D,20180724,000000,13.814,13.814,13.722,13.722,0,0
PCX_PE,D,20180725,000000,13.722,13.814,13.722,13.722,0,0
PCX_PE,D,20180726,000000,13.722,13.722,13.722,13.722,0,0
PCX_PE,D,20180727,000000,13.722,13.907,13.722,13.722,0,0
PCX_PE,D,20180730,000000,13.722,13.907,13.722,13.722,0,0
PCX_PE,D,20180731,000000,13.722,13.814,13.722,13.814,0,0
PCX_PE,D,20180801,000000,13.907,13.907,13.907,13.907,0,0
PCX_PE,D,20180802,000000,13.907,14.278,13.907,14.278,0,0
PCX_PE,D,20180803,000000,14.278,14.278,14.278,14.278,0,0
PCX_PE,D,20180806,000000,14.278,14.278,14.278,14.278,0,0
PCX_PE,D,20180807,000000,14.278,14.278,14.278,14.278,0,0
PCX_PE,D,20180808,000000,14.278,14.278,14.278,14.278,0,0
PCX_PE,D,20180809,000000,14.278,14.278,14.278,14.278,0,0
PCX_PE,D,20180810,000000,14.278,14.278,14.185,14.278,0,0
PCX_PE,D,20180813,000000,14.278,14.556,14.278,14.556,0,0
PCX_PE,D,20180814,000000,14.556,14.556,14.556,14.556,0,0
PCX_PE,D,20180816,000000,14.556,14.556,14.37,14.556,0,0
PCX_PE,D,20180817,000000,14.464,14.742,14.37,14.742,0,0
PCX_PE,D,20180820,000000,14.742,14.742,14.742,14.742,0,0
PCX_PE,D,20180821,000000,14.742,14.742,14.742,14.742,0,0
PCX_PE,D,20180822,000000,14.742,14.742,14.648,14.742,0,0
PCX_PE,D,20180823,000000,14.742,14.742,14.185,14.185,0,0
PCX_PE,D,20180824,000000,14.185,14.185,13.722,13.722,0,0
PCX_PE,D,20180827,000000,13.907,14.092,13.907,14.092,0,0
PCX_PE,D,20180828,000000,14.092,14.092,14.092,14.092,0,0
PCX_PE,D,20180829,000000,14.092,14.185,13.536,13.536,0,0
PCX_PE,D,20180830,000000,13.536,13.536,13.443,13.443,0,0
PCX_PE,D,20180831,000000,13.443,13.722,13.443,13.629,0,0
PCX_PE,D,20180903,000000,13.536,13.536,13.165,13.258,0,0
PCX_PE,D,20180904,000000,13.258,13.258,13.258,13.258,0,0
PCX_PE,D,20180905,000000,13.165,13.165,13.165,13.165,0,0
PCX_PE,D,20180906,000000,13.165,13.629,13.165,13.443,0,0
PCX_PE,D,20180907,000000,13.443,13.814,12.795,12.795,0,0
PCX_PE,D,20180910,000000,12.887,12.887,12.887,12.887,0,0
PCX_PE,D,20180911,000000,12.795,13.351,12.795,13.351,0,0
PCX_PE,D,20180913,000000,13.165,13.165,13.165,13.165,0,0
PCX_PE,D,20180914,000000,13.165,13.258,13.165,13.258,0,0
PCX_PE,D,20180917,000000,13.351,13.351,13.351,13.351,0,0
PCX_PE,D,20180918,000000,13.258,13.258,13.258,13.258,0,0
PCX_PE,D,20180919,000000,13.258,13.258,12.701,12.701,0,0
PCX_PE,D,20180920,000000,12.887,12.98,12.701,12.701,0,0
PCX_PE,D,20180921,000000,12.98,12.98,12.98,12.98,0,0
PCX_PE,D,20180924,000000,12.98,12.98,12.98,12.98,0,0
PCX_PE,D,20180925,000000,12.98,13.351,12.98,13.351,0,0
PCX_PE,D,20180926,000000,13.258,13.258,13.258,13.258,0,0
PCX_PE,D,20180927,000000,13.165,13.165,13.165,13.165,0,0
PCX_PE,D,20180928,000000,13.258,13.258,12.887,12.887,0,0
PCX_PE,D,20181001,000000,12.887,13.258,12.795,12.887,0,0
PCX_PE,D,20181002,000000,12.887,13.258,12.887,13.258,0,0
PCX_PE,D,20181003,000000,13.258,13.258,13.258,13.258,0,0
PCX_PE,D,20181004,000000,13.258,13.258,13.165,13.165,0,0
PCX_PE,D,20181005,000000,13.165,13.165,12.98,12.98,0,0
PCX_PE,D,20181008,000000,12.98,13.165,12.98,13.165,0,0
PCX_PE,D,20181009,000000,13.165,13.165,13.165,13.165,0,0
PCX_PE,D,20181010,000000,13.165,13.165,13.073,13.073,0,0
PCX_PE,D,20181011,000000,13.165,13.165,13.073,13.073,0,0
PCX_PE,D,20181012,000000,13.165,13.165,13.073,13.073,0,0
PCX_PE,D,20181015,000000,13.165,13.165,13.073,13.165,0,0
PCX_PE,D,20181016,000000,13.165,13.165,13.073,13.073,0,0
PCX_PE,D,20181017,000000,13.165,13.165,13.073,13.073,0,0
PCX_PE,D,20181018,000000,13.165,13.165,12.98,12.98,0,0
PCX_PE,D,20181019,000000,13.165,13.165,12.795,12.795,0,0
PCX_PE,D,20181022,000000,12.609,12.609,12.609,12.609,0,0
PCX_PE,D,20181023,000000,12.609,12.98,12.609,12.887,0,0
PCX_PE,D,20181024,000000,12.701,12.701,12.701,12.701,0,0
PCX_PE,D,20181025,000000,12.887,12.887,12.795,12.887,0,0
PCX_PE,D,20181026,000000,12.795,12.795,12.795,12.795,0,0
PCX_PE,D,20181029,000000,12.795,12.795,12.795,12.795,0,0
PCX_PE,D,20181030,000000,12.795,12.795,12.795,12.795,0,0
PCX_PE,D,20181031,000000,12.887,12.887,12.795,12.795,0,0
PCX_PE,D,20181102,000000,12.701,12.701,12.701,12.701,0,0
PCX_PE,D,20181105,000000,12.701,12.701,12.609,12.609,0,0
PCX_PE,D,20181107,000000,12.701,13.073,12.701,13.073,0,0
PCX_PE,D,20181109,000000,13.073,13.165,12.795,12.98,0,0
PCX_PE,D,20181113,000000,12.887,12.98,12.887,12.98,0,0
PCX_PE,D,20181114,000000,12.98,12.98,12.887,12.887,0,0
PCX_PE,D,20181115,000000,12.887,12.887,12.887,12.887,0,0
PCX_PE,D,20181116,000000,13.165,13.258,13.165,13.165,0,0
PCX_PE,D,20181119,000000,13.351,13.351,12.795,12.795,0,0
PCX_PE,D,20181120,000000,12.795,12.795,12.795,12.795,0,0
PCX_PE,D,20181121,000000,12.795,12.795,12.795,12.795,0,0
PCX_PE,D,20181122,000000,12.609,12.609,12.609,12.609,0,0
PCX_PE,D,20181123,000000,12.701,12.701,12.701,12.701,0,0
PCX_PE,D,20181126,000000,12.609,12.701,12.517,12.701,0,0
PCX_PE,D,20181127,000000,12.701,12.701,12.701,12.701,0,0
PCX_PE,D,20181128,000000,12.701,12.701,12.701,12.701,0,0
PCX_PE,D,20181129,000000,12.795,12.795,12.609,12.701,0,0
PCX_PE,D,20181130,000000,12.609,12.795,12.423,12.795,0,0
PCX_PE,D,20181203,000000,12.795,12.795,12.701,12.701,0,0
PCX_PE,D,20181204,000000,12.423,12.795,12.423,12.795,0,0
PCX_PE,D,20181205,000000,12.701,12.701,12.609,12.609,0,0
PCX_PE,D,20181206,000000,12.609,12.609,12.609,12.609,0,0
PCX_PE,D,20181207,000000,12.98,12.98,12.701,12.701,0,0
PCX_PE,D,20181210,000000,12.701,12.701,12.701,12.701,0,0
PCX_PE,D,20181211,000000,12.701,12.701,12.701,12.701,0,0
PCX_PE,D,20181212,000000,12.701,12.701,12.517,12.609,0,0
PCX_PE,D,20181213,000000,12.701,12.887,12.701,12.795,0,0
PCX_PE,D,20181214,000000,12.795,12.795,12.609,12.609,0,0
PCX_PE,D,20181217,000000,12.609,12.609,12.609,12.609,0,0
PCX_PE,D,20181218,000000,12.517,12.795,12.331,12.331,0,0
PCX_PE,D,20181219,000000,12.609,12.701,11.96,12.423,0,0
PCX_PE,D,20181220,000000,12.701,12.701,12.145,12.239,0,0
PCX_PE,D,20181221,000000,12.239,12.239,11.867,11.96,0,0
PCX_PE,D,20181227,000000,12.609,12.609,11.867,12.053,0,0
PCX_PE,D,20181228,000000,12.423,12.423,11.96,12.423,0,0
PCX_PE,D,20190102,000000,12.609,12.609,12.609,12.609,0,0
PCX_PE,D,20190103,000000,12.795,12.795,12.609,12.609,0,0
PCX_PE,D,20190107,000000,12.609,12.609,12.609,12.609,0,0
PCX_PE,D,20190108,000000,12.701,12.701,12.701,12.701,0,0
PCX_PE,D,20190109,000000,12.609,12.609,12.609,12.609,0,0
PCX_PE,D,20190110,000000,12.609,12.609,12.609,12.609,0,0
PCX_PE,D,20190111,000000,12.517,12.609,12.331,12.331,0,0
PCX_PE,D,20190115,000000,12.331,12.331,11.775,12.145,0,0
PCX_PE,D,20190116,000000,12.145,12.239,12.145,12.239,0,0
PCX_PE,D,20190117,000000,12.239,12.331,12.239,12.331,0,0
PCX_PE,D,20190118,000000,12.331,12.517,12.331,12.517,0,0
PCX_PE,D,20190121,000000,12.609,12.609,12.609,12.609,0,0
PCX_PE,D,20190124,000000,12.609,12.701,12.609,12.609,0,0
PCX_PE,D,20190125,000000,12.609,12.609,12.609,12.609,0,0
PCX_PE,D,20190128,000000,12.609,12.98,12.609,12.98,0,0
PCX_PE,D,20190129,000000,12.98,13.073,12.98,12.98,0,0
PCX_PE,D,20190130,000000,12.98,12.98,12.98,12.98,0,0
PCX_PE,D,20190131,000000,12.887,12.887,12.795,12.795,0,0
PCX_PE,D,20190201,000000,12.701,12.795,12.701,12.795,0,0
PCX_PE,D,20190204,000000,12.701,12.701,12.701,12.701,0,0
PCX_PE,D,20190205,000000,12.887,12.887,12.887,12.887,0,0
PCX_PE,D,20190207,000000,12.887,12.98,12.701,12.887,0,0
PCX_PE,D,20190208,000000,12.795,12.795,12.795,12.795,0,0
PCX_PE,D,20190211,000000,12.98,12.98,12.98,12.98,0,0
PCX_PE,D,20190212,000000,12.98,13.258,12.423,12.795,0,0
PCX_PE,D,20190213,000000,12.795,13.073,12.795,13.073,0,0
PCX_PE,D,20190214,000000,13.165,13.165,12.701,12.701,0,0
PCX_PE,D,20190215,000000,12.795,12.795,12.795,12.795,0,0
PCX_PE,D,20190218,000000,12.887,13.165,12.795,12.795,0,0
PCX_PE,D,20190219,000000,12.701,12.701,12.701,12.701,0,0
PCX_PE,D,20190220,000000,12.701,12.701,12.701,12.701,0,0
PCX_PE,D,20190221,000000,12.701,12.701,12.701,12.701,0,0
PCX_PE,D,20190222,000000,12.701,12.795,12.701,12.795,0,0
PCX_PE,D,20190225,000000,12.701,13.165,12.701,13.165,0,0
PCX_PE,D,20190226,000000,13.258,13.258,12.795,12.795,0,0
PCX_PE,D,20190227,000000,13.165,13.351,13.165,13.351,0,0
PCX_PE,D,20190228,000000,13.443,13.722,13.165,13.165,0,0
PCX_PE,D,20190301,000000,13.165,13.351,13.165,13.165,0,0
PCX_PE,D,20190304,000000,13.165,13.165,13.165,13.165,0,0
PCX_PE,D,20190305,000000,13.258,13.258,13.165,13.165,0,0
PCX_PE,D,20190306,000000,13.165,13.165,13.073,13.073,0,0
PCX_PE,D,20190307,000000,13.536,13.536,13.073,13.443,0,0
PCX_PE,D,20190308,000000,13.073,13.443,12.701,13.443,0,0
PCX_PE,D,20190311,000000,13.443,13.443,13.258,13.258,0,0
PCX_PE,D,20190312,000000,13.165,13.165,12.795,13.165,0,0
PCX_PE,D,20190313,000000,13.165,13.165,12.98,12.98,0,0
PCX_PE,D,20190314,000000,12.887,13.165,12.887,13.165,0,0
PCX_PE,D,20190315,000000,12.795,13.165,12.795,13.165,0,0
PCX_PE,D,20190318,000000,12.98,12.98,12.98,12.98,0,0
PCX_PE,D,20190319,000000,13.073,13.165,12.701,13.165,0,0
PCX_PE,D,20190320,000000,12.98,13.165,12.795,13.165,0,0
PCX_PE,D,20190321,000000,12.795,12.98,12.795,12.98,0,0
PCX_PE,D,20190322,000000,12.98,12.98,12.701,12.701,0,0
PCX_PE,D,20190325,000000,12.795,12.795,12.795,12.795,0,0
PCX_PE,D,20190326,000000,12.701,12.795,12.701,12.795,0,0
PCX_PE,D,20190327,000000,12.795,12.795,12.701,12.795,0,0
PCX_PE,D,20190328,000000,12.701,13.165,12.517,12.609,0,0
PCX_PE,D,20190329,000000,12.609,12.887,12.609,12.887,0,0
PCX_PE,D,20190401,000000,12.795,12.795,12.795,12.795,0,0
PCX_PE,D,20190402,000000,12.795,12.795,12.795,12.795,0,0
PCX_PE,D,20190403,000000,12.331,12.795,12.331,12.795,0,0
PCX_PE,D,20190404,000000,12.795,12.795,12.795,12.795,0,0
PCX_PE,D,20190405,000000,12.795,12.795,12.795,12.795,0,0
PCX_PE,D,20190408,000000,12.795,12.795,12.795,12.795,0,0
PCX_PE,D,20190410,000000,12.795,12.795,12.795,12.795,0,0
PCX_PE,D,20190411,000000,12.795,12.795,12.795,12.795,0,0
PCX_PE,D,20190412,000000,12.795,12.795,12.795,12.795,0,0
PCX_PE,D,20190415,000000,12.795,12.795,12.795,12.795,0,0
PCX_PE,D,20190416,000000,12.887,12.887,12.609,12.701,0,0
PCX_PE,D,20190417,000000,12.701,12.795,12.701,12.701,0,0
PCX_PE,D,20190418,000000,12.795,12.795,12.701,12.701,0,0
PCX_PE,D,20190423,000000,12.701,12.887,12.701,12.887,0,0
PCX_PE,D,20190424,000000,12.887,12.887,12.795,12.795,0,0
PCX_PE,D,20190425,000000,12.795,12.795,12.795,12.795,0,0
PCX_PE,D,20190426,000000,12.887,12.887,12.795,12.887,0,0
PCX_PE,D,20190429,000000,12.887,12.887,12.795,12.795,0,0
PCX_PE,D,20190430,000000,12.887,12.98,12.795,12.795,0,0
PCX_PE,D,20190502,000000,12.795,12.887,12.795,12.887,0,0
PCX_PE,D,20190506,000000,12.98,13.165,12.98,13.165,0,0
PCX_PE,D,20190507,000000,13.165,13.165,13.165,13.165,0,0
PCX_PE,D,20190508,000000,13.165,13.258,12.98,13.258,0,0
PCX_PE,D,20190509,000000,13.165,13.165,12.795,13.165,0,0
PCX_PE,D,20190510,000000,13.165,13.165,13.165,13.165,0,0
PCX_PE,D,20190513,000000,12.771,13.557,12.771,13.459,0,0
PCX_PE,D,20190514,000000,13.164,13.361,13.164,13.361,0,0
PCX_PE,D,20190515,000000,13.361,13.361,13.361,13.361,0,0
PCX_PE,D,20190516,000000,13.361,13.361,12.968,13.361,0,0
PCX_PE,D,20190517,000000,13.164,13.361,13.164,13.361,0,0
PCX_PE,D,20190520,000000,13.459,13.459,13.459,13.459,0,0
PCX_PE,D,20190522,000000,14.441,14.441,9.529,9.529,0,0
PCX_PE,D,20190523,000000,9.627,9.824,9.431,9.627,0,0
PCX_PE,D,20190524,000000,9.627,9.726,9.627,9.627,0,0
PCX_PE,D,20190527,000000,9.627,9.627,9.627,9.627,0,0
PCX_PE,D,20190528,000000,9.627,9.627,9.627,9.627,0,0
PCX_PE,D,20190529,000000,9.627,9.627,9.627,9.627,0,0
PCX_PE,D,20190530,000000,9.627,9.627,9.529,9.627,0,0
PCX_PE,D,20190531,000000,9.627,9.627,9.627,9.627,0,0
PCX_PE,D,20190603,000000,9.726,9.824,9.529,9.627,0,0
PCX_PE,D,20190604,000000,9.529,9.627,9.529,9.627,0,0
PCX_PE,D,20190605,000000,9.627,9.627,9.529,9.529,0,0
PCX_PE,D,20190606,000000,9.529,9.529,9.529,9.529,0,0
PCX_PE,D,20190607,000000,9.529,9.627,9.529,9.627,0,0
PCX_PE,D,20190610,000000,9.627,9.726,9.3327,9.529,0,0
PCX_PE,D,20190611,000000,9.529,9.726,9.529,9.529,0,0
PCX_PE,D,20190612,000000,9.529,9.529,9.431,9.529,0,0
PCX_PE,D,20190613,000000,9.726,9.726,9.726,9.726,0,0
PCX_PE,D,20190614,000000,9.529,9.726,9.529,9.726,0,0
PCX_PE,D,20190617,000000,9.824,9.922,9.824,9.824,0,0
PCX_PE,D,20190618,000000,9.824,9.824,9.726,9.726,0,0
PCX_PE,D,20190619,000000,9.824,10.119,9.824,10.119,0,0
PCX_PE,D,20190621,000000,9.824,9.922,9.824,9.824,0,0
PCX_PE,D,20190624,000000,10.119,10.119,9.726,9.824,0,0
PCX_PE,D,20190625,000000,9.824,9.824,9.726,9.824,0,0
PCX_PE,D,20190626,000000,9.922,9.922,9.824,9.824,0,0
PCX_PE,D,20190627,000000,9.824,9.824,9.824,9.824,0,0
PCX_PE,D,20190628,000000,9.627,9.824,9.627,9.824,0,0
PCX_PE,D,20190702,000000,9.824,9.922,9.824,9.922,0,0
PCX_PE,D,20190703,000000,9.627,9.922,9.627,9.922,0,0
PCX_PE,D,20190704,000000,9.922,9.922,9.922,9.922,0,0
PCX_PE,D,20190705,000000,9.922,9.922,9.922,9.922,0,0
PCX_PE,D,20190708,000000,9.922,10.02,9.726,9.824,0,0
PCX_PE,D,20190709,000000,9.824,10.119,9.824,10.02,0,0
PCX_PE,D,20190710,000000,10.02,10.61,10.02,10.413,0,0
PCX_PE,D,20190711,000000,10.512,10.806,10.512,10.708,0,0
PCX_PE,D,20190712,000000,10.708,10.708,10.708,10.708,0,0
PCX_PE,D,20190715,000000,10.708,10.708,10.413,10.413,0,0
PCX_PE,D,20190716,000000,10.61,10.708,10.512,10.708,0,0
PCX_PE,D,20190717,000000,10.708,10.708,10.315,10.413,0,0
PCX_PE,D,20190718,000000,10.413,10.413,10.413,10.413,0,0
PCX_PE,D,20190719,000000,10.512,10.512,10.413,10.413,0,0
PCX_PE,D,20190722,000000,10.512,10.61,10.413,10.61,0,0
PCX_PE,D,20190723,000000,10.61,10.708,10.315,10.315,0,0
PCX_PE,D,20190724,000000,10.413,10.413,10.413,10.413,0,0
PCX_PE,D,20190725,000000,10.413,10.413,10.217,10.217,0,0
PCX_PE,D,20190726,000000,10.217,10.217,10.217,10.217,0,0
PCX_PE,D,20190729,000000,10.217,10.315,10.217,10.315,0,0
PCX_PE,D,20190730,000000,10.315,10.315,10.119,10.119,0,0
PCX_PE,D,20190731,000000,10.315,10.315,10.02,10.315,0,0
PCX_PE,D,20190801,000000,10.315,10.413,10.315,10.413,0,0
PCX_PE,D,20190802,000000,10.413,10.512,10.413,10.413,0,0
PCX_PE,D,20190805,000000,10.315,10.315,10.315,10.315,0,0
PCX_PE,D,20190806,000000,10.217,10.217,10.02,10.119,0,0
PCX_PE,D,20190807,000000,10.119,10.217,10.02,10.119,0,0
PCX_PE,D,20190808,000000,10.217,10.315,10.02,10.119,0,0
PCX_PE,D,20190809,000000,10.119,10.119,10.119,10.119,0,0
PCX_PE,D,20190812,000000,10.315,10.413,10.119,10.413,0,0
PCX_PE,D,20190813,000000,10.413,10.413,10.315,10.315,0,0
PCX_PE,D,20190814,000000,10.315,10.315,10.217,10.217,0,0
PCX_PE,D,20190816,000000,10.217,10.217,10.217,10.217,0,0
PCX_PE,D,20190819,000000,10.315,10.315,10.315,10.315,0,0
PCX_PE,D,20190820,000000,10.315,10.315,10.315,10.315,0,0
PCX_PE,D,20190821,000000,10.315,10.315,10.315,10.315,0,0
PCX_PE,D,20190822,000000,10.315,10.315,10.315,10.315,0,0
PCX_PE,D,20190823,000000,10.315,10.315,10.315,10.315,0,0
PCX_PE,D,20190826,000000,10.315,10.315,10.315,10.315,0,0
PCX_PE,D,20190827,000000,10.119,10.315,10.119,10.315,0,0
PCX_PE,D,20190828,000000,10.217,10.217,9.824,9.824,0,0
PCX_PE,D,20190829,000000,9.922,9.922,9.627,9.726,0,0
PCX_PE,D,20190830,000000,9.824,9.922,9.824,9.922,0,0
PCX_PE,D,20190902,000000,9.824,9.824,9.726,9.726,0,0
PCX_PE,D,20190903,000000,9.627,9.824,9.529,9.824,0,0
PCX_PE,D,20190904,000000,9.824,9.824,9.824,9.824,0,0
PCX_PE,D,20190905,000000,9.3327,9.824,9.3327,9.824,0,0
PCX_PE,D,20190906,000000,9.824,9.824,9.726,9.726,0,0
PCX_PE,D,20190909,000000,9.726,9.726,9.726,9.726,0,0
PCX_PE,D,20190910,000000,9.726,9.726,9.726,9.726,0,0
PCX_PE,D,20190911,000000,9.529,9.726,9.3327,9.3327,0,0
PCX_PE,D,20190913,000000,9.529,9.529,9.3327,9.3327,0,0
PCX_PE,D,20190916,000000,9.2345,9.2345,9.2345,9.2345,0,0
PCX_PE,D,20190917,000000,9.2345,9.431,9.2345,9.431,0,0
PCX_PE,D,20190918,000000,9.3327,9.3327,9.3327,9.3327,0,0
PCX_PE,D,20190919,000000,9.431,9.431,9.431,9.431,0,0
PCX_PE,D,20190920,000000,9.3327,9.3327,9.3327,9.3327,0,0
PCX_PE,D,20190923,000000,9.2345,9.431,9.1363,9.431,0,0
PCX_PE,D,20190926,000000,9.529,9.529,9.431,9.431,0,0
PCX_PE,D,20190927,000000,9.431,9.431,9.431,9.431,0,0
PCX_PE,D,20190930,000000,9.529,9.529,9.529,9.529,0,0
PCX_PE,D,20191001,000000,9.627,9.824,9.529,9.726,0,0
PCX_PE,D,20191002,000000,9.726,9.824,9.3327,9.824,0,0
PCX_PE,D,20191003,000000,9.824,9.824,9.824,9.824,0,0
PCX_PE,D,20191004,000000,9.726,9.824,9.726,9.824,0,0
PCX_PE,D,20191007,000000,9.726,9.824,9.726,9.824,0,0
PCX_PE,D,20191009,000000,9.726,9.824,9.726,9.726,0,0
PCX_PE,D,20191010,000000,9.726,9.726,9.726,9.726,0,0
PCX_PE,D,20191011,000000,9.627,9.627,9.627,9.627,0,0
PCX_PE,D,20191014,000000,9.726,9.726,9.627,9.726,0,0
PCX_PE,D,20191015,000000,9.726,9.726,9.726,9.726,0,0
PCX_PE,D,20191016,000000,9.824,9.824,9.824,9.824,0,0
PCX_PE,D,20191017,000000,9.824,9.824,9.824,9.824,0,0
PCX_PE,D,20191018,000000,9.824,9.824,9.824,9.824,0,0
PCX_PE,D,20191021,000000,9.627,10.315,9.627,10.315,0,0
PCX_PE,D,20191022,000000,10.315,10.315,9.922,9.922,0,0
PCX_PE,D,20191023,000000,9.922,9.922,9.824,9.824,0,0
PCX_PE,D,20191024,000000,9.922,10.315,9.922,10.315,0,0
PCX_PE,D,20191025,000000,10.315,10.315,10.315,10.315,0,0
PCX_PE,D,20191028,000000,10.315,10.315,10.315,10.315,0,0
PCX_PE,D,20191029,000000,10.315,10.315,10.315,10.315,0,0
PCX_PE,D,20191030,000000,10.315,10.315,10.315,10.315,0,0
PCX_PE,D,20191031,000000,10.315,10.315,9.922,10.119,0,0
PCX_PE,D,20191104,000000,10.119,10.119,10.119,10.119,0,0
PCX_PE,D,20191105,000000,10.119,10.119,10.02,10.02,0,0
PCX_PE,D,20191106,000000,10.119,10.119,10.02,10.119,0,0
PCX_PE,D,20191107,000000,10.119,10.217,10.119,10.217,0,0
PCX_PE,D,20191108,000000,10.217,10.217,10.217,10.217,0,0
PCX_PE,D,20191112,000000,10.119,10.217,10.119,10.217,0,0
PCX_PE,D,20191113,000000,10.217,10.217,10.217,10.217,0,0
PCX_PE,D,20191114,000000,10.119,10.119,10.119,10.119,0,0
PCX_PE,D,20191115,000000,10.119,10.217,10.119,10.217,0,0
PCX_PE,D,20191118,000000,10.217,10.217,10.217,10.217,0,0
PCX_PE,D,20191119,000000,10.217,10.217,10.02,10.119,0,0
PCX_PE,D,20191120,000000,10.119,10.119,10.119,10.119,0,0
PCX_PE,D,20191122,000000,10.413,10.413,10.413,10.413,0,0
PCX_PE,D,20191125,000000,10.413,10.413,10.413,10.413,0,0
PCX_PE,D,20191126,000000,10.413,10.512,10.413,10.512,0,0
PCX_PE,D,20191127,000000,10.512,10.61,10.512,10.61,0,0
PCX_PE,D,20191128,000000,10.61,10.61,10.413,10.413,0,0
PCX_PE,D,20191129,000000,10.413,10.413,10.413,10.413,0,0
PCX_PE,D,20191202,000000,10.512,10.512,10.315,10.413,0,0
PCX_PE,D,20191203,000000,10.413,10.61,10.413,10.61,0,0
PCX_PE,D,20191204,000000,10.61,10.708,10.61,10.708,0,0
PCX_PE,D,20191205,000000,10.512,10.708,10.512,10.708,0,0
PCX_PE,D,20191206,000000,10.708,10.708,10.708,10.708,0,0
PCX_PE,D,20191210,000000,10.708,10.708,10.708,10.708,0,0
PCX_PE,D,20191211,000000,10.708,10.708,10.708,10.708,0,0
PCX_PE,D,20191212,000000,10.708,10.708,10.315,10.413,0,0
PCX_PE,D,20191213,000000,10.413,10.413,10.413,10.413,0,0
PCX_PE,D,20191216,000000,10.413,10.905,10.413,10.905,0,0
PCX_PE,D,20191217,000000,10.806,11.101,10.806,11.101,0,0
PCX_PE,D,20191218,000000,11.003,11.003,11.003,11.003,0,0
PCX_PE,D,20191219,000000,11.003,11.69,11.003,11.69,0,0
PCX_PE,D,20191220,000000,11.69,11.985,11.592,11.592,0,0
PCX_PE,D,20191223,000000,11.494,11.69,11.298,11.69,0,0
PCX_PE,D,20191227,000000,11.592,11.592,11.592,11.592,0,0
PCX_PE,D,20191230,000000,11.494,11.592,11.494,11.592,0,0
PCX_PE,D,20200102,000000,11.396,11.592,11.396,11.396,0,0
PCX_PE,D,20200103,000000,11.396,11.592,11.396,11.592,0,0
PCX_PE,D,20200107,000000,11.592,11.592,11.298,11.592,0,0
PCX_PE,D,20200108,000000,11.298,11.494,11.003,11.003,0,0
PCX_PE,D,20200109,000000,11.003,11.69,11.003,11.69,0,0
PCX_PE,D,20200110,000000,11.69,11.69,11.592,11.69,0,0
PCX_PE,D,20200113,000000,11.69,11.69,11.494,11.69,0,0
PCX_PE,D,20200114,000000,11.592,11.69,11.396,11.494,0,0
PCX_PE,D,20200115,000000,11.494,11.789,11.494,11.494,0,0
PCX_PE,D,20200116,000000,11.592,11.887,11.396,11.789,0,0
PCX_PE,D,20200117,000000,11.69,12.083,11.592,11.789,0,0
PCX_PE,D,20200120,000000,11.789,11.887,11.789,11.789,0,0
PCX_PE,D,20200121,000000,11.789,11.789,11.789,11.789,0,0
PCX_PE,D,20200122,000000,11.789,12.083,11.789,11.985,0,0
PCX_PE,D,20200123,000000,11.887,12.575,11.887,12.575,0,0
PCX_PE,D,20200124,000000,12.869,15.325,12.869,13.754,0,0
PCX_PE,D,20200127,000000,13.754,13.852,12.673,12.771,0,0
PCX_PE,D,20200128,000000,12.869,13.655,12.771,13.557,0,0
PCX_PE,D,20200129,000000,13.459,14.146,13.262,13.754,0,0
PCX_PE,D,20200130,000000,13.655,13.852,13.262,13.557,0,0
PCX_PE,D,20200131,000000,13.557,13.557,12.771,13.066,0,0
PCX_PE,D,20200203,000000,13.066,13.066,12.476,12.869,0,0
PCX_PE,D,20200204,000000,12.771,12.869,12.771,12.869,0,0
PCX_PE,D,20200205,000000,12.869,13.361,12.575,12.673,0,0
PCX_PE,D,20200206,000000,12.673,12.673,12.378,12.575,0,0
PCX_PE,D,20200207,000000,12.575,12.673,12.575,12.673,0,0
PCX_PE,D,20200210,000000,12.673,12.968,12.476,12.968,0,0
PCX_PE,D,20200211,000000,12.968,12.968,12.869,12.869,0,0
PCX_PE,D,20200212,000000,12.869,13.262,12.869,13.262,0,0
PCX_PE,D,20200213,000000,13.262,13.262,13.164,13.262,0,0
PCX_PE,D,20200214,000000,13.262,13.361,13.262,13.262,0,0
PCX_PE,D,20200217,000000,13.164,13.95,12.869,13.852,0,0
PCX_PE,D,20200218,000000,13.754,13.852,13.459,13.655,0,0
PCX_PE,D,20200219,000000,13.655,13.852,13.557,13.852,0,0
PCX_PE,D,20200220,000000,13.852,14.441,13.754,14.441,0,0
PCX_PE,D,20200221,000000,14.441,14.736,13.754,13.754,0,0
PCX_PE,D,20200224,000000,13.754,13.754,12.771,12.869,0,0
PCX_PE,D,20200225,000000,13.066,13.361,12.575,12.575,0,0
PCX_PE,D,20200226,000000,12.673,12.673,12.083,12.575,0,0
PCX_PE,D,20200227,000000,12.575,12.968,12.28,12.378,0,0
PCX_PE,D,20200228,000000,11.887,12.28,11.69,12.182,0,0
PCX_PE,D,20200302,000000,12.182,12.869,12.182,12.476,0,0
PCX_PE,D,20200303,000000,12.476,12.673,12.476,12.575,0,0
PCX_PE,D,20200304,000000,12.575,12.575,12.575,12.575,0,0
PCX_PE,D,20200305,000000,12.575,12.869,12.575,12.771,0,0
PCX_PE,D,20200306,000000,12.771,12.771,12.378,12.771,0,0
PCX_PE,D,20200309,000000,12.575,12.575,11.101,11.101,0,0
PCX_PE,D,20200310,000000,10.806,11.101,10.512,10.708,0,0
PCX_PE,D,20200311,000000,10.708,10.708,10.119,10.61,0,0
PCX_PE,D,20200312,000000,10.119,10.119,8.8415,9.431,0,0
PCX_PE,D,20200313,000000,9.726,9.726,9.431,9.627,0,0
PCX_PE,D,20200316,000000,9.431,9.431,8.5468,9.2345,0,0
PCX_PE,D,20200317,000000,9.2345,9.922,9.2345,9.529,0,0
PCX_PE,D,20200318,000000,9.529,9.922,9.529,9.726,0,0
PCX_PE,D,20200319,000000,9.922,10.315,9.726,10.315,0,0
PCX_PE,D,20200320,000000,10.315,10.413,9.431,9.529,0,0
PCX_PE,D,20200323,000000,9.2345,9.2345,8.3504,8.5468,0,0
PCX_PE,D,20200324,000000,8.6451,8.9398,8.6451,8.6451,0,0
PCX_PE,D,20200325,000000,8.7433,9.038,8.5468,8.8415,0,0
PCX_PE,D,20200326,000000,8.7433,8.7433,8.5468,8.7433,0,0
PCX_PE,D,20200327,000000,8.8415,9.3327,8.8415,8.8415,0,0
PCX_PE,D,20200330,000000,8.9398,10.512,8.8415,9.824,0,0
PCX_PE,D,20200331,000000,10.217,10.413,9.922,10.119,0,0
PCX_PE,D,20200401,000000,10.119,12.869,10.119,12.869,0,0
PCX_PE,D,20200402,000000,14.441,16.799,14.441,15.325,0,0
PCX_PE,D,20200403,000000,15.62,15.718,13.262,14.048,0,0
PCX_PE,D,20200406,000000,13.852,14.834,13.754,14.539,0,0
PCX_PE,D,20200407,000000,14.736,14.736,12.378,12.378,0,0
PCX_PE,D,20200408,000000,12.575,13.557,11.985,12.869,0,0
PCX_PE,D,20200409,000000,12.968,13.066,11.985,12.182,0,0
PCX_PE,D,20200414,000000,12.28,14.245,12.182,13.754,0,0
PCX_PE,D,20200415,000000,13.852,13.852,12.476,12.476,0,0
PCX_PE,D,20200416,000000,12.968,12.968,11.789,12.28,0,0
PCX_PE,D,20200417,000000,11.985,12.28,11.887,11.985,0,0
PCX_PE,D,20200420,000000,11.985,12.869,11.789,12.182,0,0
PCX_PE,D,20200421,000000,12.182,12.28,11.69,11.985,0,0
PCX_PE,D,20200422,000000,11.985,11.985,11.592,11.592,0,0
PCX_PE,D,20200423,000000,11.789,12.673,11.789,12.182,0,0
PCX_PE,D,20200424,000000,12.182,13.852,12.182,13.164,0,0
PCX_PE,D,20200427,000000,13.852,15.62,13.852,13.852,0,0
PCX_PE,D,20200428,000000,14.245,15.129,13.655,14.245,0,0
PCX_PE,D,20200429,000000,14.343,14.834,14.146,14.638,0,0
PCX_PE,D,20200430,000000,14.834,14.834,13.459,14.146,0,0
PCX_PE,D,20200504,000000,14.146,15.424,14.146,15.129,0,0
PCX_PE,D,20200505,000000,16.013,19.55,16.013,19.451,0,0
PCX_PE,D,20200506,000000,18.96,19.058,18.076,18.469,0,0
PCX_PE,D,20200507,000000,18.764,22.693,18.764,21.711,0,0
PCX_PE,D,20200508,000000,21.318,22.988,20.925,21.023,0,0
PCX_PE,D,20200511,000000,22.202,22.595,20.925,21.416,0,0
PCX_PE,D,20200512,000000,21.613,21.613,19.451,19.746,0,0
PCX_PE,D,20200513,000000,19.648,20.63,18.567,20.041,0,0
PCX_PE,D,20200514,000000,20.237,20.237,17.388,17.978,0,0
PCX_PE,D,20200515,000000,18.273,18.96,17.781,18.567,0,0
PCX_PE,D,20200518,000000,19.255,20.336,19.157,20.237,0,0
PCX_PE,D,20200519,000000,20.434,20.434,18.469,18.469,0,0
PCX_PE,D,20200520,000000,18.862,19.058,17.781,18.469,0,0
PCX_PE,D,20200521,000000,18.665,18.665,17.978,18.665,0,0
PCX_PE,D,20200522,000000,18.567,18.567,17.388,17.683,0,0
PCX_PE,D,20200525,000000,17.781,18.076,16.995,17.29,0,0
PCX_PE,D,20200526,000000,17.29,17.29,16.21,16.799,0,0
PCX_PE,D,20200527,000000,17.7,18.8,17.2,17.2,0,0
PCX_PE,D,20200528,000000,17.3,17.3,16.7,17.1,0,0
PCX_PE,D,20200529,000000,16.9,18.1,16.9,17.4,0,0
PCX_PE,D,20200601,000000,17.9,18.8,17.7,18.8,0,0
PCX_PE,D,20200602,000000,19.2,19.7,18.5,18.9,0,0
PCX_PE,D,20200603,000000,19,19,18.1,18.2,0,0
PCX_PE,D,20200604,000000,18,18.3,17.8,18,0,0
PCX_PE,D,20200605,000000,17.8,18.2,17.5,17.9,0,0
PCX_PE,D,20200608,000000,18,18.8,18,18.3,0,0
PCX_PE,D,20200609,000000,18.5,18.5,17.7,17.9,0,0
PCX_PE,D,20200610,000000,17.8,17.8,17.2,17.4,0,0
PCX_PE,D,20200612,000000,16.4,17,16.3,16.6,0,0
PCX_PE,D,20200615,000000,16.4,16.5,15.4,15.9,0,0
PCX_PE,D,20200616,000000,15.9,18.1,15.9,18,0,0
PCX_PE,D,20200617,000000,18.1,18.1,17,17.2,0,0
PCX_PE,D,20200618,000000,17.3,17.4,16.8,17,0,0
PCX_PE,D,20200619,000000,17.1,17.1,16.2,16.9,0,0
PCX_PE,D,20200622,000000,16.9,18.5,16.4,18.2,0,0
PCX_PE,D,20200623,000000,18.3,18.6,17.7,18.6,0,0
PCX_PE,D,20200624,000000,18.6,18.6,17.7,18,0,0
PCX_PE,D,20200625,000000,18,19.5,17.7,19.5,0,0
PCX_PE,D,20200626,000000,19.7,20.8,19.2,19.2,0,0
PCX_PE,D,20200629,000000,19.2,20.2,19.2,19.3,0,0
PCX_PE,D,20200630,000000,19.3,19.5,18.5,18.8,0,0
PCX_PE,D,20200701,000000,19.2,19.2,18.1,18.5,0,0
PCX_PE,D,20200702,000000,18.7,19.5,18.7,19.5,0,0
PCX_PE,D,20200703,000000,19.5,20.1,19.1,19.2,0,0
PCX_PE,D,20200706,000000,19.5,20.4,19.3,19.8,0,0
PCX_PE,D,20200707,000000,20.3,22.6,20,22.5,0,0
PCX_PE,D,20200708,000000,22.1,25,22,24.2,0,0
PCX_PE,D,20200709,000000,24.7,25.5,23.7,24.5,0,0
PCX_PE,D,20200710,000000,24.4,24.9,24,24.4,0,0
PCX_PE,D,20200713,000000,24.6,24.9,24,24.9,0,0
PCX_PE,D,20200714,000000,24.8,24.8,23.9,24.2,0,0
PCX_PE,D,20200715,000000,24.2,24.2,23.3,23.3,0,0
PCX_PE,D,20200716,000000,23.4,23.7,22.7,23.7,0,0
PCX_PE,D,20200717,000000,23.8,24.1,23.3,24,0,0
PCX_PE,D,20200720,000000,24.7,31,24.7,31,0,0
PCX_PE,D,20200721,000000,36,42,36,42,0,0
PCX_PE,D,20200722,000000,47.6,51.9,43,51.9,0,0
PCX_PE,D,20200723,000000,59.5,67.6,48.3,49.6,0,0
PCX_PE,D,20200724,000000,46.2,53.3,46.2,50.8,0,0
PCX_PE,D,20200727,000000,54.1,66.1,54.1,66.1,0,0
PCX_PE,D,20200728,000000,78.1,78.1,70,70,0,0
PCX_PE,D,20200729,000000,68.8,68.8,60.7,64.3,0,0
PCX_PE,D,20200730,000000,65.5,65.5,39,39,0,0
PCX_PE,D,20200731,000000,43.3,48.4,43.3,48.4,0,0
PCX_PE,D,20200803,000000,54.1,57.1,52.5,54.5,0,0
PCX_PE,D,20200804,000000,56.4,56.4,47.8,51.2,0,0
PCX_PE,D,20200805,000000,51.7,51.7,47,48.4,0,0
PCX_PE,D,20200806,000000,48.6,48.6,42.8,43.6,0,0
PCX_PE,D,20200807,000000,43.8,47.7,35.7,46,0,0
PCX_PE,D,20200810,000000,46.7,47.7,45.3,46.7,0,0
PCX_PE,D,20200811,000000,47.7,47.7,40.6,42,0,0
PCX_PE,D,20200812,000000,41.3,41.3,33.5,36,0,0
PCX_PE,D,20200813,000000,37.2,43.9,37.2,43.9,0,0
PCX_PE,D,20200814,000000,43.3,43.3,40,40.7,0,0
PCX_PE,D,20200817,000000,40.7,44.8,39.5,44.6,0,0
PCX_PE,D,20200818,000000,45,45.6,42.4,42.6,0,0
PCX_PE,D,20200819,000000,42,43.3,41.2,42,0,0
PCX_PE,D,20200820,000000,41.9,42,41,41.9,0,0
PCX_PE,D,20200821,000000,41.7,41.7,38.9,39.3,0,0
