<TICKER>,<PER>,<DATE>,<TIME>,<OPEN>,<HIGH>,<LOW>,<CLOSE>,<VOL>,<OPENINT>
PHN_PE,D,20131127,000000,37.817,37.817,37.817,37.817,0,0
PHN_PE,D,20131128,000000,37.664,37.664,37.133,37.664,0,0
PHN_PE,D,20131129,000000,37.817,37.817,36.981,37.211,0,0
PHN_PE,D,20131202,000000,37.058,37.058,36.83,37.058,0,0
PHN_PE,D,20131203,000000,36.677,36.981,36.223,36.375,0,0
PHN_PE,D,20131204,000000,35.767,36.145,35.312,35.843,0,0
PHN_PE,D,20131205,000000,35.69,35.918,35.69,35.843,0,0
PHN_PE,D,20131206,000000,35.69,36.45,35.69,36.223,0,0
PHN_PE,D,20131209,000000,36.223,36.526,36.07,36.45,0,0
PHN_PE,D,20131210,000000,36.298,37.058,36.223,36.45,0,0
PHN_PE,D,20131211,000000,36.45,36.602,36.375,36.602,0,0
PHN_PE,D,20131212,000000,36.45,36.602,35.767,36.145,0,0
PHN_PE,D,20131213,000000,36.145,36.375,36.07,36.298,0,0
PHN_PE,D,20131216,000000,36.07,36.375,35.995,36.375,0,0
PHN_PE,D,20131217,000000,36.375,36.981,36.375,36.83,0,0
PHN_PE,D,20131218,000000,36.981,37.512,36.83,37.512,0,0
PHN_PE,D,20131219,000000,37.512,38.729,37.512,37.741,0,0
PHN_PE,D,20131220,000000,38.651,38.729,37.741,38.347,0,0
PHN_PE,D,20131223,000000,38.575,39.031,38.347,39.031,0,0
PHN_PE,D,20131227,000000,39.867,40.094,39.791,39.791,0,0
PHN_PE,D,20131230,000000,41.31,41.613,39.943,40.018,0,0
PHN_PE,D,20140102,000000,40.094,41.006,40.094,40.93,0,0
PHN_PE,D,20140103,000000,41.31,41.31,40.399,40.55,0,0
PHN_PE,D,20140107,000000,40.474,40.474,39.183,39.259,0,0
PHN_PE,D,20140108,000000,39.336,39.563,38.196,39.107,0,0
PHN_PE,D,20140109,000000,39.563,39.867,39.259,39.259,0,0
PHN_PE,D,20140110,000000,39.867,39.867,38.651,39.259,0,0
PHN_PE,D,20140113,000000,39.183,40.018,39.183,39.791,0,0
PHN_PE,D,20140114,000000,39.791,40.322,39.488,39.488,0,0
PHN_PE,D,20140115,000000,39.563,40.322,39.183,40.172,0,0
PHN_PE,D,20140116,000000,40.322,41.006,40.322,40.399,0,0
PHN_PE,D,20140117,000000,40.55,40.703,40.322,40.474,0,0
PHN_PE,D,20140120,000000,40.779,40.93,40.474,40.703,0,0
PHN_PE,D,20140121,000000,40.779,40.779,40.703,40.703,0,0
PHN_PE,D,20140122,000000,40.779,41.006,40.703,40.703,0,0
PHN_PE,D,20140123,000000,41.006,41.006,39.943,40.246,0,0
PHN_PE,D,20140124,000000,40.094,40.094,39.336,39.336,0,0
PHN_PE,D,20140127,000000,39.183,39.336,38.347,39.336,0,0
PHN_PE,D,20140128,000000,39.183,41.006,39.183,40.018,0,0
PHN_PE,D,20140129,000000,39.943,40.854,39.64,40.172,0,0
PHN_PE,D,20140130,000000,39.41,40.399,38.803,39.64,0,0
PHN_PE,D,20140131,000000,39.563,39.563,38.729,38.729,0,0
PHN_PE,D,20140203,000000,38.651,38.729,38.499,38.651,0,0
PHN_PE,D,20140204,000000,38.651,39.715,38.499,39.715,0,0
PHN_PE,D,20140205,000000,39.715,39.943,39.64,39.791,0,0
PHN_PE,D,20140206,000000,39.943,40.322,39.943,39.943,0,0
PHN_PE,D,20140207,000000,40.399,40.399,39.64,39.943,0,0
PHN_PE,D,20140210,000000,40.322,40.322,39.867,40.018,0,0
PHN_PE,D,20140211,000000,39.943,42.448,39.943,41.918,0,0
PHN_PE,D,20140212,000000,41.918,42.828,41.918,42.752,0,0
PHN_PE,D,20140213,000000,42.905,43.967,42.676,43.816,0,0
PHN_PE,D,20140214,000000,43.436,44.727,41.994,44.727,0,0
PHN_PE,D,20140217,000000,44.271,44.727,43.359,44.271,0,0
PHN_PE,D,20140218,000000,43.74,43.816,43.208,43.816,0,0
PHN_PE,D,20140219,000000,43.816,43.967,43.587,43.816,0,0
PHN_PE,D,20140220,000000,44.043,44.043,43.587,43.891,0,0
PHN_PE,D,20140221,000000,43.891,43.891,43.284,43.359,0,0
PHN_PE,D,20140224,000000,43.055,43.284,42.979,43.208,0,0
PHN_PE,D,20140225,000000,43.055,43.512,43.055,43.512,0,0
PHN_PE,D,20140226,000000,43.512,44.271,43.512,43.512,0,0
PHN_PE,D,20140227,000000,44.271,44.498,43.512,44.195,0,0
PHN_PE,D,20140228,000000,43.967,44.498,43.891,44.498,0,0
PHN_PE,D,20140303,000000,43.055,44.271,9.872,9.872,0,0
PHN_PE,D,20140304,000000,9.796,9.872,9.796,9.872,0,0
PHN_PE,D,20140305,000000,9.872,10.023,9.872,9.948,0,0
PHN_PE,D,20140306,000000,9.948,10.023,9.872,9.948,0,0
PHN_PE,D,20140307,000000,9.948,10.1,9.948,10.1,0,0
PHN_PE,D,20140310,000000,10.023,10.1,10.023,10.023,0,0
PHN_PE,D,20140311,000000,10.023,10.023,9.872,10.023,0,0
PHN_PE,D,20140312,000000,10.023,10.023,9.948,9.948,0,0
PHN_PE,D,20140313,000000,9.872,10.023,9.872,9.872,0,0
PHN_PE,D,20140314,000000,9.872,9.948,9.644,9.796,0,0
PHN_PE,D,20140317,000000,9.948,9.948,9.796,9.872,0,0
PHN_PE,D,20140318,000000,10.023,10.023,9.872,9.872,0,0
PHN_PE,D,20140319,000000,9.872,10.023,9.872,10.023,0,0
PHN_PE,D,20140320,000000,10.023,10.403,9.948,10.175,0,0
PHN_PE,D,20140321,000000,10.252,10.48,10.175,10.403,0,0
PHN_PE,D,20140324,000000,10.403,10.403,10.328,10.403,0,0
PHN_PE,D,20140325,000000,10.403,10.403,10.175,10.175,0,0
PHN_PE,D,20140326,000000,10.328,10.328,10.175,10.252,0,0
PHN_PE,D,20140327,000000,10.252,10.328,10.175,10.252,0,0
PHN_PE,D,20140328,000000,10.328,10.554,10.252,10.554,0,0
PHN_PE,D,20140331,000000,10.554,10.935,10.554,10.858,0,0
PHN_PE,D,20140401,000000,10.935,11.011,10.858,11.011,0,0
PHN_PE,D,20140402,000000,11.011,11.011,10.783,10.783,0,0
PHN_PE,D,20140403,000000,10.783,10.935,10.48,10.48,0,0
PHN_PE,D,20140404,000000,10.48,10.783,10.48,10.632,0,0
PHN_PE,D,20140407,000000,10.403,10.632,10.403,10.554,0,0
PHN_PE,D,20140408,000000,10.554,10.783,10.554,10.632,0,0
PHN_PE,D,20140409,000000,10.632,10.783,10.554,10.554,0,0
PHN_PE,D,20140410,000000,10.554,10.707,10.554,10.707,0,0
PHN_PE,D,20140411,000000,10.632,10.783,10.632,10.707,0,0
PHN_PE,D,20140414,000000,10.632,11.011,10.632,10.632,0,0
PHN_PE,D,20140415,000000,10.632,10.783,10.632,10.707,0,0
PHN_PE,D,20140416,000000,10.707,10.707,10.554,10.554,0,0
PHN_PE,D,20140417,000000,10.554,10.707,10.48,10.554,0,0
PHN_PE,D,20140422,000000,10.48,10.554,10.328,10.554,0,0
PHN_PE,D,20140423,000000,10.554,10.554,10.328,10.403,0,0
PHN_PE,D,20140424,000000,10.403,10.554,10.403,10.48,0,0
PHN_PE,D,20140425,000000,10.554,10.554,10.403,10.48,0,0
PHN_PE,D,20140428,000000,10.48,10.554,10.48,10.48,0,0
PHN_PE,D,20140429,000000,10.48,10.554,10.48,10.554,0,0
PHN_PE,D,20140430,000000,10.48,10.554,10.48,10.554,0,0
PHN_PE,D,20140502,000000,10.554,10.858,10.554,10.783,0,0
PHN_PE,D,20140505,000000,10.944,10.944,10.616,10.944,0,0
PHN_PE,D,20140506,000000,10.78,10.944,10.78,10.78,0,0
PHN_PE,D,20140507,000000,10.78,10.78,10.454,10.535,0,0
PHN_PE,D,20140508,000000,10.372,10.535,10.29,10.29,0,0
PHN_PE,D,20140509,000000,10.454,10.454,10.29,10.29,0,0
PHN_PE,D,20140512,000000,10.208,10.208,9.882,9.963,0,0
PHN_PE,D,20140513,000000,10.046,10.208,10.046,10.127,0,0
PHN_PE,D,20140514,000000,10.127,10.208,10.046,10.046,0,0
PHN_PE,D,20140515,000000,10.127,10.208,10.046,10.127,0,0
PHN_PE,D,20140516,000000,10.127,10.127,10.046,10.127,0,0
PHN_PE,D,20140519,000000,10.127,10.127,9.963,10.046,0,0
PHN_PE,D,20140520,000000,10.127,10.208,10.046,10.208,0,0
PHN_PE,D,20140521,000000,10.29,10.372,10.29,10.372,0,0
PHN_PE,D,20140522,000000,10.454,10.78,10.454,10.78,0,0
PHN_PE,D,20140523,000000,10.861,10.861,10.699,10.699,0,0
PHN_PE,D,20140526,000000,10.861,10.861,10.616,10.861,0,0
PHN_PE,D,20140527,000000,10.861,10.861,10.699,10.78,0,0
PHN_PE,D,20140528,000000,10.78,10.78,10.616,10.699,0,0
PHN_PE,D,20140529,000000,10.699,10.78,10.616,10.78,0,0
PHN_PE,D,20140530,000000,10.535,10.944,10.535,10.861,0,0
PHN_PE,D,20140602,000000,10.861,10.861,10.699,10.699,0,0
PHN_PE,D,20140603,000000,10.699,10.944,10.699,10.944,0,0
PHN_PE,D,20140604,000000,10.944,10.944,10.78,10.861,0,0
PHN_PE,D,20140605,000000,10.861,10.861,10.78,10.78,0,0
PHN_PE,D,20140606,000000,10.78,10.861,10.699,10.861,0,0
PHN_PE,D,20140609,000000,10.944,10.944,10.861,10.861,0,0
PHN_PE,D,20140610,000000,10.944,10.944,10.944,10.944,0,0
PHN_PE,D,20140611,000000,10.78,10.944,10.78,10.861,0,0
PHN_PE,D,20140612,000000,10.861,10.861,10.78,10.861,0,0
PHN_PE,D,20140613,000000,10.861,10.861,10.699,10.699,0,0
PHN_PE,D,20140616,000000,10.616,10.699,10.535,10.699,0,0
PHN_PE,D,20140617,000000,10.616,10.699,10.616,10.699,0,0
PHN_PE,D,20140618,000000,10.78,10.78,10.616,10.616,0,0
PHN_PE,D,20140620,000000,10.616,10.616,10.535,10.616,0,0
PHN_PE,D,20140623,000000,10.616,10.616,10.616,10.616,0,0
PHN_PE,D,20140624,000000,10.535,10.616,10.535,10.616,0,0
PHN_PE,D,20140625,000000,10.535,10.616,10.535,10.535,0,0
PHN_PE,D,20140626,000000,10.454,10.616,10.372,10.454,0,0
PHN_PE,D,20140627,000000,10.29,10.372,9.8,9.8,0,0
PHN_PE,D,20140630,000000,9.8,10.127,9.8,10.127,0,0
PHN_PE,D,20140701,000000,10.127,10.127,10.046,10.046,0,0
PHN_PE,D,20140702,000000,10.046,10.046,9.637,9.719,0,0
PHN_PE,D,20140703,000000,9.554,9.719,9.3105,9.3919,0,0
PHN_PE,D,20140704,000000,9.2273,9.554,9.2273,9.4732,0,0
PHN_PE,D,20140707,000000,9.637,9.637,9.3105,9.3105,0,0
PHN_PE,D,20140708,000000,9.3919,9.3919,9.0654,9.0654,0,0
PHN_PE,D,20140709,000000,9.0654,9.3105,9.0654,9.3105,0,0
PHN_PE,D,20140710,000000,9.3105,9.3105,9.0654,9.0654,0,0
PHN_PE,D,20140711,000000,9.0654,9.1469,9.0654,9.1469,0,0
PHN_PE,D,20140714,000000,9.1469,9.1469,9.0654,9.1469,0,0
PHN_PE,D,20140715,000000,9.3105,9.4732,9.0654,9.4732,0,0
PHN_PE,D,20140716,000000,9.637,9.637,9.3105,9.3919,0,0
PHN_PE,D,20140717,000000,9.3919,9.3919,9.1469,9.2273,0,0
PHN_PE,D,20140718,000000,9.2273,9.2273,9.0654,9.0654,0,0
PHN_PE,D,20140721,000000,9.0654,9.0654,8.6574,8.8209,0,0
PHN_PE,D,20140722,000000,8.6574,8.9839,8.6574,8.9839,0,0
PHN_PE,D,20140723,000000,8.9839,9.0654,8.9015,8.9015,0,0
PHN_PE,D,20140724,000000,9.0654,9.0654,8.8209,8.9839,0,0
PHN_PE,D,20140725,000000,8.9839,9.0654,8.9839,8.9839,0,0
PHN_PE,D,20140728,000000,8.9015,8.9839,8.6574,8.8209,0,0
PHN_PE,D,20140729,000000,8.8209,8.8209,8.5749,8.6574,0,0
PHN_PE,D,20140730,000000,8.5749,8.5749,8.2481,8.3294,0,0
PHN_PE,D,20140731,000000,8.1666,8.1666,7.8399,7.8399,0,0
PHN_PE,D,20140801,000000,7.8399,7.8399,7.5133,7.7582,0,0
PHN_PE,D,20140804,000000,7.8399,8.0849,7.5133,7.9215,0,0
PHN_PE,D,20140805,000000,8.0849,8.2481,7.7582,7.8399,0,0
PHN_PE,D,20140806,000000,7.8399,7.9215,7.8399,7.9215,0,0
PHN_PE,D,20140807,000000,8.0033,8.0033,7.8399,8.0033,0,0
PHN_PE,D,20140808,000000,8.0849,8.0849,7.8399,7.9215,0,0
PHN_PE,D,20140811,000000,8.0849,8.1666,8.0033,8.0849,0,0
PHN_PE,D,20140812,000000,8.0033,8.0033,7.8399,8.0033,0,0
PHN_PE,D,20140813,000000,8.0849,8.0849,8.0033,8.0849,0,0
PHN_PE,D,20140814,000000,8.0849,8.1666,8.0033,8.1666,0,0
PHN_PE,D,20140818,000000,8.1666,8.1666,8.0849,8.0849,0,0
PHN_PE,D,20140819,000000,8.1666,8.2481,8.1666,8.1666,0,0
PHN_PE,D,20140820,000000,8.2481,8.3294,8.1666,8.2481,0,0
PHN_PE,D,20140821,000000,8.3294,8.4118,8.2481,8.2481,0,0
PHN_PE,D,20140822,000000,8.2481,8.3294,8.2481,8.3294,0,0
PHN_PE,D,20140825,000000,8.3294,8.4118,8.3294,8.4118,0,0
PHN_PE,D,20140826,000000,8.4118,8.9015,8.4118,8.9015,0,0
PHN_PE,D,20140827,000000,8.9015,9.554,8.8209,9.3919,0,0
PHN_PE,D,20140828,000000,9.3105,9.3919,9.1469,9.3919,0,0
PHN_PE,D,20140829,000000,9.4732,9.554,9.3919,9.4732,0,0
PHN_PE,D,20140901,000000,9.3105,9.637,9.3105,9.4732,0,0
PHN_PE,D,20140902,000000,9.554,9.719,6.7783,6.7783,0,0
PHN_PE,D,20140903,000000,6.7783,6.9417,6.6967,6.7783,0,0
PHN_PE,D,20140904,000000,6.7783,6.9417,6.7783,6.86,0,0
PHN_PE,D,20140905,000000,6.86,6.9417,6.7783,6.9417,0,0
PHN_PE,D,20140908,000000,6.9417,6.9417,6.86,6.86,0,0
PHN_PE,D,20140909,000000,6.86,6.9417,6.86,6.86,0,0
PHN_PE,D,20140910,000000,6.9417,6.9417,6.7783,6.7783,0,0
PHN_PE,D,20140911,000000,6.7783,6.86,6.6967,6.7783,0,0
PHN_PE,D,20140912,000000,6.7783,6.9417,6.7783,6.86,0,0
PHN_PE,D,20140915,000000,6.86,6.9417,6.7783,6.86,0,0
PHN_PE,D,20140916,000000,6.9417,7.105,6.86,7.105,0,0
PHN_PE,D,20140917,000000,7.105,7.105,7.0234,7.105,0,0
PHN_PE,D,20140918,000000,7.105,7.1866,7.0234,7.0234,0,0
PHN_PE,D,20140919,000000,7.0234,7.105,7.0234,7.105,0,0
PHN_PE,D,20140922,000000,7.1866,7.1866,7.105,7.1866,0,0
PHN_PE,D,20140923,000000,7.1866,7.1866,7.105,7.105,0,0
PHN_PE,D,20140924,000000,7.0234,7.105,6.86,7.105,0,0
PHN_PE,D,20140925,000000,7.105,7.105,7.0234,7.0234,0,0
PHN_PE,D,20140926,000000,7.105,7.105,7.0234,7.105,0,0
PHN_PE,D,20140929,000000,7.105,7.105,7.105,7.105,0,0
PHN_PE,D,20140930,000000,7.1866,7.2683,7.1866,7.1866,0,0
PHN_PE,D,20141001,000000,7.105,7.2683,7.105,7.1866,0,0
PHN_PE,D,20141002,000000,7.105,7.1866,7.105,7.1866,0,0
PHN_PE,D,20141003,000000,7.1866,7.1866,7.105,7.105,0,0
PHN_PE,D,20141006,000000,7.105,7.1866,7.105,7.1866,0,0
PHN_PE,D,20141007,000000,7.1866,7.3499,7.1866,7.2683,0,0
PHN_PE,D,20141008,000000,7.2683,7.5133,7.1866,7.5133,0,0
PHN_PE,D,20141009,000000,7.5133,7.5133,7.4318,7.5133,0,0
PHN_PE,D,20141010,000000,7.5133,7.5133,7.3499,7.3499,0,0
PHN_PE,D,20141013,000000,7.3499,7.5133,7.2683,7.5133,0,0
PHN_PE,D,20141014,000000,7.5133,7.5133,7.3499,7.3499,0,0
PHN_PE,D,20141015,000000,7.1866,7.3499,7.1866,7.3499,0,0
PHN_PE,D,20141016,000000,7.3499,7.4318,7.3499,7.4318,0,0
PHN_PE,D,20141017,000000,7.4318,7.5133,7.4318,7.4318,0,0
PHN_PE,D,20141020,000000,7.5133,7.5133,7.4318,7.4318,0,0
PHN_PE,D,20141021,000000,7.4318,7.5133,7.4318,7.5133,0,0
PHN_PE,D,20141022,000000,7.5133,7.5133,7.5133,7.5133,0,0
PHN_PE,D,20141023,000000,7.4318,7.5133,7.4318,7.4318,0,0
PHN_PE,D,20141024,000000,7.4318,7.4318,7.3499,7.3499,0,0
PHN_PE,D,20141027,000000,7.2683,7.4318,7.2683,7.4318,0,0
PHN_PE,D,20141028,000000,7.4318,7.5133,7.4318,7.5133,0,0
PHN_PE,D,20141029,000000,7.5133,7.5133,7.4318,7.5133,0,0
PHN_PE,D,20141030,000000,7.5133,7.5133,7.4318,7.4318,0,0
PHN_PE,D,20141031,000000,7.4318,7.5133,7.4318,7.5133,0,0
PHN_PE,D,20141103,000000,7.5133,7.5133,7.4318,7.4318,0,0
PHN_PE,D,20141104,000000,7.4318,7.5133,7.2683,7.2683,0,0
PHN_PE,D,20141105,000000,7.2683,7.4318,7.2683,7.4318,0,0
PHN_PE,D,20141106,000000,7.4318,7.5133,7.3499,7.5133,0,0
PHN_PE,D,20141107,000000,7.5133,7.5133,7.5133,7.5133,0,0
PHN_PE,D,20141110,000000,7.5133,7.5133,7.4318,7.5133,0,0
PHN_PE,D,20141112,000000,7.5133,7.5133,7.5133,7.5133,0,0
PHN_PE,D,20141113,000000,7.5133,11.351,7.3499,11.351,0,0
PHN_PE,D,20141114,000000,11.351,11.351,11.189,11.27,0,0
PHN_PE,D,20141117,000000,11.189,11.27,11.106,11.27,0,0
PHN_PE,D,20141118,000000,11.106,11.27,11.106,11.189,0,0
PHN_PE,D,20141119,000000,11.189,11.189,11.189,11.189,0,0
PHN_PE,D,20141120,000000,11.189,11.27,11.106,11.189,0,0
PHN_PE,D,20141121,000000,11.27,11.27,11.189,11.27,0,0
PHN_PE,D,20141124,000000,11.27,11.27,11.189,11.189,0,0
PHN_PE,D,20141125,000000,11.189,11.27,11.106,11.27,0,0
PHN_PE,D,20141126,000000,11.27,11.27,11.189,11.189,0,0
PHN_PE,D,20141127,000000,11.189,11.189,11.106,11.106,0,0
PHN_PE,D,20141128,000000,11.106,11.106,11.025,11.106,0,0
PHN_PE,D,20141201,000000,11.025,11.106,10.78,10.944,0,0
PHN_PE,D,20141202,000000,10.861,10.861,10.699,10.699,0,0
PHN_PE,D,20141203,000000,10.699,10.78,10.616,10.78,0,0
PHN_PE,D,20141204,000000,10.78,10.944,10.78,10.944,0,0
PHN_PE,D,20141205,000000,10.944,11.025,10.78,10.944,0,0
PHN_PE,D,20141208,000000,10.944,10.944,10.699,10.861,0,0
PHN_PE,D,20141209,000000,10.861,10.861,10.78,10.861,0,0
PHN_PE,D,20141210,000000,10.861,10.861,10.78,10.78,0,0
PHN_PE,D,20141211,000000,10.78,10.78,10.699,10.699,0,0
PHN_PE,D,20141212,000000,10.699,10.699,10.454,10.535,0,0
PHN_PE,D,20141215,000000,10.372,10.535,10.208,10.535,0,0
PHN_PE,D,20141216,000000,10.29,10.454,10.208,10.454,0,0
PHN_PE,D,20141217,000000,10.372,10.454,10.29,10.454,0,0
PHN_PE,D,20141218,000000,10.372,10.372,10.372,10.372,0,0
PHN_PE,D,20141219,000000,10.29,10.372,10.208,10.372,0,0
PHN_PE,D,20141222,000000,10.372,10.699,10.29,10.699,0,0
PHN_PE,D,20141223,000000,10.699,10.944,10.372,10.944,0,0
PHN_PE,D,20141229,000000,11.025,11.27,11.025,11.189,0,0
PHN_PE,D,20141230,000000,11.433,11.76,11.433,11.76,0,0
PHN_PE,D,20150102,000000,11.76,11.76,11.596,11.596,0,0
PHN_PE,D,20150105,000000,11.596,11.76,11.596,11.678,0,0
PHN_PE,D,20150107,000000,11.678,11.678,11.433,11.515,0,0
PHN_PE,D,20150108,000000,11.596,11.596,11.351,11.433,0,0
PHN_PE,D,20150109,000000,11.433,11.515,11.351,11.351,0,0
PHN_PE,D,20150112,000000,11.351,11.351,11.27,11.27,0,0
PHN_PE,D,20150113,000000,11.27,11.351,11.27,11.27,0,0
PHN_PE,D,20150114,000000,10.944,11.351,10.944,11.189,0,0
PHN_PE,D,20150115,000000,11.27,11.351,11.189,11.189,0,0
PHN_PE,D,20150116,000000,11.189,11.596,10.861,10.944,0,0
PHN_PE,D,20150119,000000,10.861,11.106,10.861,11.025,0,0
PHN_PE,D,20150120,000000,11.27,11.27,11.106,11.106,0,0
PHN_PE,D,20150121,000000,11.189,11.189,11.025,11.189,0,0
PHN_PE,D,20150122,000000,11.189,11.27,11.189,11.27,0,0
PHN_PE,D,20150123,000000,11.27,11.27,11.27,11.27,0,0
PHN_PE,D,20150126,000000,11.433,11.433,11.189,11.27,0,0
PHN_PE,D,20150127,000000,11.351,11.351,11.27,11.351,0,0
PHN_PE,D,20150128,000000,11.351,11.351,11.351,11.351,0,0
PHN_PE,D,20150129,000000,11.351,11.351,11.27,11.351,0,0
PHN_PE,D,20150130,000000,11.351,11.351,11.27,11.351,0,0
PHN_PE,D,20150202,000000,11.351,11.351,11.351,11.351,0,0
PHN_PE,D,20150203,000000,11.515,11.515,11.189,11.189,0,0
PHN_PE,D,20150204,000000,11.351,11.351,11.025,11.025,0,0
PHN_PE,D,20150205,000000,11.025,11.106,11.025,11.106,0,0
PHN_PE,D,20150206,000000,11.189,11.189,11.025,11.106,0,0
PHN_PE,D,20150209,000000,11.106,11.189,10.699,10.78,0,0
PHN_PE,D,20150210,000000,10.78,10.944,10.78,10.944,0,0
PHN_PE,D,20150211,000000,11.106,11.106,10.861,10.944,0,0
PHN_PE,D,20150212,000000,10.944,11.106,10.944,11.025,0,0
PHN_PE,D,20150213,000000,11.106,11.27,10.944,11.27,0,0
PHN_PE,D,20150216,000000,11.189,11.189,11.025,11.025,0,0
PHN_PE,D,20150217,000000,11.106,11.189,11.025,11.189,0,0
PHN_PE,D,20150218,000000,11.189,11.189,11.025,11.189,0,0
PHN_PE,D,20150219,000000,11.189,11.189,11.106,11.189,0,0
PHN_PE,D,20150220,000000,11.189,11.433,11.106,11.351,0,0
PHN_PE,D,20150223,000000,11.433,11.433,11.27,11.351,0,0
PHN_PE,D,20150224,000000,11.351,11.596,11.351,11.515,0,0
PHN_PE,D,20150225,000000,11.515,11.596,11.515,11.596,0,0
PHN_PE,D,20150226,000000,11.433,11.515,11.433,11.515,0,0
PHN_PE,D,20150227,000000,11.515,11.678,11.27,11.27,0,0
PHN_PE,D,20150302,000000,11.596,11.596,11.515,11.515,0,0
PHN_PE,D,20150303,000000,11.841,11.841,11.515,11.596,0,0
PHN_PE,D,20150304,000000,11.596,11.596,11.351,11.515,0,0
PHN_PE,D,20150305,000000,11.515,11.515,11.351,11.433,0,0
PHN_PE,D,20150306,000000,11.596,11.596,11.351,11.433,0,0
PHN_PE,D,20150309,000000,11.596,11.596,11.27,11.27,0,0
PHN_PE,D,20150310,000000,11.27,11.351,11.189,11.351,0,0
PHN_PE,D,20150311,000000,11.433,11.515,11.189,11.515,0,0
PHN_PE,D,20150312,000000,11.515,11.515,11.433,11.433,0,0
PHN_PE,D,20150313,000000,11.27,11.433,11.27,11.27,0,0
PHN_PE,D,20150316,000000,11.351,11.351,11.27,11.27,0,0
PHN_PE,D,20150317,000000,11.515,11.515,9.3105,9.3105,0,0
PHN_PE,D,20150318,000000,9.2273,9.3919,9.2273,9.2273,0,0
PHN_PE,D,20150319,000000,9.3105,9.4732,9.2273,9.3105,0,0
PHN_PE,D,20150320,000000,9.3105,9.3105,9.3105,9.3105,0,0
PHN_PE,D,20150323,000000,9.3105,9.3105,9.2273,9.2273,0,0
PHN_PE,D,20150324,000000,9.2273,9.2273,9.1469,9.2273,0,0
PHN_PE,D,20150325,000000,9.3105,9.3105,9.2273,9.3105,0,0
PHN_PE,D,20150326,000000,9.3105,9.3105,9.2273,9.3105,0,0
PHN_PE,D,20150327,000000,9.3105,9.3105,9.1469,9.1469,0,0
PHN_PE,D,20150330,000000,9.1469,9.3105,9.1469,9.3105,0,0
PHN_PE,D,20150331,000000,9.3105,9.3105,9.0654,9.2273,0,0
PHN_PE,D,20150401,000000,9.3105,9.3105,9.1469,9.2273,0,0
PHN_PE,D,20150402,000000,9.3105,9.3919,9.2273,9.3105,0,0
PHN_PE,D,20150407,000000,9.3105,9.3105,9.1469,9.1469,0,0
PHN_PE,D,20150408,000000,9.2273,9.2273,9.1469,9.2273,0,0
PHN_PE,D,20150409,000000,9.1469,9.2273,9.1469,9.2273,0,0
PHN_PE,D,20150410,000000,9.2273,9.2273,9.2273,9.2273,0,0
PHN_PE,D,20150413,000000,9.2273,9.2273,9.0654,9.0654,0,0
PHN_PE,D,20150414,000000,8.9015,8.9839,8.7381,8.8209,0,0
PHN_PE,D,20150415,000000,8.8209,9.2273,8.8209,8.9015,0,0
PHN_PE,D,20150416,000000,8.9015,8.9015,8.9015,8.9015,0,0
PHN_PE,D,20150417,000000,8.9015,8.9015,8.8209,8.8209,0,0
PHN_PE,D,20150420,000000,8.8209,8.8209,8.7381,8.8209,0,0
PHN_PE,D,20150421,000000,8.9015,8.9015,8.7381,8.8209,0,0
PHN_PE,D,20150422,000000,8.8209,8.9015,8.7381,8.8209,0,0
PHN_PE,D,20150423,000000,8.8209,8.8209,8.7381,8.8209,0,0
PHN_PE,D,20150424,000000,8.8209,8.8209,8.6574,8.6574,0,0
PHN_PE,D,20150427,000000,8.6574,8.7381,8.6574,8.6574,0,0
PHN_PE,D,20150428,000000,8.6574,8.7381,8.5749,8.7381,0,0
PHN_PE,D,20150429,000000,8.8209,8.9015,8.7381,8.7381,0,0
PHN_PE,D,20150430,000000,8.7381,9.0654,8.7381,9.0654,0,0
PHN_PE,D,20150504,000000,9.0654,9.0654,8.9015,8.9015,0,0
PHN_PE,D,20150505,000000,8.9839,8.9839,8.6574,8.8209,0,0
PHN_PE,D,20150506,000000,8.8209,8.8209,8.7381,8.8209,0,0
PHN_PE,D,20150507,000000,8.7381,8.8209,8.7381,8.8209,0,0
PHN_PE,D,20150508,000000,8.8209,9.1469,8.8209,9.1469,0,0
PHN_PE,D,20150511,000000,9.1469,9.1469,9.0654,9.0654,0,0
PHN_PE,D,20150512,000000,9.1469,9.1469,8.9015,8.9015,0,0
PHN_PE,D,20150513,000000,8.9015,8.9015,8.8209,8.8209,0,0
PHN_PE,D,20150514,000000,8.9015,8.9015,8.5749,8.5749,0,0
PHN_PE,D,20150515,000000,8.6574,8.8209,8.0033,8.0033,0,0
PHN_PE,D,20150518,000000,8.0033,8.0849,7.6767,8.0849,0,0
PHN_PE,D,20150519,000000,8.0849,8.0849,8.0033,8.0849,0,0
PHN_PE,D,20150520,000000,8.0033,8.1666,7.9215,8.1666,0,0
PHN_PE,D,20150521,000000,8.0033,8.1666,8.0033,8.1666,0,0
PHN_PE,D,20150522,000000,8.1666,8.1666,8.0849,8.0849,0,0
PHN_PE,D,20150525,000000,8.0849,8.0849,8.0033,8.0033,0,0
PHN_PE,D,20150526,000000,8.0033,8.0849,7.9215,8.0849,0,0
PHN_PE,D,20150527,000000,8.0849,8.1666,8.0033,8.0849,0,0
PHN_PE,D,20150528,000000,7.9215,8.0849,7.9215,8.0849,0,0
PHN_PE,D,20150529,000000,8.0033,8.0849,8.0033,8.0849,0,0
PHN_PE,D,20150601,000000,8.0033,8.0849,8.0033,8.0849,0,0
PHN_PE,D,20150602,000000,8.0849,8.0849,8.0033,8.0849,0,0
PHN_PE,D,20150603,000000,8.1666,8.1666,8.0033,8.0033,0,0
PHN_PE,D,20150605,000000,7.9215,8.0849,7.9215,8.0849,0,0
PHN_PE,D,20150608,000000,8.0849,8.0849,8.0033,8.0033,0,0
PHN_PE,D,20150609,000000,8.0033,8.0033,7.9215,8.0033,0,0
PHN_PE,D,20150610,000000,8.0033,8.0849,8.0033,8.0033,0,0
PHN_PE,D,20150611,000000,8.0033,8.0849,8.0033,8.0033,0,0
PHN_PE,D,20150612,000000,8.0033,8.2481,8.0033,8.2481,0,0
PHN_PE,D,20150615,000000,8.2481,8.2481,8.0849,8.0849,0,0
PHN_PE,D,20150616,000000,8.0849,8.0849,8.0033,8.0033,0,0
PHN_PE,D,20150617,000000,8.0033,8.0033,7.7582,7.8399,0,0
PHN_PE,D,20150618,000000,7.8399,7.8399,7.6767,7.8399,0,0
PHN_PE,D,20150619,000000,7.8399,8.0033,7.7582,7.9215,0,0
PHN_PE,D,20150622,000000,7.9215,7.9215,7.8399,7.8399,0,0
PHN_PE,D,20150623,000000,7.7582,7.7582,7.6767,7.6767,0,0
PHN_PE,D,20150624,000000,7.7582,7.7582,7.5948,7.6767,0,0
PHN_PE,D,20150625,000000,7.6767,7.7582,7.6767,7.7582,0,0
PHN_PE,D,20150626,000000,7.7582,7.7582,7.6767,7.7582,0,0
PHN_PE,D,20150629,000000,7.5948,7.7582,7.5948,7.5948,0,0
PHN_PE,D,20150630,000000,7.5948,7.7582,7.5948,7.7582,0,0
PHN_PE,D,20150701,000000,7.7582,7.7582,7.5948,7.7582,0,0
PHN_PE,D,20150702,000000,7.7582,7.7582,7.6767,7.7582,0,0
PHN_PE,D,20150703,000000,7.7582,7.7582,7.6767,7.6767,0,0
PHN_PE,D,20150706,000000,7.6767,7.6767,7.6767,7.6767,0,0
PHN_PE,D,20150707,000000,7.6767,7.7582,7.6767,7.6767,0,0
PHN_PE,D,20150708,000000,7.8399,7.8399,7.5133,7.5133,0,0
PHN_PE,D,20150709,000000,7.5133,7.5948,7.5133,7.5948,0,0
PHN_PE,D,20150710,000000,7.5133,8.0849,7.5133,8.0849,0,0
PHN_PE,D,20150713,000000,8.0849,8.1666,7.9215,8.0033,0,0
PHN_PE,D,20150714,000000,8.0849,8.0849,7.8399,7.8399,0,0
PHN_PE,D,20150715,000000,7.8399,7.8399,7.8399,7.8399,0,0
PHN_PE,D,20150716,000000,7.8399,7.9215,7.8399,7.9215,0,0
PHN_PE,D,20150717,000000,8.0033,8.0033,7.9215,7.9215,0,0
PHN_PE,D,20150720,000000,7.9215,7.9215,7.9215,7.9215,0,0
PHN_PE,D,20150721,000000,7.9215,7.9215,7.7582,7.7582,0,0
PHN_PE,D,20150722,000000,7.9215,7.9215,7.5948,7.6767,0,0
PHN_PE,D,20150723,000000,7.6767,7.7582,7.6767,7.7582,0,0
PHN_PE,D,20150724,000000,7.7582,7.7582,7.7582,7.7582,0,0
PHN_PE,D,20150727,000000,7.6767,7.6767,7.6767,7.6767,0,0
PHN_PE,D,20150728,000000,7.6767,7.6767,7.6767,7.6767,0,0
PHN_PE,D,20150729,000000,7.6767,7.6767,7.6767,7.6767,0,0
PHN_PE,D,20150730,000000,7.6767,7.6767,7.6767,7.6767,0,0
PHN_PE,D,20150731,000000,7.6767,7.6767,7.5948,7.5948,0,0
PHN_PE,D,20150803,000000,7.5948,7.5948,7.5133,7.5948,0,0
PHN_PE,D,20150804,000000,7.6767,7.6767,7.5948,7.5948,0,0
PHN_PE,D,20150805,000000,7.5948,7.6767,7.5948,7.6767,0,0
PHN_PE,D,20150806,000000,7.7582,7.7582,7.6767,7.6767,0,0
PHN_PE,D,20150807,000000,7.8399,7.8399,7.6767,7.6767,0,0
PHN_PE,D,20150810,000000,7.7582,7.7582,7.6767,7.6767,0,0
PHN_PE,D,20150811,000000,7.6767,7.6767,7.6767,7.6767,0,0
PHN_PE,D,20150812,000000,7.6767,7.6767,7.5948,7.5948,0,0
PHN_PE,D,20150813,000000,7.5948,7.6767,7.5948,7.6767,0,0
PHN_PE,D,20150814,000000,7.6767,7.6767,7.5948,7.5948,0,0
PHN_PE,D,20150817,000000,7.5948,7.5948,7.5948,7.5948,0,0
PHN_PE,D,20150818,000000,7.5305,7.6171,7.5305,7.6171,0,0
PHN_PE,D,20150819,000000,7.7037,7.7037,7.444,7.5305,0,0
PHN_PE,D,20150820,000000,7.5305,7.5305,7.444,7.5305,0,0
PHN_PE,D,20150821,000000,7.5305,7.5305,7.0978,7.0978,0,0
PHN_PE,D,20150824,000000,7.0978,7.0978,6.6649,7.0113,0,0
PHN_PE,D,20150825,000000,7.0113,7.0978,6.9247,7.0978,0,0
PHN_PE,D,20150826,000000,7.0978,7.0978,7.0113,7.0978,0,0
PHN_PE,D,20150827,000000,7.1844,7.2709,7.1844,7.1844,0,0
PHN_PE,D,20150828,000000,7.1844,7.1844,7.0113,7.0113,0,0
PHN_PE,D,20150831,000000,7.444,7.444,6.1457,6.1457,0,0
PHN_PE,D,20150901,000000,6.1457,6.3187,6.1457,6.2323,0,0
PHN_PE,D,20150902,000000,6.3187,6.4053,6.2323,6.4053,0,0
PHN_PE,D,20150903,000000,6.4053,6.4918,6.4053,6.4918,0,0
PHN_PE,D,20150904,000000,6.6649,6.6649,6.4918,6.4918,0,0
PHN_PE,D,20150907,000000,6.4918,6.4918,6.4053,6.4053,0,0
PHN_PE,D,20150908,000000,6.5785,6.5785,6.4053,6.4053,0,0
PHN_PE,D,20150909,000000,6.4918,6.4918,6.4053,6.4918,0,0
PHN_PE,D,20150910,000000,6.4918,6.4918,6.4053,6.4053,0,0
PHN_PE,D,20150911,000000,6.4918,6.4918,6.3187,6.4053,0,0
PHN_PE,D,20150914,000000,6.4053,6.4053,6.3187,6.3187,0,0
PHN_PE,D,20150915,000000,6.3187,6.4053,6.3187,6.3187,0,0
PHN_PE,D,20150916,000000,6.4053,6.4918,6.2323,6.4918,0,0
PHN_PE,D,20150917,000000,6.4918,6.4918,6.4053,6.4053,0,0
PHN_PE,D,20150918,000000,6.3187,6.3187,6.3187,6.3187,0,0
PHN_PE,D,20150921,000000,6.4918,6.4918,6.4053,6.4053,0,0
PHN_PE,D,20150922,000000,6.4053,6.4053,6.4053,6.4053,0,0
PHN_PE,D,20150923,000000,6.4053,6.4053,6.3187,6.3187,0,0
PHN_PE,D,20150924,000000,6.3187,6.3187,6.2323,6.3187,0,0
PHN_PE,D,20150925,000000,6.3187,6.3187,6.2323,6.2323,0,0
PHN_PE,D,20150928,000000,6.3187,6.3187,6.2323,6.3187,0,0
PHN_PE,D,20150929,000000,6.3187,6.3187,6.2323,6.2323,0,0
PHN_PE,D,20150930,000000,6.1457,6.1457,6.059,6.1457,0,0
PHN_PE,D,20151001,000000,6.2323,6.2323,6.059,6.059,0,0
PHN_PE,D,20151002,000000,6.059,6.1457,6.059,6.1457,0,0
PHN_PE,D,20151005,000000,6.1457,6.3187,6.1457,6.3187,0,0
PHN_PE,D,20151006,000000,6.3187,6.3187,6.2323,6.3187,0,0
PHN_PE,D,20151007,000000,6.3187,6.3187,6.2323,6.2323,0,0
PHN_PE,D,20151008,000000,6.2323,6.2323,6.1457,6.2323,0,0
PHN_PE,D,20151009,000000,6.2323,6.2323,6.2323,6.2323,0,0
PHN_PE,D,20151012,000000,6.2323,6.2323,6.1457,6.2323,0,0
PHN_PE,D,20151013,000000,6.2323,6.2323,6.059,6.059,0,0
PHN_PE,D,20151014,000000,6.1457,6.1457,6.1457,6.1457,0,0
PHN_PE,D,20151015,000000,6.2323,6.2323,6.1457,6.2323,0,0
PHN_PE,D,20151016,000000,6.2323,6.4053,6.2323,6.4053,0,0
PHN_PE,D,20151019,000000,6.4053,6.4053,6.3187,6.4053,0,0
PHN_PE,D,20151020,000000,6.4053,6.5785,6.4053,6.5785,0,0
PHN_PE,D,20151021,000000,6.5785,7.0978,6.5785,6.8382,0,0
PHN_PE,D,20151022,000000,6.8382,7.0113,6.6649,6.9247,0,0
PHN_PE,D,20151023,000000,6.9247,6.9247,6.7516,6.9247,0,0
PHN_PE,D,20151026,000000,6.9247,7.0113,6.6649,6.8382,0,0
PHN_PE,D,20151027,000000,6.6649,6.8382,6.5785,6.6649,0,0
PHN_PE,D,20151028,000000,6.6649,6.6649,6.5785,6.6649,0,0
PHN_PE,D,20151029,000000,6.6649,6.6649,6.3187,6.4918,0,0
PHN_PE,D,20151030,000000,6.4918,6.6649,6.4918,6.5785,0,0
PHN_PE,D,20151102,000000,6.5785,6.6649,6.5785,6.5785,0,0
PHN_PE,D,20151103,000000,6.5785,6.5785,6.4918,6.4918,0,0
PHN_PE,D,20151104,000000,6.4918,6.6649,6.4918,6.4918,0,0
PHN_PE,D,20151105,000000,6.4918,6.5785,6.4918,6.5785,0,0
PHN_PE,D,20151106,000000,6.6649,6.6649,6.4918,6.4918,0,0
PHN_PE,D,20151109,000000,6.4918,6.6649,6.4918,6.5785,0,0
PHN_PE,D,20151110,000000,6.5785,6.6649,6.5785,6.5785,0,0
PHN_PE,D,20151112,000000,6.6649,6.7516,6.5785,6.6649,0,0
PHN_PE,D,20151113,000000,6.6649,6.6649,6.5785,6.6649,0,0
PHN_PE,D,20151116,000000,6.6649,6.6649,6.5785,6.6649,0,0
PHN_PE,D,20151117,000000,6.7516,6.7516,6.6649,6.6649,0,0
PHN_PE,D,20151118,000000,6.6649,6.6649,6.3187,6.4053,0,0
PHN_PE,D,20151119,000000,6.4053,6.4918,6.3187,6.4053,0,0
PHN_PE,D,20151120,000000,6.4053,6.4918,6.4053,6.4053,0,0
PHN_PE,D,20151123,000000,6.3187,6.4918,6.3187,6.4053,0,0
PHN_PE,D,20151124,000000,6.4053,6.4053,6.2323,6.4053,0,0
PHN_PE,D,20151125,000000,6.2323,6.3187,6.2323,6.2323,0,0
PHN_PE,D,20151126,000000,6.2323,6.2323,5.886,5.9725,0,0
PHN_PE,D,20151127,000000,6.059,6.059,5.9725,5.9725,0,0
PHN_PE,D,20151130,000000,5.9725,5.9725,5.3667,5.4531,0,0
PHN_PE,D,20151201,000000,5.5396,5.7128,5.5396,5.5396,0,0
PHN_PE,D,20151202,000000,5.5396,5.7128,5.5396,5.5396,0,0
PHN_PE,D,20151203,000000,5.6262,5.6262,5.5396,5.5396,0,0
PHN_PE,D,20151204,000000,5.5396,5.6262,5.3667,5.3667,0,0
PHN_PE,D,20151207,000000,5.4531,5.4531,5.0204,5.2801,0,0
PHN_PE,D,20151208,000000,5.3667,5.3667,5.0204,5.107,0,0
PHN_PE,D,20151209,000000,5.107,5.3667,5.107,5.2801,0,0
PHN_PE,D,20151210,000000,5.2801,5.6262,5.2801,5.6262,0,0
PHN_PE,D,20151211,000000,5.6262,5.7995,5.5396,5.7128,0,0
PHN_PE,D,20151214,000000,5.7128,5.7995,5.7128,5.7128,0,0
PHN_PE,D,20151215,000000,5.7128,5.886,5.7128,5.886,0,0
PHN_PE,D,20151216,000000,5.886,6.059,5.886,6.059,0,0
PHN_PE,D,20151217,000000,6.059,6.2323,5.886,5.886,0,0
PHN_PE,D,20151218,000000,5.886,5.886,5.7995,5.886,0,0
PHN_PE,D,20151221,000000,5.7995,5.9725,5.7995,5.9725,0,0
PHN_PE,D,20151222,000000,5.886,5.886,5.886,5.886,0,0
PHN_PE,D,20151223,000000,5.886,5.9725,5.886,5.9725,0,0
PHN_PE,D,20151228,000000,5.9725,6.3187,5.9725,6.2323,0,0
PHN_PE,D,20151229,000000,6.2323,6.4053,6.2323,6.3187,0,0
PHN_PE,D,20151230,000000,6.3187,6.4053,6.2323,6.2323,0,0
PHN_PE,D,20160104,000000,6.2323,6.2323,5.886,5.886,0,0
PHN_PE,D,20160105,000000,5.886,5.9725,5.886,5.886,0,0
PHN_PE,D,20160107,000000,5.7995,5.886,5.7995,5.7995,0,0
PHN_PE,D,20160108,000000,5.7995,6.059,5.7128,6.059,0,0
PHN_PE,D,20160111,000000,5.9725,5.9725,5.7995,5.886,0,0
PHN_PE,D,20160112,000000,5.7995,6.1457,5.7995,6.059,0,0
PHN_PE,D,20160113,000000,5.9725,6.1457,5.7995,5.886,0,0
PHN_PE,D,20160114,000000,5.886,5.9725,5.886,5.9725,0,0
PHN_PE,D,20160115,000000,6.059,6.059,5.9725,6.059,0,0
PHN_PE,D,20160118,000000,6.059,6.059,5.886,5.886,0,0
PHN_PE,D,20160119,000000,5.886,5.886,5.7995,5.886,0,0
PHN_PE,D,20160120,000000,5.886,5.886,5.6262,5.7128,0,0
PHN_PE,D,20160121,000000,5.7995,5.7995,5.6262,5.7128,0,0
PHN_PE,D,20160122,000000,5.6262,6.059,5.5396,5.7995,0,0
PHN_PE,D,20160125,000000,5.7995,5.9725,5.7128,5.886,0,0
PHN_PE,D,20160126,000000,5.886,6.059,5.7995,5.886,0,0
PHN_PE,D,20160127,000000,5.7995,6.059,5.7995,5.886,0,0
PHN_PE,D,20160128,000000,5.886,6.059,5.7128,5.7128,0,0
PHN_PE,D,20160129,000000,5.7128,5.886,5.7128,5.886,0,0
PHN_PE,D,20160201,000000,5.7995,5.9725,5.7995,5.9725,0,0
PHN_PE,D,20160202,000000,5.9725,5.9725,5.7128,5.7995,0,0
PHN_PE,D,20160203,000000,5.886,5.886,5.7128,5.7995,0,0
PHN_PE,D,20160204,000000,5.7995,6.1457,5.7995,5.9725,0,0
PHN_PE,D,20160205,000000,6.059,6.059,5.7995,5.886,0,0
PHN_PE,D,20160208,000000,5.886,5.886,5.5396,5.5396,0,0
PHN_PE,D,20160209,000000,5.5396,5.7995,5.4531,5.7995,0,0
PHN_PE,D,20160210,000000,6.059,6.059,5.7128,5.7995,0,0
PHN_PE,D,20160211,000000,5.7995,5.7995,5.6262,5.7128,0,0
PHN_PE,D,20160212,000000,5.7128,5.886,5.7128,5.7128,0,0
PHN_PE,D,20160215,000000,5.7128,5.886,5.7128,5.7128,0,0
PHN_PE,D,20160216,000000,5.7995,5.886,5.6262,5.886,0,0
PHN_PE,D,20160217,000000,5.6262,5.886,5.6262,5.7995,0,0
PHN_PE,D,20160218,000000,5.7128,5.886,5.7128,5.886,0,0
PHN_PE,D,20160219,000000,5.886,5.886,5.7995,5.7995,0,0
PHN_PE,D,20160222,000000,5.7995,5.886,5.7995,5.886,0,0
PHN_PE,D,20160223,000000,5.886,5.886,5.7995,5.886,0,0
PHN_PE,D,20160224,000000,5.886,5.886,5.886,5.886,0,0
PHN_PE,D,20160225,000000,5.886,6.059,5.886,5.886,0,0
PHN_PE,D,20160226,000000,5.9725,5.9725,5.886,5.9725,0,0
PHN_PE,D,20160229,000000,5.9725,6.059,5.9725,6.059,0,0
PHN_PE,D,20160301,000000,6.059,6.059,6.059,6.059,0,0
PHN_PE,D,20160302,000000,5.886,5.9725,5.886,5.886,0,0
PHN_PE,D,20160303,000000,5.886,5.9725,5.7995,5.9725,0,0
PHN_PE,D,20160304,000000,5.9725,5.9725,5.9725,5.9725,0,0
PHN_PE,D,20160307,000000,5.9725,6.059,5.886,6.059,0,0
PHN_PE,D,20160308,000000,6.059,6.059,5.886,5.886,0,0
PHN_PE,D,20160309,000000,5.886,5.9725,5.7995,5.9725,0,0
PHN_PE,D,20160310,000000,5.9725,5.9725,5.7995,5.886,0,0
PHN_PE,D,20160311,000000,6.059,6.059,5.886,5.886,0,0
PHN_PE,D,20160314,000000,5.886,6.059,5.886,5.9725,0,0
PHN_PE,D,20160315,000000,5.9725,5.9725,5.886,5.886,0,0
PHN_PE,D,20160316,000000,5.6262,13.762,5.4531,13.762,0,0
PHN_PE,D,20160317,000000,13.935,13.935,13.762,13.848,0,0
PHN_PE,D,20160318,000000,13.935,14.022,13.848,13.848,0,0
PHN_PE,D,20160321,000000,13.848,13.935,13.848,13.935,0,0
PHN_PE,D,20160322,000000,13.935,14.109,13.676,14.022,0,0
PHN_PE,D,20160323,000000,14.109,14.109,13.762,13.762,0,0
PHN_PE,D,20160324,000000,13.762,13.848,13.762,13.848,0,0
PHN_PE,D,20160329,000000,13.848,14.022,13.848,14.022,0,0
PHN_PE,D,20160330,000000,14.109,14.543,14.109,14.543,0,0
PHN_PE,D,20160331,000000,14.543,14.543,14.195,14.282,0,0
PHN_PE,D,20160401,000000,14.282,14.282,14.109,14.109,0,0
PHN_PE,D,20160404,000000,14.456,14.543,14.109,14.543,0,0
PHN_PE,D,20160405,000000,14.543,14.543,14.109,14.543,0,0
PHN_PE,D,20160406,000000,14.543,14.543,14.456,14.456,0,0
PHN_PE,D,20160407,000000,14.456,14.456,14.109,14.195,0,0
PHN_PE,D,20160408,000000,14.195,14.195,14.195,14.195,0,0
PHN_PE,D,20160411,000000,14.195,14.195,14.195,14.195,0,0
PHN_PE,D,20160412,000000,14.456,14.456,14.195,14.456,0,0
PHN_PE,D,20160413,000000,14.456,14.543,14.195,14.456,0,0
PHN_PE,D,20160414,000000,14.456,14.456,14.109,14.37,0,0
PHN_PE,D,20160415,000000,14.543,14.801,14.282,14.715,0,0
PHN_PE,D,20160418,000000,14.801,14.801,14.543,14.543,0,0
PHN_PE,D,20160419,000000,14.543,14.801,14.543,14.801,0,0
PHN_PE,D,20160420,000000,14.801,14.801,14.456,14.543,0,0
PHN_PE,D,20160421,000000,14.543,14.543,14.37,14.543,0,0
PHN_PE,D,20160422,000000,14.543,14.543,14.109,14.37,0,0
PHN_PE,D,20160425,000000,14.543,14.543,14.456,14.456,0,0
PHN_PE,D,20160426,000000,14.456,14.456,14.195,14.282,0,0
PHN_PE,D,20160427,000000,14.456,14.456,14.109,14.195,0,0
PHN_PE,D,20160428,000000,14.109,14.195,13.848,14.109,0,0
PHN_PE,D,20160429,000000,14.109,14.109,13.848,14.109,0,0
PHN_PE,D,20160502,000000,14.109,14.109,13.848,13.848,0,0
PHN_PE,D,20160504,000000,13.848,13.848,13.848,13.848,0,0
PHN_PE,D,20160505,000000,13.935,14.022,13.676,13.762,0,0
PHN_PE,D,20160506,000000,14.022,14.109,13.762,13.762,0,0
PHN_PE,D,20160509,000000,13.762,14.109,13.762,14.109,0,0
PHN_PE,D,20160510,000000,14.109,14.109,13.762,14.109,0,0
PHN_PE,D,20160511,000000,13.762,14.109,13.244,13.676,0,0
PHN_PE,D,20160512,000000,13.676,13.676,13.331,13.59,0,0
PHN_PE,D,20160513,000000,13.59,14.801,13.331,14.801,0,0
PHN_PE,D,20160516,000000,14.801,14.801,14.715,14.801,0,0
PHN_PE,D,20160517,000000,14.888,14.888,14.37,14.628,0,0
PHN_PE,D,20160518,000000,14.628,14.628,13.762,13.762,0,0
PHN_PE,D,20160519,000000,13.848,13.848,13.504,13.848,0,0
PHN_PE,D,20160520,000000,13.848,13.848,13.244,13.417,0,0
PHN_PE,D,20160523,000000,13.244,13.244,12.637,12.724,0,0
PHN_PE,D,20160524,000000,12.724,13.07,12.724,12.811,0,0
PHN_PE,D,20160525,000000,13.07,13.07,12.811,12.811,0,0
PHN_PE,D,20160527,000000,13.07,13.157,12.811,12.897,0,0
PHN_PE,D,20160530,000000,12.984,13.676,12.984,13.504,0,0
PHN_PE,D,20160531,000000,13.504,13.504,12.984,13.331,0,0
PHN_PE,D,20160601,000000,13.504,13.504,12.897,12.897,0,0
PHN_PE,D,20160602,000000,13.07,13.07,12.551,12.551,0,0
PHN_PE,D,20160603,000000,12.551,12.551,12.464,12.551,0,0
PHN_PE,D,20160606,000000,12.464,12.464,12.378,12.378,0,0
PHN_PE,D,20160607,000000,12.378,13.07,12.378,12.811,0,0
PHN_PE,D,20160608,000000,13.07,13.07,12.724,12.897,0,0
PHN_PE,D,20160609,000000,12.897,12.897,12.637,12.811,0,0
PHN_PE,D,20160610,000000,12.811,12.984,12.637,12.984,0,0
PHN_PE,D,20160613,000000,12.984,12.984,12.637,12.637,0,0
PHN_PE,D,20160614,000000,12.811,12.811,12.551,12.637,0,0
PHN_PE,D,20160615,000000,12.724,12.724,12.637,12.637,0,0
PHN_PE,D,20160616,000000,12.637,12.724,12.637,12.637,0,0
PHN_PE,D,20160617,000000,12.724,12.724,12.637,12.637,0,0
PHN_PE,D,20160620,000000,12.724,12.811,12.637,12.637,0,0
PHN_PE,D,20160621,000000,12.724,12.724,12.551,12.551,0,0
PHN_PE,D,20160622,000000,12.637,12.637,12.551,12.551,0,0
PHN_PE,D,20160623,000000,12.551,12.724,12.551,12.637,0,0
PHN_PE,D,20160624,000000,12.464,12.984,12.464,12.637,0,0
PHN_PE,D,20160627,000000,12.637,12.897,12.637,12.897,0,0
PHN_PE,D,20160628,000000,12.897,12.897,12.637,12.637,0,0
PHN_PE,D,20160629,000000,12.984,12.984,12.637,12.724,0,0
PHN_PE,D,20160630,000000,12.984,12.984,12.637,12.637,0,0
PHN_PE,D,20160701,000000,12.984,12.984,12.464,12.464,0,0
PHN_PE,D,20160704,000000,12.637,12.637,12.551,12.637,0,0
PHN_PE,D,20160705,000000,12.724,12.724,12.637,12.637,0,0
PHN_PE,D,20160706,000000,12.637,12.724,12.464,12.637,0,0
PHN_PE,D,20160707,000000,12.637,12.637,12.464,12.637,0,0
PHN_PE,D,20160708,000000,12.637,12.637,12.637,12.637,0,0
PHN_PE,D,20160711,000000,12.637,12.637,12.637,12.637,0,0
PHN_PE,D,20160712,000000,12.637,12.724,12.637,12.637,0,0
PHN_PE,D,20160713,000000,12.637,12.637,12.637,12.637,0,0
PHN_PE,D,20160714,000000,12.637,12.637,12.637,12.637,0,0
PHN_PE,D,20160715,000000,12.637,12.637,12.637,12.637,0,0
PHN_PE,D,20160718,000000,12.637,12.637,12.551,12.637,0,0
PHN_PE,D,20160719,000000,12.724,12.811,12.724,12.724,0,0
PHN_PE,D,20160720,000000,12.724,12.984,12.724,12.984,0,0
PHN_PE,D,20160721,000000,12.984,13.935,12.984,13.848,0,0
PHN_PE,D,20160722,000000,13.504,13.762,13.157,13.504,0,0
PHN_PE,D,20160725,000000,13.504,13.762,13.244,13.762,0,0
PHN_PE,D,20160726,000000,13.762,13.935,13.504,13.504,0,0
PHN_PE,D,20160727,000000,13.417,13.848,13.417,13.504,0,0
PHN_PE,D,20160728,000000,13.504,13.504,13.417,13.417,0,0
PHN_PE,D,20160729,000000,13.504,13.504,12.897,12.897,0,0
PHN_PE,D,20160801,000000,12.897,13.07,12.897,13.07,0,0
PHN_PE,D,20160802,000000,13.07,13.07,12.811,12.811,0,0
PHN_PE,D,20160803,000000,12.811,12.984,12.811,12.811,0,0
PHN_PE,D,20160804,000000,12.897,12.984,12.897,12.984,0,0
PHN_PE,D,20160805,000000,13.07,13.417,12.984,13.417,0,0
PHN_PE,D,20160808,000000,13.417,13.417,13.07,13.157,0,0
PHN_PE,D,20160809,000000,13.157,13.157,12.984,12.984,0,0
PHN_PE,D,20160810,000000,12.897,12.984,12.811,12.811,0,0
PHN_PE,D,20160811,000000,12.811,12.897,12.724,12.811,0,0
PHN_PE,D,20160812,000000,12.724,13.157,12.724,12.984,0,0
PHN_PE,D,20160816,000000,13.375,13.375,13.196,13.196,0,0
PHN_PE,D,20160817,000000,13.196,13.196,13.018,13.107,0,0
PHN_PE,D,20160818,000000,13.285,13.285,13.107,13.107,0,0
PHN_PE,D,20160819,000000,13.285,13.285,13.107,13.107,0,0
PHN_PE,D,20160822,000000,13.107,13.107,13.018,13.107,0,0
PHN_PE,D,20160823,000000,13.107,13.107,13.107,13.107,0,0
PHN_PE,D,20160824,000000,13.107,13.107,13.018,13.107,0,0
PHN_PE,D,20160825,000000,13.107,13.107,12.93,12.93,0,0
PHN_PE,D,20160826,000000,13.018,13.018,12.037,12.305,0,0
PHN_PE,D,20160829,000000,12.305,12.572,11.413,12.037,0,0
PHN_PE,D,20160830,000000,12.126,12.126,11.591,11.77,0,0
PHN_PE,D,20160831,000000,12.84,13.999,12.84,13.464,0,0
PHN_PE,D,20160901,000000,13.73,13.999,13.641,13.909,0,0
PHN_PE,D,20160902,000000,13.909,13.909,10.343,10.343,0,0
PHN_PE,D,20160905,000000,10.343,10.343,10.076,10.076,0,0
PHN_PE,D,20160906,000000,10.076,10.076,10.076,10.076,0,0
PHN_PE,D,20160907,000000,10.076,10.164,10.076,10.164,0,0
PHN_PE,D,20160908,000000,10.254,10.254,10.076,10.076,0,0
PHN_PE,D,20160909,000000,10.076,10.164,10.076,10.076,0,0
PHN_PE,D,20160912,000000,10.076,10.076,9.719,9.809,0,0
PHN_PE,D,20160913,000000,9.897,9.897,9.719,9.809,0,0
PHN_PE,D,20160914,000000,9.987,9.987,9.809,9.809,0,0
PHN_PE,D,20160915,000000,9.809,9.897,9.809,9.897,0,0
PHN_PE,D,20160916,000000,9.987,9.987,9.809,9.809,0,0
PHN_PE,D,20160919,000000,9.809,9.809,9.63,9.63,0,0
PHN_PE,D,20160920,000000,9.63,9.719,9.63,9.719,0,0
PHN_PE,D,20160921,000000,9.719,9.897,9.719,9.897,0,0
PHN_PE,D,20160922,000000,9.897,10.164,9.897,9.987,0,0
PHN_PE,D,20160923,000000,10.164,10.164,9.987,9.987,0,0
PHN_PE,D,20160926,000000,10.076,10.076,9.987,10.076,0,0
PHN_PE,D,20160927,000000,10.076,10.61,10.076,10.164,0,0
PHN_PE,D,20160928,000000,10.164,10.432,10.164,10.343,0,0
PHN_PE,D,20160929,000000,10.432,10.432,10.254,10.254,0,0
PHN_PE,D,20160930,000000,10.432,10.432,10.164,10.343,0,0
PHN_PE,D,20161003,000000,10.164,10.521,10.164,10.432,0,0
PHN_PE,D,20161004,000000,10.343,10.789,10.343,10.7,0,0
PHN_PE,D,20161005,000000,10.879,11.591,10.789,11.413,0,0
PHN_PE,D,20161006,000000,11.413,11.501,11.413,11.413,0,0
PHN_PE,D,20161007,000000,11.413,11.591,11.324,11.413,0,0
PHN_PE,D,20161010,000000,11.591,11.859,11.413,11.77,0,0
PHN_PE,D,20161011,000000,11.77,11.77,11.77,11.77,0,0
PHN_PE,D,20161012,000000,11.77,11.77,11.501,11.501,0,0
PHN_PE,D,20161013,000000,11.591,11.77,11.413,11.77,0,0
PHN_PE,D,20161014,000000,11.77,11.859,11.501,11.77,0,0
PHN_PE,D,20161017,000000,11.77,11.77,11.413,11.413,0,0
PHN_PE,D,20161018,000000,11.413,11.859,11.413,11.859,0,0
PHN_PE,D,20161019,000000,11.859,11.948,11.68,11.77,0,0
PHN_PE,D,20161020,000000,11.77,11.77,11.68,11.68,0,0
PHN_PE,D,20161021,000000,11.77,11.77,11.68,11.68,0,0
PHN_PE,D,20161024,000000,11.68,11.77,11.68,11.68,0,0
PHN_PE,D,20161025,000000,11.413,11.501,11.413,11.501,0,0
PHN_PE,D,20161026,000000,11.77,11.77,11.501,11.501,0,0
PHN_PE,D,20161027,000000,11.501,11.77,11.501,11.77,0,0
PHN_PE,D,20161028,000000,11.501,11.77,11.501,11.77,0,0
PHN_PE,D,20161031,000000,11.501,11.77,11.501,11.591,0,0
PHN_PE,D,20161102,000000,11.591,11.591,11.413,11.413,0,0
PHN_PE,D,20161103,000000,11.501,11.591,11.501,11.591,0,0
PHN_PE,D,20161104,000000,11.77,11.77,11.77,11.77,0,0
PHN_PE,D,20161107,000000,11.77,11.77,11.591,11.77,0,0
PHN_PE,D,20161108,000000,11.77,12.126,11.77,11.77,0,0
PHN_PE,D,20161109,000000,11.77,11.77,11.77,11.77,0,0
PHN_PE,D,20161110,000000,11.77,12.126,11.77,12.037,0,0
PHN_PE,D,20161114,000000,11.948,11.948,11.77,11.859,0,0
PHN_PE,D,20161115,000000,11.859,11.859,11.413,11.77,0,0
PHN_PE,D,20161116,000000,11.859,25.946,11.501,25.946,0,0
PHN_PE,D,20161117,000000,25.946,26.214,25.946,26.036,0,0
PHN_PE,D,20161118,000000,26.036,26.036,25.68,25.946,0,0
PHN_PE,D,20161121,000000,25.769,25.769,25.234,25.501,0,0
PHN_PE,D,20161122,000000,25.769,25.769,25.234,25.68,0,0
PHN_PE,D,20161123,000000,25.68,25.68,24.966,25.055,0,0
PHN_PE,D,20161124,000000,25.322,25.946,25.322,25.857,0,0
PHN_PE,D,20161125,000000,25.946,25.946,25.68,25.68,0,0
PHN_PE,D,20161128,000000,25.946,25.946,25.68,25.68,0,0
PHN_PE,D,20161129,000000,25.68,25.769,25.68,25.769,0,0
PHN_PE,D,20161130,000000,25.68,26.036,25.68,25.769,0,0
PHN_PE,D,20161201,000000,25.769,25.946,25.234,25.857,0,0
PHN_PE,D,20161202,000000,25.857,25.857,25.412,25.412,0,0
PHN_PE,D,20161205,000000,25.412,25.412,25.055,25.234,0,0
PHN_PE,D,20161206,000000,25.412,25.412,24.52,24.52,0,0
PHN_PE,D,20161207,000000,24.253,24.52,22.916,24.164,0,0
PHN_PE,D,20161208,000000,24.164,25.322,23.45,24.342,0,0
PHN_PE,D,20161209,000000,24.342,24.52,23.985,24.164,0,0
PHN_PE,D,20161212,000000,23.985,23.985,23.629,23.629,0,0
PHN_PE,D,20161213,000000,23.717,24.52,23.629,24.164,0,0
PHN_PE,D,20161214,000000,24.164,24.787,24.075,24.609,0,0
PHN_PE,D,20161215,000000,24.609,25.055,24.431,25.055,0,0
PHN_PE,D,20161216,000000,24.966,25.68,24.876,24.876,0,0
PHN_PE,D,20161219,000000,24.966,24.966,24.966,24.966,0,0
PHN_PE,D,20161220,000000,25.234,25.234,24.876,24.966,0,0
PHN_PE,D,20161221,000000,24.966,24.966,24.787,24.787,0,0
PHN_PE,D,20161222,000000,24.787,25.234,24.787,25.234,0,0
PHN_PE,D,20161223,000000,25.234,25.234,24.966,25.234,0,0
PHN_PE,D,20161227,000000,25.234,25.234,24.699,24.966,0,0
PHN_PE,D,20161228,000000,24.966,26.036,24.966,26.036,0,0
PHN_PE,D,20161229,000000,26.036,26.036,25.501,25.501,0,0
PHN_PE,D,20161230,000000,25.68,25.68,25.412,25.412,0,0
PHN_PE,D,20170102,000000,25.412,25.412,24.966,24.966,0,0
PHN_PE,D,20170103,000000,25.234,25.234,24.966,25.234,0,0
PHN_PE,D,20170104,000000,25.234,25.68,25.234,25.234,0,0
PHN_PE,D,20170105,000000,25.591,25.946,25.591,25.68,0,0
PHN_PE,D,20170109,000000,25.591,25.591,25.412,25.412,0,0
PHN_PE,D,20170110,000000,25.591,25.591,25.145,25.501,0,0
PHN_PE,D,20170111,000000,25.501,25.501,25.055,25.501,0,0
PHN_PE,D,20170112,000000,25.501,25.501,25.145,25.412,0,0
PHN_PE,D,20170113,000000,25.412,25.412,25.145,25.234,0,0
PHN_PE,D,20170116,000000,25.145,25.234,24.966,24.966,0,0
PHN_PE,D,20170117,000000,24.966,24.966,24.787,24.966,0,0
PHN_PE,D,20170118,000000,24.966,24.966,24.253,24.609,0,0
PHN_PE,D,20170119,000000,24.966,24.966,24.342,24.342,0,0
PHN_PE,D,20170120,000000,24.876,24.876,24.342,24.876,0,0
PHN_PE,D,20170123,000000,24.876,24.876,24.253,24.787,0,0
PHN_PE,D,20170124,000000,24.966,24.966,24.342,24.52,0,0
PHN_PE,D,20170125,000000,24.876,24.876,24.342,24.342,0,0
PHN_PE,D,20170126,000000,24.253,25.234,24.253,24.787,0,0
PHN_PE,D,20170127,000000,25.234,25.68,24.787,25.68,0,0
PHN_PE,D,20170130,000000,25.322,26.392,25.322,26.036,0,0
PHN_PE,D,20170131,000000,26.392,26.392,25.857,25.857,0,0
PHN_PE,D,20170201,000000,25.946,26.392,25.946,26.392,0,0
PHN_PE,D,20170202,000000,26.392,26.392,25.769,26.036,0,0
PHN_PE,D,20170203,000000,26.304,26.304,25.68,26.304,0,0
PHN_PE,D,20170206,000000,26.392,26.928,26.125,26.571,0,0
PHN_PE,D,20170207,000000,26.304,26.304,25.769,25.769,0,0
PHN_PE,D,20170208,000000,25.145,25.946,25.145,25.946,0,0
PHN_PE,D,20170209,000000,26.036,26.036,26.036,26.036,0,0
PHN_PE,D,20170210,000000,26.036,26.839,25.769,26.75,0,0
PHN_PE,D,20170213,000000,26.839,26.928,25.769,26.125,0,0
PHN_PE,D,20170214,000000,26.392,26.392,26.036,26.304,0,0
PHN_PE,D,20170215,000000,26.036,26.304,26.036,26.304,0,0
PHN_PE,D,20170216,000000,26.392,27.106,26.036,27.106,0,0
PHN_PE,D,20170217,000000,27.106,27.106,27.017,27.017,0,0
PHN_PE,D,20170220,000000,26.571,26.75,26.571,26.75,0,0
PHN_PE,D,20170221,000000,26.75,27.196,26.482,26.482,0,0
PHN_PE,D,20170222,000000,26.928,26.928,26.392,26.839,0,0
PHN_PE,D,20170223,000000,26.928,26.928,26.304,26.75,0,0
PHN_PE,D,20170224,000000,26.75,26.928,26.125,26.125,0,0
PHN_PE,D,20170227,000000,26.125,26.75,26.125,26.482,0,0
PHN_PE,D,20170228,000000,26.75,26.75,26.66,26.66,0,0
PHN_PE,D,20170301,000000,26.482,26.75,26.304,26.304,0,0
PHN_PE,D,20170302,000000,26.571,26.66,26.392,26.66,0,0
PHN_PE,D,20170303,000000,26.75,26.75,26.125,26.392,0,0
PHN_PE,D,20170306,000000,26.392,26.392,25.946,26.125,0,0
PHN_PE,D,20170307,000000,26.125,26.125,25.591,25.591,0,0
PHN_PE,D,20170308,000000,25.68,25.68,25.145,25.412,0,0
PHN_PE,D,20170309,000000,25.322,25.322,24.52,25.322,0,0
PHN_PE,D,20170310,000000,25.68,25.68,24.966,25.591,0,0
PHN_PE,D,20170313,000000,25.591,25.591,24.876,25.145,0,0
PHN_PE,D,20170314,000000,25.234,25.234,24.787,24.966,0,0
PHN_PE,D,20170315,000000,24.699,24.966,24.699,24.966,0,0
PHN_PE,D,20170316,000000,24.966,24.966,21.934,21.934,0,0
PHN_PE,D,20170317,000000,21.934,22.291,21.934,22.112,0,0
PHN_PE,D,20170320,000000,22.112,22.291,21.845,22.201,0,0
PHN_PE,D,20170321,000000,22.291,22.291,21.845,21.845,0,0
PHN_PE,D,20170322,000000,21.845,21.845,21.845,21.845,0,0
PHN_PE,D,20170323,000000,21.845,22.201,21.845,22.201,0,0
PHN_PE,D,20170324,000000,22.291,22.291,22.201,22.201,0,0
PHN_PE,D,20170327,000000,22.201,22.201,21.666,21.666,0,0
PHN_PE,D,20170328,000000,22.201,22.201,21.578,22.024,0,0
PHN_PE,D,20170329,000000,22.024,22.024,21.578,21.578,0,0
PHN_PE,D,20170330,000000,22.024,22.024,21.489,21.578,0,0
PHN_PE,D,20170331,000000,21.934,21.934,21.578,21.578,0,0
PHN_PE,D,20170403,000000,21.489,22.916,21.132,22.47,0,0
PHN_PE,D,20170404,000000,22.201,22.201,21.845,21.845,0,0
PHN_PE,D,20170405,000000,22.291,22.647,22.112,22.647,0,0
PHN_PE,D,20170406,000000,22.647,22.737,22.38,22.737,0,0
PHN_PE,D,20170407,000000,22.737,22.916,22.737,22.916,0,0
PHN_PE,D,20170410,000000,22.916,23.183,22.916,23.005,0,0
PHN_PE,D,20170411,000000,23.094,23.717,22.826,23.272,0,0
PHN_PE,D,20170412,000000,22.826,23.361,22.826,23.361,0,0
PHN_PE,D,20170413,000000,23.361,23.45,22.916,23.005,0,0
PHN_PE,D,20170418,000000,23.005,23.45,22.737,22.737,0,0
PHN_PE,D,20170419,000000,23.005,23.005,22.291,22.737,0,0
PHN_PE,D,20170420,000000,22.916,23.272,22.737,23.272,0,0
PHN_PE,D,20170421,000000,23.272,24.075,23.005,23.45,0,0
PHN_PE,D,20170424,000000,23.717,24.075,23.717,23.807,0,0
PHN_PE,D,20170425,000000,23.807,23.807,23.183,23.183,0,0
PHN_PE,D,20170426,000000,23.717,23.717,23.183,23.45,0,0
PHN_PE,D,20170427,000000,23.717,23.717,23.272,23.629,0,0
PHN_PE,D,20170428,000000,23.717,23.717,23.272,23.361,0,0
PHN_PE,D,20170502,000000,23.539,23.539,23.005,23.539,0,0
PHN_PE,D,20170504,000000,23.539,23.539,22.916,23.183,0,0
PHN_PE,D,20170505,000000,23.183,23.183,22.916,23.183,0,0
PHN_PE,D,20170508,000000,23.005,23.005,22.559,22.647,0,0
PHN_PE,D,20170509,000000,22.737,23.005,22.737,22.916,0,0
PHN_PE,D,20170510,000000,22.916,22.916,22.647,22.647,0,0
PHN_PE,D,20170511,000000,22.916,22.916,22.916,22.916,0,0
PHN_PE,D,20170512,000000,22.916,22.916,22.647,22.826,0,0
PHN_PE,D,20170515,000000,22.916,22.916,22.647,22.647,0,0
PHN_PE,D,20170516,000000,22.916,22.916,22.916,22.916,0,0
PHN_PE,D,20170517,000000,22.916,22.916,22.38,22.38,0,0
PHN_PE,D,20170518,000000,22.737,22.737,21.666,21.934,0,0
PHN_PE,D,20170519,000000,22.024,22.647,21.934,22.559,0,0
PHN_PE,D,20170522,000000,22.559,22.559,22.112,22.112,0,0
PHN_PE,D,20170523,000000,22.024,22.559,22.024,22.559,0,0
PHN_PE,D,20170524,000000,21.666,33.614,20.419,33.614,0,0
PHN_PE,D,20170525,000000,33.614,33.614,32.724,33.525,0,0
PHN_PE,D,20170526,000000,33.614,33.614,32.635,32.813,0,0
PHN_PE,D,20170529,000000,32.456,32.456,32.01,32.01,0,0
PHN_PE,D,20170530,000000,32.01,32.01,31.564,32.01,0,0
PHN_PE,D,20170531,000000,32.546,32.546,32.277,32.456,0,0
PHN_PE,D,20170601,000000,32.546,32.546,31.831,32.546,0,0
PHN_PE,D,20170602,000000,32.546,32.546,31.921,32.546,0,0
PHN_PE,D,20170605,000000,31.921,32.01,31.385,31.385,0,0
PHN_PE,D,20170606,000000,31.207,31.385,31.207,31.385,0,0
PHN_PE,D,20170607,000000,31.385,31.564,30.762,31.564,0,0
PHN_PE,D,20170608,000000,31.564,31.564,31.385,31.385,0,0
PHN_PE,D,20170609,000000,31.564,31.564,31.475,31.564,0,0
PHN_PE,D,20170612,000000,31.029,31.029,30.672,30.939,0,0
PHN_PE,D,20170613,000000,31.296,31.385,30.939,31.385,0,0
PHN_PE,D,20170614,000000,31.385,31.654,31.385,31.654,0,0
PHN_PE,D,20170616,000000,31.654,31.654,30.939,30.939,0,0
PHN_PE,D,20170619,000000,31.207,31.654,31.207,31.654,0,0
PHN_PE,D,20170620,000000,31.564,31.564,30.939,31.564,0,0
PHN_PE,D,20170621,000000,31.029,31.475,30.939,31.475,0,0
PHN_PE,D,20170622,000000,31.207,31.475,31.029,31.029,0,0
PHN_PE,D,20170623,000000,31.385,31.564,30.762,31.564,0,0
PHN_PE,D,20170626,000000,30.939,31.564,30.939,31.475,0,0
PHN_PE,D,20170627,000000,31.564,31.564,31.207,31.564,0,0
PHN_PE,D,20170628,000000,31.564,31.654,31.475,31.654,0,0
PHN_PE,D,20170629,000000,31.654,31.654,31.207,31.654,0,0
PHN_PE,D,20170630,000000,31.654,31.654,31.207,31.654,0,0
PHN_PE,D,20170703,000000,31.654,31.654,31.385,31.385,0,0
PHN_PE,D,20170704,000000,31.654,31.654,30.85,31.296,0,0
PHN_PE,D,20170705,000000,31.564,31.564,30.85,30.85,0,0
PHN_PE,D,20170706,000000,31.118,31.118,30.405,30.405,0,0
PHN_PE,D,20170707,000000,31.118,31.118,30.494,31.118,0,0
PHN_PE,D,20170710,000000,31.029,31.207,30.494,31.207,0,0
PHN_PE,D,20170711,000000,31.207,31.207,30.762,30.762,0,0
PHN_PE,D,20170712,000000,31.118,31.207,30.85,31.207,0,0
PHN_PE,D,20170713,000000,31.207,31.207,30.939,31.118,0,0
PHN_PE,D,20170714,000000,31.118,31.118,31.029,31.029,0,0
PHN_PE,D,20170717,000000,30.939,31.029,30.85,31.029,0,0
PHN_PE,D,20170718,000000,30.939,30.939,30.939,30.939,0,0
PHN_PE,D,20170719,000000,31.029,31.385,31.029,31.385,0,0
PHN_PE,D,20170720,000000,30.939,31.029,30.939,31.029,0,0
PHN_PE,D,20170721,000000,31.296,31.296,31.118,31.207,0,0
PHN_PE,D,20170724,000000,31.475,31.654,31.475,31.564,0,0
PHN_PE,D,20170725,000000,31.564,31.564,31.296,31.296,0,0
PHN_PE,D,20170726,000000,31.654,32.813,31.654,32.724,0,0
PHN_PE,D,20170727,000000,32.724,32.724,32.01,32.189,0,0
PHN_PE,D,20170728,000000,32.724,33.346,32.189,33.346,0,0
PHN_PE,D,20170731,000000,32.992,33.346,32.277,32.635,0,0
PHN_PE,D,20170801,000000,32.189,33.704,32.189,33.704,0,0
PHN_PE,D,20170802,000000,33.704,33.704,32.456,33.258,0,0
PHN_PE,D,20170803,000000,32.724,33.258,32.724,33.258,0,0
PHN_PE,D,20170804,000000,33.436,33.436,33.258,33.258,0,0
PHN_PE,D,20170807,000000,33.436,33.436,32.724,32.813,0,0
PHN_PE,D,20170808,000000,32.992,32.992,32.546,32.546,0,0
PHN_PE,D,20170809,000000,33.436,33.436,33.436,33.436,0,0
PHN_PE,D,20170810,000000,33.436,33.436,32.902,33.436,0,0
PHN_PE,D,20170811,000000,33.081,33.525,32.813,33.525,0,0
PHN_PE,D,20170814,000000,34.072,34.072,33.436,33.436,0,0
PHN_PE,D,20170816,000000,33.527,33.527,32.712,33.075,0,0
PHN_PE,D,20170817,000000,33.618,33.618,32.712,32.712,0,0
PHN_PE,D,20170818,000000,33.527,33.527,32.803,32.984,0,0
PHN_PE,D,20170821,000000,32.984,32.984,32.621,32.621,0,0
PHN_PE,D,20170822,000000,32.169,32.35,31.715,32.35,0,0
PHN_PE,D,20170823,000000,32.35,32.53,31.987,32.44,0,0
PHN_PE,D,20170824,000000,32.44,32.44,32.078,32.078,0,0
PHN_PE,D,20170825,000000,32.078,32.078,32.078,32.078,0,0
PHN_PE,D,20170828,000000,32.44,32.53,32.35,32.53,0,0
PHN_PE,D,20170829,000000,32.621,33.257,32.621,33.075,0,0
PHN_PE,D,20170830,000000,33.346,33.346,32.803,32.803,0,0
PHN_PE,D,20170831,000000,33.257,33.257,32.803,32.893,0,0
PHN_PE,D,20170901,000000,33.257,33.527,32.803,33.436,0,0
PHN_PE,D,20170904,000000,33.436,33.436,32.712,33.166,0,0
PHN_PE,D,20170905,000000,33.436,33.436,32.984,33.075,0,0
PHN_PE,D,20170906,000000,33.257,33.257,31.897,31.897,0,0
PHN_PE,D,20170928,000000,31.897,31.897,31.897,31.897,0,0
PHN_PE,D,20171122,000000,73.126,73.126,73.126,73.126,0,0
PHN_PE,D,20171123,000000,73.308,76.479,73.308,76.297,0,0
PHN_PE,D,20171124,000000,76.117,76.117,74.849,75.845,0,0
PHN_PE,D,20171127,000000,76.208,76.57,75.12,76.479,0,0
PHN_PE,D,20171128,000000,76.117,76.479,74.667,76.479,0,0
PHN_PE,D,20171129,000000,76.388,76.388,74.214,75.12,0,0
PHN_PE,D,20171130,000000,75.12,76.297,73.489,75.03,0,0
PHN_PE,D,20171201,000000,75.03,76.57,73.67,76.479,0,0
PHN_PE,D,20171204,000000,76.479,76.479,75.12,75.845,0,0
PHN_PE,D,20171205,000000,73.489,73.489,69.955,72.039,0,0
PHN_PE,D,20171206,000000,72.039,72.039,70.409,71.496,0,0
PHN_PE,D,20171207,000000,71.405,72.039,70.409,72.039,0,0
PHN_PE,D,20171208,000000,71.767,72.22,70.951,72.13,0,0
PHN_PE,D,20171211,000000,71.315,72.13,71.042,71.857,0,0
PHN_PE,D,20171212,000000,71.586,71.586,69.955,70.68,0,0
PHN_PE,D,20171213,000000,71.315,71.315,69.049,71.042,0,0
PHN_PE,D,20171214,000000,69.23,69.864,69.23,69.23,0,0
PHN_PE,D,20171215,000000,70.77,70.77,68.414,69.502,0,0
PHN_PE,D,20171218,000000,68.143,69.864,67.78,68.868,0,0
PHN_PE,D,20171219,000000,68.596,68.868,67.871,68.414,0,0
PHN_PE,D,20171220,000000,68.505,68.777,67.871,68.686,0,0
PHN_PE,D,20171221,000000,68.596,68.596,67.962,67.962,0,0
PHN_PE,D,20171222,000000,67.962,68.414,66.602,67.508,0,0
PHN_PE,D,20171227,000000,67.508,67.508,66.511,66.511,0,0
PHN_PE,D,20171228,000000,66.511,67.417,66.24,67.417,0,0
PHN_PE,D,20171229,000000,66.511,67.417,66.33,66.965,0,0
PHN_PE,D,20180103,000000,66.511,67.417,66.511,66.784,0,0
PHN_PE,D,20180104,000000,66.511,69.683,66.511,69.683,0,0
PHN_PE,D,20180105,000000,69.683,70.68,68.233,70.59,0,0
PHN_PE,D,20180108,000000,70.59,70.59,68.686,70.409,0,0
PHN_PE,D,20180109,000000,71.405,71.405,68.686,70.409,0,0
PHN_PE,D,20180110,000000,70.409,70.409,69.412,69.864,0,0
PHN_PE,D,20180111,000000,69.864,71.133,68.143,71.133,0,0
PHN_PE,D,20180112,000000,70.409,71.586,69.412,71.586,0,0
PHN_PE,D,20180115,000000,71.315,72.039,70.409,70.409,0,0
PHN_PE,D,20180116,000000,70.861,71.133,69.955,70.59,0,0
PHN_PE,D,20180117,000000,69.864,70.77,69.412,70.409,0,0
PHN_PE,D,20180118,000000,70.409,70.409,69.412,70.409,0,0
PHN_PE,D,20180119,000000,70.409,70.409,69.23,70.409,0,0
PHN_PE,D,20180122,000000,70.409,70.409,70.409,70.409,0,0
PHN_PE,D,20180123,000000,70.409,70.409,69.23,70.409,0,0
PHN_PE,D,20180124,000000,70.409,70.409,70.409,70.409,0,0
PHN_PE,D,20180125,000000,70.409,70.409,68.505,70.136,0,0
PHN_PE,D,20180126,000000,70.409,70.409,69.412,69.864,0,0
PHN_PE,D,20180129,000000,69.864,69.864,67.69,69.683,0,0
PHN_PE,D,20180130,000000,68.233,69.683,67.508,69.683,0,0
PHN_PE,D,20180131,000000,69.412,69.412,69.23,69.23,0,0
PHN_PE,D,20180201,000000,69.412,69.412,69.23,69.412,0,0
PHN_PE,D,20180202,000000,69.412,69.412,67.962,69.412,0,0
PHN_PE,D,20180205,000000,69.412,69.412,67.962,69.139,0,0
PHN_PE,D,20180206,000000,67.417,68.868,65.243,67.508,0,0
PHN_PE,D,20180207,000000,68.505,68.505,64.881,65.334,0,0
PHN_PE,D,20180208,000000,67.508,67.508,65.062,65.062,0,0
PHN_PE,D,20180209,000000,65.334,67.508,64.065,66.511,0,0
PHN_PE,D,20180212,000000,66.511,66.511,65.514,66.511,0,0
PHN_PE,D,20180213,000000,66.784,67.236,66.784,67.236,0,0
PHN_PE,D,20180214,000000,67.236,67.236,66.059,67.236,0,0
PHN_PE,D,20180215,000000,67.236,67.236,66.511,67.236,0,0
PHN_PE,D,20180216,000000,67.236,69.864,67.236,69.864,0,0
PHN_PE,D,20180219,000000,69.592,69.592,67.962,69.139,0,0
PHN_PE,D,20180220,000000,69.412,69.412,68.414,68.958,0,0
PHN_PE,D,20180221,000000,69.683,69.683,68.958,69.683,0,0
PHN_PE,D,20180222,000000,68.233,70.136,68.233,70.136,0,0
PHN_PE,D,20180223,000000,70.136,70.136,68.414,69.683,0,0
PHN_PE,D,20180226,000000,67.962,69.23,67.962,69.139,0,0
PHN_PE,D,20180227,000000,69.139,69.139,66.693,67.508,0,0
PHN_PE,D,20180228,000000,68.958,68.958,67.508,68.958,0,0
PHN_PE,D,20180301,000000,68.505,68.505,67.056,67.69,0,0
PHN_PE,D,20180302,000000,67.69,70.136,66.965,69.683,0,0
PHN_PE,D,20180305,000000,68.686,69.683,66.784,68.414,0,0
PHN_PE,D,20180306,000000,68.414,69.412,67.417,69.412,0,0
PHN_PE,D,20180307,000000,67.508,69.412,67.508,69.139,0,0
PHN_PE,D,20180308,000000,69.412,69.412,67.69,69.139,0,0
PHN_PE,D,20180309,000000,69.592,69.592,67.962,68.414,0,0
PHN_PE,D,20180312,000000,68.414,69.139,67.69,68.958,0,0
PHN_PE,D,20180313,000000,68.686,69.23,67.78,69.139,0,0
PHN_PE,D,20180314,000000,69.139,69.139,67.962,69.139,0,0
PHN_PE,D,20180315,000000,69.592,70.136,68.686,69.412,0,0
PHN_PE,D,20180316,000000,69.412,69.864,69.139,69.864,0,0
PHN_PE,D,20180319,000000,68.868,70.861,68.868,70.861,0,0
PHN_PE,D,20180320,000000,70.861,70.861,69.139,70.59,0,0
PHN_PE,D,20180321,000000,70.59,70.59,69.592,70.409,0,0
PHN_PE,D,20180322,000000,70.136,70.136,69.683,70.136,0,0
PHN_PE,D,20180323,000000,70.136,70.136,19.12,19.12,0,0
PHN_PE,D,20180326,000000,19.12,19.482,19.12,19.392,0,0
PHN_PE,D,20180327,000000,19.392,19.392,19.029,19.301,0,0
PHN_PE,D,20180328,000000,19.301,19.301,18.757,19.301,0,0
PHN_PE,D,20180329,000000,19.301,19.301,18.939,19.12,0,0
PHN_PE,D,20180403,000000,19.482,19.482,18.848,18.939,0,0
PHN_PE,D,20180404,000000,19.482,19.482,18.848,19.029,0,0
PHN_PE,D,20180405,000000,19.392,19.392,18.666,19.12,0,0
PHN_PE,D,20180406,000000,19.21,19.21,18.757,19.21,0,0
PHN_PE,D,20180409,000000,19.21,19.21,18.848,18.848,0,0
PHN_PE,D,20180410,000000,18.848,19.21,18.666,19.21,0,0
PHN_PE,D,20180411,000000,19.21,19.21,18.848,18.939,0,0
PHN_PE,D,20180412,000000,18.757,19.029,18.757,18.939,0,0
PHN_PE,D,20180413,000000,18.848,18.939,18.848,18.848,0,0
PHN_PE,D,20180416,000000,18.576,18.757,18.576,18.757,0,0
PHN_PE,D,20180417,000000,18.757,18.757,18.666,18.757,0,0
PHN_PE,D,20180418,000000,18.848,18.848,18.214,18.214,0,0
PHN_PE,D,20180419,000000,18.848,18.848,18.757,18.757,0,0
PHN_PE,D,20180420,000000,18.757,18.757,18.395,18.757,0,0
PHN_PE,D,20180423,000000,18.757,18.757,18.214,18.576,0,0
PHN_PE,D,20180424,000000,18.576,19.21,18.304,19.21,0,0
PHN_PE,D,20180425,000000,19.21,19.21,19.12,19.12,0,0
PHN_PE,D,20180426,000000,19.12,19.12,19.12,19.12,0,0
PHN_PE,D,20180427,000000,19.12,19.12,18.304,19.12,0,0
PHN_PE,D,20180430,000000,18.848,18.848,18.757,18.848,0,0
PHN_PE,D,20180502,000000,18.848,18.848,18.304,18.304,0,0
PHN_PE,D,20180504,000000,18.848,18.848,18.848,18.848,0,0
PHN_PE,D,20180507,000000,18.304,18.848,17.489,18.304,0,0
PHN_PE,D,20180508,000000,18.304,18.757,18.304,18.757,0,0
PHN_PE,D,20180509,000000,18.666,18.666,18.666,18.666,0,0
PHN_PE,D,20180510,000000,18.666,18.666,18.033,18.033,0,0
PHN_PE,D,20180511,000000,18.304,18.304,17.489,17.942,0,0
PHN_PE,D,20180514,000000,17.942,17.942,17.489,17.942,0,0
PHN_PE,D,20180515,000000,17.942,17.942,17.489,17.942,0,0
PHN_PE,D,20180516,000000,17.942,17.942,17.669,17.669,0,0
PHN_PE,D,20180517,000000,17.76,17.76,17.308,17.489,0,0
PHN_PE,D,20180518,000000,17.217,18.214,17.217,18.214,0,0
PHN_PE,D,20180521,000000,18.214,18.214,17.76,17.76,0,0
PHN_PE,D,20180522,000000,18.123,18.214,18.123,18.214,0,0
PHN_PE,D,20180523,000000,18.214,18.214,12.323,12.323,0,0
PHN_PE,D,20180524,000000,12.323,12.323,11.871,12.142,0,0
PHN_PE,D,20180525,000000,12.233,12.323,11.871,11.871,0,0
PHN_PE,D,20180528,000000,12.051,12.051,11.69,11.871,0,0
PHN_PE,D,20180529,000000,11.781,11.781,11.69,11.781,0,0
PHN_PE,D,20180530,000000,11.871,11.871,11.781,11.781,0,0
PHN_PE,D,20180601,000000,11.871,11.871,11.69,11.781,0,0
PHN_PE,D,20180604,000000,11.781,11.781,11.69,11.69,0,0
PHN_PE,D,20180605,000000,11.871,11.871,11.781,11.781,0,0
PHN_PE,D,20180606,000000,11.781,11.781,11.508,11.69,0,0
PHN_PE,D,20180607,000000,11.236,11.871,11.236,11.781,0,0
PHN_PE,D,20180608,000000,11.781,11.781,11.69,11.69,0,0
PHN_PE,D,20180611,000000,11.871,11.871,11.781,11.871,0,0
PHN_PE,D,20180612,000000,11.781,11.871,11.508,11.871,0,0
PHN_PE,D,20180613,000000,11.871,11.871,11.871,11.871,0,0
PHN_PE,D,20180614,000000,11.871,11.871,11.871,11.871,0,0
PHN_PE,D,20180615,000000,11.871,11.871,11.871,11.871,0,0
PHN_PE,D,20180618,000000,11.961,11.961,11.599,11.871,0,0
PHN_PE,D,20180619,000000,11.871,11.961,11.871,11.961,0,0
PHN_PE,D,20180620,000000,11.961,11.961,11.417,11.417,0,0
PHN_PE,D,20180621,000000,11.961,11.961,11.145,11.327,0,0
PHN_PE,D,20180622,000000,11.327,11.871,11.327,11.781,0,0
PHN_PE,D,20180625,000000,11.871,11.871,11.508,11.871,0,0
PHN_PE,D,20180626,000000,11.871,11.871,11.417,11.417,0,0
PHN_PE,D,20180627,000000,11.871,11.871,10.602,10.874,0,0
PHN_PE,D,20180628,000000,10.964,10.964,10.602,10.602,0,0
PHN_PE,D,20180629,000000,10.964,10.964,10.33,10.602,0,0
PHN_PE,D,20180702,000000,10.693,10.693,10.602,10.602,0,0
PHN_PE,D,20180703,000000,10.693,10.874,10.421,10.874,0,0
PHN_PE,D,20180704,000000,10.874,10.874,9.968,10.511,0,0
PHN_PE,D,20180705,000000,10.783,10.783,10.33,10.33,0,0
PHN_PE,D,20180706,000000,10.783,10.783,10.33,10.511,0,0
PHN_PE,D,20180709,000000,10.783,10.783,10.511,10.511,0,0
PHN_PE,D,20180710,000000,10.964,10.964,10.33,10.874,0,0
PHN_PE,D,20180711,000000,10.874,10.874,10.239,10.783,0,0
PHN_PE,D,20180712,000000,10.783,10.783,9.968,9.968,0,0
PHN_PE,D,20180713,000000,10.239,10.783,10.239,10.33,0,0
PHN_PE,D,20180716,000000,10.602,10.602,10.239,10.511,0,0
PHN_PE,D,20180717,000000,10.239,10.602,10.239,10.511,0,0
PHN_PE,D,20180718,000000,10.693,10.693,10.239,10.693,0,0
PHN_PE,D,20180719,000000,10.693,10.693,10.693,10.693,0,0
PHN_PE,D,20180720,000000,10.693,10.693,10.33,10.693,0,0
PHN_PE,D,20180723,000000,10.693,10.693,10.239,10.33,0,0
PHN_PE,D,20180724,000000,10.693,10.693,9.968,10.059,0,0
PHN_PE,D,20180725,000000,10.059,10.602,10.059,10.602,0,0
PHN_PE,D,20180726,000000,10.783,10.783,10.693,10.693,0,0
PHN_PE,D,20180727,000000,10.693,10.693,10.511,10.602,0,0
PHN_PE,D,20180730,000000,10.783,10.783,10.33,10.33,0,0
PHN_PE,D,20180731,000000,10.693,10.693,10.059,10.33,0,0
PHN_PE,D,20180801,000000,10.693,10.693,10.33,10.33,0,0
PHN_PE,D,20180802,000000,10.511,10.693,10.239,10.693,0,0
PHN_PE,D,20180803,000000,10.693,10.693,10.511,10.511,0,0
PHN_PE,D,20180806,000000,10.511,10.511,10.421,10.511,0,0
PHN_PE,D,20180807,000000,10.511,10.602,10.421,10.602,0,0
PHN_PE,D,20180808,000000,10.693,10.693,10.421,10.511,0,0
PHN_PE,D,20180809,000000,10.693,10.693,10.33,10.421,0,0
PHN_PE,D,20180810,000000,10.693,10.693,10.33,10.33,0,0
PHN_PE,D,20180813,000000,10.33,10.602,10.33,10.33,0,0
PHN_PE,D,20180814,000000,10.47,10.563,10.47,10.563,0,0
PHN_PE,D,20180816,000000,10.47,10.47,10.47,10.47,0,0
PHN_PE,D,20180817,000000,10.47,10.656,10.47,10.656,0,0
PHN_PE,D,20180820,000000,10.656,10.656,10.563,10.563,0,0
PHN_PE,D,20180821,000000,10.377,10.656,10.377,10.47,0,0
PHN_PE,D,20180822,000000,10.563,10.656,10.563,10.563,0,0
PHN_PE,D,20180823,000000,10.656,10.656,10.563,10.656,0,0
PHN_PE,D,20180824,000000,10.656,10.656,10.563,10.656,0,0
PHN_PE,D,20180827,000000,10.656,10.84,10.563,10.84,0,0
PHN_PE,D,20180828,000000,11.119,11.119,10.748,10.748,0,0
PHN_PE,D,20180829,000000,10.748,10.748,10.563,10.563,0,0
PHN_PE,D,20180830,000000,10.656,10.656,10.563,10.563,0,0
PHN_PE,D,20180831,000000,10.47,10.47,9.544,9.729,0,0
PHN_PE,D,20180903,000000,9.914,9.914,9.729,9.821,0,0
PHN_PE,D,20180904,000000,10.007,10.007,9.636,9.821,0,0
PHN_PE,D,20180905,000000,9.636,9.729,9.636,9.729,0,0
PHN_PE,D,20180906,000000,9.729,9.729,9.2656,9.544,0,0
PHN_PE,D,20180907,000000,9.544,9.636,9.3584,9.544,0,0
PHN_PE,D,20180910,000000,9.2656,9.544,9.2656,9.544,0,0
PHN_PE,D,20180911,000000,9.821,9.821,9.544,9.729,0,0
PHN_PE,D,20180912,000000,9.821,9.821,9.0803,9.0803,0,0
PHN_PE,D,20180913,000000,9.636,11.119,8.2464,8.2464,0,0
PHN_PE,D,20180914,000000,8.339,8.339,7.5052,7.5978,0,0
PHN_PE,D,20180917,000000,7.8758,7.8758,7.5052,7.5978,0,0
PHN_PE,D,20180918,000000,7.8758,7.8758,7.2271,7.5052,0,0
PHN_PE,D,20180919,000000,7.5978,7.6905,7.5052,7.5978,0,0
PHN_PE,D,20180920,000000,7.7831,8.339,7.5978,7.5978,0,0
PHN_PE,D,20180921,000000,7.9684,8.2464,7.8758,8.2464,0,0
PHN_PE,D,20180924,000000,8.339,8.339,8.1537,8.2464,0,0
PHN_PE,D,20180925,000000,8.2464,8.2464,8.2464,8.2464,0,0
PHN_PE,D,20180926,000000,8.2464,9.0803,8.2464,8.8949,0,0
PHN_PE,D,20180927,000000,8.8023,8.8023,8.5243,8.8023,0,0
PHN_PE,D,20180928,000000,8.8023,8.8023,8.7096,8.7096,0,0
PHN_PE,D,20181001,000000,8.7096,9.0803,8.7096,9.0803,0,0
PHN_PE,D,20181002,000000,9.0803,9.0803,8.8949,8.9877,0,0
PHN_PE,D,20181003,000000,8.9877,8.9877,8.7096,8.8949,0,0
PHN_PE,D,20181004,000000,8.8949,8.8949,8.8949,8.8949,0,0
PHN_PE,D,20181005,000000,8.8949,8.8949,8.8023,8.8949,0,0
PHN_PE,D,20181008,000000,8.8949,8.8949,8.7096,8.8949,0,0
PHN_PE,D,20181009,000000,8.8949,8.8949,8.8949,8.8949,0,0
PHN_PE,D,20181010,000000,8.8949,8.8949,8.617,8.8949,0,0
PHN_PE,D,20181011,000000,8.8949,8.8949,8.617,8.8023,0,0
PHN_PE,D,20181012,000000,8.617,8.617,8.5243,8.5243,0,0
PHN_PE,D,20181015,000000,8.5243,8.617,8.5243,8.617,0,0
PHN_PE,D,20181016,000000,8.617,8.617,8.339,8.339,0,0
PHN_PE,D,20181017,000000,8.7096,8.7096,8.7096,8.7096,0,0
PHN_PE,D,20181018,000000,8.7096,8.7096,8.617,8.617,0,0
PHN_PE,D,20181019,000000,8.7096,8.7096,8.7096,8.7096,0,0
PHN_PE,D,20181022,000000,8.7096,8.7096,8.4317,8.7096,0,0
PHN_PE,D,20181023,000000,8.7096,8.7096,8.4317,8.4317,0,0
PHN_PE,D,20181024,000000,8.0611,8.4317,8.0611,8.4317,0,0
PHN_PE,D,20181025,000000,7.6905,8.2464,7.6905,8.2464,0,0
PHN_PE,D,20181026,000000,8.1537,8.1537,7.8758,8.1537,0,0
PHN_PE,D,20181029,000000,8.1537,8.2464,7.8758,8.2464,0,0
PHN_PE,D,20181030,000000,8.2464,8.2464,8.2464,8.2464,0,0
PHN_PE,D,20181031,000000,8.2464,8.2464,7.9684,8.0611,0,0
PHN_PE,D,20181102,000000,8.2464,8.2464,8.0611,8.0611,0,0
PHN_PE,D,20181105,000000,8.2464,8.2464,8.0611,8.0611,0,0
PHN_PE,D,20181106,000000,8.0611,8.0611,7.6905,7.7831,0,0
PHN_PE,D,20181107,000000,7.7831,7.7831,7.4125,7.5052,0,0
PHN_PE,D,20181108,000000,7.5052,7.5052,7.1345,7.1345,0,0
PHN_PE,D,20181109,000000,7.1345,7.1345,6.9492,6.9492,0,0
PHN_PE,D,20181113,000000,6.9492,6.9492,6.8565,6.8565,0,0
PHN_PE,D,20181114,000000,6.8565,6.9492,6.7639,6.7639,0,0
PHN_PE,D,20181115,000000,6.7639,6.7639,6.208,6.3006,0,0
PHN_PE,D,20181116,000000,6.208,6.208,6.1153,6.1153,0,0
PHN_PE,D,20181119,000000,6.0227,6.3933,5.8374,6.1153,0,0
PHN_PE,D,20181120,000000,6.0227,6.5786,6.0227,6.208,0,0
PHN_PE,D,20181121,000000,6.3933,6.3933,6.208,6.3006,0,0
PHN_PE,D,20181122,000000,6.208,8.1537,6.208,8.1537,0,0
PHN_PE,D,20181123,000000,8.1537,8.2464,7.8758,8.2464,0,0
PHN_PE,D,20181126,000000,8.2464,8.339,7.9684,7.9684,0,0
PHN_PE,D,20181127,000000,8.1537,8.1537,7.7831,7.7831,0,0
PHN_PE,D,20181128,000000,8.0611,8.8949,8.0611,8.617,0,0
PHN_PE,D,20181129,000000,8.617,8.617,8.339,8.339,0,0
PHN_PE,D,20181130,000000,8.5243,8.5243,8.4317,8.4317,0,0
PHN_PE,D,20181203,000000,8.617,8.617,8.4317,8.5243,0,0
PHN_PE,D,20181204,000000,8.339,8.4317,8.2464,8.4317,0,0
PHN_PE,D,20181205,000000,8.339,8.8023,8.339,8.8023,0,0
PHN_PE,D,20181206,000000,8.8023,8.8023,8.2464,8.339,0,0
PHN_PE,D,20181207,000000,8.4317,8.4317,8.2464,8.4317,0,0
PHN_PE,D,20181210,000000,8.5243,8.5243,8.339,8.4317,0,0
PHN_PE,D,20181211,000000,8.4317,8.5243,8.2464,8.5243,0,0
PHN_PE,D,20181212,000000,8.5243,8.5243,8.339,8.5243,0,0
PHN_PE,D,20181213,000000,8.5243,8.5243,8.339,8.4317,0,0
PHN_PE,D,20181214,000000,8.339,8.5243,7.7831,8.4317,0,0
PHN_PE,D,20181217,000000,8.4317,8.4317,8.2464,8.2464,0,0
PHN_PE,D,20181218,000000,8.2464,8.339,7.8758,8.0611,0,0
PHN_PE,D,20181219,000000,8.2464,8.339,7.8758,8.339,0,0
PHN_PE,D,20181220,000000,8.1537,8.2464,8.0611,8.2464,0,0
PHN_PE,D,20181221,000000,8.2464,8.2464,8.0611,8.2464,0,0
PHN_PE,D,20181227,000000,8.1537,8.339,8.1537,8.1537,0,0
PHN_PE,D,20181228,000000,8.339,8.339,8.1537,8.1537,0,0
PHN_PE,D,20190102,000000,8.1537,8.1537,8.0611,8.0611,0,0
PHN_PE,D,20190103,000000,8.1537,8.8023,8.1537,8.4317,0,0
PHN_PE,D,20190104,000000,8.4317,8.9877,8.2464,8.9877,0,0
PHN_PE,D,20190107,000000,8.9877,8.9877,8.4317,8.5243,0,0
PHN_PE,D,20190108,000000,8.617,8.617,8.4317,8.5243,0,0
PHN_PE,D,20190109,000000,8.617,8.617,8.4317,8.5243,0,0
PHN_PE,D,20190110,000000,8.617,8.617,8.5243,8.5243,0,0
PHN_PE,D,20190111,000000,8.5243,8.8949,8.5243,8.8949,0,0
PHN_PE,D,20190114,000000,8.8023,8.8023,8.7096,8.7096,0,0
PHN_PE,D,20190115,000000,8.7096,8.7096,8.7096,8.7096,0,0
PHN_PE,D,20190116,000000,8.7096,8.9877,8.5243,8.8023,0,0
PHN_PE,D,20190117,000000,9.0803,9.0803,8.9877,8.9877,0,0
PHN_PE,D,20190118,000000,9.0803,9.2656,9.0803,9.2656,0,0
PHN_PE,D,20190121,000000,9.2656,9.3584,9.2656,9.2656,0,0
PHN_PE,D,20190122,000000,9.2656,9.2656,8.9877,9.0803,0,0
PHN_PE,D,20190123,000000,9.3584,9.3584,9.0803,9.1728,0,0
PHN_PE,D,20190124,000000,9.3584,9.4512,9.2656,9.4512,0,0
PHN_PE,D,20190125,000000,9.636,9.636,9.544,9.636,0,0
PHN_PE,D,20190128,000000,9.4512,9.636,9.4512,9.544,0,0
PHN_PE,D,20190129,000000,9.3584,9.729,9.3584,9.729,0,0
PHN_PE,D,20190130,000000,9.729,9.729,9.4512,9.544,0,0
PHN_PE,D,20190131,000000,9.729,9.729,9.636,9.636,0,0
PHN_PE,D,20190201,000000,9.636,10.563,9.636,10.284,0,0
PHN_PE,D,20190204,000000,10.284,11.211,10.284,10.84,0,0
PHN_PE,D,20190205,000000,10.84,11.489,10.84,11.304,0,0
PHN_PE,D,20190206,000000,11.119,11.304,11.119,11.304,0,0
PHN_PE,D,20190207,000000,11.304,11.397,11.026,11.304,0,0
PHN_PE,D,20190208,000000,11.211,12.046,11.211,11.86,0,0
PHN_PE,D,20190211,000000,12.046,12.323,12.046,12.323,0,0
PHN_PE,D,20190212,000000,12.323,12.509,11.767,11.953,0,0
PHN_PE,D,20190213,000000,11.397,11.953,11.211,11.397,0,0
PHN_PE,D,20190214,000000,11.675,11.675,11.304,11.582,0,0
PHN_PE,D,20190215,000000,11.767,11.767,11.397,11.397,0,0
PHN_PE,D,20190218,000000,11.675,11.675,11.211,11.489,0,0
PHN_PE,D,20190219,000000,11.211,12.046,10.933,11.211,0,0
PHN_PE,D,20190220,000000,11.119,11.119,10.84,11.119,0,0
PHN_PE,D,20190221,000000,10.933,11.582,10.84,10.933,0,0
PHN_PE,D,20190222,000000,11.397,11.489,10.84,11.489,0,0
PHN_PE,D,20190225,000000,11.582,11.582,11.119,11.304,0,0
PHN_PE,D,20190226,000000,11.304,11.304,11.026,11.211,0,0
PHN_PE,D,20190227,000000,11.211,11.211,11.026,11.119,0,0
PHN_PE,D,20190228,000000,11.119,11.119,11.119,11.119,0,0
PHN_PE,D,20190301,000000,11.211,11.211,10.748,11.119,0,0
PHN_PE,D,20190304,000000,11.026,11.119,10.933,10.933,0,0
PHN_PE,D,20190305,000000,10.933,10.933,10.656,10.748,0,0
PHN_PE,D,20190306,000000,10.748,10.748,10.377,10.47,0,0
PHN_PE,D,20190307,000000,10.47,10.47,10.284,10.284,0,0
PHN_PE,D,20190308,000000,10.284,10.284,9.914,10.193,0,0
PHN_PE,D,20190311,000000,10.193,10.193,9.914,10.1,0,0
PHN_PE,D,20190312,000000,10.193,10.748,10.193,10.748,0,0
PHN_PE,D,20190313,000000,11.119,11.119,10.933,11.119,0,0
PHN_PE,D,20190314,000000,11.119,11.119,10.84,11.026,0,0
PHN_PE,D,20190315,000000,11.026,11.026,10.84,10.84,0,0
PHN_PE,D,20190318,000000,11.026,11.026,10.748,11.026,0,0
PHN_PE,D,20190319,000000,10.933,11.489,10.656,11.304,0,0
PHN_PE,D,20190320,000000,11.582,11.953,11.582,11.86,0,0
PHN_PE,D,20190321,000000,11.675,11.86,11.582,11.86,0,0
PHN_PE,D,20190322,000000,11.86,11.86,11.675,11.675,0,0
PHN_PE,D,20190325,000000,11.767,11.767,11.397,11.397,0,0
PHN_PE,D,20190326,000000,11.582,11.675,11.582,11.582,0,0
PHN_PE,D,20190327,000000,11.582,11.582,11.582,11.582,0,0
PHN_PE,D,20190328,000000,11.675,11.675,11.489,11.582,0,0
PHN_PE,D,20190329,000000,11.582,11.582,11.211,11.397,0,0
PHN_PE,D,20190401,000000,11.397,11.582,11.119,11.582,0,0
PHN_PE,D,20190402,000000,11.582,11.582,10.933,11.397,0,0
PHN_PE,D,20190403,000000,11.397,11.397,11.397,11.397,0,0
PHN_PE,D,20190404,000000,11.397,11.582,11.304,11.397,0,0
PHN_PE,D,20190405,000000,11.582,11.582,11.397,11.582,0,0
PHN_PE,D,20190408,000000,11.582,11.582,11.397,11.397,0,0
PHN_PE,D,20190409,000000,11.582,11.582,10.84,11.026,0,0
PHN_PE,D,20190410,000000,10.933,11.119,10.933,11.026,0,0
PHN_PE,D,20190411,000000,11.304,11.304,11.026,11.026,0,0
PHN_PE,D,20190412,000000,11.211,11.304,10.84,11.304,0,0
PHN_PE,D,20190415,000000,11.304,11.304,10.563,10.933,0,0
PHN_PE,D,20190416,000000,10.933,10.933,10.748,10.748,0,0
PHN_PE,D,20190417,000000,10.748,10.84,10.748,10.84,0,0
PHN_PE,D,20190418,000000,10.84,11.211,10.656,10.84,0,0
PHN_PE,D,20190423,000000,10.84,10.84,10.284,10.284,0,0
PHN_PE,D,20190424,000000,10.284,10.748,10.284,10.748,0,0
PHN_PE,D,20190425,000000,10.377,10.748,10.377,10.748,0,0
PHN_PE,D,20190426,000000,10.47,10.748,10.47,10.748,0,0
PHN_PE,D,20190429,000000,10.47,10.748,10.47,10.656,0,0
PHN_PE,D,20190430,000000,10.656,10.656,10.193,10.563,0,0
PHN_PE,D,20190502,000000,10.007,10.377,10.007,10.193,0,0
PHN_PE,D,20190506,000000,10.1,10.1,9.821,10.007,0,0
PHN_PE,D,20190507,000000,10.193,10.193,9.821,10.007,0,0
PHN_PE,D,20190508,000000,10.1,10.1,10.1,10.1,0,0
PHN_PE,D,20190509,000000,10.1,10.1,9.729,10.1,0,0
PHN_PE,D,20190510,000000,10.1,10.1,9.914,10.007,0,0
PHN_PE,D,20190513,000000,10.007,10.007,9.636,10.007,0,0
PHN_PE,D,20190514,000000,10.007,10.007,10.007,10.007,0,0
PHN_PE,D,20190515,000000,10.007,10.007,9.4512,9.729,0,0
PHN_PE,D,20190516,000000,9.729,10.007,9.544,10.007,0,0
PHN_PE,D,20190517,000000,10.007,10.007,9.4512,9.914,0,0
PHN_PE,D,20190520,000000,10.007,10.007,9.544,9.544,0,0
PHN_PE,D,20190521,000000,9.544,9.544,9.0803,9.3584,0,0
PHN_PE,D,20190522,000000,9.3584,9.3584,9.0803,9.2656,0,0
PHN_PE,D,20190523,000000,9.2656,9.544,9.1728,9.3584,0,0
PHN_PE,D,20190524,000000,9.544,9.544,9.2656,9.544,0,0
PHN_PE,D,20190527,000000,9.544,9.544,9.1728,9.2656,0,0
PHN_PE,D,20190528,000000,9.0803,9.0803,8.9877,9.0803,0,0
PHN_PE,D,20190529,000000,9.4512,9.4512,8.9877,9.0803,0,0
PHN_PE,D,20190530,000000,9.4512,9.4512,9.0803,9.0803,0,0
PHN_PE,D,20190531,000000,9.544,9.544,9.0803,9.3584,0,0
PHN_PE,D,20190603,000000,9.3584,9.3584,9.1728,9.3584,0,0
PHN_PE,D,20190604,000000,9.3584,9.3584,9.3584,9.3584,0,0
PHN_PE,D,20190605,000000,9.3584,9.3584,9.1728,9.3584,0,0
PHN_PE,D,20190606,000000,9.3584,9.3584,9.1728,9.3584,0,0
PHN_PE,D,20190607,000000,9.3584,9.544,9.3584,9.4512,0,0
PHN_PE,D,20190610,000000,9.4512,9.821,9.4512,9.821,0,0
PHN_PE,D,20190611,000000,9.821,9.914,9.544,9.914,0,0
PHN_PE,D,20190612,000000,10.007,10.007,9.636,9.914,0,0
PHN_PE,D,20190613,000000,9.914,9.914,9.729,9.729,0,0
PHN_PE,D,20190614,000000,9.729,9.729,9.636,9.636,0,0
PHN_PE,D,20190617,000000,9.729,9.729,9.544,9.636,0,0
PHN_PE,D,20190618,000000,9.636,9.729,9.636,9.729,0,0
PHN_PE,D,20190619,000000,9.636,10.007,9.636,10.007,0,0
PHN_PE,D,20190621,000000,10.007,10.193,10.007,10.007,0,0
PHN_PE,D,20190624,000000,10.007,10.193,10.007,10.193,0,0
PHN_PE,D,20190625,000000,10.193,10.193,9.914,10.1,0,0
PHN_PE,D,20190626,000000,10.1,10.84,10.1,10.193,0,0
PHN_PE,D,20190627,000000,10.47,12.138,10.284,11.86,0,0
PHN_PE,D,20190628,000000,12.138,12.23,11.675,11.675,0,0
PHN_PE,D,20190701,000000,11.953,12.23,11.675,11.953,0,0
PHN_PE,D,20190702,000000,12.23,12.23,11.767,11.86,0,0
PHN_PE,D,20190703,000000,11.953,11.953,11.582,11.582,0,0
PHN_PE,D,20190704,000000,11.675,11.86,11.582,11.86,0,0
PHN_PE,D,20190705,000000,11.86,11.86,11.582,11.86,0,0
PHN_PE,D,20190708,000000,11.86,11.86,11.767,11.86,0,0
PHN_PE,D,20190709,000000,11.86,12.046,11.767,11.767,0,0
PHN_PE,D,20190710,000000,11.767,11.86,11.675,11.86,0,0
PHN_PE,D,20190711,000000,11.953,12.416,11.953,12.416,0,0
PHN_PE,D,20190712,000000,12.509,12.786,12.509,12.602,0,0
PHN_PE,D,20190715,000000,12.602,12.694,12.323,12.416,0,0
PHN_PE,D,20190716,000000,12.509,12.509,12.323,12.509,0,0
PHN_PE,D,20190717,000000,12.509,12.602,12.138,12.23,0,0
PHN_PE,D,20190718,000000,12.23,12.23,11.953,11.953,0,0
PHN_PE,D,20190719,000000,12.138,12.323,11.953,12.23,0,0
PHN_PE,D,20190722,000000,12.23,12.602,12.23,12.602,0,0
PHN_PE,D,20190723,000000,12.602,12.602,12.509,12.602,0,0
PHN_PE,D,20190724,000000,12.602,12.602,12.509,12.602,0,0
PHN_PE,D,20190725,000000,12.602,12.602,12.323,12.323,0,0
PHN_PE,D,20190726,000000,12.323,12.509,12.138,12.416,0,0
PHN_PE,D,20190729,000000,12.416,12.694,12.23,12.416,0,0
PHN_PE,D,20190730,000000,12.509,12.509,12.046,12.323,0,0
PHN_PE,D,20190731,000000,12.323,12.602,12.323,12.602,0,0
PHN_PE,D,20190801,000000,12.602,12.602,12.23,12.416,0,0
PHN_PE,D,20190802,000000,12.138,12.416,12.138,12.416,0,0
PHN_PE,D,20190805,000000,12.416,12.416,11.675,11.675,0,0
PHN_PE,D,20190806,000000,11.767,11.767,11.582,11.675,0,0
PHN_PE,D,20190807,000000,11.675,11.767,11.582,11.767,0,0
PHN_PE,D,20190808,000000,11.767,11.953,11.767,11.767,0,0
PHN_PE,D,20190809,000000,11.767,11.767,11.767,11.767,0,0
PHN_PE,D,20190812,000000,11.582,11.767,11.397,11.397,0,0
PHN_PE,D,20190813,000000,11.397,11.582,11.397,11.582,0,0
PHN_PE,D,20190814,000000,11.289,11.863,11.289,11.767,0,0
PHN_PE,D,20190816,000000,11.863,11.863,11.672,11.672,0,0
PHN_PE,D,20190819,000000,11.672,11.767,11.48,11.672,0,0
PHN_PE,D,20190820,000000,11.672,11.672,11.576,11.576,0,0
PHN_PE,D,20190821,000000,11.576,11.672,11.48,11.672,0,0
PHN_PE,D,20190822,000000,11.672,11.672,11.672,11.672,0,0
PHN_PE,D,20190823,000000,11.767,11.767,11.48,11.576,0,0
PHN_PE,D,20190826,000000,11.576,11.863,11.098,11.193,0,0
PHN_PE,D,20190827,000000,11.193,11.767,11.002,11.767,0,0
PHN_PE,D,20190828,000000,11.767,11.767,11.289,11.576,0,0
PHN_PE,D,20190829,000000,11.576,11.576,11.289,11.289,0,0
PHN_PE,D,20190830,000000,11.289,11.672,11.289,11.672,0,0
PHN_PE,D,20190902,000000,11.672,12.533,11.672,11.863,0,0
PHN_PE,D,20190903,000000,12.054,12.054,11.863,11.959,0,0
PHN_PE,D,20190904,000000,12.15,12.246,11.959,12.15,0,0
PHN_PE,D,20190905,000000,12.15,12.15,11.863,12.15,0,0
PHN_PE,D,20190906,000000,12.15,12.15,11.767,12.054,0,0
PHN_PE,D,20190909,000000,12.054,12.054,12.054,12.054,0,0
PHN_PE,D,20190910,000000,12.054,12.054,11.959,12.054,0,0
PHN_PE,D,20190911,000000,12.054,12.054,12.054,12.054,0,0
PHN_PE,D,20190912,000000,11.863,13.394,11.863,13.394,0,0
PHN_PE,D,20190913,000000,13.298,13.394,13.202,13.394,0,0
PHN_PE,D,20190916,000000,12.628,13.202,12.628,13.107,0,0
PHN_PE,D,20190917,000000,13.107,13.107,12.724,13.011,0,0
PHN_PE,D,20190918,000000,13.202,13.202,12.628,12.82,0,0
PHN_PE,D,20190919,000000,13.107,13.107,12.82,12.82,0,0
PHN_PE,D,20190920,000000,13.107,13.107,12.437,13.011,0,0
PHN_PE,D,20190923,000000,13.011,13.011,12.15,12.437,0,0
PHN_PE,D,20190924,000000,12.533,12.628,12.533,12.628,0,0
PHN_PE,D,20190925,000000,12.533,12.533,12.246,12.437,0,0
PHN_PE,D,20190926,000000,12.533,12.533,12.246,12.341,0,0
PHN_PE,D,20190927,000000,12.437,12.437,12.246,12.341,0,0
PHN_PE,D,20190930,000000,12.628,12.628,11.959,12.054,0,0
PHN_PE,D,20191001,000000,12.724,12.724,11.48,11.576,0,0
PHN_PE,D,20191002,000000,11.48,11.48,11.002,11.098,0,0
PHN_PE,D,20191003,000000,11.193,11.193,11.098,11.193,0,0
PHN_PE,D,20191004,000000,11.289,11.48,11.193,11.48,0,0
PHN_PE,D,20191007,000000,11.863,11.863,11.098,11.48,0,0
PHN_PE,D,20191008,000000,11.48,11.48,11.48,11.48,0,0
PHN_PE,D,20191009,000000,11.576,11.576,11.385,11.576,0,0
PHN_PE,D,20191010,000000,11.863,12.054,11.576,11.576,0,0
PHN_PE,D,20191011,000000,11.576,11.959,11.576,11.959,0,0
PHN_PE,D,20191014,000000,11.863,12.054,11.863,11.959,0,0
PHN_PE,D,20191015,000000,11.959,11.959,11.959,11.959,0,0
PHN_PE,D,20191016,000000,11.959,12.15,11.863,12.15,0,0
PHN_PE,D,20191017,000000,12.246,13.107,12.15,12.628,0,0
PHN_PE,D,20191018,000000,12.82,12.82,12.246,12.533,0,0
PHN_PE,D,20191021,000000,12.533,12.533,12.533,12.533,0,0
PHN_PE,D,20191022,000000,12.341,12.437,12.246,12.341,0,0
PHN_PE,D,20191023,000000,12.246,12.246,12.054,12.246,0,0
PHN_PE,D,20191024,000000,12.15,12.246,12.15,12.15,0,0
PHN_PE,D,20191025,000000,12.054,12.054,11.959,12.054,0,0
PHN_PE,D,20191028,000000,11.767,12.628,11.767,12.437,0,0
PHN_PE,D,20191029,000000,12.533,12.533,12.054,12.437,0,0
PHN_PE,D,20191030,000000,12.533,12.533,12.15,12.533,0,0
PHN_PE,D,20191031,000000,12.341,12.341,12.341,12.341,0,0
PHN_PE,D,20191104,000000,12.533,12.533,12.15,12.437,0,0
PHN_PE,D,20191105,000000,12.341,12.341,12.15,12.341,0,0
PHN_PE,D,20191106,000000,12.341,12.341,12.341,12.341,0,0
PHN_PE,D,20191107,000000,12.341,12.437,12.15,12.437,0,0
PHN_PE,D,20191108,000000,12.437,12.437,12.246,12.437,0,0
PHN_PE,D,20191112,000000,12.533,12.628,12.246,12.628,0,0
PHN_PE,D,20191113,000000,12.628,12.915,12.628,12.724,0,0
PHN_PE,D,20191114,000000,12.82,12.82,12.437,12.724,0,0
PHN_PE,D,20191115,000000,12.82,12.82,12.15,12.15,0,0
PHN_PE,D,20191118,000000,12.246,12.341,12.246,12.246,0,0
PHN_PE,D,20191119,000000,12.341,12.341,11.672,12.341,0,0
PHN_PE,D,20191120,000000,12.246,12.341,11.959,12.15,0,0
PHN_PE,D,20191121,000000,12.15,12.341,9.758,9.758,0,0
PHN_PE,D,20191122,000000,9.758,9.758,9.3756,9.663,0,0
PHN_PE,D,20191125,000000,9.758,9.758,9.567,9.758,0,0
PHN_PE,D,20191126,000000,9.95,9.95,9.663,9.663,0,0
PHN_PE,D,20191127,000000,9.758,9.758,9.567,9.567,0,0
PHN_PE,D,20191128,000000,9.758,9.854,9.567,9.854,0,0
PHN_PE,D,20191129,000000,9.854,9.95,9.663,9.663,0,0
PHN_PE,D,20191202,000000,9.567,9.854,9.567,9.663,0,0
PHN_PE,D,20191203,000000,9.663,9.758,9.567,9.758,0,0
PHN_PE,D,20191204,000000,9.567,9.567,8.8972,9.0886,0,0
PHN_PE,D,20191205,000000,9.1843,9.2799,8.9929,9.0886,0,0
PHN_PE,D,20191206,000000,8.9929,8.9929,8.9929,8.9929,0,0
PHN_PE,D,20191209,000000,9.0886,9.1843,8.9929,9.1843,0,0
PHN_PE,D,20191210,000000,9.1843,9.1843,8.9929,9.0886,0,0
PHN_PE,D,20191211,000000,8.9929,8.9929,8.6102,8.9929,0,0
PHN_PE,D,20191212,000000,8.9929,9.0886,8.9929,9.0886,0,0
PHN_PE,D,20191213,000000,9.0886,9.0886,8.9929,9.0886,0,0
PHN_PE,D,20191216,000000,9.0886,9.1843,9.0886,9.1843,0,0
PHN_PE,D,20191217,000000,9.1843,9.1843,9.1843,9.1843,0,0
PHN_PE,D,20191218,000000,9.1843,9.3756,9.0886,9.3756,0,0
PHN_PE,D,20191219,000000,9.3756,9.4713,9.0886,9.4713,0,0
PHN_PE,D,20191220,000000,9.4713,9.4713,9.1843,9.4713,0,0
PHN_PE,D,20191223,000000,9.4713,9.567,9.3756,9.4713,0,0
PHN_PE,D,20191227,000000,9.4713,9.758,9.3756,9.758,0,0
PHN_PE,D,20191230,000000,9.758,9.95,9.663,9.758,0,0
PHN_PE,D,20200102,000000,10.045,10.045,9.663,9.854,0,0
PHN_PE,D,20200103,000000,10.045,10.045,9.4713,9.4713,0,0
PHN_PE,D,20200107,000000,9.3756,10.237,9.3756,10.237,0,0
PHN_PE,D,20200108,000000,10.045,10.524,9.95,10.428,0,0
PHN_PE,D,20200109,000000,10.237,10.619,10.237,10.524,0,0
PHN_PE,D,20200110,000000,10.619,10.715,10.332,10.428,0,0
PHN_PE,D,20200113,000000,10.524,10.619,10.428,10.428,0,0
PHN_PE,D,20200114,000000,10.619,10.619,10.141,10.428,0,0
PHN_PE,D,20200115,000000,10.524,10.524,10.237,10.524,0,0
PHN_PE,D,20200116,000000,10.524,10.524,10.237,10.428,0,0
PHN_PE,D,20200117,000000,10.524,10.524,10.428,10.524,0,0
PHN_PE,D,20200120,000000,10.524,10.715,10.428,10.715,0,0
PHN_PE,D,20200121,000000,10.619,10.619,10.524,10.524,0,0
PHN_PE,D,20200122,000000,10.524,10.524,10.524,10.524,0,0
PHN_PE,D,20200123,000000,10.524,10.715,10.332,10.619,0,0
PHN_PE,D,20200124,000000,10.715,10.715,10.428,10.524,0,0
PHN_PE,D,20200127,000000,10.715,10.715,10.524,10.715,0,0
PHN_PE,D,20200128,000000,10.524,10.715,10.524,10.619,0,0
PHN_PE,D,20200129,000000,10.619,11.863,10.619,11.863,0,0
PHN_PE,D,20200130,000000,12.054,12.15,11.863,12.15,0,0
PHN_PE,D,20200131,000000,12.054,12.054,11.576,11.863,0,0
PHN_PE,D,20200203,000000,11.767,12.246,11.672,12.15,0,0
PHN_PE,D,20200204,000000,12.15,12.724,12.15,12.628,0,0
PHN_PE,D,20200205,000000,12.628,13.011,12.628,13.011,0,0
PHN_PE,D,20200206,000000,13.011,13.011,12.724,12.724,0,0
PHN_PE,D,20200207,000000,12.82,12.82,12.724,12.724,0,0
PHN_PE,D,20200210,000000,12.628,12.724,12.437,12.628,0,0
PHN_PE,D,20200211,000000,12.628,12.628,12.341,12.628,0,0
PHN_PE,D,20200212,000000,12.628,12.724,12.628,12.724,0,0
PHN_PE,D,20200213,000000,12.724,12.724,12.628,12.628,0,0
PHN_PE,D,20200214,000000,12.533,12.628,12.533,12.628,0,0
PHN_PE,D,20200217,000000,12.628,12.628,12.341,12.628,0,0
PHN_PE,D,20200218,000000,12.628,12.628,12.437,12.533,0,0
PHN_PE,D,20200219,000000,12.533,12.533,12.533,12.533,0,0
PHN_PE,D,20200220,000000,12.533,12.533,12.246,12.437,0,0
PHN_PE,D,20200221,000000,12.437,12.437,12.054,12.246,0,0
PHN_PE,D,20200224,000000,12.246,12.246,11.385,11.863,0,0
PHN_PE,D,20200225,000000,11.863,12.054,11.385,11.863,0,0
PHN_PE,D,20200226,000000,11.672,12.15,11.672,11.767,0,0
PHN_PE,D,20200227,000000,11.863,11.863,11.193,11.193,0,0
PHN_PE,D,20200228,000000,11.193,11.193,10.428,11.098,0,0
PHN_PE,D,20200302,000000,10.428,10.906,10.428,10.811,0,0
PHN_PE,D,20200303,000000,11.193,11.193,10.811,11.098,0,0
PHN_PE,D,20200304,000000,11.385,11.385,11.002,11.289,0,0
PHN_PE,D,20200305,000000,11.289,11.289,11.289,11.289,0,0
PHN_PE,D,20200306,000000,11.289,11.289,10.811,11.193,0,0
PHN_PE,D,20200309,000000,10.715,10.715,9.854,10.428,0,0
PHN_PE,D,20200310,000000,10.715,10.715,10.045,10.045,0,0
PHN_PE,D,20200311,000000,10.524,10.524,9.2799,10.045,0,0
PHN_PE,D,20200312,000000,9.2799,10.045,8.9929,9.0886,0,0
PHN_PE,D,20200313,000000,9.0886,9.4713,9.0886,9.0886,0,0
PHN_PE,D,20200316,000000,9.2799,9.2799,8.4189,8.5146,0,0
PHN_PE,D,20200317,000000,8.8016,8.9929,8.5146,8.7059,0,0
PHN_PE,D,20200318,000000,8.6102,9.1843,8.6102,9.1843,0,0
PHN_PE,D,20200319,000000,9.2799,9.2799,8.5146,8.9929,0,0
PHN_PE,D,20200320,000000,8.9929,9.2799,8.6102,8.9929,0,0
PHN_PE,D,20200323,000000,8.8972,8.8972,8.4189,8.7059,0,0
PHN_PE,D,20200324,000000,8.5146,8.8972,8.5146,8.6102,0,0
PHN_PE,D,20200325,000000,9.0886,9.1843,6.8882,6.8882,0,0
PHN_PE,D,20200326,000000,6.8882,7.0795,6.7925,7.0795,0,0
PHN_PE,D,20200327,000000,7.0795,7.0795,6.8882,7.0795,0,0
PHN_PE,D,20200330,000000,7.1752,7.1752,6.6012,6.8882,0,0
PHN_PE,D,20200331,000000,6.9839,6.9839,6.7925,6.8882,0,0
PHN_PE,D,20200401,000000,6.6969,6.9839,6.6012,6.8882,0,0
PHN_PE,D,20200402,000000,6.9839,6.9839,6.7925,6.8882,0,0
PHN_PE,D,20200403,000000,6.9839,6.9839,6.6969,6.9839,0,0
PHN_PE,D,20200406,000000,6.9839,7.1752,6.8882,7.1752,0,0
PHN_PE,D,20200407,000000,7.1752,7.1752,6.9839,7.0795,0,0
PHN_PE,D,20200408,000000,7.0795,7.1752,7.0795,7.1752,0,0
PHN_PE,D,20200409,000000,7.3665,7.4622,7.2709,7.4622,0,0
PHN_PE,D,20200414,000000,7.4622,9.3756,7.4622,8.7059,0,0
PHN_PE,D,20200415,000000,8.7059,9.4713,8.7059,8.9929,0,0
PHN_PE,D,20200416,000000,9.1843,9.1843,8.7059,9.1843,0,0
PHN_PE,D,20200417,000000,9.2799,9.3756,9.0886,9.1843,0,0
PHN_PE,D,20200420,000000,9.1843,9.2799,8.9929,9.1843,0,0
PHN_PE,D,20200421,000000,8.9929,8.9929,8.4189,8.4189,0,0
PHN_PE,D,20200422,000000,8.2276,8.5146,8.1319,8.4189,0,0
PHN_PE,D,20200423,000000,8.4189,8.4189,8.1319,8.4189,0,0
PHN_PE,D,20200424,000000,8.4189,8.4189,8.1319,8.4189,0,0
PHN_PE,D,20200427,000000,8.4189,8.6102,8.3232,8.6102,0,0
PHN_PE,D,20200428,000000,8.6102,8.6102,8.5146,8.6102,0,0
PHN_PE,D,20200429,000000,8.8016,8.9929,8.3232,8.9929,0,0
PHN_PE,D,20200430,000000,8.8972,8.8972,8.5146,8.6102,0,0
PHN_PE,D,20200504,000000,8.6102,8.6102,8.5146,8.6102,0,0
PHN_PE,D,20200505,000000,8.6102,8.6102,8.4189,8.4189,0,0
PHN_PE,D,20200506,000000,8.2276,8.4189,8.2276,8.4189,0,0
PHN_PE,D,20200507,000000,8.5146,8.5146,8.0362,8.3232,0,0
PHN_PE,D,20200508,000000,8.3232,8.3232,8.1319,8.3232,0,0
PHN_PE,D,20200511,000000,8.3232,8.3232,8.2276,8.3232,0,0
PHN_PE,D,20200512,000000,8.3232,8.5146,8.2276,8.5146,0,0
PHN_PE,D,20200513,000000,8.6102,8.8016,8.5146,8.5146,0,0
PHN_PE,D,20200514,000000,8.5146,8.6102,8.3232,8.4189,0,0
PHN_PE,D,20200515,000000,8.6102,8.6102,8.2276,8.6102,0,0
PHN_PE,D,20200518,000000,8.4189,8.6102,8.1319,8.4189,0,0
PHN_PE,D,20200519,000000,8.6102,8.6102,8.0362,8.2276,0,0
PHN_PE,D,20200520,000000,8.2276,8.3232,8.0362,8.2276,0,0
PHN_PE,D,20200521,000000,8.9929,8.9929,6.8882,6.8882,0,0
PHN_PE,D,20200522,000000,6.9839,6.9839,6.6969,6.6969,0,0
PHN_PE,D,20200525,000000,6.7925,6.8882,6.7925,6.8882,0,0
PHN_PE,D,20200526,000000,6.8882,6.8882,6.7925,6.7925,0,0
PHN_PE,D,20200527,000000,6.8882,6.9839,6.7925,6.8882,0,0
PHN_PE,D,20200528,000000,6.9839,6.9839,6.8882,6.8882,0,0
PHN_PE,D,20200529,000000,6.8882,6.8882,6.6969,6.8882,0,0
PHN_PE,D,20200601,000000,6.7925,7.0795,6.7925,6.9839,0,0
PHN_PE,D,20200602,000000,7.1752,7.3665,7.1752,7.2709,0,0
PHN_PE,D,20200603,000000,7.2709,7.4622,7.1752,7.2709,0,0
PHN_PE,D,20200604,000000,7.2709,7.4622,7.0795,7.2709,0,0
PHN_PE,D,20200605,000000,7.3665,7.3665,7.0795,7.2709,0,0
PHN_PE,D,20200608,000000,7.4622,7.4622,7.2709,7.2709,0,0
PHN_PE,D,20200609,000000,7.2709,7.3665,7.1752,7.2709,0,0
PHN_PE,D,20200610,000000,7.0795,7.1752,7.0795,7.1752,0,0
PHN_PE,D,20200612,000000,7.0795,7.1752,6.9839,7.0795,0,0
PHN_PE,D,20200615,000000,7.1752,7.1752,6.9839,7.0795,0,0
PHN_PE,D,20200616,000000,6.9839,7.2709,6.9839,7.2709,0,0
PHN_PE,D,20200617,000000,7.2709,7.2709,7.0795,7.1752,0,0
PHN_PE,D,20200618,000000,7.0795,7.2709,7.0795,7.2709,0,0
PHN_PE,D,20200619,000000,7.2709,7.2709,7.0795,7.1752,0,0
PHN_PE,D,20200622,000000,7.1752,7.2709,7.0795,7.1752,0,0
PHN_PE,D,20200623,000000,7.1752,7.1752,7.0795,7.1752,0,0
PHN_PE,D,20200624,000000,7.0795,7.0795,6.9839,6.9839,0,0
PHN_PE,D,20200625,000000,6.9839,7.1752,6.9839,6.9839,0,0
PHN_PE,D,20200626,000000,7.0795,7.1752,6.9839,7.1752,0,0
PHN_PE,D,20200629,000000,7.1752,7.2709,7.0795,7.2709,0,0
PHN_PE,D,20200630,000000,7.2709,7.2709,7.0795,7.0795,0,0
PHN_PE,D,20200701,000000,6.9839,7.2709,6.9839,7.1752,0,0
PHN_PE,D,20200702,000000,7.1752,7.1752,7.0795,7.1752,0,0
PHN_PE,D,20200703,000000,7.1752,7.1752,7.1752,7.1752,0,0
PHN_PE,D,20200706,000000,7.0795,7.2709,7.0795,7.1752,0,0
PHN_PE,D,20200707,000000,7.1752,7.1752,6.9839,7.0795,0,0
PHN_PE,D,20200708,000000,7.1752,7.1752,6.9839,7.0795,0,0
PHN_PE,D,20200709,000000,7.1752,7.2709,7.0795,7.1752,0,0
PHN_PE,D,20200710,000000,7.1752,7.1752,7.1752,7.1752,0,0
PHN_PE,D,20200713,000000,7.1752,7.1752,7.0795,7.1752,0,0
PHN_PE,D,20200714,000000,7.2709,7.2709,7.1752,7.1752,0,0
PHN_PE,D,20200715,000000,7.1752,7.1752,7.1752,7.1752,0,0
PHN_PE,D,20200716,000000,7.1752,7.1752,7.0795,7.1752,0,0
PHN_PE,D,20200717,000000,7.1752,7.2709,7.0795,7.2709,0,0
PHN_PE,D,20200720,000000,7.2709,7.2709,7.1752,7.1752,0,0
PHN_PE,D,20200721,000000,7.2709,7.2709,7.0795,7.2709,0,0
PHN_PE,D,20200722,000000,7.1752,7.3665,7.1752,7.1752,0,0
PHN_PE,D,20200723,000000,7.3665,7.3665,7.2709,7.2709,0,0
PHN_PE,D,20200724,000000,7.2709,7.3665,7.1752,7.2709,0,0
PHN_PE,D,20200727,000000,7.2709,7.2709,7.1752,7.1752,0,0
PHN_PE,D,20200728,000000,7.1752,7.3665,7.1752,7.1752,0,0
PHN_PE,D,20200729,000000,7.2709,7.2709,7.1752,7.2709,0,0
PHN_PE,D,20200730,000000,7.3665,7.3665,6.8882,6.8882,0,0
PHN_PE,D,20200731,000000,6.8882,7.1752,6.8882,7.0795,0,0
PHN_PE,D,20200803,000000,7.0795,7.1752,7.0795,7.1752,0,0
PHN_PE,D,20200804,000000,7.1752,7.2709,6.9839,6.9839,0,0
PHN_PE,D,20200805,000000,7.0795,7.1752,6.9839,7.1752,0,0
PHN_PE,D,20200806,000000,7.1752,7.2709,7.1752,7.2709,0,0
PHN_PE,D,20200807,000000,7.2709,7.2709,7.1752,7.1752,0,0
PHN_PE,D,20200810,000000,7.2709,7.2709,7.2709,7.2709,0,0
PHN_PE,D,20200811,000000,7.2709,7.2709,7.2709,7.2709,0,0
PHN_PE,D,20200812,000000,7.3665,7.3665,7.2709,7.2709,0,0
PHN_PE,D,20200813,000000,7.2709,7.4622,7.1752,7.3665,0,0
PHN_PE,D,20200814,000000,7.7,7.8,7.4,7.4,0,0
PHN_PE,D,20200817,000000,7.4,7.4,7.3,7.3,0,0
PHN_PE,D,20200818,000000,7.3,7.3,7.2,7.3,0,0
PHN_PE,D,20200819,000000,7.4,7.4,7.1,7.1,0,0
PHN_PE,D,20200820,000000,7.1,7.2,7.1,7.1,0,0
PHN_PE,D,20200821,000000,7.2,7.2,6.8,6.9,0,0
