<TICKER>,<PER>,<DATE>,<TIME>,<OPEN>,<HIGH>,<LOW>,<CLOSE>,<VOL>,<OPENINT>
PLW_PE,D,20161019,000000,52.472,52.472,52.472,52.472,0,0
PLW_PE,D,20161020,000000,50.574,52.472,48.771,52.472,0,0
PLW_PE,D,20161021,000000,51.524,52.472,51.524,52.472,0,0
PLW_PE,D,20161024,000000,52.566,55.698,52.472,55.034,0,0
PLW_PE,D,20161025,000000,55.129,55.129,53.8,54.843,0,0
PLW_PE,D,20161026,000000,54.654,54.654,53.041,53.041,0,0
PLW_PE,D,20161027,000000,53.611,53.611,51.997,53.516,0,0
PLW_PE,D,20161028,000000,52.566,53.326,52.566,53.326,0,0
PLW_PE,D,20161031,000000,52.472,54.559,52.472,54.559,0,0
PLW_PE,D,20161102,000000,54.559,54.559,53.421,54.464,0,0
PLW_PE,D,20161103,000000,54.464,54.464,53.326,54.084,0,0
PLW_PE,D,20161104,000000,53.99,53.99,52.756,53.516,0,0
PLW_PE,D,20161107,000000,53.516,53.516,52.946,53.516,0,0
PLW_PE,D,20161108,000000,53.516,53.516,52.756,53.136,0,0
PLW_PE,D,20161109,000000,53.421,53.516,52.851,53.516,0,0
PLW_PE,D,20161110,000000,53.516,53.516,52.282,53.231,0,0
PLW_PE,D,20161114,000000,53.516,53.516,53.421,53.421,0,0
PLW_PE,D,20161115,000000,53.421,53.421,52.282,53.041,0,0
PLW_PE,D,20161116,000000,53.041,53.041,51.524,53.041,0,0
PLW_PE,D,20161117,000000,53.421,53.421,51.238,51.238,0,0
PLW_PE,D,20161118,000000,51.429,51.429,49.341,49.341,0,0
PLW_PE,D,20161121,000000,49.245,49.245,47.348,48.297,0,0
PLW_PE,D,20161122,000000,47.443,52.188,47.443,52.188,0,0
PLW_PE,D,20161123,000000,52.188,52.188,51.902,52.188,0,0
PLW_PE,D,20161124,000000,52.282,52.282,48.581,51.429,0,0
PLW_PE,D,20161125,000000,52.282,54.275,52.282,54.275,0,0
PLW_PE,D,20161128,000000,54.275,54.275,52.188,52.188,0,0
PLW_PE,D,20161129,000000,52.188,54.179,51.238,53.99,0,0
PLW_PE,D,20161130,000000,53.99,55.698,52.851,55.698,0,0
PLW_PE,D,20161201,000000,55.698,55.698,53.231,55.698,0,0
PLW_PE,D,20161202,000000,55.698,55.698,53.895,55.603,0,0
PLW_PE,D,20161205,000000,55.603,55.603,54.084,54.084,0,0
PLW_PE,D,20161206,000000,55.698,55.698,53.895,55.224,0,0
PLW_PE,D,20161207,000000,55.224,55.224,53.8,55.224,0,0
PLW_PE,D,20161208,000000,53.895,55.129,53.895,55.129,0,0
PLW_PE,D,20161209,000000,55.224,55.224,53.895,55.129,0,0
PLW_PE,D,20161212,000000,55.129,55.224,53.895,53.895,0,0
PLW_PE,D,20161213,000000,53.895,55.698,53.895,55.129,0,0
PLW_PE,D,20161214,000000,55.318,55.318,54.559,54.559,0,0
PLW_PE,D,20161215,000000,54.559,54.559,53.895,54.559,0,0
PLW_PE,D,20161216,000000,54.559,54.559,52.661,53.421,0,0
PLW_PE,D,20161219,000000,51.524,54.275,51.429,53.895,0,0
PLW_PE,D,20161220,000000,52.188,53.99,52.188,53.421,0,0
PLW_PE,D,20161221,000000,53.421,53.421,51.332,51.332,0,0
PLW_PE,D,20161222,000000,52.851,52.851,51.238,51.238,0,0
PLW_PE,D,20161223,000000,51.808,51.808,51.238,51.524,0,0
PLW_PE,D,20161227,000000,51.618,52.661,50.859,52.566,0,0
PLW_PE,D,20161228,000000,52.282,52.282,50.764,51.618,0,0
PLW_PE,D,20161229,000000,52.472,54.559,52.282,53.99,0,0
PLW_PE,D,20161230,000000,53.421,55.224,53.421,55.224,0,0
PLW_PE,D,20170102,000000,55.413,55.413,53.041,55.034,0,0
PLW_PE,D,20170103,000000,55.413,55.413,52.282,52.282,0,0
PLW_PE,D,20170104,000000,53.421,53.421,52.282,52.282,0,0
PLW_PE,D,20170105,000000,52.282,53.231,51.143,51.238,0,0
PLW_PE,D,20170109,000000,51.238,51.808,51.238,51.238,0,0
PLW_PE,D,20170110,000000,51.238,51.332,50.574,51.238,0,0
PLW_PE,D,20170111,000000,51.238,51.238,50.574,50.574,0,0
PLW_PE,D,20170112,000000,51.048,51.048,49.53,50.384,0,0
PLW_PE,D,20170113,000000,51.048,51.048,49.53,50.1,0,0
PLW_PE,D,20170116,000000,49.53,50.005,48.961,49.53,0,0
PLW_PE,D,20170117,000000,49.53,49.53,48.581,48.677,0,0
PLW_PE,D,20170118,000000,48.677,48.866,48.486,48.866,0,0
PLW_PE,D,20170119,000000,48.961,48.961,47.822,48.677,0,0
PLW_PE,D,20170120,000000,48.961,48.961,47.822,48.866,0,0
PLW_PE,D,20170123,000000,48.961,48.961,47.917,48.866,0,0
PLW_PE,D,20170124,000000,49.056,49.056,47.917,48.392,0,0
PLW_PE,D,20170125,000000,47.822,48.392,47.822,47.917,0,0
PLW_PE,D,20170126,000000,49.056,49.53,48.013,49.53,0,0
PLW_PE,D,20170127,000000,49.53,49.53,48.202,48.581,0,0
PLW_PE,D,20170130,000000,48.013,49.91,48.013,49.91,0,0
PLW_PE,D,20170131,000000,49.91,54.464,49.91,52.377,0,0
PLW_PE,D,20170201,000000,52.282,53.421,52.282,53.421,0,0
PLW_PE,D,20170202,000000,53.421,53.8,53.041,53.421,0,0
PLW_PE,D,20170203,000000,53.421,53.421,52.851,52.851,0,0
PLW_PE,D,20170206,000000,52.851,53.421,52.851,53.421,0,0
PLW_PE,D,20170207,000000,53.421,53.421,53.231,53.231,0,0
PLW_PE,D,20170208,000000,53.231,53.326,52.946,53.326,0,0
PLW_PE,D,20170209,000000,53.326,54.37,52.756,54.179,0,0
PLW_PE,D,20170210,000000,53.421,54.179,53.421,53.421,0,0
PLW_PE,D,20170213,000000,53.421,54.654,53.421,54.559,0,0
PLW_PE,D,20170214,000000,54.94,54.94,53.706,54.084,0,0
PLW_PE,D,20170215,000000,54.559,54.843,53.421,54.843,0,0
PLW_PE,D,20170216,000000,54.843,54.843,53.611,54.654,0,0
PLW_PE,D,20170217,000000,54.559,54.559,53.516,53.611,0,0
PLW_PE,D,20170220,000000,54.843,54.94,54.559,54.94,0,0
PLW_PE,D,20170221,000000,54.94,56.266,53.99,55.793,0,0
PLW_PE,D,20170222,000000,55.793,56.362,55.034,55.793,0,0
PLW_PE,D,20170223,000000,56.266,56.266,55.508,55.698,0,0
PLW_PE,D,20170224,000000,55.698,55.698,54.94,55.698,0,0
PLW_PE,D,20170227,000000,56.931,59.019,56.931,57.975,0,0
PLW_PE,D,20170228,000000,58.545,63.763,57.88,62.34,0,0
PLW_PE,D,20170301,000000,64.048,65.472,63.004,63.669,0,0
PLW_PE,D,20170302,000000,64.522,69.741,64.522,68.791,0,0
PLW_PE,D,20170303,000000,70.69,74.581,69.172,71.923,0,0
PLW_PE,D,20170306,000000,72.113,72.113,69.836,71.734,0,0
PLW_PE,D,20170307,000000,68.791,69.361,64.712,65.661,0,0
PLW_PE,D,20170308,000000,65.567,67.843,62.909,63.478,0,0
PLW_PE,D,20170309,000000,64.617,66.23,62.909,65.661,0,0
PLW_PE,D,20170310,000000,66.704,69.077,64.807,68.791,0,0
PLW_PE,D,20170313,000000,69.836,70.12,69.647,70.12,0,0
PLW_PE,D,20170314,000000,69.836,70.215,68.791,70.025,0,0
PLW_PE,D,20170315,000000,69.836,70.405,68.507,70.31,0,0
PLW_PE,D,20170316,000000,70.31,70.31,69.551,70.12,0,0
PLW_PE,D,20170317,000000,69.551,71.259,69.551,70.12,0,0
PLW_PE,D,20170320,000000,71.07,72.207,70.785,71.449,0,0
PLW_PE,D,20170321,000000,71.734,72.872,71.543,71.923,0,0
PLW_PE,D,20170322,000000,72.303,72.777,70.12,71.829,0,0
PLW_PE,D,20170323,000000,72.493,72.683,70.69,71.829,0,0
PLW_PE,D,20170324,000000,72.398,72.398,69.931,71.259,0,0
PLW_PE,D,20170327,000000,71.259,71.259,68.507,71.259,0,0
PLW_PE,D,20170328,000000,71.259,71.259,67.369,70.974,0,0
PLW_PE,D,20170329,000000,70.88,70.88,67.369,68.887,0,0
PLW_PE,D,20170330,000000,68.887,68.887,66.894,68.697,0,0
PLW_PE,D,20170331,000000,70.215,70.215,66.894,68.127,0,0
PLW_PE,D,20170403,000000,70.215,70.215,65.661,65.661,0,0
PLW_PE,D,20170404,000000,66.704,66.799,65.661,66.704,0,0
PLW_PE,D,20170405,000000,66.23,66.799,65.091,66.799,0,0
PLW_PE,D,20170406,000000,66.799,67.938,66.23,67.749,0,0
PLW_PE,D,20170407,000000,67.749,67.749,66.42,66.799,0,0
PLW_PE,D,20170410,000000,66.799,66.799,64.902,66.799,0,0
PLW_PE,D,20170411,000000,65.186,66.799,63.384,64.238,0,0
PLW_PE,D,20170412,000000,63.669,64.807,63.669,64.807,0,0
PLW_PE,D,20170413,000000,64.807,64.807,62.435,63.763,0,0
PLW_PE,D,20170418,000000,63.193,64.238,63.193,64.143,0,0
PLW_PE,D,20170419,000000,64.238,64.238,63.288,63.953,0,0
PLW_PE,D,20170420,000000,64.238,68.033,64.238,67.369,0,0
PLW_PE,D,20170421,000000,67.369,67.559,66.04,67.559,0,0
PLW_PE,D,20170424,000000,67.559,67.559,66.515,67.559,0,0
PLW_PE,D,20170425,000000,67.085,67.085,65.567,66.609,0,0
PLW_PE,D,20170426,000000,66.515,66.515,62.625,63.573,0,0
PLW_PE,D,20170427,000000,64.238,66.42,64.238,66.04,0,0
PLW_PE,D,20170428,000000,66.04,66.04,64.807,66.04,0,0
PLW_PE,D,20170502,000000,66.136,66.136,64.807,65.756,0,0
PLW_PE,D,20170504,000000,65.851,65.851,63.193,64.807,0,0
PLW_PE,D,20170505,000000,64.807,64.807,63.193,63.193,0,0
PLW_PE,D,20170508,000000,63.193,63.763,62.814,62.814,0,0
PLW_PE,D,20170509,000000,62.814,62.814,59.114,61.486,0,0
PLW_PE,D,20170510,000000,59.873,63.573,59.873,62.625,0,0
PLW_PE,D,20170511,000000,62.625,62.625,61.961,62.625,0,0
PLW_PE,D,20170512,000000,62.625,62.625,59.398,62.625,0,0
PLW_PE,D,20170515,000000,62.056,62.056,61.011,61.961,0,0
PLW_PE,D,20170516,000000,61.961,61.961,59.304,59.304,0,0
PLW_PE,D,20170517,000000,60.917,60.917,55.413,57.595,0,0
PLW_PE,D,20170518,000000,58.45,58.735,57.027,57.027,0,0
PLW_PE,D,20170519,000000,57.027,60.917,56.931,60.917,0,0
PLW_PE,D,20170522,000000,60.917,60.917,59.777,60.917,0,0
PLW_PE,D,20170523,000000,60.917,60.917,59.873,60.917,0,0
PLW_PE,D,20170524,000000,60.917,60.917,60.917,60.917,0,0
PLW_PE,D,20170525,000000,60.917,62.72,60.917,62.72,0,0
PLW_PE,D,20170526,000000,62.909,62.909,56.742,56.742,0,0
PLW_PE,D,20170529,000000,58.829,59.209,56.931,59.209,0,0
PLW_PE,D,20170530,000000,59.209,60.442,56.552,60.442,0,0
PLW_PE,D,20170531,000000,60.442,61.296,59.019,59.019,0,0
PLW_PE,D,20170601,000000,59.019,61.391,59.019,60.727,0,0
PLW_PE,D,20170602,000000,61.011,61.011,59.777,59.873,0,0
PLW_PE,D,20170605,000000,60.727,61.865,60.727,61.106,0,0
PLW_PE,D,20170606,000000,62.056,62.056,60.062,61.865,0,0
PLW_PE,D,20170607,000000,61.961,61.961,59.968,61.675,0,0
PLW_PE,D,20170608,000000,61.961,61.961,61.77,61.77,0,0
PLW_PE,D,20170609,000000,61.961,61.961,61.961,61.961,0,0
PLW_PE,D,20170612,000000,60.917,61.011,59.682,59.968,0,0
PLW_PE,D,20170613,000000,60.062,62.151,60.062,61.106,0,0
PLW_PE,D,20170614,000000,61.106,62.814,60.538,62.529,0,0
PLW_PE,D,20170616,000000,62.151,63.004,62.151,62.625,0,0
PLW_PE,D,20170619,000000,62.245,62.529,62.151,62.529,0,0
PLW_PE,D,20170620,000000,63.193,63.193,59.493,59.493,0,0
PLW_PE,D,20170621,000000,59.968,59.968,59.493,59.968,0,0
PLW_PE,D,20170622,000000,61.106,62.625,60.632,61.58,0,0
PLW_PE,D,20170623,000000,62.056,62.056,61.106,62.056,0,0
PLW_PE,D,20170626,000000,62.056,62.056,60.538,62.056,0,0
PLW_PE,D,20170627,000000,62.056,62.056,61.011,61.106,0,0
PLW_PE,D,20170628,000000,61.58,62.151,61.106,61.296,0,0
PLW_PE,D,20170629,000000,61.58,62.151,61.106,62.151,0,0
PLW_PE,D,20170630,000000,62.151,63.193,61.675,63.099,0,0
PLW_PE,D,20170703,000000,63.099,64.143,63.099,63.953,0,0
PLW_PE,D,20170704,000000,63.953,64.143,63.193,63.858,0,0
PLW_PE,D,20170705,000000,63.858,63.858,61.58,61.58,0,0
PLW_PE,D,20170706,000000,62.625,62.625,61.201,61.961,0,0
PLW_PE,D,20170707,000000,61.961,63.384,61.961,63.384,0,0
PLW_PE,D,20170710,000000,64.617,64.617,64.143,64.143,0,0
PLW_PE,D,20170711,000000,64.143,64.522,62.056,62.245,0,0
PLW_PE,D,20170712,000000,63.193,63.193,62.625,62.625,0,0
PLW_PE,D,20170713,000000,63.099,63.099,62.151,63.099,0,0
PLW_PE,D,20170714,000000,63.099,63.099,61.58,63.004,0,0
PLW_PE,D,20170717,000000,63.004,63.099,61.58,63.099,0,0
PLW_PE,D,20170718,000000,63.573,63.573,62.056,62.056,0,0
PLW_PE,D,20170719,000000,63.099,63.384,62.056,63.099,0,0
PLW_PE,D,20170720,000000,63.193,63.193,63.099,63.099,0,0
PLW_PE,D,20170721,000000,63.193,63.384,60.538,62.151,0,0
PLW_PE,D,20170724,000000,62.056,62.056,55.982,58.545,0,0
PLW_PE,D,20170725,000000,59.777,61.486,59.682,60.917,0,0
PLW_PE,D,20170726,000000,60.917,61.391,60.538,61.106,0,0
PLW_PE,D,20170727,000000,58.259,61.961,58.259,61.865,0,0
PLW_PE,D,20170728,000000,62.814,62.814,60.062,62.056,0,0
PLW_PE,D,20170731,000000,63.099,63.573,62.814,63.099,0,0
PLW_PE,D,20170801,000000,63.288,63.288,61.675,62.625,0,0
PLW_PE,D,20170802,000000,63.669,63.669,62.151,63.099,0,0
PLW_PE,D,20170803,000000,63.193,63.193,61.486,62.34,0,0
PLW_PE,D,20170804,000000,62.529,62.529,60.253,62.056,0,0
PLW_PE,D,20170807,000000,62.056,62.056,60.062,62.056,0,0
PLW_PE,D,20170808,000000,61.961,62.056,60.727,61.106,0,0
PLW_PE,D,20170809,000000,61.961,61.961,59.019,59.493,0,0
PLW_PE,D,20170810,000000,61.58,61.58,58.545,60.062,0,0
PLW_PE,D,20170811,000000,61.391,61.391,57.975,60.062,0,0
PLW_PE,D,20170814,000000,61.106,61.106,59.019,60.062,0,0
PLW_PE,D,20170816,000000,60.062,60.062,57.975,60.062,0,0
PLW_PE,D,20170817,000000,60.062,60.062,58.07,59.019,0,0
PLW_PE,D,20170818,000000,58.259,58.64,56.931,58.07,0,0
PLW_PE,D,20170821,000000,59.968,61.961,59.968,60.538,0,0
PLW_PE,D,20170822,000000,60.727,61.58,60.727,61.58,0,0
PLW_PE,D,20170823,000000,61.961,62.056,61.106,61.58,0,0
PLW_PE,D,20170824,000000,61.58,61.58,61.106,61.391,0,0
PLW_PE,D,20170825,000000,61.58,61.58,61.201,61.296,0,0
PLW_PE,D,20170828,000000,62.151,62.151,61.106,61.106,0,0
PLW_PE,D,20170829,000000,62.151,62.151,61.58,61.77,0,0
PLW_PE,D,20170830,000000,61.58,63.669,61.486,63.669,0,0
PLW_PE,D,20170831,000000,64.143,64.712,63.193,64.143,0,0
PLW_PE,D,20170901,000000,64.143,65.472,64.143,65.472,0,0
PLW_PE,D,20170904,000000,65.186,66.04,65.186,66.04,0,0
PLW_PE,D,20170905,000000,66.04,66.23,65.567,66.136,0,0
PLW_PE,D,20170906,000000,66.04,66.04,65.567,65.567,0,0
PLW_PE,D,20170907,000000,65.756,65.756,64.143,64.143,0,0
PLW_PE,D,20170908,000000,64.143,65.567,64.143,65.567,0,0
PLW_PE,D,20170911,000000,66.23,68.602,66.04,68.602,0,0
PLW_PE,D,20170912,000000,69.267,71.259,69.267,70.595,0,0
PLW_PE,D,20170913,000000,70.595,71.259,70.405,71.259,0,0
PLW_PE,D,20170914,000000,70.785,70.785,68.412,70.5,0,0
PLW_PE,D,20170915,000000,70.405,70.405,68.887,69.836,0,0
PLW_PE,D,20170918,000000,69.836,75.245,69.836,74.011,0,0
PLW_PE,D,20170919,000000,73.536,75.054,70.785,72.018,0,0
PLW_PE,D,20170920,000000,72.967,72.967,70.785,70.785,0,0
PLW_PE,D,20170921,000000,71.259,71.354,68.983,70.31,0,0
PLW_PE,D,20170922,000000,70.31,70.31,68.318,69.647,0,0
PLW_PE,D,20170925,000000,69.172,69.172,66.23,66.23,0,0
PLW_PE,D,20170926,000000,67.179,67.179,63.573,65.661,0,0
PLW_PE,D,20170927,000000,65.186,69.172,64.143,68.127,0,0
PLW_PE,D,20170928,000000,68.127,68.127,68.127,68.127,0,0
PLW_PE,D,20170929,000000,69.361,69.361,69.361,69.361,0,0
PLW_PE,D,20171002,000000,69.361,69.361,66.23,67.179,0,0
PLW_PE,D,20171003,000000,67.274,70.88,67.274,70.88,0,0
PLW_PE,D,20171004,000000,71.638,71.638,69.551,70.215,0,0
PLW_PE,D,20171005,000000,69.931,70.31,68.223,70.215,0,0
PLW_PE,D,20171006,000000,70.215,70.595,67.938,70.31,0,0
PLW_PE,D,20171009,000000,71.354,71.354,68.127,68.127,0,0
PLW_PE,D,20171010,000000,69.361,71.354,67.369,70.12,0,0
PLW_PE,D,20171011,000000,70.12,71.259,69.836,69.836,0,0
PLW_PE,D,20171012,000000,69.836,70.31,67.464,70.31,0,0
PLW_PE,D,20171013,000000,70.31,70.31,68.412,69.361,0,0
PLW_PE,D,20171016,000000,70.405,71.165,67.843,70.88,0,0
PLW_PE,D,20171017,000000,71.354,71.354,69.551,70.88,0,0
PLW_PE,D,20171018,000000,70.88,70.88,67.843,68.318,0,0
PLW_PE,D,20171019,000000,69.361,69.361,67.843,68.318,0,0
PLW_PE,D,20171020,000000,69.172,69.172,66.515,68.033,0,0
PLW_PE,D,20171023,000000,67.179,67.179,63.953,63.953,0,0
PLW_PE,D,20171024,000000,65.281,65.281,61.011,61.58,0,0
PLW_PE,D,20171025,000000,61.77,63.384,59.493,63.384,0,0
PLW_PE,D,20171026,000000,63.384,64.427,63.384,64.427,0,0
PLW_PE,D,20171027,000000,65.186,65.186,64.143,64.333,0,0
PLW_PE,D,20171030,000000,64.143,64.427,63.384,64.427,0,0
PLW_PE,D,20171031,000000,65.472,66.42,64.427,66.23,0,0
PLW_PE,D,20171102,000000,66.42,66.42,64.902,64.902,0,0
PLW_PE,D,20171103,000000,64.902,65.661,64.902,65.661,0,0
PLW_PE,D,20171106,000000,65.661,65.661,64.143,65.567,0,0
PLW_PE,D,20171107,000000,65.186,65.186,63.669,65.186,0,0
PLW_PE,D,20171108,000000,63.763,65.186,63.763,64.143,0,0
PLW_PE,D,20171109,000000,65.091,65.091,62.529,63.573,0,0
PLW_PE,D,20171110,000000,62.056,64.617,62.056,64.617,0,0
PLW_PE,D,20171113,000000,64.143,64.617,63.099,64.617,0,0
PLW_PE,D,20171114,000000,64.617,64.617,63.099,63.669,0,0
PLW_PE,D,20171115,000000,63.193,64.617,63.193,64.617,0,0
PLW_PE,D,20171116,000000,63.763,64.807,63.384,64.807,0,0
PLW_PE,D,20171117,000000,65.186,66.799,64.807,66.704,0,0
PLW_PE,D,20171120,000000,67.179,67.179,65.186,67.085,0,0
PLW_PE,D,20171121,000000,67.085,68.318,66.23,68.318,0,0
PLW_PE,D,20171122,000000,68.318,68.507,67.274,68.318,0,0
PLW_PE,D,20171123,000000,68.318,69.361,67.274,69.267,0,0
PLW_PE,D,20171124,000000,69.647,69.647,69.267,69.361,0,0
PLW_PE,D,20171127,000000,70.405,70.405,35.107,35.107,0,0
PLW_PE,D,20171128,000000,35.582,35.582,34.065,34.823,0,0
PLW_PE,D,20171129,000000,35.107,35.107,33.589,34.159,0,0
PLW_PE,D,20171130,000000,34.159,34.159,32.736,33.4,0,0
PLW_PE,D,20171201,000000,33.97,33.97,32.925,33.209,0,0
PLW_PE,D,20171204,000000,33.209,33.305,32.925,33.305,0,0
PLW_PE,D,20171205,000000,33.209,33.495,33.02,33.4,0,0
PLW_PE,D,20171206,000000,33.97,33.97,32.736,33.4,0,0
PLW_PE,D,20171207,000000,33.4,33.495,33.02,33.4,0,0
PLW_PE,D,20171208,000000,33.4,33.495,32.831,33.4,0,0
PLW_PE,D,20171211,000000,33.209,33.873,33.209,33.589,0,0
PLW_PE,D,20171212,000000,33.589,33.589,33.115,33.495,0,0
PLW_PE,D,20171213,000000,33.495,33.495,32.451,32.451,0,0
PLW_PE,D,20171214,000000,33.02,33.4,32.547,33.02,0,0
PLW_PE,D,20171215,000000,33.02,33.02,31.691,31.691,0,0
PLW_PE,D,20171218,000000,32.451,32.451,31.407,31.976,0,0
PLW_PE,D,20171219,000000,31.976,33.305,31.976,33.02,0,0
PLW_PE,D,20171220,000000,33.779,33.779,33.02,33.02,0,0
PLW_PE,D,20171221,000000,33.02,33.02,32.925,33.02,0,0
PLW_PE,D,20171222,000000,32.736,33.02,32.547,32.736,0,0
PLW_PE,D,20171227,000000,33.02,34.634,33.02,34.538,0,0
PLW_PE,D,20171228,000000,35.013,35.013,34.065,34.538,0,0
PLW_PE,D,20171229,000000,34.065,34.634,33.779,34.065,0,0
PLW_PE,D,20180103,000000,33.115,33.589,33.115,33.495,0,0
PLW_PE,D,20180104,000000,33.495,33.495,33.209,33.495,0,0
PLW_PE,D,20180105,000000,34.065,34.065,33.495,33.97,0,0
PLW_PE,D,20180108,000000,33.97,35.297,33.97,34.443,0,0
PLW_PE,D,20180109,000000,35.107,35.392,35.107,35.392,0,0
PLW_PE,D,20180110,000000,35.582,36.057,34.823,35.582,0,0
PLW_PE,D,20180111,000000,35.772,35.867,35.392,35.392,0,0
PLW_PE,D,20180112,000000,36.152,36.436,35.392,35.962,0,0
PLW_PE,D,20180115,000000,35.962,36.531,35.297,35.297,0,0
PLW_PE,D,20180116,000000,35.487,36.057,35.487,36.057,0,0
PLW_PE,D,20180117,000000,36.057,36.057,35.677,35.772,0,0
PLW_PE,D,20180118,000000,36.057,37.67,36.057,37.575,0,0
PLW_PE,D,20180119,000000,37.67,38.998,37.67,38.807,0,0
PLW_PE,D,20180122,000000,39.093,42.983,39.093,42.983,0,0
PLW_PE,D,20180123,000000,44.692,47.158,44.597,45.07,0,0
PLW_PE,D,20180124,000000,45.07,45.64,42.794,43.458,0,0
PLW_PE,D,20180125,000000,43.458,44.692,43.458,44.311,0,0
PLW_PE,D,20180126,000000,44.311,45.07,44.311,44.976,0,0
PLW_PE,D,20180129,000000,45.07,45.545,44.027,45.07,0,0
PLW_PE,D,20180130,000000,45.07,45.07,44.502,44.502,0,0
PLW_PE,D,20180131,000000,43.837,44.502,43.837,44.502,0,0
PLW_PE,D,20180201,000000,43.932,44.881,41.56,42.983,0,0
PLW_PE,D,20180202,000000,42.888,42.983,41.939,42.129,0,0
PLW_PE,D,20180205,000000,41.939,43.458,40.042,43.458,0,0
PLW_PE,D,20180206,000000,40.8,41.845,40.136,40.895,0,0
PLW_PE,D,20180207,000000,41.75,44.881,41.75,44.027,0,0
PLW_PE,D,20180208,000000,44.881,44.976,43.932,43.932,0,0
PLW_PE,D,20180209,000000,43.173,44.027,42.794,43.932,0,0
PLW_PE,D,20180212,000000,43.932,44.502,43.932,44.311,0,0
PLW_PE,D,20180213,000000,44.502,45.45,44.502,45.07,0,0
PLW_PE,D,20180214,000000,45.355,45.83,45.07,45.07,0,0
PLW_PE,D,20180215,000000,45.261,45.64,43.932,44.406,0,0
PLW_PE,D,20180216,000000,44.502,45.545,44.027,45.166,0,0
PLW_PE,D,20180219,000000,44.881,45.07,43.552,44.976,0,0
PLW_PE,D,20180220,000000,44.881,46.399,44.881,46.114,0,0
PLW_PE,D,20180221,000000,46.114,46.494,45.545,46.114,0,0
PLW_PE,D,20180222,000000,46.114,46.494,45.925,46.304,0,0
PLW_PE,D,20180223,000000,46.399,48.771,46.399,48.202,0,0
PLW_PE,D,20180226,000000,48.297,48.771,47.348,47.632,0,0
PLW_PE,D,20180227,000000,47.063,47.632,46.589,46.589,0,0
PLW_PE,D,20180228,000000,46.779,47.537,46.589,47.253,0,0
PLW_PE,D,20180301,000000,48.202,48.202,46.114,46.589,0,0
PLW_PE,D,20180302,000000,46.779,46.779,45.545,45.545,0,0
PLW_PE,D,20180305,000000,45.545,46.589,45.545,46.019,0,0
PLW_PE,D,20180306,000000,46.21,47.632,46.019,46.589,0,0
PLW_PE,D,20180307,000000,47.348,47.917,46.589,47.727,0,0
PLW_PE,D,20180308,000000,48.013,48.013,47.063,48.013,0,0
PLW_PE,D,20180309,000000,47.253,49.15,47.063,48.677,0,0
PLW_PE,D,20180312,000000,49.72,51.048,49.435,49.435,0,0
PLW_PE,D,20180313,000000,49.435,50.195,48.677,50.1,0,0
PLW_PE,D,20180314,000000,50.29,52.188,50.195,52.188,0,0
PLW_PE,D,20180315,000000,52.092,53.421,50.859,53.421,0,0
PLW_PE,D,20180316,000000,53.421,53.421,51.713,51.902,0,0
PLW_PE,D,20180319,000000,52.188,52.661,51.238,52.377,0,0
PLW_PE,D,20180320,000000,51.332,52.188,51.143,51.143,0,0
PLW_PE,D,20180321,000000,51.143,51.713,49.91,51.238,0,0
PLW_PE,D,20180322,000000,51.332,51.618,50.574,51.332,0,0
PLW_PE,D,20180323,000000,50.953,51.713,50.764,51.618,0,0
PLW_PE,D,20180326,000000,50.479,51.429,49.91,50.005,0,0
PLW_PE,D,20180327,000000,50.764,50.953,50.29,50.29,0,0
PLW_PE,D,20180328,000000,50.29,50.29,48.013,48.677,0,0
PLW_PE,D,20180329,000000,50.29,51.048,48.392,51.048,0,0
PLW_PE,D,20180403,000000,51.143,51.143,50.1,50.668,0,0
PLW_PE,D,20180404,000000,50.764,50.764,49.53,49.91,0,0
PLW_PE,D,20180405,000000,49.91,50.859,46.114,47.348,0,0
PLW_PE,D,20180406,000000,47.917,52.377,47.632,52.377,0,0
PLW_PE,D,20180409,000000,63.004,63.004,57.406,57.406,0,0
PLW_PE,D,20180410,000000,58.735,60.822,58.735,60.253,0,0
PLW_PE,D,20180411,000000,60.253,61.011,57.88,58.45,0,0
PLW_PE,D,20180412,000000,57.122,57.88,56.077,57.406,0,0
PLW_PE,D,20180413,000000,57.975,57.975,56.552,56.552,0,0
PLW_PE,D,20180416,000000,58.164,58.164,54.94,55.508,0,0
PLW_PE,D,20180417,000000,55.508,55.793,53.706,54.464,0,0
PLW_PE,D,20180418,000000,55.224,55.224,53.706,54.464,0,0
PLW_PE,D,20180419,000000,53.706,53.706,50.764,51.618,0,0
PLW_PE,D,20180420,000000,53.895,53.895,51.808,52.377,0,0
PLW_PE,D,20180423,000000,54.179,54.179,39.472,39.472,0,0
PLW_PE,D,20180424,000000,39.757,39.757,38.998,39.093,0,0
PLW_PE,D,20180425,000000,38.903,39.378,37.86,39.093,0,0
PLW_PE,D,20180426,000000,38.807,41.086,38.807,39.663,0,0
PLW_PE,D,20180427,000000,40.895,40.895,39.093,39.378,0,0
PLW_PE,D,20180430,000000,40.516,42.319,40.516,41.655,0,0
PLW_PE,D,20180502,000000,44.027,45.07,42.603,42.888,0,0
PLW_PE,D,20180504,000000,43.837,44.692,43.647,44.311,0,0
PLW_PE,D,20180507,000000,44.502,45.545,43.932,44.027,0,0
PLW_PE,D,20180508,000000,44.406,44.406,42.034,43.647,0,0
PLW_PE,D,20180509,000000,43.647,44.881,42.888,44.692,0,0
PLW_PE,D,20180510,000000,44.881,50.859,44.881,50.859,0,0
PLW_PE,D,20180511,000000,53.231,59.968,53.041,59.114,0,0
PLW_PE,D,20180514,000000,60.538,63.099,54.748,58.164,0,0
PLW_PE,D,20180515,000000,58.735,58.735,55.603,57.406,0,0
PLW_PE,D,20180516,000000,57.595,68.697,57.595,67.085,0,0
PLW_PE,D,20180517,000000,68.318,68.318,55.982,56.362,0,0
PLW_PE,D,20180518,000000,61.675,61.675,55.129,57.975,0,0
PLW_PE,D,20180521,000000,65.567,65.567,61.961,63.288,0,0
PLW_PE,D,20180522,000000,64.902,68.318,64.902,68.318,0,0
PLW_PE,D,20180523,000000,68.127,71.923,68.127,70.69,0,0
PLW_PE,D,20180524,000000,70.69,71.449,67.938,70.31,0,0
PLW_PE,D,20180525,000000,70.31,70.31,68.697,69.456,0,0
PLW_PE,D,20180528,000000,71.449,71.829,68.223,68.697,0,0
PLW_PE,D,20180529,000000,71.07,71.07,59.398,59.968,0,0
PLW_PE,D,20180530,000000,47.632,53.231,25.524,25.524,0,0
PLW_PE,D,20180601,000000,25.999,25.999,21.824,24.006,0,0
PLW_PE,D,20180604,000000,24.575,29.509,24.575,29.415,0,0
PLW_PE,D,20180605,000000,30.743,31.502,30.363,30.743,0,0
PLW_PE,D,20180606,000000,29.889,30.173,27.896,29.415,0,0
PLW_PE,D,20180607,000000,29.604,29.604,28.466,29.131,0,0
PLW_PE,D,20180608,000000,28.655,28.655,26.757,26.852,0,0
PLW_PE,D,20180611,000000,26.852,27.707,24.765,27.707,0,0
PLW_PE,D,20180612,000000,27.896,28.466,26.757,27.043,0,0
PLW_PE,D,20180613,000000,27.517,27.517,26.284,26.568,0,0
PLW_PE,D,20180614,000000,26.473,29.604,26.284,29.415,0,0
PLW_PE,D,20180615,000000,30.078,30.078,28.751,28.751,0,0
PLW_PE,D,20180618,000000,29.225,29.509,28.181,28.371,0,0
PLW_PE,D,20180619,000000,27.896,27.896,27.043,27.517,0,0
PLW_PE,D,20180620,000000,27.327,27.991,26.852,27.896,0,0
PLW_PE,D,20180621,000000,27.802,28.086,26.852,27.138,0,0
PLW_PE,D,20180622,000000,27.233,27.233,26.093,26.473,0,0
PLW_PE,D,20180625,000000,26.568,26.568,25.714,26.093,0,0
PLW_PE,D,20180626,000000,26.093,26.093,25.05,25.05,0,0
PLW_PE,D,20180627,000000,24.575,25.05,23.627,25.05,0,0
PLW_PE,D,20180628,000000,25.05,28.275,25.05,27.233,0,0
PLW_PE,D,20180629,000000,27.707,28.655,27.707,28.371,0,0
PLW_PE,D,20180702,000000,28.181,28.56,27.327,27.517,0,0
PLW_PE,D,20180703,000000,27.802,27.802,27.043,27.707,0,0
PLW_PE,D,20180704,000000,27.991,29.131,27.707,28.655,0,0
PLW_PE,D,20180705,000000,28.655,29.225,28.466,28.751,0,0
PLW_PE,D,20180706,000000,29.604,29.699,27.991,27.991,0,0
PLW_PE,D,20180709,000000,28.45,28.45,27.192,27.772,0,0
PLW_PE,D,20180710,000000,28.257,28.257,26.999,27.772,0,0
PLW_PE,D,20180711,000000,27.772,27.772,26.804,27.482,0,0
PLW_PE,D,20180712,000000,27.386,27.772,27.289,27.579,0,0
PLW_PE,D,20180713,000000,27.579,27.676,26.901,27.095,0,0
PLW_PE,D,20180716,000000,27.192,27.386,26.901,27.095,0,0
PLW_PE,D,20180717,000000,27.095,30.772,27.095,30.675,0,0
PLW_PE,D,20180718,000000,30.579,30.579,27.967,28.063,0,0
PLW_PE,D,20180719,000000,28.353,29.514,28.257,28.934,0,0
PLW_PE,D,20180720,000000,29.224,29.804,28.643,28.74,0,0
PLW_PE,D,20180723,000000,30.482,30.966,30.095,30.966,0,0
PLW_PE,D,20180724,000000,31.45,34.546,31.45,33.192,0,0
PLW_PE,D,20180725,000000,33.288,34.449,33.288,34.353,0,0
PLW_PE,D,20180726,000000,34.934,34.934,33.385,33.772,0,0
PLW_PE,D,20180727,000000,33.578,36.288,33.578,36.288,0,0
PLW_PE,D,20180730,000000,36.771,38.707,36.771,38.224,0,0
PLW_PE,D,20180731,000000,38.32,38.417,36.578,36.578,0,0
PLW_PE,D,20180801,000000,35.707,36.869,35.127,36.481,0,0
PLW_PE,D,20180802,000000,36.578,37.062,35.998,37.062,0,0
PLW_PE,D,20180803,000000,36.966,36.966,35.514,35.804,0,0
PLW_PE,D,20180806,000000,35.32,36.869,35.32,36.675,0,0
PLW_PE,D,20180807,000000,36.771,38.224,36.771,37.837,0,0
PLW_PE,D,20180808,000000,37.837,38.32,37.062,37.159,0,0
PLW_PE,D,20180809,000000,38.03,38.224,37.352,38.224,0,0
PLW_PE,D,20180810,000000,37.739,37.739,36.771,37.062,0,0
PLW_PE,D,20180813,000000,36.869,38.03,36.869,38.03,0,0
PLW_PE,D,20180814,000000,38.127,38.127,36.385,36.481,0,0
PLW_PE,D,20180816,000000,34.256,35.998,34.159,35.707,0,0
PLW_PE,D,20180817,000000,35.707,36.191,34.739,36.191,0,0
PLW_PE,D,20180820,000000,36.191,36.191,35.224,35.224,0,0
PLW_PE,D,20180821,000000,35.804,35.804,34.934,35.804,0,0
PLW_PE,D,20180822,000000,35.804,35.804,34.934,35.224,0,0
PLW_PE,D,20180823,000000,35.32,35.32,34.643,34.934,0,0
PLW_PE,D,20180824,000000,35.03,35.127,34.739,34.934,0,0
PLW_PE,D,20180827,000000,34.934,35.61,33.772,33.772,0,0
PLW_PE,D,20180828,000000,33.288,33.772,33.095,33.482,0,0
PLW_PE,D,20180829,000000,33.385,33.385,32.514,32.998,0,0
PLW_PE,D,20180830,000000,32.804,34.159,32.514,34.159,0,0
PLW_PE,D,20180831,000000,34.063,34.256,32.804,33.772,0,0
PLW_PE,D,20180903,000000,33.192,33.772,30.772,30.966,0,0
PLW_PE,D,20180904,000000,30.772,32.321,30.772,31.836,0,0
PLW_PE,D,20180905,000000,31.836,32.031,30.966,31.353,0,0
PLW_PE,D,20180906,000000,31.353,31.353,30.675,31.063,0,0
PLW_PE,D,20180907,000000,30.966,33.095,30.385,31.353,0,0
PLW_PE,D,20180910,000000,31.353,31.643,30.675,31.16,0,0
PLW_PE,D,20180911,000000,31.353,31.353,30.579,30.966,0,0
PLW_PE,D,20180912,000000,30.772,30.869,29.999,30.482,0,0
PLW_PE,D,20180913,000000,30.482,30.675,29.999,30.482,0,0
PLW_PE,D,20180914,000000,29.999,31.16,29.999,31.063,0,0
PLW_PE,D,20180917,000000,31.16,33.869,31.16,33.772,0,0
PLW_PE,D,20180918,000000,33.578,35.417,33.578,35.417,0,0
PLW_PE,D,20180919,000000,35.61,35.61,33.675,34.256,0,0
PLW_PE,D,20180920,000000,34.353,35.61,34.353,35.127,0,0
PLW_PE,D,20180921,000000,35.224,35.224,34.449,34.934,0,0
PLW_PE,D,20180924,000000,35.514,35.707,22.45,22.45,0,0
PLW_PE,D,20180925,000000,22.547,22.547,21.773,22.16,0,0
PLW_PE,D,20180926,000000,22.257,22.644,22.257,22.45,0,0
PLW_PE,D,20180927,000000,22.257,22.257,21.773,21.773,0,0
PLW_PE,D,20180928,000000,21.869,21.869,20.998,21.193,0,0
PLW_PE,D,20181001,000000,21.193,21.676,20.902,21.289,0,0
PLW_PE,D,20181002,000000,21.386,22.257,21.386,22.16,0,0
PLW_PE,D,20181003,000000,22.354,22.837,22.354,22.644,0,0
PLW_PE,D,20181004,000000,22.644,22.644,21.579,21.676,0,0
PLW_PE,D,20181005,000000,21.676,21.869,21.386,21.869,0,0
PLW_PE,D,20181008,000000,21.869,22.257,20.902,21.096,0,0
PLW_PE,D,20181009,000000,20.998,21.289,20.515,20.902,0,0
PLW_PE,D,20181010,000000,21.193,21.386,19.161,19.354,0,0
PLW_PE,D,20181011,000000,18.193,18.676,17.805,18.095,0,0
PLW_PE,D,20181012,000000,18.58,19.451,18.58,18.966,0,0
PLW_PE,D,20181015,000000,19.451,19.451,18.095,18.386,0,0
PLW_PE,D,20181016,000000,18.483,19.451,18.483,19.257,0,0
PLW_PE,D,20181017,000000,19.741,20.031,19.257,19.257,0,0
PLW_PE,D,20181018,000000,19.257,19.451,18.966,19.063,0,0
PLW_PE,D,20181019,000000,18.966,19.161,18.676,18.966,0,0
PLW_PE,D,20181022,000000,19.063,19.063,18.29,18.483,0,0
PLW_PE,D,20181023,000000,18.193,18.193,17.322,17.322,0,0
PLW_PE,D,20181024,000000,17.419,18.095,17.419,17.612,0,0
PLW_PE,D,20181025,000000,17.128,18.29,17.128,18.29,0,0
PLW_PE,D,20181026,000000,18.29,18.29,17.322,17.419,0,0
PLW_PE,D,20181029,000000,17.419,17.902,17.225,17.515,0,0
PLW_PE,D,20181030,000000,17.419,17.999,17.322,17.709,0,0
PLW_PE,D,20181031,000000,18.193,18.193,17.612,17.709,0,0
PLW_PE,D,20181102,000000,18.193,18.483,17.612,17.999,0,0
PLW_PE,D,20181105,000000,17.999,18.29,17.612,17.999,0,0
PLW_PE,D,20181106,000000,17.999,18.29,17.805,17.999,0,0
PLW_PE,D,20181107,000000,17.902,19.451,17.902,19.451,0,0
PLW_PE,D,20181108,000000,19.837,20.515,19.837,20.418,0,0
PLW_PE,D,20181109,000000,20.418,20.418,19.547,19.644,0,0
PLW_PE,D,20181113,000000,20.998,21.193,20.418,20.515,0,0
PLW_PE,D,20181114,000000,20.708,20.708,19.547,20.225,0,0
PLW_PE,D,20181115,000000,20.418,20.418,19.161,19.354,0,0
PLW_PE,D,20181116,000000,19.451,19.837,18.193,19.837,0,0
PLW_PE,D,20181119,000000,19.644,19.934,19.063,19.547,0,0
PLW_PE,D,20181120,000000,19.161,19.354,18.386,18.58,0,0
PLW_PE,D,20181121,000000,18.773,19.257,18.58,18.676,0,0
PLW_PE,D,20181122,000000,18.87,19.451,18.483,18.966,0,0
PLW_PE,D,20181123,000000,19.257,19.644,18.966,19.547,0,0
PLW_PE,D,20181126,000000,20.225,21.096,20.128,21.096,0,0
PLW_PE,D,20181127,000000,20.708,20.708,20.031,20.515,0,0
PLW_PE,D,20181128,000000,20.515,20.805,20.418,20.708,0,0
PLW_PE,D,20181129,000000,21.096,21.483,20.998,21.483,0,0
PLW_PE,D,20181130,000000,21.483,21.579,20.998,21.386,0,0
PLW_PE,D,20181203,000000,21.579,22.354,21.483,22.16,0,0
PLW_PE,D,20181204,000000,22.257,22.257,21.483,21.966,0,0
PLW_PE,D,20181205,000000,21.483,21.483,21.096,21.483,0,0
PLW_PE,D,20181206,000000,21.483,21.966,21.386,21.676,0,0
PLW_PE,D,20181207,000000,21.773,22.16,21.579,21.579,0,0
PLW_PE,D,20181210,000000,21.193,21.386,20.322,20.322,0,0
PLW_PE,D,20181211,000000,20.998,20.998,20.515,20.515,0,0
PLW_PE,D,20181212,000000,20.805,20.805,20.322,20.805,0,0
PLW_PE,D,20181213,000000,20.998,20.998,20.515,20.612,0,0
PLW_PE,D,20181214,000000,20.418,20.708,20.418,20.515,0,0
PLW_PE,D,20181217,000000,20.418,20.612,19.451,19.741,0,0
PLW_PE,D,20181218,000000,19.354,19.644,19.063,19.644,0,0
PLW_PE,D,20181219,000000,19.837,20.322,19.741,20.322,0,0
PLW_PE,D,20181220,000000,19.934,20.225,19.741,19.837,0,0
PLW_PE,D,20181221,000000,19.837,20.225,19.547,19.547,0,0
PLW_PE,D,20181227,000000,20.322,20.322,19.837,20.322,0,0
PLW_PE,D,20181228,000000,20.225,20.418,20.128,20.418,0,0
PLW_PE,D,20190102,000000,20.612,21.386,20.225,21.193,0,0
PLW_PE,D,20190103,000000,21.193,21.386,20.612,20.612,0,0
PLW_PE,D,20190104,000000,20.902,21.483,20.612,21.483,0,0
PLW_PE,D,20190107,000000,21.966,22.837,21.966,22.837,0,0
PLW_PE,D,20190108,000000,23.03,23.03,22.547,22.74,0,0
PLW_PE,D,20190109,000000,22.934,23.611,22.934,23.225,0,0
PLW_PE,D,20190110,000000,23.128,23.225,22.74,23.03,0,0
PLW_PE,D,20190111,000000,23.515,23.515,22.934,23.128,0,0
PLW_PE,D,20190114,000000,23.225,23.225,22.74,23.03,0,0
PLW_PE,D,20190115,000000,23.128,23.225,22.934,23.128,0,0
PLW_PE,D,20190116,000000,23.128,24.192,23.128,24.192,0,0
PLW_PE,D,20190117,000000,24.192,24.966,23.708,24.192,0,0
PLW_PE,D,20190118,000000,24.289,24.676,24.289,24.482,0,0
PLW_PE,D,20190121,000000,24.482,24.966,24.482,24.482,0,0
PLW_PE,D,20190122,000000,24.579,24.676,23.805,23.901,0,0
PLW_PE,D,20190123,000000,23.708,25.16,23.708,24.772,0,0
PLW_PE,D,20190124,000000,24.772,24.966,24.289,24.579,0,0
PLW_PE,D,20190125,000000,24.772,24.772,24.289,24.579,0,0
PLW_PE,D,20190128,000000,24.676,24.772,23.708,23.998,0,0
PLW_PE,D,20190129,000000,23.708,24.869,23.708,24.482,0,0
PLW_PE,D,20190130,000000,24.579,24.676,24.192,24.289,0,0
PLW_PE,D,20190131,000000,24.676,24.869,24.289,24.289,0,0
PLW_PE,D,20190201,000000,24.386,24.386,23.998,24.192,0,0
PLW_PE,D,20190204,000000,24.192,24.772,24.192,24.676,0,0
PLW_PE,D,20190205,000000,24.869,24.869,24.676,24.772,0,0
PLW_PE,D,20190206,000000,24.579,24.579,23.901,23.901,0,0
PLW_PE,D,20190207,000000,23.901,23.901,23.03,23.611,0,0
PLW_PE,D,20190208,000000,23.128,23.321,22.74,22.934,0,0
PLW_PE,D,20190211,000000,22.934,22.934,22.547,22.934,0,0
PLW_PE,D,20190212,000000,22.934,23.515,22.934,23.321,0,0
PLW_PE,D,20190213,000000,23.515,23.515,22.934,23.225,0,0
PLW_PE,D,20190214,000000,23.03,23.515,23.03,23.418,0,0
PLW_PE,D,20190215,000000,23.225,24.289,22.934,23.708,0,0
PLW_PE,D,20190218,000000,23.901,24.096,23.515,23.708,0,0
PLW_PE,D,20190219,000000,23.611,23.901,23.515,23.708,0,0
PLW_PE,D,20190220,000000,23.901,23.901,23.225,23.418,0,0
PLW_PE,D,20190221,000000,23.515,23.611,23.225,23.418,0,0
PLW_PE,D,20190222,000000,23.321,23.515,23.128,23.418,0,0
PLW_PE,D,20190225,000000,23.611,23.611,22.934,23.418,0,0
PLW_PE,D,20190226,000000,23.515,23.515,23.128,23.225,0,0
PLW_PE,D,20190227,000000,23.418,23.901,23.418,23.515,0,0
PLW_PE,D,20190228,000000,23.708,24.192,23.708,23.998,0,0
PLW_PE,D,20190301,000000,24.096,24.386,23.998,23.998,0,0
PLW_PE,D,20190304,000000,24.289,24.772,24.289,24.482,0,0
PLW_PE,D,20190305,000000,24.676,24.676,23.998,24.289,0,0
PLW_PE,D,20190306,000000,24.289,24.482,24.096,24.289,0,0
PLW_PE,D,20190307,000000,24.289,24.289,23.901,24.192,0,0
PLW_PE,D,20190308,000000,23.998,24.192,23.515,24.192,0,0
PLW_PE,D,20190311,000000,24.482,24.482,24.192,24.192,0,0
PLW_PE,D,20190312,000000,24.386,24.482,24.192,24.386,0,0
PLW_PE,D,20190313,000000,24.386,25.353,24.192,25.257,0,0
PLW_PE,D,20190314,000000,25.74,26.321,25.74,25.74,0,0
PLW_PE,D,20190315,000000,25.643,25.74,25.353,25.353,0,0
PLW_PE,D,20190318,000000,25.643,26.514,25.643,26.224,0,0
PLW_PE,D,20190319,000000,26.418,26.901,26.418,26.418,0,0
PLW_PE,D,20190320,000000,26.418,26.999,26.224,26.224,0,0
PLW_PE,D,20190321,000000,26.224,26.224,25.643,26.031,0,0
PLW_PE,D,20190322,000000,26.321,26.514,25.257,25.353,0,0
PLW_PE,D,20190325,000000,25.547,25.643,24.869,25.643,0,0
PLW_PE,D,20190326,000000,25.933,26.321,25.933,26.321,0,0
PLW_PE,D,20190327,000000,26.514,26.514,26.128,26.321,0,0
PLW_PE,D,20190328,000000,26.514,27.676,26.418,27.482,0,0
PLW_PE,D,20190329,000000,27.579,28.16,26.999,27.289,0,0
PLW_PE,D,20190401,000000,27.676,27.967,27.095,27.869,0,0
PLW_PE,D,20190402,000000,27.967,28.74,27.967,28.353,0,0
PLW_PE,D,20190403,000000,28.934,29.128,28.547,28.837,0,0
PLW_PE,D,20190404,000000,29.031,29.128,27.772,28.45,0,0
PLW_PE,D,20190405,000000,28.643,28.643,27.482,27.772,0,0
PLW_PE,D,20190408,000000,27.772,28.643,27.772,28.643,0,0
PLW_PE,D,20190409,000000,28.643,28.74,28.353,28.353,0,0
PLW_PE,D,20190410,000000,28.353,28.353,27.869,27.967,0,0
PLW_PE,D,20190411,000000,28.45,28.934,28.16,28.45,0,0
PLW_PE,D,20190412,000000,28.643,28.934,28.547,28.837,0,0
PLW_PE,D,20190415,000000,28.837,29.514,28.837,29.418,0,0
PLW_PE,D,20190416,000000,29.514,30.289,29.418,29.418,0,0
PLW_PE,D,20190417,000000,29.418,29.708,28.837,29.031,0,0
PLW_PE,D,20190418,000000,29.031,29.611,29.031,29.418,0,0
PLW_PE,D,20190423,000000,29.418,30.385,29.321,30.192,0,0
PLW_PE,D,20190424,000000,30.095,30.289,29.514,29.514,0,0
PLW_PE,D,20190425,000000,29.514,29.708,29.128,29.708,0,0
PLW_PE,D,20190426,000000,30.095,30.095,26.514,26.514,0,0
PLW_PE,D,20190429,000000,26.611,26.611,26.321,26.321,0,0
PLW_PE,D,20190430,000000,26.418,26.611,26.031,26.321,0,0
PLW_PE,D,20190502,000000,27.289,27.289,26.708,27.192,0,0
PLW_PE,D,20190506,000000,27.386,27.386,26.804,26.999,0,0
PLW_PE,D,20190507,000000,26.999,26.999,25.933,26.128,0,0
PLW_PE,D,20190508,000000,25.837,25.837,25.16,25.74,0,0
PLW_PE,D,20190509,000000,25.74,25.74,24.966,25.16,0,0
PLW_PE,D,20190510,000000,25.16,26.224,25.16,25.933,0,0
PLW_PE,D,20190513,000000,25.837,25.933,24.772,24.772,0,0
PLW_PE,D,20190514,000000,24.869,25.257,24.869,25.063,0,0
PLW_PE,D,20190515,000000,25.257,25.257,24.966,25.257,0,0
PLW_PE,D,20190516,000000,25.16,25.257,24.869,24.966,0,0
PLW_PE,D,20190517,000000,25.353,25.353,24.676,24.966,0,0
PLW_PE,D,20190520,000000,25.063,25.063,23.901,24.096,0,0
PLW_PE,D,20190521,000000,23.611,23.708,23.225,23.321,0,0
PLW_PE,D,20190522,000000,22.74,23.611,22.16,23.321,0,0
PLW_PE,D,20190523,000000,23.418,23.418,22.257,22.354,0,0
PLW_PE,D,20190524,000000,22.063,23.128,22.063,22.934,0,0
PLW_PE,D,20190527,000000,23.03,23.03,22.644,22.837,0,0
PLW_PE,D,20190528,000000,22.934,23.03,22.74,22.837,0,0
PLW_PE,D,20190529,000000,22.74,22.74,21.869,21.869,0,0
PLW_PE,D,20190530,000000,24.482,26.321,24.096,26.321,0,0
PLW_PE,D,20190531,000000,26.224,26.224,25.45,25.933,0,0
PLW_PE,D,20190603,000000,26.128,26.128,24.676,24.772,0,0
PLW_PE,D,20190604,000000,24.869,25.257,24.482,25.063,0,0
PLW_PE,D,20190605,000000,25.45,26.031,25.45,25.933,0,0
PLW_PE,D,20190606,000000,26.128,26.128,25.643,25.837,0,0
PLW_PE,D,20190607,000000,26.224,27.967,25.933,27.386,0,0
PLW_PE,D,20190610,000000,27.869,27.869,26.514,26.708,0,0
PLW_PE,D,20190611,000000,26.804,26.804,26.031,26.514,0,0
PLW_PE,D,20190612,000000,26.321,26.321,25.063,25.257,0,0
PLW_PE,D,20190613,000000,25.45,26.128,25.353,26.031,0,0
PLW_PE,D,20190614,000000,26.031,26.128,25.353,25.353,0,0
PLW_PE,D,20190617,000000,25.257,25.643,24.772,25.547,0,0
PLW_PE,D,20190618,000000,25.74,26.031,25.16,25.837,0,0
PLW_PE,D,20190619,000000,25.643,25.74,25.257,25.353,0,0
PLW_PE,D,20190621,000000,25.45,25.643,24.869,24.869,0,0
PLW_PE,D,20190624,000000,24.966,25.547,24.966,25.45,0,0
PLW_PE,D,20190625,000000,25.45,25.547,25.257,25.353,0,0
PLW_PE,D,20190626,000000,25.353,25.353,24.869,25.063,0,0
PLW_PE,D,20190627,000000,24.966,25.547,24.966,25.45,0,0
PLW_PE,D,20190628,000000,25.353,25.933,25.353,25.547,0,0
PLW_PE,D,20190701,000000,25.837,26.128,25.837,25.837,0,0
PLW_PE,D,20190702,000000,25.933,26.031,25.643,25.933,0,0
PLW_PE,D,20190703,000000,25.933,26.224,25.933,26.224,0,0
PLW_PE,D,20190704,000000,26.224,26.804,26.224,26.804,0,0
PLW_PE,D,20190705,000000,26.611,27.289,26.611,26.999,0,0
PLW_PE,D,20190708,000000,27.095,27.676,27.095,27.579,0,0
PLW_PE,D,20190709,000000,27.676,27.676,26.999,27.095,0,0
PLW_PE,D,20190710,000000,27.095,27.482,26.999,27.192,0,0
PLW_PE,D,20190711,000000,26.999,27.095,26.321,26.418,0,0
PLW_PE,D,20190712,000000,26.224,26.418,25.933,26.418,0,0
PLW_PE,D,20190715,000000,26.514,26.708,26.224,26.708,0,0
PLW_PE,D,20190716,000000,26.708,26.708,26.514,26.611,0,0
PLW_PE,D,20190717,000000,26.611,26.611,25.933,26.321,0,0
PLW_PE,D,20190718,000000,26.382,26.774,26.382,26.774,0,0
PLW_PE,D,20190719,000000,26.774,27.166,26.774,27.068,0,0
PLW_PE,D,20190722,000000,27.264,27.362,27.068,27.166,0,0
PLW_PE,D,20190723,000000,27.166,27.166,26.872,26.872,0,0
PLW_PE,D,20190724,000000,26.872,27.068,26.774,27.068,0,0
PLW_PE,D,20190725,000000,27.068,27.362,27.068,27.166,0,0
PLW_PE,D,20190726,000000,27.166,27.166,27.068,27.166,0,0
PLW_PE,D,20190729,000000,27.166,27.46,27.166,27.46,0,0
PLW_PE,D,20190730,000000,27.264,27.46,27.264,27.362,0,0
PLW_PE,D,20190731,000000,27.264,27.264,26.676,26.97,0,0
PLW_PE,D,20190801,000000,26.774,27.264,26.382,26.774,0,0
PLW_PE,D,20190802,000000,26.774,26.774,26.185,26.578,0,0
PLW_PE,D,20190805,000000,26.48,26.48,26.087,26.185,0,0
PLW_PE,D,20190806,000000,25.989,26.185,25.891,26.185,0,0
PLW_PE,D,20190807,000000,25.989,26.48,25.989,26.284,0,0
PLW_PE,D,20190808,000000,26.087,26.284,25.695,26.185,0,0
PLW_PE,D,20190809,000000,26.284,26.284,25.499,25.499,0,0
PLW_PE,D,20190812,000000,25.499,25.989,25.499,25.793,0,0
PLW_PE,D,20190813,000000,25.793,25.989,25.303,25.989,0,0
PLW_PE,D,20190814,000000,25.989,26.087,25.205,25.303,0,0
PLW_PE,D,20190816,000000,25.303,25.597,25.303,25.303,0,0
PLW_PE,D,20190819,000000,25.401,25.401,25.107,25.107,0,0
PLW_PE,D,20190820,000000,25.107,25.499,25.107,25.401,0,0
PLW_PE,D,20190821,000000,25.107,25.499,25.107,25.499,0,0
PLW_PE,D,20190822,000000,25.695,26.382,25.695,26.382,0,0
PLW_PE,D,20190823,000000,26.578,26.774,26.087,26.774,0,0
PLW_PE,D,20190826,000000,25.989,26.578,25.989,26.284,0,0
PLW_PE,D,20190827,000000,26.284,26.48,26.185,26.284,0,0
PLW_PE,D,20190828,000000,26.382,26.382,25.891,25.989,0,0
PLW_PE,D,20190829,000000,25.989,26.382,25.695,26.284,0,0
PLW_PE,D,20190830,000000,26.48,27.068,26.284,26.382,0,0
PLW_PE,D,20190902,000000,26.48,26.676,26.185,26.578,0,0
PLW_PE,D,20190903,000000,26.872,26.872,26.284,26.284,0,0
PLW_PE,D,20190904,000000,26.284,26.578,26.087,26.578,0,0
PLW_PE,D,20190905,000000,26.578,26.578,26.185,26.284,0,0
PLW_PE,D,20190906,000000,26.185,26.284,26.087,26.284,0,0
PLW_PE,D,20190909,000000,26.284,26.48,26.185,26.48,0,0
PLW_PE,D,20190910,000000,26.48,26.48,26.185,26.284,0,0
PLW_PE,D,20190911,000000,26.382,26.872,26.185,26.872,0,0
PLW_PE,D,20190912,000000,26.774,26.97,26.578,26.676,0,0
PLW_PE,D,20190913,000000,26.872,27.166,26.676,27.166,0,0
PLW_PE,D,20190916,000000,27.166,28.441,26.97,28.441,0,0
PLW_PE,D,20190917,000000,28.441,28.932,27.755,27.755,0,0
PLW_PE,D,20190918,000000,27.755,27.951,27.559,27.755,0,0
PLW_PE,D,20190919,000000,27.755,28.049,27.755,28.049,0,0
PLW_PE,D,20190920,000000,28.049,28.245,27.166,27.166,0,0
PLW_PE,D,20190923,000000,27.46,28.245,27.46,27.853,0,0
PLW_PE,D,20190924,000000,27.755,28.245,27.559,28.245,0,0
PLW_PE,D,20190925,000000,28.049,28.441,27.755,28.343,0,0
PLW_PE,D,20190926,000000,28.343,28.735,28.049,28.539,0,0
PLW_PE,D,20190927,000000,28.539,28.637,28.049,28.343,0,0
PLW_PE,D,20190930,000000,28.343,28.343,27.362,27.853,0,0
PLW_PE,D,20191001,000000,28.049,28.049,27.068,27.068,0,0
PLW_PE,D,20191002,000000,26.676,26.676,25.695,25.695,0,0
PLW_PE,D,20191003,000000,25.597,25.989,25.303,25.597,0,0
PLW_PE,D,20191004,000000,25.695,26.48,25.597,26.48,0,0
PLW_PE,D,20191007,000000,26.578,27.166,26.48,27.166,0,0
PLW_PE,D,20191008,000000,27.264,27.657,27.166,27.46,0,0
PLW_PE,D,20191009,000000,27.559,27.559,26.97,27.264,0,0
PLW_PE,D,20191010,000000,27.264,27.362,26.872,27.068,0,0
PLW_PE,D,20191011,000000,27.166,27.559,27.166,27.264,0,0
PLW_PE,D,20191014,000000,27.166,27.559,26.97,27.559,0,0
PLW_PE,D,20191015,000000,27.657,27.657,27.166,27.559,0,0
PLW_PE,D,20191016,000000,27.264,27.755,27.264,27.559,0,0
PLW_PE,D,20191017,000000,27.559,27.657,27.068,27.559,0,0
PLW_PE,D,20191018,000000,27.46,27.46,26.774,27.166,0,0
PLW_PE,D,20191021,000000,27.166,27.166,26.97,27.068,0,0
PLW_PE,D,20191022,000000,27.068,27.264,26.774,26.872,0,0
PLW_PE,D,20191023,000000,26.676,26.676,26.284,26.284,0,0
PLW_PE,D,20191024,000000,26.185,26.676,26.185,26.284,0,0
PLW_PE,D,20191025,000000,26.578,26.578,25.891,26.284,0,0
PLW_PE,D,20191028,000000,26.284,26.382,25.891,26.284,0,0
PLW_PE,D,20191029,000000,26.185,26.578,25.891,26.382,0,0
PLW_PE,D,20191030,000000,26.382,26.48,25.793,25.793,0,0
PLW_PE,D,20191031,000000,25.597,25.793,25.107,25.793,0,0
PLW_PE,D,20191104,000000,25.989,26.185,25.499,25.793,0,0
PLW_PE,D,20191105,000000,26.087,26.382,25.891,26.185,0,0
PLW_PE,D,20191106,000000,26.185,26.185,25.793,25.891,0,0
PLW_PE,D,20191107,000000,25.891,25.891,25.499,25.499,0,0
PLW_PE,D,20191108,000000,25.303,25.499,25.205,25.401,0,0
PLW_PE,D,20191112,000000,25.401,25.401,24.812,24.812,0,0
PLW_PE,D,20191113,000000,24.911,25.597,24.812,25.205,0,0
PLW_PE,D,20191114,000000,25.205,25.401,25.009,25.205,0,0
PLW_PE,D,20191115,000000,25.303,25.989,25.303,25.891,0,0
PLW_PE,D,20191118,000000,25.989,26.382,25.891,25.891,0,0
PLW_PE,D,20191119,000000,25.891,26.284,25.891,25.891,0,0
PLW_PE,D,20191120,000000,25.891,25.891,25.401,25.793,0,0
PLW_PE,D,20191121,000000,25.695,25.695,25.303,25.303,0,0
PLW_PE,D,20191122,000000,25.303,25.695,25.009,25.009,0,0
PLW_PE,D,20191125,000000,25.107,25.695,25.107,25.597,0,0
PLW_PE,D,20191126,000000,25.695,25.793,25.499,25.499,0,0
PLW_PE,D,20191127,000000,25.597,25.597,25.303,25.499,0,0
PLW_PE,D,20191128,000000,25.695,25.695,25.401,25.695,0,0
PLW_PE,D,20191129,000000,25.597,25.891,25.597,25.793,0,0
PLW_PE,D,20191202,000000,28.932,28.932,19.811,19.811,0,0
PLW_PE,D,20191203,000000,19.811,20.988,19.713,20.89,0,0
PLW_PE,D,20191204,000000,20.89,21.674,20.693,21.38,0,0
PLW_PE,D,20191205,000000,21.184,21.576,20.693,21.478,0,0
PLW_PE,D,20191206,000000,21.184,21.38,20.988,21.38,0,0
PLW_PE,D,20191209,000000,21.38,21.38,20.89,21.086,0,0
PLW_PE,D,20191210,000000,20.988,22.263,20.988,22.165,0,0
PLW_PE,D,20191211,000000,22.165,23.047,22.165,23.047,0,0
PLW_PE,D,20191212,000000,23.145,23.832,23.145,23.734,0,0
PLW_PE,D,20191213,000000,23.93,23.93,23.341,23.439,0,0
PLW_PE,D,20191216,000000,23.636,23.636,22.557,22.655,0,0
PLW_PE,D,20191217,000000,22.557,23.145,21.87,23.145,0,0
PLW_PE,D,20191218,000000,23.243,23.636,23.243,23.538,0,0
PLW_PE,D,20191219,000000,23.538,23.734,23.145,23.243,0,0
PLW_PE,D,20191220,000000,23.243,23.439,22.753,23.243,0,0
PLW_PE,D,20191223,000000,23.243,23.243,22.851,22.949,0,0
PLW_PE,D,20191227,000000,23.145,23.439,23.145,23.439,0,0
PLW_PE,D,20191230,000000,23.538,24.126,23.538,24.126,0,0
PLW_PE,D,20200102,000000,24.224,25.009,24.224,25.009,0,0
PLW_PE,D,20200103,000000,25.009,25.009,24.518,24.714,0,0
PLW_PE,D,20200107,000000,25.009,25.205,24.812,25.009,0,0
PLW_PE,D,20200108,000000,25.009,25.009,24.42,24.812,0,0
PLW_PE,D,20200109,000000,24.812,26.087,24.812,26.087,0,0
PLW_PE,D,20200110,000000,26.087,26.578,26.087,26.284,0,0
PLW_PE,D,20200113,000000,26.284,26.872,26.284,26.872,0,0
PLW_PE,D,20200114,000000,26.676,28.441,26.676,28.441,0,0
PLW_PE,D,20200115,000000,28.539,28.539,26.97,26.97,0,0
PLW_PE,D,20200116,000000,26.97,27.951,26.97,27.951,0,0
PLW_PE,D,20200117,000000,27.068,27.853,26.97,27.853,0,0
PLW_PE,D,20200120,000000,27.755,28.441,27.559,28.441,0,0
PLW_PE,D,20200121,000000,28.441,28.539,27.951,27.951,0,0
PLW_PE,D,20200122,000000,27.951,28.049,27.46,27.657,0,0
PLW_PE,D,20200123,000000,27.46,27.46,26.872,26.872,0,0
PLW_PE,D,20200124,000000,26.872,27.657,26.774,26.774,0,0
PLW_PE,D,20200127,000000,26.676,26.774,25.989,26.382,0,0
PLW_PE,D,20200128,000000,26.087,27.46,26.087,27.362,0,0
PLW_PE,D,20200129,000000,27.46,28.147,27.46,27.951,0,0
PLW_PE,D,20200130,000000,27.853,27.853,27.46,27.46,0,0
PLW_PE,D,20200131,000000,27.46,27.755,27.068,27.755,0,0
PLW_PE,D,20200203,000000,27.657,30.01,27.559,29.814,0,0
PLW_PE,D,20200204,000000,30.108,32.07,30.108,31.58,0,0
PLW_PE,D,20200205,000000,31.972,33.149,31.58,32.56,0,0
PLW_PE,D,20200206,000000,32.953,32.953,31.776,32.266,0,0
PLW_PE,D,20200207,000000,32.266,32.364,31.972,32.168,0,0
PLW_PE,D,20200210,000000,32.168,34.62,32.07,34.129,0,0
PLW_PE,D,20200211,000000,34.326,37.856,34.326,37.758,0,0
PLW_PE,D,20200212,000000,37.856,38.15,36.287,37.268,0,0
PLW_PE,D,20200213,000000,36.777,37.856,36.777,37.268,0,0
PLW_PE,D,20200214,000000,37.268,37.66,36.974,37.562,0,0
PLW_PE,D,20200217,000000,37.66,38.641,37.66,38.347,0,0
PLW_PE,D,20200218,000000,38.543,39.033,38.543,39.033,0,0
PLW_PE,D,20200219,000000,39.131,39.229,38.543,39.229,0,0
PLW_PE,D,20200220,000000,39.229,39.229,37.856,38.347,0,0
PLW_PE,D,20200221,000000,38.15,39.327,38.052,39.327,0,0
PLW_PE,D,20200224,000000,38.739,38.739,37.17,37.268,0,0
PLW_PE,D,20200225,000000,36.875,36.875,32.266,34.129,0,0
PLW_PE,D,20200226,000000,33.149,35.601,31.481,34.816,0,0
PLW_PE,D,20200227,000000,35.208,35.208,31.678,32.266,0,0
PLW_PE,D,20200228,000000,29.52,30.305,26.578,28.049,0,0
PLW_PE,D,20200302,000000,30.795,31.481,28.932,31.285,0,0
PLW_PE,D,20200303,000000,32.854,34.326,32.854,34.326,0,0
PLW_PE,D,20200304,000000,32.658,34.031,32.658,33.345,0,0
PLW_PE,D,20200305,000000,34.718,34.718,31.383,31.776,0,0
PLW_PE,D,20200306,000000,30.893,31.776,29.422,30.795,0,0
PLW_PE,D,20200309,000000,27.657,29.226,25.401,26.087,0,0
PLW_PE,D,20200310,000000,28.147,28.735,26.087,26.676,0,0
PLW_PE,D,20200311,000000,27.264,27.264,24.42,24.714,0,0
PLW_PE,D,20200312,000000,21.968,23.047,19.811,19.909,0,0
PLW_PE,D,20200313,000000,21.184,22.949,20.399,21.282,0,0
PLW_PE,D,20200316,000000,20.693,24.616,20.105,24.322,0,0
PLW_PE,D,20200317,000000,24.812,27.166,24.224,26.676,0,0
PLW_PE,D,20200318,000000,26.676,28.147,26.578,27.264,0,0
PLW_PE,D,20200319,000000,26.97,28.245,26.97,28.245,0,0
PLW_PE,D,20200320,000000,30.108,30.893,28.245,28.343,0,0
PLW_PE,D,20200323,000000,27.657,29.03,27.264,28.735,0,0
PLW_PE,D,20200324,000000,30.795,31.187,30.01,31.187,0,0
PLW_PE,D,20200325,000000,31.58,33.247,30.697,30.697,0,0
PLW_PE,D,20200326,000000,30.305,31.187,29.912,30.305,0,0
PLW_PE,D,20200327,000000,30.501,30.795,29.422,29.912,0,0
PLW_PE,D,20200330,000000,30.206,30.305,29.324,30.305,0,0
PLW_PE,D,20200331,000000,30.599,31.187,30.599,30.893,0,0
PLW_PE,D,20200401,000000,30.403,31.58,30.403,31.285,0,0
PLW_PE,D,20200402,000000,31.285,31.776,30.795,31.58,0,0
PLW_PE,D,20200403,000000,31.58,32.07,31.481,32.07,0,0
PLW_PE,D,20200406,000000,32.266,36.091,32.266,36.091,0,0
PLW_PE,D,20200407,000000,36.875,37.954,33.247,33.345,0,0
PLW_PE,D,20200408,000000,33.149,34.522,33.051,34.227,0,0
PLW_PE,D,20200409,000000,35.11,35.699,34.326,34.816,0,0
PLW_PE,D,20200414,000000,35.306,37.268,35.306,37.268,0,0
PLW_PE,D,20200415,000000,37.562,37.562,36.189,36.483,0,0
PLW_PE,D,20200416,000000,36.777,37.366,36.385,37.268,0,0
PLW_PE,D,20200417,000000,37.758,39.131,37.758,39.131,0,0
PLW_PE,D,20200420,000000,39.229,41.289,38.739,41.289,0,0
PLW_PE,D,20200421,000000,41.387,42.368,38.935,39.425,0,0
PLW_PE,D,20200422,000000,39.327,41.975,39.327,41.975,0,0
PLW_PE,D,20200423,000000,41.975,42.073,41.191,41.387,0,0
PLW_PE,D,20200424,000000,40.995,41.681,40.7,41.387,0,0
PLW_PE,D,20200427,000000,41.779,44.133,41.779,43.544,0,0
PLW_PE,D,20200428,000000,43.446,45.506,43.446,44.525,0,0
PLW_PE,D,20200429,000000,44.525,45.702,44.525,45.408,0,0
PLW_PE,D,20200430,000000,45.408,45.408,31.678,31.678,0,0
PLW_PE,D,20200504,000000,31.285,32.658,30.599,31.776,0,0
PLW_PE,D,20200505,000000,31.874,32.756,31.776,31.776,0,0
PLW_PE,D,20200506,000000,31.972,31.972,31.776,31.776,0,0
PLW_PE,D,20200507,000000,31.678,31.874,30.991,30.991,0,0
PLW_PE,D,20200508,000000,30.501,30.697,30.108,30.403,0,0
PLW_PE,D,20200511,000000,30.501,30.501,29.716,30.206,0,0
PLW_PE,D,20200512,000000,30.305,31.383,29.912,31.285,0,0
PLW_PE,D,20200513,000000,31.776,32.658,31.383,31.678,0,0
PLW_PE,D,20200514,000000,31.481,31.481,29.814,30.206,0,0
PLW_PE,D,20200515,000000,30.893,31.776,30.893,31.776,0,0
PLW_PE,D,20200518,000000,31.972,33.149,31.776,33.149,0,0
PLW_PE,D,20200519,000000,33.443,33.541,33.149,33.149,0,0
PLW_PE,D,20200520,000000,33.345,33.933,32.658,33.835,0,0
PLW_PE,D,20200521,000000,33.835,34.227,33.639,34.227,0,0
PLW_PE,D,20200522,000000,33.933,34.326,33.933,34.227,0,0
PLW_PE,D,20200525,000000,34.326,35.601,34.326,35.404,0,0
PLW_PE,D,20200526,000000,35.699,37.366,35.699,37.17,0,0
PLW_PE,D,20200527,000000,37.268,37.758,34.816,35.208,0,0
PLW_PE,D,20200528,000000,35.797,36.875,34.914,36.385,0,0
PLW_PE,D,20200529,000000,33.933,35.306,30.697,30.697,0,0
PLW_PE,D,20200601,000000,30.893,31.285,30.795,31.089,0,0
PLW_PE,D,20200602,000000,31.187,31.187,30.403,30.697,0,0
PLW_PE,D,20200603,000000,30.795,32.168,30.795,32.07,0,0
PLW_PE,D,20200604,000000,32.168,32.168,31.678,31.776,0,0
PLW_PE,D,20200605,000000,31.678,31.678,30.991,31.285,0,0
PLW_PE,D,20200608,000000,31.285,31.285,29.422,29.912,0,0
PLW_PE,D,20200609,000000,29.618,31.874,29.618,31.874,0,0
PLW_PE,D,20200610,000000,32.07,32.658,31.874,31.972,0,0
PLW_PE,D,20200612,000000,30.991,31.776,30.991,31.58,0,0
PLW_PE,D,20200615,000000,31.187,32.266,31.089,31.678,0,0
PLW_PE,D,20200616,000000,32.266,32.953,32.266,32.658,0,0
PLW_PE,D,20200617,000000,32.756,33.443,32.56,33.345,0,0
PLW_PE,D,20200618,000000,33.443,33.443,33.051,33.051,0,0
PLW_PE,D,20200619,000000,34,34.3,33.6,33.6,0,0
PLW_PE,D,20200622,000000,33.6,34.2,33.5,34.1,0,0
PLW_PE,D,20200623,000000,34.1,34.6,33.8,34.3,0,0
PLW_PE,D,20200624,000000,34.6,34.6,33.6,33.7,0,0
PLW_PE,D,20200625,000000,33.7,34.5,33.2,34.4,0,0
PLW_PE,D,20200626,000000,34.5,34.5,33.6,33.6,0,0
PLW_PE,D,20200629,000000,33.6,33.7,33,33,0,0
PLW_PE,D,20200630,000000,33,33.8,32.2,32.3,0,0
PLW_PE,D,20200701,000000,32.4,34.1,32.4,34.1,0,0
PLW_PE,D,20200702,000000,34.2,34.6,33.7,34.6,0,0
PLW_PE,D,20200703,000000,34.7,34.7,34.2,34.5,0,0
PLW_PE,D,20200706,000000,34.6,37.1,34.6,37,0,0
PLW_PE,D,20200707,000000,36.6,37.2,36.6,37.2,0,0
PLW_PE,D,20200708,000000,37.3,37.3,36.1,36.5,0,0
PLW_PE,D,20200709,000000,36.9,36.9,36.6,36.9,0,0
PLW_PE,D,20200710,000000,36.9,37,36.3,36.7,0,0
PLW_PE,D,20200713,000000,37.4,40.2,37.4,40.2,0,0
PLW_PE,D,20200714,000000,40.3,40.3,37.8,38,0,0
PLW_PE,D,20200715,000000,38.8,40,38.8,39.2,0,0
PLW_PE,D,20200716,000000,39.5,39.5,38.2,38.6,0,0
PLW_PE,D,20200717,000000,38.7,38.7,37.6,37.6,0,0
PLW_PE,D,20200720,000000,37.6,38.1,37.2,38.1,0,0
PLW_PE,D,20200721,000000,38.2,38.2,36.3,36.8,0,0
PLW_PE,D,20200722,000000,36.7,36.7,35,35.2,0,0
PLW_PE,D,20200723,000000,35.1,36,34,34.1,0,0
PLW_PE,D,20200724,000000,33.9,34.1,33,33.9,0,0
PLW_PE,D,20200727,000000,34.1,35.8,33.6,35.2,0,0
PLW_PE,D,20200728,000000,34.9,35.4,34.5,35,0,0
PLW_PE,D,20200729,000000,34.8,35.1,34.5,35,0,0
PLW_PE,D,20200730,000000,35.5,35.5,32.1,32.4,0,0
PLW_PE,D,20200731,000000,32.5,34.4,32.5,34.3,0,0
PLW_PE,D,20200803,000000,34.8,34.8,33.9,34.2,0,0
PLW_PE,D,20200804,000000,34.7,34.7,33.7,33.9,0,0
PLW_PE,D,20200805,000000,33.8,33.9,33,33,0,0
PLW_PE,D,20200806,000000,32.9,34.2,32.9,34.2,0,0
PLW_PE,D,20200807,000000,34.2,34.2,33.2,33.2,0,0
PLW_PE,D,20200810,000000,33.5,34.1,33.5,33.9,0,0
PLW_PE,D,20200811,000000,34,34.1,33.3,33.5,0,0
PLW_PE,D,20200812,000000,33.9,33.9,32.6,33.3,0,0
PLW_PE,D,20200813,000000,33.9,33.9,33.4,33.9,0,0
PLW_PE,D,20200814,000000,33.9,33.9,32.8,32.9,0,0
PLW_PE,D,20200817,000000,33.3,33.8,33,33.7,0,0
PLW_PE,D,20200818,000000,33.9,34.3,33,33,0,0
PLW_PE,D,20200819,000000,33,33.4,33,33,0,0
PLW_PE,D,20200820,000000,33.1,33.1,32.6,32.7,0,0
PLW_PE,D,20200821,000000,33,33.6,32.6,33.6,0,0
