<TICKER>,<PER>,<DATE>,<TIME>,<OPEN>,<HIGH>,<LOW>,<CLOSE>,<VOL>,<OPENINT>
PLY_PE,D,20170727,000000,12.538,12.538,12.538,12.538,0,0
PLY_PE,D,20170728,000000,12.374,12.786,12.374,12.786,0,0
PLY_PE,D,20170731,000000,12.869,13.033,12.786,12.95,0,0
PLY_PE,D,20170801,000000,13.033,13.116,12.95,13.033,0,0
PLY_PE,D,20170802,000000,13.033,13.033,12.786,12.869,0,0
PLY_PE,D,20170803,000000,12.869,12.869,12.622,12.703,0,0
PLY_PE,D,20170804,000000,12.703,12.786,12.703,12.786,0,0
PLY_PE,D,20170807,000000,12.786,12.786,12.622,12.622,0,0
PLY_PE,D,20170808,000000,12.622,12.703,12.622,12.703,0,0
PLY_PE,D,20170809,000000,12.703,12.703,12.703,12.703,0,0
PLY_PE,D,20170810,000000,12.703,12.703,12.703,12.703,0,0
PLY_PE,D,20170811,000000,12.703,12.703,12.703,12.703,0,0
PLY_PE,D,20170814,000000,12.703,12.703,12.703,12.703,0,0
PLY_PE,D,20170816,000000,12.703,12.703,12.622,12.622,0,0
PLY_PE,D,20170817,000000,12.538,12.622,11.96,11.96,0,0
PLY_PE,D,20170818,000000,11.96,12.126,11.96,12.043,0,0
PLY_PE,D,20170821,000000,12.043,12.043,11.878,11.96,0,0
PLY_PE,D,20170822,000000,11.713,12.455,11.713,12.455,0,0
PLY_PE,D,20170823,000000,12.538,12.703,12.538,12.703,0,0
PLY_PE,D,20170824,000000,12.703,12.786,12.622,12.622,0,0
PLY_PE,D,20170825,000000,12.622,12.703,12.622,12.703,0,0
PLY_PE,D,20170828,000000,12.703,12.703,12.455,12.622,0,0
PLY_PE,D,20170829,000000,12.703,12.703,12.538,12.622,0,0
PLY_PE,D,20170830,000000,12.703,12.703,12.622,12.622,0,0
PLY_PE,D,20170831,000000,12.622,12.703,12.622,12.703,0,0
PLY_PE,D,20170901,000000,12.703,12.95,12.703,12.869,0,0
PLY_PE,D,20170904,000000,12.869,12.869,12.703,12.786,0,0
PLY_PE,D,20170905,000000,12.786,12.786,12.703,12.786,0,0
PLY_PE,D,20170906,000000,12.786,12.869,12.786,12.869,0,0
PLY_PE,D,20170907,000000,12.869,12.869,12.703,12.703,0,0
PLY_PE,D,20170908,000000,12.703,12.786,12.703,12.786,0,0
PLY_PE,D,20170911,000000,12.786,13.198,12.786,13.198,0,0
PLY_PE,D,20170912,000000,13.281,13.364,13.198,13.364,0,0
PLY_PE,D,20170913,000000,13.364,13.445,13.281,13.364,0,0
PLY_PE,D,20170914,000000,13.364,13.364,13.198,13.364,0,0
PLY_PE,D,20170915,000000,13.281,13.445,13.281,13.364,0,0
PLY_PE,D,20170918,000000,13.364,13.364,13.116,13.198,0,0
PLY_PE,D,20170919,000000,13.198,13.281,13.116,13.116,0,0
PLY_PE,D,20170920,000000,13.116,13.198,13.033,13.033,0,0
PLY_PE,D,20170921,000000,13.033,13.033,12.869,12.95,0,0
PLY_PE,D,20170922,000000,12.869,13.033,12.869,13.033,0,0
PLY_PE,D,20170925,000000,12.95,13.033,12.95,13.033,0,0
PLY_PE,D,20170926,000000,13.033,13.116,12.95,13.033,0,0
PLY_PE,D,20170927,000000,12.95,13.033,12.95,13.033,0,0
PLY_PE,D,20170928,000000,13.033,13.033,13.033,13.033,0,0
PLY_PE,D,20170929,000000,13.116,13.116,13.116,13.116,0,0
PLY_PE,D,20171002,000000,13.116,13.116,13.033,13.033,0,0
PLY_PE,D,20171003,000000,13.033,13.116,13.033,13.033,0,0
PLY_PE,D,20171004,000000,12.95,12.95,12.786,12.95,0,0
PLY_PE,D,20171005,000000,12.869,12.95,12.786,12.95,0,0
PLY_PE,D,20171006,000000,12.95,13.116,12.869,12.869,0,0
PLY_PE,D,20171009,000000,12.95,13.033,12.869,13.033,0,0
PLY_PE,D,20171010,000000,13.033,13.116,12.95,13.116,0,0
PLY_PE,D,20171011,000000,13.033,13.116,12.95,12.95,0,0
PLY_PE,D,20171012,000000,12.95,13.033,12.95,13.033,0,0
PLY_PE,D,20171013,000000,13.033,13.281,12.95,13.198,0,0
PLY_PE,D,20171016,000000,13.198,13.281,13.033,13.116,0,0
PLY_PE,D,20171017,000000,13.116,13.116,13.033,13.033,0,0
PLY_PE,D,20171018,000000,13.033,13.116,12.95,13.033,0,0
PLY_PE,D,20171019,000000,13.033,13.033,12.869,13.033,0,0
PLY_PE,D,20171020,000000,13.033,13.033,12.786,12.869,0,0
PLY_PE,D,20171023,000000,12.869,12.95,12.786,12.95,0,0
PLY_PE,D,20171024,000000,12.869,12.95,12.869,12.869,0,0
PLY_PE,D,20171025,000000,12.869,12.869,12.703,12.703,0,0
PLY_PE,D,20171026,000000,12.703,12.786,12.703,12.703,0,0
PLY_PE,D,20171027,000000,12.786,12.786,12.622,12.622,0,0
PLY_PE,D,20171030,000000,12.622,12.786,12.622,12.703,0,0
PLY_PE,D,20171031,000000,12.703,13.033,12.703,12.95,0,0
PLY_PE,D,20171102,000000,13.033,13.033,12.786,12.95,0,0
PLY_PE,D,20171103,000000,12.95,13.033,12.786,13.033,0,0
PLY_PE,D,20171106,000000,13.033,13.116,12.869,13.033,0,0
PLY_PE,D,20171107,000000,12.95,13.116,12.95,13.116,0,0
PLY_PE,D,20171108,000000,13.116,13.281,13.116,13.198,0,0
PLY_PE,D,20171109,000000,13.198,13.198,13.033,13.116,0,0
PLY_PE,D,20171110,000000,13.116,13.116,12.869,12.869,0,0
PLY_PE,D,20171113,000000,12.786,13.033,12.622,12.786,0,0
PLY_PE,D,20171114,000000,13.281,19.55,12.703,19.55,0,0
PLY_PE,D,20171115,000000,19.55,19.55,19.219,19.302,0,0
PLY_PE,D,20171116,000000,19.302,19.467,19.219,19.386,0,0
PLY_PE,D,20171117,000000,19.55,19.714,19.386,19.633,0,0
PLY_PE,D,20171120,000000,19.633,19.714,19.467,19.633,0,0
PLY_PE,D,20171121,000000,19.633,19.797,19.467,19.714,0,0
PLY_PE,D,20171122,000000,19.633,19.714,19.55,19.633,0,0
PLY_PE,D,20171123,000000,19.55,19.714,19.55,19.633,0,0
PLY_PE,D,20171124,000000,19.714,19.714,19.467,19.467,0,0
PLY_PE,D,20171127,000000,19.55,19.633,19.55,19.55,0,0
PLY_PE,D,20171128,000000,19.633,19.633,19.55,19.55,0,0
PLY_PE,D,20171129,000000,19.714,19.714,19.219,19.219,0,0
PLY_PE,D,20171130,000000,19.386,19.55,19.219,19.219,0,0
PLY_PE,D,20171201,000000,19.302,19.386,18.808,19.138,0,0
PLY_PE,D,20171204,000000,19.138,19.138,18.89,19.055,0,0
PLY_PE,D,20171205,000000,18.89,18.89,18.642,18.808,0,0
PLY_PE,D,20171206,000000,18.808,18.808,17.982,18.147,0,0
PLY_PE,D,20171207,000000,18.147,18.56,18.065,18.56,0,0
PLY_PE,D,20171208,000000,18.313,18.56,17.982,18.065,0,0
PLY_PE,D,20171211,000000,18.065,18.313,17.982,17.982,0,0
PLY_PE,D,20171212,000000,18.065,18.147,17.818,17.982,0,0
PLY_PE,D,20171213,000000,17.9,18.147,17.9,18.065,0,0
PLY_PE,D,20171214,000000,17.982,18.147,17.653,17.818,0,0
PLY_PE,D,20171215,000000,17.735,18.065,17.735,18.065,0,0
PLY_PE,D,20171218,000000,18.065,18.147,17.982,17.982,0,0
PLY_PE,D,20171219,000000,17.982,18.065,17.735,17.982,0,0
PLY_PE,D,20171220,000000,17.982,17.982,17.818,17.818,0,0
PLY_PE,D,20171221,000000,17.818,17.982,17.818,17.818,0,0
PLY_PE,D,20171222,000000,17.735,17.818,17.735,17.818,0,0
PLY_PE,D,20171227,000000,17.818,17.9,17.735,17.9,0,0
PLY_PE,D,20171228,000000,17.9,18.065,17.818,17.982,0,0
PLY_PE,D,20171229,000000,18.065,18.147,17.9,17.982,0,0
PLY_PE,D,20180103,000000,18.313,18.313,17.982,18.313,0,0
PLY_PE,D,20180104,000000,18.313,18.477,18.147,18.395,0,0
PLY_PE,D,20180105,000000,18.395,18.56,18.395,18.477,0,0
PLY_PE,D,20180108,000000,18.56,19.055,18.56,19.055,0,0
PLY_PE,D,20180109,000000,19.055,19.055,18.724,18.89,0,0
PLY_PE,D,20180110,000000,18.724,18.724,18.313,18.477,0,0
PLY_PE,D,20180111,000000,18.477,18.477,18.313,18.395,0,0
PLY_PE,D,20180112,000000,18.477,18.477,18.147,18.23,0,0
PLY_PE,D,20180115,000000,18.313,18.395,18.065,18.065,0,0
PLY_PE,D,20180116,000000,18.147,18.23,18.147,18.23,0,0
PLY_PE,D,20180117,000000,18.23,18.313,18.147,18.147,0,0
PLY_PE,D,20180118,000000,18.147,18.23,17.9,17.9,0,0
PLY_PE,D,20180119,000000,17.9,17.982,17.735,17.818,0,0
PLY_PE,D,20180122,000000,17.982,18.065,17.405,17.982,0,0
PLY_PE,D,20180123,000000,18.065,18.147,17.735,17.982,0,0
PLY_PE,D,20180124,000000,18.065,18.065,17.488,17.653,0,0
PLY_PE,D,20180125,000000,17.9,17.9,17.075,17.075,0,0
PLY_PE,D,20180126,000000,17.158,17.653,17.158,17.653,0,0
PLY_PE,D,20180129,000000,17.735,17.818,17.653,17.735,0,0
PLY_PE,D,20180130,000000,17.735,17.9,17.735,17.9,0,0
PLY_PE,D,20180131,000000,17.818,18.147,17.818,18.065,0,0
PLY_PE,D,20180201,000000,18.065,18.065,17.653,17.735,0,0
PLY_PE,D,20180202,000000,17.653,17.653,17.57,17.653,0,0
PLY_PE,D,20180205,000000,17.57,17.735,17.488,17.653,0,0
PLY_PE,D,20180206,000000,17.241,17.488,17.075,17.323,0,0
PLY_PE,D,20180207,000000,17.323,17.735,17.241,17.241,0,0
PLY_PE,D,20180208,000000,17.241,17.323,16.91,16.91,0,0
PLY_PE,D,20180209,000000,16.91,16.91,16.58,16.58,0,0
PLY_PE,D,20180212,000000,16.827,16.993,16.746,16.827,0,0
PLY_PE,D,20180213,000000,16.827,16.993,16.827,16.993,0,0
PLY_PE,D,20180214,000000,16.993,16.993,16.827,16.91,0,0
PLY_PE,D,20180215,000000,16.993,16.993,16.746,16.746,0,0
PLY_PE,D,20180216,000000,16.91,17.405,16.827,17.323,0,0
PLY_PE,D,20180219,000000,17.241,17.323,16.993,16.993,0,0
PLY_PE,D,20180220,000000,16.91,17.075,16.91,17.075,0,0
PLY_PE,D,20180221,000000,17.158,17.405,17.075,17.405,0,0
PLY_PE,D,20180222,000000,17.323,17.323,17.075,17.158,0,0
PLY_PE,D,20180223,000000,17.241,17.818,17.075,17.735,0,0
PLY_PE,D,20180226,000000,17.735,18.147,17.653,17.982,0,0
PLY_PE,D,20180227,000000,18.147,18.147,17.9,18.147,0,0
PLY_PE,D,20180228,000000,17.982,18.23,17.653,18.23,0,0
PLY_PE,D,20180301,000000,18.23,18.642,18.147,18.56,0,0
PLY_PE,D,20180302,000000,18.395,18.395,17.653,17.653,0,0
PLY_PE,D,20180305,000000,17.653,17.982,17.57,17.735,0,0
PLY_PE,D,20180306,000000,17.818,18.147,17.735,17.818,0,0
PLY_PE,D,20180307,000000,17.818,18.147,17.735,18.065,0,0
PLY_PE,D,20180308,000000,18.147,18.56,18.065,18.56,0,0
PLY_PE,D,20180309,000000,18.56,18.642,18.395,18.642,0,0
PLY_PE,D,20180312,000000,18.724,18.724,18.395,18.56,0,0
PLY_PE,D,20180313,000000,18.56,18.642,18.477,18.56,0,0
PLY_PE,D,20180314,000000,18.642,18.642,18.56,18.642,0,0
PLY_PE,D,20180315,000000,18.56,18.642,18.313,18.313,0,0
PLY_PE,D,20180316,000000,18.313,18.477,18.23,18.23,0,0
PLY_PE,D,20180319,000000,18.313,18.395,17.9,17.9,0,0
PLY_PE,D,20180320,000000,17.818,18.065,17.818,17.9,0,0
PLY_PE,D,20180321,000000,17.982,18.065,17.735,17.818,0,0
PLY_PE,D,20180322,000000,17.818,17.818,17.57,17.653,0,0
PLY_PE,D,20180323,000000,17.57,17.982,17.488,17.57,0,0
PLY_PE,D,20180326,000000,17.57,17.818,17.323,17.323,0,0
PLY_PE,D,20180327,000000,17.405,17.653,17.075,17.075,0,0
PLY_PE,D,20180328,000000,17.075,17.735,17.075,17.57,0,0
PLY_PE,D,20180329,000000,17.653,18.065,17.57,17.9,0,0
PLY_PE,D,20180403,000000,17.735,18.23,17.488,17.982,0,0
PLY_PE,D,20180404,000000,17.982,18.23,17.818,17.982,0,0
PLY_PE,D,20180405,000000,17.818,18.065,17.57,17.653,0,0
PLY_PE,D,20180406,000000,17.653,17.818,17.158,17.323,0,0
PLY_PE,D,20180409,000000,16.91,17.323,16.91,17.323,0,0
PLY_PE,D,20180410,000000,17.323,17.735,17.323,17.57,0,0
PLY_PE,D,20180411,000000,17.405,17.57,17.075,17.241,0,0
PLY_PE,D,20180412,000000,17.57,17.818,17.405,17.405,0,0
PLY_PE,D,20180413,000000,17.405,17.488,17.405,17.405,0,0
PLY_PE,D,20180416,000000,17.488,17.488,17.323,17.405,0,0
PLY_PE,D,20180417,000000,17.405,17.57,17.405,17.488,0,0
PLY_PE,D,20180418,000000,17.57,17.57,17.405,17.488,0,0
PLY_PE,D,20180419,000000,17.405,17.57,17.405,17.488,0,0
PLY_PE,D,20180420,000000,17.653,17.653,17.405,17.405,0,0
PLY_PE,D,20180423,000000,17.405,17.488,17.323,17.323,0,0
PLY_PE,D,20180424,000000,17.405,17.57,17.323,17.323,0,0
PLY_PE,D,20180425,000000,17.323,17.57,17.241,17.241,0,0
PLY_PE,D,20180426,000000,17.323,17.653,17.241,17.653,0,0
PLY_PE,D,20180427,000000,17.57,17.653,17.405,17.653,0,0
PLY_PE,D,20180430,000000,17.904,17.904,17.366,17.366,0,0
PLY_PE,D,20180502,000000,17.366,17.366,17.277,17.366,0,0
PLY_PE,D,20180504,000000,17.098,17.457,16.829,17.098,0,0
PLY_PE,D,20180507,000000,17.188,17.277,16.919,17.009,0,0
PLY_PE,D,20180508,000000,16.829,17.098,16.74,17.098,0,0
PLY_PE,D,20180509,000000,17.277,17.277,17.009,17.009,0,0
PLY_PE,D,20180510,000000,17.009,17.098,16.829,16.919,0,0
PLY_PE,D,20180511,000000,17.098,17.098,16.919,17.009,0,0
PLY_PE,D,20180514,000000,17.098,17.098,16.561,16.74,0,0
PLY_PE,D,20180515,000000,16.74,16.74,12.175,12.175,0,0
PLY_PE,D,20180516,000000,12.175,12.175,11.548,11.727,0,0
PLY_PE,D,20180517,000000,11.458,11.727,11.458,11.637,0,0
PLY_PE,D,20180518,000000,11.637,11.637,11.189,11.189,0,0
PLY_PE,D,20180521,000000,11.189,11.28,11.011,11.011,0,0
PLY_PE,D,20180522,000000,11.011,11.1,11.011,11.1,0,0
PLY_PE,D,20180523,000000,11.189,11.189,10.832,10.921,0,0
PLY_PE,D,20180524,000000,10.921,11.011,10.742,10.742,0,0
PLY_PE,D,20180525,000000,10.563,10.563,9.937,10.205,0,0
PLY_PE,D,20180528,000000,10.205,10.474,10.205,10.385,0,0
PLY_PE,D,20180529,000000,10.474,10.474,10.385,10.474,0,0
PLY_PE,D,20180530,000000,10.474,10.832,10.294,10.832,0,0
PLY_PE,D,20180601,000000,10.832,10.832,10.474,10.653,0,0
PLY_PE,D,20180604,000000,10.921,10.921,10.653,10.832,0,0
PLY_PE,D,20180605,000000,10.742,11.189,10.742,11.1,0,0
PLY_PE,D,20180606,000000,11.1,11.369,11.011,11.28,0,0
PLY_PE,D,20180607,000000,11.28,11.548,11.28,11.369,0,0
PLY_PE,D,20180608,000000,11.369,11.369,11.189,11.28,0,0
PLY_PE,D,20180611,000000,11.28,11.548,11.28,11.369,0,0
PLY_PE,D,20180612,000000,11.369,11.369,11.28,11.369,0,0
PLY_PE,D,20180613,000000,11.369,11.458,11.28,11.458,0,0
PLY_PE,D,20180614,000000,11.458,11.458,11.28,11.458,0,0
PLY_PE,D,20180615,000000,11.458,11.458,11.189,11.189,0,0
PLY_PE,D,20180618,000000,11.1,11.189,11.1,11.189,0,0
PLY_PE,D,20180619,000000,11.189,11.189,10.921,11.189,0,0
PLY_PE,D,20180620,000000,11.28,11.548,11.189,11.369,0,0
PLY_PE,D,20180621,000000,11.458,11.458,11.28,11.369,0,0
PLY_PE,D,20180622,000000,11.369,11.458,11.369,11.369,0,0
PLY_PE,D,20180625,000000,11.369,11.369,11.28,11.369,0,0
PLY_PE,D,20180626,000000,11.458,11.458,11.28,11.369,0,0
PLY_PE,D,20180627,000000,11.458,11.458,11.28,11.28,0,0
PLY_PE,D,20180628,000000,11.189,11.28,11.189,11.189,0,0
PLY_PE,D,20180629,000000,11.189,11.369,11.1,11.1,0,0
PLY_PE,D,20180702,000000,11.1,11.1,10.742,10.832,0,0
PLY_PE,D,20180703,000000,10.832,11.011,10.742,10.742,0,0
PLY_PE,D,20180704,000000,10.742,10.832,10.653,10.742,0,0
PLY_PE,D,20180705,000000,10.742,10.832,10.563,10.563,0,0
PLY_PE,D,20180706,000000,10.653,10.653,9.937,9.937,0,0
PLY_PE,D,20180709,000000,10.294,10.294,9.579,9.668,0,0
PLY_PE,D,20180710,000000,9.579,9.579,9.3098,9.579,0,0
PLY_PE,D,20180711,000000,9.668,9.668,9.3991,9.3991,0,0
PLY_PE,D,20180712,000000,9.4894,9.4894,9.1312,9.3098,0,0
PLY_PE,D,20180713,000000,9.3098,9.3098,9.2205,9.2205,0,0
PLY_PE,D,20180716,000000,9.2205,9.3098,9.1312,9.3098,0,0
PLY_PE,D,20180717,000000,9.3098,9.3098,9.2205,9.3098,0,0
PLY_PE,D,20180718,000000,9.2205,9.3098,9.0409,9.3098,0,0
PLY_PE,D,20180719,000000,9.1312,9.3098,9.0409,9.2205,0,0
PLY_PE,D,20180720,000000,9.2205,9.3991,9.1312,9.3098,0,0
PLY_PE,D,20180723,000000,9.3098,9.3098,9.1312,9.2205,0,0
PLY_PE,D,20180724,000000,9.1312,9.3098,9.1312,9.2205,0,0
PLY_PE,D,20180725,000000,9.3098,9.3991,9.2205,9.3991,0,0
PLY_PE,D,20180726,000000,9.3991,9.3991,9.3098,9.3098,0,0
PLY_PE,D,20180727,000000,9.3991,9.3991,9.3098,9.3991,0,0
PLY_PE,D,20180730,000000,9.3991,9.3991,9.3098,9.3991,0,0
PLY_PE,D,20180731,000000,9.3098,9.3991,9.3098,9.3098,0,0
PLY_PE,D,20180801,000000,9.3098,9.3991,9.3098,9.3098,0,0
PLY_PE,D,20180802,000000,9.3098,9.3098,9.2205,9.3098,0,0
PLY_PE,D,20180803,000000,9.3991,9.3991,9.3098,9.3098,0,0
PLY_PE,D,20180806,000000,9.3991,9.3991,9.3098,9.3098,0,0
PLY_PE,D,20180807,000000,9.3098,9.3991,9.2205,9.3098,0,0
PLY_PE,D,20180808,000000,9.3098,9.4894,9.3098,9.3991,0,0
PLY_PE,D,20180809,000000,9.4894,9.4894,9.3991,9.4894,0,0
PLY_PE,D,20180810,000000,9.4894,9.4894,9.2205,9.2205,0,0
PLY_PE,D,20180813,000000,9.2205,9.3098,9.1312,9.2205,0,0
PLY_PE,D,20180814,000000,9.1312,9.1312,6.8034,6.8034,0,0
PLY_PE,D,20180816,000000,6.7139,6.8034,6.7139,6.8034,0,0
PLY_PE,D,20180817,000000,6.8034,6.8034,6.6244,6.7139,0,0
PLY_PE,D,20180820,000000,6.8034,6.9824,6.8034,6.9824,0,0
PLY_PE,D,20180821,000000,6.9824,7.0719,6.9824,7.0719,0,0
PLY_PE,D,20180822,000000,7.1614,7.3405,7.0719,7.251,0,0
PLY_PE,D,20180823,000000,7.251,7.43,7.251,7.251,0,0
PLY_PE,D,20180824,000000,7.3405,7.3405,7.251,7.3405,0,0
PLY_PE,D,20180827,000000,7.3405,7.43,7.251,7.251,0,0
PLY_PE,D,20180828,000000,7.3405,7.3405,7.251,7.3405,0,0
PLY_PE,D,20180829,000000,7.43,7.43,7.251,7.251,0,0
PLY_PE,D,20180830,000000,7.3405,7.3405,7.1614,7.251,0,0
PLY_PE,D,20180831,000000,7.251,7.251,7.0719,7.251,0,0
PLY_PE,D,20180903,000000,7.251,7.3405,7.1614,7.1614,0,0
PLY_PE,D,20180904,000000,7.251,7.251,6.9824,7.0719,0,0
PLY_PE,D,20180905,000000,7.0719,7.0719,6.9824,6.9824,0,0
PLY_PE,D,20180906,000000,6.9824,6.9824,6.9824,6.9824,0,0
PLY_PE,D,20180907,000000,6.9824,6.9824,6.8929,6.8929,0,0
PLY_PE,D,20180910,000000,6.8034,7.1614,6.7139,7.1614,0,0
PLY_PE,D,20180911,000000,7.1614,7.1614,6.8034,6.9824,0,0
PLY_PE,D,20180912,000000,6.9824,6.9824,6.8929,6.8929,0,0
PLY_PE,D,20180913,000000,6.8929,6.8929,6.8034,6.8929,0,0
PLY_PE,D,20180914,000000,6.9824,6.9824,6.8034,6.8034,0,0
PLY_PE,D,20180917,000000,6.8034,6.8929,6.7139,6.7139,0,0
PLY_PE,D,20180918,000000,6.7139,6.8034,6.7139,6.8034,0,0
PLY_PE,D,20180919,000000,6.8034,6.8034,6.7139,6.7139,0,0
PLY_PE,D,20180920,000000,6.7139,6.8034,6.6244,6.7139,0,0
PLY_PE,D,20180921,000000,6.8034,6.8034,6.6244,6.6244,0,0
PLY_PE,D,20180924,000000,6.6244,6.7139,6.5348,6.5348,0,0
PLY_PE,D,20180925,000000,6.5348,6.7139,6.5348,6.6244,0,0
PLY_PE,D,20180926,000000,6.6244,6.8034,6.6244,6.8034,0,0
PLY_PE,D,20180927,000000,6.8034,6.8929,6.7139,6.7139,0,0
PLY_PE,D,20180928,000000,6.7139,6.8034,6.6244,6.7139,0,0
PLY_PE,D,20181001,000000,6.8034,6.8034,6.5348,6.5348,0,0
PLY_PE,D,20181002,000000,6.4453,6.7139,6.4453,6.7139,0,0
PLY_PE,D,20181003,000000,6.7139,6.7139,6.5348,6.5348,0,0
PLY_PE,D,20181004,000000,6.5348,6.5348,6.2663,6.3558,0,0
PLY_PE,D,20181005,000000,6.4453,6.4453,6.1768,6.1768,0,0
PLY_PE,D,20181008,000000,6.0873,6.1768,6.0873,6.0873,0,0
PLY_PE,D,20181009,000000,6.0873,6.1768,6.0873,6.0873,0,0
PLY_PE,D,20181010,000000,6.0873,6.0873,5.9082,5.9082,0,0
PLY_PE,D,20181011,000000,5.8187,5.8187,5.6397,5.7292,0,0
PLY_PE,D,20181012,000000,5.7292,5.8187,5.6397,5.6397,0,0
PLY_PE,D,20181015,000000,5.6397,5.6397,5.3711,5.3711,0,0
PLY_PE,D,20181016,000000,5.3711,5.7292,5.3711,5.7292,0,0
PLY_PE,D,20181017,000000,5.8187,6.0873,5.8187,5.9977,0,0
PLY_PE,D,20181018,000000,5.9977,6.0873,5.8187,5.8187,0,0
PLY_PE,D,20181019,000000,5.8187,5.9082,5.8187,5.8187,0,0
PLY_PE,D,20181022,000000,5.8187,5.9977,5.8187,5.9082,0,0
PLY_PE,D,20181023,000000,5.8187,5.9977,5.8187,5.8187,0,0
PLY_PE,D,20181024,000000,5.8187,5.9082,5.7292,5.8187,0,0
PLY_PE,D,20181025,000000,5.7292,5.8187,5.4606,5.4606,0,0
PLY_PE,D,20181026,000000,5.4606,5.4606,5.2816,5.2816,0,0
PLY_PE,D,20181029,000000,5.2816,5.3711,5.1921,5.3711,0,0
PLY_PE,D,20181030,000000,5.3711,5.4606,5.1921,5.1921,0,0
PLY_PE,D,20181031,000000,5.1921,5.4606,5.1026,5.4606,0,0
PLY_PE,D,20181102,000000,5.4606,5.6397,5.3711,5.4606,0,0
PLY_PE,D,20181105,000000,5.4606,5.4606,5.3711,5.3711,0,0
PLY_PE,D,20181106,000000,5.4606,5.4606,5.1921,5.2816,0,0
PLY_PE,D,20181107,000000,5.2816,5.4606,5.2816,5.4606,0,0
PLY_PE,D,20181108,000000,5.5502,5.5502,5.2816,5.3711,0,0
PLY_PE,D,20181109,000000,5.3711,5.3711,5.2816,5.3711,0,0
PLY_PE,D,20181113,000000,5.3711,5.4606,5.1921,5.1921,0,0
PLY_PE,D,20181114,000000,5.1026,5.1026,4.834,5.0131,0,0
PLY_PE,D,20181115,000000,5.0131,5.1026,4.9236,5.0131,0,0
PLY_PE,D,20181116,000000,5.0131,5.2816,5.0131,5.1921,0,0
PLY_PE,D,20181119,000000,5.1921,5.5502,5.1921,5.5502,0,0
PLY_PE,D,20181120,000000,5.4606,5.5502,5.3711,5.5502,0,0
PLY_PE,D,20181121,000000,5.5502,5.7292,5.4606,5.5502,0,0
PLY_PE,D,20181122,000000,5.5502,5.7292,5.5502,5.6397,0,0
PLY_PE,D,20181123,000000,5.7292,5.7292,5.3711,5.4606,0,0
PLY_PE,D,20181126,000000,5.4606,5.4606,5.1026,5.1921,0,0
PLY_PE,D,20181127,000000,5.1921,5.1921,5.1026,5.1026,0,0
PLY_PE,D,20181128,000000,5.1026,5.2816,5.1026,5.1921,0,0
PLY_PE,D,20181129,000000,5.1921,5.4606,5.1026,5.2816,0,0
PLY_PE,D,20181130,000000,5.2816,5.6397,5.2816,5.3711,0,0
PLY_PE,D,20181203,000000,5.4606,6.0873,5.4606,6.0873,0,0
PLY_PE,D,20181204,000000,6.0873,6.3558,5.9082,6.2663,0,0
PLY_PE,D,20181205,000000,6.0873,6.1768,6.0873,6.1768,0,0
PLY_PE,D,20181206,000000,6.1768,6.1768,5.9082,5.9082,0,0
PLY_PE,D,20181207,000000,5.9977,6.5348,5.9977,6.3558,0,0
PLY_PE,D,20181210,000000,6.3558,6.4453,6.1768,6.3558,0,0
PLY_PE,D,20181211,000000,6.3558,6.5348,6.3558,6.4453,0,0
PLY_PE,D,20181212,000000,6.4453,6.9824,6.4453,6.9824,0,0
PLY_PE,D,20181213,000000,6.9824,7.1614,6.8929,6.8929,0,0
PLY_PE,D,20181214,000000,6.8929,7.0719,6.7139,7.0719,0,0
PLY_PE,D,20181217,000000,7.0719,7.0719,6.8929,6.9824,0,0
PLY_PE,D,20181218,000000,6.8929,6.9824,6.8034,6.8929,0,0
PLY_PE,D,20181219,000000,6.8034,6.9824,6.8034,6.9824,0,0
PLY_PE,D,20181220,000000,6.8929,7.0719,6.7139,6.9824,0,0
PLY_PE,D,20181221,000000,6.8929,7.0719,6.8929,6.9824,0,0
PLY_PE,D,20181227,000000,6.9824,6.9824,6.8929,6.9824,0,0
PLY_PE,D,20181228,000000,6.9824,6.9824,6.8034,6.8929,0,0
PLY_PE,D,20190102,000000,6.8034,7.1614,6.8034,7.1614,0,0
PLY_PE,D,20190103,000000,7.1614,7.3405,6.8929,6.8929,0,0
PLY_PE,D,20190104,000000,6.8929,6.9824,6.8034,6.9824,0,0
PLY_PE,D,20190107,000000,6.9824,7.0719,6.9824,6.9824,0,0
PLY_PE,D,20190108,000000,6.9824,7.0719,6.4453,6.5348,0,0
PLY_PE,D,20190109,000000,6.6244,6.9824,6.6244,6.8929,0,0
PLY_PE,D,20190110,000000,6.8929,6.8929,6.6244,6.6244,0,0
PLY_PE,D,20190111,000000,6.7139,6.8034,6.7139,6.8034,0,0
PLY_PE,D,20190114,000000,6.8034,6.8034,6.7139,6.7139,0,0
PLY_PE,D,20190115,000000,6.7139,7.0719,6.6244,7.0719,0,0
PLY_PE,D,20190116,000000,6.9824,7.1614,6.8929,7.0719,0,0
PLY_PE,D,20190117,000000,7.0719,7.1614,6.8929,6.9824,0,0
PLY_PE,D,20190118,000000,6.9824,6.9824,6.8929,6.9824,0,0
PLY_PE,D,20190121,000000,6.9824,6.9824,6.8034,6.9824,0,0
PLY_PE,D,20190122,000000,6.9824,7.0719,6.8929,6.8929,0,0
PLY_PE,D,20190123,000000,6.8034,7.1614,6.8034,7.1614,0,0
PLY_PE,D,20190124,000000,7.1614,7.1614,6.9824,7.0719,0,0
PLY_PE,D,20190125,000000,7.0719,7.0719,6.8929,6.9824,0,0
PLY_PE,D,20190128,000000,6.9824,7.1614,6.9824,7.1614,0,0
PLY_PE,D,20190129,000000,7.1614,7.251,7.0719,7.1614,0,0
PLY_PE,D,20190130,000000,7.1614,7.43,7.1614,7.1614,0,0
PLY_PE,D,20190131,000000,7.251,7.5195,7.1614,7.5195,0,0
PLY_PE,D,20190201,000000,7.609,7.609,7.43,7.43,0,0
PLY_PE,D,20190204,000000,7.43,7.43,7.251,7.3405,0,0
PLY_PE,D,20190205,000000,7.43,7.43,7.1614,7.251,0,0
PLY_PE,D,20190206,000000,7.251,7.3405,7.251,7.251,0,0
PLY_PE,D,20190207,000000,7.3405,7.3405,6.8929,6.8929,0,0
PLY_PE,D,20190208,000000,6.8929,7.1614,6.8929,7.1614,0,0
PLY_PE,D,20190211,000000,7.1614,7.1614,7.0719,7.0719,0,0
PLY_PE,D,20190212,000000,7.0719,7.0719,7.0719,7.0719,0,0
PLY_PE,D,20190213,000000,6.9824,7.1614,6.8929,6.9824,0,0
PLY_PE,D,20190214,000000,6.8929,6.9824,6.8034,6.8929,0,0
PLY_PE,D,20190215,000000,6.9824,7.0719,6.9824,6.9824,0,0
PLY_PE,D,20190218,000000,6.9824,6.9824,6.8929,6.8929,0,0
PLY_PE,D,20190219,000000,6.8929,6.9824,6.8034,6.8929,0,0
PLY_PE,D,20190220,000000,6.8929,6.8929,6.8034,6.8929,0,0
PLY_PE,D,20190221,000000,6.9824,7.251,6.9824,7.251,0,0
PLY_PE,D,20190222,000000,7.251,7.251,7.0719,7.1614,0,0
PLY_PE,D,20190225,000000,7.1614,7.1614,6.8929,6.9824,0,0
PLY_PE,D,20190226,000000,6.9824,6.9824,6.8929,6.8929,0,0
PLY_PE,D,20190227,000000,6.9824,6.9824,6.8034,6.9824,0,0
PLY_PE,D,20190228,000000,7.0719,7.0719,6.9824,6.9824,0,0
PLY_PE,D,20190301,000000,7.0719,7.1614,6.9824,6.9824,0,0
PLY_PE,D,20190304,000000,7.0719,7.0719,6.8929,6.9824,0,0
PLY_PE,D,20190305,000000,7.1614,7.251,6.4453,6.4453,0,0
PLY_PE,D,20190306,000000,6.4453,6.5348,6.4453,6.5348,0,0
PLY_PE,D,20190307,000000,6.5348,6.6244,6.5348,6.6244,0,0
PLY_PE,D,20190308,000000,6.6244,6.7139,6.6244,6.6244,0,0
PLY_PE,D,20190311,000000,6.7139,6.8034,6.7139,6.7139,0,0
PLY_PE,D,20190312,000000,6.8034,6.8929,6.6244,6.8929,0,0
PLY_PE,D,20190313,000000,6.8929,7.251,6.8929,7.1614,0,0
PLY_PE,D,20190314,000000,7.251,7.609,7.251,7.43,0,0
PLY_PE,D,20190315,000000,7.3405,7.3405,6.9824,7.0719,0,0
PLY_PE,D,20190318,000000,6.9824,7.0719,6.8034,6.9824,0,0
PLY_PE,D,20190319,000000,6.9824,7.0719,6.8929,6.8929,0,0
PLY_PE,D,20190320,000000,6.8929,6.8929,6.8034,6.8929,0,0
PLY_PE,D,20190321,000000,6.8929,6.9824,6.8034,6.8929,0,0
PLY_PE,D,20190322,000000,6.8929,6.9824,6.8034,6.8929,0,0
PLY_PE,D,20190325,000000,6.8034,7.0719,6.8034,7.0719,0,0
PLY_PE,D,20190326,000000,7.0719,7.0719,6.9824,7.0719,0,0
PLY_PE,D,20190327,000000,7.0719,7.1614,7.0719,7.0719,0,0
PLY_PE,D,20190328,000000,7.0719,7.251,6.9824,7.0719,0,0
PLY_PE,D,20190329,000000,7.0719,7.1614,7.0719,7.1614,0,0
PLY_PE,D,20190401,000000,7.251,7.3405,7.251,7.3405,0,0
PLY_PE,D,20190402,000000,7.251,7.43,7.251,7.251,0,0
PLY_PE,D,20190403,000000,7.251,7.3405,7.251,7.3405,0,0
PLY_PE,D,20190404,000000,7.251,7.3405,7.1614,7.251,0,0
PLY_PE,D,20190405,000000,7.251,7.43,7.251,7.43,0,0
PLY_PE,D,20190408,000000,7.5195,7.5195,7.1614,7.1614,0,0
PLY_PE,D,20190409,000000,7.251,7.3405,7.1614,7.251,0,0
PLY_PE,D,20190410,000000,7.3405,7.3405,7.251,7.251,0,0
PLY_PE,D,20190411,000000,7.251,7.3405,7.1614,7.3405,0,0
PLY_PE,D,20190412,000000,7.3405,7.609,7.3405,7.609,0,0
PLY_PE,D,20190415,000000,7.6985,7.7882,7.609,7.7882,0,0
PLY_PE,D,20190416,000000,7.8777,7.8777,7.5195,7.609,0,0
PLY_PE,D,20190417,000000,7.609,7.6985,7.43,7.43,0,0
PLY_PE,D,20190418,000000,7.43,7.609,7.43,7.609,0,0
PLY_PE,D,20190423,000000,7.609,7.6985,7.609,7.6985,0,0
PLY_PE,D,20190424,000000,7.6985,7.6985,7.5195,7.609,0,0
PLY_PE,D,20190425,000000,7.609,7.6985,7.609,7.6985,0,0
PLY_PE,D,20190426,000000,7.6985,7.6985,7.609,7.6985,0,0
PLY_PE,D,20190429,000000,7.6985,7.6985,7.609,7.609,0,0
PLY_PE,D,20190430,000000,7.6972,7.6972,7.6022,7.6022,0,0
PLY_PE,D,20190502,000000,7.6972,7.9823,7.6972,7.8873,0,0
PLY_PE,D,20190506,000000,7.7922,7.8873,7.7922,7.7922,0,0
PLY_PE,D,20190507,000000,7.7922,7.7922,7.6022,7.7922,0,0
PLY_PE,D,20190508,000000,7.7922,8.0773,7.6972,7.8873,0,0
PLY_PE,D,20190509,000000,7.8873,7.8873,7.6972,7.7922,0,0
PLY_PE,D,20190510,000000,7.7922,7.8873,7.7922,7.8873,0,0
PLY_PE,D,20190513,000000,7.8873,7.9823,7.6972,7.7922,0,0
PLY_PE,D,20190514,000000,7.8873,8.0773,7.4121,7.4121,0,0
PLY_PE,D,20190515,000000,7.4121,7.6022,7.4121,7.6022,0,0
PLY_PE,D,20190516,000000,7.6022,7.7922,7.6022,7.6972,0,0
PLY_PE,D,20190517,000000,7.6972,7.7922,7.6022,7.7922,0,0
PLY_PE,D,20190520,000000,7.7922,8.0773,7.6972,7.9823,0,0
PLY_PE,D,20190521,000000,7.8873,7.9823,7.7922,7.9823,0,0
PLY_PE,D,20190522,000000,7.9823,7.9823,7.6972,7.7922,0,0
PLY_PE,D,20190523,000000,7.7922,7.8873,7.5072,7.5072,0,0
PLY_PE,D,20190524,000000,7.4121,7.6022,7.4121,7.5072,0,0
PLY_PE,D,20190527,000000,7.5072,7.6022,7.4121,7.5072,0,0
PLY_PE,D,20190528,000000,7.5072,7.6022,7.5072,7.5072,0,0
PLY_PE,D,20190529,000000,7.5072,7.6022,7.5072,7.6022,0,0
PLY_PE,D,20190530,000000,7.5072,7.6022,7.5072,7.5072,0,0
PLY_PE,D,20190531,000000,7.5072,7.8873,7.5072,7.8873,0,0
PLY_PE,D,20190603,000000,7.8873,7.8873,7.6972,7.7922,0,0
PLY_PE,D,20190604,000000,7.7922,8.2674,7.6972,8.0773,0,0
PLY_PE,D,20190605,000000,8.1723,8.4574,8.1723,8.3624,0,0
PLY_PE,D,20190606,000000,8.5525,9.3127,8.5525,9.3127,0,0
PLY_PE,D,20190607,000000,9.2176,9.598,9.2176,9.503,0,0
PLY_PE,D,20190610,000000,9.503,9.598,9.3127,9.503,0,0
PLY_PE,D,20190611,000000,9.503,9.788,9.4077,9.788,0,0
PLY_PE,D,20190612,000000,9.693,10.168,9.693,10.168,0,0
PLY_PE,D,20190613,000000,10.168,10.643,10.168,10.358,0,0
PLY_PE,D,20190614,000000,10.358,10.643,10.168,10.168,0,0
PLY_PE,D,20190617,000000,10.168,10.263,10.073,10.168,0,0
PLY_PE,D,20190618,000000,10.168,10.928,10.073,10.928,0,0
PLY_PE,D,20190619,000000,10.833,10.928,10.548,10.548,0,0
PLY_PE,D,20190621,000000,10.643,10.643,10.168,10.263,0,0
PLY_PE,D,20190624,000000,10.073,10.073,9.788,9.883,0,0
PLY_PE,D,20190625,000000,9.883,10.073,9.788,9.788,0,0
PLY_PE,D,20190626,000000,9.788,9.883,9.4077,9.693,0,0
PLY_PE,D,20190627,000000,9.598,9.883,9.598,9.693,0,0
PLY_PE,D,20190628,000000,9.693,9.788,9.693,9.693,0,0
PLY_PE,D,20190701,000000,9.788,10.168,9.788,10.073,0,0
PLY_PE,D,20190702,000000,10.073,10.168,9.883,9.978,0,0
PLY_PE,D,20190703,000000,9.978,9.978,9.788,9.978,0,0
PLY_PE,D,20190704,000000,9.978,9.978,9.788,9.788,0,0
PLY_PE,D,20190705,000000,9.883,9.978,9.693,9.693,0,0
PLY_PE,D,20190708,000000,9.788,9.883,9.693,9.788,0,0
PLY_PE,D,20190709,000000,9.788,9.883,9.503,9.693,0,0
PLY_PE,D,20190710,000000,9.788,10.263,9.788,9.883,0,0
PLY_PE,D,20190711,000000,9.978,9.978,9.788,9.883,0,0
PLY_PE,D,20190712,000000,9.883,10.168,9.883,10.073,0,0
PLY_PE,D,20190715,000000,10.073,10.168,9.978,10.168,0,0
PLY_PE,D,20190716,000000,10.263,10.643,10.168,10.453,0,0
PLY_PE,D,20190717,000000,10.453,10.548,9.883,9.883,0,0
PLY_PE,D,20190718,000000,9.883,9.883,9.788,9.883,0,0
PLY_PE,D,20190719,000000,9.883,10.073,9.693,10.073,0,0
PLY_PE,D,20190722,000000,10.168,10.168,9.883,9.978,0,0
PLY_PE,D,20190723,000000,10.073,10.073,9.788,9.788,0,0
PLY_PE,D,20190724,000000,9.883,10.073,9.693,9.978,0,0
PLY_PE,D,20190725,000000,10.073,10.073,9.693,9.693,0,0
PLY_PE,D,20190726,000000,9.693,9.788,9.693,9.788,0,0
PLY_PE,D,20190729,000000,9.788,9.883,9.3127,9.4077,0,0
PLY_PE,D,20190730,000000,9.4077,9.4077,9.1226,9.3127,0,0
PLY_PE,D,20190731,000000,9.4077,9.693,9.4077,9.503,0,0
PLY_PE,D,20190801,000000,9.4077,9.503,9.3127,9.3127,0,0
PLY_PE,D,20190802,000000,9.2176,9.598,9.2176,9.503,0,0
PLY_PE,D,20190805,000000,9.4077,9.598,9.4077,9.598,0,0
PLY_PE,D,20190806,000000,9.693,9.693,9.2176,9.3127,0,0
PLY_PE,D,20190807,000000,9.2176,9.693,9.2176,9.503,0,0
PLY_PE,D,20190808,000000,9.693,9.693,9.3127,9.503,0,0
PLY_PE,D,20190809,000000,9.4077,9.503,9.2176,9.2176,0,0
PLY_PE,D,20190812,000000,9.1226,9.2176,8.8375,8.9326,0,0
PLY_PE,D,20190813,000000,8.8375,9.2176,8.8375,9.2176,0,0
PLY_PE,D,20190814,000000,9.3127,9.4077,9.0276,9.4077,0,0
PLY_PE,D,20190816,000000,9.503,9.788,9.4077,9.598,0,0
PLY_PE,D,20190819,000000,9.598,9.788,9.503,9.598,0,0
PLY_PE,D,20190820,000000,9.598,9.788,9.503,9.788,0,0
PLY_PE,D,20190821,000000,9.788,9.978,9.3127,9.4077,0,0
PLY_PE,D,20190822,000000,9.3127,9.503,9.2176,9.3127,0,0
PLY_PE,D,20190823,000000,9.3127,9.3127,8.9326,8.9326,0,0
PLY_PE,D,20190826,000000,8.9326,9.2176,8.9326,9.2176,0,0
PLY_PE,D,20190827,000000,9.503,9.978,9.2176,9.2176,0,0
PLY_PE,D,20190828,000000,9.2176,9.503,9.1226,9.4077,0,0
PLY_PE,D,20190829,000000,9.3127,9.598,9.3127,9.598,0,0
PLY_PE,D,20190830,000000,9.598,9.693,9.3127,9.693,0,0
PLY_PE,D,20190902,000000,9.693,9.978,9.503,9.503,0,0
PLY_PE,D,20190903,000000,9.503,9.503,9.0276,9.503,0,0
PLY_PE,D,20190904,000000,9.503,9.503,9.3127,9.4077,0,0
PLY_PE,D,20190905,000000,8.6475,8.6475,7.8873,8.0773,0,0
PLY_PE,D,20190906,000000,8.0773,8.1723,7.8873,8.1723,0,0
PLY_PE,D,20190909,000000,8.1723,8.1723,7.8873,7.8873,0,0
PLY_PE,D,20190910,000000,7.8873,7.8873,7.6022,7.6022,0,0
PLY_PE,D,20190911,000000,7.6022,7.6972,7.4121,7.6022,0,0
PLY_PE,D,20190912,000000,7.6972,7.8873,7.6022,7.6022,0,0
PLY_PE,D,20190913,000000,7.6022,7.6972,7.5072,7.6972,0,0
PLY_PE,D,20190916,000000,7.6972,7.6972,7.5072,7.6022,0,0
PLY_PE,D,20190917,000000,7.6022,7.6022,7.4121,7.5072,0,0
PLY_PE,D,20190918,000000,7.6022,7.7922,7.6022,7.6972,0,0
PLY_PE,D,20190919,000000,7.6972,7.7922,7.6022,7.6022,0,0
PLY_PE,D,20190920,000000,7.6972,7.8873,7.6022,7.6972,0,0
PLY_PE,D,20190923,000000,7.7922,7.7922,7.5072,7.6972,0,0
PLY_PE,D,20190924,000000,7.6972,7.7922,7.6022,7.6022,0,0
PLY_PE,D,20190925,000000,7.6022,7.6972,7.5072,7.6022,0,0
PLY_PE,D,20190926,000000,7.6022,7.6972,7.6022,7.6022,0,0
PLY_PE,D,20190927,000000,7.6972,7.7922,7.6972,7.6972,0,0
PLY_PE,D,20190930,000000,7.7922,7.7922,7.6972,7.6972,0,0
PLY_PE,D,20191001,000000,7.7922,7.8873,7.6972,7.7922,0,0
PLY_PE,D,20191002,000000,7.7922,7.7922,7.4121,7.4121,0,0
PLY_PE,D,20191003,000000,7.4121,7.6022,7.3171,7.6022,0,0
PLY_PE,D,20191004,000000,7.6972,7.7922,7.6022,7.7922,0,0
PLY_PE,D,20191007,000000,7.8873,7.8873,7.7922,7.8873,0,0
PLY_PE,D,20191008,000000,7.8873,8.0773,7.8873,8.0773,0,0
PLY_PE,D,20191009,000000,8.1723,8.3624,8.0773,8.2674,0,0
PLY_PE,D,20191010,000000,8.2674,8.2674,8.1723,8.1723,0,0
PLY_PE,D,20191011,000000,8.2674,8.2674,8.0773,8.0773,0,0
PLY_PE,D,20191014,000000,8.0773,8.1723,8.0773,8.1723,0,0
PLY_PE,D,20191015,000000,8.0773,8.1723,7.9823,7.9823,0,0
PLY_PE,D,20191016,000000,8.2674,8.2674,7.9823,8.1723,0,0
PLY_PE,D,20191017,000000,8.1723,8.3624,8.1723,8.3624,0,0
PLY_PE,D,20191018,000000,8.3624,8.3624,8.1723,8.1723,0,0
PLY_PE,D,20191021,000000,8.0773,8.3624,8.0773,8.3624,0,0
PLY_PE,D,20191022,000000,8.4574,8.4574,8.2674,8.3624,0,0
PLY_PE,D,20191023,000000,8.3624,8.4574,8.0773,8.1723,0,0
PLY_PE,D,20191024,000000,8.1723,8.4574,8.1723,8.3624,0,0
PLY_PE,D,20191025,000000,8.3624,8.3624,8.3624,8.3624,0,0
PLY_PE,D,20191028,000000,8.3624,8.4574,8.3624,8.3624,0,0
PLY_PE,D,20191029,000000,8.3624,8.4574,8.2674,8.3624,0,0
PLY_PE,D,20191030,000000,8.3624,8.3624,8.2674,8.3624,0,0
PLY_PE,D,20191031,000000,8.3624,8.5525,8.3624,8.4574,0,0
PLY_PE,D,20191104,000000,8.6475,8.6475,8.3624,8.5525,0,0
PLY_PE,D,20191105,000000,8.5525,8.5525,8.3624,8.4574,0,0
PLY_PE,D,20191106,000000,8.4574,8.5525,8.4574,8.4574,0,0
PLY_PE,D,20191107,000000,8.4574,8.5525,8.3624,8.3624,0,0
PLY_PE,D,20191108,000000,8.3624,8.5525,8.3624,8.5525,0,0
PLY_PE,D,20191112,000000,8.5525,8.5525,8.4574,8.4574,0,0
PLY_PE,D,20191113,000000,8.5525,8.8375,8.3624,8.3624,0,0
PLY_PE,D,20191114,000000,8.3624,8.5525,8.2674,8.3624,0,0
PLY_PE,D,20191115,000000,8.3624,8.4574,8.2674,8.3624,0,0
PLY_PE,D,20191118,000000,8.3624,8.5525,8.3624,8.4574,0,0
PLY_PE,D,20191119,000000,8.4574,8.5525,8.4574,8.5525,0,0
PLY_PE,D,20191120,000000,8.5525,8.6475,8.5525,8.5525,0,0
PLY_PE,D,20191121,000000,8.5525,8.5525,8.5525,8.5525,0,0
PLY_PE,D,20191122,000000,8.5525,8.6475,8.5525,8.5525,0,0
PLY_PE,D,20191125,000000,8.5525,8.7425,8.5525,8.6475,0,0
PLY_PE,D,20191126,000000,8.7425,8.7425,8.5525,8.7425,0,0
PLY_PE,D,20191127,000000,8.7425,8.7425,8.6475,8.7425,0,0
PLY_PE,D,20191128,000000,8.7425,8.8375,8.6475,8.8375,0,0
PLY_PE,D,20191129,000000,8.7425,8.8375,8.7425,8.7425,0,0
PLY_PE,D,20191202,000000,8.8375,8.8375,8.6475,8.8375,0,0
PLY_PE,D,20191203,000000,8.8375,8.8375,8.4574,8.4574,0,0
PLY_PE,D,20191204,000000,8.4574,8.5525,8.2674,8.3624,0,0
PLY_PE,D,20191205,000000,8.3624,8.6475,8.2674,8.6475,0,0
PLY_PE,D,20191206,000000,8.6475,8.8375,8.6475,8.7425,0,0
PLY_PE,D,20191209,000000,8.7425,8.8375,8.5525,8.7425,0,0
PLY_PE,D,20191210,000000,8.8375,8.9326,8.6475,8.8375,0,0
PLY_PE,D,20191211,000000,8.9326,8.9326,8.8375,8.8375,0,0
PLY_PE,D,20191212,000000,8.8375,8.9326,8.8375,8.9326,0,0
PLY_PE,D,20191213,000000,8.9326,9.2176,8.9326,9.0276,0,0
PLY_PE,D,20191216,000000,9.0276,9.2176,8.9326,9.2176,0,0
PLY_PE,D,20191217,000000,9.1226,9.2176,9.0276,9.0276,0,0
PLY_PE,D,20191218,000000,9.0276,9.1226,8.9326,9.1226,0,0
PLY_PE,D,20191219,000000,9.1226,9.1226,8.9326,8.9326,0,0
PLY_PE,D,20191220,000000,8.9326,9.2176,8.9326,9.1226,0,0
PLY_PE,D,20191223,000000,9.1226,9.1226,9.0276,9.0276,0,0
PLY_PE,D,20191227,000000,9.0276,9.2176,9.0276,9.2176,0,0
PLY_PE,D,20191230,000000,9.2176,9.503,9.1226,9.4077,0,0
PLY_PE,D,20200102,000000,9.4077,9.598,9.3127,9.4077,0,0
PLY_PE,D,20200103,000000,9.3127,9.3127,9.0276,9.0276,0,0
PLY_PE,D,20200107,000000,9.0276,9.1226,8.8375,9.0276,0,0
PLY_PE,D,20200108,000000,9.0276,9.0276,8.9326,9.0276,0,0
PLY_PE,D,20200109,000000,9.1226,9.3127,9.1226,9.2176,0,0
PLY_PE,D,20200110,000000,9.2176,9.3127,9.1226,9.3127,0,0
PLY_PE,D,20200113,000000,9.3127,9.503,9.3127,9.4077,0,0
PLY_PE,D,20200114,000000,9.4077,9.4077,9.2176,9.3127,0,0
PLY_PE,D,20200115,000000,9.3127,9.503,9.3127,9.503,0,0
PLY_PE,D,20200116,000000,9.503,9.788,9.503,9.788,0,0
PLY_PE,D,20200117,000000,9.788,9.788,9.598,9.693,0,0
PLY_PE,D,20200120,000000,9.788,9.978,9.693,9.978,0,0
PLY_PE,D,20200121,000000,9.978,10.073,9.883,10.073,0,0
PLY_PE,D,20200122,000000,10.073,10.263,10.073,10.168,0,0
PLY_PE,D,20200123,000000,10.168,10.168,9.883,9.883,0,0
PLY_PE,D,20200124,000000,9.883,9.978,9.693,9.693,0,0
PLY_PE,D,20200127,000000,9.693,9.693,9.4077,9.598,0,0
PLY_PE,D,20200128,000000,9.693,9.978,9.693,9.883,0,0
PLY_PE,D,20200129,000000,9.883,9.978,9.693,9.883,0,0
PLY_PE,D,20200130,000000,9.883,9.978,9.693,9.883,0,0
PLY_PE,D,20200131,000000,9.788,9.883,9.503,9.503,0,0
PLY_PE,D,20200203,000000,9.3127,9.503,9.1226,9.3127,0,0
PLY_PE,D,20200204,000000,9.3127,9.503,9.2176,9.3127,0,0
PLY_PE,D,20200205,000000,9.4077,9.4077,9.1226,9.1226,0,0
PLY_PE,D,20200206,000000,9.3127,9.3127,9.1226,9.2176,0,0
PLY_PE,D,20200207,000000,9.2176,9.3127,9.1226,9.1226,0,0
PLY_PE,D,20200210,000000,9.1226,9.2176,9.1226,9.2176,0,0
PLY_PE,D,20200211,000000,9.3127,9.3127,9.2176,9.2176,0,0
PLY_PE,D,20200212,000000,9.2176,9.2176,8.9326,8.9326,0,0
PLY_PE,D,20200213,000000,8.9326,9.4077,8.9326,9.3127,0,0
PLY_PE,D,20200214,000000,9.3127,9.4077,9.2176,9.2176,0,0
PLY_PE,D,20200217,000000,9.3127,9.4077,9.2176,9.4077,0,0
PLY_PE,D,20200218,000000,9.3127,9.598,9.3127,9.503,0,0
PLY_PE,D,20200219,000000,9.4077,9.598,9.4077,9.598,0,0
PLY_PE,D,20200220,000000,9.693,9.693,9.503,9.503,0,0
PLY_PE,D,20200221,000000,9.503,9.503,9.2176,9.3127,0,0
PLY_PE,D,20200224,000000,9.2176,9.3127,9.0276,9.3127,0,0
PLY_PE,D,20200225,000000,9.3127,9.4077,9.1226,9.3127,0,0
PLY_PE,D,20200226,000000,9.3127,9.3127,8.8375,9.1226,0,0
PLY_PE,D,20200227,000000,8.9326,9.0276,8.6475,9.0276,0,0
PLY_PE,D,20200228,000000,8.8375,8.8375,8.4574,8.5525,0,0
PLY_PE,D,20200302,000000,8.6475,8.8375,8.4574,8.6475,0,0
PLY_PE,D,20200303,000000,8.8375,8.8375,8.5525,8.5525,0,0
PLY_PE,D,20200304,000000,8.5525,8.9326,8.4574,8.7425,0,0
PLY_PE,D,20200305,000000,9.0276,9.0276,8.5525,8.8375,0,0
PLY_PE,D,20200306,000000,8.6475,9.1226,8.6475,8.9326,0,0
PLY_PE,D,20200309,000000,8.2674,8.6475,8.2674,8.4574,0,0
PLY_PE,D,20200310,000000,8.3624,8.5525,7.8873,7.9823,0,0
PLY_PE,D,20200311,000000,8.0773,8.0773,7.7922,7.7922,0,0
PLY_PE,D,20200312,000000,7.5072,7.6022,7.127,7.2221,0,0
PLY_PE,D,20200313,000000,7.7922,7.7922,7.127,7.3171,0,0
PLY_PE,D,20200316,000000,6.937,7.4121,6.7469,7.3171,0,0
PLY_PE,D,20200317,000000,7.5072,8.2674,7.5072,8.2674,0,0
PLY_PE,D,20200318,000000,8.3624,8.5525,7.8873,7.8873,0,0
PLY_PE,D,20200319,000000,8.1723,8.4574,7.8873,8.2674,0,0
PLY_PE,D,20200320,000000,8.5525,8.5525,8.1723,8.1723,0,0
PLY_PE,D,20200323,000000,7.9823,7.9823,7.5072,7.6972,0,0
PLY_PE,D,20200324,000000,7.9823,8.1723,7.8873,8.0773,0,0
PLY_PE,D,20200325,000000,8.1723,8.3624,7.6972,7.8873,0,0
PLY_PE,D,20200326,000000,7.7922,8.0773,7.7922,7.8873,0,0
PLY_PE,D,20200327,000000,8.0773,8.3624,7.7922,8.3624,0,0
PLY_PE,D,20200330,000000,8.0773,8.3624,7.9823,8.1723,0,0
PLY_PE,D,20200331,000000,8.1723,8.3624,8.0773,8.1723,0,0
PLY_PE,D,20200401,000000,8.0773,8.0773,7.8873,7.8873,0,0
PLY_PE,D,20200402,000000,7.9823,8.0773,7.7922,7.9823,0,0
PLY_PE,D,20200403,000000,7.8873,8.2674,7.8873,8.1723,0,0
PLY_PE,D,20200406,000000,8.3624,8.3624,8.1723,8.3624,0,0
PLY_PE,D,20200407,000000,8.5525,8.5525,8.2674,8.2674,0,0
PLY_PE,D,20200408,000000,8.3624,9.503,8.3624,9.3127,0,0
PLY_PE,D,20200409,000000,9.1226,9.693,9.1226,9.4077,0,0
PLY_PE,D,20200414,000000,9.503,9.503,9.1226,9.1226,0,0
PLY_PE,D,20200415,000000,9.4077,9.4077,8.8375,8.9326,0,0
PLY_PE,D,20200416,000000,9.0276,9.0276,8.7425,8.8375,0,0
PLY_PE,D,20200417,000000,9.0276,9.0276,8.8375,9.0276,0,0
PLY_PE,D,20200420,000000,9.0276,9.503,8.9326,9.4077,0,0
PLY_PE,D,20200421,000000,9.2176,9.2176,8.9326,9.0276,0,0
PLY_PE,D,20200422,000000,9.0276,9.1226,8.9326,9.0276,0,0
PLY_PE,D,20200423,000000,9.3127,9.4077,9.0276,9.3127,0,0
PLY_PE,D,20200424,000000,9.1226,9.3127,9.0276,9.0276,0,0
PLY_PE,D,20200427,000000,9.2176,9.503,9.1226,9.3127,0,0
PLY_PE,D,20200428,000000,9.3127,9.4077,8.7425,8.8375,0,0
PLY_PE,D,20200429,000000,9.0276,9.2176,9.0276,9.2176,0,0
PLY_PE,D,20200430,000000,9.4,9.8,9.4,9.8,0,0
PLY_PE,D,20200504,000000,9.4,9.5,9.3,9.3,0,0
PLY_PE,D,20200505,000000,9.3,9.6,9.3,9.4,0,0
PLY_PE,D,20200506,000000,9.4,9.4,9.1,9.2,0,0
PLY_PE,D,20200507,000000,9.2,9.2,9,9,0,0
PLY_PE,D,20200508,000000,9,9.2,8.9,9.1,0,0
PLY_PE,D,20200511,000000,9.2,9.2,8.9,8.9,0,0
PLY_PE,D,20200512,000000,8.9,9.2,8.9,9.1,0,0
PLY_PE,D,20200513,000000,9.1,9.2,8.9,9.2,0,0
PLY_PE,D,20200514,000000,9.1,9.2,9.1,9.2,0,0
PLY_PE,D,20200515,000000,9.3,9.3,9.1,9.2,0,0
PLY_PE,D,20200518,000000,9.2,9.2,9.1,9.2,0,0
PLY_PE,D,20200519,000000,9.3,9.3,9.2,9.2,0,0
PLY_PE,D,20200520,000000,9.2,9.4,9.2,9.2,0,0
PLY_PE,D,20200521,000000,8.5,8.9,8.5,8.7,0,0
PLY_PE,D,20200522,000000,8.8,8.8,8.7,8.7,0,0
PLY_PE,D,20200525,000000,8.8,8.8,8.7,8.8,0,0
PLY_PE,D,20200526,000000,8.8,8.8,8.6,8.7,0,0
PLY_PE,D,20200527,000000,8.7,8.7,8.5,8.5,0,0
PLY_PE,D,20200528,000000,8.6,8.6,8.2,8.5,0,0
PLY_PE,D,20200529,000000,8.5,8.5,8.3,8.4,0,0
PLY_PE,D,20200601,000000,8.4,8.7,8.4,8.7,0,0
PLY_PE,D,20200602,000000,8.7,8.7,8.6,8.6,0,0
PLY_PE,D,20200603,000000,8.7,8.7,8.6,8.6,0,0
PLY_PE,D,20200604,000000,8.6,8.6,8.4,8.5,0,0
PLY_PE,D,20200605,000000,8.5,8.6,8.5,8.6,0,0
PLY_PE,D,20200608,000000,8.6,8.7,8.6,8.6,0,0
PLY_PE,D,20200609,000000,8.6,8.8,8.6,8.6,0,0
PLY_PE,D,20200610,000000,8.6,8.7,8.5,8.6,0,0
PLY_PE,D,20200612,000000,8.5,8.6,8.5,8.5,0,0
PLY_PE,D,20200615,000000,8.4,8.4,8.3,8.4,0,0
PLY_PE,D,20200616,000000,8.4,8.7,8.4,8.6,0,0
PLY_PE,D,20200617,000000,8.7,8.7,8.5,8.6,0,0
PLY_PE,D,20200618,000000,8.7,8.7,8.5,8.6,0,0
PLY_PE,D,20200619,000000,8.6,8.7,8.5,8.5,0,0
PLY_PE,D,20200622,000000,8.5,8.8,8.4,8.7,0,0
PLY_PE,D,20200623,000000,8.7,8.8,8.7,8.7,0,0
PLY_PE,D,20200624,000000,8.7,8.7,8.6,8.6,0,0
PLY_PE,D,20200625,000000,8.5,8.7,8.5,8.7,0,0
PLY_PE,D,20200626,000000,8.7,9.2,8.7,9.1,0,0
PLY_PE,D,20200629,000000,9.1,9.1,8.9,9,0,0
PLY_PE,D,20200630,000000,9.1,9.1,8.9,9,0,0
PLY_PE,D,20200701,000000,8.9,9.2,8.9,9.2,0,0
PLY_PE,D,20200702,000000,9.3,9.5,9.3,9.4,0,0
PLY_PE,D,20200703,000000,9.4,9.6,9.4,9.4,0,0
PLY_PE,D,20200706,000000,9.5,9.5,9.3,9.4,0,0
PLY_PE,D,20200707,000000,9.3,9.3,9,9.1,0,0
PLY_PE,D,20200708,000000,9,9.1,9,9,0,0
PLY_PE,D,20200709,000000,9,9.3,9,9.3,0,0
PLY_PE,D,20200710,000000,9.1,9.4,9.1,9.3,0,0
PLY_PE,D,20200713,000000,9.4,9.4,9.3,9.3,0,0
PLY_PE,D,20200714,000000,9.3,9.3,9.2,9.3,0,0
PLY_PE,D,20200715,000000,9.4,9.5,9.3,9.4,0,0
PLY_PE,D,20200716,000000,9.4,9.4,9.2,9.4,0,0
PLY_PE,D,20200717,000000,9.4,9.7,9.4,9.6,0,0
PLY_PE,D,20200720,000000,9.6,9.8,9.5,9.8,0,0
PLY_PE,D,20200721,000000,9.9,9.9,9.6,9.7,0,0
PLY_PE,D,20200722,000000,9.7,9.8,9.7,9.7,0,0
PLY_PE,D,20200723,000000,9.7,9.8,9.7,9.7,0,0
PLY_PE,D,20200724,000000,9.6,9.7,9.5,9.7,0,0
PLY_PE,D,20200727,000000,9.7,9.8,9.6,9.8,0,0
PLY_PE,D,20200728,000000,9.7,9.7,9.6,9.6,0,0
PLY_PE,D,20200729,000000,9.6,9.6,9.5,9.6,0,0
PLY_PE,D,20200730,000000,9.4,9.5,9.4,9.5,0,0
PLY_PE,D,20200731,000000,9.6,9.6,9.5,9.6,0,0
PLY_PE,D,20200803,000000,9.5,9.7,9.4,9.6,0,0
PLY_PE,D,20200804,000000,9.7,9.7,9.6,9.6,0,0
PLY_PE,D,20200805,000000,9.6,9.6,9.5,9.6,0,0
PLY_PE,D,20200806,000000,9.5,9.6,9.4,9.6,0,0
PLY_PE,D,20200807,000000,9.6,9.6,9.5,9.5,0,0
PLY_PE,D,20200810,000000,9.6,9.6,9.4,9.5,0,0
PLY_PE,D,20200811,000000,9.6,9.6,9,9.2,0,0
PLY_PE,D,20200812,000000,9.3,9.4,9.3,9.3,0,0
PLY_PE,D,20200813,000000,9.3,9.6,9.3,9.5,0,0
PLY_PE,D,20200814,000000,9.5,9.6,9.5,9.5,0,0
PLY_PE,D,20200817,000000,9.5,9.6,9.5,9.5,0,0
PLY_PE,D,20200818,000000,9.5,9.6,9.4,9.5,0,0
PLY_PE,D,20200819,000000,9.5,9.6,9.5,9.5,0,0
PLY_PE,D,20200820,000000,9.5,9.5,9.5,9.5,0,0
PLY_PE,D,20200821,000000,9.5,9.5,9.3,9.3,0,0
