<TICKER>,<PER>,<DATE>,<TIME>,<OPEN>,<HIGH>,<LOW>,<CLOSE>,<VOL>,<OPENINT>
R22_PE,D,20171229,000000,45.915,45.915,45.915,45.915,0,0
R22_PE,D,20180103,000000,37.047,44.535,36.16,44.535,0,0
R22_PE,D,20180104,000000,44.634,44.634,42.959,43.353,0,0
R22_PE,D,20180105,000000,45.422,45.422,43.353,45.225,0,0
R22_PE,D,20180108,000000,45.718,46.999,44.535,44.535,0,0
R22_PE,D,20180109,000000,44.043,44.043,43.451,43.451,0,0
R22_PE,D,20180110,000000,43.747,44.535,43.747,44.437,0,0
R22_PE,D,20180111,000000,45.126,45.126,43.451,44.535,0,0
R22_PE,D,20180112,000000,43.451,45.324,43.451,45.225,0,0
R22_PE,D,20180115,000000,46.703,46.703,45.422,46.112,0,0
R22_PE,D,20180116,000000,46.999,46.999,45.324,46.112,0,0
R22_PE,D,20180117,000000,46.112,60.399,45.126,60.399,0,0
R22_PE,D,20180118,000000,60.399,60.694,57.935,60.694,0,0
R22_PE,D,20180119,000000,60.694,60.694,60.103,60.399,0,0
R22_PE,D,20180122,000000,60.694,60.694,60.399,60.694,0,0
R22_PE,D,20180123,000000,60.399,61.088,60.004,60.694,0,0
R22_PE,D,20180124,000000,60.694,60.99,60.201,60.891,0,0
R22_PE,D,20180125,000000,60.891,65.621,60.3,65.128,0,0
R22_PE,D,20180126,000000,62.369,64.832,62.369,64.34,0,0
R22_PE,D,20180129,000000,62.665,64.34,62.665,64.34,0,0
R22_PE,D,20180130,000000,64.635,64.635,62.665,63.65,0,0
R22_PE,D,20180131,000000,62.96,65.128,62.96,63.65,0,0
R22_PE,D,20180201,000000,65.029,65.621,63.551,65.621,0,0
R22_PE,D,20180202,000000,65.621,65.621,65.621,65.621,0,0
R22_PE,D,20180205,000000,63.946,64.044,61.679,64.044,0,0
R22_PE,D,20180206,000000,62.369,63.354,59.118,63.354,0,0
R22_PE,D,20180207,000000,65.325,65.325,63.354,63.946,0,0
R22_PE,D,20180208,000000,63.256,64.044,60.694,64.044,0,0
R22_PE,D,20180209,000000,62.468,64.044,61.384,63.65,0,0
R22_PE,D,20180212,000000,63.946,64.044,63.847,64.044,0,0
R22_PE,D,20180213,000000,64.241,67,64.241,65.029,0,0
R22_PE,D,20180214,000000,65.916,66.606,65.621,66.31,0,0
R22_PE,D,20180215,000000,66.803,67.099,66.507,67.099,0,0
R22_PE,D,20180216,000000,67.099,67.296,66.31,67,0,0
R22_PE,D,20180219,000000,67.296,68.774,67.296,68.281,0,0
R22_PE,D,20180220,000000,68.281,68.281,67,68.281,0,0
R22_PE,D,20180221,000000,67.985,68.281,65.621,66.606,0,0
R22_PE,D,20180222,000000,67.099,67.099,64.734,66.606,0,0
R22_PE,D,20180223,000000,66.113,66.113,63.946,64.044,0,0
R22_PE,D,20180226,000000,64.734,66.31,64.734,65.621,0,0
R22_PE,D,20180227,000000,65.621,65.621,65.621,65.621,0,0
R22_PE,D,20180228,000000,64.143,65.621,50.94,50.94,0,0
R22_PE,D,20180301,000000,50.447,50.447,49.166,49.166,0,0
R22_PE,D,20180302,000000,49.462,49.659,48.279,49.659,0,0
R22_PE,D,20180305,000000,50.151,50.151,48.871,49.659,0,0
R22_PE,D,20180306,000000,49.659,51.235,49.659,51.137,0,0
R22_PE,D,20180307,000000,51.038,51.137,49.856,50.743,0,0
R22_PE,D,20180308,000000,50.053,50.743,49.757,49.954,0,0
R22_PE,D,20180309,000000,49.659,51.235,49.659,51.137,0,0
R22_PE,D,20180312,000000,51.137,51.137,49.166,50.151,0,0
R22_PE,D,20180313,000000,50.447,50.447,49.462,49.462,0,0
R22_PE,D,20180314,000000,50.447,50.447,49.462,49.462,0,0
R22_PE,D,20180315,000000,49.462,49.462,49.462,49.462,0,0
R22_PE,D,20180316,000000,49.166,49.166,48.871,48.871,0,0
R22_PE,D,20180319,000000,48.871,48.871,48.378,48.674,0,0
R22_PE,D,20180320,000000,48.181,49.462,48.181,49.462,0,0
R22_PE,D,20180321,000000,49.462,49.954,49.462,49.659,0,0
R22_PE,D,20180322,000000,49.659,49.659,49.363,49.462,0,0
R22_PE,D,20180323,000000,49.462,49.757,49.166,49.56,0,0
R22_PE,D,20180326,000000,49.56,49.56,49.56,49.56,0,0
R22_PE,D,20180327,000000,48.871,49.56,48.871,49.56,0,0
R22_PE,D,20180328,000000,49.56,49.659,48.674,49.659,0,0
R22_PE,D,20180329,000000,49.659,50.151,48.082,50.151,0,0
R22_PE,D,20180403,000000,50.053,52.221,48.674,51.826,0,0
R22_PE,D,20180404,000000,52.221,52.221,50.349,52.024,0,0
R22_PE,D,20180405,000000,52.024,52.024,51.235,51.826,0,0
R22_PE,D,20180406,000000,51.137,51.826,51.137,51.826,0,0
R22_PE,D,20180409,000000,52.516,53.304,51.826,52.615,0,0
R22_PE,D,20180410,000000,52.516,52.516,50.447,50.743,0,0
R22_PE,D,20180411,000000,52.319,52.319,50.447,52.024,0,0
R22_PE,D,20180412,000000,53.6,54.093,52.516,52.516,0,0
R22_PE,D,20180413,000000,52.516,56.359,51.531,55.965,0,0
R22_PE,D,20180416,000000,56.359,57.344,54.29,56.851,0,0
R22_PE,D,20180417,000000,56.359,56.359,55.078,55.472,0,0
R22_PE,D,20180418,000000,56.359,56.359,52.91,53.304,0,0
R22_PE,D,20180419,000000,52.812,53.797,51.235,51.235,0,0
R22_PE,D,20180420,000000,52.91,52.91,50.447,51.235,0,0
R22_PE,D,20180423,000000,52.615,52.615,51.235,52.615,0,0
R22_PE,D,20180424,000000,53.501,53.501,50.447,52.122,0,0
R22_PE,D,20180425,000000,52.024,52.024,50.151,52.024,0,0
R22_PE,D,20180426,000000,51.531,51.728,50.546,51.728,0,0
R22_PE,D,20180427,000000,51.728,53.009,50.743,51.235,0,0
R22_PE,D,20180430,000000,52.516,53.304,51.235,53.304,0,0
R22_PE,D,20180502,000000,53.797,53.797,51.728,51.728,0,0
R22_PE,D,20180504,000000,53.797,53.797,49.954,51.235,0,0
R22_PE,D,20180507,000000,51.235,51.235,50.94,51.137,0,0
R22_PE,D,20180508,000000,51.137,51.137,47.688,50.447,0,0
R22_PE,D,20180509,000000,51.137,51.137,48.378,49.954,0,0
R22_PE,D,20180510,000000,49.954,49.954,49.166,49.659,0,0
R22_PE,D,20180511,000000,49.659,49.659,48.082,49.659,0,0
R22_PE,D,20180514,000000,49.659,50.447,47.59,49.757,0,0
R22_PE,D,20180515,000000,47.885,49.659,47.885,49.659,0,0
R22_PE,D,20180516,000000,49.659,49.659,48.082,49.659,0,0
R22_PE,D,20180517,000000,49.659,49.659,47.688,49.166,0,0
R22_PE,D,20180518,000000,49.757,49.757,48.871,49.56,0,0
R22_PE,D,20180521,000000,49.56,49.56,47.688,49.56,0,0
R22_PE,D,20180522,000000,49.462,52.319,42.86,42.86,0,0
R22_PE,D,20180523,000000,44.634,44.634,42.86,42.86,0,0
R22_PE,D,20180524,000000,44.24,44.24,39.904,42.86,0,0
R22_PE,D,20180525,000000,43.057,43.55,39.313,43.353,0,0
R22_PE,D,20180528,000000,43.156,44.338,43.156,43.55,0,0
R22_PE,D,20180529,000000,43.057,44.24,42.466,44.24,0,0
R22_PE,D,20180530,000000,44.24,44.732,42.86,44.732,0,0
R22_PE,D,20180601,000000,44.732,44.732,42.86,43.55,0,0
R22_PE,D,20180604,000000,43.55,43.55,42.663,43.55,0,0
R22_PE,D,20180605,000000,45.324,45.324,42.663,43.353,0,0
R22_PE,D,20180606,000000,43.55,43.55,43.55,43.55,0,0
R22_PE,D,20180607,000000,43.353,43.353,42.466,42.86,0,0
R22_PE,D,20180608,000000,43.254,43.254,42.86,42.86,0,0
R22_PE,D,20180611,000000,43.55,43.55,41.382,42.86,0,0
R22_PE,D,20180612,000000,42.368,43.156,42.368,43.156,0,0
R22_PE,D,20180613,000000,44.535,44.535,41.678,41.678,0,0
R22_PE,D,20180614,000000,43.55,43.55,42.663,42.663,0,0
R22_PE,D,20180615,000000,42.86,43.156,42.466,42.466,0,0
R22_PE,D,20180618,000000,42.466,42.466,42.466,42.466,0,0
R22_PE,D,20180619,000000,42.466,42.466,40.2,42.466,0,0
R22_PE,D,20180620,000000,42.466,42.466,41.382,42.466,0,0
R22_PE,D,20180621,000000,42.959,42.959,41.776,42.466,0,0
R22_PE,D,20180622,000000,42.466,42.466,42.466,42.466,0,0
R22_PE,D,20180625,000000,41.776,42.466,41.776,42.466,0,0
R22_PE,D,20180626,000000,42.368,42.466,41.382,42.466,0,0
R22_PE,D,20180627,000000,43.156,43.156,42.466,42.466,0,0
R22_PE,D,20180628,000000,42.466,42.466,42.466,42.466,0,0
R22_PE,D,20180629,000000,43.057,43.057,42.86,42.86,0,0
R22_PE,D,20180702,000000,43.057,43.057,43.057,43.057,0,0
R22_PE,D,20180703,000000,43.057,43.057,41.579,42.663,0,0
R22_PE,D,20180704,000000,43.057,43.057,41.284,41.382,0,0
R22_PE,D,20180705,000000,41.382,41.382,40.693,41.382,0,0
R22_PE,D,20180706,000000,42.466,42.466,41.481,41.481,0,0
R22_PE,D,20180709,000000,41.284,41.284,40.2,40.299,0,0
R22_PE,D,20180710,000000,42.466,42.466,42.466,42.466,0,0
R22_PE,D,20180711,000000,41.974,41.974,41.974,41.974,0,0
R22_PE,D,20180712,000000,41.974,41.974,41.974,41.974,0,0
R22_PE,D,20180713,000000,41.974,41.974,41.974,41.974,0,0
R22_PE,D,20180716,000000,41.974,41.974,40.496,41.974,0,0
R22_PE,D,20180717,000000,42.466,42.466,42.466,42.466,0,0
R22_PE,D,20180718,000000,42.466,42.466,39.313,39.313,0,0
R22_PE,D,20180719,000000,40.693,40.693,39.313,40.693,0,0
R22_PE,D,20180720,000000,42.466,42.466,39.806,41.974,0,0
R22_PE,D,20180723,000000,41.284,41.382,41.284,41.382,0,0
R22_PE,D,20180724,000000,41.382,41.382,40.89,40.89,0,0
R22_PE,D,20180725,000000,40.89,40.89,40.003,40.791,0,0
R22_PE,D,20180726,000000,40.791,40.791,39.806,40.791,0,0
R22_PE,D,20180727,000000,40.791,40.791,39.313,40.2,0,0
R22_PE,D,20180730,000000,39.707,40.791,39.707,40.791,0,0
R22_PE,D,20180731,000000,40.791,43.057,40.791,42.959,0,0
R22_PE,D,20180801,000000,40.89,43.057,40.89,43.057,0,0
R22_PE,D,20180802,000000,43.057,43.057,43.057,43.057,0,0
R22_PE,D,20180803,000000,43.057,43.55,43.057,43.353,0,0
R22_PE,D,20180806,000000,43.353,43.353,42.466,42.466,0,0
R22_PE,D,20180807,000000,43.353,43.353,43.353,43.353,0,0
R22_PE,D,20180808,000000,43.353,43.353,40.693,42.466,0,0
R22_PE,D,20180809,000000,42.466,43.353,42.466,43.353,0,0
R22_PE,D,20180810,000000,42.466,43.353,42.466,43.353,0,0
R22_PE,D,20180813,000000,41.579,43.353,41.579,42.466,0,0
R22_PE,D,20180814,000000,42.466,43.353,42.466,43.353,0,0
R22_PE,D,20180816,000000,43.353,43.353,43.353,43.353,0,0
R22_PE,D,20180817,000000,43.353,43.353,42.368,43.353,0,0
R22_PE,D,20180820,000000,43.353,43.353,43.353,43.353,0,0
R22_PE,D,20180821,000000,43.254,43.353,43.254,43.353,0,0
R22_PE,D,20180822,000000,43.55,43.55,41.776,43.55,0,0
R22_PE,D,20180823,000000,44.437,44.437,43.451,43.55,0,0
R22_PE,D,20180824,000000,43.55,43.55,42.663,42.86,0,0
R22_PE,D,20180827,000000,42.86,43.353,42.86,43.353,0,0
R22_PE,D,20180828,000000,43.451,43.451,43.451,43.451,0,0
R22_PE,D,20180829,000000,41.087,43.353,41.087,43.353,0,0
R22_PE,D,20180830,000000,43.353,43.353,42.466,43.156,0,0
R22_PE,D,20180831,000000,43.156,43.156,42.171,42.86,0,0
R22_PE,D,20180903,000000,42.86,42.86,38.821,38.821,0,0
R22_PE,D,20180904,000000,40.397,40.594,38.624,40.003,0,0
R22_PE,D,20180905,000000,40.003,40.003,38.032,39.116,0,0
R22_PE,D,20180906,000000,39.116,40.101,38.426,40.101,0,0
R22_PE,D,20180907,000000,40.101,40.101,40.101,40.101,0,0
R22_PE,D,20180910,000000,40.003,40.003,40.003,40.003,0,0
R22_PE,D,20180911,000000,40.2,40.2,38.229,39.707,0,0
R22_PE,D,20180912,000000,39.707,40.2,38.328,40.2,0,0
R22_PE,D,20180913,000000,40.2,40.2,39.707,39.707,0,0
R22_PE,D,20180914,000000,39.707,40.003,38.229,40.003,0,0
R22_PE,D,20180917,000000,38.525,39.707,38.229,38.525,0,0
R22_PE,D,20180918,000000,40.299,40.299,37.343,37.638,0,0
R22_PE,D,20180919,000000,38.624,38.624,35.175,35.175,0,0
R22_PE,D,20180920,000000,35.668,35.668,32.613,32.613,0,0
R22_PE,D,20180921,000000,32.613,32.909,32.613,32.712,0,0
R22_PE,D,20180924,000000,33.993,33.993,32.909,33.796,0,0
R22_PE,D,20180925,000000,33.796,33.993,33.599,33.993,0,0
R22_PE,D,20180926,000000,33.993,37.047,33.993,37.047,0,0
R22_PE,D,20180927,000000,37.54,37.54,36.062,37.047,0,0
R22_PE,D,20180928,000000,37.047,37.047,37.047,37.047,0,0
R22_PE,D,20181001,000000,37.047,37.047,37.047,37.047,0,0
R22_PE,D,20181002,000000,37.441,37.441,34.584,34.584,0,0
R22_PE,D,20181003,000000,36.949,36.949,33.796,34.978,0,0
R22_PE,D,20181004,000000,36.653,36.653,34.978,36.653,0,0
R22_PE,D,20181005,000000,35.766,36.653,35.668,36.653,0,0
R22_PE,D,20181008,000000,36.653,36.653,34.584,36.062,0,0
R22_PE,D,20181009,000000,36.062,36.062,34.288,34.781,0,0
R22_PE,D,20181010,000000,36.16,36.16,33.204,33.993,0,0
R22_PE,D,20181011,000000,33.007,33.007,32.712,32.909,0,0
R22_PE,D,20181012,000000,33.894,33.894,32.121,33.106,0,0
R22_PE,D,20181015,000000,33.106,33.106,32.121,33.007,0,0
R22_PE,D,20181016,000000,32.121,32.712,32.121,32.219,0,0
R22_PE,D,20181017,000000,33.007,33.007,32.121,32.909,0,0
R22_PE,D,20181018,000000,32.909,32.909,32.909,32.909,0,0
R22_PE,D,20181019,000000,32.909,32.909,32.81,32.909,0,0
R22_PE,D,20181022,000000,32.909,33.993,32.909,33.993,0,0
R22_PE,D,20181023,000000,33.993,33.993,33.993,33.993,0,0
R22_PE,D,20181024,000000,33.993,33.993,32.121,33.401,0,0
R22_PE,D,20181025,000000,33.993,33.993,31.726,32.515,0,0
R22_PE,D,20181026,000000,33.401,33.401,31.825,33.401,0,0
R22_PE,D,20181029,000000,32.613,33.401,32.613,33.401,0,0
R22_PE,D,20181030,000000,33.894,33.993,33.894,33.993,0,0
R22_PE,D,20181031,000000,33.993,33.993,33.993,33.993,0,0
R22_PE,D,20181102,000000,33.993,33.993,33.5,33.993,0,0
R22_PE,D,20181105,000000,33.993,33.993,33.007,33.204,0,0
R22_PE,D,20181106,000000,33.993,33.993,33.599,33.993,0,0
R22_PE,D,20181107,000000,33.993,33.993,32.909,32.909,0,0
R22_PE,D,20181108,000000,33.894,33.993,33.894,33.993,0,0
R22_PE,D,20181109,000000,33.993,33.993,33.993,33.993,0,0
R22_PE,D,20181113,000000,33.993,33.993,33.993,33.993,0,0
R22_PE,D,20181114,000000,33.993,34.387,33.5,33.599,0,0
R22_PE,D,20181115,000000,34.584,35.471,33.993,33.993,0,0
R22_PE,D,20181116,000000,35.471,35.471,35.372,35.372,0,0
R22_PE,D,20181119,000000,32.909,35.372,31.431,31.529,0,0
R22_PE,D,20181120,000000,33.303,33.303,30.938,31.924,0,0
R22_PE,D,20181121,000000,32.318,32.318,26.997,26.997,0,0
R22_PE,D,20181122,000000,27.096,27.096,27.096,27.096,0,0
R22_PE,D,20181123,000000,27.096,27.293,27.096,27.293,0,0
R22_PE,D,20181126,000000,28.179,28.376,28.081,28.376,0,0
R22_PE,D,20181127,000000,28.475,28.771,28.475,28.771,0,0
R22_PE,D,20181128,000000,29.953,29.953,28.179,28.574,0,0
R22_PE,D,20181129,000000,29.953,29.953,28.081,28.771,0,0
R22_PE,D,20181130,000000,30.051,30.051,28.278,29.46,0,0
R22_PE,D,20181203,000000,28.278,29.854,28.278,29.263,0,0
R22_PE,D,20181204,000000,30.051,30.051,28.278,29.263,0,0
R22_PE,D,20181205,000000,29.263,29.263,28.179,28.179,0,0
R22_PE,D,20181206,000000,28.968,28.968,27.687,28.278,0,0
R22_PE,D,20181207,000000,28.278,28.574,28.278,28.574,0,0
R22_PE,D,20181210,000000,28.574,28.869,28.278,28.278,0,0
R22_PE,D,20181211,000000,28.771,28.771,28.179,28.179,0,0
R22_PE,D,20181212,000000,28.574,28.574,27.588,28.574,0,0
R22_PE,D,20181213,000000,28.771,28.771,28.672,28.672,0,0
R22_PE,D,20181214,000000,28.672,28.672,28.278,28.574,0,0
R22_PE,D,20181217,000000,28.869,28.869,28.278,28.475,0,0
R22_PE,D,20181218,000000,28.475,28.475,27.49,27.49,0,0
R22_PE,D,20181219,000000,28.179,28.179,28.081,28.179,0,0
R22_PE,D,20181220,000000,28.081,28.179,27.49,28.179,0,0
R22_PE,D,20181221,000000,28.179,28.179,26.307,26.307,0,0
R22_PE,D,20181227,000000,26.406,27.49,26.307,26.307,0,0
R22_PE,D,20181228,000000,26.307,26.307,25.322,26.307,0,0
R22_PE,D,20190102,000000,27.194,27.194,26.307,26.307,0,0
R22_PE,D,20190103,000000,26.307,26.406,26.012,26.11,0,0
R22_PE,D,20190104,000000,26.11,26.209,26.11,26.209,0,0
R22_PE,D,20190107,000000,26.209,26.209,26.012,26.209,0,0
R22_PE,D,20190108,000000,26.209,26.209,25.716,25.716,0,0
R22_PE,D,20190109,000000,25.913,25.913,25.716,25.913,0,0
R22_PE,D,20190110,000000,25.716,26.406,25.716,25.913,0,0
R22_PE,D,20190111,000000,26.504,26.504,25.519,25.519,0,0
R22_PE,D,20190114,000000,25.815,25.815,25.026,25.421,0,0
R22_PE,D,20190115,000000,25.421,25.815,25.026,25.815,0,0
R22_PE,D,20190116,000000,25.815,26.11,25.815,26.11,0,0
R22_PE,D,20190117,000000,26.11,26.11,26.11,26.11,0,0
R22_PE,D,20190118,000000,26.11,26.504,25.618,26.406,0,0
R22_PE,D,20190121,000000,26.406,27.194,26.012,27.096,0,0
R22_PE,D,20190122,000000,27.194,29.953,27.194,29.46,0,0
R22_PE,D,20190123,000000,29.46,29.854,29.46,29.756,0,0
R22_PE,D,20190124,000000,29.756,29.756,29.066,29.263,0,0
R22_PE,D,20190125,000000,29.657,30.249,29.657,30.051,0,0
R22_PE,D,20190128,000000,29.756,29.953,29.165,29.165,0,0
R22_PE,D,20190129,000000,29.559,29.559,26.8,28.574,0,0
R22_PE,D,20190130,000000,28.574,29.46,28.574,29.362,0,0
R22_PE,D,20190131,000000,29.362,29.362,29.263,29.362,0,0
R22_PE,D,20190201,000000,29.362,29.362,28.475,28.869,0,0
R22_PE,D,20190204,000000,28.869,28.869,28.869,28.869,0,0
R22_PE,D,20190205,000000,28.869,28.869,28.869,28.869,0,0
R22_PE,D,20190206,000000,28.771,28.771,27.096,27.588,0,0
R22_PE,D,20190207,000000,27.785,28.574,27.588,27.785,0,0
R22_PE,D,20190208,000000,27.194,27.293,26.307,26.307,0,0
R22_PE,D,20190211,000000,27.096,27.096,26.209,26.209,0,0
R22_PE,D,20190212,000000,27.687,29.953,27.096,29.756,0,0
R22_PE,D,20190213,000000,30.249,32.712,30.249,32.121,0,0
R22_PE,D,20190214,000000,32.909,33.5,31.332,32.022,0,0
R22_PE,D,20190215,000000,32.022,32.022,30.347,31.037,0,0
R22_PE,D,20190218,000000,31.529,31.529,30.347,31.135,0,0
R22_PE,D,20190219,000000,31.037,31.529,30.84,30.84,0,0
R22_PE,D,20190220,000000,30.051,31.234,30.051,31.234,0,0
R22_PE,D,20190221,000000,31.135,31.529,31.135,31.529,0,0
R22_PE,D,20190222,000000,31.529,31.529,30.938,31.037,0,0
R22_PE,D,20190225,000000,31.529,32.318,30.84,31.726,0,0
R22_PE,D,20190226,000000,31.726,32.613,31.234,31.726,0,0
R22_PE,D,20190227,000000,32.121,32.416,29.559,29.559,0,0
R22_PE,D,20190228,000000,29.854,29.854,29.066,29.756,0,0
R22_PE,D,20190301,000000,30.15,30.15,29.854,29.854,0,0
R22_PE,D,20190304,000000,29.854,29.854,29.854,29.854,0,0
R22_PE,D,20190305,000000,29.854,29.854,28.672,29.263,0,0
R22_PE,D,20190306,000000,29.46,29.46,28.968,29.362,0,0
R22_PE,D,20190307,000000,28.869,29.559,28.869,29.362,0,0
R22_PE,D,20190308,000000,29.46,29.46,29.066,29.46,0,0
R22_PE,D,20190311,000000,29.362,29.362,29.066,29.263,0,0
R22_PE,D,20190312,000000,29.263,29.46,27.884,29.263,0,0
R22_PE,D,20190313,000000,29.066,29.066,28.475,28.869,0,0
R22_PE,D,20190314,000000,28.869,28.869,28.376,28.376,0,0
R22_PE,D,20190315,000000,28.968,29.263,28.376,28.376,0,0
R22_PE,D,20190318,000000,28.869,28.869,28.869,28.869,0,0
R22_PE,D,20190319,000000,28.376,29.263,27.884,29.263,0,0
R22_PE,D,20190320,000000,29.263,32.515,29.263,31.726,0,0
R22_PE,D,20190321,000000,31.726,32.022,31.037,32.022,0,0
R22_PE,D,20190322,000000,32.022,32.022,31.332,31.332,0,0
R22_PE,D,20190325,000000,31.825,31.825,31.135,31.825,0,0
R22_PE,D,20190326,000000,31.628,31.628,31.332,31.332,0,0
R22_PE,D,20190327,000000,31.037,31.825,30.347,31.628,0,0
R22_PE,D,20190328,000000,31.628,31.726,31.628,31.726,0,0
R22_PE,D,20190329,000000,31.529,31.924,31.529,31.825,0,0
R22_PE,D,20190401,000000,31.628,32.613,31.628,31.825,0,0
R22_PE,D,20190402,000000,32.318,35.076,32.318,33.5,0,0
R22_PE,D,20190403,000000,33.697,34.19,33.697,33.796,0,0
R22_PE,D,20190404,000000,34.091,34.091,33.106,33.599,0,0
R22_PE,D,20190405,000000,33.894,34.288,33.401,34.288,0,0
R22_PE,D,20190408,000000,33.5,33.599,32.81,33.5,0,0
R22_PE,D,20190409,000000,33.5,33.5,32.515,33.303,0,0
R22_PE,D,20190410,000000,33.106,33.303,33.007,33.303,0,0
R22_PE,D,20190411,000000,33.106,33.106,33.106,33.106,0,0
R22_PE,D,20190412,000000,33.106,33.106,33.106,33.106,0,0
R22_PE,D,20190415,000000,32.022,33.401,32.022,33.303,0,0
R22_PE,D,20190416,000000,32.613,33.303,32.613,33.303,0,0
R22_PE,D,20190417,000000,33.303,33.5,32.318,33.303,0,0
R22_PE,D,20190418,000000,33.106,33.303,33.106,33.106,0,0
R22_PE,D,20190423,000000,33.106,33.106,33.106,33.106,0,0
R22_PE,D,20190424,000000,33.106,33.106,32.416,33.106,0,0
R22_PE,D,20190425,000000,33.106,33.106,32.613,33.007,0,0
R22_PE,D,20190426,000000,32.712,32.712,32.613,32.613,0,0
R22_PE,D,20190429,000000,32.613,32.613,32.121,32.121,0,0
R22_PE,D,20190430,000000,32.022,33.894,32.022,33.007,0,0
R22_PE,D,20190502,000000,33.303,33.303,33.303,33.303,0,0
R22_PE,D,20190506,000000,33.007,33.303,33.007,33.303,0,0
R22_PE,D,20190507,000000,33.303,33.303,33.303,33.303,0,0
R22_PE,D,20190508,000000,32.515,33.303,32.515,32.81,0,0
R22_PE,D,20190509,000000,32.613,32.613,29.362,29.657,0,0
R22_PE,D,20190510,000000,31.037,32.219,31.037,31.529,0,0
R22_PE,D,20190513,000000,31.529,31.529,31.037,31.234,0,0
R22_PE,D,20190514,000000,31.529,31.529,30.051,30.643,0,0
R22_PE,D,20190515,000000,30.84,30.84,28.968,30.15,0,0
R22_PE,D,20190516,000000,30.249,30.249,29.362,29.362,0,0
R22_PE,D,20190517,000000,29.362,30.544,29.362,30.249,0,0
R22_PE,D,20190520,000000,31.628,32.318,25.618,25.618,0,0
R22_PE,D,20190521,000000,25.716,26.209,24.928,25.618,0,0
R22_PE,D,20190522,000000,25.519,25.519,24.632,25.125,0,0
R22_PE,D,20190523,000000,25.125,25.224,25.125,25.125,0,0
R22_PE,D,20190524,000000,25.224,25.224,24.337,24.731,0,0
R22_PE,D,20190527,000000,24.041,24.928,24.041,24.928,0,0
R22_PE,D,20190528,000000,24.928,24.928,23.943,24.731,0,0
R22_PE,D,20190529,000000,24.928,24.928,24.041,24.041,0,0
R22_PE,D,20190530,000000,24.829,24.928,24.632,24.928,0,0
R22_PE,D,20190531,000000,25.224,25.519,25.125,25.125,0,0
R22_PE,D,20190603,000000,25.224,25.421,25.224,25.421,0,0
R22_PE,D,20190604,000000,25.421,25.716,25.421,25.716,0,0
R22_PE,D,20190605,000000,25.716,25.716,24.632,25.125,0,0
R22_PE,D,20190606,000000,25.125,25.125,24.435,24.632,0,0
R22_PE,D,20190607,000000,24.534,24.534,24.337,24.337,0,0
R22_PE,D,20190610,000000,24.534,24.632,24.337,24.632,0,0
R22_PE,D,20190611,000000,24.632,24.632,24.337,24.337,0,0
R22_PE,D,20190612,000000,24.435,24.435,24.337,24.337,0,0
R22_PE,D,20190613,000000,24.337,24.534,24.238,24.534,0,0
R22_PE,D,20190614,000000,24.534,26.406,24.534,26.209,0,0
R22_PE,D,20190617,000000,26.209,26.209,26.012,26.11,0,0
R22_PE,D,20190618,000000,26.8,27.096,26.11,27.096,0,0
R22_PE,D,20190619,000000,27.096,27.687,26.997,27.096,0,0
R22_PE,D,20190621,000000,26.997,26.997,26.209,26.603,0,0
R22_PE,D,20190624,000000,26.603,26.603,26.406,26.406,0,0
R22_PE,D,20190625,000000,27.096,27.096,26.701,26.701,0,0
R22_PE,D,20190626,000000,26.997,26.997,26.603,26.899,0,0
R22_PE,D,20190627,000000,26.899,26.899,26.209,26.701,0,0
R22_PE,D,20190628,000000,26.701,26.997,26.209,26.899,0,0
R22_PE,D,20190701,000000,26.899,27.391,26.899,27.391,0,0
R22_PE,D,20190702,000000,27.096,27.096,26.701,26.701,0,0
R22_PE,D,20190703,000000,26.997,26.997,26.701,26.701,0,0
R22_PE,D,20190704,000000,26.701,26.701,26.11,26.504,0,0
R22_PE,D,20190705,000000,26.603,26.603,25.815,26.603,0,0
R22_PE,D,20190708,000000,26.603,26.603,26.603,26.603,0,0
R22_PE,D,20190709,000000,26.603,26.603,25.815,26.603,0,0
R22_PE,D,20190710,000000,26.603,26.603,26.012,26.603,0,0
R22_PE,D,20190711,000000,26.504,26.504,25.618,25.815,0,0
R22_PE,D,20190712,000000,25.913,26.307,25.815,26.012,0,0
R22_PE,D,20190715,000000,26.012,26.012,25.716,25.913,0,0
R22_PE,D,20190716,000000,25.913,27.785,25.913,27.096,0,0
R22_PE,D,20190717,000000,27.194,27.49,27.096,27.096,0,0
R22_PE,D,20190718,000000,27.194,27.194,26.997,26.997,0,0
R22_PE,D,20190719,000000,27.096,27.096,26.8,26.8,0,0
R22_PE,D,20190722,000000,27.096,27.096,26.8,27.096,0,0
R22_PE,D,20190723,000000,27.194,27.194,26.701,26.701,0,0
R22_PE,D,20190724,000000,26.8,26.997,26.8,26.997,0,0
R22_PE,D,20190725,000000,27.096,27.884,26.899,27.884,0,0
R22_PE,D,20190726,000000,27.884,30.051,27.785,28.771,0,0
R22_PE,D,20190729,000000,28.771,29.362,28.475,28.968,0,0
R22_PE,D,20190730,000000,28.968,29.066,28.574,28.968,0,0
R22_PE,D,20190731,000000,28.968,29.362,28.574,28.574,0,0
R22_PE,D,20190801,000000,28.475,28.968,28.475,28.968,0,0
R22_PE,D,20190802,000000,28.968,29.066,28.376,28.475,0,0
R22_PE,D,20190805,000000,28.475,28.574,27.884,28.081,0,0
R22_PE,D,20190806,000000,27.785,28.771,27.096,28.475,0,0
R22_PE,D,20190807,000000,28.574,28.574,27.785,28.081,0,0
R22_PE,D,20190808,000000,28.081,28.179,27.982,28.179,0,0
R22_PE,D,20190809,000000,28.574,28.574,27.785,28.179,0,0
R22_PE,D,20190812,000000,28.081,28.179,28.081,28.179,0,0
R22_PE,D,20190813,000000,28.179,28.968,27.588,28.968,0,0
R22_PE,D,20190814,000000,28.968,29.756,28.968,29.657,0,0
R22_PE,D,20190816,000000,29.657,29.657,28.672,29.263,0,0
R22_PE,D,20190819,000000,29.263,29.559,28.179,28.574,0,0
R22_PE,D,20190820,000000,28.574,28.574,27.785,28.475,0,0
R22_PE,D,20190821,000000,28.475,28.475,28.179,28.475,0,0
R22_PE,D,20190822,000000,28.475,29.165,28.179,29.165,0,0
R22_PE,D,20190823,000000,28.869,29.165,28.869,29.165,0,0
R22_PE,D,20190826,000000,29.165,29.165,28.771,28.968,0,0
R22_PE,D,20190827,000000,28.869,28.869,28.574,28.869,0,0
R22_PE,D,20190828,000000,29.165,29.165,28.179,28.771,0,0
R22_PE,D,20190829,000000,28.771,28.771,28.574,28.574,0,0
R22_PE,D,20190830,000000,28.672,28.771,28.672,28.771,0,0
R22_PE,D,20190902,000000,28.475,28.475,27.982,28.081,0,0
R22_PE,D,20190903,000000,28.081,28.081,27.194,27.293,0,0
R22_PE,D,20190904,000000,27.293,27.293,26.307,27.293,0,0
R22_PE,D,20190905,000000,27.391,28.278,23.844,23.844,0,0
R22_PE,D,20190906,000000,24.238,24.238,24.14,24.14,0,0
R22_PE,D,20190909,000000,24.14,24.534,24.041,24.14,0,0
R22_PE,D,20190910,000000,24.14,24.14,23.647,23.844,0,0
R22_PE,D,20190911,000000,23.844,23.844,23.844,23.844,0,0
R22_PE,D,20190912,000000,23.943,23.943,23.647,23.746,0,0
R22_PE,D,20190913,000000,23.746,23.746,23.549,23.647,0,0
R22_PE,D,20190916,000000,23.549,23.549,22.662,23.253,0,0
R22_PE,D,20190917,000000,23.351,23.844,23.154,23.154,0,0
R22_PE,D,20190918,000000,22.957,23.746,22.957,23.746,0,0
R22_PE,D,20190919,000000,23.844,23.844,23.844,23.844,0,0
R22_PE,D,20190920,000000,23.844,23.943,23.253,23.844,0,0
R22_PE,D,20190923,000000,23.647,23.943,23.253,23.943,0,0
R22_PE,D,20190924,000000,23.943,23.943,23.844,23.943,0,0
R22_PE,D,20190925,000000,23.943,24.14,23.844,24.041,0,0
R22_PE,D,20190926,000000,24.041,24.041,23.549,24.041,0,0
R22_PE,D,20190927,000000,24.041,24.435,23.746,23.746,0,0
R22_PE,D,20190930,000000,23.844,24.041,23.647,23.746,0,0
R22_PE,D,20191001,000000,23.746,23.746,23.647,23.647,0,0
R22_PE,D,20191002,000000,23.647,23.647,23.253,23.45,0,0
R22_PE,D,20191003,000000,23.056,23.647,23.056,23.647,0,0
R22_PE,D,20191004,000000,23.647,23.844,23.253,23.746,0,0
R22_PE,D,20191007,000000,23.746,23.746,23.746,23.746,0,0
R22_PE,D,20191008,000000,23.647,23.647,23.549,23.549,0,0
R22_PE,D,20191009,000000,23.647,23.647,23.351,23.549,0,0
R22_PE,D,20191010,000000,23.549,23.647,23.154,23.45,0,0
R22_PE,D,20191011,000000,23.549,24.731,23.351,24.632,0,0
R22_PE,D,20191014,000000,24.5,25,24.4,24.4,0,0
R22_PE,D,20191015,000000,24.6,24.6,24.4,24.6,0,0
R22_PE,D,20191016,000000,24.6,24.6,24.6,24.6,0,0
R22_PE,D,20191017,000000,24.6,24.6,24.2,24.5,0,0
R22_PE,D,20191018,000000,24.5,24.6,24.3,24.6,0,0
R22_PE,D,20191021,000000,24.5,24.5,24,24.1,0,0
R22_PE,D,20191022,000000,24.5,24.5,24,24.1,0,0
R22_PE,D,20191023,000000,24.3,24.3,23.4,23.9,0,0
R22_PE,D,20191024,000000,24.3,24.3,24.3,24.3,0,0
R22_PE,D,20191025,000000,24.3,24.3,24,24.3,0,0
R22_PE,D,20191028,000000,24.2,24.3,24.2,24.3,0,0
R22_PE,D,20191029,000000,24.3,24.3,23.9,24.3,0,0
R22_PE,D,20191030,000000,24.3,24.5,23.5,24.5,0,0
R22_PE,D,20191031,000000,24.5,24.5,24,24.5,0,0
R22_PE,D,20191104,000000,24.5,24.6,24.2,24.5,0,0
R22_PE,D,20191105,000000,24.6,24.6,24.5,24.6,0,0
R22_PE,D,20191106,000000,24.6,24.6,23.9,24,0,0
R22_PE,D,20191107,000000,24.6,24.6,23.7,23.7,0,0
R22_PE,D,20191108,000000,23.9,24.2,23.3,23.3,0,0
R22_PE,D,20191112,000000,23.1,23.3,22.5,23,0,0
R22_PE,D,20191113,000000,23.2,23.2,22.5,22.8,0,0
R22_PE,D,20191114,000000,22.6,23.8,22.6,23.7,0,0
R22_PE,D,20191115,000000,23.8,23.8,23.8,23.8,0,0
R22_PE,D,20191118,000000,23.3,24.8,23.3,23.5,0,0
R22_PE,D,20191119,000000,23.5,24.7,23.3,24.2,0,0
R22_PE,D,20191120,000000,24.2,24.4,23.5,24.3,0,0
R22_PE,D,20191121,000000,24.3,24.3,23.6,24.1,0,0
R22_PE,D,20191122,000000,24.1,24.4,23.3,23.8,0,0
R22_PE,D,20191125,000000,23.8,24,23.3,23.8,0,0
R22_PE,D,20191126,000000,23.9,24.6,23.8,24.4,0,0
R22_PE,D,20191127,000000,24.5,24.7,24.2,24.5,0,0
R22_PE,D,20191128,000000,24.5,25.2,23.7,25.2,0,0
R22_PE,D,20191129,000000,24.7,25.5,24.7,25.5,0,0
R22_PE,D,20191202,000000,25.5,26.2,25.2,25.5,0,0
R22_PE,D,20191203,000000,25.5,25.6,25,25,0,0
R22_PE,D,20191204,000000,25.3,25.5,24.8,25.2,0,0
R22_PE,D,20191205,000000,25.3,25.8,25.1,25.5,0,0
R22_PE,D,20191206,000000,25.5,25.5,25,25,0,0
R22_PE,D,20191209,000000,25,25.1,24.9,25.1,0,0
R22_PE,D,20191210,000000,25.1,25.1,25,25,0,0
R22_PE,D,20191211,000000,25,25.1,24.8,24.8,0,0
R22_PE,D,20191212,000000,24.8,25,24.8,25,0,0
R22_PE,D,20191213,000000,25,25,25,25,0,0
R22_PE,D,20191216,000000,25,27.3,25,26.9,0,0
R22_PE,D,20191217,000000,26.9,27.7,26.4,26.7,0,0
R22_PE,D,20191218,000000,26.2,26.7,26,26.3,0,0
R22_PE,D,20191219,000000,26.4,26.5,26.3,26.5,0,0
R22_PE,D,20191220,000000,26.7,27.8,26.7,27.6,0,0
R22_PE,D,20191223,000000,27,27.6,26.8,27.1,0,0
R22_PE,D,20191227,000000,27.6,28.4,26.8,27.6,0,0
R22_PE,D,20191230,000000,27.6,27.9,26.7,26.7,0,0
R22_PE,D,20200102,000000,27.5,27.9,26.7,27.3,0,0
R22_PE,D,20200103,000000,27.4,27.4,26.7,27.3,0,0
R22_PE,D,20200107,000000,27.4,27.6,27,27.3,0,0
R22_PE,D,20200108,000000,27.3,27.7,27.2,27.7,0,0
R22_PE,D,20200109,000000,27.7,29.8,27.7,28.8,0,0
R22_PE,D,20200110,000000,29,29.6,29,29.5,0,0
R22_PE,D,20200113,000000,29.6,31.2,29.6,31.2,0,0
R22_PE,D,20200114,000000,31.9,31.9,29.8,29.8,0,0
R22_PE,D,20200115,000000,29.6,29.9,28.4,28.7,0,0
R22_PE,D,20200116,000000,29.3,30.1,28.4,28.4,0,0
R22_PE,D,20200117,000000,28.9,28.9,27.7,27.8,0,0
R22_PE,D,20200120,000000,28.1,28.1,27.1,27.2,0,0
R22_PE,D,20200121,000000,27.1,29.8,27.1,29.1,0,0
R22_PE,D,20200122,000000,29.4,29.4,28.5,28.6,0,0
R22_PE,D,20200123,000000,28.8,28.8,28,28.3,0,0
R22_PE,D,20200124,000000,28.1,30.4,28.1,29.5,0,0
R22_PE,D,20200127,000000,30,30,28,28,0,0
R22_PE,D,20200128,000000,28.5,29.3,28.3,28.7,0,0
R22_PE,D,20200129,000000,29,30,28.9,29.3,0,0
R22_PE,D,20200130,000000,28.7,29.3,28.6,28.6,0,0
R22_PE,D,20200131,000000,28.6,30.2,28.5,30.2,0,0
R22_PE,D,20200203,000000,30,30.4,29.6,30.4,0,0
R22_PE,D,20200204,000000,30.5,30.5,29.6,29.9,0,0
R22_PE,D,20200205,000000,30,30,29.1,29.4,0,0
R22_PE,D,20200206,000000,29.1,30.7,29.1,29.7,0,0
R22_PE,D,20200207,000000,30.2,30.3,29.2,29.8,0,0
R22_PE,D,20200210,000000,29.3,29.8,29.2,29.2,0,0
R22_PE,D,20200211,000000,29.4,30.9,29.4,30.4,0,0
R22_PE,D,20200212,000000,30.9,31,30.5,30.9,0,0
R22_PE,D,20200213,000000,31,32.2,30.3,31.6,0,0
R22_PE,D,20200214,000000,31.6,32.2,31,31.4,0,0
R22_PE,D,20200217,000000,31.4,32,30.8,31.3,0,0
R22_PE,D,20200218,000000,31.5,31.5,30.5,31.1,0,0
R22_PE,D,20200219,000000,31.2,32.6,30.9,31.3,0,0
R22_PE,D,20200220,000000,33,33,31.4,31.4,0,0
R22_PE,D,20200221,000000,31.6,32.1,29.8,29.8,0,0
R22_PE,D,20200224,000000,30,30.5,29.2,29.2,0,0
R22_PE,D,20200225,000000,30.2,31.4,26.8,26.8,0,0
R22_PE,D,20200226,000000,26.4,27.1,26,27,0,0
R22_PE,D,20200227,000000,26.8,26.8,23.4,24.6,0,0
R22_PE,D,20200228,000000,22.6,24.6,22,24.6,0,0
R22_PE,D,20200302,000000,24.6,26.3,24.6,26.2,0,0
R22_PE,D,20200303,000000,26.3,27.5,26.3,27.2,0,0
R22_PE,D,20200304,000000,27,27,26.4,26.6,0,0
R22_PE,D,20200305,000000,26.6,27.2,25.8,26.1,0,0
R22_PE,D,20200306,000000,26.1,26.1,24.9,25.6,0,0
R22_PE,D,20200309,000000,23.9,25.1,23.1,24.1,0,0
R22_PE,D,20200310,000000,23.8,24.6,22.8,22.9,0,0
R22_PE,D,20200311,000000,23,23,20.8,21.5,0,0
R22_PE,D,20200312,000000,20.5,21,18.9,19.6,0,0
R22_PE,D,20200313,000000,19.2,22.4,19,21.8,0,0
R22_PE,D,20200316,000000,21.8,21.8,20.8,21.5,0,0
R22_PE,D,20200317,000000,21.5,22.5,20.9,21.4,0,0
R22_PE,D,20200318,000000,21,22.8,21,21.5,0,0
R22_PE,D,20200319,000000,21.5,22.6,21.5,22.6,0,0
R22_PE,D,20200320,000000,22.7,23.4,21.7,22.5,0,0
R22_PE,D,20200323,000000,20.8,22,20.8,21.8,0,0
R22_PE,D,20200324,000000,22.5,23.5,22.5,23.5,0,0
R22_PE,D,20200325,000000,23.8,24.1,22.2,22.9,0,0
R22_PE,D,20200326,000000,22.9,23,22.5,23,0,0
R22_PE,D,20200327,000000,23.1,23.5,22.9,23.3,0,0
R22_PE,D,20200330,000000,23.4,23.4,22.7,23.3,0,0
R22_PE,D,20200331,000000,23.4,24.6,23.1,24.6,0,0
R22_PE,D,20200401,000000,24.6,24.6,23.7,24.2,0,0
R22_PE,D,20200402,000000,24.1,24.1,23.3,23.6,0,0
R22_PE,D,20200403,000000,23.6,23.7,23.2,23.6,0,0
R22_PE,D,20200406,000000,24.1,24.6,23.5,23.6,0,0
R22_PE,D,20200407,000000,24.1,24.4,23.4,23.6,0,0
R22_PE,D,20200408,000000,23.8,23.8,23.2,23.4,0,0
R22_PE,D,20200409,000000,23.6,24.1,22.5,24.1,0,0
R22_PE,D,20200414,000000,23.9,25.9,23.9,25.5,0,0
R22_PE,D,20200415,000000,25.7,25.7,24.6,24.8,0,0
R22_PE,D,20200416,000000,25.4,25.4,24.6,25.1,0,0
R22_PE,D,20200417,000000,25.5,26.2,25.1,25.1,0,0
R22_PE,D,20200420,000000,25.1,25.8,25.1,25.1,0,0
R22_PE,D,20200421,000000,25.7,26,23.4,24.5,0,0
R22_PE,D,20200422,000000,24.2,25,24,25,0,0
R22_PE,D,20200423,000000,25,27,25,26.6,0,0
R22_PE,D,20200424,000000,26.9,27.3,26.1,27.3,0,0
R22_PE,D,20200427,000000,27.3,29,27.3,28.9,0,0
R22_PE,D,20200428,000000,29,30.1,29,29.9,0,0
R22_PE,D,20200429,000000,30.3,30.3,28.9,29.3,0,0
R22_PE,D,20200430,000000,29.2,30.5,27.7,30.5,0,0
R22_PE,D,20200504,000000,29.2,30.2,29.1,29.5,0,0
R22_PE,D,20200505,000000,29.7,30.3,29.5,29.5,0,0
R22_PE,D,20200506,000000,29.2,29.7,29.2,29.2,0,0
R22_PE,D,20200507,000000,29.5,31.6,29.2,31.5,0,0
R22_PE,D,20200508,000000,32.5,32.5,30.8,30.9,0,0
R22_PE,D,20200511,000000,31.2,31.2,30.1,30.3,0,0
R22_PE,D,20200512,000000,30.7,33.4,30,32.8,0,0
R22_PE,D,20200513,000000,32.2,33.5,32.2,33.2,0,0
R22_PE,D,20200514,000000,33.2,33.3,29.7,30.7,0,0
R22_PE,D,20200515,000000,31.6,32.5,31.3,31.3,0,0
R22_PE,D,20200518,000000,32.6,33.2,32.6,32.8,0,0
R22_PE,D,20200519,000000,33.6,33.6,30.7,30.7,0,0
R22_PE,D,20200520,000000,31.1,31.1,29.7,30.1,0,0
R22_PE,D,20200521,000000,30.1,30.1,29.6,30,0,0
R22_PE,D,20200522,000000,29.7,30,29.4,29.9,0,0
R22_PE,D,20200525,000000,30,30.9,29.7,30.6,0,0
R22_PE,D,20200526,000000,30.8,31.3,30.7,30.8,0,0
R22_PE,D,20200527,000000,30.8,30.8,27.7,27.8,0,0
R22_PE,D,20200528,000000,28.4,29.1,28.4,28.5,0,0
R22_PE,D,20200529,000000,29.2,29.5,28.6,29.2,0,0
R22_PE,D,20200601,000000,29.2,30.1,29.2,29.7,0,0
R22_PE,D,20200602,000000,29.7,29.7,28.3,28.8,0,0
R22_PE,D,20200603,000000,29.1,29.6,28.3,29.2,0,0
R22_PE,D,20200604,000000,29.2,29.6,29.2,29.2,0,0
R22_PE,D,20200605,000000,29.5,29.5,29,29.2,0,0
R22_PE,D,20200608,000000,29.2,29.3,28.2,29.3,0,0
R22_PE,D,20200609,000000,29.3,29.3,28.1,28.2,0,0
R22_PE,D,20200610,000000,28.1,28.9,28.1,28.8,0,0
R22_PE,D,20200612,000000,28,28.2,27.6,28.2,0,0
R22_PE,D,20200615,000000,28.2,28.2,27.3,28,0,0
R22_PE,D,20200616,000000,28.3,29.4,28.2,29.4,0,0
R22_PE,D,20200617,000000,29.4,29.4,28.7,29.2,0,0
R22_PE,D,20200618,000000,29.2,29.7,29,29.2,0,0
R22_PE,D,20200619,000000,29.2,29.4,28.9,29.4,0,0
R22_PE,D,20200622,000000,29.5,30.1,29.2,29.2,0,0
R22_PE,D,20200623,000000,29.3,29.7,28.4,28.5,0,0
R22_PE,D,20200624,000000,28.3,28.9,28.1,28.7,0,0
R22_PE,D,20200625,000000,28.6,28.6,27.7,28,0,0
R22_PE,D,20200626,000000,28.2,28.2,26.8,26.9,0,0
R22_PE,D,20200629,000000,27,27,25.9,25.9,0,0
R22_PE,D,20200630,000000,26.1,27.3,26.1,27.3,0,0
R22_PE,D,20200701,000000,27.6,27.6,26.2,26.7,0,0
R22_PE,D,20200702,000000,26.8,28.3,26.2,27.4,0,0
R22_PE,D,20200703,000000,27.7,28.4,27.7,28.4,0,0
R22_PE,D,20200706,000000,28.5,29.9,28.5,29.6,0,0
R22_PE,D,20200707,000000,29.6,29.8,28.9,29.4,0,0
R22_PE,D,20200708,000000,29.4,29.7,29.1,29.6,0,0
R22_PE,D,20200709,000000,29.9,31.3,29,29.2,0,0
R22_PE,D,20200710,000000,29.2,29.3,28.2,28.7,0,0
R22_PE,D,20200713,000000,28.7,28.9,28.1,28.5,0,0
R22_PE,D,20200714,000000,28.5,28.7,28.3,28.3,0,0
R22_PE,D,20200715,000000,28.4,29.3,28.4,29.3,0,0
R22_PE,D,20200716,000000,29.2,29.5,28.7,29,0,0
R22_PE,D,20200717,000000,29.2,29.5,29,29.1,0,0
R22_PE,D,20200720,000000,29.7,31.2,29.2,31.2,0,0
R22_PE,D,20200721,000000,31.9,33.5,31.9,32.6,0,0
R22_PE,D,20200722,000000,33.2,33.2,31.7,32.7,0,0
R22_PE,D,20200723,000000,32.7,33.3,32.4,32.4,0,0
R22_PE,D,20200724,000000,33.1,33.1,31.3,31.5,0,0
R22_PE,D,20200727,000000,31.7,33.1,31.3,32.7,0,0
R22_PE,D,20200728,000000,32.6,32.6,31.8,31.9,0,0
R22_PE,D,20200729,000000,31.5,32.9,31.4,32.4,0,0
R22_PE,D,20200730,000000,33.2,33.5,27.7,29.2,0,0
R22_PE,D,20200731,000000,28.9,32.2,28.9,32.2,0,0
R22_PE,D,20200803,000000,31.8,33.3,31.8,33.1,0,0
R22_PE,D,20200804,000000,33.5,34.5,33.4,33.6,0,0
R22_PE,D,20200805,000000,34.4,34.9,33.4,33.4,0,0
R22_PE,D,20200806,000000,33.6,33.6,32.1,32.7,0,0
R22_PE,D,20200807,000000,33.5,33.5,31.7,31.7,0,0
R22_PE,D,20200810,000000,31.9,32.7,31.9,32.3,0,0
R22_PE,D,20200811,000000,32.5,32.5,31.7,31.8,0,0
R22_PE,D,20200812,000000,31.9,31.9,30.6,31.4,0,0
R22_PE,D,20200813,000000,31.3,32.3,31.3,31.5,0,0
R22_PE,D,20200814,000000,31.3,32.3,31.3,32.1,0,0
R22_PE,D,20200817,000000,32.1,33.2,32.1,33.1,0,0
R22_PE,D,20200818,000000,33.6,34.4,27.5,27.5,0,0
R22_PE,D,20200819,000000,27.3,27.9,26.8,27.6,0,0
R22_PE,D,20200820,000000,28,28.4,27.1,28.4,0,0
R22_PE,D,20200821,000000,28.4,29,28.1,28.3,0,0
