<TICKER>,<PER>,<DATE>,<TIME>,<OPEN>,<HIGH>,<LOW>,<CLOSE>,<VOL>,<OPENINT>
RBC_PE,D,20070813,000000,1.4,1.4,1.4,1.4,0,0
RBC_PE,D,20070814,000000,1.4,1.4,1.4,1.4,0,0
RBC_PE,D,20070816,000000,1.3,1.3,1.3,1.3,0,0
RBC_PE,D,20070817,000000,1.3,1.3,1.3,1.3,0,0
RBC_PE,D,20070820,000000,1.3,1.3,1.3,1.3,0,0
RBC_PE,D,20070821,000000,1.3,1.3,1.3,1.3,0,0
RBC_PE,D,20070822,000000,1.3,1.3,1.3,1.3,0,0
RBC_PE,D,20070823,000000,1.3,1.3,1.3,1.3,0,0
RBC_PE,D,20070824,000000,1.4,1.4,1.4,1.4,0,0
RBC_PE,D,20070827,000000,1.4,1.4,1.4,1.4,0,0
RBC_PE,D,20070828,000000,1.3,1.3,1.3,1.3,0,0
RBC_PE,D,20070829,000000,1.3,1.3,1.3,1.3,0,0
RBC_PE,D,20100324,000000,7.7,7.7,7.7,7.7,0,0
RBC_PE,D,20100325,000000,7.8,7.8,7.5,7.6,0,0
RBC_PE,D,20100326,000000,7.5,7.8,7.5,7.8,0,0
RBC_PE,D,20100329,000000,7.8,7.9,7.5,7.8,0,0
RBC_PE,D,20100330,000000,8.2,8.2,7.7,7.8,0,0
RBC_PE,D,20100331,000000,7.8,8,7.8,8,0,0
RBC_PE,D,20100401,000000,8.2,8.6,8.2,8.6,0,0
RBC_PE,D,20100406,000000,8.7,9.1,8.6,8.9,0,0
RBC_PE,D,20100407,000000,9,9.3,9,9.3,0,0
RBC_PE,D,20100408,000000,9.2,9.4,9,9.3,0,0
RBC_PE,D,20100409,000000,9.4,9.7,9.4,9.7,0,0
RBC_PE,D,20100412,000000,9.7,10.5,9.7,10.5,0,0
RBC_PE,D,20100413,000000,10.3,10.8,9.9,9.9,0,0
RBC_PE,D,20100414,000000,9.9,10.2,9.5,10.1,0,0
RBC_PE,D,20100415,000000,10,10.2,9.8,10.1,0,0
RBC_PE,D,20100416,000000,10,10,9.8,9.9,0,0
RBC_PE,D,20100419,000000,9.7,9.8,9.4,9.6,0,0
RBC_PE,D,20100420,000000,9.6,10.4,9.6,10.4,0,0
RBC_PE,D,20100421,000000,10.6,10.6,10.2,10.3,0,0
RBC_PE,D,20100422,000000,10.1,10.2,9.8,9.8,0,0
RBC_PE,D,20100423,000000,9.8,10,9.8,9.9,0,0
RBC_PE,D,20100426,000000,9.8,10.1,9.8,9.9,0,0
RBC_PE,D,20100427,000000,9.8,10.2,9.8,10,0,0
RBC_PE,D,20100428,000000,9.8,9.9,9.7,9.9,0,0
RBC_PE,D,20100429,000000,9.7,9.9,9.7,9.8,0,0
RBC_PE,D,20100430,000000,9.8,11,9.8,11,0,0
RBC_PE,D,20100504,000000,11,11,10.8,10.8,0,0
RBC_PE,D,20100505,000000,10.7,10.8,10.4,10.5,0,0
RBC_PE,D,20100506,000000,10.4,10.8,10.4,10.8,0,0
RBC_PE,D,20100507,000000,10.4,10.6,10.3,10.4,0,0
RBC_PE,D,20100510,000000,10.4,10.8,10.4,10.8,0,0
RBC_PE,D,20100511,000000,10.8,10.8,10.4,10.7,0,0
RBC_PE,D,20100512,000000,10.6,10.9,10.6,10.9,0,0
RBC_PE,D,20100513,000000,10.9,11,10.7,11,0,0
RBC_PE,D,20100514,000000,10.9,11,10.8,10.9,0,0
RBC_PE,D,20100517,000000,10.9,10.9,10.4,10.7,0,0
RBC_PE,D,20100518,000000,10.6,10.7,10.4,10.4,0,0
RBC_PE,D,20100519,000000,10.3,10.3,9.8,10.1,0,0
RBC_PE,D,20100520,000000,9.9,10,7.2,7.2,0,0
RBC_PE,D,20100521,000000,7.2,7.6,7.2,7.4,0,0
RBC_PE,D,20100524,000000,7.5,7.7,7.5,7.7,0,0
RBC_PE,D,20100525,000000,7.5,7.5,7.3,7.4,0,0
RBC_PE,D,20100526,000000,7.5,7.7,7.4,7.7,0,0
RBC_PE,D,20100527,000000,7.6,7.9,7.6,7.9,0,0
RBC_PE,D,20100528,000000,8,8.3,7.8,7.8,0,0
RBC_PE,D,20100531,000000,8,8,7.8,8,0,0
RBC_PE,D,20100601,000000,7.8,7.9,7.7,7.9,0,0
RBC_PE,D,20100602,000000,7.7,8,7.5,8,0,0
RBC_PE,D,20100604,000000,8,8.1,7.9,8,0,0
RBC_PE,D,20100607,000000,7.8,8.1,7.8,8,0,0
RBC_PE,D,20100608,000000,8,8,7.9,8,0,0
RBC_PE,D,20100609,000000,7.9,8.5,7.8,8.5,0,0
RBC_PE,D,20100610,000000,8.5,8.7,8.2,8.7,0,0
RBC_PE,D,20100611,000000,8.5,8.7,8.3,8.3,0,0
RBC_PE,D,20100614,000000,8.3,8.6,8.3,8.5,0,0
RBC_PE,D,20100615,000000,8.5,8.5,8.1,8.1,0,0
RBC_PE,D,20100616,000000,8.2,8.4,8.1,8.2,0,0
RBC_PE,D,20100617,000000,8,8.2,7.9,8,0,0
RBC_PE,D,20100618,000000,8.1,8.2,7.9,8,0,0
RBC_PE,D,20100621,000000,8,8.4,8,8.1,0,0
RBC_PE,D,20100622,000000,8,8.1,7.8,8,0,0
RBC_PE,D,20100623,000000,7.8,7.9,7.7,7.9,0,0
RBC_PE,D,20100624,000000,7.8,7.9,7.5,7.6,0,0
RBC_PE,D,20100625,000000,7.6,7.8,7.6,7.8,0,0
RBC_PE,D,20100628,000000,7.6,7.8,7.6,7.8,0,0
RBC_PE,D,20100629,000000,7.7,7.8,7.4,7.6,0,0
RBC_PE,D,20100630,000000,7.5,8,7.4,7.7,0,0
RBC_PE,D,20100701,000000,7.7,7.9,7.7,7.8,0,0
RBC_PE,D,20100702,000000,7.8,8,7.8,7.8,0,0
RBC_PE,D,20100705,000000,7.8,7.9,7.8,7.9,0,0
RBC_PE,D,20100706,000000,7.8,7.9,7.8,7.9,0,0
RBC_PE,D,20100707,000000,7.7,7.9,7.7,7.9,0,0
RBC_PE,D,20100708,000000,7.9,8,7.9,7.9,0,0
RBC_PE,D,20100709,000000,7.9,8,7.9,8,0,0
RBC_PE,D,20100712,000000,7.9,7.9,7.8,7.9,0,0
RBC_PE,D,20100713,000000,7.9,8.1,7.8,8,0,0
RBC_PE,D,20100714,000000,8,8,7.8,7.9,0,0
RBC_PE,D,20100715,000000,7.8,7.9,7.8,7.8,0,0
RBC_PE,D,20100716,000000,7.7,7.9,7.7,7.7,0,0
RBC_PE,D,20100719,000000,7.8,8,7.7,7.9,0,0
RBC_PE,D,20100720,000000,7.7,7.9,7.7,7.9,0,0
RBC_PE,D,20100721,000000,7.9,8,7.8,8,0,0
RBC_PE,D,20100722,000000,8,8,7.8,7.9,0,0
RBC_PE,D,20100723,000000,7.9,7.9,7.9,7.9,0,0
RBC_PE,D,20100726,000000,7.9,8,7.9,8,0,0
RBC_PE,D,20100727,000000,8,8,7.7,7.8,0,0
RBC_PE,D,20100728,000000,7.7,8,7.7,8,0,0
RBC_PE,D,20100729,000000,7.9,8,7.9,7.9,0,0
RBC_PE,D,20100730,000000,8,8.4,7.9,8.1,0,0
RBC_PE,D,20100802,000000,8.2,8.6,8.1,8.1,0,0
RBC_PE,D,20100803,000000,8.2,8.5,7.9,8.5,0,0
RBC_PE,D,20100804,000000,8.5,8.5,8.3,8.3,0,0
RBC_PE,D,20100805,000000,8.3,8.4,8.2,8.4,0,0
RBC_PE,D,20100806,000000,8.4,8.6,8.1,8.6,0,0
RBC_PE,D,20100809,000000,8.7,8.9,8.4,8.8,0,0
RBC_PE,D,20100810,000000,8.8,9,8.7,8.9,0,0
RBC_PE,D,20100811,000000,8.9,9.1,8.9,9,0,0
RBC_PE,D,20100812,000000,8.9,9.3,8.9,9.2,0,0
RBC_PE,D,20100813,000000,9.3,9.5,9,9.2,0,0
RBC_PE,D,20100816,000000,9.2,9.2,9,9.1,0,0
RBC_PE,D,20100817,000000,9,9.1,9,9,0,0
RBC_PE,D,20100818,000000,9,9.4,9,9.2,0,0
RBC_PE,D,20100819,000000,9.3,9.3,8.9,9.2,0,0
RBC_PE,D,20100820,000000,9.2,9.5,9.1,9.3,0,0
RBC_PE,D,20100823,000000,9.4,10,9.4,10,0,0
RBC_PE,D,20100824,000000,9.9,9.9,9.5,9.5,0,0
RBC_PE,D,20100825,000000,9.5,9.5,9.1,9.3,0,0
RBC_PE,D,20100826,000000,9.4,9.5,9.2,9.5,0,0
RBC_PE,D,20100827,000000,9.4,9.5,9.3,9.5,0,0
RBC_PE,D,20100830,000000,9.4,9.5,9.2,9.5,0,0
RBC_PE,D,20100831,000000,9.3,9.6,9.1,9.6,0,0
RBC_PE,D,20100901,000000,9.6,9.6,9.3,9.6,0,0
RBC_PE,D,20100902,000000,9.6,10,6.7,6.7,0,0
RBC_PE,D,20100903,000000,6.6,6.8,6.5,6.8,0,0
RBC_PE,D,20100906,000000,6.9,7.1,6.9,7.1,0,0
RBC_PE,D,20100907,000000,7.1,7.3,7.1,7.2,0,0
RBC_PE,D,20100908,000000,7.1,7.1,6.9,7,0,0
RBC_PE,D,20100909,000000,6.9,7,6.7,7,0,0
RBC_PE,D,20100910,000000,7,7,6.9,7,0,0
RBC_PE,D,20100913,000000,7,7,6.9,7,0,0
RBC_PE,D,20100914,000000,7,7,6.9,6.9,0,0
RBC_PE,D,20100915,000000,6.9,7,6.8,7,0,0
RBC_PE,D,20100916,000000,7,7.1,6.9,6.9,0,0
RBC_PE,D,20100917,000000,7,7.1,6.8,7.1,0,0
RBC_PE,D,20100920,000000,7.1,7.2,7,7.1,0,0
RBC_PE,D,20100921,000000,7.1,7.2,7.1,7.1,0,0
RBC_PE,D,20100922,000000,7.2,7.2,7,7.1,0,0
RBC_PE,D,20100923,000000,7,7,7,7,0,0
RBC_PE,D,20100924,000000,7.1,7.1,6.9,6.9,0,0
RBC_PE,D,20100927,000000,7,7.1,6.9,7,0,0
RBC_PE,D,20100928,000000,6.9,7.1,6.9,7,0,0
RBC_PE,D,20100929,000000,6.9,7.1,6.9,7,0,0
RBC_PE,D,20100930,000000,6.9,7.1,6.9,7.1,0,0
RBC_PE,D,20101001,000000,7,7.7,7,7.6,0,0
RBC_PE,D,20101004,000000,7.6,7.9,7.5,7.7,0,0
RBC_PE,D,20101005,000000,7.8,7.9,7.5,7.6,0,0
RBC_PE,D,20101006,000000,7.6,7.6,7.5,7.6,0,0
RBC_PE,D,20101007,000000,7.6,7.8,7.4,7.7,0,0
RBC_PE,D,20101008,000000,7.7,7.8,7.6,7.8,0,0
RBC_PE,D,20101011,000000,7.9,8,7.9,8,0,0
RBC_PE,D,20101012,000000,8,8,7.7,7.9,0,0
RBC_PE,D,20101013,000000,8,8,7.5,7.5,0,0
RBC_PE,D,20101014,000000,7.6,7.8,7.5,7.6,0,0
RBC_PE,D,20101015,000000,7.5,7.9,7.5,7.7,0,0
RBC_PE,D,20101018,000000,7.7,7.8,7.6,7.6,0,0
RBC_PE,D,20101019,000000,7.6,7.7,7.4,7.6,0,0
RBC_PE,D,20101020,000000,7.5,7.7,7.5,7.6,0,0
RBC_PE,D,20101021,000000,7.6,7.7,7.5,7.5,0,0
RBC_PE,D,20101022,000000,7.4,7.5,7.2,7.4,0,0
RBC_PE,D,20101025,000000,7.3,7.5,7.3,7.3,0,0
RBC_PE,D,20101026,000000,7.2,7.3,7.2,7.3,0,0
RBC_PE,D,20101027,000000,7.2,7.2,7.1,7.1,0,0
RBC_PE,D,20101028,000000,7.1,7.2,7,7.1,0,0
RBC_PE,D,20101029,000000,7.2,7.4,7.2,7.3,0,0
RBC_PE,D,20101102,000000,7.4,7.5,7.3,7.4,0,0
RBC_PE,D,20101103,000000,7.5,7.9,7.5,7.5,0,0
RBC_PE,D,20101104,000000,7.5,7.5,7.1,7.3,0,0
RBC_PE,D,20101105,000000,7.3,7.4,7,7.3,0,0
RBC_PE,D,20101108,000000,7.4,7.5,7.3,7.4,0,0
RBC_PE,D,20101109,000000,7.5,7.8,7.5,7.8,0,0
RBC_PE,D,20101110,000000,7.9,7.9,7.6,7.6,0,0
RBC_PE,D,20101112,000000,7.5,7.6,7.4,7.6,0,0
RBC_PE,D,20101115,000000,7.6,7.6,7.3,7.4,0,0
RBC_PE,D,20101116,000000,7.3,7.3,7.1,7.1,0,0
RBC_PE,D,20101117,000000,7.1,7.2,6.8,6.9,0,0
RBC_PE,D,20101118,000000,7,7.2,7,7,0,0
RBC_PE,D,20101119,000000,7,7.1,5,5,0,0
RBC_PE,D,20101122,000000,5,5,4.9,4.9,0,0
RBC_PE,D,20101123,000000,4.9,4.9,4.7,4.7,0,0
RBC_PE,D,20101124,000000,4.7,4.7,4.6,4.7,0,0
RBC_PE,D,20101125,000000,4.7,4.9,4.7,4.9,0,0
RBC_PE,D,20101126,000000,4.9,4.9,4.8,4.9,0,0
RBC_PE,D,20101129,000000,4.9,4.9,4.7,4.7,0,0
RBC_PE,D,20101130,000000,4.7,4.7,4.6,4.7,0,0
RBC_PE,D,20101201,000000,4.7,4.8,4.7,4.8,0,0
RBC_PE,D,20101202,000000,4.8,5.1,4.8,5,0,0
RBC_PE,D,20101203,000000,4.9,5,4.9,5,0,0
RBC_PE,D,20101206,000000,4.9,5,4.8,4.9,0,0
RBC_PE,D,20101207,000000,4.9,5,4.8,4.9,0,0
RBC_PE,D,20101208,000000,4.8,4.9,4.8,4.8,0,0
RBC_PE,D,20101209,000000,4.8,4.9,4.8,4.9,0,0
RBC_PE,D,20101210,000000,4.9,4.9,4.7,4.7,0,0
RBC_PE,D,20101213,000000,4.7,4.7,4.6,4.6,0,0
RBC_PE,D,20101214,000000,4.6,4.8,4.6,4.7,0,0
RBC_PE,D,20101215,000000,4.7,4.7,4.5,4.7,0,0
RBC_PE,D,20101216,000000,4.7,4.7,4.7,4.7,0,0
RBC_PE,D,20101217,000000,4.7,4.7,4.7,4.7,0,0
RBC_PE,D,20101220,000000,4.7,4.7,4.6,4.7,0,0
RBC_PE,D,20101221,000000,4.6,4.7,4.6,4.6,0,0
RBC_PE,D,20101222,000000,4.6,4.7,4.6,4.7,0,0
RBC_PE,D,20101223,000000,4.7,4.7,4.5,4.6,0,0
RBC_PE,D,20101227,000000,4.6,4.6,4.4,4.6,0,0
RBC_PE,D,20101228,000000,4.5,4.6,4.4,4.5,0,0
RBC_PE,D,20101229,000000,4.5,4.5,4.4,4.5,0,0
RBC_PE,D,20101230,000000,4.4,4.5,4.4,4.5,0,0
RBC_PE,D,20101231,000000,4.5,4.7,4.5,4.6,0,0
RBC_PE,D,20110103,000000,4.6,4.6,4.5,4.6,0,0
RBC_PE,D,20110104,000000,4.6,4.6,4.4,4.5,0,0
RBC_PE,D,20110105,000000,4.5,4.6,4.4,4.6,0,0
RBC_PE,D,20110107,000000,4.6,4.6,4.5,4.6,0,0
RBC_PE,D,20110110,000000,4.6,4.6,4.6,4.6,0,0
RBC_PE,D,20110111,000000,4.6,4.8,4.6,4.7,0,0
RBC_PE,D,20110112,000000,4.7,5,4.7,4.9,0,0
RBC_PE,D,20110113,000000,4.9,5,4.9,5,0,0
RBC_PE,D,20110114,000000,5,5,5,5,0,0
RBC_PE,D,20110117,000000,5,5,4.9,5,0,0
RBC_PE,D,20110118,000000,5,5.1,5,5.1,0,0
RBC_PE,D,20110119,000000,5.1,5.1,5.1,5.1,0,0
RBC_PE,D,20110120,000000,5.1,5.1,4.9,4.9,0,0
RBC_PE,D,20110121,000000,4.8,4.9,4.6,4.8,0,0
RBC_PE,D,20110124,000000,4.8,4.8,4.7,4.8,0,0
RBC_PE,D,20110125,000000,4.8,4.9,4.8,4.8,0,0
RBC_PE,D,20110126,000000,4.8,4.9,4.7,4.9,0,0
RBC_PE,D,20110127,000000,4.9,4.9,4.9,4.9,0,0
RBC_PE,D,20110128,000000,4.9,4.9,4.9,4.9,0,0
RBC_PE,D,20110131,000000,4.9,4.9,4.8,4.9,0,0
RBC_PE,D,20110201,000000,4.9,4.9,4.7,4.8,0,0
RBC_PE,D,20110202,000000,4.8,4.8,4.6,4.7,0,0
RBC_PE,D,20110203,000000,4.7,4.9,4.6,4.8,0,0
RBC_PE,D,20110204,000000,4.8,4.8,4.7,4.8,0,0
RBC_PE,D,20110207,000000,4.8,4.8,4.7,4.7,0,0
RBC_PE,D,20110208,000000,4.7,4.7,4.6,4.7,0,0
RBC_PE,D,20110209,000000,4.7,4.7,4.6,4.7,0,0
RBC_PE,D,20110210,000000,4.6,4.7,4.6,4.7,0,0
RBC_PE,D,20110211,000000,4.6,4.7,4.6,4.6,0,0
RBC_PE,D,20110214,000000,4.6,4.7,4.6,4.7,0,0
RBC_PE,D,20110215,000000,4.7,4.8,4.7,4.8,0,0
RBC_PE,D,20110216,000000,4.8,4.9,4.8,4.9,0,0
RBC_PE,D,20110217,000000,4.9,4.9,4.7,4.7,0,0
RBC_PE,D,20110218,000000,4.8,4.8,4.7,4.7,0,0
RBC_PE,D,20110221,000000,4.7,4.8,4.7,4.8,0,0
RBC_PE,D,20110222,000000,4.8,4.8,4.7,4.8,0,0
RBC_PE,D,20110223,000000,4.8,4.9,4.8,4.9,0,0
RBC_PE,D,20110224,000000,4.9,4.9,4.8,4.8,0,0
RBC_PE,D,20110225,000000,4.8,4.8,4.7,4.7,0,0
RBC_PE,D,20110228,000000,4.7,4.7,4.7,4.7,0,0
RBC_PE,D,20110301,000000,4.7,4.7,4.6,4.6,0,0
RBC_PE,D,20110302,000000,4.6,4.7,4.5,4.7,0,0
RBC_PE,D,20110303,000000,4.6,4.7,4.6,4.6,0,0
RBC_PE,D,20110304,000000,4.6,4.9,4.6,4.8,0,0
RBC_PE,D,20110307,000000,4.8,4.8,4.6,4.8,0,0
RBC_PE,D,20110308,000000,4.8,4.9,4.7,4.9,0,0
RBC_PE,D,20110309,000000,4.9,4.9,4.8,4.8,0,0
RBC_PE,D,20110310,000000,4.8,4.8,4.7,4.7,0,0
RBC_PE,D,20110311,000000,4.7,4.7,4.6,4.7,0,0
RBC_PE,D,20110314,000000,4.7,4.7,4.7,4.7,0,0
RBC_PE,D,20110315,000000,4.7,4.7,4.5,4.6,0,0
RBC_PE,D,20110316,000000,4.6,4.7,4.6,4.7,0,0
RBC_PE,D,20110317,000000,4.7,4.7,4.6,4.7,0,0
RBC_PE,D,20110318,000000,4.6,4.7,4.6,4.7,0,0
RBC_PE,D,20110321,000000,4.7,4.9,4.7,4.9,0,0
RBC_PE,D,20110322,000000,4.9,5.2,4.7,5.2,0,0
RBC_PE,D,20110323,000000,5.2,5.7,5.1,5.7,0,0
RBC_PE,D,20110324,000000,5.7,5.7,5.5,5.7,0,0
RBC_PE,D,20110325,000000,5.7,5.9,5.6,5.9,0,0
RBC_PE,D,20110328,000000,5.9,6,5.8,5.9,0,0
RBC_PE,D,20110329,000000,5.8,5.9,5.7,5.8,0,0
RBC_PE,D,20110330,000000,5.8,5.9,5.6,5.6,0,0
RBC_PE,D,20110331,000000,5.6,5.8,5.6,5.8,0,0
RBC_PE,D,20110401,000000,5.8,5.8,5.7,5.8,0,0
RBC_PE,D,20110404,000000,5.8,5.8,5.6,5.6,0,0
RBC_PE,D,20110405,000000,5.6,5.7,5.6,5.6,0,0
RBC_PE,D,20110406,000000,5.6,5.6,5.4,5.5,0,0
RBC_PE,D,20110407,000000,5.5,5.6,5.5,5.6,0,0
RBC_PE,D,20110408,000000,5.6,5.6,5.5,5.6,0,0
RBC_PE,D,20110411,000000,5.6,5.6,5.5,5.5,0,0
RBC_PE,D,20110412,000000,5.5,5.6,5.4,5.6,0,0
RBC_PE,D,20110413,000000,5.5,5.7,5.5,5.6,0,0
RBC_PE,D,20110414,000000,5.6,5.6,5.3,5.5,0,0
RBC_PE,D,20110415,000000,5.4,5.5,5.3,5.5,0,0
RBC_PE,D,20110418,000000,5.4,5.5,5.4,5.5,0,0
RBC_PE,D,20110419,000000,5.4,5.7,5.4,5.6,0,0
RBC_PE,D,20110420,000000,5.6,5.8,5.5,5.8,0,0
RBC_PE,D,20110421,000000,5.7,5.9,5.7,5.9,0,0
RBC_PE,D,20110426,000000,5.8,5.9,5.8,5.8,0,0
RBC_PE,D,20110427,000000,5.7,5.9,5.7,5.9,0,0
RBC_PE,D,20110428,000000,5.9,6.6,5.9,6.5,0,0
RBC_PE,D,20110429,000000,6.5,6.5,6.2,6.5,0,0
RBC_PE,D,20110502,000000,6.4,6.5,6.3,6.4,0,0
RBC_PE,D,20110504,000000,6.4,6.4,6,6.2,0,0
RBC_PE,D,20110505,000000,6.2,6.3,6,6.2,0,0
RBC_PE,D,20110506,000000,6.1,6.2,6,6.2,0,0
RBC_PE,D,20110509,000000,6.2,6.2,6,6.1,0,0
RBC_PE,D,20110510,000000,6,6.3,6,6.2,0,0
RBC_PE,D,20110511,000000,6.2,6.2,6.1,6.2,0,0
RBC_PE,D,20110512,000000,6.2,6.2,6,6.2,0,0
RBC_PE,D,20110513,000000,6.2,6.6,6.2,6.5,0,0
RBC_PE,D,20110516,000000,6.5,6.5,6.4,6.5,0,0
RBC_PE,D,20110517,000000,6.4,7.4,5.9,7.4,0,0
RBC_PE,D,20110518,000000,7.5,7.5,6.9,7.1,0,0
RBC_PE,D,20110519,000000,7,7.2,7,7.1,0,0
RBC_PE,D,20110520,000000,7.1,7.1,6.9,7,0,0
RBC_PE,D,20110523,000000,6.9,6.9,6.6,6.7,0,0
RBC_PE,D,20110524,000000,6.7,6.9,6.7,6.8,0,0
RBC_PE,D,20110525,000000,6.9,6.9,6.7,6.9,0,0
RBC_PE,D,20110526,000000,6.9,7,6.8,6.9,0,0
RBC_PE,D,20110527,000000,6.9,7,6.8,6.9,0,0
RBC_PE,D,20110530,000000,6.9,7.1,6.8,6.9,0,0
RBC_PE,D,20110531,000000,6.9,7.1,6.8,7,0,0
RBC_PE,D,20110601,000000,7,7.1,6.7,6.8,0,0
RBC_PE,D,20110602,000000,6.7,6.9,6.6,6.8,0,0
RBC_PE,D,20110603,000000,6.7,6.8,6.5,6.7,0,0
RBC_PE,D,20110606,000000,6.7,6.8,6.6,6.6,0,0
RBC_PE,D,20110607,000000,6.6,6.7,6.5,6.6,0,0
RBC_PE,D,20110608,000000,6.5,6.7,6.5,6.7,0,0
RBC_PE,D,20110609,000000,6.6,6.7,6.6,6.7,0,0
RBC_PE,D,20110610,000000,6.8,6.8,6.6,6.7,0,0
RBC_PE,D,20110613,000000,6.7,6.7,6.5,6.6,0,0
RBC_PE,D,20110614,000000,6.6,6.7,6.5,6.7,0,0
RBC_PE,D,20110615,000000,6.8,6.8,6.6,6.6,0,0
RBC_PE,D,20110616,000000,6.5,6.6,6.5,6.6,0,0
RBC_PE,D,20110617,000000,6.6,6.6,6.5,6.5,0,0
RBC_PE,D,20110620,000000,6.5,6.6,6.3,6.3,0,0
RBC_PE,D,20110621,000000,6.3,6.4,6.2,6.4,0,0
RBC_PE,D,20110622,000000,6.3,6.4,6.2,6.2,0,0
RBC_PE,D,20110624,000000,6.1,6.2,6,6.1,0,0
RBC_PE,D,20110627,000000,6.1,6.1,5.9,5.9,0,0
RBC_PE,D,20110628,000000,5.9,6.2,5.8,6.2,0,0
RBC_PE,D,20110629,000000,6.1,6.1,6,6,0,0
RBC_PE,D,20110630,000000,6.1,6.1,5.9,5.9,0,0
RBC_PE,D,20110701,000000,5.9,6,5.8,6,0,0
RBC_PE,D,20110704,000000,5.9,6,5.8,5.9,0,0
RBC_PE,D,20110705,000000,5.9,6.1,5.9,6,0,0
RBC_PE,D,20110706,000000,6,6.1,5.9,6,0,0
RBC_PE,D,20110707,000000,6,6.1,5.9,6.1,0,0
RBC_PE,D,20110708,000000,6,6.1,5.9,6,0,0
RBC_PE,D,20110711,000000,6,6.1,5.9,6,0,0
RBC_PE,D,20110712,000000,5.9,5.9,5.8,5.9,0,0
RBC_PE,D,20110713,000000,5.9,5.9,5.8,5.9,0,0
RBC_PE,D,20110714,000000,5.8,5.9,5.8,5.8,0,0
RBC_PE,D,20110715,000000,5.8,5.8,5.7,5.7,0,0
RBC_PE,D,20110718,000000,5.7,5.7,5.2,5.2,0,0
RBC_PE,D,20110719,000000,5.2,5.3,5.1,5.1,0,0
RBC_PE,D,20110720,000000,5,5.2,5,5.2,0,0
RBC_PE,D,20110721,000000,5.2,5.5,5.1,5.5,0,0
RBC_PE,D,20110722,000000,5.4,5.6,5.4,5.5,0,0
RBC_PE,D,20110725,000000,5.4,5.4,5.3,5.4,0,0
RBC_PE,D,20110726,000000,5.3,5.3,5.2,5.3,0,0
RBC_PE,D,20110727,000000,5.3,5.3,5.2,5.2,0,0
RBC_PE,D,20110728,000000,5.2,5.2,5.1,5.2,0,0
RBC_PE,D,20110729,000000,5.1,5.2,5,5.2,0,0
RBC_PE,D,20110801,000000,5.1,5.2,5.1,5.2,0,0
RBC_PE,D,20110802,000000,5.2,5.2,5,5.1,0,0
RBC_PE,D,20110803,000000,5,5.1,4.8,4.8,0,0
RBC_PE,D,20110804,000000,4.8,4.8,4.4,4.4,0,0
RBC_PE,D,20110805,000000,4.1,4.7,3.8,4.7,0,0
RBC_PE,D,20110808,000000,5.3,5.3,4.4,4.7,0,0
RBC_PE,D,20110809,000000,4.5,4.9,4.3,4.3,0,0
RBC_PE,D,20110810,000000,4.4,4.6,4.2,4.4,0,0
RBC_PE,D,20110811,000000,4.3,4.3,4,4.3,0,0
RBC_PE,D,20110812,000000,4.3,4.7,4.2,4.7,0,0
RBC_PE,D,20110816,000000,4.6,4.8,4.4,4.5,0,0
RBC_PE,D,20110817,000000,4.4,4.7,4.4,4.7,0,0
RBC_PE,D,20110818,000000,4.7,4.7,4,4,0,0
RBC_PE,D,20110819,000000,4.1,4.3,3.9,4.3,0,0
RBC_PE,D,20110822,000000,4.3,4.5,4.2,4.5,0,0
RBC_PE,D,20110823,000000,4.6,4.7,4.4,4.6,0,0
RBC_PE,D,20110824,000000,4.6,4.6,4.4,4.4,0,0
RBC_PE,D,20110825,000000,4.3,4.5,4.2,4.4,0,0
RBC_PE,D,20110826,000000,4.4,4.4,4.2,4.4,0,0
RBC_PE,D,20110829,000000,4.4,4.5,4.3,4.4,0,0
RBC_PE,D,20110830,000000,4.4,4.4,4.3,4.4,0,0
RBC_PE,D,20110831,000000,4.5,4.5,4.2,4.2,0,0
RBC_PE,D,20110901,000000,4.2,4.3,4,4.1,0,0
RBC_PE,D,20110902,000000,4,4.1,4,4.1,0,0
RBC_PE,D,20110905,000000,4,4.1,3.9,4.1,0,0
RBC_PE,D,20110906,000000,4,4.2,3.9,4,0,0
RBC_PE,D,20110907,000000,3.9,4,3.9,4,0,0
RBC_PE,D,20110908,000000,4,4,3.9,4,0,0
RBC_PE,D,20110909,000000,4,4,3.9,4,0,0
RBC_PE,D,20110912,000000,3.9,3.9,3.7,3.9,0,0
RBC_PE,D,20110913,000000,3.9,3.9,3.6,3.7,0,0
RBC_PE,D,20110914,000000,3.7,3.7,3.5,3.7,0,0
RBC_PE,D,20110915,000000,3.6,3.9,3.6,3.9,0,0
RBC_PE,D,20110916,000000,3.8,4,3.8,4,0,0
RBC_PE,D,20110919,000000,3.9,3.9,3.9,3.9,0,0
RBC_PE,D,20110920,000000,3.9,4,3.9,4,0,0
RBC_PE,D,20110921,000000,4,4,3.8,3.9,0,0
RBC_PE,D,20110922,000000,3.8,3.8,3.6,3.7,0,0
RBC_PE,D,20110923,000000,3.7,3.7,3.4,3.6,0,0
RBC_PE,D,20110926,000000,3.5,3.7,3.5,3.6,0,0
RBC_PE,D,20110927,000000,3.7,3.7,3.5,3.6,0,0
RBC_PE,D,20110928,000000,3.6,3.8,3.4,3.8,0,0
RBC_PE,D,20110929,000000,3.7,3.8,3.6,3.6,0,0
RBC_PE,D,20110930,000000,3.6,3.6,3.5,3.5,0,0
RBC_PE,D,20111003,000000,3.5,3.6,3.4,3.6,0,0
RBC_PE,D,20111004,000000,3.5,3.5,3.4,3.5,0,0
RBC_PE,D,20111005,000000,3.5,3.6,3.5,3.6,0,0
RBC_PE,D,20111006,000000,3.6,3.9,3.6,3.9,0,0
RBC_PE,D,20111007,000000,3.9,4,3.7,3.7,0,0
RBC_PE,D,20111010,000000,3.7,3.9,3.6,3.7,0,0
RBC_PE,D,20111011,000000,3.9,3.9,3.6,3.8,0,0
RBC_PE,D,20111012,000000,3.8,3.8,3.7,3.7,0,0
RBC_PE,D,20111013,000000,3.8,3.8,3.5,3.5,0,0
RBC_PE,D,20111014,000000,3.6,3.6,3.5,3.6,0,0
RBC_PE,D,20111017,000000,3.6,3.7,3.5,3.6,0,0
RBC_PE,D,20111018,000000,3.6,3.6,3.5,3.6,0,0
RBC_PE,D,20111019,000000,3.5,3.7,3.5,3.6,0,0
RBC_PE,D,20111020,000000,3.5,3.6,3.4,3.5,0,0
RBC_PE,D,20111021,000000,3.5,3.6,3.4,3.5,0,0
RBC_PE,D,20111024,000000,3.5,3.6,3.5,3.6,0,0
RBC_PE,D,20111025,000000,3.6,3.6,3.5,3.6,0,0
RBC_PE,D,20111026,000000,3.7,3.7,3.5,3.6,0,0
RBC_PE,D,20111027,000000,3.6,3.7,3.6,3.7,0,0
RBC_PE,D,20111028,000000,3.6,3.8,3.5,3.6,0,0
RBC_PE,D,20111031,000000,3.6,4,3.5,4,0,0
RBC_PE,D,20111102,000000,3.8,4,3.7,4,0,0
RBC_PE,D,20111103,000000,3.9,4.2,3.8,4.1,0,0
RBC_PE,D,20111104,000000,4.2,4.3,4,4.1,0,0
RBC_PE,D,20111107,000000,4,4.1,3.9,4.1,0,0
RBC_PE,D,20111108,000000,4.1,4.1,3.9,3.9,0,0
RBC_PE,D,20111109,000000,3.9,3.9,3.6,3.7,0,0
RBC_PE,D,20111110,000000,3.6,3.8,3.6,3.7,0,0
RBC_PE,D,20111114,000000,3.8,3.9,3.8,3.8,0,0
RBC_PE,D,20111115,000000,3.7,3.7,3.5,3.6,0,0
RBC_PE,D,20111116,000000,3.5,3.7,3.5,3.6,0,0
RBC_PE,D,20111117,000000,3.6,3.6,3.5,3.6,0,0
RBC_PE,D,20111118,000000,3.6,3.7,3.6,3.6,0,0
RBC_PE,D,20111121,000000,3.6,3.7,3.5,3.6,0,0
RBC_PE,D,20111122,000000,3.5,3.6,3.5,3.6,0,0
RBC_PE,D,20111123,000000,3.6,3.6,3.5,3.6,0,0
RBC_PE,D,20111124,000000,3.6,3.6,3.3,3.5,0,0
RBC_PE,D,20111125,000000,3.5,3.5,3.4,3.5,0,0
RBC_PE,D,20111128,000000,3.5,3.6,3.4,3.5,0,0
RBC_PE,D,20111129,000000,3.6,3.6,3.5,3.5,0,0
RBC_PE,D,20111130,000000,3.5,3.6,3.5,3.6,0,0
RBC_PE,D,20120920,000000,18,18,18,18,0,0
RBC_PE,D,20120921,000000,16.7,18,16.7,18,0,0
RBC_PE,D,20120924,000000,17.3,17.4,16.7,17.4,0,0
RBC_PE,D,20120925,000000,17.4,18.7,16.8,18,0,0
RBC_PE,D,20120926,000000,17.3,18.7,17.3,18.7,0,0
RBC_PE,D,20120927,000000,18.1,18.7,18.1,18.7,0,0
RBC_PE,D,20120928,000000,18.7,18.7,18.1,18.7,0,0
RBC_PE,D,20121001,000000,18.1,18.7,16.8,18.7,0,0
RBC_PE,D,20121002,000000,17.4,18.7,17.4,18,0,0
RBC_PE,D,20121003,000000,17.9,19.3,17.3,19.3,0,0
RBC_PE,D,20121004,000000,19.4,19.4,18.7,19.3,0,0
RBC_PE,D,20121005,000000,18.7,20.6,18.7,20.6,0,0
RBC_PE,D,20121008,000000,20.6,22.6,20.6,21.9,0,0
RBC_PE,D,20121009,000000,22.6,22.6,20.6,21.9,0,0
RBC_PE,D,20121010,000000,21.9,23.2,21.3,21.9,0,0
RBC_PE,D,20121011,000000,21.9,22.6,21.3,21.9,0,0
RBC_PE,D,20121012,000000,21.9,21.9,20.6,21.9,0,0
RBC_PE,D,20121015,000000,21.3,21.9,20,21.9,0,0
RBC_PE,D,20121016,000000,21.3,21.9,20,20,0,0
RBC_PE,D,20121017,000000,20,20.6,19.3,19.3,0,0
RBC_PE,D,20121018,000000,18.7,20,18.1,20,0,0
RBC_PE,D,20121019,000000,19.4,20,18.7,20,0,0
RBC_PE,D,20121022,000000,20,20,18.7,19.3,0,0
RBC_PE,D,20121023,000000,18.7,19.4,18.1,19.3,0,0
RBC_PE,D,20121024,000000,18,19.3,18,18.7,0,0
RBC_PE,D,20121025,000000,18.1,18.7,17.4,18.7,0,0
RBC_PE,D,20121026,000000,18.7,18.7,18,18,0,0
RBC_PE,D,20121029,000000,18.6,18.7,17.9,18.7,0,0
RBC_PE,D,20121030,000000,18.7,19.4,18.1,18.7,0,0
RBC_PE,D,20121031,000000,18.7,18.7,18,18,0,0
RBC_PE,D,20121102,000000,17.9,18.7,17.3,18.7,0,0
RBC_PE,D,20121105,000000,18.7,20,18.1,19.3,0,0
RBC_PE,D,20121106,000000,19.4,20,18.7,20,0,0
RBC_PE,D,20121107,000000,20,20,19.3,19.3,0,0
RBC_PE,D,20121108,000000,19.4,20.6,19.3,19.3,0,0
RBC_PE,D,20121109,000000,19.4,19.4,18.7,19.3,0,0
RBC_PE,D,20121112,000000,19.4,19.4,18.7,19.3,0,0
RBC_PE,D,20121113,000000,19.4,19.4,18.7,19.3,0,0
RBC_PE,D,20121114,000000,18.7,19.4,18.7,19.3,0,0
RBC_PE,D,20121115,000000,18.7,19.3,17.4,17.4,0,0
RBC_PE,D,20121116,000000,18.1,18.7,17.4,18.7,0,0
RBC_PE,D,20121119,000000,18.1,18.7,17.4,18.7,0,0
RBC_PE,D,20121120,000000,18.1,18.7,17.4,18,0,0
RBC_PE,D,20121121,000000,17.9,18.7,17.3,18.7,0,0
RBC_PE,D,20121122,000000,18.1,18.1,17.4,18,0,0
RBC_PE,D,20121123,000000,17.9,18.7,17.3,18.7,0,0
RBC_PE,D,20121126,000000,18.1,18.7,17.4,18.7,0,0
RBC_PE,D,20170928,000000,18.7,18.7,18.7,18.7,0,0
RBC_PE,D,20200529,000000,14.1,14.1,14.1,14.1,0,0
RBC_PE,D,20200601,000000,13,13,10.9,12.3,0,0
RBC_PE,D,20200602,000000,11.7,12.2,11,11.3,0,0
RBC_PE,D,20200603,000000,11.4,12.5,11.1,11.9,0,0
RBC_PE,D,20200604,000000,12,12.2,11.3,11.4,0,0
RBC_PE,D,20200605,000000,11.7,11.7,11.3,11.5,0,0
RBC_PE,D,20200608,000000,11.2,11.7,11,11.1,0,0
RBC_PE,D,20200609,000000,11.2,11.2,10.7,10.9,0,0
RBC_PE,D,20200610,000000,11.1,11.2,10.5,11.2,0,0
RBC_PE,D,20200612,000000,10.3,10.5,9.3,10.1,0,0
RBC_PE,D,20200615,000000,9.6,9.6,9.3,9.4,0,0
RBC_PE,D,20200616,000000,9.6,10.4,9.4,10.1,0,0
RBC_PE,D,20200617,000000,10.3,10.3,9.4,9.7,0,0
RBC_PE,D,20200618,000000,9.9,10.1,9.4,9.4,0,0
RBC_PE,D,20200619,000000,9.3,9.6,9.3,9.6,0,0
RBC_PE,D,20200622,000000,9.9,9.9,9.3,9.6,0,0
RBC_PE,D,20200623,000000,9.3,9.3,9.1,9.1,0,0
RBC_PE,D,20200624,000000,9.1,9.1,7.4,8.6,0,0
RBC_PE,D,20200625,000000,8.4,8.6,8,8.6,0,0
RBC_PE,D,20200626,000000,8.7,8.7,8.1,8.5,0,0
RBC_PE,D,20200629,000000,8.6,8.7,8.2,8.4,0,0
RBC_PE,D,20200630,000000,8,8.7,7.9,8.2,0,0
RBC_PE,D,20200701,000000,8.1,8.1,7.2,7.6,0,0
RBC_PE,D,20200702,000000,7.8,7.8,7.2,7.6,0,0
RBC_PE,D,20200703,000000,7.6,8.2,7.2,7.7,0,0
RBC_PE,D,20200706,000000,8,8,7.6,8,0,0
RBC_PE,D,20200707,000000,8,10.1,8,10.1,0,0
RBC_PE,D,20200708,000000,12.4,12.4,12.4,12.4,0,0
RBC_PE,D,20200709,000000,15,15,13.2,13.2,0,0
RBC_PE,D,20200710,000000,13.2,13.2,11,12.6,0,0
RBC_PE,D,20200713,000000,12.8,12.8,10.5,10.6,0,0
RBC_PE,D,20200714,000000,10,10.5,9.8,9.8,0,0
RBC_PE,D,20200715,000000,9.9,11.8,9.9,11.4,0,0
RBC_PE,D,20200716,000000,10.9,11.4,10.2,10.9,0,0
RBC_PE,D,20200717,000000,10.9,10.9,10.4,10.7,0,0
RBC_PE,D,20200720,000000,11.9,12.3,11.3,11.9,0,0
RBC_PE,D,20200721,000000,12.1,12.2,11.4,12,0,0
RBC_PE,D,20200722,000000,12.2,12.2,11.1,11.8,0,0
RBC_PE,D,20200723,000000,11.8,11.8,11.2,11.4,0,0
RBC_PE,D,20200724,000000,11,11.5,10.4,10.8,0,0
RBC_PE,D,20200727,000000,11.1,11.4,10.5,11.4,0,0
RBC_PE,D,20200728,000000,11.1,12.1,10.9,12.1,0,0
RBC_PE,D,20200729,000000,12.3,12.3,11.7,12.2,0,0
RBC_PE,D,20200730,000000,12.2,12.2,10.9,10.9,0,0
RBC_PE,D,20200731,000000,10.7,11.5,10.7,11.5,0,0
RBC_PE,D,20200803,000000,11.5,12.1,11.2,11.9,0,0
RBC_PE,D,20200804,000000,10.9,11.9,10.9,11.7,0,0
RBC_PE,D,20200805,000000,11.6,12.2,11.5,12.2,0,0
RBC_PE,D,20200806,000000,12.3,12.3,11.8,12.3,0,0
RBC_PE,D,20200807,000000,12.3,12.7,12.1,12.2,0,0
RBC_PE,D,20200810,000000,12.5,12.6,12.4,12.4,0,0
RBC_PE,D,20200811,000000,12.5,12.5,11.5,11.5,0,0
RBC_PE,D,20200812,000000,11.6,11.7,10.6,10.9,0,0
RBC_PE,D,20200813,000000,11.1,11.4,10.8,11.4,0,0
RBC_PE,D,20200814,000000,11.7,12.1,11.6,12.1,0,0
RBC_PE,D,20200817,000000,12.1,12.1,11,11,0,0
RBC_PE,D,20200818,000000,10.9,11.4,9.9,10.3,0,0
RBC_PE,D,20200819,000000,10.4,10.9,9.7,9.8,0,0
RBC_PE,D,20200820,000000,10.1,10.1,9.6,9.8,0,0
RBC_PE,D,20200821,000000,9.8,9.8,9.5,9.8,0,0
