<TICKER>,<PER>,<DATE>,<TIME>,<OPEN>,<HIGH>,<LOW>,<CLOSE>,<VOL>,<OPENINT>
SNT_PE,D,20110809,000000,37.186,37.186,37.186,37.186,0,0
SNT_PE,D,20110810,000000,44.213,44.213,36.6,36.795,0,0
SNT_PE,D,20110811,000000,40.699,40.699,40.699,40.699,0,0
SNT_PE,D,20110812,000000,43.822,43.822,40.699,43.432,0,0
SNT_PE,D,20110816,000000,43.92,49.776,43.92,49.776,0,0
SNT_PE,D,20110818,000000,37.283,37.674,37.283,37.283,0,0
SNT_PE,D,20110902,000000,36.893,40.016,36.893,40.016,0,0
SNT_PE,D,20110905,000000,40.016,40.016,40.016,40.016,0,0
SNT_PE,D,20110906,000000,40.016,40.016,40.016,40.016,0,0
SNT_PE,D,20110907,000000,38.65,44.506,38.65,44.506,0,0
SNT_PE,D,20110908,000000,42.749,42.749,41.773,41.773,0,0
SNT_PE,D,20110909,000000,42.163,43.822,37.478,37.478,0,0
SNT_PE,D,20110912,000000,39.821,39.918,34.941,39.918,0,0
SNT_PE,D,20110913,000000,37.771,39.528,37.771,39.528,0,0
SNT_PE,D,20110915,000000,37.674,40.894,37.674,40.894,0,0
SNT_PE,D,20110919,000000,39.528,39.528,39.528,39.528,0,0
SNT_PE,D,20110920,000000,39.333,39.528,39.333,39.528,0,0
SNT_PE,D,20110921,000000,39.04,39.04,35.917,37.088,0,0
SNT_PE,D,20110922,000000,36.698,36.698,36.6,36.6,0,0
SNT_PE,D,20110923,000000,37.966,38.357,37.966,38.357,0,0
SNT_PE,D,20110926,000000,38.357,42.846,37.966,42.749,0,0
SNT_PE,D,20110927,000000,42.749,42.846,41.675,41.773,0,0
SNT_PE,D,20110928,000000,39.723,41.09,38.357,41.09,0,0
SNT_PE,D,20110929,000000,37.966,41.09,36.307,41.09,0,0
SNT_PE,D,20110930,000000,41.09,41.09,41.09,41.09,0,0
SNT_PE,D,20111003,000000,41.09,41.09,41.09,41.09,0,0
SNT_PE,D,20111004,000000,38.845,41.09,37.674,41.09,0,0
SNT_PE,D,20111005,000000,40.992,41.09,40.992,41.09,0,0
SNT_PE,D,20111006,000000,41.773,41.773,41.09,41.09,0,0
SNT_PE,D,20111007,000000,41.773,41.773,41.773,41.773,0,0
SNT_PE,D,20111010,000000,41.48,46.262,41.48,46.262,0,0
SNT_PE,D,20111011,000000,45.97,45.97,44.506,45.872,0,0
SNT_PE,D,20111012,000000,46.262,46.262,44.506,44.506,0,0
SNT_PE,D,20111013,000000,44.506,44.506,44.506,44.506,0,0
SNT_PE,D,20111014,000000,45.189,45.189,44.994,44.994,0,0
SNT_PE,D,20111017,000000,44.798,44.798,44.798,44.798,0,0
SNT_PE,D,20111018,000000,44.798,44.798,44.798,44.798,0,0
SNT_PE,D,20111019,000000,44.798,44.798,44.798,44.798,0,0
SNT_PE,D,20111020,000000,44.798,44.798,44.798,44.798,0,0
SNT_PE,D,20111021,000000,44.798,44.798,44.798,44.798,0,0
SNT_PE,D,20111024,000000,44.506,44.798,44.506,44.798,0,0
SNT_PE,D,20111025,000000,44.506,44.506,44.506,44.506,0,0
SNT_PE,D,20111026,000000,44.506,44.506,44.506,44.506,0,0
SNT_PE,D,20111027,000000,44.506,44.506,44.506,44.506,0,0
SNT_PE,D,20111028,000000,44.506,44.506,44.506,44.506,0,0
SNT_PE,D,20111031,000000,44.506,44.506,44.506,44.506,0,0
SNT_PE,D,20111103,000000,44.506,47.629,44.506,47.629,0,0
SNT_PE,D,20111104,000000,47.629,47.629,47.629,47.629,0,0
SNT_PE,D,20111107,000000,47.629,47.629,45.579,45.872,0,0
SNT_PE,D,20111108,000000,45.872,46.262,45.872,46.262,0,0
SNT_PE,D,20111109,000000,46.262,46.653,46.262,46.555,0,0
SNT_PE,D,20111110,000000,46.555,46.946,46.555,46.946,0,0
SNT_PE,D,20111114,000000,46.946,46.946,46.946,46.946,0,0
SNT_PE,D,20111115,000000,46.946,46.946,46.848,46.946,0,0
SNT_PE,D,20111116,000000,46.946,46.946,46.848,46.848,0,0
SNT_PE,D,20111117,000000,46.75,46.75,46.75,46.75,0,0
SNT_PE,D,20111118,000000,46.75,46.75,46.75,46.75,0,0
SNT_PE,D,20111121,000000,47.531,47.531,47.336,47.434,0,0
SNT_PE,D,20111122,000000,47.629,48.8,41.578,41.578,0,0
SNT_PE,D,20111123,000000,41.773,41.773,41.675,41.675,0,0
SNT_PE,D,20111124,000000,41.675,41.675,41.675,41.675,0,0
SNT_PE,D,20111125,000000,41.675,41.675,41.675,41.675,0,0
SNT_PE,D,20111128,000000,41.578,41.675,41.578,41.675,0,0
SNT_PE,D,20111129,000000,41.675,41.675,41.675,41.675,0,0
SNT_PE,D,20111130,000000,41.773,41.773,41.675,41.675,0,0
SNT_PE,D,20111201,000000,41.675,41.675,39.918,39.918,0,0
SNT_PE,D,20111202,000000,39.918,39.918,39.918,39.918,0,0
SNT_PE,D,20111205,000000,39.821,39.821,39.821,39.821,0,0
SNT_PE,D,20111206,000000,39.723,39.821,39.723,39.821,0,0
SNT_PE,D,20111207,000000,39.821,39.821,39.821,39.821,0,0
SNT_PE,D,20111209,000000,39.723,39.723,39.626,39.626,0,0
SNT_PE,D,20111212,000000,39.333,39.821,39.333,39.821,0,0
SNT_PE,D,20111213,000000,40.016,40.016,39.918,39.918,0,0
SNT_PE,D,20111214,000000,39.918,40.699,39.918,40.699,0,0
SNT_PE,D,20111215,000000,40.797,40.797,40.797,40.797,0,0
SNT_PE,D,20111216,000000,40.797,40.797,40.797,40.797,0,0
SNT_PE,D,20111219,000000,40.504,42.749,40.504,42.749,0,0
SNT_PE,D,20111220,000000,41.578,41.773,40.797,41.773,0,0
SNT_PE,D,20111221,000000,43.627,43.627,41.578,41.578,0,0
SNT_PE,D,20111223,000000,41.48,41.48,41.48,41.48,0,0
SNT_PE,D,20120103,000000,41.48,48.702,41.48,48.702,0,0
SNT_PE,D,20120104,000000,48.702,48.702,48.019,48.019,0,0
SNT_PE,D,20120105,000000,48.019,48.019,48.019,48.019,0,0
SNT_PE,D,20120110,000000,48.019,48.019,48.019,48.019,0,0
SNT_PE,D,20120111,000000,48.019,48.019,48.019,48.019,0,0
SNT_PE,D,20120112,000000,48.019,48.019,48.019,48.019,0,0
SNT_PE,D,20120113,000000,48.019,48.898,48.019,48.898,0,0
SNT_PE,D,20120116,000000,51.533,53.192,51.533,53.192,0,0
SNT_PE,D,20120118,000000,52.216,53.29,51.435,51.435,0,0
SNT_PE,D,20120119,000000,53.485,53.485,53.485,53.485,0,0
SNT_PE,D,20120120,000000,52.802,52.802,51.435,51.435,0,0
SNT_PE,D,20120123,000000,52.118,52.118,51.142,51.142,0,0
SNT_PE,D,20120124,000000,51.142,51.142,51.142,51.142,0,0
SNT_PE,D,20120125,000000,51.142,51.142,51.142,51.142,0,0
SNT_PE,D,20120126,000000,49.776,51.142,49.776,51.045,0,0
SNT_PE,D,20120127,000000,51.045,51.045,51.045,51.045,0,0
SNT_PE,D,20120130,000000,51.045,51.045,51.045,51.045,0,0
SNT_PE,D,20120131,000000,51.045,51.045,51.045,51.045,0,0
SNT_PE,D,20120201,000000,50.947,51.045,50.947,51.045,0,0
SNT_PE,D,20120202,000000,51.045,51.045,51.045,51.045,0,0
SNT_PE,D,20120203,000000,50.85,50.85,50.752,50.752,0,0
SNT_PE,D,20120206,000000,50.947,51.045,48.898,50.752,0,0
SNT_PE,D,20120207,000000,50.459,50.459,50.362,50.362,0,0
SNT_PE,D,20120208,000000,50.752,50.752,49.288,49.386,0,0
SNT_PE,D,20120209,000000,49.093,49.093,48.214,48.214,0,0
SNT_PE,D,20120210,000000,49.386,49.386,49.386,49.386,0,0
SNT_PE,D,20120213,000000,48.507,48.507,48.507,48.507,0,0
SNT_PE,D,20120214,000000,48.507,48.507,48.507,48.507,0,0
SNT_PE,D,20120215,000000,48.507,49.386,48.507,49.386,0,0
SNT_PE,D,20120216,000000,49.386,51.435,49.386,49.776,0,0
SNT_PE,D,20120217,000000,51.533,51.533,49.776,49.776,0,0
SNT_PE,D,20130529,000000,53.192,53.192,53.192,53.192,0,0
SNT_PE,D,20130531,000000,53.29,53.29,53.192,53.192,0,0
SNT_PE,D,20130603,000000,51.63,51.63,51.63,51.63,0,0
SNT_PE,D,20130604,000000,51.63,51.63,51.63,51.63,0,0
SNT_PE,D,20130605,000000,51.63,54.949,49.581,54.949,0,0
SNT_PE,D,20130607,000000,54.558,54.558,51.63,53.68,0,0
SNT_PE,D,20130610,000000,54.461,54.558,54.461,54.558,0,0
SNT_PE,D,20130611,000000,53.778,54.558,53.778,54.558,0,0
SNT_PE,D,20130612,000000,54.558,54.558,54.558,54.558,0,0
SNT_PE,D,20130613,000000,54.558,55.827,54.558,55.827,0,0
SNT_PE,D,20130614,000000,55.827,55.827,55.827,55.827,0,0
SNT_PE,D,20130617,000000,55.827,55.827,55.827,55.827,0,0
SNT_PE,D,20130618,000000,55.827,55.827,54.168,55.632,0,0
SNT_PE,D,20130619,000000,55.827,55.827,52.606,55.827,0,0
SNT_PE,D,20130620,000000,55.827,55.827,50.459,54.168,0,0
SNT_PE,D,20130621,000000,55.73,55.73,55.73,55.73,0,0
SNT_PE,D,20130624,000000,54.656,54.656,51.045,54.656,0,0
SNT_PE,D,20130625,000000,54.656,54.656,54.656,54.656,0,0
SNT_PE,D,20130626,000000,55.437,55.437,55.437,55.437,0,0
SNT_PE,D,20130627,000000,55.339,55.339,55.339,55.339,0,0
SNT_PE,D,20130628,000000,55.339,55.339,55.339,55.339,0,0
SNT_PE,D,20130701,000000,55.339,55.339,55.339,55.339,0,0
SNT_PE,D,20130702,000000,55.437,55.437,49.971,52.509,0,0
SNT_PE,D,20130703,000000,50.459,53.485,49.581,52.509,0,0
SNT_PE,D,20130705,000000,52.314,52.314,52.314,52.314,0,0
SNT_PE,D,20130709,000000,50.654,52.216,50.654,52.118,0,0
SNT_PE,D,20130712,000000,49.581,52.118,49.581,52.118,0,0
SNT_PE,D,20130715,000000,52.118,52.118,52.118,52.118,0,0
SNT_PE,D,20130716,000000,51.63,51.63,51.63,51.63,0,0
SNT_PE,D,20130717,000000,54.851,54.851,48.702,52.314,0,0
SNT_PE,D,20130718,000000,54.949,54.949,52.314,52.314,0,0
SNT_PE,D,20130719,000000,54.558,54.558,54.558,54.558,0,0
SNT_PE,D,20130722,000000,54.558,54.558,50.85,50.85,0,0
SNT_PE,D,20130723,000000,54.558,54.558,48.702,52.118,0,0
SNT_PE,D,20130724,000000,48.702,49.581,48.702,49.581,0,0
SNT_PE,D,20130725,000000,54.558,54.558,49.581,49.874,0,0
SNT_PE,D,20130726,000000,52.411,52.411,52.411,52.411,0,0
SNT_PE,D,20130729,000000,54.851,54.851,54.851,54.851,0,0
SNT_PE,D,20130730,000000,54.851,54.851,54.851,54.851,0,0
SNT_PE,D,20130731,000000,54.851,54.851,54.851,54.851,0,0
SNT_PE,D,20130801,000000,55.242,55.242,49.874,53.973,0,0
SNT_PE,D,20130802,000000,53.973,53.973,51.826,51.826,0,0
SNT_PE,D,20130805,000000,55.242,55.242,53.973,54.07,0,0
SNT_PE,D,20130806,000000,54.851,54.851,52.021,52.021,0,0
SNT_PE,D,20130807,000000,52.997,53.68,52.021,53.68,0,0
SNT_PE,D,20130808,000000,54.851,54.851,51.923,54.558,0,0
SNT_PE,D,20130809,000000,54.851,59.829,54.168,55.827,0,0
SNT_PE,D,20130812,000000,54.363,57.291,54.363,57.291,0,0
SNT_PE,D,20130813,000000,58.17,58.17,58.17,58.17,0,0
SNT_PE,D,20130814,000000,57.779,57.779,57.779,57.779,0,0
SNT_PE,D,20130819,000000,54.363,57.779,54.363,57.779,0,0
SNT_PE,D,20130820,000000,56.12,56.12,56.12,56.12,0,0
SNT_PE,D,20130822,000000,54.461,54.461,54.461,54.461,0,0
SNT_PE,D,20130827,000000,52.314,54.07,27.914,27.914,0,0
SNT_PE,D,20130828,000000,27.035,27.914,27.035,27.914,0,0
SNT_PE,D,20130902,000000,27.035,27.035,27.035,27.035,0,0
SNT_PE,D,20130903,000000,27.133,27.426,27.133,27.426,0,0
SNT_PE,D,20130904,000000,29.866,29.866,28.792,28.792,0,0
SNT_PE,D,20130905,000000,27.035,27.035,26.84,26.84,0,0
SNT_PE,D,20130906,000000,26.84,28.987,26.84,28.987,0,0
SNT_PE,D,20130909,000000,29.866,29.866,27.914,29.866,0,0
SNT_PE,D,20130910,000000,29.866,30.842,29.866,30.744,0,0
SNT_PE,D,20130911,000000,30.744,30.744,28.987,28.987,0,0
SNT_PE,D,20130912,000000,30.842,30.842,28.987,30.061,0,0
SNT_PE,D,20130913,000000,30.061,30.061,28.109,29.182,0,0
SNT_PE,D,20130916,000000,29.573,29.573,29.182,29.182,0,0
SNT_PE,D,20130917,000000,29.085,29.182,28.987,28.987,0,0
SNT_PE,D,20130918,000000,30.061,30.061,28.597,28.987,0,0
SNT_PE,D,20130919,000000,28.987,29.182,28.987,29.182,0,0
SNT_PE,D,20130920,000000,30.061,30.061,29.182,29.182,0,0
SNT_PE,D,20130923,000000,30.061,30.061,28.987,28.987,0,0
SNT_PE,D,20130924,000000,30.061,30.061,29.963,29.963,0,0
SNT_PE,D,20130925,000000,30.061,30.061,30.061,30.061,0,0
SNT_PE,D,20130926,000000,28.987,30.061,28.987,30.061,0,0
SNT_PE,D,20130927,000000,30.061,30.061,30.061,30.061,0,0
SNT_PE,D,20130930,000000,29.866,29.866,29.573,29.866,0,0
SNT_PE,D,20131001,000000,30.061,30.061,29.182,30.061,0,0
SNT_PE,D,20131002,000000,30.061,30.061,29.182,30.061,0,0
SNT_PE,D,20131003,000000,33.574,35.819,32.208,33.379,0,0
SNT_PE,D,20131004,000000,34.55,34.55,31.72,32.208,0,0
SNT_PE,D,20131007,000000,33.282,33.282,31.33,32.013,0,0
SNT_PE,D,20131008,000000,31.33,32.501,31.33,32.501,0,0
SNT_PE,D,20131009,000000,33.282,33.282,30.842,32.208,0,0
SNT_PE,D,20131010,000000,32.208,32.208,30.158,31.037,0,0
SNT_PE,D,20131011,000000,30.256,31.037,30.158,30.451,0,0
SNT_PE,D,20131014,000000,30.354,32.891,30.354,30.451,0,0
SNT_PE,D,20131015,000000,30.646,31.72,30.646,31.525,0,0
SNT_PE,D,20131016,000000,31.622,31.72,31.622,31.72,0,0
SNT_PE,D,20131017,000000,32.306,32.306,31.232,32.208,0,0
SNT_PE,D,20131018,000000,32.891,32.891,31.427,31.427,0,0
SNT_PE,D,20131021,000000,32.208,32.208,31.33,31.33,0,0
SNT_PE,D,20131022,000000,31.33,32.403,31.33,32.306,0,0
SNT_PE,D,20131023,000000,32.501,32.501,31.427,32.013,0,0
SNT_PE,D,20131024,000000,32.501,34.16,32.501,34.16,0,0
SNT_PE,D,20131025,000000,34.16,34.355,33.867,34.355,0,0
SNT_PE,D,20131028,000000,35.429,36.502,35.429,35.819,0,0
SNT_PE,D,20131029,000000,36.698,36.698,35.819,36.307,0,0
SNT_PE,D,20131030,000000,36.502,36.502,36.014,36.014,0,0
SNT_PE,D,20131031,000000,36.112,36.21,35.429,36.21,0,0
SNT_PE,D,20131104,000000,39.723,39.723,37.186,39.333,0,0
SNT_PE,D,20131105,000000,39.235,39.235,36.99,36.99,0,0
SNT_PE,D,20131106,000000,38.064,38.064,36.893,36.893,0,0
SNT_PE,D,20131107,000000,36.99,36.99,35.038,36.698,0,0
SNT_PE,D,20131108,000000,37.088,39.04,36.893,38.454,0,0
SNT_PE,D,20131112,000000,37.771,40.894,37.771,39.723,0,0
SNT_PE,D,20131113,000000,41.87,41.87,38.747,40.602,0,0
SNT_PE,D,20131114,000000,40.504,40.504,18.544,18.544,0,0
SNT_PE,D,20131115,000000,18.154,18.739,18.154,18.446,0,0
SNT_PE,D,20131118,000000,18.446,19.52,18.349,19.032,0,0
SNT_PE,D,20131119,000000,19.325,19.325,18.349,18.544,0,0
SNT_PE,D,20131120,000000,18.544,18.544,18.349,18.544,0,0
SNT_PE,D,20131121,000000,18.544,18.544,17.666,17.763,0,0
SNT_PE,D,20131122,000000,17.763,17.861,16.592,17.275,0,0
SNT_PE,D,20131125,000000,17.275,18.251,17.275,18.154,0,0
SNT_PE,D,20131126,000000,19.13,19.13,17.958,18.349,0,0
SNT_PE,D,20131127,000000,18.154,18.349,17.958,18.349,0,0
SNT_PE,D,20131128,000000,18.056,18.349,18.056,18.349,0,0
SNT_PE,D,20131129,000000,18.349,18.934,18.251,18.251,0,0
SNT_PE,D,20131202,000000,18.154,19.13,18.154,18.934,0,0
SNT_PE,D,20131203,000000,18.934,18.934,18.251,18.837,0,0
SNT_PE,D,20131204,000000,18.251,18.934,18.251,18.642,0,0
SNT_PE,D,20131205,000000,18.642,18.642,18.349,18.349,0,0
SNT_PE,D,20131206,000000,18.349,18.544,18.251,18.544,0,0
SNT_PE,D,20131209,000000,18.544,18.544,18.446,18.544,0,0
SNT_PE,D,20131210,000000,18.446,18.446,18.349,18.349,0,0
SNT_PE,D,20131211,000000,18.446,18.837,18.251,18.837,0,0
SNT_PE,D,20131212,000000,18.837,18.934,17.958,18.642,0,0
SNT_PE,D,20131213,000000,18.837,18.837,18.544,18.837,0,0
SNT_PE,D,20131216,000000,18.837,18.837,18.349,18.837,0,0
SNT_PE,D,20131217,000000,18.837,19.422,18.837,19.422,0,0
SNT_PE,D,20131218,000000,19.422,19.422,19.032,19.032,0,0
SNT_PE,D,20131219,000000,19.325,19.325,18.739,18.837,0,0
SNT_PE,D,20131220,000000,18.349,19.032,18.349,18.642,0,0
SNT_PE,D,20131223,000000,19.032,19.422,19.032,19.422,0,0
SNT_PE,D,20131227,000000,19.422,20.789,19.227,20.106,0,0
SNT_PE,D,20131230,000000,20.008,20.886,20.008,20.496,0,0
SNT_PE,D,20140102,000000,20.789,24.986,20.789,23.717,0,0
SNT_PE,D,20140103,000000,23.424,24.693,23.326,23.326,0,0
SNT_PE,D,20140107,000000,22.155,23.229,22.155,23.229,0,0
SNT_PE,D,20140108,000000,22.546,22.838,21.765,22.155,0,0
SNT_PE,D,20140109,000000,21.472,23.229,21.472,22.936,0,0
SNT_PE,D,20140110,000000,23.229,23.229,21.277,21.96,0,0
SNT_PE,D,20140113,000000,21.96,22.35,21.96,22.35,0,0
SNT_PE,D,20140114,000000,22.546,22.546,22.546,22.546,0,0
SNT_PE,D,20140115,000000,22.546,22.546,21.96,22.155,0,0
SNT_PE,D,20140116,000000,22.155,22.155,22.058,22.058,0,0
SNT_PE,D,20140117,000000,21.96,21.96,21.277,21.862,0,0
SNT_PE,D,20140120,000000,22.35,22.35,21.57,22.155,0,0
SNT_PE,D,20140121,000000,22.35,22.35,21.472,21.472,0,0
SNT_PE,D,20140122,000000,21.667,21.667,20.984,20.984,0,0
SNT_PE,D,20140123,000000,21.179,27.523,20.984,27.523,0,0
SNT_PE,D,20140124,000000,27.621,27.914,27.23,27.914,0,0
SNT_PE,D,20140127,000000,27.816,27.816,26.059,27.718,0,0
SNT_PE,D,20140128,000000,27.718,28.499,27.718,28.499,0,0
SNT_PE,D,20140129,000000,28.89,28.89,28.499,28.499,0,0
SNT_PE,D,20140130,000000,28.499,28.499,28.206,28.499,0,0
SNT_PE,D,20140131,000000,28.499,30.256,28.499,30.256,0,0
SNT_PE,D,20140203,000000,30.451,30.939,30.256,30.939,0,0
SNT_PE,D,20140204,000000,30.354,30.451,29.866,30.354,0,0
SNT_PE,D,20140205,000000,30.354,30.354,29.768,30.256,0,0
SNT_PE,D,20140206,000000,30.256,30.451,29.378,30.158,0,0
SNT_PE,D,20140207,000000,30.256,30.451,29.866,30.354,0,0
SNT_PE,D,20140210,000000,30.451,30.451,30.158,30.451,0,0
SNT_PE,D,20140211,000000,30.451,30.451,29.866,29.866,0,0
SNT_PE,D,20140212,000000,30.256,30.451,30.158,30.451,0,0
SNT_PE,D,20140213,000000,30.451,30.451,30.158,30.354,0,0
SNT_PE,D,20140214,000000,30.451,30.451,30.158,30.451,0,0
SNT_PE,D,20140217,000000,30.451,30.451,30.354,30.451,0,0
SNT_PE,D,20140218,000000,30.451,30.451,30.158,30.158,0,0
SNT_PE,D,20140219,000000,30.451,30.451,23.326,23.326,0,0
SNT_PE,D,20140220,000000,23.326,23.326,23.131,23.229,0,0
SNT_PE,D,20140221,000000,23.522,24.498,23.522,23.912,0,0
SNT_PE,D,20140224,000000,24.107,24.205,23.717,23.717,0,0
SNT_PE,D,20140225,000000,23.912,23.912,23.522,23.522,0,0
SNT_PE,D,20140226,000000,23.619,23.717,23.131,23.522,0,0
SNT_PE,D,20140227,000000,23.034,23.717,23.034,23.717,0,0
SNT_PE,D,20140228,000000,24.01,24.01,23.717,24.01,0,0
SNT_PE,D,20140303,000000,23.522,23.522,19.813,23.326,0,0
SNT_PE,D,20140304,000000,23.229,24.01,23.229,24.01,0,0
SNT_PE,D,20140305,000000,24.107,24.4,23.912,23.912,0,0
SNT_PE,D,20140306,000000,24.107,26.254,24.107,26.157,0,0
SNT_PE,D,20140307,000000,26.742,27.328,26.547,26.547,0,0
SNT_PE,D,20140310,000000,26.938,27.621,26.547,27.523,0,0
SNT_PE,D,20140311,000000,27.621,27.621,25.766,26.059,0,0
SNT_PE,D,20140312,000000,26.059,27.23,23.619,24.205,0,0
SNT_PE,D,20140313,000000,24.205,25.376,24.205,24.498,0,0
SNT_PE,D,20140314,000000,24.302,24.302,23.326,23.522,0,0
SNT_PE,D,20140317,000000,23.522,24.986,23.522,24.498,0,0
SNT_PE,D,20140318,000000,24.302,24.498,23.814,24.01,0,0
SNT_PE,D,20140319,000000,24.693,24.693,23.814,24.302,0,0
SNT_PE,D,20140320,000000,24.595,24.79,24.01,24.4,0,0
SNT_PE,D,20140321,000000,24.498,24.693,23.522,24.498,0,0
SNT_PE,D,20140324,000000,24.4,24.498,23.522,23.522,0,0
SNT_PE,D,20140325,000000,23.522,23.522,23.424,23.522,0,0
SNT_PE,D,20140326,000000,23.522,23.522,23.229,23.522,0,0
SNT_PE,D,20140327,000000,23.522,23.522,22.546,23.522,0,0
SNT_PE,D,20140328,000000,23.522,23.522,23.131,23.522,0,0
SNT_PE,D,20140331,000000,23.522,24.79,23.522,24.79,0,0
SNT_PE,D,20140401,000000,24.693,24.79,24.01,24.498,0,0
SNT_PE,D,20140402,000000,24.498,24.498,23.522,24.498,0,0
SNT_PE,D,20140403,000000,24.498,24.498,23.522,23.814,0,0
SNT_PE,D,20140404,000000,23.814,23.814,22.838,23.814,0,0
SNT_PE,D,20140407,000000,23.522,23.717,22.643,22.643,0,0
SNT_PE,D,20140408,000000,22.838,23.522,22.838,23.522,0,0
SNT_PE,D,20140409,000000,23.522,23.522,22.643,23.326,0,0
SNT_PE,D,20140410,000000,22.741,23.424,22.546,23.424,0,0
SNT_PE,D,20140411,000000,23.522,23.522,23.229,23.522,0,0
SNT_PE,D,20140414,000000,23.522,23.522,23.229,23.522,0,0
SNT_PE,D,20140415,000000,23.522,24.498,23.326,24.498,0,0
SNT_PE,D,20140416,000000,24.498,24.498,23.619,24.302,0,0
SNT_PE,D,20140417,000000,24.4,24.498,23.619,24.498,0,0
SNT_PE,D,20140422,000000,24.498,26.254,24.498,24.986,0,0
SNT_PE,D,20140423,000000,25.571,25.962,24.302,24.986,0,0
SNT_PE,D,20140424,000000,24.01,25.474,24.01,24.498,0,0
SNT_PE,D,20140425,000000,24.693,24.693,23.619,24.4,0,0
SNT_PE,D,20140428,000000,24.693,24.693,23.326,24.693,0,0
SNT_PE,D,20140429,000000,24.595,25.376,24.01,24.986,0,0
SNT_PE,D,20140430,000000,24.986,25.376,24.79,25.376,0,0
SNT_PE,D,20140502,000000,25.474,25.474,24.302,25.181,0,0
SNT_PE,D,20140505,000000,25.083,25.083,24.498,24.986,0,0
SNT_PE,D,20140506,000000,25.181,25.181,24.302,24.79,0,0
SNT_PE,D,20140507,000000,24.79,24.79,24.01,24.107,0,0
SNT_PE,D,20140508,000000,24.498,24.498,23.619,24.302,0,0
SNT_PE,D,20140509,000000,24.302,24.986,23.522,24.986,0,0
SNT_PE,D,20140512,000000,24.888,24.888,23.619,24.302,0,0
SNT_PE,D,20140513,000000,24.498,24.498,23.619,24.4,0,0
SNT_PE,D,20140514,000000,24.4,24.4,23.717,24.01,0,0
SNT_PE,D,20140515,000000,23.229,23.522,22.448,23.522,0,0
SNT_PE,D,20140516,000000,23.717,23.717,22.643,23.522,0,0
SNT_PE,D,20140519,000000,23.034,23.034,22.058,22.546,0,0
SNT_PE,D,20140520,000000,22.643,22.643,21.374,22.058,0,0
SNT_PE,D,20140521,000000,22.058,22.546,21.667,22.546,0,0
SNT_PE,D,20140522,000000,22.546,23.424,22.155,23.034,0,0
SNT_PE,D,20140523,000000,23.326,23.326,21.57,22.838,0,0
SNT_PE,D,20140526,000000,22.936,23.034,21.862,22.838,0,0
SNT_PE,D,20140527,000000,22.058,23.522,22.058,23.522,0,0
SNT_PE,D,20140528,000000,23.034,23.522,22.35,23.326,0,0
SNT_PE,D,20140529,000000,23.424,23.424,22.35,23.034,0,0
SNT_PE,D,20140530,000000,23.034,23.229,22.546,23.131,0,0
SNT_PE,D,20140602,000000,23.131,23.131,22.253,22.741,0,0
SNT_PE,D,20140603,000000,22.058,22.936,22.058,22.936,0,0
SNT_PE,D,20140604,000000,22.936,22.936,21.57,22.546,0,0
SNT_PE,D,20140605,000000,22.546,22.741,22.058,22.741,0,0
SNT_PE,D,20140606,000000,22.643,22.741,21.96,22.741,0,0
SNT_PE,D,20140609,000000,22.643,22.643,21.667,22.546,0,0
SNT_PE,D,20140610,000000,22.058,22.058,22.058,22.058,0,0
SNT_PE,D,20140611,000000,21.667,22.546,21.179,22.546,0,0
SNT_PE,D,20140612,000000,22.546,22.546,21.179,21.57,0,0
SNT_PE,D,20140613,000000,21.862,21.862,20.886,21.667,0,0
SNT_PE,D,20140616,000000,21.667,21.765,21.179,21.765,0,0
SNT_PE,D,20140617,000000,21.765,22.253,21.082,22.253,0,0
SNT_PE,D,20140618,000000,22.155,22.155,21.57,22.058,0,0
SNT_PE,D,20140620,000000,21.667,23.034,21.667,22.448,0,0
SNT_PE,D,20140623,000000,23.131,23.131,22.253,23.034,0,0
SNT_PE,D,20140624,000000,23.131,23.229,21.96,22.546,0,0
SNT_PE,D,20140625,000000,22.546,22.546,22.155,22.546,0,0
SNT_PE,D,20140626,000000,22.546,22.546,21.57,22.546,0,0
SNT_PE,D,20140627,000000,22.546,22.546,21.57,22.448,0,0
SNT_PE,D,20140630,000000,22.448,22.448,21.96,22.253,0,0
SNT_PE,D,20140701,000000,22.155,22.253,21.472,22.253,0,0
SNT_PE,D,20140702,000000,21.96,22.253,21.277,22.253,0,0
SNT_PE,D,20140707,000000,21.765,21.765,21.277,21.667,0,0
SNT_PE,D,20140708,000000,21.667,21.765,21.277,21.667,0,0
SNT_PE,D,20140709,000000,21.57,21.57,20.984,21.179,0,0
SNT_PE,D,20140710,000000,21.082,21.277,20.789,20.886,0,0
SNT_PE,D,20140711,000000,20.886,21.179,20.886,21.179,0,0
SNT_PE,D,20140714,000000,21.179,21.179,20.984,20.984,0,0
SNT_PE,D,20140715,000000,21.179,21.374,20.886,21.277,0,0
SNT_PE,D,20140716,000000,21.277,21.667,21.277,21.667,0,0
SNT_PE,D,20140717,000000,21.667,22.058,21.179,21.179,0,0
SNT_PE,D,20140718,000000,21.179,21.179,20.301,21.082,0,0
SNT_PE,D,20140721,000000,21.179,21.179,21.179,21.179,0,0
SNT_PE,D,20140722,000000,21.179,21.179,20.398,21.179,0,0
SNT_PE,D,20140723,000000,20.594,21.179,20.594,21.179,0,0
SNT_PE,D,20140724,000000,20.691,20.691,19.325,20.691,0,0
SNT_PE,D,20140725,000000,20.203,20.691,19.715,20.691,0,0
SNT_PE,D,20140728,000000,20.691,20.691,20.203,20.691,0,0
SNT_PE,D,20140729,000000,20.691,20.691,20.691,20.691,0,0
SNT_PE,D,20140730,000000,20.691,20.789,20.106,20.691,0,0
SNT_PE,D,20140731,000000,20.594,20.691,20.496,20.594,0,0
SNT_PE,D,20140801,000000,20.691,20.691,20.496,20.691,0,0
SNT_PE,D,20140804,000000,20.691,20.691,20.496,20.691,0,0
SNT_PE,D,20140805,000000,21.179,21.179,20.398,21.082,0,0
SNT_PE,D,20140806,000000,21.082,21.082,20.203,21.082,0,0
SNT_PE,D,20140807,000000,21.082,21.082,20.301,21.082,0,0
SNT_PE,D,20140808,000000,21.082,21.082,19.91,20.301,0,0
SNT_PE,D,20140811,000000,19.227,20.691,18.934,20.496,0,0
SNT_PE,D,20140812,000000,20.496,20.496,19.227,20.203,0,0
SNT_PE,D,20140813,000000,19.715,20.203,19.715,20.203,0,0
SNT_PE,D,20140814,000000,20.203,20.594,20.106,20.594,0,0
SNT_PE,D,20140818,000000,20.496,21.179,19.325,21.179,0,0
SNT_PE,D,20140819,000000,21.179,22.643,20.886,22.058,0,0
SNT_PE,D,20140820,000000,22.253,22.643,21.374,22.546,0,0
SNT_PE,D,20140821,000000,22.546,22.546,21.765,22.546,0,0
SNT_PE,D,20140822,000000,22.448,23.034,22.058,22.643,0,0
SNT_PE,D,20140825,000000,22.643,22.741,21.667,22.741,0,0
SNT_PE,D,20140826,000000,21.472,22.741,21.472,22.643,0,0
SNT_PE,D,20140827,000000,22.448,22.936,21.862,22.936,0,0
SNT_PE,D,20140828,000000,22.936,22.936,21.57,22.936,0,0
SNT_PE,D,20140829,000000,22.936,22.936,21.374,21.862,0,0
SNT_PE,D,20140901,000000,21.472,22.253,20.886,21.765,0,0
SNT_PE,D,20140902,000000,21.277,21.57,20.789,21.57,0,0
SNT_PE,D,20140903,000000,21.472,23.131,21.277,22.936,0,0
SNT_PE,D,20140904,000000,22.936,22.936,21.667,22.936,0,0
SNT_PE,D,20140905,000000,22.936,22.936,22.253,22.838,0,0
SNT_PE,D,20140908,000000,22.838,22.838,22.838,22.838,0,0
SNT_PE,D,20140909,000000,22.838,22.838,22.838,22.838,0,0
SNT_PE,D,20140910,000000,22.838,23.131,22.838,22.838,0,0
SNT_PE,D,20140911,000000,23.131,23.131,22.35,23.034,0,0
SNT_PE,D,20140912,000000,23.131,23.131,22.741,23.131,0,0
SNT_PE,D,20140915,000000,23.034,23.034,22.35,23.034,0,0
SNT_PE,D,20140916,000000,23.034,23.034,22.546,23.034,0,0
SNT_PE,D,20140917,000000,23.034,23.034,21.374,21.667,0,0
SNT_PE,D,20140918,000000,21.96,23.034,21.667,23.034,0,0
SNT_PE,D,20140919,000000,23.229,23.229,23.131,23.131,0,0
SNT_PE,D,20140922,000000,23.131,23.131,22.546,23.131,0,0
SNT_PE,D,20140923,000000,23.131,23.229,22.546,23.131,0,0
SNT_PE,D,20140924,000000,23.034,23.131,22.936,23.131,0,0
SNT_PE,D,20140925,000000,23.131,24.4,23.131,24.107,0,0
SNT_PE,D,20140926,000000,24.107,24.107,23.034,23.912,0,0
SNT_PE,D,20140929,000000,24.107,24.107,23.034,23.912,0,0
SNT_PE,D,20140930,000000,23.912,24.498,23.619,24.302,0,0
SNT_PE,D,20141001,000000,24.4,24.4,23.229,23.717,0,0
SNT_PE,D,20141002,000000,22.936,23.034,22.155,22.643,0,0
SNT_PE,D,20141003,000000,23.619,23.717,22.838,22.936,0,0
SNT_PE,D,20141006,000000,23.619,24.01,22.058,22.155,0,0
SNT_PE,D,20141007,000000,22.643,23.131,22.155,22.448,0,0
SNT_PE,D,20141008,000000,22.643,22.643,22.058,22.448,0,0
SNT_PE,D,20141009,000000,22.448,23.229,22.448,23.229,0,0
SNT_PE,D,20141010,000000,23.619,23.619,22.546,22.838,0,0
SNT_PE,D,20141013,000000,22.838,22.838,22.643,22.643,0,0
SNT_PE,D,20141014,000000,23.034,24.107,22.058,23.619,0,0
SNT_PE,D,20141015,000000,23.229,23.229,22.643,22.643,0,0
SNT_PE,D,20141016,000000,22.741,22.838,21.765,22.838,0,0
SNT_PE,D,20141020,000000,22.741,23.326,22.741,23.229,0,0
SNT_PE,D,20141021,000000,23.424,23.717,23.326,23.424,0,0
SNT_PE,D,20141022,000000,23.912,24.302,23.912,23.912,0,0
SNT_PE,D,20141023,000000,23.912,24.693,23.814,24.302,0,0
SNT_PE,D,20141024,000000,24.4,25.376,24.302,25.278,0,0
SNT_PE,D,20141027,000000,25.669,26.059,25.376,25.474,0,0
SNT_PE,D,20141028,000000,25.571,25.669,25.571,25.571,0,0
SNT_PE,D,20141029,000000,25.766,25.766,25.571,25.571,0,0
SNT_PE,D,20141030,000000,25.766,25.766,24.79,25.278,0,0
SNT_PE,D,20141031,000000,25.376,25.376,24.693,24.986,0,0
SNT_PE,D,20141103,000000,25.278,25.278,24.498,24.986,0,0
SNT_PE,D,20141104,000000,24.986,24.986,24.4,24.498,0,0
SNT_PE,D,20141105,000000,24.498,24.498,23.814,24.302,0,0
SNT_PE,D,20141106,000000,24.302,24.302,23.424,24.205,0,0
SNT_PE,D,20141107,000000,24.205,24.205,23.522,23.912,0,0
SNT_PE,D,20141110,000000,24.205,24.205,23.912,24.107,0,0
SNT_PE,D,20141112,000000,24.107,24.107,23.717,24.01,0,0
SNT_PE,D,20141113,000000,24.205,24.205,24.107,24.107,0,0
SNT_PE,D,20141114,000000,24.107,24.107,23.522,23.814,0,0
SNT_PE,D,20141117,000000,23.424,23.522,22.741,23.522,0,0
SNT_PE,D,20141118,000000,23.522,23.522,22.936,23.522,0,0
SNT_PE,D,20141119,000000,23.619,23.619,22.936,23.326,0,0
SNT_PE,D,20141120,000000,23.522,23.522,22.936,23.131,0,0
SNT_PE,D,20141121,000000,23.131,23.131,22.936,23.034,0,0
SNT_PE,D,20141124,000000,23.131,23.229,22.643,23.229,0,0
SNT_PE,D,20141125,000000,23.619,29.28,23.229,29.28,0,0
SNT_PE,D,20141126,000000,28.597,29.67,28.597,29.378,0,0
SNT_PE,D,20141127,000000,29.378,29.378,29.378,29.378,0,0
SNT_PE,D,20141128,000000,29.573,29.573,28.206,28.206,0,0
SNT_PE,D,20141201,000000,28.987,28.987,28.304,28.89,0,0
SNT_PE,D,20141202,000000,28.206,28.89,27.718,28.89,0,0
SNT_PE,D,20141203,000000,28.89,28.89,28.109,28.694,0,0
SNT_PE,D,20141204,000000,28.109,28.792,27.816,28.694,0,0
SNT_PE,D,20141205,000000,28.694,28.792,28.011,28.792,0,0
SNT_PE,D,20141208,000000,28.792,28.792,28.304,28.694,0,0
SNT_PE,D,20141209,000000,28.694,28.694,27.914,28.206,0,0
SNT_PE,D,20141210,000000,28.206,28.694,27.816,28.499,0,0
SNT_PE,D,20141211,000000,28.499,28.499,27.816,28.109,0,0
SNT_PE,D,20141212,000000,28.402,28.402,27.914,28.109,0,0
SNT_PE,D,20141215,000000,28.206,28.206,27.621,27.816,0,0
SNT_PE,D,20141216,000000,28.109,28.206,27.523,27.914,0,0
SNT_PE,D,20141217,000000,27.523,27.914,27.523,27.816,0,0
SNT_PE,D,20141218,000000,27.816,27.914,27.426,27.718,0,0
SNT_PE,D,20141219,000000,27.816,28.011,27.133,27.914,0,0
SNT_PE,D,20141222,000000,27.914,27.914,27.523,27.621,0,0
SNT_PE,D,20141223,000000,27.621,27.621,26.645,26.645,0,0
SNT_PE,D,20141229,000000,26.547,26.742,26.352,26.742,0,0
SNT_PE,D,20141230,000000,26.742,27.035,25.669,26.157,0,0
SNT_PE,D,20150102,000000,26.157,27.23,26.157,27.23,0,0
SNT_PE,D,20150105,000000,26.84,28.011,26.84,27.914,0,0
SNT_PE,D,20150107,000000,27.328,29.963,27.328,28.694,0,0
SNT_PE,D,20150108,000000,28.694,28.694,27.035,28.109,0,0
SNT_PE,D,20150109,000000,28.597,28.597,27.816,27.914,0,0
SNT_PE,D,20150112,000000,28.109,28.792,28.109,28.694,0,0
SNT_PE,D,20150113,000000,28.694,29.378,28.694,29.182,0,0
SNT_PE,D,20150114,000000,29.28,29.28,28.694,28.694,0,0
SNT_PE,D,20150115,000000,28.89,28.89,27.816,28.694,0,0
SNT_PE,D,20150116,000000,28.89,28.89,27.718,27.816,0,0
SNT_PE,D,20150119,000000,28.011,28.011,27.426,27.523,0,0
SNT_PE,D,20150120,000000,27.133,27.621,26.84,27.621,0,0
SNT_PE,D,20150121,000000,27.328,27.621,26.938,27.621,0,0
SNT_PE,D,20150122,000000,28.011,28.011,26.645,26.84,0,0
SNT_PE,D,20150123,000000,27.035,27.035,26.645,26.84,0,0
SNT_PE,D,20150126,000000,26.742,26.742,26.547,26.547,0,0
SNT_PE,D,20150127,000000,26.547,26.547,25.083,25.474,0,0
SNT_PE,D,20150128,000000,25.474,25.474,24.888,25.278,0,0
SNT_PE,D,20150129,000000,25.669,25.669,25.474,25.474,0,0
SNT_PE,D,20150130,000000,25.474,25.474,25.083,25.376,0,0
SNT_PE,D,20150202,000000,25.278,25.376,22.741,22.741,0,0
SNT_PE,D,20150203,000000,22.643,23.619,21.277,21.472,0,0
SNT_PE,D,20150204,000000,21.472,22.741,19.715,22.741,0,0
SNT_PE,D,20150205,000000,23.229,23.912,22.643,23.912,0,0
SNT_PE,D,20150206,000000,23.912,23.912,23.131,23.814,0,0
SNT_PE,D,20150209,000000,23.814,23.814,22.936,22.936,0,0
SNT_PE,D,20150210,000000,22.936,22.936,22.448,22.936,0,0
SNT_PE,D,20150211,000000,22.936,22.936,22.546,22.643,0,0
SNT_PE,D,20150212,000000,22.058,22.058,21.765,21.862,0,0
SNT_PE,D,20150213,000000,21.765,21.765,20.008,21.667,0,0
SNT_PE,D,20150216,000000,21.374,22.155,20.691,22.058,0,0
SNT_PE,D,20150217,000000,21.57,22.936,21.374,22.936,0,0
SNT_PE,D,20150218,000000,22.936,23.326,22.741,22.741,0,0
SNT_PE,D,20150219,000000,22.546,22.643,22.058,22.643,0,0
SNT_PE,D,20150220,000000,22.643,22.936,21.765,22.838,0,0
SNT_PE,D,20150223,000000,22.741,22.741,21.96,22.643,0,0
SNT_PE,D,20150224,000000,22.253,22.448,22.058,22.155,0,0
SNT_PE,D,20150225,000000,22.155,22.643,21.96,22.546,0,0
SNT_PE,D,20150226,000000,22.546,22.546,22.058,22.448,0,0
SNT_PE,D,20150227,000000,22.448,22.838,22.058,22.253,0,0
SNT_PE,D,20150302,000000,22.35,22.643,22.058,22.35,0,0
SNT_PE,D,20150303,000000,22.741,22.838,22.155,22.155,0,0
SNT_PE,D,20150304,000000,22.253,22.35,22.253,22.253,0,0
SNT_PE,D,20150305,000000,22.253,23.326,22.253,23.131,0,0
SNT_PE,D,20150306,000000,23.326,24.79,23.326,24.79,0,0
SNT_PE,D,20150309,000000,24.79,24.888,24.693,24.79,0,0
SNT_PE,D,20150310,000000,24.79,25.083,24.693,25.083,0,0
SNT_PE,D,20150311,000000,25.083,25.181,24.888,25.083,0,0
SNT_PE,D,20150312,000000,25.083,25.474,24.986,25.376,0,0
SNT_PE,D,20150313,000000,25.376,26.352,25.376,26.157,0,0
SNT_PE,D,20150316,000000,26.254,26.254,25.278,25.571,0,0
SNT_PE,D,20150317,000000,25.669,25.669,25.278,25.474,0,0
SNT_PE,D,20150318,000000,25.376,25.376,24.888,25.278,0,0
SNT_PE,D,20150319,000000,24.595,25.474,24.595,25.278,0,0
SNT_PE,D,20150320,000000,25.474,25.474,24.4,25.083,0,0
SNT_PE,D,20150323,000000,24.4,24.693,24.01,24.302,0,0
SNT_PE,D,20150324,000000,23.912,23.912,23.619,23.717,0,0
SNT_PE,D,20150325,000000,22.936,23.912,22.741,23.814,0,0
SNT_PE,D,20150326,000000,23.814,43.627,23.326,43.627,0,0
SNT_PE,D,20150327,000000,43.627,44.31,43.627,44.213,0,0
SNT_PE,D,20150330,000000,44.213,44.31,43.822,44.213,0,0
SNT_PE,D,20150331,000000,44.213,44.994,42.456,44.994,0,0
SNT_PE,D,20150401,000000,43.334,43.822,42.261,42.261,0,0
SNT_PE,D,20150402,000000,42.358,42.944,42.261,42.358,0,0
SNT_PE,D,20150407,000000,42.846,42.846,42.358,42.358,0,0
SNT_PE,D,20150408,000000,42.456,42.456,41.773,42.358,0,0
SNT_PE,D,20150409,000000,41.87,42.261,41.578,42.261,0,0
SNT_PE,D,20150410,000000,42.163,42.358,41.675,42.358,0,0
SNT_PE,D,20150413,000000,41.773,42.066,41.675,42.066,0,0
SNT_PE,D,20150414,000000,42.066,42.066,42.066,42.066,0,0
SNT_PE,D,20150415,000000,42.066,42.261,41.87,42.261,0,0
SNT_PE,D,20150416,000000,41.675,42.066,41.675,41.87,0,0
SNT_PE,D,20150417,000000,42.066,42.163,40.894,41.578,0,0
SNT_PE,D,20150420,000000,41.578,41.578,40.797,41.48,0,0
SNT_PE,D,20150421,000000,41.578,41.87,41.285,41.285,0,0
SNT_PE,D,20150422,000000,41.382,41.382,40.699,40.894,0,0
SNT_PE,D,20150423,000000,40.992,40.992,40.406,40.406,0,0
SNT_PE,D,20150424,000000,40.211,40.211,39.333,40.016,0,0
SNT_PE,D,20150427,000000,40.016,40.406,38.454,39.821,0,0
SNT_PE,D,20150428,000000,39.43,39.723,39.43,39.723,0,0
SNT_PE,D,20150429,000000,39.528,40.114,39.528,39.626,0,0
SNT_PE,D,20150430,000000,40.211,40.406,39.821,39.821,0,0
SNT_PE,D,20150504,000000,39.821,40.699,39.821,40.016,0,0
SNT_PE,D,20150505,000000,40.211,40.699,40.114,40.504,0,0
SNT_PE,D,20150506,000000,41.187,41.187,40.114,40.211,0,0
SNT_PE,D,20150507,000000,40.016,40.406,40.016,40.016,0,0
SNT_PE,D,20150508,000000,40.309,40.309,40.016,40.114,0,0
SNT_PE,D,20150511,000000,40.211,40.211,40.016,40.114,0,0
SNT_PE,D,20150512,000000,40.114,40.211,40.016,40.211,0,0
SNT_PE,D,20150513,000000,40.211,40.309,40.016,40.211,0,0
SNT_PE,D,20150514,000000,40.211,40.211,40.211,40.211,0,0
SNT_PE,D,20150515,000000,39.918,39.918,37.186,38.747,0,0
SNT_PE,D,20150518,000000,37.576,38.064,37.186,37.283,0,0
SNT_PE,D,20150519,000000,37.771,37.869,37.186,37.869,0,0
SNT_PE,D,20150520,000000,37.869,38.454,37.478,37.674,0,0
SNT_PE,D,20150521,000000,37.674,37.674,37.381,37.381,0,0
SNT_PE,D,20150522,000000,37.576,37.576,37.576,37.576,0,0
SNT_PE,D,20150525,000000,37.576,37.869,36.893,37.869,0,0
SNT_PE,D,20150526,000000,37.186,37.674,36.014,37.674,0,0
SNT_PE,D,20150527,000000,37.674,56.51,36.99,56.51,0,0
SNT_PE,D,20150528,000000,53.973,57.194,53.973,57.096,0,0
SNT_PE,D,20150529,000000,57.096,57.096,56.51,56.51,0,0
SNT_PE,D,20150601,000000,56.803,56.803,56.51,56.51,0,0
SNT_PE,D,20150602,000000,56.218,56.218,54.851,55.534,0,0
SNT_PE,D,20150603,000000,56.12,57.194,55.339,57.194,0,0
SNT_PE,D,20150605,000000,55.925,56.998,55.827,55.827,0,0
SNT_PE,D,20150608,000000,55.925,57.194,55.925,57.194,0,0
SNT_PE,D,20150609,000000,56.706,56.706,55.73,56.51,0,0
SNT_PE,D,20150610,000000,56.218,56.218,56.022,56.022,0,0
SNT_PE,D,20150611,000000,55.827,57.096,55.827,57.096,0,0
SNT_PE,D,20150612,000000,56.022,56.51,56.022,56.51,0,0
SNT_PE,D,20150615,000000,56.51,56.51,55.534,56.51,0,0
SNT_PE,D,20150616,000000,56.901,56.901,56.51,56.901,0,0
SNT_PE,D,20150617,000000,56.998,57.096,53.192,53.29,0,0
SNT_PE,D,20150618,000000,53.29,54.363,52.704,54.363,0,0
SNT_PE,D,20150619,000000,54.363,55.144,54.363,55.144,0,0
SNT_PE,D,20150622,000000,55.144,55.437,54.266,55.437,0,0
SNT_PE,D,20150623,000000,54.656,54.851,53.875,54.851,0,0
SNT_PE,D,20150624,000000,55.144,55.144,54.266,55.046,0,0
SNT_PE,D,20150625,000000,55.046,55.437,55.046,55.339,0,0
SNT_PE,D,20150626,000000,55.339,55.339,55.339,55.339,0,0
SNT_PE,D,20150629,000000,53.094,54.851,51.533,54.851,0,0
SNT_PE,D,20150630,000000,54.851,55.827,54.851,55.827,0,0
SNT_PE,D,20150701,000000,56.022,56.022,54.851,55.339,0,0
SNT_PE,D,20150702,000000,55.827,55.827,54.168,54.851,0,0
SNT_PE,D,20150703,000000,54.851,54.851,54.266,54.851,0,0
SNT_PE,D,20150706,000000,54.266,54.266,54.266,54.266,0,0
SNT_PE,D,20150707,000000,54.07,54.851,53.875,54.851,0,0
SNT_PE,D,20150708,000000,53.875,54.851,53.875,54.851,0,0
SNT_PE,D,20150709,000000,56.218,56.218,56.12,56.12,0,0
SNT_PE,D,20150710,000000,56.12,56.413,54.168,55.827,0,0
SNT_PE,D,20150713,000000,56.413,56.413,56.218,56.218,0,0
SNT_PE,D,20150714,000000,56.413,56.413,54.266,54.754,0,0
SNT_PE,D,20150715,000000,54.851,55.339,54.851,55.339,0,0
SNT_PE,D,20150716,000000,55.144,56.022,55.144,55.827,0,0
SNT_PE,D,20150717,000000,55.144,55.339,55.144,55.339,0,0
SNT_PE,D,20150720,000000,56.218,56.51,56.218,56.315,0,0
SNT_PE,D,20150721,000000,56.998,56.998,55.827,55.827,0,0
SNT_PE,D,20150722,000000,55.827,56.51,54.461,55.827,0,0
SNT_PE,D,20150723,000000,55.827,55.827,54.851,55.827,0,0
SNT_PE,D,20150724,000000,56.803,56.803,53.875,55.534,0,0
SNT_PE,D,20150727,000000,54.168,55.827,54.168,55.827,0,0
SNT_PE,D,20150728,000000,56.51,56.51,54.851,56.51,0,0
SNT_PE,D,20150729,000000,56.218,57.096,55.534,56.901,0,0
SNT_PE,D,20150730,000000,56.901,56.901,56.901,56.901,0,0
SNT_PE,D,20150731,000000,56.998,57.389,54.851,57.389,0,0
SNT_PE,D,20150803,000000,58.17,58.17,55.73,56.51,0,0
SNT_PE,D,20150804,000000,57.779,57.779,56.608,57.486,0,0
SNT_PE,D,20150805,000000,57.779,57.779,57.779,57.779,0,0
SNT_PE,D,20150806,000000,57.682,57.682,56.218,56.901,0,0
SNT_PE,D,20150807,000000,57.584,57.584,56.218,57.486,0,0
SNT_PE,D,20150810,000000,57.486,57.486,56.12,56.51,0,0
SNT_PE,D,20150811,000000,56.51,56.51,55.144,56.51,0,0
SNT_PE,D,20150812,000000,56.803,56.803,54.266,56.413,0,0
SNT_PE,D,20150813,000000,56.218,56.315,56.218,56.315,0,0
SNT_PE,D,20150814,000000,56.218,56.218,54.558,55.827,0,0
SNT_PE,D,20150817,000000,55.827,55.827,53.582,55.827,0,0
SNT_PE,D,20150818,000000,53.582,55.925,53.582,55.827,0,0
SNT_PE,D,20150819,000000,55.925,56.315,54.07,56.315,0,0
SNT_PE,D,20150820,000000,56.51,56.901,56.51,56.608,0,0
SNT_PE,D,20150821,000000,56.803,56.901,56.803,56.901,0,0
SNT_PE,D,20150824,000000,56.901,56.901,54.266,56.901,0,0
SNT_PE,D,20150825,000000,55.925,56.608,55.827,56.51,0,0
SNT_PE,D,20150826,000000,56.51,56.608,55.827,56.608,0,0
SNT_PE,D,20150827,000000,56.608,57.096,56.608,56.901,0,0
SNT_PE,D,20150828,000000,57.194,57.194,56.901,57.194,0,0
SNT_PE,D,20150831,000000,57.194,57.194,56.022,56.901,0,0
SNT_PE,D,20150901,000000,54.168,56.218,54.168,55.534,0,0
SNT_PE,D,20150902,000000,56.51,56.51,55.534,55.534,0,0
SNT_PE,D,20150903,000000,56.315,56.315,54.851,55.925,0,0
SNT_PE,D,20150904,000000,56.218,56.218,54.558,55.437,0,0
SNT_PE,D,20150907,000000,55.437,56.12,54.461,56.12,0,0
SNT_PE,D,20151113,000000,865.13,865.13,865.13,865.13,0,0
SNT_PE,D,20151116,000000,851.07,886.79,851.07,859.95,0,0
SNT_PE,D,20151117,000000,857.81,898.99,857.81,898.12,0,0
SNT_PE,D,20151118,000000,896.36,906.31,868.15,906.31,0,0
SNT_PE,D,20151119,000000,905.63,907.88,898.99,907.88,0,0
SNT_PE,D,20151120,000000,905.63,907.88,888.65,907.88,0,0
SNT_PE,D,20151123,000000,888.65,905.63,883.57,903.78,0,0
SNT_PE,D,20151124,000000,908.17,924.08,901.53,916.66,0,0
SNT_PE,D,20151125,000000,914.32,914.32,907.68,912.56,0,0
SNT_PE,D,20151126,000000,909.73,911,893.33,911,0,0
SNT_PE,D,20151127,000000,908.17,908.36,893.82,908.36,0,0
SNT_PE,D,20151130,000000,906.12,907.39,881.52,907.39,0,0
SNT_PE,D,20151201,000000,906.12,908.36,888.65,908.36,0,0
SNT_PE,D,20151202,000000,906.12,906.12,884.06,890.89,0,0
SNT_PE,D,20151203,000000,888.65,890.89,878.89,890.89,0,0
SNT_PE,D,20151204,000000,888.65,888.65,847.56,874.89,0,0
SNT_PE,D,20151207,000000,872.74,900.16,872.74,900.16,0,0
SNT_PE,D,20151208,000000,897.92,897.92,864.05,894.5,0,0
SNT_PE,D,20151209,000000,897.92,899.09,896.85,899.09,0,0
SNT_PE,D,20151210,000000,896.85,897.63,865.52,897.63,0,0
SNT_PE,D,20151211,000000,895.87,898.12,895.87,898.12,0,0
SNT_PE,D,20151214,000000,895.87,896.07,893.82,896.07,0,0
SNT_PE,D,20151215,000000,873.23,893.82,873.23,890.89,0,0
SNT_PE,D,20151216,000000,893.33,893.33,888.65,890.89,0,0
SNT_PE,D,20151217,000000,893.33,893.33,872.74,890.89,0,0
SNT_PE,D,20151218,000000,895.87,897.92,868.15,890.89,0,0
SNT_PE,D,20151221,000000,880.94,888.65,878.4,885.72,0,0
SNT_PE,D,20151222,000000,883.57,903.78,873.23,903.78,0,0
SNT_PE,D,20151223,000000,901.53,913.54,891.28,913.54,0,0
SNT_PE,D,20151228,000000,891.77,913.54,891.77,913.54,0,0
SNT_PE,D,20151229,000000,911.29,926.42,907.19,926.42,0,0
SNT_PE,D,20151230,000000,924.66,926.91,909.24,926.91,0,0
SNT_PE,D,20160104,000000,924.66,926.91,924.08,926.91,0,0
SNT_PE,D,20160105,000000,924.66,924.66,896.36,898.6,0,0
SNT_PE,D,20160107,000000,898.99,914.02,888.65,914.02,0,0
SNT_PE,D,20160108,000000,923.1,923.1,906.61,908.95,0,0
SNT_PE,D,20160111,000000,904.07,916.17,904.07,916.17,0,0
SNT_PE,D,20160112,000000,923.1,926.91,898.99,926.91,0,0
SNT_PE,D,20160113,000000,914.32,960.09,914.32,952.67,0,0
SNT_PE,D,20160114,000000,947.79,947.79,944.67,947.01,0,0
SNT_PE,D,20160115,000000,944.67,954.92,944.67,951.7,0,0
SNT_PE,D,20160118,000000,952.87,952.87,902.02,926.91,0,0
SNT_PE,D,20160119,000000,928.76,928.76,902.02,921.83,0,0
SNT_PE,D,20160120,000000,908.17,924.66,900.46,902.7,0,0
SNT_PE,D,20160121,000000,900.46,923.3,900.46,923.3,0,0
SNT_PE,D,20160122,000000,920.56,921.25,904.07,921.25,0,0
SNT_PE,D,20160125,000000,919.49,919.49,891.28,919,0,0
SNT_PE,D,20160126,000000,919,920.27,917.93,920.27,0,0
SNT_PE,D,20160127,000000,916.37,921.25,904.56,921.25,0,0
SNT_PE,D,20160128,000000,919.49,919.49,914.32,916.66,0,0
SNT_PE,D,20160129,000000,919.49,934.91,893.82,927.98,0,0
SNT_PE,D,20160201,000000,933.84,936.18,933.84,936.18,0,0
SNT_PE,D,20160202,000000,933.35,933.35,924.66,926.91,0,0
SNT_PE,D,20160203,000000,924.66,926.91,924.66,926.91,0,0
SNT_PE,D,20160204,000000,924.66,924.66,901.53,911.49,0,0
SNT_PE,D,20160205,000000,909.24,909.24,891.77,908.95,0,0
SNT_PE,D,20160208,000000,901.04,901.24,898.99,901.24,0,0
SNT_PE,D,20160209,000000,841.9,873.23,783.34,821.89,0,0
SNT_PE,D,20160823,000000,61.293,61.293,61.293,61.293,0,0
SNT_PE,D,20160824,000000,60.414,61.195,60.414,61.195,0,0
SNT_PE,D,20160825,000000,59.438,61.098,59.438,61.098,0,0
SNT_PE,D,20160826,000000,61.098,61.098,59.536,60.61,0,0
SNT_PE,D,20160829,000000,60.61,60.61,60.512,60.512,0,0
SNT_PE,D,20160830,000000,60.61,61.098,60.61,61.098,0,0
SNT_PE,D,20160831,000000,61.098,61.293,59.634,59.634,0,0
SNT_PE,D,20160901,000000,61,61,59.536,60.902,0,0
SNT_PE,D,20160902,000000,60.805,60.805,59.048,60.707,0,0
SNT_PE,D,20160905,000000,60.707,60.707,58.365,58.365,0,0
SNT_PE,D,20160906,000000,59.926,59.926,58.365,58.658,0,0
SNT_PE,D,20160907,000000,59.048,60.61,59.048,60.61,0,0
SNT_PE,D,20160908,000000,60.61,60.61,58.17,59.438,0,0
SNT_PE,D,20160909,000000,60.61,66.856,59.829,66.856,0,0
SNT_PE,D,20160912,000000,66.466,69.491,63.928,69.003,0,0
SNT_PE,D,20160913,000000,69.394,72.614,67.832,69.882,0,0
SNT_PE,D,20160914,000000,71.443,71.443,69.003,69.003,0,0
SNT_PE,D,20160915,000000,69.003,69.003,68.027,68.125,0,0
SNT_PE,D,20160916,000000,68.027,68.32,65.49,68.222,0,0
SNT_PE,D,20160919,000000,69.003,69.003,67.832,68.222,0,0
SNT_PE,D,20160920,000000,69.003,69.003,67.832,68.418,0,0
SNT_PE,D,20160921,000000,69.003,69.003,67.051,67.832,0,0
SNT_PE,D,20160922,000000,68.906,68.906,68.222,68.222,0,0
SNT_PE,D,20160923,000000,68.222,68.222,68.222,68.222,0,0
SNT_PE,D,20160926,000000,69.003,69.003,67.832,67.832,0,0
SNT_PE,D,20160927,000000,67.832,70.662,67.832,70.565,0,0
SNT_PE,D,20160928,000000,71.248,71.248,69.003,69.491,0,0
SNT_PE,D,20160929,000000,69.491,71.834,69.198,71.834,0,0
SNT_PE,D,20160930,000000,72.029,73.883,70.662,73.883,0,0
SNT_PE,D,20161003,000000,73.883,73.883,73.786,73.883,0,0
SNT_PE,D,20161004,000000,73.883,73.883,73.883,73.883,0,0
SNT_PE,D,20161005,000000,73.883,73.883,71.443,73.493,0,0
SNT_PE,D,20161006,000000,71.443,71.443,70.272,70.272,0,0
SNT_PE,D,20161007,000000,73.2,73.2,70.272,71.834,0,0
SNT_PE,D,20161010,000000,74.859,74.859,71.443,71.638,0,0
SNT_PE,D,20161011,000000,72.907,72.907,71.834,71.834,0,0
SNT_PE,D,20161012,000000,71.834,71.834,71.443,71.443,0,0
SNT_PE,D,20161013,000000,71.834,71.834,71.053,71.053,0,0
SNT_PE,D,20161014,000000,71.834,71.834,71.443,71.443,0,0
SNT_PE,D,20161017,000000,71.834,71.834,68.125,68.125,0,0
SNT_PE,D,20161018,000000,68.125,68.222,67.93,67.93,0,0
SNT_PE,D,20161019,000000,68.027,68.808,68.027,68.808,0,0
SNT_PE,D,20161020,000000,68.808,68.808,68.808,68.808,0,0
SNT_PE,D,20161021,000000,68.808,68.808,68.808,68.808,0,0
SNT_PE,D,20161024,000000,68.808,68.808,66.466,68.613,0,0
SNT_PE,D,20161025,000000,68.71,68.71,68.71,68.71,0,0
SNT_PE,D,20161026,000000,68.71,69.882,68.71,69.882,0,0
SNT_PE,D,20161027,000000,70.76,70.76,68.32,70.662,0,0
SNT_PE,D,20161028,000000,70.662,72.419,70.662,72.419,0,0
SNT_PE,D,20161031,000000,72.419,5215.45,69.589,5215.45,0,0
SNT_PE,D,20161102,000000,5210.08,5215.45,4894.35,5215.45,0,0
SNT_PE,D,20161103,000000,5210.08,5258.88,5167.04,5258.88,0,0
SNT_PE,D,20161104,000000,5210.08,5210.08,4908.69,4954.66,0,0
SNT_PE,D,20161107,000000,4911.62,4911.62,4478.08,4693.88,0,0
SNT_PE,D,20161108,000000,4687.63,4687.63,4334.61,4375.21,0,0
SNT_PE,D,20161109,000000,4262.78,4343.3,4104.96,4343.3,0,0
SNT_PE,D,20161110,000000,4302.99,4549.04,4302.99,4549.04,0,0
SNT_PE,D,20161114,000000,4590.03,4592.47,4363.31,4592.47,0,0
SNT_PE,D,20161115,000000,4592.96,4630.14,4317.34,4630.14,0,0
SNT_PE,D,20161116,000000,4592.96,4592.96,4308.75,4496.92,0,0
SNT_PE,D,20161117,000000,4592.96,4607.01,4564.26,4607.01,0,0
SNT_PE,D,20161118,000000,4590.03,4590.03,4305.92,4351.98,0,0
SNT_PE,D,20161121,000000,4305.92,4348.96,4305.92,4346.23,0,0
SNT_PE,D,20161122,000000,4277.22,4375.21,4277.22,4375.21,0,0
SNT_PE,D,20161123,000000,4305.92,4433.09,4305.92,4433.09,0,0
SNT_PE,D,20161124,000000,4340.37,4496.92,4305.92,4496.92,0,0
SNT_PE,D,20161125,000000,4340.37,4491.06,4340.37,4491.06,0,0
SNT_PE,D,20161128,000000,4446.56,4687.63,4446.56,4636,0,0
SNT_PE,D,20161129,000000,4592.96,4722.86,4509.71,4722.86,0,0
SNT_PE,D,20161130,000000,4736.43,4751.85,4707.74,4751.85,0,0
SNT_PE,D,20161201,000000,4707.74,4748.92,4704.91,4748.92,0,0
SNT_PE,D,20161202,000000,4704.91,4748.92,4704.91,4748.92,0,0
SNT_PE,D,20161205,000000,4679.04,4679.04,4509.71,4551.97,0,0
SNT_PE,D,20161206,000000,4509.71,4520.05,4478.08,4520.05,0,0
SNT_PE,D,20161207,000000,4449.39,4636,4420.69,4607.01,0,0
SNT_PE,D,20161208,000000,4564.26,4607.01,4564.26,4607.01,0,0
SNT_PE,D,20161209,000000,4555.58,4592.47,4549.92,4592.47,0,0
SNT_PE,D,20161212,000000,4704.91,4704.91,4564.26,4607.01,0,0
SNT_PE,D,20161213,000000,4704.91,4704.91,4280.05,4323,0,0
SNT_PE,D,20161214,000000,4277.22,4444.7,4277.22,4444.7,0,0
SNT_PE,D,20161215,000000,4403.52,4403.52,4248.43,4383.9,0,0
SNT_PE,D,20161216,000000,4343.2,4343.2,4179.62,4317.24,0,0
SNT_PE,D,20161219,000000,4248.43,4253.51,4047.57,4253.51,0,0
SNT_PE,D,20161220,000000,4300.16,4337.54,4176.69,4337.54,0,0
SNT_PE,D,20161221,000000,4228.42,4228.42,4188.21,4227.45,0,0
SNT_PE,D,20161222,000000,4300.16,4300.16,4173.86,4212.9,0,0
SNT_PE,D,20161223,000000,4225.49,4265.12,4225.49,4265.12,0,0
SNT_PE,D,20161227,000000,4228.42,4236.13,4196.8,4236.13,0,0
SNT_PE,D,20161228,000000,4162.35,4259.26,4076.26,4259.26,0,0
SNT_PE,D,20161229,000000,4222.66,4259.26,4219.74,4259.26,0,0
SNT_PE,D,20161230,000000,4225.49,4532.64,4216.91,4532.64,0,0
SNT_PE,D,20170102,000000,4584.37,4737.41,4305.92,4737.41,0,0
SNT_PE,D,20170103,000000,4592.96,4636,4592.96,4636,0,0
SNT_PE,D,20170104,000000,4590.03,4607.01,4369.06,4607.01,0,0
SNT_PE,D,20170105,000000,4549.92,4575.1,4371.89,4575.1,0,0
SNT_PE,D,20170109,000000,4532.64,4569.34,4526.88,4569.34,0,0
SNT_PE,D,20170110,000000,4526.88,4526.88,4334.61,4421.57,0,0
SNT_PE,D,20170111,000000,4380.48,4421.57,4380.48,4421.57,0,0
SNT_PE,D,20170112,000000,4380.48,4418.64,4176.69,4418.64,0,0
SNT_PE,D,20170113,000000,4374.82,4412.89,4371.89,4412.89,0,0
SNT_PE,D,20170116,000000,4208.32,4404.2,4208.32,4404.2,0,0
SNT_PE,D,20170117,000000,4363.31,4401.27,4360.38,4401.27,0,0
SNT_PE,D,20170118,000000,4360.38,4401.27,4360.38,4401.27,0,0
SNT_PE,D,20170119,000000,4360.38,4401.27,4193.97,4401.27,0,0
SNT_PE,D,20170120,000000,4360.38,4401.27,4360.38,4401.27,0,0
SNT_PE,D,20170123,000000,4360.38,4401.27,4360.38,4401.27,0,0
SNT_PE,D,20170124,000000,4360.38,4401.27,4300.16,4401.27,0,0
SNT_PE,D,20170125,000000,4360.38,4360.38,4222.66,4360.38,0,0
SNT_PE,D,20170126,000000,4305.92,4346.23,4277.22,4346.23,0,0
SNT_PE,D,20170127,000000,4305.92,4346.23,4228.42,4346.23,0,0
SNT_PE,D,20170130,000000,4277.22,4520.05,4225.49,4520.05,0,0
SNT_PE,D,20170131,000000,4592.96,4940.22,4592.96,4940.22,0,0
SNT_PE,D,20170201,000000,4940.32,5066.61,4882.83,5041.63,0,0
SNT_PE,D,20170202,000000,4966.08,4966.08,4836.96,4925.68,0,0
SNT_PE,D,20170203,000000,4880,5003.95,4814.02,5003.95,0,0
SNT_PE,D,20170206,000000,4963.25,4963.25,4880,4880,0,0
SNT_PE,D,20170207,000000,4963.25,4963.25,4896.69,4896.69,0,0
SNT_PE,D,20170208,000000,4911.62,4922.85,4877.17,4922.85,0,0
SNT_PE,D,20170209,000000,4877.17,4877.17,4707.74,4809.83,0,0
SNT_PE,D,20170210,000000,4877.17,4922.85,4877.17,4922.85,0,0
SNT_PE,D,20170213,000000,4877.17,4896.69,4851.31,4896.69,0,0
SNT_PE,D,20170214,000000,4877.17,4919.92,4653.18,4919.92,0,0
SNT_PE,D,20170215,000000,4960.42,4960.42,321.01,321.01,0,0
SNT_PE,D,20170216,000000,328.33,328.52,318.86,326.57,0,0
SNT_PE,D,20170217,000000,326.67,326.67,318.86,325.59,0,0
SNT_PE,D,20170220,000000,324.52,326.28,313.49,326.18,0,0
SNT_PE,D,20170221,000000,324.52,324.52,316.52,316.52,0,0
SNT_PE,D,20170222,000000,316.22,328.52,316.22,328.52,0,0
SNT_PE,D,20170223,000000,328.52,328.52,328.52,328.52,0,0
SNT_PE,D,20170224,000000,331.25,331.25,316.22,328.52,0,0
SNT_PE,D,20170227,000000,331.25,331.25,328.52,328.52,0,0
SNT_PE,D,20170228,000000,331.25,331.25,328.52,328.52,0,0
SNT_PE,D,20170301,000000,328.52,328.52,328.52,328.52,0,0
SNT_PE,D,20170302,000000,328.52,328.52,328.52,328.52,0,0
SNT_PE,D,20170303,000000,328.52,328.52,318.86,328.52,0,0
SNT_PE,D,20170306,000000,315.44,318.86,315.44,315.74,0,0
SNT_PE,D,20170307,000000,326.67,326.67,325.98,325.98,0,0
SNT_PE,D,20170308,000000,313.49,318.86,313.49,318.86,0,0
SNT_PE,D,20170309,000000,322.57,322.57,309.39,311.15,0,0
SNT_PE,D,20170310,000000,309.78,321.98,309.78,321.98,0,0
SNT_PE,D,20170313,000000,327.35,327.35,326.18,326.18,0,0
SNT_PE,D,20170314,000000,326.28,326.28,324.52,326.18,0,0
SNT_PE,D,20170315,000000,324.52,326.67,324.52,326.57,0,0
SNT_PE,D,20170316,000000,328.33,328.33,327.74,327.74,0,0
SNT_PE,D,20170317,000000,327.35,327.35,319.84,320.81,0,0
SNT_PE,D,20170320,000000,325.69,325.69,309.39,320.81,0,0
SNT_PE,D,20170321,000000,327.35,327.35,310.37,324.72,0,0
SNT_PE,D,20170322,000000,324.72,324.72,312.12,324.72,0,0
SNT_PE,D,20170323,000000,324.72,324.72,324.72,324.72,0,0
SNT_PE,D,20170324,000000,324.72,324.72,312.12,324.72,0,0
SNT_PE,D,20170327,000000,317.88,328.33,317.88,328.33,0,0
SNT_PE,D,20170328,000000,328.33,328.52,317.2,326.57,0,0
SNT_PE,D,20170329,000000,328.13,334.38,326.67,334.18,0,0
SNT_PE,D,20170330,000000,347.85,367.17,330.47,341.11,0,0
SNT_PE,D,20170331,000000,347.85,348.82,342.09,344.04,0,0
SNT_PE,D,20170403,000000,347.65,347.65,333.79,333.99,0,0
SNT_PE,D,20170404,000000,334.18,346.87,328.52,331.45,0,0
SNT_PE,D,20170405,000000,337.21,337.21,321.01,328.52,0,0
SNT_PE,D,20170406,000000,336.33,336.33,325.69,328.52,0,0
SNT_PE,D,20170407,000000,328.52,328.52,321.01,328.52,0,0
SNT_PE,D,20170410,000000,328.52,328.52,326.67,328.52,0,0
SNT_PE,D,20170411,000000,328.33,328.33,319.84,320.81,0,0
SNT_PE,D,20170412,000000,328.33,328.33,318.86,320.81,0,0
SNT_PE,D,20170413,000000,320.81,327.55,318.86,320.81,0,0
SNT_PE,D,20170418,000000,327.35,327.35,318.86,318.86,0,0
SNT_PE,D,20170419,000000,325.69,325.69,318.86,318.86,0,0
SNT_PE,D,20170420,000000,318.86,318.86,299.53,309.2,0,0
SNT_PE,D,20170421,000000,309.2,343.16,304.61,343.16,0,0
SNT_PE,D,20170424,000000,348.53,348.53,343.16,343.16,0,0
SNT_PE,D,20170425,000000,338.28,341.11,338.09,341.01,0,0
SNT_PE,D,20170426,000000,333.6,341.11,332.52,341.01,0,0
SNT_PE,D,20170427,000000,340.62,341.11,333.6,341.01,0,0
SNT_PE,D,20170428,000000,343.16,343.16,335.94,342.97,0,0
SNT_PE,D,20170502,000000,342.97,344.24,339.36,344.24,0,0
SNT_PE,D,20170504,000000,344.24,344.24,342.97,342.97,0,0
SNT_PE,D,20170505,000000,344.24,344.24,334.87,338.87,0,0
SNT_PE,D,20170508,000000,338.96,342.97,337.89,342.97,0,0
SNT_PE,D,20170509,000000,342.97,342.97,335.74,342.97,0,0
SNT_PE,D,20170510,000000,342.97,342.97,323.93,335.65,0,0
SNT_PE,D,20170511,000000,342.77,342.77,144.25,144.25,0,0
SNT_PE,D,20170512,000000,142.98,144.35,134.59,143.86,0,0
SNT_PE,D,20170515,000000,143.86,144.64,143.86,144.64,0,0
SNT_PE,D,20170516,000000,144.64,144.64,137.42,137.42,0,0
SNT_PE,D,20170517,000000,141.03,141.03,136.84,141.03,0,0
SNT_PE,D,20170518,000000,141.03,141.03,135.66,136.54,0,0
SNT_PE,D,20170519,000000,141.03,141.03,133.81,136.15,0,0
SNT_PE,D,20170522,000000,136.25,136.25,136.05,136.05,0,0
SNT_PE,D,20170523,000000,135.18,136.15,135.18,136.05,0,0
SNT_PE,D,20170524,000000,136.15,136.15,135.96,135.96,0,0
SNT_PE,D,20170525,000000,135.96,135.96,132.05,132.93,0,0
SNT_PE,D,20170526,000000,135.96,135.96,131.86,135.47,0,0
SNT_PE,D,20170529,000000,135.47,136.35,130.69,136.35,0,0
SNT_PE,D,20170530,000000,136.35,143.76,132.15,141.81,0,0
SNT_PE,D,20170531,000000,143.47,143.47,136.74,140.74,0,0
SNT_PE,D,20170601,000000,143.18,143.18,140.64,140.64,0,0
SNT_PE,D,20170602,000000,140.64,140.64,136.64,140.64,0,0
SNT_PE,D,20170605,000000,140.25,140.25,137.52,140.15,0,0
SNT_PE,D,20170606,000000,140.25,140.25,139.08,139.08,0,0
SNT_PE,D,20170607,000000,140.25,140.25,137.42,137.42,0,0
SNT_PE,D,20170608,000000,139.96,139.96,133.52,135.27,0,0
SNT_PE,D,20170609,000000,135.27,135.27,135.27,135.27,0,0
SNT_PE,D,20170612,000000,135.27,135.27,131.08,132.44,0,0
SNT_PE,D,20170613,000000,132.35,135.27,130.69,132.44,0,0
SNT_PE,D,20170614,000000,135.08,135.08,135.08,135.08,0,0
SNT_PE,D,20170616,000000,135.08,135.66,122,131.56,0,0
SNT_PE,D,20170619,000000,131.76,136.35,125.12,136.35,0,0
SNT_PE,D,20170620,000000,136.25,136.54,136.25,136.54,0,0
SNT_PE,D,20170621,000000,136.54,136.54,136.44,136.44,0,0
SNT_PE,D,20170622,000000,136.54,136.54,136.54,136.54,0,0
SNT_PE,D,20170623,000000,136.54,136.54,136.54,136.54,0,0
SNT_PE,D,20170626,000000,136.44,136.44,136.44,136.44,0,0
SNT_PE,D,20170627,000000,140.15,140.15,124.05,127.47,0,0
SNT_PE,D,20170628,000000,127.47,130,127.47,127.47,0,0
SNT_PE,D,20170629,000000,127.47,127.47,127.47,127.47,0,0
SNT_PE,D,20170630,000000,127.47,128.44,127.47,128.44,0,0
SNT_PE,D,20170703,000000,130,130.69,128.54,130.69,0,0
SNT_PE,D,20170704,000000,133.52,133.52,130.78,130.78,0,0
SNT_PE,D,20170705,000000,130.78,130.78,124.73,124.73,0,0
SNT_PE,D,20170706,000000,127.47,127.47,127.47,127.47,0,0
SNT_PE,D,20170707,000000,127.47,127.47,124.34,127.47,0,0
SNT_PE,D,20170710,000000,127.47,127.47,127.47,127.47,0,0
SNT_PE,D,20170711,000000,127.37,127.37,127.37,127.37,0,0
SNT_PE,D,20170712,000000,127.37,127.37,127.37,127.37,0,0
SNT_PE,D,20170713,000000,127.37,127.37,123.46,126.59,0,0
SNT_PE,D,20170714,000000,127.37,127.37,127.37,127.37,0,0
SNT_PE,D,20170717,000000,127.37,127.37,123.46,123.46,0,0
SNT_PE,D,20170718,000000,127.37,127.37,123.37,123.37,0,0
SNT_PE,D,20170719,000000,127.17,127.17,122.88,126.88,0,0
SNT_PE,D,20170720,000000,126.78,126.78,126.2,126.78,0,0
SNT_PE,D,20170721,000000,126.78,126.78,126.78,126.78,0,0
SNT_PE,D,20170724,000000,126.78,126.78,125.61,125.61,0,0
SNT_PE,D,20170725,000000,125.61,125.61,125.61,125.61,0,0
SNT_PE,D,20170726,000000,125.61,138.2,120.24,136.05,0,0
SNT_PE,D,20170727,000000,141.03,142.69,141.03,141.03,0,0
SNT_PE,D,20170728,000000,139.37,143.67,139.37,143.67,0,0
SNT_PE,D,20170731,000000,143.67,147.08,131.66,147.08,0,0
SNT_PE,D,20170801,000000,146.69,146.69,145.62,146.01,0,0
SNT_PE,D,20170802,000000,147.08,147.08,145.62,145.62,0,0
SNT_PE,D,20170803,000000,145.72,145.72,144.74,144.74,0,0
SNT_PE,D,20170804,000000,144.74,144.74,144.25,144.25,0,0
SNT_PE,D,20170807,000000,144.35,144.35,144.16,144.16,0,0
SNT_PE,D,20170808,000000,144.35,144.74,144.25,144.25,0,0
SNT_PE,D,20170809,000000,145.52,145.52,139.28,145.52,0,0
SNT_PE,D,20170810,000000,145.52,145.52,145.52,145.52,0,0
SNT_PE,D,20170811,000000,145.52,145.52,145.42,145.52,0,0
SNT_PE,D,20170814,000000,145.52,145.52,139.67,144.25,0,0
SNT_PE,D,20170816,000000,145.23,145.23,145.13,145.13,0,0
SNT_PE,D,20170817,000000,145.03,145.03,145.03,145.03,0,0
SNT_PE,D,20170818,000000,145.03,145.03,144.74,144.74,0,0
SNT_PE,D,20170821,000000,144.64,144.64,144.64,144.64,0,0
SNT_PE,D,20170822,000000,144.64,144.64,144.64,144.64,0,0
SNT_PE,D,20170823,000000,144.64,144.64,144.64,144.64,0,0
SNT_PE,D,20170824,000000,144.64,144.64,138.4,144.25,0,0
SNT_PE,D,20170825,000000,144.35,144.45,91.451,91.451,0,0
SNT_PE,D,20170828,000000,91.451,91.451,88.133,88.133,0,0
SNT_PE,D,20170829,000000,90.475,90.475,87.352,87.352,0,0
SNT_PE,D,20170830,000000,86.766,90.475,86.766,89.89,0,0
SNT_PE,D,20170831,000000,90.866,91.158,87.352,90.963,0,0
SNT_PE,D,20170901,000000,91.061,91.061,87.645,91.061,0,0
SNT_PE,D,20170904,000000,91.061,91.061,90.963,90.963,0,0
SNT_PE,D,20170905,000000,91.061,91.061,90.475,90.475,0,0
SNT_PE,D,20170906,000000,90.378,90.475,87.938,90.475,0,0
SNT_PE,D,20170907,000000,90.768,90.866,90.768,90.866,0,0
SNT_PE,D,20170908,000000,90.866,91.061,88.816,89.304,0,0
SNT_PE,D,20170911,000000,87.645,90.963,86.766,90.963,0,0
SNT_PE,D,20170912,000000,90.963,90.963,90.963,90.963,0,0
SNT_PE,D,20170913,000000,90.866,90.866,89.304,89.304,0,0
SNT_PE,D,20170914,000000,90.866,90.866,86.766,87.059,0,0
SNT_PE,D,20170915,000000,90.475,90.475,87.059,88.523,0,0
SNT_PE,D,20170918,000000,90.475,90.475,87.059,87.84,0,0
SNT_PE,D,20170919,000000,90.475,90.475,86.376,88.914,0,0
SNT_PE,D,20170920,000000,90.475,90.475,86.669,88.914,0,0
SNT_PE,D,20170921,000000,90.475,90.475,86.474,88.718,0,0
SNT_PE,D,20170922,000000,90.378,90.378,88.718,88.718,0,0
SNT_PE,D,20170925,000000,90.378,90.378,86.474,87.352,0,0
SNT_PE,D,20170926,000000,90.963,90.963,87.059,87.059,0,0
SNT_PE,D,20170927,000000,90.378,90.378,87.547,87.547,0,0
SNT_PE,D,20170928,000000,87.547,87.547,87.547,87.547,0,0
SNT_PE,D,20170929,000000,89.89,89.89,89.89,89.89,0,0
SNT_PE,D,20171002,000000,90.378,90.67,90.378,90.378,0,0
SNT_PE,D,20171003,000000,90.475,90.475,87.059,90.378,0,0
SNT_PE,D,20171004,000000,90.378,90.378,89.792,89.89,0,0
SNT_PE,D,20171005,000000,88.816,88.816,84.326,87.059,0,0
SNT_PE,D,20171006,000000,87.059,90.182,86.474,90.182,0,0
SNT_PE,D,20171009,000000,90.378,90.378,86.376,86.376,0,0
SNT_PE,D,20171010,000000,87.84,87.84,85.888,85.888,0,0
SNT_PE,D,20171011,000000,88.23,88.23,82.472,85.888,0,0
SNT_PE,D,20171012,000000,88.23,88.23,87.45,87.45,0,0
SNT_PE,D,20171013,000000,87.547,87.547,83.643,86.962,0,0
SNT_PE,D,20171016,000000,89.694,89.694,86.376,89.304,0,0
SNT_PE,D,20171017,000000,89.792,89.89,89.792,89.89,0,0
SNT_PE,D,20171018,000000,87.547,87.547,87.547,87.547,0,0
SNT_PE,D,20171019,000000,87.547,87.547,87.547,87.547,0,0
SNT_PE,D,20171020,000000,89.89,89.89,83.936,87.352,0,0
SNT_PE,D,20171023,000000,89.011,89.011,87.254,87.352,0,0
SNT_PE,D,20171024,000000,87.645,87.645,87.45,87.45,0,0
SNT_PE,D,20171025,000000,87.45,87.45,83.936,86.474,0,0
SNT_PE,D,20171026,000000,86.474,86.474,79.837,83.546,0,0
SNT_PE,D,20171027,000000,85.302,85.302,79.837,80.618,0,0
SNT_PE,D,20171030,000000,80.52,80.715,80.52,80.715,0,0
SNT_PE,D,20171031,000000,80.715,80.715,80.618,80.618,0,0
SNT_PE,D,20171102,000000,80.618,84.131,80.618,84.131,0,0
SNT_PE,D,20171103,000000,85.302,89.011,81.496,81.496,0,0
SNT_PE,D,20171106,000000,83.838,83.838,77.885,80.618,0,0
SNT_PE,D,20171107,000000,80.715,80.715,80.52,80.52,0,0
SNT_PE,D,20171108,000000,80.813,80.813,77.787,79.934,0,0
SNT_PE,D,20171109,000000,80.715,80.715,78.08,79.934,0,0
SNT_PE,D,20171110,000000,80.813,80.813,76.226,76.421,0,0
SNT_PE,D,20171113,000000,75.933,75.933,73.786,75.835,0,0
SNT_PE,D,20171114,000000,75.835,80.813,75.835,78.373,0,0
SNT_PE,D,20171115,000000,80.91,80.91,80.91,80.91,0,0
SNT_PE,D,20171116,000000,80.91,80.91,78.666,79.446,0,0
SNT_PE,D,20171117,000000,80.91,80.91,79.446,80.91,0,0
SNT_PE,D,20171120,000000,80.91,80.91,79.349,79.446,0,0
SNT_PE,D,20171121,000000,79.446,79.446,79.154,79.154,0,0
SNT_PE,D,20171122,000000,79.154,79.154,77.006,79.056,0,0
SNT_PE,D,20171123,000000,79.056,79.056,78.861,78.861,0,0
SNT_PE,D,20171124,000000,79.056,81.008,79.056,81.008,0,0
SNT_PE,D,20171127,000000,81.301,81.301,79.154,79.154,0,0
SNT_PE,D,20171128,000000,81.301,83.546,78.763,82.96,0,0
SNT_PE,D,20171129,000000,82.96,82.96,81.301,81.301,0,0
SNT_PE,D,20171130,000000,83.35,83.448,81.301,82.862,0,0
SNT_PE,D,20171201,000000,83.448,83.448,79.642,82.374,0,0
SNT_PE,D,20171204,000000,83.058,83.058,82.862,82.862,0,0
SNT_PE,D,20171205,000000,82.96,82.96,82.277,82.374,0,0
SNT_PE,D,20171206,000000,80.227,82.179,80.227,80.618,0,0
SNT_PE,D,20171207,000000,82.374,82.374,80.618,81.301,0,0
SNT_PE,D,20171208,000000,82.96,82.96,80.52,82.374,0,0
SNT_PE,D,20171211,000000,82.374,82.862,81.301,81.886,0,0
SNT_PE,D,20171212,000000,82.862,82.862,81.984,82.082,0,0
SNT_PE,D,20171213,000000,80.032,81.398,80.032,81.398,0,0
SNT_PE,D,20171214,000000,80.227,81.301,80.227,81.301,0,0
SNT_PE,D,20171215,000000,81.496,85.595,79.739,85.595,0,0
SNT_PE,D,20171218,000000,86.571,89.402,84.619,87.84,0,0
SNT_PE,D,20171219,000000,87.84,87.84,86.083,87.742,0,0
SNT_PE,D,20171220,000000,87.645,87.742,87.645,87.742,0,0
SNT_PE,D,20171221,000000,87.742,93.306,87.742,92.427,0,0
SNT_PE,D,20171222,000000,92.134,92.427,92.134,92.134,0,0
SNT_PE,D,20171227,000000,93.013,94.77,91.646,91.842,0,0
SNT_PE,D,20171228,000000,94.379,94.379,90.475,91.842,0,0
SNT_PE,D,20171229,000000,91.646,92.134,90.768,91.549,0,0
SNT_PE,D,20180103,000000,92.622,92.622,88.914,91.061,0,0
SNT_PE,D,20180104,000000,91.354,91.354,86.962,88.035,0,0
SNT_PE,D,20180105,000000,90.768,90.768,88.035,89.402,0,0
SNT_PE,D,20180108,000000,89.402,89.402,88.621,89.206,0,0
SNT_PE,D,20180109,000000,90.866,93.794,88.426,89.402,0,0
SNT_PE,D,20180110,000000,91.061,91.549,89.987,90.768,0,0
SNT_PE,D,20180111,000000,91.549,92.427,90.182,91.646,0,0
SNT_PE,D,20180112,000000,91.646,91.646,91.061,91.354,0,0
SNT_PE,D,20180115,000000,90.573,95.941,90.573,94.867,0,0
SNT_PE,D,20180116,000000,95.746,100.04,95.746,97.014,0,0
SNT_PE,D,20180117,000000,96.722,97.795,94.282,95.355,0,0
SNT_PE,D,20180118,000000,94.282,97.6,93.794,97.6,0,0
SNT_PE,D,20180119,000000,97.893,97.893,94.867,94.867,0,0
SNT_PE,D,20180122,000000,97.014,97.014,94.086,94.867,0,0
SNT_PE,D,20180123,000000,96.234,96.234,92.134,93.794,0,0
SNT_PE,D,20180124,000000,93.794,93.794,93.013,93.501,0,0
SNT_PE,D,20180125,000000,93.794,94.867,92.134,94.282,0,0
SNT_PE,D,20180126,000000,95.062,95.062,94.574,94.574,0,0
SNT_PE,D,20180129,000000,94.574,96.429,92.134,94.282,0,0
SNT_PE,D,20180130,000000,94.282,94.867,93.989,94.867,0,0
SNT_PE,D,20180131,000000,95.746,96.526,95.16,96.526,0,0
SNT_PE,D,20180201,000000,97.014,104.14,96.819,101.41,0,0
SNT_PE,D,20180202,000000,103.55,103.55,36.698,36.698,0,0
SNT_PE,D,20180205,000000,35.038,36.307,35.038,35.234,0,0
SNT_PE,D,20180206,000000,34.453,34.453,33.086,33.867,0,0
SNT_PE,D,20180207,000000,33.77,34.843,33.77,34.843,0,0
SNT_PE,D,20180208,000000,35.038,35.038,33.867,34.453,0,0
SNT_PE,D,20180209,000000,33.477,34.453,33.282,34.16,0,0
SNT_PE,D,20180212,000000,34.648,34.648,33.672,34.55,0,0
SNT_PE,D,20180213,000000,34.941,34.941,33.77,34.453,0,0
SNT_PE,D,20180214,000000,35.038,35.038,34.648,34.843,0,0
SNT_PE,D,20180215,000000,34.941,34.941,33.965,34.746,0,0
SNT_PE,D,20180216,000000,34.746,34.746,33.184,33.477,0,0
SNT_PE,D,20180219,000000,34.16,34.16,33.574,34.16,0,0
SNT_PE,D,20180220,000000,34.258,34.258,33.574,34.16,0,0
SNT_PE,D,20180221,000000,34.16,34.16,33.184,33.184,0,0
SNT_PE,D,20180222,000000,33.77,33.77,33.282,33.574,0,0
SNT_PE,D,20180223,000000,33.965,33.965,32.306,33.086,0,0
SNT_PE,D,20180226,000000,32.989,33.086,32.501,33.086,0,0
SNT_PE,D,20180227,000000,32.989,33.086,32.598,32.696,0,0
SNT_PE,D,20180228,000000,33.086,33.086,31.134,31.232,0,0
SNT_PE,D,20180301,000000,30.939,31.622,30.646,31.622,0,0
SNT_PE,D,20180302,000000,32.501,32.598,32.306,32.306,0,0
SNT_PE,D,20180305,000000,32.598,32.598,30.939,32.013,0,0
SNT_PE,D,20180306,000000,32.501,32.501,31.33,32.306,0,0
SNT_PE,D,20180307,000000,32.306,32.306,31.525,32.208,0,0
SNT_PE,D,20180308,000000,32.208,32.306,31.818,32.306,0,0
SNT_PE,D,20180309,000000,32.306,32.306,31.525,32.306,0,0
SNT_PE,D,20180312,000000,31.427,31.818,30.939,31.818,0,0
SNT_PE,D,20180313,000000,31.818,31.818,31.72,31.818,0,0
SNT_PE,D,20180314,000000,31.818,31.818,31.33,31.622,0,0
SNT_PE,D,20180315,000000,32.403,32.403,31.72,31.818,0,0
SNT_PE,D,20180316,000000,32.306,32.306,32.306,32.306,0,0
SNT_PE,D,20180319,000000,32.208,32.403,32.013,32.403,0,0
SNT_PE,D,20180320,000000,32.403,32.501,32.013,32.501,0,0
SNT_PE,D,20180321,000000,32.501,32.598,32.013,32.598,0,0
SNT_PE,D,20180322,000000,32.891,33.477,32.598,33.282,0,0
SNT_PE,D,20180323,000000,33.379,33.379,32.794,33.184,0,0
SNT_PE,D,20180326,000000,33.379,33.379,32.989,33.379,0,0
SNT_PE,D,20180327,000000,33.379,33.379,32.696,33.379,0,0
SNT_PE,D,20180328,000000,33.379,33.379,33.184,33.282,0,0
SNT_PE,D,20180329,000000,33.282,33.282,32.891,33.184,0,0
SNT_PE,D,20180403,000000,33.184,33.184,32.794,33.184,0,0
SNT_PE,D,20180404,000000,33.184,33.184,32.598,32.598,0,0
SNT_PE,D,20180405,000000,32.598,33.086,32.013,33.086,0,0
SNT_PE,D,20180406,000000,33.086,33.086,32.11,32.306,0,0
SNT_PE,D,20180409,000000,31.818,33.379,31.818,33.379,0,0
SNT_PE,D,20180410,000000,33.379,34.648,33.379,34.55,0,0
SNT_PE,D,20180411,000000,34.453,34.453,33.672,34.355,0,0
SNT_PE,D,20180412,000000,34.55,34.746,34.16,34.16,0,0
SNT_PE,D,20180413,000000,34.355,34.55,33.965,34.55,0,0
SNT_PE,D,20180416,000000,34.55,34.843,34.062,34.843,0,0
SNT_PE,D,20180417,000000,34.843,35.234,34.648,35.234,0,0
SNT_PE,D,20180418,000000,35.234,35.429,35.038,35.429,0,0
SNT_PE,D,20180419,000000,35.526,36.112,35.429,36.112,0,0
SNT_PE,D,20180420,000000,36.014,36.21,36.014,36.21,0,0
SNT_PE,D,20180423,000000,36.21,36.21,36.21,36.21,0,0
SNT_PE,D,20180424,000000,36.112,36.307,36.112,36.307,0,0
SNT_PE,D,20180425,000000,35.722,36.112,34.453,34.453,0,0
SNT_PE,D,20180426,000000,34.648,36.112,34.648,35.624,0,0
SNT_PE,D,20180427,000000,35.624,36.502,34.648,34.746,0,0
SNT_PE,D,20180430,000000,35.624,35.624,34.453,35.429,0,0
SNT_PE,D,20180502,000000,36.112,36.112,36.014,36.112,0,0
SNT_PE,D,20180504,000000,36.112,36.112,34.453,35.429,0,0
SNT_PE,D,20180507,000000,35.429,35.429,34.648,35.429,0,0
SNT_PE,D,20180508,000000,35.526,35.526,33.965,35.331,0,0
SNT_PE,D,20180509,000000,34.258,35.234,34.258,35.234,0,0
SNT_PE,D,20180510,000000,35.136,35.624,35.038,35.624,0,0
SNT_PE,D,20180511,000000,35.722,35.722,34.648,35.429,0,0
SNT_PE,D,20180514,000000,35.917,37.088,12.59,12.59,0,0
SNT_PE,D,20180515,000000,12.786,12.786,12.298,12.395,0,0
SNT_PE,D,20180516,000000,12.59,12.59,12.102,12.2,0,0
SNT_PE,D,20180517,000000,12.493,12.493,11.712,11.81,0,0
SNT_PE,D,20180518,000000,11.81,12.2,11.517,12.2,0,0
SNT_PE,D,20180521,000000,12.2,12.2,11.907,12.102,0,0
SNT_PE,D,20180522,000000,12.102,12.102,11.712,12.102,0,0
SNT_PE,D,20180523,000000,12.102,12.102,12.102,12.102,0,0
SNT_PE,D,20180524,000000,12.102,12.493,12.102,12.395,0,0
SNT_PE,D,20180525,000000,12.395,12.395,11.81,12.298,0,0
SNT_PE,D,20180528,000000,12.298,12.298,11.81,11.81,0,0
SNT_PE,D,20180529,000000,12.102,12.102,11.81,11.81,0,0
SNT_PE,D,20180530,000000,11.614,11.614,11.224,11.517,0,0
SNT_PE,D,20180601,000000,11.517,11.517,10.834,10.931,0,0
SNT_PE,D,20180604,000000,10.736,11.712,10.736,11.126,0,0
SNT_PE,D,20180605,000000,11.126,11.322,11.126,11.322,0,0
SNT_PE,D,20180606,000000,11.614,11.81,11.322,11.517,0,0
SNT_PE,D,20180607,000000,11.712,11.81,11.712,11.81,0,0
SNT_PE,D,20180608,000000,11.81,11.81,11.517,11.712,0,0
SNT_PE,D,20180611,000000,11.712,11.81,11.712,11.81,0,0
SNT_PE,D,20180612,000000,11.712,11.81,11.712,11.81,0,0
SNT_PE,D,20180613,000000,11.81,11.81,11.614,11.81,0,0
SNT_PE,D,20180614,000000,11.81,11.81,11.614,11.81,0,0
SNT_PE,D,20180615,000000,11.81,11.81,11.712,11.712,0,0
SNT_PE,D,20180618,000000,11.712,11.712,11.517,11.614,0,0
SNT_PE,D,20180619,000000,11.712,11.712,11.322,11.517,0,0
SNT_PE,D,20180620,000000,11.712,11.712,11.712,11.712,0,0
SNT_PE,D,20180621,000000,11.712,11.712,11.712,11.712,0,0
SNT_PE,D,20180622,000000,11.712,11.712,11.224,11.614,0,0
SNT_PE,D,20180625,000000,11.614,11.614,11.126,11.614,0,0
SNT_PE,D,20180626,000000,11.614,11.614,11.322,11.517,0,0
SNT_PE,D,20180627,000000,11.614,11.614,10.931,11.517,0,0
SNT_PE,D,20180628,000000,11.517,11.517,10.931,11.517,0,0
SNT_PE,D,20180629,000000,11.517,11.517,11.126,11.224,0,0
SNT_PE,D,20180702,000000,11.517,11.517,11.224,11.517,0,0
SNT_PE,D,20180703,000000,11.517,11.517,11.224,11.517,0,0
SNT_PE,D,20180704,000000,11.517,11.517,11.029,11.517,0,0
SNT_PE,D,20180705,000000,11.517,11.517,11.224,11.517,0,0
SNT_PE,D,20180706,000000,11.517,12.005,11.517,11.81,0,0
SNT_PE,D,20180709,000000,11.907,11.907,11.81,11.81,0,0
SNT_PE,D,20180710,000000,11.81,12.005,11.712,12.005,0,0
SNT_PE,D,20180711,000000,12.005,12.005,11.81,11.81,0,0
SNT_PE,D,20180712,000000,11.81,11.81,11.81,11.81,0,0
SNT_PE,D,20180713,000000,11.81,11.907,11.81,11.81,0,0
SNT_PE,D,20180716,000000,11.907,11.907,11.224,11.224,0,0
SNT_PE,D,20180717,000000,11.419,11.614,11.126,11.614,0,0
SNT_PE,D,20180718,000000,11.614,11.712,11.614,11.712,0,0
SNT_PE,D,20180719,000000,11.712,11.712,11.419,11.712,0,0
SNT_PE,D,20180720,000000,11.712,11.712,11.517,11.614,0,0
SNT_PE,D,20180723,000000,11.81,11.81,11.126,11.517,0,0
SNT_PE,D,20180724,000000,11.517,11.517,11.224,11.419,0,0
SNT_PE,D,20180725,000000,11.517,11.517,11.322,11.517,0,0
SNT_PE,D,20180726,000000,11.517,11.517,11.517,11.517,0,0
SNT_PE,D,20180727,000000,11.517,11.517,11.322,11.322,0,0
SNT_PE,D,20180730,000000,11.614,11.614,11.029,11.029,0,0
SNT_PE,D,20180731,000000,11.419,11.419,10.834,11.126,0,0
SNT_PE,D,20180801,000000,11.419,11.419,11.322,11.419,0,0
SNT_PE,D,20180802,000000,11.322,11.322,10.834,11.322,0,0
SNT_PE,D,20180803,000000,11.322,11.81,9.955,9.955,0,0
SNT_PE,D,20180806,000000,10.15,10.15,9.565,10.15,0,0
SNT_PE,D,20180807,000000,10.15,10.15,9.662,9.76,0,0
SNT_PE,D,20180808,000000,9.76,9.76,9.272,9.3696,0,0
SNT_PE,D,20180809,000000,9.565,10.053,9.272,9.662,0,0
SNT_PE,D,20180810,000000,9.858,9.858,9.4672,9.4672,0,0
SNT_PE,D,20180813,000000,9.4672,9.4672,9.1744,9.272,0,0
SNT_PE,D,20180814,000000,9.3696,9.3696,9.0768,9.0768,0,0
SNT_PE,D,20180816,000000,9.3696,9.3696,8.9792,9.0768,0,0
SNT_PE,D,20180817,000000,9.272,9.272,9.0768,9.1744,0,0
SNT_PE,D,20180820,000000,9.272,9.272,9.1744,9.272,0,0
SNT_PE,D,20180821,000000,9.3696,9.3696,8.9792,8.9792,0,0
SNT_PE,D,20180822,000000,9.0768,9.0768,8.9792,9.0768,0,0
SNT_PE,D,20180823,000000,9.1744,9.1744,8.9792,9.0768,0,0
SNT_PE,D,20180824,000000,9.272,9.272,9.0768,9.0768,0,0
SNT_PE,D,20180827,000000,9.1744,9.1744,8.784,9.0768,0,0
SNT_PE,D,20180828,000000,9.1744,9.1744,8.3936,8.3936,0,0
SNT_PE,D,20180829,000000,8.4912,8.5888,8.296,8.296,0,0
SNT_PE,D,20180830,000000,8.4912,8.4912,7.808,8.1984,0,0
SNT_PE,D,20180831,000000,8.1984,8.1984,8.0032,8.0032,0,0
SNT_PE,D,20180903,000000,8.1008,8.296,7.808,8.0032,0,0
SNT_PE,D,20180904,000000,8.0032,8.0032,7.6128,7.808,0,0
SNT_PE,D,20180905,000000,7.808,7.808,7.5152,7.7104,0,0
SNT_PE,D,20180906,000000,7.7104,7.808,7.2224,7.4176,0,0
SNT_PE,D,20180907,000000,7.32,7.7104,7.2224,7.4176,0,0
SNT_PE,D,20180910,000000,7.4176,7.4176,6.6368,6.6368,0,0
SNT_PE,D,20180911,000000,6.7344,6.832,6.5392,6.6368,0,0
SNT_PE,D,20180912,000000,6.6368,6.9296,6.6368,6.6368,0,0
SNT_PE,D,20180913,000000,6.832,6.832,6.5392,6.6368,0,0
SNT_PE,D,20180914,000000,6.7344,6.7344,6.5392,6.6368,0,0
SNT_PE,D,20180917,000000,6.7344,6.9296,6.6368,6.832,0,0
SNT_PE,D,20180918,000000,6.9296,7.1248,6.9296,7.1248,0,0
SNT_PE,D,20180919,000000,7.2224,7.2224,6.832,7.2224,0,0
SNT_PE,D,20180920,000000,7.2224,7.808,7.2224,7.2224,0,0
SNT_PE,D,20180921,000000,7.2224,7.2224,7.2224,7.2224,0,0
SNT_PE,D,20180924,000000,7.1248,7.7104,7.1248,7.4176,0,0
SNT_PE,D,20180925,000000,7.7104,7.7104,7.32,7.4176,0,0
SNT_PE,D,20180926,000000,7.2224,7.4176,7.0272,7.0272,0,0
SNT_PE,D,20180927,000000,7.32,7.32,6.832,6.832,0,0
SNT_PE,D,20180928,000000,6.832,7.1248,6.832,6.9296,0,0
SNT_PE,D,20181001,000000,7.0272,7.0272,6.9296,6.9296,0,0
SNT_PE,D,20181002,000000,6.9296,6.9296,6.9296,6.9296,0,0
SNT_PE,D,20181003,000000,6.9296,7.0272,6.9296,7.0272,0,0
SNT_PE,D,20181004,000000,7.2224,7.4176,7.0272,7.2224,0,0
SNT_PE,D,20181005,000000,7.2224,7.32,6.9296,7.2224,0,0
SNT_PE,D,20181008,000000,7.2224,7.7104,7.0272,7.4176,0,0
SNT_PE,D,20181009,000000,7.4176,7.6128,7.32,7.6128,0,0
SNT_PE,D,20181010,000000,7.6128,7.7104,7.4176,7.5152,0,0
SNT_PE,D,20181011,000000,7.2224,7.2224,7.0272,7.0272,0,0
SNT_PE,D,20181012,000000,7.2224,7.2224,6.9296,7.0272,0,0
SNT_PE,D,20181015,000000,6.9296,7.6128,6.9296,7.4176,0,0
SNT_PE,D,20181016,000000,7.5152,7.6128,7.4176,7.6128,0,0
SNT_PE,D,20181017,000000,7.6128,8.0032,7.5152,7.808,0,0
SNT_PE,D,20181018,000000,8.0032,8.296,7.9056,8.296,0,0
SNT_PE,D,20181019,000000,8.296,9.1744,8.296,9.0768,0,0
SNT_PE,D,20181022,000000,9.1744,9.565,8.9792,9.4672,0,0
SNT_PE,D,20181023,000000,9.3696,9.4672,9.0768,9.3696,0,0
SNT_PE,D,20181024,000000,9.272,9.272,8.784,8.9792,0,0
SNT_PE,D,20181025,000000,8.8816,8.8816,8.296,8.3936,0,0
SNT_PE,D,20181026,000000,8.4912,8.4912,7.9056,8.1984,0,0
SNT_PE,D,20181029,000000,8.1984,8.1984,7.9056,8.1008,0,0
SNT_PE,D,20181030,000000,8.1008,8.1008,7.9056,8.0032,0,0
SNT_PE,D,20181031,000000,8.0032,8.1984,7.9056,8.1984,0,0
SNT_PE,D,20181102,000000,8.1984,8.1984,8.1984,8.1984,0,0
SNT_PE,D,20181105,000000,8.1984,8.1984,8.1984,8.1984,0,0
SNT_PE,D,20181106,000000,8.1984,8.1984,8.1008,8.1008,0,0
SNT_PE,D,20181107,000000,8.1984,8.1984,8.1008,8.1984,0,0
SNT_PE,D,20181108,000000,8.4912,8.4912,7.9056,8.1984,0,0
SNT_PE,D,20181109,000000,8.1984,8.1984,8.0032,8.1984,0,0
SNT_PE,D,20181113,000000,8.4912,8.6864,8.1984,8.6864,0,0
SNT_PE,D,20181114,000000,8.8816,8.8816,8.4912,8.5888,0,0
SNT_PE,D,20181115,000000,8.5888,8.5888,7.9056,7.9056,0,0
SNT_PE,D,20181116,000000,7.9056,8.1008,7.2224,7.4176,0,0
SNT_PE,D,20181119,000000,7.4176,7.5152,7.4176,7.5152,0,0
SNT_PE,D,20181120,000000,7.6128,7.6128,6.9296,7.0272,0,0
SNT_PE,D,20181121,000000,7.32,7.32,7.1248,7.32,0,0
SNT_PE,D,20181122,000000,7.32,7.32,7.0272,7.1248,0,0
SNT_PE,D,20181123,000000,7.2224,7.2224,6.7344,6.9296,0,0
SNT_PE,D,20181126,000000,7.0272,7.4176,6.832,6.9296,0,0
SNT_PE,D,20181127,000000,7.0272,7.0272,6.832,6.9296,0,0
SNT_PE,D,20181128,000000,7.0272,7.0272,6.6368,6.6368,0,0
SNT_PE,D,20181129,000000,6.7344,6.7344,6.4416,6.5392,0,0
SNT_PE,D,20181130,000000,6.5392,6.5392,6.2464,6.344,0,0
SNT_PE,D,20181203,000000,6.344,6.832,6.344,6.4416,0,0
SNT_PE,D,20181204,000000,6.6368,6.6368,6.344,6.344,0,0
SNT_PE,D,20181205,000000,6.4416,6.4416,6.1488,6.4416,0,0
SNT_PE,D,20181206,000000,6.4416,6.4416,6.1488,6.2464,0,0
SNT_PE,D,20181207,000000,6.2464,6.2464,5.9536,6.1488,0,0
SNT_PE,D,20181210,000000,6.1488,6.1488,6.0512,6.0512,0,0
SNT_PE,D,20181211,000000,6.1488,6.1488,5.9536,5.9536,0,0
SNT_PE,D,20181212,000000,5.9536,6.0512,5.856,5.9536,0,0
SNT_PE,D,20181213,000000,6.0512,6.0512,5.7584,5.856,0,0
SNT_PE,D,20181214,000000,5.9536,5.9536,5.856,5.9536,0,0
SNT_PE,D,20181217,000000,5.9536,6.0512,5.856,5.856,0,0
SNT_PE,D,20181218,000000,5.9536,5.9536,5.7584,5.856,0,0
SNT_PE,D,20181219,000000,5.9536,5.9536,5.856,5.856,0,0
SNT_PE,D,20181220,000000,5.856,5.9536,5.856,5.856,0,0
SNT_PE,D,20181221,000000,5.856,6.0512,5.856,5.9536,0,0
SNT_PE,D,20181227,000000,5.9536,5.9536,5.856,5.856,0,0
SNT_PE,D,20181228,000000,5.9536,5.9536,5.7584,5.7584,0,0
SNT_PE,D,20190102,000000,5.856,5.856,5.6608,5.6608,0,0
SNT_PE,D,20190103,000000,5.7584,5.7584,5.6608,5.6608,0,0
SNT_PE,D,20190104,000000,5.6608,5.6608,5.5632,5.6608,0,0
SNT_PE,D,20190107,000000,5.6608,5.856,5.6608,5.856,0,0
SNT_PE,D,20190108,000000,5.856,6.2464,5.856,6.2464,0,0
SNT_PE,D,20190109,000000,6.4416,6.4416,6.344,6.4416,0,0
SNT_PE,D,20190110,000000,6.4416,6.4416,6.344,6.344,0,0
SNT_PE,D,20190111,000000,6.4416,6.4416,6.2464,6.2464,0,0
SNT_PE,D,20190114,000000,6.2464,6.344,6.2464,6.2464,0,0
SNT_PE,D,20190115,000000,6.344,6.344,6.2464,6.2464,0,0
SNT_PE,D,20190116,000000,6.344,6.344,6.2464,6.2464,0,0
SNT_PE,D,20190117,000000,6.344,6.344,6.1488,6.2464,0,0
SNT_PE,D,20190118,000000,6.2464,6.344,6.1488,6.2464,0,0
SNT_PE,D,20190121,000000,6.2464,6.2464,6.1488,6.1488,0,0
SNT_PE,D,20190122,000000,6.1488,6.832,6.1488,6.832,0,0
SNT_PE,D,20190123,000000,6.832,7.4176,6.832,7.1248,0,0
SNT_PE,D,20190124,000000,7.5152,8.1984,7.4176,7.6128,0,0
SNT_PE,D,20190125,000000,7.7104,8.0032,7.6128,7.9056,0,0
SNT_PE,D,20190128,000000,8.0032,8.6864,7.9056,8.6864,0,0
SNT_PE,D,20190129,000000,8.784,9.1744,8.784,8.9792,0,0
SNT_PE,D,20190130,000000,8.9792,8.9792,8.4912,8.6864,0,0
SNT_PE,D,20190131,000000,8.6864,8.6864,8.296,8.5888,0,0
SNT_PE,D,20190201,000000,8.6864,8.6864,8.1984,8.5888,0,0
SNT_PE,D,20190204,000000,8.5888,8.5888,8.1984,8.296,0,0
SNT_PE,D,20190205,000000,8.296,8.296,7.9056,8.1008,0,0
SNT_PE,D,20190206,000000,8.296,8.4912,8.0032,8.3936,0,0
SNT_PE,D,20190207,000000,8.3936,8.6864,8.1008,8.296,0,0
SNT_PE,D,20190208,000000,8.3936,8.3936,7.9056,8.1008,0,0
SNT_PE,D,20190211,000000,8.3936,8.4912,8.1008,8.296,0,0
SNT_PE,D,20190212,000000,8.3936,8.5888,8.1984,8.5888,0,0
SNT_PE,D,20190213,000000,8.5888,8.784,8.4912,8.5888,0,0
SNT_PE,D,20190214,000000,8.6864,8.6864,8.4912,8.5888,0,0
SNT_PE,D,20190215,000000,8.8816,9.4672,8.8816,9.0768,0,0
SNT_PE,D,20190218,000000,9.3696,9.76,9.3696,9.76,0,0
SNT_PE,D,20190219,000000,9.858,9.858,9.1744,9.3696,0,0
SNT_PE,D,20190220,000000,9.4672,9.858,9.0768,9.76,0,0
SNT_PE,D,20190221,000000,9.76,10.443,9.76,10.248,0,0
SNT_PE,D,20190222,000000,10.541,10.736,7.2224,7.2224,0,0
SNT_PE,D,20190225,000000,7.2224,7.2224,6.7344,7.1248,0,0
SNT_PE,D,20190226,000000,7.1248,7.32,6.9296,7.1248,0,0
SNT_PE,D,20190227,000000,7.1248,7.1248,6.6368,6.9296,0,0
SNT_PE,D,20190228,000000,6.7344,7.2224,6.7344,7.2224,0,0
SNT_PE,D,20190301,000000,7.0272,7.1248,6.832,6.9296,0,0
SNT_PE,D,20190304,000000,7.1248,7.1248,6.7344,7.0272,0,0
SNT_PE,D,20190305,000000,7.0272,7.0272,6.7344,6.9296,0,0
SNT_PE,D,20190306,000000,6.9296,6.9296,6.7344,6.9296,0,0
SNT_PE,D,20190307,000000,6.9296,6.9296,6.7344,6.7344,0,0
SNT_PE,D,20190308,000000,6.832,6.832,6.6368,6.7344,0,0
SNT_PE,D,20190311,000000,6.832,6.832,6.7344,6.832,0,0
SNT_PE,D,20190312,000000,6.832,6.832,6.7344,6.832,0,0
SNT_PE,D,20190313,000000,6.9296,6.9296,6.7344,6.832,0,0
SNT_PE,D,20190314,000000,6.9296,6.9296,6.832,6.832,0,0
SNT_PE,D,20190315,000000,6.832,6.832,6.7344,6.7344,0,0
SNT_PE,D,20190318,000000,6.7344,6.7344,6.5392,6.7344,0,0
SNT_PE,D,20190319,000000,6.7344,6.7344,6.5392,6.6368,0,0
SNT_PE,D,20190320,000000,6.7344,6.7344,6.5392,6.5392,0,0
SNT_PE,D,20190321,000000,6.5392,6.5392,6.344,6.5392,0,0
SNT_PE,D,20190322,000000,6.5392,6.9296,6.5392,6.7344,0,0
SNT_PE,D,20190325,000000,6.7344,6.7344,6.5392,6.5392,0,0
SNT_PE,D,20190326,000000,6.6368,6.6368,6.4416,6.4416,0,0
SNT_PE,D,20190327,000000,6.4416,6.5392,6.344,6.5392,0,0
SNT_PE,D,20190328,000000,6.5392,6.7344,6.4416,6.6368,0,0
SNT_PE,D,20190329,000000,6.6368,6.6368,6.6368,6.6368,0,0
SNT_PE,D,20190401,000000,6.832,7.0272,6.7344,7.0272,0,0
SNT_PE,D,20190402,000000,7.1248,7.32,7.1248,7.32,0,0
SNT_PE,D,20190403,000000,7.4176,7.4176,7.0272,7.32,0,0
SNT_PE,D,20190404,000000,7.4176,7.4176,7.2224,7.2224,0,0
SNT_PE,D,20190405,000000,7.2224,7.4176,7.2224,7.2224,0,0
SNT_PE,D,20190408,000000,7.2224,7.2224,7.1248,7.1248,0,0
SNT_PE,D,20190409,000000,7.1248,7.32,7.1248,7.2224,0,0
SNT_PE,D,20190410,000000,7.32,7.4176,7.2224,7.4176,0,0
SNT_PE,D,20190411,000000,7.4176,7.7104,7.4176,7.6128,0,0
SNT_PE,D,20190412,000000,7.6128,7.9056,7.6128,7.9056,0,0
SNT_PE,D,20190415,000000,7.808,8.1008,7.808,8.0032,0,0
SNT_PE,D,20190416,000000,8.1008,8.1984,7.9056,8.1008,0,0
SNT_PE,D,20190417,000000,8.0032,8.3936,8.0032,8.296,0,0
SNT_PE,D,20190418,000000,8.296,8.296,8.1008,8.296,0,0
SNT_PE,D,20190423,000000,8.296,8.296,8.1008,8.1984,0,0
SNT_PE,D,20190424,000000,8.1984,8.1984,7.808,7.808,0,0
SNT_PE,D,20190425,000000,8.0032,8.0032,7.5152,7.9056,0,0
SNT_PE,D,20190426,000000,7.9056,7.9056,7.7104,7.9056,0,0
SNT_PE,D,20190429,000000,7.9056,7.9056,7.808,7.808,0,0
SNT_PE,D,20190430,000000,7.9056,7.9056,7.7104,7.9056,0,0
SNT_PE,D,20190502,000000,7.9056,8.0032,7.808,8.0032,0,0
SNT_PE,D,20190506,000000,8.0032,8.0032,7.808,7.9056,0,0
SNT_PE,D,20190507,000000,7.9056,8.0032,7.808,8.0032,0,0
SNT_PE,D,20190508,000000,8.0032,8.0032,7.808,7.9056,0,0
SNT_PE,D,20190509,000000,7.9056,7.9056,7.808,7.9056,0,0
SNT_PE,D,20190510,000000,7.9056,8.1008,7.9056,7.9056,0,0
SNT_PE,D,20190513,000000,8.0032,8.0032,7.9056,7.9056,0,0
SNT_PE,D,20190514,000000,7.9056,8.1008,7.9056,8.0032,0,0
SNT_PE,D,20190515,000000,8.0032,8.0032,7.9056,7.9056,0,0
SNT_PE,D,20190516,000000,7.808,7.9056,7.7104,7.9056,0,0
SNT_PE,D,20190517,000000,7.9056,7.9056,7.808,7.808,0,0
SNT_PE,D,20190520,000000,7.808,7.9056,7.808,7.808,0,0
SNT_PE,D,20190521,000000,7.808,8.0032,7.808,8.0032,0,0
SNT_PE,D,20190522,000000,8.0032,8.0032,7.9056,8.0032,0,0
SNT_PE,D,20190523,000000,7.9056,8.0032,7.9056,8.0032,0,0
SNT_PE,D,20190524,000000,7.9056,8.0032,7.9056,8.0032,0,0
SNT_PE,D,20190527,000000,8.0032,8.0032,7.9056,7.9056,0,0
SNT_PE,D,20190528,000000,7.9056,8.0032,7.808,8.0032,0,0
SNT_PE,D,20190529,000000,8.0032,8.1008,7.9056,8.0032,0,0
SNT_PE,D,20190530,000000,8.0032,8.0032,7.9056,8.0032,0,0
SNT_PE,D,20190531,000000,8.0032,8.0032,7.808,7.9056,0,0
SNT_PE,D,20190603,000000,7.9056,7.9056,7.808,7.808,0,0
SNT_PE,D,20190604,000000,7.808,7.9056,7.808,7.9056,0,0
SNT_PE,D,20190605,000000,7.9056,8.0032,7.808,7.808,0,0
SNT_PE,D,20190606,000000,7.9056,8.0032,7.808,8.0032,0,0
SNT_PE,D,20190607,000000,8.0032,8.0032,7.9056,7.9056,0,0
SNT_PE,D,20190610,000000,8.0032,8.0032,7.2224,7.2224,0,0
SNT_PE,D,20190611,000000,7.1248,7.1248,6.7344,7.0272,0,0
SNT_PE,D,20190612,000000,7.1248,7.32,7.1248,7.32,0,0
SNT_PE,D,20190613,000000,7.4176,7.4176,7.1248,7.32,0,0
SNT_PE,D,20190614,000000,7.32,7.32,7.1248,7.32,0,0
SNT_PE,D,20190617,000000,7.32,7.32,6.9296,6.9296,0,0
SNT_PE,D,20190618,000000,6.9296,7.1248,6.9296,7.1248,0,0
SNT_PE,D,20190619,000000,7.2224,12.005,7.2224,12.005,0,0
SNT_PE,D,20190621,000000,12.005,12.005,11.907,12.005,0,0
SNT_PE,D,20190624,000000,12.005,12.005,11.907,11.907,0,0
SNT_PE,D,20190625,000000,11.907,12.395,11.907,12.298,0,0
SNT_PE,D,20190626,000000,12.298,12.298,11.81,12.005,0,0
SNT_PE,D,20190627,000000,11.81,12.298,11.81,12.298,0,0
SNT_PE,D,20190628,000000,12.298,12.298,12.298,12.298,0,0
SNT_PE,D,20190701,000000,12.395,12.395,12.005,12.005,0,0
SNT_PE,D,20190702,000000,12.005,12.298,12.005,12.005,0,0
SNT_PE,D,20190703,000000,12.005,12.2,11.907,12.005,0,0
SNT_PE,D,20190704,000000,12.2,12.59,12.2,12.395,0,0
SNT_PE,D,20190705,000000,12.395,12.59,12.298,12.493,0,0
SNT_PE,D,20190708,000000,12.395,12.493,12.2,12.395,0,0
SNT_PE,D,20190709,000000,12.395,12.395,12.102,12.102,0,0
SNT_PE,D,20190710,000000,12.493,12.493,11.81,12.395,0,0
SNT_PE,D,20190711,000000,12.298,12.298,12.2,12.298,0,0
SNT_PE,D,20190712,000000,12.005,12.298,12.005,12.298,0,0
SNT_PE,D,20190715,000000,12.298,12.298,12.005,12.2,0,0
SNT_PE,D,20190716,000000,12.2,12.2,12.005,12.2,0,0
SNT_PE,D,20190717,000000,12.102,12.2,12.102,12.102,0,0
SNT_PE,D,20190718,000000,12.102,12.102,11.517,11.614,0,0
SNT_PE,D,20190719,000000,12.102,12.102,11.517,11.81,0,0
SNT_PE,D,20190722,000000,12.102,12.102,11.614,11.907,0,0
SNT_PE,D,20190723,000000,12.102,12.2,11.81,12.2,0,0
SNT_PE,D,20190724,000000,11.81,12.395,11.81,12.395,0,0
SNT_PE,D,20190725,000000,12.395,12.395,11.907,11.907,0,0
SNT_PE,D,20190726,000000,12.2,12.2,11.907,11.907,0,0
SNT_PE,D,20190729,000000,12.102,12.102,11.614,11.712,0,0
SNT_PE,D,20190730,000000,11.81,11.81,11.517,11.81,0,0
SNT_PE,D,20190731,000000,11.81,11.81,11.614,11.712,0,0
SNT_PE,D,20190801,000000,11.712,12.005,11.322,11.517,0,0
SNT_PE,D,20190802,000000,11.517,11.517,11.224,11.322,0,0
SNT_PE,D,20190805,000000,11.322,11.322,10.834,11.126,0,0
SNT_PE,D,20190806,000000,11.126,11.126,10.931,11.029,0,0
SNT_PE,D,20190807,000000,11.224,11.614,11.126,11.614,0,0
SNT_PE,D,20190808,000000,11.614,12.102,11.614,12.005,0,0
SNT_PE,D,20190809,000000,11.614,14.152,11.614,14.152,0,0
SNT_PE,D,20190812,000000,13.566,14.152,13.566,13.859,0,0
SNT_PE,D,20190813,000000,13.859,14.25,13.859,14.25,0,0
SNT_PE,D,20190814,000000,14.25,14.445,14.054,14.25,0,0
SNT_PE,D,20190816,000000,14.25,14.25,13.566,13.664,0,0
SNT_PE,D,20190819,000000,13.664,14.054,13.664,13.957,0,0
SNT_PE,D,20190820,000000,13.957,13.957,13.957,13.957,0,0
SNT_PE,D,20190821,000000,13.957,13.957,13.957,13.957,0,0
SNT_PE,D,20190822,000000,13.957,13.957,13.859,13.859,0,0
SNT_PE,D,20190823,000000,13.957,13.957,13.566,13.859,0,0
SNT_PE,D,20190826,000000,13.664,13.664,13.469,13.664,0,0
SNT_PE,D,20190827,000000,13.957,13.957,13.762,13.762,0,0
SNT_PE,D,20190828,000000,13.859,13.859,13.078,13.176,0,0
SNT_PE,D,20190829,000000,13.078,13.859,13.078,13.371,0,0
SNT_PE,D,20190830,000000,13.762,13.762,13.762,13.762,0,0
SNT_PE,D,20190902,000000,13.762,13.762,13.762,13.762,0,0
SNT_PE,D,20190903,000000,13.762,13.762,13.371,13.762,0,0
SNT_PE,D,20190904,000000,13.566,13.566,13.566,13.566,0,0
SNT_PE,D,20190905,000000,13.566,13.566,13.371,13.371,0,0
SNT_PE,D,20190906,000000,13.664,13.664,13.078,13.469,0,0
SNT_PE,D,20190909,000000,13.274,13.469,13.176,13.469,0,0
SNT_PE,D,20190910,000000,13.469,13.566,13.469,13.566,0,0
SNT_PE,D,20190911,000000,13.566,13.566,13.274,13.566,0,0
SNT_PE,D,20190912,000000,13.566,13.566,13.078,13.078,0,0
SNT_PE,D,20190913,000000,13.566,13.566,13.078,13.566,0,0
SNT_PE,D,20190916,000000,13.566,13.566,13.176,13.469,0,0
SNT_PE,D,20190917,000000,13.566,13.566,13.176,13.371,0,0
SNT_PE,D,20190918,000000,13.566,13.566,12.786,13.078,0,0
SNT_PE,D,20190919,000000,13.078,13.566,12.786,13.566,0,0
SNT_PE,D,20190920,000000,13.566,13.566,13.469,13.469,0,0
SNT_PE,D,20190923,000000,13.469,13.469,12.883,13.371,0,0
SNT_PE,D,20190924,000000,13.469,13.469,12.981,13.371,0,0
SNT_PE,D,20190925,000000,13.469,13.469,13.078,13.469,0,0
SNT_PE,D,20190926,000000,13.469,13.469,13.078,13.469,0,0
SNT_PE,D,20190927,000000,13.469,13.957,13.469,13.957,0,0
SNT_PE,D,20190930,000000,13.957,13.957,13.371,13.566,0,0
SNT_PE,D,20191001,000000,13.566,13.566,13.176,13.469,0,0
SNT_PE,D,20191002,000000,13.566,13.566,13.078,13.274,0,0
SNT_PE,D,20191003,000000,13.371,13.371,13.078,13.274,0,0
SNT_PE,D,20191004,000000,13.566,13.566,13.274,13.566,0,0
SNT_PE,D,20191007,000000,13.566,13.566,13.566,13.566,0,0
SNT_PE,D,20191008,000000,13.469,13.469,13.371,13.371,0,0
SNT_PE,D,20191009,000000,13.469,13.566,12.981,13.566,0,0
SNT_PE,D,20191010,000000,13.469,13.469,13.274,13.469,0,0
SNT_PE,D,20191011,000000,13.469,13.664,12.981,13.371,0,0
SNT_PE,D,20191014,000000,13.469,13.859,13.371,13.859,0,0
SNT_PE,D,20191015,000000,13.859,14.152,13.859,14.152,0,0
SNT_PE,D,20191016,000000,14.152,14.347,13.957,14.25,0,0
SNT_PE,D,20191017,000000,14.25,14.25,14.25,14.25,0,0
SNT_PE,D,20191018,000000,14.347,14.445,14.25,14.347,0,0
SNT_PE,D,20191021,000000,14.347,14.347,13.957,14.152,0,0
SNT_PE,D,20191022,000000,14.152,14.347,13.762,14.25,0,0
SNT_PE,D,20191023,000000,14.25,14.25,13.957,14.25,0,0
SNT_PE,D,20191024,000000,14.25,14.25,13.859,14.25,0,0
SNT_PE,D,20191025,000000,14.25,14.25,14.25,14.25,0,0
SNT_PE,D,20191028,000000,14.25,14.25,14.054,14.152,0,0
SNT_PE,D,20191029,000000,14.152,14.25,13.859,14.152,0,0
SNT_PE,D,20191030,000000,14.25,14.25,13.957,14.25,0,0
SNT_PE,D,20191031,000000,14.25,14.25,14.25,14.25,0,0
SNT_PE,D,20191104,000000,14.25,14.25,14.054,14.054,0,0
SNT_PE,D,20191105,000000,13.859,14.152,13.859,14.054,0,0
SNT_PE,D,20191106,000000,14.152,14.152,13.957,13.957,0,0
SNT_PE,D,20191107,000000,14.152,14.152,13.762,14.152,0,0
SNT_PE,D,20191108,000000,14.25,14.25,12.981,12.981,0,0
SNT_PE,D,20191112,000000,12.883,12.981,12.395,12.59,0,0
SNT_PE,D,20191113,000000,12.59,12.59,12.395,12.493,0,0
SNT_PE,D,20191114,000000,12.59,12.59,12.493,12.493,0,0
SNT_PE,D,20191115,000000,12.493,12.59,12.102,12.59,0,0
SNT_PE,D,20191118,000000,12.59,12.59,12.59,12.59,0,0
SNT_PE,D,20191119,000000,12.59,12.59,12.2,12.59,0,0
SNT_PE,D,20191120,000000,12.59,12.883,12.59,12.786,0,0
SNT_PE,D,20191121,000000,12.688,12.786,12.688,12.786,0,0
SNT_PE,D,20191122,000000,12.786,12.786,12.59,12.59,0,0
SNT_PE,D,20191125,000000,12.493,12.493,12.298,12.298,0,0
SNT_PE,D,20191126,000000,12.298,12.59,12.102,12.59,0,0
SNT_PE,D,20191127,000000,12.2,12.59,12.2,12.59,0,0
SNT_PE,D,20191128,000000,12.493,12.493,12.493,12.493,0,0
SNT_PE,D,20191129,000000,12.493,12.59,12.298,12.59,0,0
SNT_PE,D,20191202,000000,12.493,12.493,12.2,12.395,0,0
SNT_PE,D,20191203,000000,12.395,12.493,12.395,12.493,0,0
SNT_PE,D,20191204,000000,12.493,12.493,12.2,12.395,0,0
SNT_PE,D,20191205,000000,12.493,12.493,12.102,12.493,0,0
SNT_PE,D,20191206,000000,12.493,12.493,12.493,12.493,0,0
SNT_PE,D,20191209,000000,12.493,12.493,12.395,12.395,0,0
SNT_PE,D,20191210,000000,12.395,12.493,12.102,12.493,0,0
SNT_PE,D,20191211,000000,12.395,12.395,12.298,12.298,0,0
SNT_PE,D,20191212,000000,12.298,12.298,12.005,12.102,0,0
SNT_PE,D,20191213,000000,12.102,12.2,11.907,12.102,0,0
SNT_PE,D,20191216,000000,12.102,12.102,11.322,12.005,0,0
SNT_PE,D,20191217,000000,12.102,12.102,12.005,12.005,0,0
SNT_PE,D,20191218,000000,12.005,12.005,11.517,11.907,0,0
SNT_PE,D,20191219,000000,12.005,12.005,11.907,11.907,0,0
SNT_PE,D,20191220,000000,11.907,11.907,11.712,11.81,0,0
SNT_PE,D,20191223,000000,12.005,12.883,12.005,12.883,0,0
SNT_PE,D,20191227,000000,12.981,13.664,12.981,13.664,0,0
SNT_PE,D,20191230,000000,13.957,14.054,13.176,14.054,0,0
SNT_PE,D,20200102,000000,14.054,14.054,13.371,13.566,0,0
SNT_PE,D,20200103,000000,13.664,13.664,13.469,13.566,0,0
SNT_PE,D,20200107,000000,13.664,13.664,13.078,13.078,0,0
SNT_PE,D,20200108,000000,13.274,13.274,12.981,13.078,0,0
SNT_PE,D,20200109,000000,13.176,13.859,13.176,13.274,0,0
SNT_PE,D,20200110,000000,13.274,13.566,13.176,13.371,0,0
SNT_PE,D,20200113,000000,13.566,13.566,12.883,13.274,0,0
SNT_PE,D,20200114,000000,13.566,13.566,13.274,13.371,0,0
SNT_PE,D,20200115,000000,13.566,13.566,12.981,13.176,0,0
SNT_PE,D,20200116,000000,12.786,12.786,12.59,12.688,0,0
SNT_PE,D,20200117,000000,12.688,13.176,12.688,12.786,0,0
SNT_PE,D,20200120,000000,12.688,13.176,12.688,12.786,0,0
SNT_PE,D,20200121,000000,12.786,13.078,12.786,12.981,0,0
SNT_PE,D,20200122,000000,13.078,13.078,12.59,12.786,0,0
SNT_PE,D,20200123,000000,13.078,13.078,12.688,12.786,0,0
SNT_PE,D,20200124,000000,12.883,12.981,12.688,12.883,0,0
SNT_PE,D,20200127,000000,12.688,12.981,12.59,12.981,0,0
SNT_PE,D,20200128,000000,12.786,12.981,12.59,12.981,0,0
SNT_PE,D,20200129,000000,12.981,13.078,12.883,13.078,0,0
SNT_PE,D,20200130,000000,13.176,14.445,13.176,14.347,0,0
SNT_PE,D,20200131,000000,14.347,14.445,13.762,14.25,0,0
SNT_PE,D,20200203,000000,14.25,14.542,14.152,14.542,0,0
SNT_PE,D,20200204,000000,14.542,14.542,14.25,14.347,0,0
SNT_PE,D,20200205,000000,14.445,14.64,14.347,14.542,0,0
SNT_PE,D,20200206,000000,14.542,14.542,14.445,14.542,0,0
SNT_PE,D,20200207,000000,14.542,14.64,14.25,14.64,0,0
SNT_PE,D,20200210,000000,14.738,15.226,14.64,15.226,0,0
SNT_PE,D,20200211,000000,15.226,15.226,14.933,15.128,0,0
SNT_PE,D,20200212,000000,15.128,15.128,14.835,14.933,0,0
SNT_PE,D,20200213,000000,14.933,15.128,14.542,14.738,0,0
SNT_PE,D,20200214,000000,15.03,15.03,14.64,14.835,0,0
SNT_PE,D,20200217,000000,14.835,15.03,14.835,15.03,0,0
SNT_PE,D,20200218,000000,15.03,15.323,14.933,15.226,0,0
SNT_PE,D,20200219,000000,15.226,15.421,15.226,15.226,0,0
SNT_PE,D,20200220,000000,15.226,15.226,14.933,15.03,0,0
SNT_PE,D,20200221,000000,15.128,15.128,14.835,14.835,0,0
SNT_PE,D,20200224,000000,15.03,15.03,14.054,14.347,0,0
SNT_PE,D,20200225,000000,14.347,14.347,14.054,14.152,0,0
SNT_PE,D,20200226,000000,14.152,14.542,14.152,14.445,0,0
SNT_PE,D,20200227,000000,14.054,34.55,13.078,34.55,0,0
SNT_PE,D,20200228,000000,33.574,33.965,32.11,33.867,0,0
SNT_PE,D,20200302,000000,33.672,36.014,33.672,34.746,0,0
SNT_PE,D,20200303,000000,35.234,36.893,35.234,36.014,0,0
SNT_PE,D,20200304,000000,35.819,36.307,35.331,36.21,0,0
SNT_PE,D,20200305,000000,36.307,36.698,36.014,36.698,0,0
SNT_PE,D,20200306,000000,36.795,36.795,35.722,36.014,0,0
SNT_PE,D,20200309,000000,34.7,35.7,32.2,32.4,0,0
SNT_PE,D,20200310,000000,32,34.9,32,33.4,0,0
SNT_PE,D,20200311,000000,33.8,33.8,29,29.9,0,0
SNT_PE,D,20200312,000000,27.1,28.7,25.4,25.6,0,0
SNT_PE,D,20200313,000000,25.8,28.1,25.1,27.5,0,0
SNT_PE,D,20200316,000000,27,27,25.1,27,0,0
SNT_PE,D,20200317,000000,27,29.3,27,29.2,0,0
SNT_PE,D,20200318,000000,29,30.3,29,29.9,0,0
SNT_PE,D,20200319,000000,29.5,29.9,28.9,29.5,0,0
SNT_PE,D,20200320,000000,29.9,30.7,28.4,28.4,0,0
SNT_PE,D,20200323,000000,27,27.3,26.3,27,0,0
SNT_PE,D,20200324,000000,27,27.9,27,27.6,0,0
SNT_PE,D,20200325,000000,27.7,28.8,27.1,28,0,0
SNT_PE,D,20200326,000000,28.5,28.5,27.4,28.5,0,0
SNT_PE,D,20200327,000000,29.2,29.2,27.2,27.2,0,0
SNT_PE,D,20200330,000000,28.4,29.9,27.2,29.3,0,0
SNT_PE,D,20200331,000000,29.3,31.5,29.3,30,0,0
SNT_PE,D,20200401,000000,30.7,31.5,29.5,31.2,0,0
SNT_PE,D,20200402,000000,32.9,32.9,30.3,30.7,0,0
SNT_PE,D,20200403,000000,33.2,34.3,31.2,34.3,0,0
SNT_PE,D,20200406,000000,34.4,37.1,34.4,35.6,0,0
SNT_PE,D,20200407,000000,35.8,36.6,34.5,35.3,0,0
SNT_PE,D,20200408,000000,34.6,36.3,33.8,34.5,0,0
SNT_PE,D,20200409,000000,34.3,34.3,33.2,33.2,0,0
SNT_PE,D,20200414,000000,32.5,36.6,32.1,36.4,0,0
SNT_PE,D,20200415,000000,36.4,36.4,34.9,34.9,0,0
SNT_PE,D,20200416,000000,35.9,35.9,34.9,35.5,0,0
SNT_PE,D,20200417,000000,35.5,35.9,34.4,34.4,0,0
SNT_PE,D,20200420,000000,35.3,35.3,33.8,34.4,0,0
SNT_PE,D,20200421,000000,34.9,35.9,33.4,34.3,0,0
SNT_PE,D,20200422,000000,34.9,34.9,33.6,34.2,0,0
SNT_PE,D,20200423,000000,34.8,34.9,34,34.8,0,0
SNT_PE,D,20200424,000000,34.8,34.8,33.8,34.4,0,0
SNT_PE,D,20200427,000000,34.4,34.4,33.8,34.4,0,0
SNT_PE,D,20200428,000000,34,34.5,33.7,34.4,0,0
SNT_PE,D,20200429,000000,34.4,34.7,33.7,34.7,0,0
SNT_PE,D,20200430,000000,34.7,35.1,34.6,34.7,0,0
SNT_PE,D,20200504,000000,34.8,34.8,33.6,34.3,0,0
SNT_PE,D,20200505,000000,34.4,34.7,33.7,34.7,0,0
SNT_PE,D,20200506,000000,33.7,35.7,33.7,35.4,0,0
SNT_PE,D,20200507,000000,35.5,45.7,35.5,45.7,0,0
SNT_PE,D,20200508,000000,45.7,45.7,38.8,38.8,0,0
SNT_PE,D,20200511,000000,39.3,40,36.6,37.7,0,0
SNT_PE,D,20200512,000000,37.5,38.4,36.3,38.3,0,0
SNT_PE,D,20200513,000000,38.7,38.7,37.3,38.5,0,0
SNT_PE,D,20200514,000000,38.5,41.7,37.6,40.2,0,0
SNT_PE,D,20200515,000000,40.4,40.7,38.1,38.3,0,0
SNT_PE,D,20200518,000000,39.2,39.9,37.6,38.8,0,0
SNT_PE,D,20200519,000000,37.8,39.3,37.8,39.3,0,0
SNT_PE,D,20200520,000000,39.3,39.3,37.7,38.7,0,0
SNT_PE,D,20200521,000000,37.8,38.5,37.8,38,0,0
SNT_PE,D,20200522,000000,38,38.5,37.6,38.5,0,0
SNT_PE,D,20200525,000000,38.6,40.3,38.1,40.2,0,0
SNT_PE,D,20200526,000000,40.6,40.9,38.7,39.3,0,0
SNT_PE,D,20200527,000000,40,40,38.3,38.6,0,0
SNT_PE,D,20200528,000000,39.6,39.6,37.7,39.1,0,0
SNT_PE,D,20200529,000000,39.6,40.1,39.5,39.8,0,0
SNT_PE,D,20200601,000000,40,40.5,39.1,39.6,0,0
SNT_PE,D,20200602,000000,40.3,40.3,39.4,39.8,0,0
SNT_PE,D,20200603,000000,40.3,40.3,38.3,39.1,0,0
SNT_PE,D,20200604,000000,39.2,39.2,38,38.5,0,0
SNT_PE,D,20200605,000000,39.1,39.1,38,38.3,0,0
SNT_PE,D,20200608,000000,38.7,40.4,38.2,39.7,0,0
SNT_PE,D,20200609,000000,39.7,39.7,38.8,39.6,0,0
SNT_PE,D,20200610,000000,39.7,42.1,29.4,29.4,0,0
SNT_PE,D,20200612,000000,28.4,30.2,28.4,30.2,0,0
SNT_PE,D,20200615,000000,29.9,30.2,29.4,30.2,0,0
SNT_PE,D,20200616,000000,29.9,32.9,29.1,32.2,0,0
SNT_PE,D,20200617,000000,32.2,32.5,31.3,31.6,0,0
SNT_PE,D,20200618,000000,32,32.4,31.2,31.5,0,0
SNT_PE,D,20200619,000000,32,32,31.1,31.6,0,0
SNT_PE,D,20200622,000000,31.6,32.7,31.5,32.2,0,0
SNT_PE,D,20200623,000000,32.4,37.1,32.4,37.1,0,0
SNT_PE,D,20200624,000000,39.2,45.3,39.2,43.1,0,0
SNT_PE,D,20200625,000000,44,46.1,40.3,40.8,0,0
SNT_PE,D,20200626,000000,41.5,44.5,40.4,41.2,0,0
SNT_PE,D,20200629,000000,40.5,42.4,39.4,40.7,0,0
SNT_PE,D,20200630,000000,40.5,40.5,38.8,39.1,0,0
SNT_PE,D,20200701,000000,39.1,42.3,37.7,42.2,0,0
SNT_PE,D,20200702,000000,42.5,42.9,41.5,41.9,0,0
SNT_PE,D,20200703,000000,42.1,43.3,41.5,42.8,0,0
SNT_PE,D,20200706,000000,42.6,42.8,40.3,40.8,0,0
SNT_PE,D,20200707,000000,40.8,41.5,38.9,41,0,0
SNT_PE,D,20200708,000000,41.7,41.7,39.6,40.3,0,0
SNT_PE,D,20200709,000000,40.8,40.8,38.7,39.4,0,0
SNT_PE,D,20200710,000000,40.1,44.5,38,40.5,0,0
SNT_PE,D,20200713,000000,42.1,45.4,41.5,45.4,0,0
SNT_PE,D,20200714,000000,45.4,49.8,44,48.2,0,0
SNT_PE,D,20200715,000000,48.9,49.6,45.9,46.3,0,0
SNT_PE,D,20200716,000000,47.2,47.2,45.1,45.6,0,0
SNT_PE,D,20200717,000000,46.7,46.8,45.1,46.1,0,0
SNT_PE,D,20200720,000000,47.7,48.9,47.3,48.5,0,0
SNT_PE,D,20200721,000000,48.7,48.9,47.8,48.5,0,0
SNT_PE,D,20200722,000000,48.9,48.9,47.1,48.2,0,0
SNT_PE,D,20200723,000000,47.3,48.2,46.6,47.7,0,0
SNT_PE,D,20200724,000000,47.9,47.9,46.7,47.3,0,0
SNT_PE,D,20200727,000000,47,58.9,47,58.9,0,0
SNT_PE,D,20200728,000000,61.3,67.5,61.3,64,0,0
SNT_PE,D,20200729,000000,60.5,65.8,60,65.5,0,0
SNT_PE,D,20200730,000000,65.5,65.5,53.2,57.8,0,0
SNT_PE,D,20200731,000000,56.1,62.4,56.1,61,0,0
SNT_PE,D,20200803,000000,64.7,64.7,58.4,60.3,0,0
SNT_PE,D,20200804,000000,61.2,61.2,56.6,57.5,0,0
SNT_PE,D,20200805,000000,57.5,57.5,54.9,56.1,0,0
SNT_PE,D,20200806,000000,56.5,57.5,52.1,53.1,0,0
SNT_PE,D,20200807,000000,52.1,52.1,47.8,49.1,0,0
SNT_PE,D,20200810,000000,50.5,50.5,47.3,49.6,0,0
SNT_PE,D,20200811,000000,47.3,49.1,38.5,38.5,0,0
SNT_PE,D,20200812,000000,36.9,38.1,35.2,35.7,0,0
SNT_PE,D,20200813,000000,37.1,38,35.8,36.3,0,0
SNT_PE,D,20200814,000000,36.4,37.9,36.4,37.6,0,0
SNT_PE,D,20200817,000000,38,38.5,37.3,37.9,0,0
SNT_PE,D,20200818,000000,37.9,38.2,36,37.8,0,0
SNT_PE,D,20200819,000000,36.8,38.7,36.8,37.8,0,0
SNT_PE,D,20200820,000000,37.8,38.2,36.2,37.3,0,0
SNT_PE,D,20200821,000000,37.3,37.3,35.4,35.9,0,0
