<TICKER>,<PER>,<DATE>,<TIME>,<OPEN>,<HIGH>,<LOW>,<CLOSE>,<VOL>,<OPENINT>
SNX_PE,D,20120606,000000,252.75,263.56,252.75,263.56,0,0
SNX_PE,D,20120628,000000,252.75,292.85,252.75,292.85,0,0
SNX_PE,D,20120629,000000,280.85,307.5,280.85,307.5,0,0
SNX_PE,D,20120702,000000,280.85,336.69,280.85,336.69,0,0
SNX_PE,D,20120703,000000,266.79,278.21,266.79,278.21,0,0
SNX_PE,D,20120704,000000,294.91,308.97,294.91,308.97,0,0
SNX_PE,D,20120705,000000,351.05,380.64,337.09,380.64,0,0
SNX_PE,D,20120706,000000,421.33,527.01,421.33,527.01,0,0
SNX_PE,D,20120711,000000,407.28,497.82,407.28,497.82,0,0
SNX_PE,D,20120712,000000,421.33,439.22,421.33,439.22,0,0
SNX_PE,D,20120713,000000,449.35,468.52,449.35,468.52,0,0
SNX_PE,D,20120716,000000,449.35,449.35,421.33,439.22,0,0
SNX_PE,D,20120717,000000,421.33,439.22,421.33,439.22,0,0
SNX_PE,D,20120719,000000,421.33,439.22,421.33,439.22,0,0
SNX_PE,D,20120724,000000,421.33,421.33,379.16,395.28,0,0
SNX_PE,D,20120725,000000,407.28,424.58,407.28,424.58,0,0
SNX_PE,D,20120730,000000,421.33,439.22,421.33,439.22,0,0
SNX_PE,D,20120802,000000,435.39,463.41,435.39,453.88,0,0
SNX_PE,D,20120806,000000,393.22,393.22,393.22,393.22,0,0
SNX_PE,D,20120809,000000,407.28,424.58,407.28,424.58,0,0
SNX_PE,D,20120810,000000,393.22,395.28,379.16,395.28,0,0
SNX_PE,D,20120827,000000,421.33,421.33,102.73,102.73,0,0
SNX_PE,D,20120907,000000,91.522,99.286,88.18,99.286,0,0
SNX_PE,D,20120912,000000,91.522,95.847,81.397,95.847,0,0
SNX_PE,D,20120913,000000,91.522,102.73,91.522,102.73,0,0
SNX_PE,D,20120919,000000,101.65,102.73,84.739,102.73,0,0
SNX_PE,D,20120925,000000,84.739,85.623,84.739,85.623,0,0
SNX_PE,D,20120928,000000,88.18,88.18,71.173,85.623,0,0
SNX_PE,D,20121001,000000,84.739,85.623,84.739,85.623,0,0
SNX_PE,D,20121002,000000,71.173,71.173,67.831,68.519,0,0
SNX_PE,D,20121003,000000,74.613,75.301,74.613,75.301,0,0
SNX_PE,D,20121009,000000,64.39,65.078,64.39,65.078,0,0
SNX_PE,D,20121010,000000,64.39,71.959,64.39,71.959,0,0
SNX_PE,D,20121011,000000,57.606,75.301,57.606,75.301,0,0
SNX_PE,D,20121012,000000,74.613,75.301,74.613,75.301,0,0
SNX_PE,D,20121015,000000,74.613,75.301,74.613,75.301,0,0
SNX_PE,D,20121016,000000,74.613,78.742,74.613,78.742,0,0
SNX_PE,D,20121017,000000,74.613,75.301,74.613,75.301,0,0
SNX_PE,D,20121018,000000,81.397,82.183,81.397,82.183,0,0
SNX_PE,D,20121019,000000,81.397,82.183,81.397,82.183,0,0
SNX_PE,D,20121022,000000,81.397,82.183,81.397,82.183,0,0
SNX_PE,D,20121023,000000,84.739,85.623,84.739,85.623,0,0
SNX_PE,D,20121025,000000,84.739,101.65,77.956,89.064,0,0
SNX_PE,D,20121026,000000,84.739,84.739,74.613,82.183,0,0
SNX_PE,D,20121029,000000,74.613,78.742,71.173,78.742,0,0
SNX_PE,D,20121030,000000,81.397,82.183,81.397,82.183,0,0
SNX_PE,D,20121031,000000,81.397,82.183,74.613,82.183,0,0
SNX_PE,D,20121102,000000,74.613,77.956,52.2,52.2,0,0
SNX_PE,D,20121106,000000,52.396,54.657,50.234,52.2,0,0
SNX_PE,D,20121107,000000,54.657,54.657,54.363,54.363,0,0
SNX_PE,D,20121108,000000,54.657,54.657,54.363,54.363,0,0
SNX_PE,D,20121109,000000,52.396,52.396,47.875,47.875,0,0
SNX_PE,D,20121113,000000,48.071,48.071,43.647,47.875,0,0
SNX_PE,D,20121114,000000,45.909,50.234,43.647,50.037,0,0
SNX_PE,D,20121116,000000,45.909,50.234,45.909,50.037,0,0
SNX_PE,D,20121119,000000,43.647,45.909,41.485,45.614,0,0
SNX_PE,D,20121120,000000,39.322,43.647,39.322,43.451,0,0
SNX_PE,D,20121122,000000,45.614,45.614,45.614,45.614,0,0
SNX_PE,D,20121123,000000,45.909,45.909,43.647,45.614,0,0
SNX_PE,D,20121129,000000,43.647,45.909,41.485,45.614,0,0
SNX_PE,D,20121130,000000,41.485,45.614,41.485,45.614,0,0
SNX_PE,D,20121203,000000,41.485,41.485,41.288,41.288,0,0
SNX_PE,D,20121204,000000,41.485,43.451,41.485,43.451,0,0
SNX_PE,D,20121205,000000,41.485,41.485,41.288,41.288,0,0
SNX_PE,D,20121206,000000,41.485,41.485,39.125,39.125,0,0
SNX_PE,D,20121210,000000,41.485,43.451,39.322,43.451,0,0
SNX_PE,D,20121211,000000,43.647,43.647,43.451,43.451,0,0
SNX_PE,D,20121212,000000,48.071,48.071,47.875,47.875,0,0
SNX_PE,D,20121213,000000,45.909,45.909,45.614,45.614,0,0
SNX_PE,D,20121214,000000,45.909,45.909,45.614,45.614,0,0
SNX_PE,D,20121217,000000,48.071,48.071,43.451,43.451,0,0
SNX_PE,D,20121218,000000,45.909,48.071,45.909,47.875,0,0
SNX_PE,D,20121219,000000,48.071,50.234,48.071,50.037,0,0
SNX_PE,D,20121220,000000,50.234,50.234,50.037,50.037,0,0
SNX_PE,D,20121221,000000,50.234,52.2,48.071,52.2,0,0
SNX_PE,D,20121228,000000,48.071,52.396,45.909,52.2,0,0
SNX_PE,D,20130102,000000,54.657,60.85,54.657,60.85,0,0
SNX_PE,D,20130103,000000,54.657,56.82,54.363,54.363,0,0
SNX_PE,D,20130104,000000,54.657,54.657,52.2,52.2,0,0
SNX_PE,D,20130107,000000,54.657,54.657,52.2,52.2,0,0
SNX_PE,D,20130108,000000,52.396,52.396,50.234,52.2,0,0
SNX_PE,D,20130109,000000,52.396,61.146,52.396,60.85,0,0
SNX_PE,D,20130110,000000,61.146,61.146,56.82,60.85,0,0
SNX_PE,D,20130111,000000,58.983,58.983,56.82,58.688,0,0
SNX_PE,D,20130114,000000,58.983,60.85,58.983,60.85,0,0
SNX_PE,D,20130115,000000,61.146,61.146,54.657,58.688,0,0
SNX_PE,D,20130116,000000,61.146,61.146,58.688,58.688,0,0
SNX_PE,D,20130117,000000,58.983,61.146,56.82,60.85,0,0
SNX_PE,D,20130118,000000,61.146,61.146,56.82,56.82,0,0
SNX_PE,D,20130122,000000,56.82,58.983,56.82,58.688,0,0
SNX_PE,D,20130123,000000,56.82,58.688,56.82,58.688,0,0
SNX_PE,D,20130124,000000,58.983,58.983,56.82,58.688,0,0
SNX_PE,D,20130125,000000,58.983,61.146,58.983,60.85,0,0
SNX_PE,D,20130128,000000,61.146,61.146,56.82,60.85,0,0
SNX_PE,D,20130129,000000,56.82,60.85,56.82,60.85,0,0
SNX_PE,D,20130130,000000,58.983,60.85,58.983,60.85,0,0
SNX_PE,D,20130204,000000,56.82,60.85,54.657,60.85,0,0
SNX_PE,D,20130208,000000,54.657,56.82,54.657,56.525,0,0
SNX_PE,D,20130211,000000,58.983,58.983,53.969,53.969,0,0
SNX_PE,D,20130212,000000,54.166,54.166,53.969,53.969,0,0
SNX_PE,D,20130213,000000,50.135,52.2,50.135,52.003,0,0
SNX_PE,D,20130214,000000,50.135,50.135,48.17,50.037,0,0
SNX_PE,D,20130215,000000,50.135,50.135,50.037,50.037,0,0
SNX_PE,D,20130219,000000,48.17,50.037,48.17,50.037,0,0
SNX_PE,D,20130220,000000,50.135,50.135,50.037,50.037,0,0
SNX_PE,D,20130221,000000,48.17,48.17,47.973,47.973,0,0
SNX_PE,D,20130222,000000,48.17,52.2,48.17,52.003,0,0
SNX_PE,D,20130225,000000,52.2,52.2,52.003,52.003,0,0
SNX_PE,D,20130301,000000,52.2,54.166,52.2,53.969,0,0
SNX_PE,D,20130304,000000,54.166,54.166,52.2,53.969,0,0
SNX_PE,D,20130305,000000,52.2,56.132,52.2,56.033,0,0
SNX_PE,D,20130306,000000,54.166,54.166,50.135,53.969,0,0
SNX_PE,D,20130307,000000,52.2,52.2,52.003,52.003,0,0
SNX_PE,D,20130308,000000,54.166,54.166,53.969,53.969,0,0
SNX_PE,D,20130312,000000,54.166,54.166,52.003,52.003,0,0
SNX_PE,D,20130313,000000,52.2,52.2,52.003,52.003,0,0
SNX_PE,D,20130314,000000,54.166,54.166,52.2,52.2,0,0
SNX_PE,D,20130315,000000,54.166,56.132,54.166,56.033,0,0
SNX_PE,D,20130318,000000,52.2,56.132,50.135,56.033,0,0
SNX_PE,D,20130319,000000,54.166,54.166,54.068,54.068,0,0
SNX_PE,D,20130320,000000,52.2,52.2,52.101,52.101,0,0
SNX_PE,D,20130321,000000,50.135,50.135,50.037,50.037,0,0
SNX_PE,D,20130322,000000,52.2,56.132,52.2,54.068,0,0
SNX_PE,D,20130325,000000,52.2,54.068,50.135,54.068,0,0
SNX_PE,D,20130326,000000,44.139,48.17,44.139,48.071,0,0
SNX_PE,D,20130327,000000,48.17,48.17,48.071,48.071,0,0
SNX_PE,D,20130328,000000,46.105,48.17,46.105,48.071,0,0
SNX_PE,D,20130408,000000,48.17,50.135,48.17,50.037,0,0
SNX_PE,D,20130410,000000,48.17,54.068,48.17,54.068,0,0
SNX_PE,D,20130417,000000,52.2,54.166,52.2,54.166,0,0
SNX_PE,D,20130422,000000,48.17,52.2,48.17,52.101,0,0
SNX_PE,D,20130425,000000,48.17,52.2,48.17,52.101,0,0
SNX_PE,D,20130506,000000,52.2,52.2,52.101,52.101,0,0
SNX_PE,D,20130507,000000,50.135,52.2,50.135,52.101,0,0
SNX_PE,D,20130508,000000,48.17,50.135,44.139,50.037,0,0
SNX_PE,D,20130509,000000,50.135,50.135,50.037,50.037,0,0
SNX_PE,D,20130510,000000,50.135,50.135,46.105,50.037,0,0
SNX_PE,D,20130513,000000,46.105,50.135,46.105,50.037,0,0
SNX_PE,D,20130514,000000,46.105,46.105,42.173,46.007,0,0
SNX_PE,D,20130516,000000,42.173,42.173,42.074,42.074,0,0
SNX_PE,D,20130517,000000,40.109,44.139,40.109,44.041,0,0
SNX_PE,D,20130605,000000,86.508,87.983,86.508,87.983,0,0
SNX_PE,D,20130606,000000,86.508,92.013,86.508,92.013,0,0
SNX_PE,D,20130613,000000,90.44,92.013,90.44,92.013,0,0
SNX_PE,D,20130614,000000,90.44,92.013,90.44,92.013,0,0
SNX_PE,D,20130617,000000,94.373,95.946,94.373,95.946,0,0
SNX_PE,D,20130624,000000,90.44,95.946,90.44,95.946,0,0
SNX_PE,D,20130628,000000,94.373,99.97,94.373,99.97,0,0
SNX_PE,D,20130701,000000,86.508,92.013,86.508,92.013,0,0
SNX_PE,D,20130705,000000,86.508,87.983,86.508,87.983,0,0
SNX_PE,D,20130708,000000,90.44,92.013,90.44,92.013,0,0
SNX_PE,D,20130716,000000,86.508,87.983,86.508,87.983,0,0
SNX_PE,D,20130718,000000,86.508,87.983,86.508,87.983,0,0
SNX_PE,D,20130722,000000,82.576,87.983,82.576,87.983,0,0
SNX_PE,D,20130723,000000,82.576,87.983,82.576,87.983,0,0
SNX_PE,D,20130801,000000,121.41,124.56,121.41,124.56,0,0
SNX_PE,D,20130805,000000,127.2,136.44,127.2,136.44,0,0
SNX_PE,D,20130808,000000,121.41,136.44,121.41,136.44,0,0
SNX_PE,D,20130809,000000,121.41,136.44,121.41,136.44,0,0
SNX_PE,D,20130814,000000,127.2,130.55,127.2,130.55,0,0
SNX_PE,D,20130819,000000,127.2,130.55,127.2,130.55,0,0
SNX_PE,D,20130821,000000,127.2,136.44,121.41,136.44,0,0
SNX_PE,D,20130823,000000,121.41,130.55,121.41,130.55,0,0
SNX_PE,D,20130828,000000,121.41,124.56,121.41,124.56,0,0
SNX_PE,D,20130830,000000,127.2,136.44,127.2,136.44,0,0
SNX_PE,D,20130902,000000,133.01,136.44,133.01,136.44,0,0
SNX_PE,D,20130903,000000,133.01,148.34,133.01,148.34,0,0
SNX_PE,D,20130909,000000,138.8,148.34,138.8,148.34,0,0
SNX_PE,D,20130913,000000,133.01,136.44,133.01,136.44,0,0
SNX_PE,D,20130919,000000,69.796,69.796,66.552,69.01,0,0
SNX_PE,D,20131004,000000,66.552,69.796,66.552,69.01,0,0
SNX_PE,D,20131015,000000,66.552,66.552,65.864,65.864,0,0
SNX_PE,D,20131023,000000,63.407,66.552,60.261,65.864,0,0
SNX_PE,D,20131024,000000,60.261,63.407,60.261,62.718,0,0
SNX_PE,D,20131030,000000,57.116,57.116,56.427,56.427,0,0
SNX_PE,D,20131104,000000,57.116,60.261,57.116,59.573,0,0
SNX_PE,D,20131108,000000,57.116,57.116,56.427,56.427,0,0
SNX_PE,D,20131112,000000,57.116,57.116,56.427,56.427,0,0
SNX_PE,D,20131113,000000,60.261,60.261,59.573,59.573,0,0
SNX_PE,D,20131119,000000,57.116,57.116,56.427,56.427,0,0
SNX_PE,D,20131121,000000,57.116,57.116,57.116,57.116,0,0
SNX_PE,D,20131122,000000,57.116,57.116,56.427,56.427,0,0
SNX_PE,D,20131126,000000,57.116,57.116,56.427,56.427,0,0
SNX_PE,D,20131202,000000,60.261,60.261,59.573,59.573,0,0
SNX_PE,D,20131209,000000,60.261,60.261,59.573,59.573,0,0
SNX_PE,D,20131212,000000,60.261,60.261,59.573,59.573,0,0
SNX_PE,D,20131218,000000,60.261,60.261,59.573,59.573,0,0
SNX_PE,D,20131219,000000,57.116,60.261,57.116,59.573,0,0
SNX_PE,D,20131227,000000,60.261,60.261,59.573,59.573,0,0
SNX_PE,D,20131230,000000,60.261,63.407,60.261,62.718,0,0
SNX_PE,D,20140107,000000,66.552,66.552,65.864,65.864,0,0
SNX_PE,D,20140108,000000,63.407,63.407,62.718,62.718,0,0
SNX_PE,D,20140109,000000,69.796,69.796,69.01,69.01,0,0
SNX_PE,D,20140122,000000,69.796,69.796,69.01,69.01,0,0
SNX_PE,D,20140204,000000,60.261,63.407,60.261,62.718,0,0
SNX_PE,D,20140205,000000,63.407,63.407,28.803,28.803,0,0
SNX_PE,D,20140210,000000,28.705,28.803,28.705,28.803,0,0
SNX_PE,D,20140211,000000,28.705,28.803,28.705,28.803,0,0
SNX_PE,D,20140213,000000,28.705,28.803,27.23,28.803,0,0
SNX_PE,D,20140225,000000,28.705,28.803,28.705,28.803,0,0
SNX_PE,D,20140227,000000,28.705,28.803,28.705,28.803,0,0
SNX_PE,D,20140303,000000,28.705,28.705,27.23,27.329,0,0
SNX_PE,D,20140304,000000,28.705,28.803,28.705,28.803,0,0
SNX_PE,D,20140307,000000,27.23,27.329,27.23,27.329,0,0
SNX_PE,D,20140310,000000,25.756,25.756,25.756,25.756,0,0
SNX_PE,D,20140312,000000,27.23,27.329,27.23,27.329,0,0
SNX_PE,D,20140317,000000,27.23,28.803,27.23,28.803,0,0
SNX_PE,D,20140318,000000,28.705,39.42,28.705,39.42,0,0
SNX_PE,D,20140319,000000,45.417,60.458,39.322,43.942,0,0
SNX_PE,D,20140320,000000,48.366,48.366,42.369,43.942,0,0
SNX_PE,D,20140321,000000,45.417,45.515,39.322,45.515,0,0
SNX_PE,D,20140324,000000,39.322,60.949,39.322,60.949,0,0
SNX_PE,D,20140325,000000,53.281,57.312,53.281,56.918,0,0
SNX_PE,D,20140326,000000,53.281,57.312,53.281,56.918,0,0
SNX_PE,D,20140327,000000,53.281,57.312,53.281,56.918,0,0
SNX_PE,D,20140328,000000,53.281,53.281,52.888,52.888,0,0
SNX_PE,D,20140331,000000,57.312,57.312,56.918,56.918,0,0
SNX_PE,D,20140401,000000,57.312,57.312,50.824,50.824,0,0
SNX_PE,D,20140402,000000,57.312,57.312,50.824,50.824,0,0
SNX_PE,D,20140404,000000,57.312,67.634,49.152,67.044,0,0
SNX_PE,D,20140407,000000,67.634,92.21,63.505,75.204,0,0
SNX_PE,D,20140408,000000,75.793,92.21,75.793,91.522,0,0
SNX_PE,D,20140409,000000,96.241,96.241,88.081,95.553,0,0
SNX_PE,D,20140410,000000,96.241,96.241,81.298,81.298,0,0
SNX_PE,D,20140411,000000,79.922,90.145,77.857,89.457,0,0
SNX_PE,D,20140414,000000,81.888,81.888,81.298,81.298,0,0
SNX_PE,D,20140424,000000,77.857,77.857,77.268,77.268,0,0
SNX_PE,D,20140428,000000,77.857,77.857,77.268,77.268,0,0
SNX_PE,D,20140430,000000,75.793,75.793,75.204,75.204,0,0
SNX_PE,D,20140502,000000,75.793,75.793,75.204,75.204,0,0
SNX_PE,D,20140505,000000,69.6,69.6,69.108,69.108,0,0
SNX_PE,D,20140506,000000,81.888,83.952,77.268,77.268,0,0
SNX_PE,D,20140507,000000,75.793,75.793,75.204,75.204,0,0
SNX_PE,D,20140513,000000,73.729,73.729,73.139,73.139,0,0
SNX_PE,D,20140516,000000,77.857,77.857,77.268,77.268,0,0
SNX_PE,D,20140522,000000,71.664,71.664,71.173,71.173,0,0
SNX_PE,D,20140527,000000,79.922,79.922,79.234,79.234,0,0
SNX_PE,D,20140530,000000,71.664,71.664,71.173,71.173,0,0
SNX_PE,D,20140605,000000,71.664,71.664,71.173,71.173,0,0
SNX_PE,D,20140606,000000,71.664,71.664,71.173,71.173,0,0
SNX_PE,D,20140627,000000,81.888,81.888,81.888,81.888,0,0
SNX_PE,D,20140724,000000,47.383,47.383,47.383,47.383,0,0
SNX_PE,D,20140725,000000,52.003,52.003,47.383,47.383,0,0
SNX_PE,D,20140728,000000,39.518,39.518,39.42,39.42,0,0
SNX_PE,D,20140729,000000,41.288,41.288,41.19,41.19,0,0
SNX_PE,D,20140730,000000,41.288,41.288,41.19,41.19,0,0
SNX_PE,D,20140801,000000,39.518,39.518,39.42,39.42,0,0
SNX_PE,D,20140805,000000,44.729,44.729,44.729,44.729,0,0
SNX_PE,D,20140806,000000,43.844,43.844,43.844,43.844,0,0
SNX_PE,D,20140811,000000,43.844,43.844,43.844,43.844,0,0
SNX_PE,D,20140812,000000,39.518,39.518,39.42,39.42,0,0
SNX_PE,D,20140813,000000,43.058,47.383,43.058,47.383,0,0
SNX_PE,D,20140814,000000,52.692,59.671,52.692,59.573,0,0
SNX_PE,D,20140818,000000,65.864,79.037,65.864,78.939,0,0
SNX_PE,D,20140819,000000,94.766,113.25,76.382,106.95,0,0
SNX_PE,D,20140820,000000,106.17,106.17,87.688,87.688,0,0
SNX_PE,D,20140821,000000,86.902,86.902,78.939,78.939,0,0
SNX_PE,D,20140822,000000,79.037,86.902,79.037,86.803,0,0
SNX_PE,D,20140825,000000,79.037,79.037,78.939,78.939,0,0
SNX_PE,D,20140826,000000,70.189,70.189,57.017,57.017,0,0
SNX_PE,D,20140827,000000,52.692,60.556,43.844,60.458,0,0
SNX_PE,D,20140901,000000,53.576,53.576,53.477,53.477,0,0
SNX_PE,D,20140902,000000,59.671,60.556,59.671,60.458,0,0
SNX_PE,D,20140910,000000,49.152,52.692,43.844,43.844,0,0
SNX_PE,D,20140911,000000,48.267,57.017,48.267,57.017,0,0
SNX_PE,D,20140912,000000,52.692,52.692,52.593,52.593,0,0
SNX_PE,D,20140917,000000,53.576,53.576,53.477,53.477,0,0
SNX_PE,D,20140922,000000,52.692,52.692,52.593,52.593,0,0
SNX_PE,D,20140929,000000,56.132,62.325,56.132,62.227,0,0
SNX_PE,D,20140930,000000,65.864,79.037,65.766,65.766,0,0
SNX_PE,D,20141001,000000,65.864,70.189,65.864,70.091,0,0
SNX_PE,D,20141002,000000,73.729,83.363,73.729,83.264,0,0
SNX_PE,D,20141003,000000,85.132,85.132,82.478,83.264,0,0
SNX_PE,D,20141006,000000,85.132,95.65,85.132,95.553,0,0
SNX_PE,D,20141007,000000,92.21,108.82,88.671,108.73,0,0
SNX_PE,D,20141008,000000,108.82,112.36,108.73,108.73,0,0
SNX_PE,D,20141009,000000,109.71,109.71,87.688,87.688,0,0
SNX_PE,D,20141010,000000,88.671,106.17,87.787,106.07,0,0
SNX_PE,D,20141013,000000,105.28,105.28,101.85,105.19,0,0
SNX_PE,D,20141014,000000,94.766,105.28,86.902,105.19,0,0
SNX_PE,D,20141016,000000,94.766,104.49,76.285,76.285,0,0
SNX_PE,D,20141017,000000,79.037,87.787,79.037,87.688,0,0
SNX_PE,D,20141021,000000,79.037,86.902,79.037,86.803,0,0
SNX_PE,D,20141027,000000,78.153,79.037,78.153,78.939,0,0
SNX_PE,D,20141104,000000,79.037,86.902,70.189,86.803,0,0
SNX_PE,D,20141105,000000,84.247,86.902,84.247,86.803,0,0
SNX_PE,D,20141106,000000,74.613,74.613,74.516,74.516,0,0
SNX_PE,D,20141107,000000,74.613,79.037,74.613,78.939,0,0
SNX_PE,D,20141110,000000,79.037,79.037,74.516,74.516,0,0
SNX_PE,D,20141113,000000,79.037,104.49,79.037,104.3,0,0
SNX_PE,D,20141114,000000,104.49,109.71,104.49,109.61,0,0
SNX_PE,D,20141117,000000,105.28,122.88,105.28,122.68,0,0
SNX_PE,D,20141118,000000,122.88,125.53,122.88,125.34,0,0
SNX_PE,D,20141119,000000,122,122.88,115.7,115.7,0,0
SNX_PE,D,20141120,000000,115.9,121.11,115.9,116.59,0,0
SNX_PE,D,20141121,000000,115.02,125.53,113.05,113.05,0,0
SNX_PE,D,20141124,000000,114.13,117.58,113.25,117.48,0,0
SNX_PE,D,20141125,000000,118.45,118.45,102.53,102.53,0,0
SNX_PE,D,20141126,000000,96.535,96.535,96.437,96.437,0,0
SNX_PE,D,20141127,000000,86.016,113.25,70.189,113.05,0,0
SNX_PE,D,20141128,000000,96.535,105.28,96.535,105.19,0,0
SNX_PE,D,20141201,000000,105.28,118.45,105.28,118.36,0,0
SNX_PE,D,20141202,000000,118.45,118.45,118.36,118.36,0,0
SNX_PE,D,20141210,000000,109.71,109.71,92.013,92.013,0,0
SNX_PE,D,20141211,000000,94.766,113.25,94.766,100.86,0,0
SNX_PE,D,20141212,000000,100.96,100.96,96.437,96.437,0,0
SNX_PE,D,20141215,000000,100.96,100.96,100.86,100.86,0,0
SNX_PE,D,20141216,000000,108.82,108.82,108.73,108.73,0,0
SNX_PE,D,20141217,000000,108.82,112.36,107.05,112.17,0,0
SNX_PE,D,20141218,000000,109.71,109.71,98.206,98.206,0,0
SNX_PE,D,20141219,000000,98.305,114.13,98.305,113.93,0,0
SNX_PE,D,20141222,000000,109.71,113.25,109.71,113.05,0,0
SNX_PE,D,20141229,000000,114.13,118.45,112.17,112.17,0,0
SNX_PE,D,20141230,000000,103.62,126.42,92.997,126.22,0,0
SNX_PE,D,20150102,000000,109.71,111.47,109.71,111.38,0,0
SNX_PE,D,20150107,000000,99.187,99.187,87.787,89.457,0,0
SNX_PE,D,20150109,000000,96.535,96.535,92.013,92.013,0,0
SNX_PE,D,20150112,000000,95.65,95.65,92.013,92.013,0,0
SNX_PE,D,20150113,000000,83.363,89.556,79.037,89.457,0,0
SNX_PE,D,20150116,000000,100.96,100.96,100.86,100.86,0,0
SNX_PE,D,20150119,000000,104.49,104.49,92.21,103.42,0,0
SNX_PE,D,20150120,000000,103.62,103.62,103.42,103.42,0,0
SNX_PE,D,20150121,000000,103.62,117.58,103.62,117.48,0,0
SNX_PE,D,20150122,000000,117.58,140.48,117.58,140.28,0,0
SNX_PE,D,20150123,000000,159.74,193.07,159.74,183.24,0,0
SNX_PE,D,20150126,000000,180.78,192.19,165.94,191.99,0,0
SNX_PE,D,20150127,000000,182.55,182.55,177.93,177.93,0,0
SNX_PE,D,20150128,000000,178.23,179.01,143.04,144.61,0,0
SNX_PE,D,20150129,000000,146.57,166.72,118.45,159.55,0,0
SNX_PE,D,20150130,000000,175.57,175.57,122,132.41,0,0
SNX_PE,D,20150202,000000,140.48,140.48,90.342,90.342,0,0
SNX_PE,D,20150203,000000,107.94,129.08,107.94,128.88,0,0
SNX_PE,D,20150204,000000,137.83,137.83,110.6,113.05,0,0
SNX_PE,D,20150205,000000,114.13,114.13,90.342,90.342,0,0
SNX_PE,D,20150206,000000,91.325,121.11,91.325,115.7,0,0
SNX_PE,D,20150209,000000,116.79,116.79,104.3,104.3,0,0
SNX_PE,D,20150210,000000,104.49,104.49,90.44,91.129,0,0
SNX_PE,D,20150211,000000,91.325,98.305,88.572,88.572,0,0
SNX_PE,D,20150212,000000,89.556,92.21,82.379,82.379,0,0
SNX_PE,D,20150213,000000,84.247,86.902,70.189,74.516,0,0
SNX_PE,D,20150216,000000,74.613,76.382,63.111,63.111,0,0
SNX_PE,D,20150217,000000,65.864,66.75,61.441,63.997,0,0
SNX_PE,D,20150218,000000,61.441,61.441,49.054,49.054,0,0
SNX_PE,D,20150219,000000,48.267,55.345,44.729,48.17,0,0
SNX_PE,D,20150220,000000,50.922,50.922,43.844,46.498,0,0
SNX_PE,D,20150223,000000,48.267,55.345,48.267,52.593,0,0
SNX_PE,D,20150224,000000,53.576,53.576,50.037,50.824,0,0
SNX_PE,D,20150225,000000,50.037,50.037,46.498,48.17,0,0
SNX_PE,D,20150226,000000,46.498,88.966,43.844,88.966,0,0
SNX_PE,D,20150227,000000,91.129,92.898,88.966,88.966,0,0
SNX_PE,D,20150302,000000,89.359,89.359,80.414,88.966,0,0
SNX_PE,D,20150303,000000,89.359,91.129,83.658,83.658,0,0
SNX_PE,D,20150304,000000,84.051,84.051,75.105,76.481,0,0
SNX_PE,D,20150305,000000,76.874,76.874,73.237,76.481,0,0
SNX_PE,D,20150306,000000,78.644,87.59,76.874,83.658,0,0
SNX_PE,D,20150309,000000,82.183,117.96,80.414,117.48,0,0
SNX_PE,D,20150310,000000,134.08,134.08,101.45,101.45,0,0
SNX_PE,D,20150311,000000,103.71,119.74,103.71,104.99,0,0
SNX_PE,D,20150312,000000,105.48,109.02,87.196,87.196,0,0
SNX_PE,D,20150313,000000,89.359,92.898,85.82,87.196,0,0
SNX_PE,D,20150316,000000,89.359,91.129,84.051,85.427,0,0
SNX_PE,D,20150317,000000,85.82,87.59,84.051,87.196,0,0
SNX_PE,D,20150318,000000,89.359,98.305,85.82,87.196,0,0
SNX_PE,D,20150319,000000,87.59,89.359,84.051,85.427,0,0
SNX_PE,D,20150320,000000,85.82,85.82,80.414,84.051,0,0
SNX_PE,D,20150323,000000,85.82,87.59,84.051,87.196,0,0
SNX_PE,D,20150324,000000,85.82,85.82,80.414,81.888,0,0
SNX_PE,D,20150325,000000,84.051,85.82,81.888,81.888,0,0
SNX_PE,D,20150326,000000,82.183,85.82,82.183,85.427,0,0
SNX_PE,D,20150327,000000,84.051,85.82,82.183,85.427,0,0
SNX_PE,D,20150330,000000,85.82,85.82,80.414,81.888,0,0
SNX_PE,D,20150331,000000,82.183,82.183,76.874,81.888,0,0
SNX_PE,D,20150401,000000,78.644,82.183,78.644,80.118,0,0
SNX_PE,D,20150402,000000,78.644,80.414,74.712,74.712,0,0
SNX_PE,D,20150407,000000,75.105,75.105,69.699,72.942,0,0
SNX_PE,D,20150408,000000,69.699,71.468,69.699,71.173,0,0
SNX_PE,D,20150409,000000,71.468,84.051,71.468,81.888,0,0
SNX_PE,D,20150410,000000,82.183,87.59,82.183,83.658,0,0
SNX_PE,D,20150413,000000,85.82,94.766,85.82,88.966,0,0
SNX_PE,D,20150414,000000,87.59,89.359,78.25,78.25,0,0
SNX_PE,D,20150415,000000,80.414,84.051,80.118,80.118,0,0
SNX_PE,D,20150416,000000,84.051,85.82,78.644,81.888,0,0
SNX_PE,D,20150417,000000,82.183,84.051,78.644,80.118,0,0
SNX_PE,D,20150420,000000,82.183,82.183,78.644,81.888,0,0
SNX_PE,D,20150421,000000,78.644,82.183,78.25,78.25,0,0
SNX_PE,D,20150422,000000,80.414,82.183,78.644,81.888,0,0
SNX_PE,D,20150423,000000,82.183,82.183,76.874,80.118,0,0
SNX_PE,D,20150424,000000,78.644,80.414,78.644,80.118,0,0
SNX_PE,D,20150427,000000,78.644,78.644,76.874,78.25,0,0
SNX_PE,D,20150428,000000,78.644,78.644,75.105,78.25,0,0
SNX_PE,D,20150429,000000,75.105,76.874,75.105,76.481,0,0
SNX_PE,D,20150430,000000,73.237,76.874,73.237,76.481,0,0
SNX_PE,D,20150504,000000,73.237,75.105,71.468,72.942,0,0
SNX_PE,D,20150505,000000,73.237,75.105,71.468,72.942,0,0
SNX_PE,D,20150506,000000,71.468,73.237,71.468,72.942,0,0
SNX_PE,D,20150507,000000,75.105,87.59,75.105,80.118,0,0
SNX_PE,D,20150508,000000,80.414,80.414,76.874,80.118,0,0
SNX_PE,D,20150511,000000,78.644,80.414,76.481,76.481,0,0
SNX_PE,D,20150512,000000,78.644,78.644,76.874,78.25,0,0
SNX_PE,D,20150513,000000,78.644,78.644,74.712,74.712,0,0
SNX_PE,D,20150514,000000,75.105,76.874,75.105,76.481,0,0
SNX_PE,D,20150515,000000,76.874,76.874,71.468,74.712,0,0
SNX_PE,D,20150518,000000,73.237,76.874,72.942,72.942,0,0
SNX_PE,D,20150519,000000,73.237,73.237,65.667,65.667,0,0
SNX_PE,D,20150520,000000,62.227,62.227,57.312,60.753,0,0
SNX_PE,D,20150521,000000,58.983,62.227,58.983,60.753,0,0
SNX_PE,D,20150522,000000,62.227,67.142,60.654,64.095,0,0
SNX_PE,D,20150525,000000,63.898,68.814,60.654,62.423,0,0
SNX_PE,D,20150526,000000,62.227,62.227,57.312,57.508,0,0
SNX_PE,D,20150527,000000,58.983,59.18,54.068,59.18,0,0
SNX_PE,D,20150528,000000,58.983,63.898,57.312,59.18,0,0
SNX_PE,D,20150529,000000,58.983,60.654,52.396,54.166,0,0
SNX_PE,D,20150601,000000,54.068,57.508,52.396,57.508,0,0
SNX_PE,D,20150602,000000,58.983,58.983,54.068,57.508,0,0
SNX_PE,D,20150603,000000,57.312,60.949,55.739,60.949,0,0
SNX_PE,D,20150605,000000,61.441,61.441,57.901,60.949,0,0
SNX_PE,D,20150608,000000,61.441,61.441,57.901,59.278,0,0
SNX_PE,D,20150609,000000,59.671,61.441,57.901,59.278,0,0
SNX_PE,D,20150610,000000,59.671,59.671,57.901,59.278,0,0
SNX_PE,D,20150611,000000,59.671,59.671,56.132,59.278,0,0
SNX_PE,D,20150612,000000,57.901,59.671,57.901,59.278,0,0
SNX_PE,D,20150615,000000,57.901,59.671,56.132,57.508,0,0
SNX_PE,D,20150616,000000,57.901,57.901,56.132,57.508,0,0
SNX_PE,D,20150617,000000,57.901,57.901,54.461,55.739,0,0
SNX_PE,D,20150618,000000,56.132,61.441,54.461,59.278,0,0
SNX_PE,D,20150619,000000,57.901,64.979,57.901,64.488,0,0
SNX_PE,D,20150622,000000,64.979,66.75,59.671,62.718,0,0
SNX_PE,D,20150623,000000,61.441,64.979,61.441,62.718,0,0
SNX_PE,D,20150624,000000,63.21,63.21,59.671,62.718,0,0
SNX_PE,D,20150625,000000,61.441,61.441,59.671,60.949,0,0
SNX_PE,D,20150626,000000,59.671,59.671,57.901,59.278,0,0
SNX_PE,D,20150629,000000,57.901,57.901,54.461,57.508,0,0
SNX_PE,D,20150630,000000,56.132,57.901,54.461,57.508,0,0
SNX_PE,D,20150701,000000,54.461,57.901,52.692,54.068,0,0
SNX_PE,D,20150702,000000,52.692,56.132,52.692,55.739,0,0
SNX_PE,D,20150703,000000,56.132,56.132,52.692,54.068,0,0
SNX_PE,D,20150706,000000,54.461,56.132,52.692,55.739,0,0
SNX_PE,D,20150707,000000,56.132,56.132,54.461,55.739,0,0
SNX_PE,D,20150708,000000,56.132,56.132,54.461,55.739,0,0
SNX_PE,D,20150709,000000,54.461,56.132,54.461,55.739,0,0
SNX_PE,D,20150710,000000,56.132,57.901,54.461,57.508,0,0
SNX_PE,D,20150713,000000,59.671,64.979,59.671,62.718,0,0
SNX_PE,D,20150714,000000,63.21,75.498,63.21,73.237,0,0
SNX_PE,D,20150715,000000,75.498,75.498,71.468,71.468,0,0
SNX_PE,D,20150716,000000,73.729,91.325,73.729,88.868,0,0
SNX_PE,D,20150717,000000,91.325,92.997,82.478,83.658,0,0
SNX_PE,D,20150720,000000,82.478,84.247,78.447,78.447,0,0
SNX_PE,D,20150721,000000,80.709,80.709,75.498,76.678,0,0
SNX_PE,D,20150722,000000,77.268,84.247,75.498,80.118,0,0
SNX_PE,D,20150723,000000,80.709,80.709,75.498,78.447,0,0
SNX_PE,D,20150724,000000,79.037,79.037,75.498,78.447,0,0
SNX_PE,D,20150727,000000,77.268,79.037,73.729,77.268,0,0
SNX_PE,D,20150728,000000,77.268,89.556,77.268,85.427,0,0
SNX_PE,D,20150729,000000,87.787,92.997,87.787,88.868,0,0
SNX_PE,D,20150730,000000,87.787,91.325,76.678,76.678,0,0
SNX_PE,D,20150731,000000,77.268,80.709,75.498,76.678,0,0
SNX_PE,D,20150803,000000,77.268,77.268,67.928,67.928,0,0
SNX_PE,D,20150804,000000,66.75,68.42,57.901,59.278,0,0
SNX_PE,D,20150805,000000,57.901,66.75,57.901,66.258,0,0
SNX_PE,D,20150806,000000,66.75,70.189,64.979,66.258,0,0
SNX_PE,D,20150807,000000,66.75,66.75,62.718,62.718,0,0
SNX_PE,D,20150810,000000,63.21,63.21,57.508,57.508,0,0
SNX_PE,D,20150811,000000,56.132,57.901,52.692,54.068,0,0
SNX_PE,D,20150812,000000,54.461,59.671,54.461,59.278,0,0
SNX_PE,D,20150813,000000,57.901,57.901,52.299,52.299,0,0
SNX_PE,D,20150814,000000,54.461,56.132,52.692,55.739,0,0
SNX_PE,D,20150817,000000,56.132,59.671,56.132,59.278,0,0
SNX_PE,D,20150818,000000,61.441,61.441,55.739,55.739,0,0
SNX_PE,D,20150819,000000,56.132,57.901,54.461,55.739,0,0
SNX_PE,D,20150820,000000,56.132,59.671,56.132,59.278,0,0
SNX_PE,D,20150821,000000,59.671,59.671,54.068,54.068,0,0
SNX_PE,D,20150824,000000,54.461,54.461,49.152,52.299,0,0
SNX_PE,D,20150825,000000,50.922,54.461,50.922,52.299,0,0
SNX_PE,D,20150826,000000,52.692,52.692,50.922,52.299,0,0
SNX_PE,D,20150827,000000,54.461,56.132,50.528,50.528,0,0
SNX_PE,D,20150828,000000,50.922,50.922,47.383,48.759,0,0
SNX_PE,D,20150831,000000,47.383,49.152,43.549,43.549,0,0
SNX_PE,D,20150901,000000,38.634,43.844,38.634,43.844,0,0
SNX_PE,D,20160329,000000,213.62,213.62,213.62,213.62,0,0
SNX_PE,D,20160330,000000,205.36,212.93,204.58,211.16,0,0
SNX_PE,D,20160331,000000,208.31,212.83,208.31,211.94,0,0
SNX_PE,D,20160401,000000,215.29,225.22,214.89,221.87,0,0
SNX_PE,D,20160404,000000,221.87,231.02,221.87,230.62,0,0
SNX_PE,D,20160405,000000,231.9,231.9,224.43,230.62,0,0
SNX_PE,D,20160406,000000,228.56,228.56,221.87,228.16,0,0
SNX_PE,D,20160407,000000,215.68,223.54,209.49,223.16,0,0
SNX_PE,D,20160408,000000,212.83,220.3,212.83,220.3,0,0
SNX_PE,D,20160411,000000,219.81,253.04,219.02,252.65,0,0
SNX_PE,D,20160412,000000,251.76,251.76,232.68,243.11,0,0
SNX_PE,D,20160413,000000,238.88,243.89,228.95,241.05,0,0
SNX_PE,D,20160414,000000,246.35,246.35,236.43,242.71,0,0
SNX_PE,D,20160415,000000,243.89,244.68,235.64,243.11,0,0
SNX_PE,D,20160418,000000,241.44,245.17,234.75,245.17,0,0
SNX_PE,D,20160419,000000,244.68,260.9,244.68,255.59,0,0
SNX_PE,D,20160420,000000,257.17,257.17,242.62,253.04,0,0
SNX_PE,D,20160421,000000,244.68,252.15,243.11,247.24,0,0
SNX_PE,D,20160422,000000,246.84,252.65,240.55,252.65,0,0
SNX_PE,D,20160425,000000,252.15,256.77,247.24,249.3,0,0
SNX_PE,D,20160426,000000,248.9,248.9,228.56,246.84,0,0
SNX_PE,D,20160427,000000,242.62,245.17,242.62,245.17,0,0
SNX_PE,D,20160428,000000,248.9,248.9,232.68,243.11,0,0
SNX_PE,D,20160429,000000,242.62,245.57,234.75,235.24,0,0
SNX_PE,D,20160502,000000,240.55,241.44,240.55,241.44,0,0
SNX_PE,D,20160504,000000,240.55,240.55,226.1,239.37,0,0
SNX_PE,D,20160505,000000,234.36,240.16,234.36,240.16,0,0
SNX_PE,D,20160506,000000,234.36,239.37,232.3,235.64,0,0
SNX_PE,D,20160509,000000,229.35,234.36,221.87,222.37,0,0
SNX_PE,D,20160510,000000,219.81,221.87,203.69,214.01,0,0
SNX_PE,D,20160830,000000,336.69,336.69,336.69,336.69,0,0
SNX_PE,D,20160831,000000,351.73,376.12,330.31,330.31,0,0
SNX_PE,D,20160901,000000,331.68,331.68,319.98,319.98,0,0
SNX_PE,D,20160902,000000,320.47,330.11,320.47,329.52,0,0
SNX_PE,D,20160905,000000,327.65,327.65,303.66,320.77,0,0
SNX_PE,D,20160906,000000,321.26,326.08,321.26,325.59,0,0
SNX_PE,D,20160907,000000,319.68,319.68,294.91,298.46,0,0
SNX_PE,D,20160908,000000,295.7,315.66,295.7,315.16,0,0
SNX_PE,D,20160909,000000,296.49,321.26,296.49,319.2,0,0
SNX_PE,D,20160912,000000,304.55,319.68,303.66,317.52,0,0
SNX_PE,D,20160913,000000,318.11,318.11,302.09,317.52,0,0
SNX_PE,D,20160914,000000,311.73,317.32,303.66,311.13,0,0
SNX_PE,D,20160915,000000,311.73,317.32,311.73,315.95,0,0
SNX_PE,D,20160916,000000,316.54,319.68,311.73,319.2,0,0
SNX_PE,D,20160919,000000,318.9,319.68,318.11,319.2,0,0
SNX_PE,D,20160920,000000,319.68,322.93,319.68,321.56,0,0
SNX_PE,D,20160921,000000,319.68,336.5,319.68,335.12,0,0
SNX_PE,D,20160922,000000,332.47,332.47,315.66,323.13,0,0
SNX_PE,D,20160923,000000,331.68,331.68,307.7,330.31,0,0
SNX_PE,D,20160926,000000,303.66,324.5,302.88,323.92,0,0
SNX_PE,D,20160927,000000,303.66,326.86,303.66,323.13,0,0
SNX_PE,D,20160928,000000,305.34,321.26,305.34,319.98,0,0
SNX_PE,D,20160930,000000,308.48,319.68,308.48,318.41,0,0
SNX_PE,D,20161003,000000,318.9,321.26,307.7,319.2,0,0
SNX_PE,D,20161004,000000,319.68,319.68,298.16,319.2,0,0
SNX_PE,D,20161005,000000,300.52,306.12,298.16,305.63,0,0
SNX_PE,D,20161006,000000,318.9,318.9,311.73,316.74,0,0
SNX_PE,D,20161007,000000,318.9,331.09,306.12,331.09,0,0
SNX_PE,D,20161010,000000,334.53,334.53,323.13,323.13,0,0
SNX_PE,D,20161011,000000,319.68,319.68,315.66,319.2,0,0
SNX_PE,D,20161012,000000,326.86,326.86,313.3,326.37,0,0
SNX_PE,D,20161013,000000,323.72,323.72,303.66,312.8,0,0
SNX_PE,D,20161014,000000,319.68,319.68,298.94,309.56,0,0
SNX_PE,D,20161017,000000,310.94,312.52,310.94,311.13,0,0
SNX_PE,D,20161018,000000,311.73,324.5,305.34,317.52,0,0
SNX_PE,D,20161019,000000,305.34,317.32,301.6,301.6,0,0
SNX_PE,D,20161020,000000,302.09,302.09,299.73,300.03,0,0
SNX_PE,D,20161021,000000,322.93,327.65,306.12,324.7,0,0
SNX_PE,D,20161024,000000,312.52,322.93,307.2,307.2,0,0
SNX_PE,D,20161025,000000,305.34,310.06,298.94,309.56,0,0
SNX_PE,D,20161026,000000,309.27,316.54,309.27,315.95,0,0
SNX_PE,D,20161027,000000,316.54,323.72,306.12,323.13,0,0
SNX_PE,D,20161028,000000,323.72,323.72,313.3,314.38,0,0
SNX_PE,D,20161031,000000,313.3,313.3,302.88,312.8,0,0
SNX_PE,D,20161102,000000,303.66,317.32,303.66,315.16,0,0
SNX_PE,D,20161103,000000,311.73,311.73,311.13,311.13,0,0
SNX_PE,D,20161104,000000,307.7,310.94,302.88,307.2,0,0
SNX_PE,D,20161107,000000,303.66,306.91,297.27,306.41,0,0
SNX_PE,D,20161108,000000,306.91,306.91,306.41,306.41,0,0
SNX_PE,D,20161109,000000,315.66,315.66,224.23,224.23,0,0
SNX_PE,D,20161110,000000,223.74,231.02,220.11,230.92,0,0
SNX_PE,D,20161114,000000,229.15,229.74,220.7,229.74,0,0
SNX_PE,D,20161115,000000,220.7,229.05,220.7,229.05,0,0
SNX_PE,D,20161116,000000,220.7,220.7,207.42,218.24,0,0
SNX_PE,D,20161117,000000,215.29,215.29,206.84,215.19,0,0
SNX_PE,D,20161118,000000,205.65,205.65,179.71,190.42,0,0
SNX_PE,D,20161121,000000,193.56,201.92,192.98,201.92,0,0
SNX_PE,D,20161122,000000,186.39,204.28,186.39,204.28,0,0
SNX_PE,D,20161123,000000,203.88,204.28,192.98,204.28,0,0
SNX_PE,D,20161124,000000,193.56,201.92,192.98,201.92,0,0
SNX_PE,D,20161125,000000,199.07,202.61,192.98,202.51,0,0
SNX_PE,D,20161128,000000,202.02,202.02,194.15,199.46,0,0
SNX_PE,D,20161129,000000,197.79,203.09,196.61,203.09,0,0
SNX_PE,D,20161130,000000,202.02,204.48,201.43,201.92,0,0
SNX_PE,D,20161201,000000,201.43,202.61,193.56,194.05,0,0
SNX_PE,D,20161202,000000,194.15,198.28,188.75,198.28,0,0
SNX_PE,D,20161205,000000,197.79,198.28,197.79,198.28,0,0
SNX_PE,D,20161206,000000,197.79,197.79,180.88,185.01,0,0
SNX_PE,D,20161207,000000,196.61,196.61,185.8,194.64,0,0
SNX_PE,D,20161208,000000,186.97,196.02,183.93,192.88,0,0
SNX_PE,D,20161209,000000,185.8,193.47,185.8,193.47,0,0
SNX_PE,D,20161212,000000,190.02,196.41,190.02,196.41,0,0
SNX_PE,D,20161213,000000,195.43,195.82,190.02,195.82,0,0
SNX_PE,D,20161214,000000,190.02,195.82,190.02,195.82,0,0
SNX_PE,D,20161215,000000,191.21,196.41,191.21,196.41,0,0
SNX_PE,D,20161216,000000,196.02,196.41,196.02,196.41,0,0
SNX_PE,D,20161219,000000,191.21,195.24,188.75,195.24,0,0
SNX_PE,D,20161220,000000,185.8,191.01,185.8,191.01,0,0
SNX_PE,D,20161221,000000,186.97,193.47,186.97,193.47,0,0
SNX_PE,D,20161222,000000,192.98,194.84,186.39,194.05,0,0
SNX_PE,D,20161223,000000,189.33,194.64,187.56,194.64,0,0
SNX_PE,D,20161227,000000,192.98,199.46,180.88,199.46,0,0
SNX_PE,D,20161228,000000,199.07,199.07,195.43,196.41,0,0
SNX_PE,D,20161229,000000,199.07,199.46,196.02,199.46,0,0
SNX_PE,D,20161230,000000,197.79,200.25,197.2,200.25,0,0
SNX_PE,D,20170102,000000,192.38,199.46,190.62,199.46,0,0
SNX_PE,D,20170103,000000,190.62,194.84,188.16,193.47,0,0
SNX_PE,D,20170104,000000,195.43,195.43,194.15,194.64,0,0
SNX_PE,D,20170105,000000,192.98,196.02,191.21,194.05,0,0
SNX_PE,D,20170109,000000,196.61,197.1,196.61,197.1,0,0
SNX_PE,D,20170110,000000,196.61,196.61,190.02,196.41,0,0
SNX_PE,D,20170111,000000,188.16,204.28,188.16,204.28,0,0
SNX_PE,D,20170112,000000,203.88,209.88,199.07,209.78,0,0
SNX_PE,D,20170113,000000,202.02,205.06,199.66,204.87,0,0
SNX_PE,D,20170116,000000,204.48,204.48,199.07,201.92,0,0
SNX_PE,D,20170117,000000,203.88,206.24,203.88,206.15,0,0
SNX_PE,D,20170118,000000,201.43,206.15,201.43,206.15,0,0
SNX_PE,D,20170119,000000,199.66,206.15,199.66,206.15,0,0
SNX_PE,D,20170120,000000,199.66,206.24,199.07,199.46,0,0
SNX_PE,D,20170123,000000,199.07,206.15,199.07,206.15,0,0
SNX_PE,D,20170124,000000,198.38,200.05,196.02,200.05,0,0
SNX_PE,D,20170125,000000,194.15,199.07,194.15,199.07,0,0
SNX_PE,D,20170126,000000,199.07,199.07,195.43,196.41,0,0
SNX_PE,D,20170127,000000,199.07,199.66,196.02,199.46,0,0
SNX_PE,D,20170130,000000,197.79,203.69,197.79,203.69,0,0
SNX_PE,D,20170131,000000,203.19,206.24,202.02,202.51,0,0
SNX_PE,D,20170201,000000,206.84,210.96,206.24,210.96,0,0
SNX_PE,D,20170202,000000,211.06,216.96,208.11,216.96,0,0
SNX_PE,D,20170203,000000,206.24,216.96,206.24,216.96,0,0
SNX_PE,D,20170206,000000,215.88,215.88,215.29,215.29,0,0
SNX_PE,D,20170207,000000,212.34,214.01,212.34,214.01,0,0
SNX_PE,D,20170208,000000,216.08,216.66,202.7,209.2,0,0
SNX_PE,D,20170209,000000,202.02,204.48,195.43,204.28,0,0
SNX_PE,D,20170210,000000,201.43,215.29,201.43,214.01,0,0
SNX_PE,D,20170213,000000,215.88,226.2,215.88,223.64,0,0
SNX_PE,D,20170214,000000,226.79,226.79,217.75,224.23,0,0
SNX_PE,D,20170215,000000,218.34,226.69,217.75,226.69,0,0
SNX_PE,D,20170216,000000,226.2,227.38,218.34,223.64,0,0
SNX_PE,D,20170217,000000,212.34,220.6,212.34,220.6,0,0
SNX_PE,D,20170220,000000,221.97,221.97,212.34,221.87,0,0
SNX_PE,D,20170221,000000,211.65,221.87,211.65,221.87,0,0
SNX_PE,D,20170222,000000,217.15,217.75,209.88,217.65,0,0
SNX_PE,D,20170223,000000,217.15,217.75,210.47,211.56,0,0
SNX_PE,D,20170224,000000,210.47,217.65,207.42,217.65,0,0
SNX_PE,D,20170227,000000,218.92,219.41,218.92,219.41,0,0
SNX_PE,D,20170228,000000,221.38,221.87,221.38,221.87,0,0
SNX_PE,D,20170301,000000,221.38,221.38,220.11,220.6,0,0
SNX_PE,D,20170302,000000,221.38,221.87,214.11,221.87,0,0
SNX_PE,D,20170303,000000,212.93,221.87,212.93,221.87,0,0
SNX_PE,D,20170306,000000,214.11,216.46,206.84,215.78,0,0
SNX_PE,D,20170307,000000,217.15,217.15,216.46,216.96,0,0
SNX_PE,D,20170308,000000,207.42,209.78,205.06,209.78,0,0
SNX_PE,D,20170309,000000,216.46,216.46,215.29,215.78,0,0
SNX_PE,D,20170310,000000,215.88,215.88,215.29,215.78,0,0
SNX_PE,D,20170313,000000,215.29,215.78,211.06,215.78,0,0
SNX_PE,D,20170314,000000,211.65,211.65,208.11,208.51,0,0
SNX_PE,D,20170315,000000,215.29,215.29,205.06,205.55,0,0
SNX_PE,D,20170316,000000,208.11,210.96,208.11,210.96,0,0
SNX_PE,D,20170317,000000,210.47,214.6,205.65,214.6,0,0
SNX_PE,D,20170320,000000,213.52,213.52,205.65,213.42,0,0
SNX_PE,D,20170321,000000,205.06,212.34,205.06,207.91,0,0
SNX_PE,D,20170322,000000,205.65,205.65,204.48,204.87,0,0
SNX_PE,D,20170323,000000,203.19,203.69,192.98,203.69,0,0
SNX_PE,D,20170324,000000,203.19,205.06,199.07,199.46,0,0
SNX_PE,D,20170327,000000,199.07,199.07,196.02,196.02,0,0
SNX_PE,D,20170328,000000,198.38,198.38,186.39,198.28,0,0
SNX_PE,D,20170329,000000,197.79,197.79,190.02,196.41,0,0
SNX_PE,D,20170330,000000,196.02,196.41,196.02,196.41,0,0
SNX_PE,D,20170331,000000,196.02,196.02,186.97,187.37,0,0
SNX_PE,D,20170403,000000,186.39,186.97,184.51,185.01,0,0
SNX_PE,D,20170404,000000,192.98,219.51,93.094,93.094,0,0
SNX_PE,D,20170405,000000,94.962,94.962,89.851,92.8,0,0
SNX_PE,D,20170406,000000,95.257,95.257,87.295,88.278,0,0
SNX_PE,D,20170407,000000,86.508,86.508,82.674,83.067,0,0
SNX_PE,D,20170410,000000,82.97,89.556,82.97,89.556,0,0
SNX_PE,D,20170411,000000,88.868,89.556,81.888,89.261,0,0
SNX_PE,D,20170412,000000,84.247,84.739,82.97,84.64,0,0
SNX_PE,D,20170413,000000,83.756,84.739,82.183,84.64,0,0
SNX_PE,D,20170418,000000,82.478,85.526,82.478,85.427,0,0
SNX_PE,D,20170419,000000,82.674,84.444,81.691,84.149,0,0
SNX_PE,D,20170420,000000,84.247,84.247,84.149,84.149,0,0
SNX_PE,D,20170421,000000,83.166,83.166,83.067,83.067,0,0
SNX_PE,D,20170424,000000,84.247,88.966,82.97,88.966,0,0
SNX_PE,D,20170425,000000,87.59,87.59,83.756,86.41,0,0
SNX_PE,D,20170426,000000,84.051,85.82,84.051,85.623,0,0
SNX_PE,D,20170427,000000,84.542,84.64,84.542,84.64,0,0
SNX_PE,D,20170428,000000,84.739,87,84.739,87,0,0
SNX_PE,D,20170502,000000,84.739,87.295,84.739,87.196,0,0
SNX_PE,D,20170504,000000,87.295,89.556,87.295,89.556,0,0
SNX_PE,D,20170505,000000,89.556,89.851,89.556,89.752,0,0
SNX_PE,D,20170508,000000,89.851,89.851,89.752,89.752,0,0
SNX_PE,D,20170509,000000,88.278,89.556,85.623,85.623,0,0
SNX_PE,D,20170510,000000,86.803,86.803,85.82,85.919,0,0
SNX_PE,D,20170511,000000,86.016,87,86.016,87,0,0
SNX_PE,D,20170512,000000,89.359,89.359,85.722,88.966,0,0
SNX_PE,D,20170515,000000,87.098,87.098,85.526,86.705,0,0
SNX_PE,D,20170516,000000,89.359,89.359,24.773,24.773,0,0
SNX_PE,D,20170517,000000,25.166,25.658,24.577,24.577,0,0
SNX_PE,D,20170518,000000,24.577,24.577,24.577,24.577,0,0
SNX_PE,D,20170519,000000,25.068,25.068,24.478,24.478,0,0
SNX_PE,D,20170522,000000,24.478,24.478,24.478,24.478,0,0
SNX_PE,D,20170523,000000,25.166,25.166,25.166,25.166,0,0
SNX_PE,D,20170524,000000,25.166,25.166,24.577,25.166,0,0
SNX_PE,D,20170525,000000,24.674,24.674,24.281,24.38,0,0
SNX_PE,D,20170526,000000,24.478,24.478,24.38,24.38,0,0
SNX_PE,D,20170530,000000,23.79,23.986,23.692,23.986,0,0
SNX_PE,D,20170531,000000,23.986,24.38,23.692,24.38,0,0
SNX_PE,D,20170601,000000,24.38,24.38,23.397,24.38,0,0
SNX_PE,D,20170605,000000,23.593,23.692,23.593,23.692,0,0
SNX_PE,D,20170607,000000,23.888,24.478,23.888,24.38,0,0
SNX_PE,D,20170608,000000,23.986,23.986,23.986,23.986,0,0
SNX_PE,D,20170609,000000,23.986,23.986,23.494,23.494,0,0
SNX_PE,D,20170612,000000,23.298,23.692,23.298,23.692,0,0
SNX_PE,D,20170613,000000,23.692,23.692,23.102,23.102,0,0
SNX_PE,D,20170614,000000,23.888,23.888,23.888,23.888,0,0
SNX_PE,D,20170616,000000,23.888,24.085,23.102,23.494,0,0
SNX_PE,D,20170619,000000,23.494,23.986,23.2,23.986,0,0
SNX_PE,D,20170620,000000,23.2,23.79,22.806,23.79,0,0
SNX_PE,D,20170621,000000,22.905,23.692,22.905,23.692,0,0
SNX_PE,D,20170622,000000,23.593,23.593,22.806,22.806,0,0
SNX_PE,D,20170623,000000,23.593,23.692,23.593,23.692,0,0
SNX_PE,D,20170626,000000,22.905,22.905,21.037,22.61,0,0
SNX_PE,D,20170627,000000,22.413,22.905,22.118,22.905,0,0
SNX_PE,D,20170628,000000,22.118,23.004,21.922,23.004,0,0
SNX_PE,D,20170630,000000,22.905,22.905,22.905,22.905,0,0
SNX_PE,D,20170703,000000,21.922,22.905,21.922,22.905,0,0
SNX_PE,D,20170704,000000,23.004,25.166,23.004,24.674,0,0
SNX_PE,D,20170705,000000,23.986,23.986,23.102,23.2,0,0
SNX_PE,D,20170706,000000,23.986,23.986,23.004,23.004,0,0
SNX_PE,D,20170710,000000,23.888,24.38,23.888,24.38,0,0
SNX_PE,D,20170711,000000,24.281,24.281,24.281,24.281,0,0
SNX_PE,D,20170712,000000,24.183,24.281,24.183,24.281,0,0
SNX_PE,D,20170713,000000,24.281,24.281,23.397,24.183,0,0
SNX_PE,D,20170714,000000,24.183,24.281,24.183,24.281,0,0
SNX_PE,D,20170717,000000,24.281,24.281,24.281,24.281,0,0
SNX_PE,D,20170718,000000,23.298,24.281,23.298,24.281,0,0
SNX_PE,D,20170719,000000,24.281,24.281,24.085,24.281,0,0
SNX_PE,D,20170720,000000,24.281,24.281,23.298,24.183,0,0
SNX_PE,D,20170721,000000,24.281,24.281,23.298,24.183,0,0
SNX_PE,D,20170724,000000,23.298,23.298,23.2,23.2,0,0
SNX_PE,D,20170725,000000,23.004,23.397,23.004,23.397,0,0
SNX_PE,D,20170727,000000,22.905,23.298,22.709,23.298,0,0
SNX_PE,D,20170728,000000,22.806,23.298,22.806,23.298,0,0
SNX_PE,D,20170731,000000,23.2,23.2,22.806,22.806,0,0
SNX_PE,D,20170801,000000,22.806,22.905,22.806,22.905,0,0
SNX_PE,D,20170802,000000,22.709,22.709,20.742,20.742,0,0
SNX_PE,D,20170803,000000,22.118,22.118,21.136,21.332,0,0
SNX_PE,D,20170804,000000,22.709,22.709,22.512,22.61,0,0
SNX_PE,D,20170807,000000,22.512,22.61,22.512,22.61,0,0
SNX_PE,D,20170808,000000,22.61,22.61,21.43,21.43,0,0
SNX_PE,D,20170809,000000,21.43,22.413,20.939,22.316,0,0
SNX_PE,D,20170810,000000,21.037,22.316,21.037,22.316,0,0
SNX_PE,D,20170811,000000,20.841,20.841,20.742,20.742,0,0
SNX_PE,D,20170814,000000,20.841,22.02,20.742,22.02,0,0
SNX_PE,D,20170816,000000,21.628,22.118,21.628,22.118,0,0
SNX_PE,D,20170817,000000,21.725,22.316,21.725,22.316,0,0
SNX_PE,D,20170818,000000,21.824,22.61,21.725,22.61,0,0
SNX_PE,D,20170821,000000,22.512,22.512,22.512,22.512,0,0
SNX_PE,D,20170822,000000,22.02,22.709,22.02,22.709,0,0
SNX_PE,D,20170823,000000,22.61,22.709,22.316,22.709,0,0
SNX_PE,D,20170824,000000,22.61,22.61,22.512,22.61,0,0
SNX_PE,D,20170825,000000,22.316,22.316,22.02,22.02,0,0
SNX_PE,D,20170828,000000,22.316,22.316,21.43,21.824,0,0
SNX_PE,D,20170829,000000,22.512,22.512,21.628,22.316,0,0
SNX_PE,D,20170830,000000,22.217,22.316,22.217,22.316,0,0
SNX_PE,D,20170831,000000,21.529,22.217,21.529,21.725,0,0
SNX_PE,D,20170901,000000,22.118,22.118,21.43,22.02,0,0
SNX_PE,D,20170904,000000,22.512,23.298,22.118,22.118,0,0
SNX_PE,D,20170905,000000,22.709,22.709,10.322,10.322,0,0
SNX_PE,D,20170906,000000,9.929,10.322,9.929,10.322,0,0
SNX_PE,D,20170907,000000,10.322,10.322,9.929,9.929,0,0
SNX_PE,D,20170908,000000,9.733,9.929,9.733,9.929,0,0
SNX_PE,D,20170911,000000,9.634,10.027,9.4373,9.535,0,0
SNX_PE,D,20170912,000000,9.535,9.733,9.535,9.733,0,0
SNX_PE,D,20170913,000000,9.733,9.733,9.634,9.733,0,0
SNX_PE,D,20170914,000000,9.733,9.83,9.733,9.83,0,0
SNX_PE,D,20170915,000000,9.83,9.83,9.733,9.733,0,0
SNX_PE,D,20170918,000000,9.83,9.929,9.83,9.929,0,0
SNX_PE,D,20170919,000000,9.83,9.83,9.83,9.83,0,0
SNX_PE,D,20170920,000000,9.733,9.733,9.733,9.733,0,0
SNX_PE,D,20170921,000000,9.733,9.733,9.733,9.733,0,0
SNX_PE,D,20170922,000000,9.733,9.733,9.4373,9.4373,0,0
SNX_PE,D,20170925,000000,9.2406,9.535,9.2406,9.4373,0,0
SNX_PE,D,20170926,000000,9.4373,9.4373,9.3389,9.4373,0,0
SNX_PE,D,20170927,000000,9.4373,9.634,9.4373,9.634,0,0
SNX_PE,D,20170928,000000,9.634,9.634,9.634,9.634,0,0
SNX_PE,D,20170929,000000,9.634,9.634,9.634,9.634,0,0
SNX_PE,D,20171002,000000,9.535,10.126,9.2406,9.83,0,0
SNX_PE,D,20171003,000000,10.027,10.027,9.929,9.929,0,0
SNX_PE,D,20171004,000000,9.929,10.617,9.929,10.519,0,0
SNX_PE,D,20171005,000000,10.42,10.42,9.929,10.42,0,0
SNX_PE,D,20171006,000000,10.223,10.42,10.223,10.42,0,0
SNX_PE,D,20171009,000000,10.322,10.322,10.322,10.322,0,0
SNX_PE,D,20171010,000000,10.42,10.42,10.42,10.42,0,0
SNX_PE,D,20171011,000000,10.223,10.42,10.126,10.223,0,0
SNX_PE,D,20171012,000000,10.223,10.223,10.126,10.223,0,0
SNX_PE,D,20171013,000000,10.223,10.223,10.126,10.223,0,0
SNX_PE,D,20171016,000000,10.223,10.223,10.223,10.223,0,0
SNX_PE,D,20171017,000000,10.322,10.519,10.322,10.519,0,0
SNX_PE,D,20171018,000000,10.519,11.207,10.519,11.207,0,0
SNX_PE,D,20171019,000000,10.715,11.01,10.715,10.715,0,0
SNX_PE,D,20171020,000000,10.911,10.911,10.519,10.715,0,0
SNX_PE,D,20171023,000000,10.322,10.814,10.223,10.519,0,0
SNX_PE,D,20171024,000000,10.223,10.42,10.223,10.42,0,0
SNX_PE,D,20171025,000000,10.223,10.322,10.027,10.322,0,0
SNX_PE,D,20171026,000000,10.42,10.42,10.223,10.223,0,0
SNX_PE,D,20171027,000000,10.42,10.42,10.223,10.322,0,0
SNX_PE,D,20171030,000000,10.322,10.322,10.322,10.322,0,0
SNX_PE,D,20171031,000000,10.322,10.322,10.322,10.322,0,0
SNX_PE,D,20171102,000000,10.322,10.322,10.027,10.322,0,0
SNX_PE,D,20171103,000000,10.322,10.322,10.322,10.322,0,0
SNX_PE,D,20171106,000000,10.322,10.322,10.223,10.223,0,0
SNX_PE,D,20171107,000000,10.223,10.223,10.126,10.126,0,0
SNX_PE,D,20171108,000000,10.126,10.126,10.126,10.126,0,0
SNX_PE,D,20171109,000000,9.929,10.42,9.929,10.42,0,0
SNX_PE,D,20171110,000000,10.42,10.42,10.42,10.42,0,0
SNX_PE,D,20171113,000000,10.617,10.911,10.519,10.519,0,0
SNX_PE,D,20171114,000000,10.322,11.994,10.223,11.994,0,0
SNX_PE,D,20171115,000000,11.895,11.895,11.895,11.895,0,0
SNX_PE,D,20171116,000000,11.502,11.895,11.502,11.895,0,0
SNX_PE,D,20171117,000000,11.895,11.895,11.895,11.895,0,0
SNX_PE,D,20171120,000000,11.994,12.19,11.895,12.19,0,0
SNX_PE,D,20171121,000000,11.994,11.994,11.796,11.994,0,0
SNX_PE,D,20171122,000000,11.6,11.994,11.6,11.994,0,0
SNX_PE,D,20171123,000000,11.994,11.994,11.6,11.994,0,0
SNX_PE,D,20171127,000000,11.994,11.994,11.895,11.895,0,0
SNX_PE,D,20171128,000000,11.895,11.895,11.207,11.698,0,0
SNX_PE,D,20171129,000000,11.895,11.895,11.207,11.698,0,0
SNX_PE,D,20171130,000000,11.895,11.895,11.207,11.698,0,0
SNX_PE,D,20171201,000000,11.698,11.698,10.911,11.207,0,0
SNX_PE,D,20171204,000000,10.911,11.207,10.911,11.207,0,0
SNX_PE,D,20171205,000000,10.814,11.207,10.814,11.207,0,0
SNX_PE,D,20171206,000000,11.207,11.207,11.207,11.207,0,0
SNX_PE,D,20171207,000000,10.814,11.108,10.814,10.814,0,0
SNX_PE,D,20171208,000000,11.207,11.207,10.814,10.814,0,0
SNX_PE,D,20171211,000000,10.814,10.814,10.814,10.814,0,0
SNX_PE,D,20171212,000000,10.814,10.911,10.42,10.617,0,0
SNX_PE,D,20171213,000000,10.42,10.42,10.027,10.42,0,0
SNX_PE,D,20171214,000000,10.42,10.617,10.42,10.617,0,0
SNX_PE,D,20171215,000000,10.814,10.814,10.42,10.42,0,0
SNX_PE,D,20171218,000000,10.223,10.42,10.126,10.126,0,0
SNX_PE,D,20171219,000000,9.929,10.126,9.929,9.929,0,0
SNX_PE,D,20171220,000000,9.929,9.929,9.3389,9.535,0,0
SNX_PE,D,20171221,000000,9.4373,9.535,9.3389,9.3389,0,0
SNX_PE,D,20171222,000000,9.1424,9.3389,8.8475,9.2406,0,0
SNX_PE,D,20171227,000000,9.4373,9.4373,8.8475,9.044,0,0
SNX_PE,D,20171228,000000,8.9457,9.4373,8.8475,9.4373,0,0
SNX_PE,D,20171229,000000,9.4373,10.027,9.4373,10.027,0,0
SNX_PE,D,20180103,000000,9.733,9.733,9.634,9.733,0,0
SNX_PE,D,20180104,000000,9.3389,9.4373,9.2406,9.2406,0,0
SNX_PE,D,20180105,000000,9.2406,9.3389,9.2406,9.3389,0,0
SNX_PE,D,20180108,000000,9.1424,10.027,9.1424,9.1424,0,0
SNX_PE,D,20180109,000000,9.634,9.929,9.634,9.929,0,0
SNX_PE,D,20180110,000000,9.929,9.929,9.929,9.929,0,0
SNX_PE,D,20180111,000000,9.929,9.929,9.929,9.929,0,0
SNX_PE,D,20180112,000000,9.929,9.929,9.4373,9.4373,0,0
SNX_PE,D,20180115,000000,9.3389,9.4373,9.3389,9.4373,0,0
SNX_PE,D,20180116,000000,9.535,9.535,9.535,9.535,0,0
SNX_PE,D,20180117,000000,9.929,9.929,9.2406,9.2406,0,0
SNX_PE,D,20180118,000000,9.535,9.535,9.2406,9.535,0,0
SNX_PE,D,20180119,000000,9.634,9.634,9.4373,9.4373,0,0
SNX_PE,D,20180122,000000,9.4373,9.4373,9.4373,9.4373,0,0
SNX_PE,D,20180123,000000,9.1424,9.4373,9.1424,9.4373,0,0
SNX_PE,D,20180124,000000,9.535,10.42,9.535,10.42,0,0
SNX_PE,D,20180125,000000,10.42,12.484,10.42,11.994,0,0
SNX_PE,D,20180126,000000,12.387,12.682,11.108,11.207,0,0
SNX_PE,D,20180129,000000,10.617,11.6,10.617,11.01,0,0
SNX_PE,D,20180130,000000,11.403,11.403,10.42,11.01,0,0
SNX_PE,D,20180131,000000,11.403,11.403,10.617,11.403,0,0
SNX_PE,D,20180201,000000,11.305,11.403,10.519,10.715,0,0
SNX_PE,D,20180202,000000,10.715,11.207,10.617,10.617,0,0
SNX_PE,D,20180205,000000,10.42,11.01,10.42,10.617,0,0
SNX_PE,D,20180206,000000,10.322,10.519,9.634,9.634,0,0
SNX_PE,D,20180207,000000,10.519,11.207,10.519,11.207,0,0
SNX_PE,D,20180208,000000,10.617,11.207,10.617,10.814,0,0
SNX_PE,D,20180209,000000,10.715,10.814,10.715,10.715,0,0
SNX_PE,D,20180212,000000,10.42,11.305,10.42,10.715,0,0
SNX_PE,D,20180213,000000,11.305,11.502,10.715,10.814,0,0
SNX_PE,D,20180214,000000,11.207,11.207,11.01,11.01,0,0
SNX_PE,D,20180215,000000,11.01,11.994,11.01,11.895,0,0
SNX_PE,D,20180216,000000,11.895,12.091,11.207,11.502,0,0
SNX_PE,D,20180219,000000,11.207,11.403,11.207,11.403,0,0
SNX_PE,D,20180220,000000,11.895,11.895,11.207,11.207,0,0
SNX_PE,D,20180221,000000,11.796,11.895,11.207,11.403,0,0
SNX_PE,D,20180222,000000,11.796,11.895,11.502,11.895,0,0
SNX_PE,D,20180223,000000,11.895,12.583,11.502,12.091,0,0
SNX_PE,D,20180226,000000,12.387,12.484,11.207,11.305,0,0
SNX_PE,D,20180227,000000,11.895,11.895,11.305,11.895,0,0
SNX_PE,D,20180228,000000,11.502,11.895,11.305,11.6,0,0
SNX_PE,D,20180301,000000,11.895,11.895,11.403,11.403,0,0
SNX_PE,D,20180302,000000,11.796,11.796,11.403,11.796,0,0
SNX_PE,D,20180305,000000,11.698,11.698,11.698,11.698,0,0
SNX_PE,D,20180306,000000,11.698,11.698,11.698,11.698,0,0
SNX_PE,D,20180307,000000,11.698,11.994,11.698,11.994,0,0
SNX_PE,D,20180308,000000,11.994,12.288,11.994,11.994,0,0
SNX_PE,D,20180309,000000,11.994,12.19,11.6,11.796,0,0
SNX_PE,D,20180312,000000,11.403,11.994,11.403,11.994,0,0
SNX_PE,D,20180313,000000,11.994,11.994,11.994,11.994,0,0
SNX_PE,D,20180314,000000,11.895,12.387,11.895,11.895,0,0
SNX_PE,D,20180315,000000,11.403,11.502,11.403,11.403,0,0
SNX_PE,D,20180316,000000,11.403,11.403,10.814,11.01,0,0
SNX_PE,D,20180320,000000,10.814,11.207,10.814,11.207,0,0
SNX_PE,D,20180321,000000,10.519,11.01,10.519,11.01,0,0
SNX_PE,D,20180322,000000,10.617,11.01,10.519,10.519,0,0
SNX_PE,D,20180323,000000,10.814,10.814,10.42,10.814,0,0
SNX_PE,D,20180327,000000,11.207,11.207,10.126,10.814,0,0
SNX_PE,D,20180329,000000,10.814,11.207,10.223,10.223,0,0
SNX_PE,D,20180403,000000,10.223,11.207,10.223,11.01,0,0
SNX_PE,D,20180404,000000,11.403,11.403,11.403,11.403,0,0
SNX_PE,D,20180405,000000,11.796,11.796,11.305,11.305,0,0
SNX_PE,D,20180406,000000,11.305,11.305,11.305,11.305,0,0
SNX_PE,D,20180409,000000,10.814,10.814,10.814,10.814,0,0
SNX_PE,D,20180410,000000,10.814,14.844,10.617,14.844,0,0
SNX_PE,D,20180411,000000,14.844,17.596,14.844,16.811,0,0
SNX_PE,D,20180412,000000,16.417,17.301,15.237,17.301,0,0
SNX_PE,D,20180413,000000,17.203,17.301,15.925,17.007,0,0
SNX_PE,D,20180416,000000,16.908,16.908,16.122,16.122,0,0
SNX_PE,D,20180417,000000,16.417,16.417,16.024,16.122,0,0
SNX_PE,D,20180418,000000,15.532,16.811,15.532,16.122,0,0
SNX_PE,D,20180419,000000,15.827,16.811,15.827,16.712,0,0
SNX_PE,D,20180420,000000,16.811,17.4,15.728,15.827,0,0
SNX_PE,D,20180423,000000,17.203,17.499,16.811,17.4,0,0
SNX_PE,D,20180424,000000,16.811,16.811,16.811,16.811,0,0
SNX_PE,D,20180425,000000,16.811,17.301,16.712,17.105,0,0
SNX_PE,D,20180426,000000,17.105,17.105,16.515,16.515,0,0
SNX_PE,D,20180427,000000,16.811,17.105,15.925,16.712,0,0
SNX_PE,D,20180430,000000,16.811,17.203,16.024,17.105,0,0
SNX_PE,D,20180502,000000,17.007,17.105,16.811,17.105,0,0
SNX_PE,D,20180504,000000,17.203,17.203,15.925,15.925,0,0
SNX_PE,D,20180507,000000,16.024,16.122,16.024,16.122,0,0
SNX_PE,D,20180508,000000,15.631,17.105,15.631,17.105,0,0
SNX_PE,D,20180509,000000,16.22,16.319,16.22,16.22,0,0
SNX_PE,D,20180510,000000,16.22,16.22,15.631,15.925,0,0
SNX_PE,D,20180511,000000,16.908,16.908,16.811,16.811,0,0
SNX_PE,D,20180514,000000,17.007,17.007,17.007,17.007,0,0
SNX_PE,D,20180515,000000,16.319,16.811,11.305,11.305,0,0
SNX_PE,D,20180516,000000,11.305,11.994,11.305,11.994,0,0
SNX_PE,D,20180517,000000,11.108,11.6,11.108,11.502,0,0
SNX_PE,D,20180518,000000,11.895,11.895,11.895,11.895,0,0
SNX_PE,D,20180521,000000,11.01,11.502,11.01,11.502,0,0
SNX_PE,D,20180522,000000,11.01,11.207,11.01,11.207,0,0
SNX_PE,D,20180523,000000,11.502,11.502,11.502,11.502,0,0
SNX_PE,D,20180524,000000,11.895,11.895,10.814,11.502,0,0
SNX_PE,D,20180525,000000,11.502,11.502,10.42,10.42,0,0
SNX_PE,D,20180528,000000,11.01,11.01,10.42,10.814,0,0
SNX_PE,D,20180529,000000,11.01,11.01,10.42,11.01,0,0
SNX_PE,D,20180530,000000,11.01,11.01,10.42,10.814,0,0
SNX_PE,D,20180601,000000,10.42,10.911,10.42,10.911,0,0
SNX_PE,D,20180605,000000,10.42,10.911,10.027,10.911,0,0
SNX_PE,D,20180607,000000,10.911,10.911,10.911,10.911,0,0
SNX_PE,D,20180608,000000,10.911,10.911,10.911,10.911,0,0
SNX_PE,D,20180611,000000,10.911,10.911,10.715,10.911,0,0
SNX_PE,D,20180612,000000,10.617,10.911,10.617,10.911,0,0
SNX_PE,D,20180613,000000,10.617,10.911,10.617,10.911,0,0
SNX_PE,D,20180614,000000,10.715,10.911,10.322,10.911,0,0
SNX_PE,D,20180615,000000,11.01,11.01,11.01,11.01,0,0
SNX_PE,D,20180618,000000,10.911,11.01,10.911,11.01,0,0
SNX_PE,D,20180619,000000,11.01,11.01,10.322,10.814,0,0
SNX_PE,D,20180620,000000,10.814,10.911,10.814,10.911,0,0
SNX_PE,D,20180621,000000,10.814,10.814,10.814,10.814,0,0
SNX_PE,D,20180622,000000,10.617,10.814,10.617,10.715,0,0
SNX_PE,D,20180625,000000,10.715,10.814,10.715,10.814,0,0
SNX_PE,D,20180626,000000,10.814,10.814,10.814,10.814,0,0
SNX_PE,D,20180627,000000,10.814,10.814,10.715,10.715,0,0
SNX_PE,D,20180628,000000,10.715,10.814,10.715,10.814,0,0
SNX_PE,D,20180629,000000,10.322,10.814,10.027,10.322,0,0
SNX_PE,D,20180702,000000,9.634,10.519,9.634,10.42,0,0
SNX_PE,D,20180703,000000,10.42,11.502,10.322,11.403,0,0
SNX_PE,D,20180704,000000,11.305,11.895,10.519,11.01,0,0
SNX_PE,D,20180705,000000,11.403,11.698,11.403,11.698,0,0
SNX_PE,D,20180706,000000,11.207,11.895,11.01,11.502,0,0
SNX_PE,D,20180709,000000,11.895,11.895,11.6,11.6,0,0
SNX_PE,D,20180710,000000,11.403,11.403,10.322,11.108,0,0
SNX_PE,D,20180711,000000,11.01,11.108,11.01,11.01,0,0
SNX_PE,D,20180712,000000,10.911,11.895,10.911,11.895,0,0
SNX_PE,D,20180713,000000,10.911,11.01,10.911,11.01,0,0
SNX_PE,D,20180716,000000,11.895,11.895,11.01,11.01,0,0
SNX_PE,D,20180718,000000,11.403,11.403,11.403,11.403,0,0
SNX_PE,D,20180719,000000,11.403,11.403,11.403,11.403,0,0
SNX_PE,D,20180720,000000,11.207,11.207,11.207,11.207,0,0
SNX_PE,D,20180723,000000,11.207,11.207,10.814,11.207,0,0
SNX_PE,D,20180724,000000,11.305,11.305,11.305,11.305,0,0
SNX_PE,D,20180726,000000,11.108,11.305,11.108,11.305,0,0
SNX_PE,D,20180731,000000,11.108,11.895,11.108,11.895,0,0
SNX_PE,D,20180801,000000,11.895,11.895,11.895,11.895,0,0
SNX_PE,D,20180802,000000,11.895,11.895,11.895,11.895,0,0
SNX_PE,D,20180803,000000,11.895,11.895,11.895,11.895,0,0
SNX_PE,D,20180806,000000,11.6,11.6,11.108,11.6,0,0
SNX_PE,D,20180807,000000,11.895,11.895,11.895,11.895,0,0
SNX_PE,D,20180808,000000,11.895,11.895,11.403,11.6,0,0
SNX_PE,D,20180809,000000,11.6,11.6,11.403,11.403,0,0
SNX_PE,D,20180810,000000,11.403,11.6,11.108,11.207,0,0
SNX_PE,D,20180813,000000,11.207,11.207,11.207,11.207,0,0
SNX_PE,D,20180814,000000,11.207,11.207,11.207,11.207,0,0
SNX_PE,D,20180816,000000,10.814,11.207,10.715,11.207,0,0
SNX_PE,D,20180817,000000,11.207,11.207,10.814,11.207,0,0
SNX_PE,D,20180820,000000,11.207,11.207,11.207,11.207,0,0
SNX_PE,D,20180821,000000,11.207,11.207,10.814,10.814,0,0
SNX_PE,D,20180822,000000,10.814,10.814,10.715,10.715,0,0
SNX_PE,D,20180823,000000,10.617,10.715,10.42,10.617,0,0
SNX_PE,D,20180824,000000,10.223,10.715,10.223,10.715,0,0
SNX_PE,D,20180827,000000,10.715,11.207,10.715,11.207,0,0
SNX_PE,D,20180828,000000,11.207,11.207,11.207,11.207,0,0
SNX_PE,D,20180829,000000,11.207,11.207,11.207,11.207,0,0
SNX_PE,D,20180830,000000,11.207,11.207,11.207,11.207,0,0
SNX_PE,D,20180831,000000,11.01,11.01,10.42,10.519,0,0
SNX_PE,D,20180903,000000,10.223,11.01,10.223,10.814,0,0
SNX_PE,D,20180904,000000,11.01,11.108,10.617,10.617,0,0
SNX_PE,D,20180905,000000,10.617,10.617,10.617,10.617,0,0
SNX_PE,D,20180906,000000,10.911,11.01,10.911,11.01,0,0
SNX_PE,D,20180907,000000,11.01,11.01,10.322,11.01,0,0
SNX_PE,D,20180910,000000,11.01,11.01,10.322,10.322,0,0
SNX_PE,D,20180911,000000,10.42,10.42,10.223,10.322,0,0
SNX_PE,D,20180912,000000,10.42,10.42,10.322,10.322,0,0
SNX_PE,D,20180913,000000,10.322,10.322,10.322,10.322,0,0
SNX_PE,D,20180914,000000,10.322,10.42,10.322,10.42,0,0
SNX_PE,D,20180917,000000,10.42,10.42,10.126,10.322,0,0
SNX_PE,D,20180918,000000,10.322,10.322,10.322,10.322,0,0
SNX_PE,D,20180919,000000,10.322,10.322,10.322,10.322,0,0
SNX_PE,D,20180920,000000,10.322,10.322,10.027,10.322,0,0
SNX_PE,D,20180921,000000,10.223,10.322,10.223,10.322,0,0
SNX_PE,D,20180924,000000,10.322,10.322,10.223,10.223,0,0
SNX_PE,D,20180925,000000,10.223,10.223,10.027,10.126,0,0
SNX_PE,D,20180926,000000,10.223,10.223,10.126,10.126,0,0
SNX_PE,D,20180927,000000,10.126,10.223,10.027,10.223,0,0
SNX_PE,D,20180928,000000,10.42,11.01,10.42,11.01,0,0
SNX_PE,D,20181001,000000,11.01,11.01,10.911,10.911,0,0
SNX_PE,D,20181002,000000,11.01,11.403,10.911,11.108,0,0
SNX_PE,D,20181003,000000,11.305,11.305,10.519,10.519,0,0
SNX_PE,D,20181004,000000,10.715,10.715,10.519,10.715,0,0
SNX_PE,D,20181005,000000,11.305,11.305,11.305,11.305,0,0
SNX_PE,D,20181008,000000,11.305,11.305,11.305,11.305,0,0
SNX_PE,D,20181009,000000,11.305,11.305,10.617,11.305,0,0
SNX_PE,D,20181010,000000,11.305,11.305,11.207,11.207,0,0
SNX_PE,D,20181011,000000,10.519,11.207,10.223,10.223,0,0
SNX_PE,D,20181012,000000,10.223,10.715,10.223,10.715,0,0
SNX_PE,D,20181015,000000,10.911,10.911,10.911,10.911,0,0
SNX_PE,D,20181016,000000,10.911,10.911,10.715,10.911,0,0
SNX_PE,D,20181017,000000,10.911,10.911,10.911,10.911,0,0
SNX_PE,D,20181018,000000,10.911,10.911,10.814,10.814,0,0
SNX_PE,D,20181019,000000,10.814,10.814,10.814,10.814,0,0
SNX_PE,D,20181022,000000,10.814,10.814,10.814,10.814,0,0
SNX_PE,D,20181023,000000,10.814,10.911,10.42,10.911,0,0
SNX_PE,D,20181024,000000,11.207,11.207,11.108,11.108,0,0
SNX_PE,D,20181025,000000,11.108,11.108,11.108,11.108,0,0
SNX_PE,D,20181029,000000,11.108,11.108,10.322,10.617,0,0
SNX_PE,D,20181030,000000,11.108,11.108,11.108,11.108,0,0
SNX_PE,D,20181031,000000,11.108,11.108,10.519,11.01,0,0
SNX_PE,D,20181102,000000,10.519,10.519,10.519,10.519,0,0
SNX_PE,D,20181105,000000,10.519,10.519,10.322,10.42,0,0
SNX_PE,D,20181106,000000,10.911,10.911,10.814,10.814,0,0
SNX_PE,D,20181107,000000,10.322,10.814,10.322,10.814,0,0
SNX_PE,D,20181108,000000,10.814,10.814,10.519,10.814,0,0
SNX_PE,D,20181109,000000,10.814,10.814,10.42,10.715,0,0
SNX_PE,D,20181113,000000,10.715,10.715,10.223,10.42,0,0
SNX_PE,D,20181114,000000,10.814,10.814,9.83,10.42,0,0
SNX_PE,D,20181115,000000,10.42,10.42,10.42,10.42,0,0
SNX_PE,D,20181116,000000,10.42,10.42,9.929,10.42,0,0
SNX_PE,D,20181119,000000,10.42,11.01,5.6033,5.6033,0,0
SNX_PE,D,20181120,000000,5.6033,6.0949,5.6033,5.8,0,0
SNX_PE,D,20181121,000000,5.8,6.0949,5.8,6.0949,0,0
SNX_PE,D,20181122,000000,6.1933,6.5864,6.1933,6.5864,0,0
SNX_PE,D,20181123,000000,6.5864,6.8814,6.5864,6.7831,0,0
SNX_PE,D,20181126,000000,6.7831,6.7831,6.3898,6.4882,0,0
SNX_PE,D,20181127,000000,6.4882,6.4882,6.1933,6.3898,0,0
SNX_PE,D,20181128,000000,6.3898,6.3898,6.0949,6.2915,0,0
SNX_PE,D,20181129,000000,6.2915,6.2915,5.9966,6.2915,0,0
SNX_PE,D,20181130,000000,6.2915,6.4882,6.2915,6.2915,0,0
SNX_PE,D,20181203,000000,6.4882,6.8814,6.1933,6.6847,0,0
SNX_PE,D,20181204,000000,6.6847,6.7831,6.6847,6.7831,0,0
SNX_PE,D,20181205,000000,6.8814,6.8814,6.4882,6.4882,0,0
SNX_PE,D,20181206,000000,6.3898,6.3898,6.3898,6.3898,0,0
SNX_PE,D,20181207,000000,6.3898,6.8814,6.3898,6.8814,0,0
SNX_PE,D,20181210,000000,6.8814,7.2745,6.8814,6.9796,0,0
SNX_PE,D,20181211,000000,6.9796,7.2745,6.9796,6.9796,0,0
SNX_PE,D,20181212,000000,7.078,7.4712,7.078,7.4712,0,0
SNX_PE,D,20181213,000000,7.3729,7.3729,7.1763,7.3729,0,0
SNX_PE,D,20181217,000000,7.1763,7.1763,7.078,7.078,0,0
SNX_PE,D,20181218,000000,7.078,7.078,7.078,7.078,0,0
SNX_PE,D,20181219,000000,6.7831,7.3729,6.7831,7.3729,0,0
SNX_PE,D,20181220,000000,6.8814,7.2745,6.8814,7.2745,0,0
SNX_PE,D,20181221,000000,6.7831,7.8644,6.7831,7.1763,0,0
SNX_PE,D,20181227,000000,7.5694,8.2576,7.5694,8.2576,0,0
SNX_PE,D,20181228,000000,8.2576,8.4542,7.8644,8.3559,0,0
SNX_PE,D,20190102,000000,8.3559,9.2406,8.3559,9.2406,0,0
SNX_PE,D,20190103,000000,9.2406,9.2406,8.6508,9.044,0,0
SNX_PE,D,20190104,000000,8.8475,9.1424,8.8475,9.1424,0,0
SNX_PE,D,20190107,000000,9.2406,9.83,9.2406,9.634,0,0
SNX_PE,D,20190108,000000,9.634,10.027,9.634,9.83,0,0
SNX_PE,D,20190109,000000,9.929,10.126,9.733,10.126,0,0
SNX_PE,D,20190110,000000,10.126,10.126,9.733,9.83,0,0
SNX_PE,D,20190111,000000,9.733,9.733,8.8475,9.4373,0,0
SNX_PE,D,20190114,000000,9.4373,10.223,9.4373,10.223,0,0
SNX_PE,D,20190115,000000,10.223,11.207,10.223,11.108,0,0
SNX_PE,D,20190116,000000,11.305,13.763,11.305,13.271,0,0
SNX_PE,D,20190117,000000,13.37,14.156,12.682,12.682,0,0
SNX_PE,D,20190118,000000,12.682,12.878,11.895,12.484,0,0
SNX_PE,D,20190121,000000,12.583,13.37,11.207,13.172,0,0
SNX_PE,D,20190122,000000,13.664,13.664,11.698,11.994,0,0
SNX_PE,D,20190123,000000,12.091,12.484,11.305,11.502,0,0
SNX_PE,D,20190124,000000,11.796,12.091,11.305,11.502,0,0
SNX_PE,D,20190125,000000,11.502,11.502,11.108,11.403,0,0
SNX_PE,D,20190128,000000,11.305,12.091,11.207,11.502,0,0
SNX_PE,D,20190129,000000,11.796,12.682,11.796,12.484,0,0
SNX_PE,D,20190130,000000,12.779,13.172,12.091,12.091,0,0
SNX_PE,D,20190131,000000,11.698,12.288,11.698,12.19,0,0
SNX_PE,D,20190201,000000,11.698,12.091,11.698,11.994,0,0
SNX_PE,D,20190204,000000,11.994,11.994,11.502,11.698,0,0
SNX_PE,D,20190205,000000,11.895,12.484,11.895,12.091,0,0
SNX_PE,D,20190206,000000,12.091,12.091,11.403,11.796,0,0
SNX_PE,D,20190207,000000,11.796,11.895,11.305,11.895,0,0
SNX_PE,D,20190208,000000,12.091,12.091,11.305,11.502,0,0
SNX_PE,D,20190211,000000,11.403,11.502,11.305,11.502,0,0
SNX_PE,D,20190212,000000,11.502,11.895,11.502,11.698,0,0
SNX_PE,D,20190214,000000,11.502,11.502,11.305,11.502,0,0
SNX_PE,D,20190215,000000,11.502,11.502,11.01,11.305,0,0
SNX_PE,D,20190218,000000,11.305,11.502,11.01,11.403,0,0
SNX_PE,D,20190219,000000,11.01,11.502,11.01,11.502,0,0
SNX_PE,D,20190220,000000,11.403,11.403,10.911,11.403,0,0
SNX_PE,D,20190221,000000,11.403,11.403,10.911,11.01,0,0
SNX_PE,D,20190222,000000,11.108,11.108,10.322,10.519,0,0
SNX_PE,D,20190225,000000,10.519,10.519,9.634,9.733,0,0
SNX_PE,D,20190226,000000,9.634,9.634,9.4373,9.535,0,0
SNX_PE,D,20190227,000000,9.83,10.814,9.83,10.814,0,0
SNX_PE,D,20190228,000000,11.108,11.207,10.814,10.814,0,0
SNX_PE,D,20190301,000000,11.207,11.6,10.715,11.502,0,0
SNX_PE,D,20190304,000000,11.698,11.698,10.814,10.911,0,0
SNX_PE,D,20190305,000000,10.322,11.108,10.322,10.715,0,0
SNX_PE,D,20190306,000000,11.01,11.207,11.01,11.108,0,0
SNX_PE,D,20190307,000000,11.108,11.108,10.715,11.01,0,0
SNX_PE,D,20190308,000000,11.403,11.502,10.42,10.715,0,0
SNX_PE,D,20190311,000000,10.42,10.715,10.223,10.715,0,0
SNX_PE,D,20190312,000000,10.715,10.814,10.519,10.814,0,0
SNX_PE,D,20190313,000000,10.911,10.911,10.519,10.911,0,0
SNX_PE,D,20190314,000000,10.814,10.814,10.42,10.519,0,0
SNX_PE,D,20190315,000000,10.223,10.519,10.126,10.223,0,0
SNX_PE,D,20190318,000000,10.126,10.223,10.027,10.223,0,0
SNX_PE,D,20190319,000000,10.223,10.519,10.223,10.519,0,0
SNX_PE,D,20190320,000000,10.519,10.519,10.223,10.42,0,0
SNX_PE,D,20190321,000000,10.223,10.223,9.634,10.223,0,0
SNX_PE,D,20190322,000000,10.223,10.223,10.223,10.223,0,0
SNX_PE,D,20190325,000000,10.223,10.223,10.223,10.223,0,0
SNX_PE,D,20190326,000000,10.223,10.223,10.223,10.223,0,0
SNX_PE,D,20190327,000000,10.223,10.223,10.223,10.223,0,0
SNX_PE,D,20190328,000000,10.223,10.617,10.223,10.617,0,0
SNX_PE,D,20190329,000000,10.617,11.01,10.617,10.715,0,0
SNX_PE,D,20190401,000000,10.715,11.796,10.715,11.796,0,0
SNX_PE,D,20190402,000000,12.091,12.091,11.01,11.01,0,0
SNX_PE,D,20190403,000000,11.207,11.305,11.207,11.305,0,0
SNX_PE,D,20190404,000000,11.305,12.091,10.814,11.895,0,0
SNX_PE,D,20190405,000000,11.895,11.895,11.502,11.895,0,0
SNX_PE,D,20190408,000000,11.895,11.895,11.895,11.895,0,0
SNX_PE,D,20190409,000000,11.895,12.682,11.895,12.682,0,0
SNX_PE,D,20190410,000000,12.583,12.878,12.19,12.484,0,0
SNX_PE,D,20190411,000000,12.288,12.779,12.19,12.288,0,0
SNX_PE,D,20190412,000000,12.091,12.779,11.698,11.994,0,0
SNX_PE,D,20190415,000000,11.994,11.994,11.403,11.6,0,0
SNX_PE,D,20190416,000000,11.796,11.796,11.502,11.502,0,0
SNX_PE,D,20190417,000000,11.796,11.796,11.403,11.6,0,0
SNX_PE,D,20190418,000000,11.6,11.994,11.6,11.895,0,0
SNX_PE,D,20190423,000000,11.796,11.796,11.6,11.6,0,0
SNX_PE,D,20190424,000000,11.6,11.698,11.502,11.698,0,0
SNX_PE,D,20190425,000000,11.796,11.895,11.796,11.895,0,0
SNX_PE,D,20190426,000000,11.895,12.091,11.6,11.796,0,0
SNX_PE,D,20190429,000000,11.895,11.895,11.895,11.895,0,0
SNX_PE,D,20190430,000000,11.994,11.994,11.6,11.796,0,0
SNX_PE,D,20190502,000000,11.403,14.943,11.207,14.943,0,0
SNX_PE,D,20190506,000000,15.04,15.04,14.254,14.647,0,0
SNX_PE,D,20190514,000000,14.254,14.254,14.156,14.156,0,0
SNX_PE,D,20190515,000000,13.861,13.861,13.763,13.861,0,0
SNX_PE,D,20190516,000000,13.763,13.763,12.484,13.075,0,0
SNX_PE,D,20190517,000000,13.075,13.075,12.387,13.075,0,0
SNX_PE,D,20190520,000000,12.387,12.387,12.19,12.387,0,0
SNX_PE,D,20190521,000000,14.058,14.254,9.83,9.83,0,0
SNX_PE,D,20190522,000000,9.929,10.814,9.733,10.223,0,0
SNX_PE,D,20190523,000000,10.223,11.305,10.223,11.305,0,0
SNX_PE,D,20190524,000000,11.305,11.305,10.42,11.01,0,0
SNX_PE,D,20190527,000000,11.01,11.6,10.322,11.305,0,0
SNX_PE,D,20190528,000000,11.305,11.502,11.01,11.305,0,0
SNX_PE,D,20190529,000000,11.108,11.108,10.617,10.617,0,0
SNX_PE,D,20190530,000000,10.223,11.305,10.223,10.715,0,0
SNX_PE,D,20190531,000000,10.322,10.715,10.322,10.715,0,0
SNX_PE,D,20190603,000000,11.305,11.305,10.322,10.617,0,0
SNX_PE,D,20190604,000000,10.322,10.715,10.322,10.715,0,0
SNX_PE,D,20190605,000000,10.42,10.715,10.027,10.715,0,0
SNX_PE,D,20190606,000000,10.223,10.715,10.223,10.715,0,0
SNX_PE,D,20190607,000000,10.322,10.715,9.929,10.715,0,0
SNX_PE,D,20190610,000000,10.519,10.911,10.519,10.911,0,0
SNX_PE,D,20190611,000000,10.911,10.911,10.814,10.814,0,0
SNX_PE,D,20190612,000000,10.322,10.911,10.322,10.911,0,0
SNX_PE,D,20190613,000000,10.814,10.814,10.814,10.814,0,0
SNX_PE,D,20190614,000000,10.715,10.715,10.027,10.42,0,0
SNX_PE,D,20190617,000000,10.027,10.322,10.027,10.126,0,0
SNX_PE,D,20190618,000000,10.027,10.223,9.634,9.929,0,0
SNX_PE,D,20190619,000000,9.733,10.027,9.733,10.027,0,0
SNX_PE,D,20190621,000000,9.634,10.027,9.634,10.027,0,0
SNX_PE,D,20190624,000000,10.027,10.027,9.634,10.027,0,0
SNX_PE,D,20190625,000000,10.027,10.027,10.027,10.027,0,0
SNX_PE,D,20190626,000000,10.027,10.027,10.027,10.027,0,0
SNX_PE,D,20190627,000000,10.027,10.322,10.027,10.223,0,0
SNX_PE,D,20190628,000000,10.223,10.911,10.223,10.911,0,0
SNX_PE,D,20190701,000000,10.715,10.911,10.715,10.814,0,0
SNX_PE,D,20190702,000000,10.617,10.911,10.617,10.715,0,0
SNX_PE,D,20190703,000000,10.715,10.911,9.929,10.911,0,0
SNX_PE,D,20190704,000000,10.911,10.911,10.322,10.715,0,0
SNX_PE,D,20190705,000000,10.519,10.911,10.519,10.814,0,0
SNX_PE,D,20190708,000000,10.519,10.814,10.126,10.617,0,0
SNX_PE,D,20190709,000000,10.42,10.617,10.42,10.617,0,0
SNX_PE,D,20190710,000000,10.814,10.814,10.617,10.617,0,0
SNX_PE,D,20190711,000000,10.617,10.617,10.519,10.617,0,0
SNX_PE,D,20190712,000000,10.42,10.42,10.322,10.42,0,0
SNX_PE,D,20190715,000000,10.814,10.814,10.223,10.617,0,0
SNX_PE,D,20190716,000000,10.617,10.911,10.617,10.814,0,0
SNX_PE,D,20190717,000000,10.911,11.01,10.617,11.01,0,0
SNX_PE,D,20190718,000000,10.911,10.911,10.42,10.715,0,0
SNX_PE,D,20190719,000000,10.715,10.715,10.519,10.715,0,0
SNX_PE,D,20190722,000000,10.715,10.715,10.715,10.715,0,0
SNX_PE,D,20190723,000000,10.715,10.715,10.715,10.715,0,0
SNX_PE,D,20190724,000000,10.715,10.814,10.715,10.814,0,0
SNX_PE,D,20190725,000000,10.814,10.814,10.715,10.715,0,0
SNX_PE,D,20190726,000000,10.715,10.715,10.519,10.715,0,0
SNX_PE,D,20190729,000000,10.715,11.01,10.715,11.01,0,0
SNX_PE,D,20190730,000000,11.01,11.994,10.814,11.796,0,0
SNX_PE,D,20190731,000000,11.994,11.994,11.502,11.796,0,0
SNX_PE,D,20190801,000000,11.305,11.895,11.305,11.895,0,0
SNX_PE,D,20190802,000000,11.502,11.895,11.502,11.796,0,0
SNX_PE,D,20190805,000000,11.502,12.484,11.305,12.484,0,0
SNX_PE,D,20190806,000000,12.484,14.549,12.484,13.861,0,0
SNX_PE,D,20190807,000000,13.763,14.451,13.075,13.566,0,0
SNX_PE,D,20190808,000000,13.271,13.566,12.682,13.075,0,0
SNX_PE,D,20190809,000000,13.075,13.566,11.796,12.387,0,0
SNX_PE,D,20190812,000000,12.288,12.484,11.994,12.387,0,0
SNX_PE,D,20190813,000000,12.288,12.387,11.895,12.288,0,0
SNX_PE,D,20190814,000000,11.895,12.288,11.895,12.19,0,0
SNX_PE,D,20190816,000000,11.994,12.19,11.305,11.698,0,0
SNX_PE,D,20190819,000000,11.698,11.895,11.207,11.6,0,0
SNX_PE,D,20190820,000000,11.6,11.6,11.108,11.305,0,0
SNX_PE,D,20190821,000000,11.108,11.108,10.519,10.519,0,0
SNX_PE,D,20190822,000000,10.42,11.108,10.42,10.715,0,0
SNX_PE,D,20190823,000000,10.911,10.911,10.42,10.911,0,0
SNX_PE,D,20190826,000000,11.108,11.108,10.42,11.01,0,0
SNX_PE,D,20190827,000000,10.715,11.01,10.715,11.01,0,0
SNX_PE,D,20190828,000000,10.814,11.01,10.617,10.814,0,0
SNX_PE,D,20190829,000000,10.519,11.207,10.519,11.207,0,0
SNX_PE,D,20190830,000000,11.207,11.305,10.911,11.305,0,0
SNX_PE,D,20190902,000000,11.305,11.994,11.305,11.895,0,0
SNX_PE,D,20190903,000000,11.895,12.387,11.502,12.387,0,0
SNX_PE,D,20190904,000000,11.895,12.682,11.895,12.583,0,0
SNX_PE,D,20190905,000000,12.583,12.682,12.19,12.484,0,0
SNX_PE,D,20190906,000000,12.484,12.484,11.895,11.895,0,0
SNX_PE,D,20190909,000000,12.744,12.744,12.047,12.247,0,0
SNX_PE,D,20190910,000000,11.848,12.247,11.848,12.147,0,0
SNX_PE,D,20190911,000000,12.047,12.147,11.848,12.147,0,0
SNX_PE,D,20190912,000000,12.346,12.446,12.047,12.446,0,0
SNX_PE,D,20190913,000000,12.744,13.143,12.446,13.143,0,0
SNX_PE,D,20190916,000000,12.943,14.138,12.943,13.939,0,0
SNX_PE,D,20190917,000000,14.138,15.233,10.952,10.952,0,0
SNX_PE,D,20190918,000000,10.952,11.052,10.753,10.952,0,0
SNX_PE,D,20190919,000000,10.952,10.952,10.554,10.853,0,0
SNX_PE,D,20190920,000000,10.554,10.853,10.056,10.056,0,0
SNX_PE,D,20190923,000000,10.156,10.156,9.957,10.156,0,0
SNX_PE,D,20190924,000000,10.156,10.554,9.857,10.355,0,0
SNX_PE,D,20190925,000000,10.554,11.35,10.554,11.151,0,0
SNX_PE,D,20190926,000000,11.251,11.948,11.151,11.848,0,0
SNX_PE,D,20190927,000000,11.948,12.645,11.649,12.247,0,0
SNX_PE,D,20190930,000000,12.645,13.84,12.645,13.74,0,0
SNX_PE,D,20191001,000000,13.84,13.84,12.545,12.545,0,0
SNX_PE,D,20191002,000000,12.545,12.844,11.848,12.446,0,0
SNX_PE,D,20191003,000000,12.446,12.446,11.35,12.047,0,0
SNX_PE,D,20191004,000000,11.948,13.541,11.649,13.242,0,0
SNX_PE,D,20191007,000000,13.541,14.138,12.545,12.545,0,0
SNX_PE,D,20191008,000000,12.346,12.943,12.346,12.844,0,0
SNX_PE,D,20191009,000000,13.84,13.84,12.744,13.043,0,0
SNX_PE,D,20191010,000000,13.043,13.74,12.943,13.74,0,0
SNX_PE,D,20191011,000000,13.74,13.74,13.043,13.143,0,0
SNX_PE,D,20191014,000000,14.138,14.138,13.143,13.342,0,0
SNX_PE,D,20191015,000000,13.64,13.939,13.342,13.84,0,0
SNX_PE,D,20191016,000000,13.74,14.835,13.64,14.835,0,0
SNX_PE,D,20191017,000000,14.835,14.935,14.437,14.835,0,0
SNX_PE,D,20191018,000000,14.835,15.632,14.437,15.233,0,0
SNX_PE,D,20191021,000000,15.134,16.329,15.134,16.229,0,0
SNX_PE,D,20191022,000000,15.632,16.727,15.433,15.532,0,0
SNX_PE,D,20191023,000000,16.03,16.03,14.437,14.537,0,0
SNX_PE,D,20191024,000000,14.437,15.632,14.437,15.532,0,0
SNX_PE,D,20191025,000000,15.433,15.93,15.134,15.134,0,0
SNX_PE,D,20191028,000000,15.831,16.03,15.134,16.03,0,0
SNX_PE,D,20191029,000000,16.03,16.627,15.93,16.329,0,0
SNX_PE,D,20191030,000000,16.528,17.026,14.337,14.337,0,0
SNX_PE,D,20191031,000000,15.433,16.329,14.437,14.537,0,0
SNX_PE,D,20191104,000000,14.437,15.433,14.437,15.333,0,0
SNX_PE,D,20191105,000000,15.632,16.727,15.632,16.528,0,0
SNX_PE,D,20191106,000000,16.627,16.827,15.731,16.229,0,0
SNX_PE,D,20191107,000000,16.528,16.528,16.03,16.329,0,0
SNX_PE,D,20191108,000000,16.428,16.528,15.93,16.329,0,0
SNX_PE,D,20191112,000000,16.229,16.229,15.233,15.333,0,0
SNX_PE,D,20191113,000000,15.333,15.333,14.537,15.233,0,0
SNX_PE,D,20191114,000000,15.134,15.134,14.337,14.537,0,0
SNX_PE,D,20191115,000000,14.337,15.233,13.64,15.134,0,0
SNX_PE,D,20191118,000000,15.532,16.03,15.233,15.831,0,0
SNX_PE,D,20191119,000000,15.731,16.229,13.939,16.229,0,0
SNX_PE,D,20191120,000000,16.428,16.528,15.632,16.528,0,0
SNX_PE,D,20191121,000000,16.229,16.727,16.229,16.428,0,0
SNX_PE,D,20191122,000000,16.428,17.125,15.93,17.026,0,0
SNX_PE,D,20191125,000000,17.125,18.519,16.827,18.021,0,0
SNX_PE,D,20191126,000000,18.021,18.42,17.424,17.623,0,0
SNX_PE,D,20191127,000000,17.723,17.723,16.627,16.627,0,0
SNX_PE,D,20191128,000000,16.329,16.627,15.831,16.627,0,0
SNX_PE,D,20191129,000000,16.627,16.827,16.627,16.727,0,0
SNX_PE,D,20191202,000000,16.727,16.727,16.13,16.528,0,0
SNX_PE,D,20191203,000000,16.528,16.528,16.03,16.03,0,0
SNX_PE,D,20191204,000000,16.03,16.329,15.831,16.13,0,0
SNX_PE,D,20191205,000000,15.831,16.03,15.233,15.632,0,0
SNX_PE,D,20191206,000000,15.233,15.632,14.238,14.736,0,0
SNX_PE,D,20191209,000000,14.736,15.034,14.736,14.935,0,0
SNX_PE,D,20191210,000000,15.034,15.034,14.537,14.835,0,0
SNX_PE,D,20191211,000000,14.537,14.835,14.337,14.835,0,0
SNX_PE,D,20191212,000000,14.736,14.935,14.238,14.835,0,0
SNX_PE,D,20191213,000000,14.835,14.835,14.039,14.636,0,0
SNX_PE,D,20191216,000000,14.636,14.636,14.138,14.537,0,0
SNX_PE,D,20191217,000000,14.437,15.632,14.238,15.532,0,0
SNX_PE,D,20191218,000000,15.532,15.532,14.537,14.935,0,0
SNX_PE,D,20191219,000000,15.034,15.134,14.636,14.636,0,0
SNX_PE,D,20191220,000000,14.636,14.636,14.138,14.138,0,0
SNX_PE,D,20191223,000000,14.138,14.138,13.143,13.939,0,0
SNX_PE,D,20191227,000000,13.64,13.939,13.64,13.84,0,0
SNX_PE,D,20191230,000000,13.84,14.238,13.74,13.74,0,0
SNX_PE,D,20200102,000000,13.64,14.835,13.64,14.437,0,0
SNX_PE,D,20200103,000000,14.537,15.034,14.437,14.935,0,0
SNX_PE,D,20200107,000000,14.935,15.433,14.636,14.736,0,0
SNX_PE,D,20200108,000000,15.034,15.233,14.238,14.835,0,0
SNX_PE,D,20200109,000000,14.935,16.03,14.935,15.831,0,0
SNX_PE,D,20200110,000000,16.03,16.428,15.93,16.329,0,0
SNX_PE,D,20200113,000000,16.329,18.519,16.329,18.32,0,0
SNX_PE,D,20200114,000000,18.619,20.013,18.619,19.714,0,0
SNX_PE,D,20200115,000000,19.913,20.61,19.913,20.411,0,0
SNX_PE,D,20200116,000000,20.61,20.809,18.718,19.216,0,0
SNX_PE,D,20200117,000000,19.117,19.415,18.718,19.216,0,0
SNX_PE,D,20200120,000000,19.415,21.108,19.415,20.71,0,0
SNX_PE,D,20200121,000000,20.809,21.407,20.013,20.71,0,0
SNX_PE,D,20200122,000000,21.407,21.407,19.714,20.411,0,0
SNX_PE,D,20200123,000000,20.51,20.51,19.714,20.112,0,0
SNX_PE,D,20200124,000000,20.013,21.108,19.714,21.008,0,0
SNX_PE,D,20200127,000000,21.506,22.004,20.013,20.013,0,0
SNX_PE,D,20200128,000000,20.311,21.008,19.415,20.51,0,0
SNX_PE,D,20200129,000000,20.61,21.108,20.112,20.212,0,0
SNX_PE,D,20200130,000000,20.71,20.71,19.316,20.212,0,0
SNX_PE,D,20200131,000000,19.515,20.112,19.515,19.515,0,0
SNX_PE,D,20200203,000000,20.311,21.606,19.813,21.606,0,0
SNX_PE,D,20200204,000000,21.606,23.199,21.606,22.701,0,0
SNX_PE,D,20200205,000000,22.9,24.095,22.701,23.896,0,0
SNX_PE,D,20200206,000000,23.697,24.891,23.697,23.995,0,0
SNX_PE,D,20200207,000000,23.796,24.393,22.9,22.9,0,0
SNX_PE,D,20200210,000000,23.099,23.896,22.9,23.199,0,0
SNX_PE,D,20200211,000000,23,23,20.909,21.705,0,0
SNX_PE,D,20200212,000000,21.805,22.303,21.008,22.103,0,0
SNX_PE,D,20200213,000000,22.103,22.402,21.904,22.402,0,0
SNX_PE,D,20200214,000000,22.601,22.8,21.904,22.004,0,0
SNX_PE,D,20200217,000000,22.004,22.601,21.805,22.303,0,0
SNX_PE,D,20200218,000000,22.402,22.502,21.705,22.303,0,0
SNX_PE,D,20200219,000000,22.402,22.502,21.805,22.203,0,0
SNX_PE,D,20200220,000000,22.203,22.203,21.805,22.103,0,0
SNX_PE,D,20200221,000000,21.606,22.004,21.506,22.004,0,0
SNX_PE,D,20200224,000000,21.904,21.904,18.42,18.619,0,0
SNX_PE,D,20200225,000000,18.32,18.32,15.93,16.827,0,0
SNX_PE,D,20200226,000000,16.528,18.121,14.935,17.822,0,0
SNX_PE,D,20200227,000000,17.026,17.623,15.532,15.532,0,0
SNX_PE,D,20200228,000000,14.138,15.134,13.043,14.437,0,0
SNX_PE,D,20200302,000000,14.835,16.03,13.84,15.034,0,0
SNX_PE,D,20200303,000000,15.731,16.329,15.433,16.03,0,0
SNX_PE,D,20200304,000000,15.532,15.831,15.134,15.433,0,0
SNX_PE,D,20200305,000000,15.93,16.428,15.433,15.532,0,0
SNX_PE,D,20200306,000000,15.333,15.532,14.437,14.835,0,0
SNX_PE,D,20200309,000000,14.437,14.437,12.943,12.943,0,0
SNX_PE,D,20200310,000000,12.943,13.441,12.446,12.545,0,0
SNX_PE,D,20200311,000000,12.346,12.844,10.554,10.554,0,0
SNX_PE,D,20200312,000000,9.558,9.558,7.9652,7.9652,0,0
SNX_PE,D,20200313,000000,8.9609,9.857,8.5626,8.9609,0,0
SNX_PE,D,20200316,000000,9.4587,10.255,8.5626,10.156,0,0
SNX_PE,D,20200317,000000,10.156,12.047,10.156,12.047,0,0
SNX_PE,D,20200318,000000,11.848,12.147,10.952,11.55,0,0
SNX_PE,D,20200319,000000,10.653,11.948,10.653,11.948,0,0
SNX_PE,D,20200320,000000,11.948,12.645,11.749,11.749,0,0
SNX_PE,D,20200323,000000,11.151,11.151,10.554,10.653,0,0
SNX_PE,D,20200324,000000,11.052,11.251,10.255,10.554,0,0
SNX_PE,D,20200325,000000,10.753,10.853,10.056,10.554,0,0
SNX_PE,D,20200326,000000,10.156,10.853,10.156,10.753,0,0
SNX_PE,D,20200327,000000,11.052,11.052,10.554,10.554,0,0
SNX_PE,D,20200330,000000,10.554,10.853,9.957,10.554,0,0
SNX_PE,D,20200331,000000,10.853,10.853,10.255,10.554,0,0
SNX_PE,D,20200401,000000,10.255,10.653,10.156,10.653,0,0
SNX_PE,D,20200402,000000,10.355,10.753,10.355,10.753,0,0
SNX_PE,D,20200403,000000,11.35,12.346,11.35,11.649,0,0
SNX_PE,D,20200406,000000,11.55,12.247,11.35,11.948,0,0
SNX_PE,D,20200407,000000,12.346,13.541,9.2596,9.2596,0,0
SNX_PE,D,20200408,000000,9.4587,9.558,9.2596,9.3591,0,0
SNX_PE,D,20200409,000000,9.3591,10.056,9.3591,9.957,0,0
SNX_PE,D,20200414,000000,9.957,10.952,9.957,10.952,0,0
SNX_PE,D,20200415,000000,11.55,11.55,10.454,10.753,0,0
SNX_PE,D,20200416,000000,10.653,11.052,10.653,11.052,0,0
SNX_PE,D,20200417,000000,11.251,11.35,10.653,10.753,0,0
SNX_PE,D,20200420,000000,11.151,11.151,10.156,10.454,0,0
SNX_PE,D,20200421,000000,10.454,10.454,9.4587,9.558,0,0
SNX_PE,D,20200422,000000,9.558,10.056,9.2596,9.957,0,0
SNX_PE,D,20200423,000000,10.156,10.355,9.957,10.355,0,0
SNX_PE,D,20200424,000000,10.355,10.554,10.156,10.355,0,0
SNX_PE,D,20200427,000000,10.554,10.952,10.454,10.554,0,0
SNX_PE,D,20200428,000000,10.554,10.853,10.056,10.454,0,0
SNX_PE,D,20200429,000000,10.355,11.35,10.156,11.35,0,0
SNX_PE,D,20200430,000000,11.649,12.247,11.35,11.649,0,0
SNX_PE,D,20200504,000000,11.649,11.848,11.35,11.45,0,0
SNX_PE,D,20200505,000000,11.45,12.147,11.45,11.948,0,0
SNX_PE,D,20200506,000000,12.147,13.541,12.147,12.943,0,0
SNX_PE,D,20200507,000000,12.943,13.74,12.844,13.242,0,0
SNX_PE,D,20200508,000000,13.541,13.541,12.844,13.441,0,0
SNX_PE,D,20200511,000000,13.541,13.541,13.043,13.441,0,0
SNX_PE,D,20200512,000000,13.143,15.134,12.346,15.134,0,0
SNX_PE,D,20200513,000000,15.233,15.93,15.233,15.93,0,0
SNX_PE,D,20200514,000000,15.93,16.03,14.537,14.736,0,0
SNX_PE,D,20200515,000000,14.935,15.632,14.935,14.935,0,0
SNX_PE,D,20200518,000000,15.034,15.333,14.935,15.034,0,0
SNX_PE,D,20200519,000000,15.034,15.532,14.935,15.134,0,0
SNX_PE,D,20200520,000000,15.233,15.233,14.337,14.736,0,0
SNX_PE,D,20200521,000000,14.537,14.636,14.138,14.238,0,0
SNX_PE,D,20200522,000000,14.138,14.835,14.138,14.736,0,0
SNX_PE,D,20200525,000000,14.636,16.03,14.238,15.233,0,0
SNX_PE,D,20200526,000000,15.333,15.532,14.935,15.134,0,0
SNX_PE,D,20200527,000000,15.134,15.433,14.537,14.935,0,0
SNX_PE,D,20200528,000000,15.433,15.532,14.537,15.034,0,0
SNX_PE,D,20200529,000000,15.034,15.134,14.636,15.034,0,0
SNX_PE,D,20200601,000000,15.433,15.433,14.935,15.333,0,0
SNX_PE,D,20200602,000000,15.333,15.532,14.835,15.034,0,0
SNX_PE,D,20200603,000000,15.233,16.827,15.134,16.827,0,0
SNX_PE,D,20200604,000000,17.225,17.922,16.926,17.623,0,0
SNX_PE,D,20200605,000000,18.22,18.718,17.125,17.125,0,0
SNX_PE,D,20200608,000000,17.623,17.623,16.229,16.627,0,0
SNX_PE,D,20200609,000000,16.528,17.523,16.528,16.926,0,0
SNX_PE,D,20200610,000000,16.627,16.926,16.229,16.827,0,0
SNX_PE,D,20200612,000000,15.731,16.926,15.731,16.926,0,0
SNX_PE,D,20200615,000000,16.528,16.727,16.329,16.627,0,0
SNX_PE,D,20200616,000000,16.627,17.026,16.428,16.827,0,0
SNX_PE,D,20200617,000000,17.225,18.917,17.225,17.723,0,0
SNX_PE,D,20200618,000000,18.021,18.32,17.623,17.822,0,0
SNX_PE,D,20200619,000000,18.818,18.818,16.926,18.22,0,0
SNX_PE,D,20200622,000000,18.32,18.32,17.125,17.723,0,0
SNX_PE,D,20200623,000000,17.623,18.32,17.623,18.32,0,0
SNX_PE,D,20200624,000000,18.519,18.519,17.523,17.523,0,0
SNX_PE,D,20200625,000000,17.623,17.922,17.225,17.822,0,0
SNX_PE,D,20200626,000000,17.723,18.021,17.424,17.523,0,0
SNX_PE,D,20200629,000000,17.225,17.623,17.225,17.623,0,0
SNX_PE,D,20200630,000000,18.121,18.121,17.225,17.523,0,0
SNX_PE,D,20200701,000000,17.125,17.623,16.926,17.026,0,0
SNX_PE,D,20200702,000000,17.125,18.32,17.125,17.822,0,0
SNX_PE,D,20200703,000000,18.121,20.311,18.121,20.212,0,0
SNX_PE,D,20200706,000000,20.51,25.688,20.51,25.588,0,0
SNX_PE,D,20200707,000000,29.372,32.458,29.372,32.458,0,0
SNX_PE,D,20200708,000000,39.7,42.6,33.3,42.4,0,0
SNX_PE,D,20200709,000000,43.4,49.3,38.9,38.9,0,0
SNX_PE,D,20200710,000000,38,38.8,36.2,36.3,0,0
SNX_PE,D,20200713,000000,36,36,31.1,33.2,0,0
SNX_PE,D,20200714,000000,34.6,34.6,31.4,32.2,0,0
SNX_PE,D,20200715,000000,32.8,39.4,31.3,39.4,0,0
SNX_PE,D,20200716,000000,39.8,39.8,37.1,37.6,0,0
SNX_PE,D,20200717,000000,38.6,39.2,34.9,35.6,0,0
SNX_PE,D,20200720,000000,38.6,38.9,36.2,38.3,0,0
SNX_PE,D,20200721,000000,38.9,38.9,36.2,38,0,0
SNX_PE,D,20200722,000000,38.3,41.7,37.1,41.7,0,0
SNX_PE,D,20200723,000000,42.7,43.1,41,41.4,0,0
SNX_PE,D,20200724,000000,41.1,41.1,39.7,40,0,0
SNX_PE,D,20200727,000000,40,43.8,38.9,43.8,0,0
SNX_PE,D,20200728,000000,45.5,52.8,45.5,52.8,0,0
SNX_PE,D,20200729,000000,55.9,55.9,42.6,49.9,0,0
SNX_PE,D,20200730,000000,51,51,39.3,39.3,0,0
SNX_PE,D,20200731,000000,39,42.8,39,40,0,0
SNX_PE,D,20200803,000000,40.9,43.7,38.3,42.8,0,0
SNX_PE,D,20200804,000000,45.1,45.1,40,42.1,0,0
SNX_PE,D,20200805,000000,42.4,43.8,39.3,43.4,0,0
SNX_PE,D,20200806,000000,43.4,43.4,40.4,40.9,0,0
SNX_PE,D,20200807,000000,41.2,41.2,37.9,40.4,0,0
SNX_PE,D,20200810,000000,40.4,41.1,39,39,0,0
SNX_PE,D,20200811,000000,39.7,39.7,34,36.2,0,0
SNX_PE,D,20200812,000000,35.2,35.2,31.9,33.5,0,0
SNX_PE,D,20200813,000000,32.6,36.8,31.8,36,0,0
SNX_PE,D,20200814,000000,36.1,36.8,36.1,36.5,0,0
SNX_PE,D,20200817,000000,36.6,36.9,34.3,34.3,0,0
SNX_PE,D,20200818,000000,34.4,35.3,31.9,32.6,0,0
SNX_PE,D,20200819,000000,33.3,37.3,33.3,37.3,0,0
SNX_PE,D,20200820,000000,38.3,41.1,38.3,39.2,0,0
SNX_PE,D,20200821,000000,39.8,41,36.5,38.6,0,0
