<TICKER>,<PER>,<DATE>,<TIME>,<OPEN>,<HIGH>,<LOW>,<CLOSE>,<VOL>,<OPENINT>
SWD_PE,D,20090901,000000,2224.2,2224.2,2224.2,2224.2,0,0
SWD_PE,D,20090902,000000,2042.9,2224.2,2014.3,2178.8,0,0
SWD_PE,D,20090903,000000,2000,2148.5,2000,2148.5,0,0
SWD_PE,D,20090904,000000,2085.7,2193.9,2071.4,2193.9,0,0
SWD_PE,D,20090907,000000,2100,2239.3,2071.4,2239.3,0,0
SWD_PE,D,20090908,000000,2128.6,2224.2,2042.9,2224.2,0,0
SWD_PE,D,20090909,000000,2071.4,2209.1,2042.9,2209.1,0,0
SWD_PE,D,20090910,000000,2057.1,2148.5,1957.1,2148.5,0,0
SWD_PE,D,20090911,000000,2000,2163.7,2000,2163.7,0,0
SWD_PE,D,20090914,000000,2042.9,2103.1,1971.4,2103.1,0,0
SWD_PE,D,20090915,000000,2042.9,2133.4,1942.9,2133.4,0,0
SWD_PE,D,20090916,000000,2057.1,2209.1,2014.3,2209.1,0,0
SWD_PE,D,20090917,000000,2085.7,2224.2,2028.6,2224.2,0,0
SWD_PE,D,20090918,000000,2200,2330.1,2128.6,2330.1,0,0
SWD_PE,D,20090921,000000,2185.7,2360.4,2142.9,2360.4,0,0
SWD_PE,D,20090922,000000,2214.3,2345.2,2200,2345.2,0,0
SWD_PE,D,20090923,000000,2242.9,2330.1,2157.1,2330.1,0,0
SWD_PE,D,20090924,000000,2157.1,2375.5,2157.1,2375.5,0,0
SWD_PE,D,20090925,000000,2242.9,2572.2,2200,2572.2,0,0
SWD_PE,D,20090928,000000,2457.1,3328.7,2457.1,3328.7,0,0
SWD_PE,D,20090929,000000,3171.4,3171.4,2914.3,3086.6,0,0
SWD_PE,D,20090930,000000,2871.4,3242.9,2814.3,3086.6,0,0
SWD_PE,D,20091001,000000,2928.6,3116.9,2928.6,3116.9,0,0
SWD_PE,D,20091002,000000,2757.1,2950.5,2757.1,2950.5,0,0
SWD_PE,D,20091005,000000,2785.7,2950.5,2657.1,2889.9,0,0
SWD_PE,D,20091006,000000,2814.3,3192.5,2814.3,3192.5,0,0
SWD_PE,D,20091007,000000,3042.9,3086.6,2871.4,3086.6,0,0
SWD_PE,D,20091008,000000,3000,3086.6,2857.1,3086.6,0,0
SWD_PE,D,20091009,000000,2928.6,3086.6,2757.1,2995.8,0,0
SWD_PE,D,20091012,000000,2828.6,2935.3,2728.6,2935.3,0,0
SWD_PE,D,20091013,000000,2757.1,2935.3,2714.3,2889.9,0,0
SWD_PE,D,20091014,000000,2785.7,3071.5,2742.9,3071.5,0,0
SWD_PE,D,20091015,000000,2900,3071.5,2871.4,3071.5,0,0
SWD_PE,D,20091016,000000,2900,3026.1,2814.3,3026.1,0,0
SWD_PE,D,20091019,000000,2785.7,3116.9,2785.7,3116.9,0,0
SWD_PE,D,20091020,000000,2957.1,3071.5,2900,3071.5,0,0
SWD_PE,D,20091021,000000,2914.3,3011,2828.6,3011,0,0
SWD_PE,D,20091022,000000,2785.7,3026.1,2785.7,3026.1,0,0
SWD_PE,D,20091023,000000,2871.4,3041.2,2871.4,3041.2,0,0
SWD_PE,D,20091026,000000,2900,3071.5,2900,3071.5,0,0
SWD_PE,D,20091027,000000,2857.1,3011,2842.9,3011,0,0
SWD_PE,D,20091028,000000,2900,3026.1,2828.6,3026.1,0,0
SWD_PE,D,20091029,000000,2800,3011,2785.7,3011,0,0
SWD_PE,D,20091030,000000,2857.1,2950.5,2785.7,2950.5,0,0
SWD_PE,D,20091102,000000,2785.7,2995.8,2742.9,2995.8,0,0
SWD_PE,D,20091103,000000,2800,2980.7,2742.9,2980.7,0,0
SWD_PE,D,20091104,000000,2785.7,3464.9,2785.7,3464.9,0,0
SWD_PE,D,20091105,000000,3257.1,3374.1,3128.6,3374.1,0,0
SWD_PE,D,20091106,000000,3171.4,3222.8,3028.6,3222.8,0,0
SWD_PE,D,20091109,000000,3171.4,3631.3,3171.4,3631.3,0,0
SWD_PE,D,20091110,000000,3428.6,3691.9,3428.6,3691.9,0,0
SWD_PE,D,20091112,000000,3485.7,3585.9,3342.9,3585.9,0,0
SWD_PE,D,20091113,000000,3385.7,3428.6,139.7,139.7,0,0
SWD_PE,D,20091116,000000,144.8,145.3,143,144.3,0,0
SWD_PE,D,20091117,000000,145.3,148.8,140.1,145.5,0,0
SWD_PE,D,20091118,000000,149.4,149.4,143,145.5,0,0
SWD_PE,D,20091119,000000,145.3,145.3,142.4,142.6,0,0
SWD_PE,D,20091120,000000,142.4,144.3,141.3,144.3,0,0
SWD_PE,D,20091123,000000,141.3,145.5,141.3,145.5,0,0
SWD_PE,D,20091124,000000,144.8,144.8,141.9,142,0,0
SWD_PE,D,20091125,000000,143.6,143.6,137.2,137.3,0,0
SWD_PE,D,20091126,000000,136.6,136.6,133.1,133.8,0,0
SWD_PE,D,20091127,000000,130.8,133.7,129.1,132.7,0,0
SWD_PE,D,20091130,000000,134.9,134.9,128.5,130.4,0,0
SWD_PE,D,20091201,000000,127.9,134.9,127.9,129.2,0,0
SWD_PE,D,20091202,000000,131.4,134.3,129.1,130.9,0,0
SWD_PE,D,20091203,000000,131.4,137.8,131.4,136.2,0,0
SWD_PE,D,20091204,000000,137.2,137.2,132.6,133.8,0,0
SWD_PE,D,20091207,000000,135.5,135.5,131.4,131.5,0,0
SWD_PE,D,20091208,000000,133.1,134.3,128.5,128.6,0,0
SWD_PE,D,20091209,000000,129.1,133.1,127.3,130.4,0,0
SWD_PE,D,20091210,000000,129.1,131.4,127.9,129.2,0,0
SWD_PE,D,20091211,000000,130.8,132,129.2,130.9,0,0
SWD_PE,D,20091214,000000,130.8,132.6,129.7,132.1,0,0
SWD_PE,D,20091215,000000,129.1,133.1,127.9,128.6,0,0
SWD_PE,D,20091216,000000,129.1,132.7,126.2,132.7,0,0
SWD_PE,D,20091217,000000,133.7,133.7,125,127.4,0,0
SWD_PE,D,20091218,000000,129.1,131.4,125,130.4,0,0
SWD_PE,D,20091221,000000,127.9,131.4,126.7,126.9,0,0
SWD_PE,D,20091222,000000,129.7,129.7,124.4,127.4,0,0
SWD_PE,D,20091223,000000,126.7,127.4,122.1,123.4,0,0
SWD_PE,D,20091228,000000,126.7,126.7,118.6,121.6,0,0
SWD_PE,D,20091229,000000,122.1,122.1,119.8,121.6,0,0
SWD_PE,D,20091230,000000,120.3,121.5,118.6,118.7,0,0
SWD_PE,D,20091231,000000,122.1,122.1,119.2,119.3,0,0
SWD_PE,D,20100104,000000,118.6,120.9,113.4,117.7,0,0
SWD_PE,D,20100105,000000,119.5,131,119.5,130.9,0,0
SWD_PE,D,20100106,000000,132.8,142,132.8,135.5,0,0
SWD_PE,D,20100107,000000,131,132.2,125.9,126.3,0,0
SWD_PE,D,20100108,000000,129.3,130.5,126.4,129.8,0,0
SWD_PE,D,20100111,000000,131,131,127.6,129.8,0,0
SWD_PE,D,20100112,000000,129.3,129.3,123.6,126.9,0,0
SWD_PE,D,20100113,000000,124.7,125.9,121.3,122.9,0,0
SWD_PE,D,20100114,000000,124.1,126.4,124,124,0,0
SWD_PE,D,20100115,000000,124.1,125.3,121.7,121.7,0,0
SWD_PE,D,20100118,000000,122.4,124.7,122.4,122.9,0,0
SWD_PE,D,20100119,000000,123,130.5,121.8,127.5,0,0
SWD_PE,D,20100120,000000,127.6,127.6,125.7,125.7,0,0
SWD_PE,D,20100121,000000,125.3,125.3,122.3,122.3,0,0
SWD_PE,D,20100122,000000,120.7,120.7,118.4,120,0,0
SWD_PE,D,20100125,000000,118.4,119.5,116.1,118.8,0,0
SWD_PE,D,20100126,000000,116.7,118.4,116.1,118.3,0,0
SWD_PE,D,20100127,000000,116.7,120.1,116.7,118.3,0,0
SWD_PE,D,20100128,000000,120.1,120.1,117.2,118.3,0,0
SWD_PE,D,20100129,000000,116.7,119,116.7,118.3,0,0
SWD_PE,D,20100201,000000,119,119,115.5,118.3,0,0
SWD_PE,D,20100202,000000,119,119,117.7,117.7,0,0
SWD_PE,D,20100203,000000,118.4,118.4,114.3,114.3,0,0
SWD_PE,D,20100204,000000,114.9,117.8,110.3,110.8,0,0
SWD_PE,D,20100205,000000,106.3,109.2,105.2,108.5,0,0
SWD_PE,D,20100208,000000,108,112.1,106.9,108.5,0,0
SWD_PE,D,20100209,000000,112.1,112.1,108.6,109.7,0,0
SWD_PE,D,20100210,000000,111.5,112.1,109.1,109.1,0,0
SWD_PE,D,20100211,000000,109.2,109.2,106.9,108.5,0,0
SWD_PE,D,20100212,000000,108.6,109.8,106.3,107.9,0,0
SWD_PE,D,20100215,000000,106.9,108.6,106.9,108.5,0,0
SWD_PE,D,20100216,000000,109.8,113.2,108.6,112.5,0,0
SWD_PE,D,20100217,000000,113.8,113.8,110.3,113.1,0,0
SWD_PE,D,20100218,000000,113.2,114.9,110.9,113.1,0,0
SWD_PE,D,20100219,000000,110.9,113.8,110.9,112,0,0
SWD_PE,D,20100222,000000,112.1,117.8,110.9,116.6,0,0
SWD_PE,D,20100223,000000,117.8,117.8,113.2,116,0,0
SWD_PE,D,20100224,000000,115.5,115.5,112.5,112.5,0,0
SWD_PE,D,20100225,000000,112.6,116.1,110.2,110.2,0,0
SWD_PE,D,20100226,000000,114.4,114.4,110.9,112,0,0
SWD_PE,D,20100301,000000,113.2,114.4,111.4,111.4,0,0
SWD_PE,D,20100302,000000,110.9,111.5,109.2,109.8,0,0
SWD_PE,D,20131202,000000,14.3,14.3,14.3,14.3,0,0
SWD_PE,D,20131203,000000,13.5,13.8,13.3,13.6,0,0
SWD_PE,D,20131204,000000,13.6,13.8,13.3,13.6,0,0
SWD_PE,D,20131205,000000,13.3,13.6,12.8,13.3,0,0
SWD_PE,D,20131206,000000,13.3,13.3,12.5,13.1,0,0
SWD_PE,D,20131209,000000,13.1,13.4,12.9,13.3,0,0
SWD_PE,D,20131210,000000,13.3,13.3,12.8,13.3,0,0
SWD_PE,D,20131211,000000,13,13.1,12.8,13.1,0,0
SWD_PE,D,20131212,000000,13.1,13.1,12.8,12.8,0,0
SWD_PE,D,20131213,000000,12.8,12.8,12.5,12.8,0,0
SWD_PE,D,20131216,000000,12.5,12.8,12.3,12.3,0,0
SWD_PE,D,20131217,000000,12.3,12.6,12.3,12.3,0,0
SWD_PE,D,20131218,000000,12.3,12.8,12.3,12.5,0,0
SWD_PE,D,20131219,000000,12.2,12.5,12,12.3,0,0
SWD_PE,D,20131220,000000,12.3,12.3,11.5,11.5,0,0
SWD_PE,D,20131223,000000,11.5,12,11.5,12,0,0
SWD_PE,D,20131227,000000,12,12.3,12,12.3,0,0
SWD_PE,D,20131230,000000,12.3,12.3,12,12,0,0
SWD_PE,D,20140102,000000,12,12.5,11.7,12.5,0,0
SWD_PE,D,20140103,000000,12.5,12.5,12,12.3,0,0
SWD_PE,D,20140107,000000,12.1,12.6,12.1,12.3,0,0
SWD_PE,D,20140108,000000,12.3,12.3,12.1,12.3,0,0
SWD_PE,D,20140109,000000,12.1,12.1,12,12,0,0
SWD_PE,D,20140110,000000,12,12.2,12,12.2,0,0
SWD_PE,D,20140113,000000,12.3,12.3,12.3,12.3,0,0
SWD_PE,D,20140114,000000,12.3,12.6,12.3,12.5,0,0
SWD_PE,D,20140115,000000,12.2,12.5,12,12.3,0,0
SWD_PE,D,20140116,000000,12.3,13.1,12.3,13.1,0,0
SWD_PE,D,20140117,000000,12.9,12.9,12.8,12.8,0,0
SWD_PE,D,20140120,000000,12.5,12.8,12.3,12.8,0,0
SWD_PE,D,20140121,000000,12.3,13,12.3,12.5,0,0
SWD_PE,D,20140122,000000,12.5,12.5,12.2,12.3,0,0
SWD_PE,D,20140123,000000,12.6,12.6,12.1,12.3,0,0
SWD_PE,D,20140124,000000,12.3,12.3,12.1,12.3,0,0
SWD_PE,D,20140127,000000,12.3,12.3,12.1,12.3,0,0
SWD_PE,D,20140128,000000,12.1,12.3,12.1,12.3,0,0
SWD_PE,D,20140129,000000,12.3,12.3,12.1,12.3,0,0
SWD_PE,D,20140130,000000,12.1,12.3,11.8,12,0,0
SWD_PE,D,20140131,000000,12,12,11.5,12,0,0
SWD_PE,D,20140203,000000,12.2,12.3,12,12.3,0,0
SWD_PE,D,20140204,000000,12.1,12.3,11.8,12,0,0
SWD_PE,D,20140205,000000,12.2,12.3,12,12.3,0,0
SWD_PE,D,20140206,000000,12.1,12.3,12,12,0,0
SWD_PE,D,20140207,000000,12,12,12,12,0,0
SWD_PE,D,20140210,000000,12,12,11.7,12,0,0
SWD_PE,D,20140211,000000,12.2,13.5,12,13.3,0,0
SWD_PE,D,20140212,000000,13,13.1,12.5,13.1,0,0
SWD_PE,D,20140213,000000,13.1,15.7,13.1,15.4,0,0
SWD_PE,D,20140214,000000,15.1,15.1,14.4,14.8,0,0
SWD_PE,D,20140217,000000,14.8,14.8,13.5,13.8,0,0
SWD_PE,D,20140218,000000,13.8,14.1,13.3,13.8,0,0
SWD_PE,D,20140219,000000,13.8,17.8,13.3,17.8,0,0
SWD_PE,D,20140220,000000,17.8,17.8,17.5,17.5,0,0
SWD_PE,D,20140221,000000,17.9,19.2,17.9,18.5,0,0
SWD_PE,D,20140224,000000,18.2,18.8,17.8,18.8,0,0
SWD_PE,D,20140225,000000,18.4,18.5,18.1,18.5,0,0
SWD_PE,D,20140226,000000,18.2,18.5,17.8,17.8,0,0
SWD_PE,D,20140227,000000,17.8,18.5,17.8,18.5,0,0
SWD_PE,D,20140228,000000,18.2,18.2,17.8,18.2,0,0
SWD_PE,D,20140303,000000,17.9,17.9,16.8,16.8,0,0
SWD_PE,D,20140304,000000,17.1,17.8,16.8,17.5,0,0
SWD_PE,D,20140305,000000,17.5,17.5,17.5,17.5,0,0
SWD_PE,D,20140306,000000,17.5,17.9,17.2,17.8,0,0
SWD_PE,D,20140307,000000,17.8,17.8,17.5,17.5,0,0
SWD_PE,D,20140310,000000,17.2,17.5,16.8,17.1,0,0
SWD_PE,D,20140311,000000,17.1,17.5,16.8,17.1,0,0
SWD_PE,D,20140312,000000,17.1,17.1,16.4,16.8,0,0
SWD_PE,D,20140313,000000,16.8,18.2,16.8,16.8,0,0
SWD_PE,D,20140314,000000,16.8,17.1,16.4,17.1,0,0
SWD_PE,D,20140317,000000,17.1,17.5,17.1,17.1,0,0
SWD_PE,D,20140318,000000,17.5,17.5,16.8,17.5,0,0
SWD_PE,D,20140319,000000,17.2,17.5,16.8,17.5,0,0
SWD_PE,D,20140320,000000,17.2,17.5,17.2,17.5,0,0
SWD_PE,D,20140321,000000,17.2,17.9,17.2,17.8,0,0
SWD_PE,D,20140324,000000,17.8,17.8,17.1,17.1,0,0
SWD_PE,D,20140325,000000,17.1,17.8,17.1,17.1,0,0
SWD_PE,D,20140326,000000,17.5,17.5,17.1,17.1,0,0
SWD_PE,D,20140327,000000,17.1,17.5,16.8,17.5,0,0
SWD_PE,D,20140328,000000,17.2,17.5,17.2,17.5,0,0
SWD_PE,D,20140331,000000,17.5,17.5,16.8,17.1,0,0
SWD_PE,D,20140401,000000,16.8,17.5,16.8,17.5,0,0
SWD_PE,D,20140402,000000,17.5,17.5,16.8,17.5,0,0
SWD_PE,D,20140403,000000,17.5,17.5,17.2,17.5,0,0
SWD_PE,D,20140404,000000,17.5,17.5,17.2,17.5,0,0
SWD_PE,D,20140407,000000,17.2,17.2,16.8,17.1,0,0
SWD_PE,D,20140408,000000,17.1,17.1,17.1,17.1,0,0
SWD_PE,D,20140409,000000,17.5,17.5,17.1,17.1,0,0
SWD_PE,D,20140410,000000,17.5,17.5,17.1,17.5,0,0
SWD_PE,D,20140411,000000,17.5,17.5,16.8,17.1,0,0
SWD_PE,D,20140414,000000,17.5,17.5,16.4,16.8,0,0
SWD_PE,D,20140415,000000,16.8,16.8,16.4,16.8,0,0
SWD_PE,D,20140416,000000,16.4,16.8,16.1,16.8,0,0
SWD_PE,D,20140417,000000,16.8,16.8,16.4,16.8,0,0
SWD_PE,D,20140422,000000,16.8,17.1,16.4,17.1,0,0
SWD_PE,D,20140423,000000,17.1,17.8,17.1,17.5,0,0
SWD_PE,D,20140424,000000,17.5,17.9,17.2,17.8,0,0
SWD_PE,D,20140425,000000,17.1,17.8,16.8,17.8,0,0
SWD_PE,D,20140428,000000,17.8,17.8,17.1,17.1,0,0
SWD_PE,D,20140429,000000,17.1,17.1,16.4,16.4,0,0
SWD_PE,D,20140430,000000,17.1,17.1,16.4,17.1,0,0
SWD_PE,D,20140502,000000,16.8,17.1,16.4,16.8,0,0
SWD_PE,D,20140505,000000,16.4,16.8,16.4,16.8,0,0
SWD_PE,D,20140506,000000,16.4,16.8,16.4,16.4,0,0
SWD_PE,D,20140507,000000,16,16.4,15.7,16.4,0,0
SWD_PE,D,20140508,000000,16,16.1,16,16.1,0,0
SWD_PE,D,20140509,000000,16.4,16.4,16.4,16.4,0,0
SWD_PE,D,20140512,000000,16.4,16.4,16.4,16.4,0,0
SWD_PE,D,20140513,000000,16.7,16.8,16.7,16.8,0,0
SWD_PE,D,20140514,000000,16.4,16.4,16.1,16.4,0,0
SWD_PE,D,20140515,000000,16.4,16.7,16.4,16.4,0,0
SWD_PE,D,20140516,000000,16.4,16.7,16,16.4,0,0
SWD_PE,D,20140519,000000,16.4,16.4,16.4,16.4,0,0
SWD_PE,D,20140520,000000,16.4,16.4,16.4,16.4,0,0
SWD_PE,D,20140521,000000,16.7,16.8,16.4,16.8,0,0
SWD_PE,D,20140522,000000,16.8,16.8,16.8,16.8,0,0
SWD_PE,D,20140523,000000,16.4,16.8,16.4,16.4,0,0
SWD_PE,D,20140526,000000,16.4,16.8,16.4,16.8,0,0
SWD_PE,D,20140527,000000,16.4,16.8,16.4,16.4,0,0
SWD_PE,D,20140528,000000,16.4,16.8,16,16.8,0,0
SWD_PE,D,20140529,000000,16.4,16.8,16.1,16.8,0,0
SWD_PE,D,20140530,000000,16.8,16.8,16.1,16.8,0,0
SWD_PE,D,20140602,000000,16.8,16.8,16.4,16.8,0,0
SWD_PE,D,20140603,000000,16.4,16.8,16.1,16.8,0,0
SWD_PE,D,20140604,000000,16.8,16.8,16.1,16.8,0,0
SWD_PE,D,20140605,000000,16.8,16.8,16.4,16.8,0,0
SWD_PE,D,20140606,000000,16.4,16.8,16.4,16.8,0,0
SWD_PE,D,20140609,000000,16.4,16.8,16.4,16.4,0,0
SWD_PE,D,20140610,000000,16.8,16.8,16.8,16.8,0,0
SWD_PE,D,20140611,000000,16.8,16.8,16.4,16.8,0,0
SWD_PE,D,20140612,000000,16.1,16.8,16.1,16.8,0,0
SWD_PE,D,20140613,000000,16.4,16.8,16.4,16.8,0,0
SWD_PE,D,20140616,000000,16.1,16.4,16.1,16.4,0,0
SWD_PE,D,20140617,000000,16.4,16.8,16.4,16.8,0,0
SWD_PE,D,20140618,000000,16.1,16.8,16.1,16.4,0,0
SWD_PE,D,20140620,000000,16.4,16.7,16.4,16.4,0,0
SWD_PE,D,20140623,000000,16.7,16.7,16,16.4,0,0
SWD_PE,D,20140624,000000,16.4,16.4,15.7,16.1,0,0
SWD_PE,D,20140625,000000,16.1,16.1,16.1,16.1,0,0
SWD_PE,D,20140626,000000,16.1,16.1,16.1,16.1,0,0
SWD_PE,D,20140627,000000,15.8,16.1,9.4,9.4,0,0
SWD_PE,D,20140630,000000,9.4,9.4,8.8,8.8,0,0
SWD_PE,D,20140701,000000,8.6,8.6,8.3,8.3,0,0
SWD_PE,D,20140702,000000,7.9,8.1,7.9,8.1,0,0
SWD_PE,D,20140703,000000,8.1,8.1,8.1,8.1,0,0
SWD_PE,D,20140704,000000,8.1,8.5,8.1,8.5,0,0
SWD_PE,D,20140708,000000,8.3,8.3,8.3,8.3,0,0
SWD_PE,D,20140709,000000,8.3,8.3,8.3,8.3,0,0
SWD_PE,D,20140710,000000,8.3,8.3,8.3,8.3,0,0
SWD_PE,D,20140711,000000,7.9,7.9,7.9,7.9,0,0
SWD_PE,D,20140714,000000,7.9,8.1,7.9,8.1,0,0
SWD_PE,D,20140715,000000,8.1,8.1,8.1,8.1,0,0
SWD_PE,D,20140716,000000,8.1,8.1,8.1,8.1,0,0
SWD_PE,D,20140717,000000,7.9,7.9,7.7,7.7,0,0
SWD_PE,D,20140718,000000,7.9,7.9,7.9,7.9,0,0
SWD_PE,D,20140721,000000,7.7,7.7,7.7,7.7,0,0
SWD_PE,D,20140722,000000,7.7,7.7,7.3,7.3,0,0
SWD_PE,D,20140723,000000,7.5,7.5,7.5,7.5,0,0
SWD_PE,D,20140724,000000,7.3,7.3,7.3,7.3,0,0
SWD_PE,D,20140725,000000,7.5,7.5,7.5,7.5,0,0
SWD_PE,D,20140728,000000,7.7,7.7,7.7,7.7,0,0
SWD_PE,D,20140729,000000,7.5,7.5,7.5,7.5,0,0
SWD_PE,D,20140730,000000,7.3,7.3,7.3,7.3,0,0
SWD_PE,D,20140731,000000,7.3,7.3,7.1,7.1,0,0
SWD_PE,D,20140801,000000,6.7,6.7,6.7,6.7,0,0
SWD_PE,D,20140804,000000,6.5,6.5,6.5,6.5,0,0
SWD_PE,D,20140805,000000,6.5,6.5,6.5,6.5,0,0
SWD_PE,D,20140806,000000,6.5,6.5,6.5,6.5,0,0
SWD_PE,D,20140807,000000,6.5,6.5,6.5,6.5,0,0
SWD_PE,D,20140808,000000,6.1,6.1,5.9,5.9,0,0
SWD_PE,D,20140811,000000,5.7,5.7,5.3,5.3,0,0
SWD_PE,D,20140812,000000,5.1,5.3,5.1,5.3,0,0
SWD_PE,D,20140813,000000,5.3,5.5,5.3,5.5,0,0
SWD_PE,D,20140814,000000,5.7,5.9,5.7,5.9,0,0
SWD_PE,D,20140818,000000,6.1,6.3,6.1,6.3,0,0
SWD_PE,D,20140819,000000,6.1,6.1,5,5,0,0
SWD_PE,D,20140820,000000,5.2,5.2,5.2,5.2,0,0
SWD_PE,D,20140821,000000,5.2,5.2,5.2,5.2,0,0
SWD_PE,D,20140822,000000,5.2,5.2,5.2,5.2,0,0
SWD_PE,D,20140825,000000,5,5,5,5,0,0
SWD_PE,D,20140826,000000,4.8,4.9,4.8,4.9,0,0
SWD_PE,D,20140827,000000,4.9,4.9,4.9,4.9,0,0
SWD_PE,D,20140828,000000,4.7,4.7,4.7,4.7,0,0
SWD_PE,D,20140829,000000,4.9,4.9,4.7,4.7,0,0
SWD_PE,D,20140901,000000,4.7,4.7,4.7,4.7,0,0
SWD_PE,D,20140902,000000,4.7,4.7,4.7,4.7,0,0
SWD_PE,D,20140903,000000,4.9,4.9,4.9,4.9,0,0
SWD_PE,D,20140904,000000,5.1,5.1,5,5,0,0
SWD_PE,D,20140905,000000,4.7,5,4.7,5,0,0
SWD_PE,D,20140908,000000,5.2,5.2,5,5,0,0
SWD_PE,D,20140909,000000,5.2,5.2,5.2,5.2,0,0
SWD_PE,D,20140910,000000,5.2,5.2,5,5,0,0
SWD_PE,D,20140911,000000,5,5,5,5,0,0
SWD_PE,D,20140912,000000,5,5,5,5,0,0
SWD_PE,D,20140915,000000,5.2,5.2,5,5,0,0
SWD_PE,D,20140917,000000,5.2,5.2,5.2,5.2,0,0
SWD_PE,D,20140918,000000,5,5,5,5,0,0
SWD_PE,D,20140919,000000,5.2,5.2,5.2,5.2,0,0
SWD_PE,D,20140922,000000,5,5,5,5,0,0
SWD_PE,D,20140923,000000,5,5.2,5,5.2,0,0
SWD_PE,D,20140924,000000,5,5,5,5,0,0
SWD_PE,D,20140925,000000,5,5,5,5,0,0
SWD_PE,D,20140929,000000,4.8,4.9,4.8,4.9,0,0
SWD_PE,D,20140930,000000,4.9,4.9,4.9,4.9,0,0
SWD_PE,D,20141001,000000,4.9,4.9,4.7,4.7,0,0
SWD_PE,D,20141002,000000,4.7,4.7,4.7,4.7,0,0
SWD_PE,D,20141003,000000,4.7,4.7,4.7,4.7,0,0
SWD_PE,D,20141006,000000,4.7,4.7,4.7,4.7,0,0
SWD_PE,D,20141007,000000,4.5,4.7,4.5,4.7,0,0
SWD_PE,D,20141009,000000,4.5,4.7,4.5,4.7,0,0
SWD_PE,D,20141010,000000,4.5,4.5,4.5,4.5,0,0
SWD_PE,D,20141013,000000,4.3,4.7,4.3,4.7,0,0
SWD_PE,D,20141014,000000,4.7,4.7,4.5,4.5,0,0
SWD_PE,D,20141015,000000,4.5,4.5,4.5,4.5,0,0
SWD_PE,D,20141016,000000,4.5,4.5,4.3,4.3,0,0
SWD_PE,D,20141017,000000,4.5,4.5,4.5,4.5,0,0
SWD_PE,D,20141020,000000,4.3,4.3,4.3,4.3,0,0
SWD_PE,D,20141021,000000,4.5,4.5,4.3,4.3,0,0
SWD_PE,D,20141022,000000,4.3,4.3,4.3,4.3,0,0
SWD_PE,D,20141023,000000,4.5,4.5,4.5,4.5,0,0
SWD_PE,D,20141024,000000,4.5,4.5,4.5,4.5,0,0
SWD_PE,D,20141027,000000,4.5,4.7,4.5,4.7,0,0
SWD_PE,D,20141028,000000,4.7,4.7,4.7,4.7,0,0
SWD_PE,D,20141030,000000,4.9,4.9,4.7,4.7,0,0
SWD_PE,D,20141031,000000,4.9,4.9,4.7,4.7,0,0
SWD_PE,D,20141103,000000,4.7,4.7,4.7,4.7,0,0
SWD_PE,D,20141104,000000,4.9,4.9,4.9,4.9,0,0
SWD_PE,D,20141105,000000,4.9,4.9,4.9,4.9,0,0
SWD_PE,D,20141106,000000,4.9,4.9,4.7,4.7,0,0
SWD_PE,D,20141107,000000,4.7,4.7,4.7,4.7,0,0
SWD_PE,D,20141110,000000,5.2,5.2,5.2,5.2,0,0
SWD_PE,D,20141113,000000,5,5,4.7,4.7,0,0
SWD_PE,D,20141114,000000,4.7,4.7,4.7,4.7,0,0
SWD_PE,D,20141117,000000,4.5,4.5,4.5,4.5,0,0
SWD_PE,D,20141118,000000,4.5,4.5,4.5,4.5,0,0
SWD_PE,D,20141119,000000,4.5,4.5,4.5,4.5,0,0
SWD_PE,D,20141120,000000,4.5,4.5,4.5,4.5,0,0
SWD_PE,D,20141121,000000,4.7,4.7,4.5,4.5,0,0
SWD_PE,D,20141124,000000,4.7,4.7,4.7,4.7,0,0
SWD_PE,D,20141125,000000,4.7,4.9,4.7,4.9,0,0
SWD_PE,D,20141126,000000,5.1,5.1,5,5,0,0
SWD_PE,D,20141127,000000,5,5,5,5,0,0
SWD_PE,D,20141128,000000,5,5,5,5,0,0
SWD_PE,D,20141201,000000,5,5,4.5,4.5,0,0
SWD_PE,D,20141202,000000,4.7,4.7,4.5,4.5,0,0
SWD_PE,D,20141203,000000,4.5,4.5,4.5,4.5,0,0
SWD_PE,D,20170928,000000,4.5,4.5,4.5,4.5,0,0
SWD_PE,D,20180702,000000,0.9,0.9,0.9,0.9,0,0
SWD_PE,D,20180703,000000,0.9,1,0.9,1,0,0
SWD_PE,D,20180704,000000,1,1,1,1,0,0
SWD_PE,D,20180706,000000,1,1,1,1,0,0
SWD_PE,D,20180709,000000,1,1,0.9,0.9,0,0
SWD_PE,D,20180710,000000,0.9,0.9,0.9,0.9,0,0
SWD_PE,D,20180713,000000,0.9,0.9,0.8,0.9,0,0
SWD_PE,D,20180716,000000,0.9,0.9,0.9,0.9,0,0
SWD_PE,D,20180717,000000,0.9,0.9,0.9,0.9,0,0
SWD_PE,D,20180718,000000,0.9,0.9,0.9,0.9,0,0
SWD_PE,D,20180719,000000,0.9,0.9,0.9,0.9,0,0
SWD_PE,D,20180720,000000,0.9,0.9,0.9,0.9,0,0
SWD_PE,D,20180723,000000,0.9,0.9,0.9,0.9,0,0
SWD_PE,D,20180724,000000,0.9,0.9,0.9,0.9,0,0
SWD_PE,D,20180725,000000,0.9,0.9,0.9,0.9,0,0
SWD_PE,D,20180726,000000,0.9,0.9,0.9,0.9,0,0
SWD_PE,D,20180727,000000,0.9,0.9,0.9,0.9,0,0
SWD_PE,D,20180730,000000,0.9,1,0.9,0.9,0,0
SWD_PE,D,20180731,000000,0.9,0.9,0.9,0.9,0,0
SWD_PE,D,20180801,000000,0.9,0.9,0.9,0.9,0,0
SWD_PE,D,20180802,000000,0.9,0.9,0.9,0.9,0,0
SWD_PE,D,20180803,000000,0.9,0.9,0.9,0.9,0,0
SWD_PE,D,20180806,000000,0.9,0.9,0.9,0.9,0,0
SWD_PE,D,20180807,000000,0.9,0.9,0.9,0.9,0,0
SWD_PE,D,20180808,000000,0.9,0.9,0.9,0.9,0,0
SWD_PE,D,20180809,000000,0.9,0.9,0.9,0.9,0,0
SWD_PE,D,20180810,000000,0.9,0.9,0.9,0.9,0,0
SWD_PE,D,20180813,000000,0.9,0.9,0.9,0.9,0,0
SWD_PE,D,20180814,000000,0.9,0.9,0.9,0.9,0,0
SWD_PE,D,20180816,000000,0.9,0.9,0.8,0.8,0,0
SWD_PE,D,20180817,000000,0.8,0.8,0.8,0.8,0,0
SWD_PE,D,20180820,000000,0.8,0.8,0.7,0.7,0,0
SWD_PE,D,20180821,000000,0.7,0.8,0.7,0.8,0,0
SWD_PE,D,20180822,000000,0.8,0.8,0.8,0.8,0,0
SWD_PE,D,20180823,000000,0.8,0.8,0.8,0.8,0,0
SWD_PE,D,20180827,000000,0.8,0.8,0.8,0.8,0,0
SWD_PE,D,20180828,000000,0.8,0.8,0.8,0.8,0,0
SWD_PE,D,20180829,000000,0.8,0.8,0.8,0.8,0,0
SWD_PE,D,20180830,000000,0.8,0.8,0.8,0.8,0,0
SWD_PE,D,20180903,000000,0.8,0.8,0.7,0.7,0,0
SWD_PE,D,20180904,000000,0.7,0.8,0.7,0.8,0,0
SWD_PE,D,20180905,000000,0.8,0.8,0.7,0.7,0,0
SWD_PE,D,20180906,000000,0.7,0.7,0.7,0.7,0,0
SWD_PE,D,20180907,000000,0.7,0.7,0.7,0.7,0,0
SWD_PE,D,20180910,000000,0.7,0.7,0.7,0.7,0,0
SWD_PE,D,20180911,000000,0.7,0.7,0.6,0.6,0,0
SWD_PE,D,20180912,000000,0.6,0.6,0.6,0.6,0,0
SWD_PE,D,20180914,000000,0.6,0.6,0.6,0.6,0,0
SWD_PE,D,20180917,000000,0.6,0.6,0.6,0.6,0,0
SWD_PE,D,20180918,000000,0.6,0.6,0.6,0.6,0,0
SWD_PE,D,20180919,000000,0.6,0.7,0.6,0.7,0,0
SWD_PE,D,20180920,000000,0.7,0.7,0.7,0.7,0,0
SWD_PE,D,20180921,000000,0.7,0.7,0.6,0.6,0,0
SWD_PE,D,20180924,000000,0.6,0.7,0.6,0.7,0,0
SWD_PE,D,20180925,000000,0.7,0.7,0.7,0.7,0,0
SWD_PE,D,20180926,000000,0.7,0.7,0.7,0.7,0,0
SWD_PE,D,20180927,000000,0.7,0.7,0.7,0.7,0,0
SWD_PE,D,20180928,000000,0.7,0.8,0.7,0.7,0,0
SWD_PE,D,20181001,000000,0.7,0.7,0.7,0.7,0,0
SWD_PE,D,20181002,000000,0.7,0.7,0.7,0.7,0,0
SWD_PE,D,20181003,000000,0.6,0.7,0.6,0.7,0,0
SWD_PE,D,20181004,000000,0.7,0.7,0.7,0.7,0,0
SWD_PE,D,20181005,000000,0.7,0.7,0.7,0.7,0,0
SWD_PE,D,20181008,000000,0.7,0.7,0.7,0.7,0,0
SWD_PE,D,20181009,000000,0.7,0.7,0.7,0.7,0,0
SWD_PE,D,20181010,000000,0.7,0.7,0.7,0.7,0,0
SWD_PE,D,20181011,000000,0.7,0.7,0.7,0.7,0,0
SWD_PE,D,20181012,000000,0.7,0.7,0.7,0.7,0,0
SWD_PE,D,20181015,000000,0.7,0.7,0.7,0.7,0,0
SWD_PE,D,20181016,000000,0.7,0.7,0.7,0.7,0,0
SWD_PE,D,20181017,000000,0.7,0.7,0.7,0.7,0,0
SWD_PE,D,20181018,000000,0.7,0.7,0.7,0.7,0,0
SWD_PE,D,20181019,000000,0.7,0.7,0.7,0.7,0,0
SWD_PE,D,20181022,000000,0.8,0.8,0.7,0.7,0,0
SWD_PE,D,20181023,000000,0.7,0.7,0.7,0.7,0,0
SWD_PE,D,20181024,000000,0.7,0.7,0.7,0.7,0,0
SWD_PE,D,20181025,000000,0.7,0.7,0.7,0.7,0,0
SWD_PE,D,20181026,000000,0.7,0.7,0.7,0.7,0,0
SWD_PE,D,20181029,000000,0.7,0.7,0.7,0.7,0,0
SWD_PE,D,20181030,000000,0.7,0.7,0.7,0.7,0,0
SWD_PE,D,20181031,000000,0.7,0.7,0.7,0.7,0,0
SWD_PE,D,20181102,000000,0.7,0.7,0.7,0.7,0,0
SWD_PE,D,20181106,000000,0.7,0.7,0.7,0.7,0,0
SWD_PE,D,20181107,000000,0.7,0.7,0.7,0.7,0,0
SWD_PE,D,20181108,000000,0.7,0.7,0.7,0.7,0,0
SWD_PE,D,20181109,000000,0.7,0.7,0.7,0.7,0,0
SWD_PE,D,20181113,000000,0.7,0.7,0.7,0.7,0,0
SWD_PE,D,20181114,000000,0.7,0.7,0.7,0.7,0,0
SWD_PE,D,20181115,000000,0.7,0.7,0.7,0.7,0,0
SWD_PE,D,20181116,000000,0.7,0.7,0.7,0.7,0,0
SWD_PE,D,20181119,000000,0.7,0.7,0.7,0.7,0,0
SWD_PE,D,20181120,000000,0.7,0.7,0.7,0.7,0,0
SWD_PE,D,20181121,000000,0.7,0.7,0.7,0.7,0,0
SWD_PE,D,20181122,000000,0.7,0.7,0.7,0.7,0,0
SWD_PE,D,20181123,000000,0.7,0.7,0.7,0.7,0,0
SWD_PE,D,20181126,000000,0.7,0.7,0.7,0.7,0,0
SWD_PE,D,20181127,000000,0.7,0.7,0.7,0.7,0,0
SWD_PE,D,20181128,000000,0.7,0.7,0.7,0.7,0,0
SWD_PE,D,20181129,000000,0.7,0.7,0.7,0.7,0,0
SWD_PE,D,20181130,000000,0.7,0.7,0.7,0.7,0,0
SWD_PE,D,20181203,000000,0.7,0.7,0.7,0.7,0,0
SWD_PE,D,20181204,000000,0.7,0.7,0.7,0.7,0,0
SWD_PE,D,20181205,000000,0.7,0.7,0.7,0.7,0,0
SWD_PE,D,20181206,000000,0.7,0.7,0.7,0.7,0,0
SWD_PE,D,20181207,000000,0.7,0.7,0.7,0.7,0,0
SWD_PE,D,20181210,000000,0.7,0.7,0.7,0.7,0,0
SWD_PE,D,20181211,000000,0.7,0.7,0.7,0.7,0,0
SWD_PE,D,20181212,000000,0.7,0.7,0.7,0.7,0,0
SWD_PE,D,20181213,000000,0.7,0.7,0.7,0.7,0,0
SWD_PE,D,20181214,000000,0.7,0.7,0.7,0.7,0,0
SWD_PE,D,20181217,000000,0.7,1,0.7,1,0,0
SWD_PE,D,20181218,000000,1,1,0.9,0.9,0,0
SWD_PE,D,20181219,000000,0.9,0.9,0.9,0.9,0,0
SWD_PE,D,20181220,000000,0.9,0.9,0.9,0.9,0,0
SWD_PE,D,20181221,000000,0.9,1,0.9,1,0,0
SWD_PE,D,20181227,000000,1,1,1,1,0,0
SWD_PE,D,20181228,000000,1,1,0.9,0.9,0,0
SWD_PE,D,20190102,000000,0.9,1,0.9,1,0,0
SWD_PE,D,20190103,000000,1,1,0.9,1,0,0
SWD_PE,D,20190104,000000,1,1.1,1,1,0,0
SWD_PE,D,20190107,000000,0.9,0.9,0.9,0.9,0,0
SWD_PE,D,20190108,000000,0.9,1,0.9,1,0,0
SWD_PE,D,20190109,000000,1,1,1,1,0,0
SWD_PE,D,20190110,000000,1,1,1,1,0,0
SWD_PE,D,20190111,000000,1,1,1,1,0,0
SWD_PE,D,20190114,000000,1,1,1,1,0,0
SWD_PE,D,20190115,000000,1,1,1,1,0,0
SWD_PE,D,20190116,000000,1,1,1,1,0,0
SWD_PE,D,20190117,000000,1,1,1,1,0,0
SWD_PE,D,20190118,000000,1,1,1,1,0,0
SWD_PE,D,20190121,000000,1,1,1,1,0,0
SWD_PE,D,20190122,000000,1,1,1,1,0,0
SWD_PE,D,20190123,000000,1,1,1,1,0,0
SWD_PE,D,20190124,000000,1,1,1,1,0,0
SWD_PE,D,20190125,000000,1,1,1,1,0,0
SWD_PE,D,20190128,000000,1,1,1,1,0,0
SWD_PE,D,20190129,000000,1,1,1,1,0,0
SWD_PE,D,20190130,000000,1,1,1,1,0,0
SWD_PE,D,20190131,000000,1,1,1,1,0,0
SWD_PE,D,20190201,000000,1,1,1,1,0,0
SWD_PE,D,20190204,000000,1,1,1,1,0,0
SWD_PE,D,20190205,000000,1,1,1,1,0,0
SWD_PE,D,20190206,000000,1,1,1,1,0,0
SWD_PE,D,20190207,000000,1,1,1,1,0,0
SWD_PE,D,20190208,000000,1,1,1,1,0,0
SWD_PE,D,20190211,000000,1,1,1,1,0,0
SWD_PE,D,20190212,000000,1,1,1,1,0,0
SWD_PE,D,20190213,000000,1,1,1,1,0,0
SWD_PE,D,20190214,000000,1,1.3,1,1.3,0,0
SWD_PE,D,20190215,000000,1.3,1.5,1.3,1.4,0,0
SWD_PE,D,20190218,000000,1.4,1.6,1.4,1.5,0,0
SWD_PE,D,20190219,000000,1.5,1.5,1.1,1.1,0,0
SWD_PE,D,20190220,000000,1.1,1.2,1.1,1.2,0,0
SWD_PE,D,20190221,000000,1.2,1.2,1.1,1.1,0,0
SWD_PE,D,20190222,000000,1.1,1.2,1.1,1.2,0,0
SWD_PE,D,20190225,000000,1.2,1.2,1.2,1.2,0,0
SWD_PE,D,20190226,000000,1.2,1.2,1.2,1.2,0,0
SWD_PE,D,20190227,000000,1.2,1.5,1.2,1.4,0,0
SWD_PE,D,20190228,000000,1.4,1.4,1.4,1.4,0,0
SWD_PE,D,20190301,000000,1.4,1.4,1.4,1.4,0,0
SWD_PE,D,20190304,000000,1.4,1.8,1.3,1.8,0,0
SWD_PE,D,20190305,000000,1.8,1.8,1.7,1.7,0,0
SWD_PE,D,20190306,000000,1.7,1.8,1.7,1.7,0,0
SWD_PE,D,20190307,000000,1.7,1.7,1.7,1.7,0,0
SWD_PE,D,20190308,000000,1.7,1.8,1.7,1.8,0,0
SWD_PE,D,20190311,000000,1.8,2,1.8,1.8,0,0
SWD_PE,D,20190312,000000,1.9,1.9,1.9,1.9,0,0
SWD_PE,D,20190313,000000,1.9,1.9,1.8,1.9,0,0
SWD_PE,D,20190314,000000,1.9,2,1.9,2,0,0
SWD_PE,D,20190315,000000,2,2.1,1.9,2.1,0,0
SWD_PE,D,20190318,000000,1.9,2.1,1.9,2.1,0,0
SWD_PE,D,20190319,000000,2.1,2.2,2.1,2.2,0,0
SWD_PE,D,20190320,000000,2.2,2.4,2.2,2.4,0,0
SWD_PE,D,20190321,000000,2.4,2.4,2.3,2.4,0,0
SWD_PE,D,20190322,000000,2.5,2.5,2.4,2.5,0,0
SWD_PE,D,20190325,000000,2.5,2.5,2.3,2.3,0,0
SWD_PE,D,20190326,000000,2.3,2.5,2.3,2.5,0,0
SWD_PE,D,20190327,000000,2.4,2.4,2.3,2.3,0,0
SWD_PE,D,20190328,000000,2.3,2.3,2.2,2.3,0,0
SWD_PE,D,20190329,000000,2.3,2.4,2.3,2.3,0,0
SWD_PE,D,20190401,000000,2.2,2.5,2.2,2.5,0,0
SWD_PE,D,20190402,000000,2.5,2.6,2.5,2.5,0,0
SWD_PE,D,20190403,000000,2.5,2.6,2.3,2.6,0,0
SWD_PE,D,20190404,000000,2.4,2.6,2.4,2.5,0,0
SWD_PE,D,20190405,000000,2.7,2.7,2.5,2.6,0,0
SWD_PE,D,20190408,000000,2.7,2.7,2.6,2.7,0,0
SWD_PE,D,20190409,000000,2.7,2.8,2.7,2.8,0,0
SWD_PE,D,20190410,000000,2.8,2.8,2.7,2.7,0,0
SWD_PE,D,20190411,000000,2.7,2.7,2.5,2.7,0,0
SWD_PE,D,20190412,000000,2.7,2.7,2.5,2.7,0,0
SWD_PE,D,20190415,000000,2.7,2.7,2.4,2.4,0,0
SWD_PE,D,20190416,000000,2.4,2.6,2.4,2.6,0,0
SWD_PE,D,20190417,000000,2.6,2.6,2.4,2.5,0,0
SWD_PE,D,20190418,000000,2.4,2.6,2.4,2.6,0,0
SWD_PE,D,20190423,000000,2.6,2.6,2.4,2.4,0,0
SWD_PE,D,20190424,000000,2.4,2.4,2.4,2.4,0,0
SWD_PE,D,20190425,000000,2.4,2.4,2.3,2.3,0,0
SWD_PE,D,20190426,000000,2.3,2.3,2.2,2.2,0,0
SWD_PE,D,20190429,000000,2.2,2.2,2.1,2.2,0,0
SWD_PE,D,20190430,000000,2.2,2.4,2.2,2.3,0,0
SWD_PE,D,20190502,000000,2.3,2.6,2.3,2.6,0,0
SWD_PE,D,20190506,000000,2.6,2.6,2.4,2.4,0,0
SWD_PE,D,20190507,000000,2.4,2.4,2.2,2.3,0,0
SWD_PE,D,20190508,000000,2.3,2.4,2.3,2.4,0,0
SWD_PE,D,20190509,000000,2.3,2.5,2.3,2.5,0,0
SWD_PE,D,20190510,000000,2.5,2.5,2.4,2.4,0,0
SWD_PE,D,20190513,000000,2.5,2.6,2.4,2.6,0,0
SWD_PE,D,20190514,000000,2.5,2.7,2.5,2.7,0,0
SWD_PE,D,20190515,000000,2.7,2.7,2.5,2.5,0,0
SWD_PE,D,20190516,000000,2.6,2.6,2.5,2.6,0,0
SWD_PE,D,20190517,000000,2.6,2.6,2.6,2.6,0,0
SWD_PE,D,20190520,000000,2.6,2.6,2.6,2.6,0,0
SWD_PE,D,20190521,000000,2.5,2.6,2.5,2.6,0,0
SWD_PE,D,20190522,000000,2.6,2.6,2.4,2.5,0,0
SWD_PE,D,20190523,000000,2.5,2.6,2.4,2.6,0,0
SWD_PE,D,20190524,000000,2.6,2.7,2.6,2.7,0,0
SWD_PE,D,20190527,000000,2.7,2.7,2.7,2.7,0,0
SWD_PE,D,20190528,000000,2.7,2.7,2.7,2.7,0,0
SWD_PE,D,20190529,000000,2.7,2.7,2.4,2.6,0,0
SWD_PE,D,20190530,000000,2.6,2.6,2.4,2.6,0,0
SWD_PE,D,20190531,000000,2.6,2.6,2.5,2.6,0,0
SWD_PE,D,20190603,000000,2.4,2.6,2.3,2.6,0,0
SWD_PE,D,20190604,000000,2.6,2.6,2.5,2.5,0,0
SWD_PE,D,20190605,000000,2.5,2.6,2.5,2.6,0,0
SWD_PE,D,20190606,000000,2.6,2.6,2.6,2.6,0,0
SWD_PE,D,20190607,000000,2.6,2.6,2.4,2.6,0,0
SWD_PE,D,20190610,000000,2.6,2.6,2.5,2.5,0,0
SWD_PE,D,20190611,000000,2.5,2.6,2.5,2.6,0,0
SWD_PE,D,20190612,000000,2.5,2.5,2.5,2.5,0,0
SWD_PE,D,20190613,000000,2.4,2.6,2.3,2.5,0,0
SWD_PE,D,20190614,000000,2.5,2.5,2.4,2.5,0,0
SWD_PE,D,20190617,000000,2.5,2.6,2.5,2.6,0,0
SWD_PE,D,20190618,000000,2.6,2.6,2.6,2.6,0,0
SWD_PE,D,20190619,000000,2.6,2.6,2.4,2.5,0,0
SWD_PE,D,20190621,000000,2.7,2.7,2.5,2.6,0,0
SWD_PE,D,20190624,000000,2.6,2.7,2.6,2.7,0,0
SWD_PE,D,20190625,000000,2.7,2.7,2.6,2.6,0,0
SWD_PE,D,20190626,000000,2.5,2.6,2.5,2.6,0,0
SWD_PE,D,20190627,000000,2.6,2.6,2.5,2.6,0,0
SWD_PE,D,20190628,000000,2.5,2.5,2.5,2.5,0,0
SWD_PE,D,20190701,000000,2.5,2.5,2.4,2.4,0,0
SWD_PE,D,20190702,000000,2.4,2.4,2.3,2.3,0,0
SWD_PE,D,20190703,000000,2.4,2.4,2.3,2.3,0,0
SWD_PE,D,20190704,000000,2.2,2.3,2.2,2.2,0,0
SWD_PE,D,20190705,000000,2.2,2.2,2,2,0,0
SWD_PE,D,20190708,000000,2,2.1,2,2,0,0
SWD_PE,D,20190709,000000,2.1,2.1,2,2,0,0
SWD_PE,D,20190710,000000,2,2,2,2,0,0
SWD_PE,D,20190711,000000,2,2.1,2,2.1,0,0
SWD_PE,D,20190712,000000,2,2.2,2,2.1,0,0
SWD_PE,D,20190715,000000,2.1,2.1,2,2,0,0
SWD_PE,D,20190716,000000,2,2.1,2,2.1,0,0
SWD_PE,D,20190717,000000,2.1,2.1,2,2.1,0,0
SWD_PE,D,20190718,000000,2.1,2.2,2.1,2.1,0,0
SWD_PE,D,20190719,000000,2.1,2.1,2.1,2.1,0,0
SWD_PE,D,20190722,000000,2.1,2.1,2.1,2.1,0,0
SWD_PE,D,20190723,000000,2.1,2.2,2.1,2.1,0,0
SWD_PE,D,20190724,000000,2.1,2.1,2.1,2.1,0,0
SWD_PE,D,20190725,000000,2.1,2.2,2.1,2.1,0,0
SWD_PE,D,20190726,000000,2.1,2.1,2,2,0,0
SWD_PE,D,20190729,000000,2,2,1.9,1.9,0,0
SWD_PE,D,20190730,000000,1.9,2,1.9,2,0,0
SWD_PE,D,20190731,000000,2,2,1.9,2,0,0
SWD_PE,D,20190801,000000,2,2,1.9,1.9,0,0
