<TICKER>,<PER>,<DATE>,<TIME>,<OPEN>,<HIGH>,<LOW>,<CLOSE>,<VOL>,<OPENINT>
TEN_PE,D,20180511,000000,51.652,51.652,51.652,51.652,0,0
TEN_PE,D,20180514,000000,67.264,71.696,55.603,55.603,0,0
TEN_PE,D,20180515,000000,55.506,55.506,48.954,51.652,0,0
TEN_PE,D,20180516,000000,52.904,53.098,50.4,53.098,0,0
TEN_PE,D,20180517,000000,53.29,53.29,49.147,49.147,0,0
TEN_PE,D,20180518,000000,49.147,51.267,48.761,49.147,0,0
TEN_PE,D,20180521,000000,50.014,52.423,50.014,50.688,0,0
TEN_PE,D,20180522,000000,52.134,52.134,50.881,51.555,0,0
TEN_PE,D,20180523,000000,51.652,51.652,49.147,50.881,0,0
TEN_PE,D,20180524,000000,50.881,50.881,49.917,50.784,0,0
TEN_PE,D,20180525,000000,50.784,50.784,49.532,50.4,0,0
TEN_PE,D,20180528,000000,50.592,53.29,50.4,53.29,0,0
TEN_PE,D,20180529,000000,58.301,59.361,55.121,56.085,0,0
TEN_PE,D,20180530,000000,54.061,54.928,37.005,37.005,0,0
TEN_PE,D,20180601,000000,37.005,38.064,36.522,37.872,0,0
TEN_PE,D,20180604,000000,38.45,41.341,38.45,41.244,0,0
TEN_PE,D,20180605,000000,42.305,46.159,42.305,46.159,0,0
TEN_PE,D,20180606,000000,47.219,51.459,46.833,46.931,0,0
TEN_PE,D,20180607,000000,48.182,49.532,45.87,49.147,0,0
TEN_PE,D,20180608,000000,48.857,49.725,47.701,49.05,0,0
TEN_PE,D,20180611,000000,50.014,50.014,44.713,47.027,0,0
TEN_PE,D,20180612,000000,47.701,48.086,47.123,47.605,0,0
TEN_PE,D,20180613,000000,47.894,47.894,46.448,46.931,0,0
TEN_PE,D,20180614,000000,46.159,49.147,45.099,48.857,0,0
TEN_PE,D,20180615,000000,48.954,48.954,47.99,48.568,0,0
TEN_PE,D,20180618,000000,48.472,48.472,47.412,47.894,0,0
TEN_PE,D,20180619,000000,47.412,47.412,45.581,46.448,0,0
TEN_PE,D,20180620,000000,46.159,46.641,44.425,45.581,0,0
TEN_PE,D,20180621,000000,45.581,45.678,42.786,43.268,0,0
TEN_PE,D,20180622,000000,42.979,43.846,42.979,43.172,0,0
TEN_PE,D,20180625,000000,43.364,47.315,42.305,45.966,0,0
TEN_PE,D,20180626,000000,46.063,46.448,44.425,45.581,0,0
TEN_PE,D,20180627,000000,45.099,45.581,44.425,44.521,0,0
TEN_PE,D,20180628,000000,44.232,45.581,44.135,45.581,0,0
TEN_PE,D,20180629,000000,44.521,45.581,44.521,45.003,0,0
TEN_PE,D,20180702,000000,45.003,46.256,45.003,46.159,0,0
TEN_PE,D,20180703,000000,46.159,46.159,45.292,45.87,0,0
TEN_PE,D,20180704,000000,46.159,47.315,45.678,45.87,0,0
TEN_PE,D,20180705,000000,45.966,48.182,45.87,47.701,0,0
TEN_PE,D,20180706,000000,47.99,48.568,47.412,47.412,0,0
TEN_PE,D,20180709,000000,47.894,47.99,46.545,47.219,0,0
TEN_PE,D,20180710,000000,47.315,52.037,47.123,50.688,0,0
TEN_PE,D,20180711,000000,51.555,51.555,50.303,50.592,0,0
TEN_PE,D,20180712,000000,50.978,51.17,50.303,50.784,0,0
TEN_PE,D,20180713,000000,50.881,50.881,50.303,50.592,0,0
TEN_PE,D,20180716,000000,51.17,51.459,50.496,50.592,0,0
TEN_PE,D,20180717,000000,50.592,50.592,49.243,50.11,0,0
TEN_PE,D,20180718,000000,50.303,50.303,48.857,49.435,0,0
TEN_PE,D,20180719,000000,49.435,49.725,48.568,49.147,0,0
TEN_PE,D,20180720,000000,49.725,50.881,49.147,50.014,0,0
TEN_PE,D,20180723,000000,50.592,51.267,50.4,51.267,0,0
TEN_PE,D,20180724,000000,51.555,52.037,50.11,51.652,0,0
TEN_PE,D,20180725,000000,52.134,57.338,51.459,56.277,0,0
TEN_PE,D,20180726,000000,56.567,59.169,56.567,58.59,0,0
TEN_PE,D,20180727,000000,58.879,63.023,57.434,62.734,0,0
TEN_PE,D,20180730,000000,65.144,68.709,62.348,62.445,0,0
TEN_PE,D,20180731,000000,62.156,65.046,59.747,60.422,0,0
TEN_PE,D,20180801,000000,60.71,61.577,60.036,60.71,0,0
TEN_PE,D,20180802,000000,61.096,61.674,60.71,60.903,0,0
TEN_PE,D,20180803,000000,60.999,61.577,60.132,60.132,0,0
TEN_PE,D,20180806,000000,60.999,60.999,58.108,58.879,0,0
TEN_PE,D,20180807,000000,59.169,60.036,58.012,59.073,0,0
TEN_PE,D,20180808,000000,59.747,63.216,58.879,63.216,0,0
TEN_PE,D,20180809,000000,64.662,67.456,62.83,67.456,0,0
TEN_PE,D,20180810,000000,67.552,67.552,65.336,67.167,0,0
TEN_PE,D,20180813,000000,66.781,70.154,66.589,69.287,0,0
TEN_PE,D,20180814,000000,69.287,72.756,68.998,72.564,0,0
TEN_PE,D,20180816,000000,74.009,75.551,71.889,74.298,0,0
TEN_PE,D,20180817,000000,74.587,74.587,71.985,72.852,0,0
TEN_PE,D,20180820,000000,73.431,75.647,71.117,71.311,0,0
TEN_PE,D,20180821,000000,72.66,72.66,69.866,71.6,0,0
TEN_PE,D,20180822,000000,72.178,72.178,70.154,70.54,0,0
TEN_PE,D,20180823,000000,71.696,71.696,68.998,69.191,0,0
TEN_PE,D,20180824,000000,71.6,71.6,69.383,69.866,0,0
TEN_PE,D,20180827,000000,70.443,73.431,70.443,71.021,0,0
TEN_PE,D,20180828,000000,69.576,72.178,41.244,41.244,0,0
TEN_PE,D,20180829,000000,41.244,44.425,38.642,42.979,0,0
TEN_PE,D,20180830,000000,44.039,44.039,41.052,41.726,0,0
TEN_PE,D,20180831,000000,41.341,41.341,39.028,39.51,0,0
TEN_PE,D,20180903,000000,39.028,39.413,33.15,33.15,0,0
TEN_PE,D,20180904,000000,32.379,35.463,32.379,35.077,0,0
TEN_PE,D,20180905,000000,34.981,37.293,34.981,35.752,0,0
TEN_PE,D,20180906,000000,35.173,35.173,33.632,34.499,0,0
TEN_PE,D,20180907,000000,33.92,36.138,33.92,34.499,0,0
TEN_PE,D,20180910,000000,33.92,36.33,33.15,36.33,0,0
TEN_PE,D,20180911,000000,37.101,37.101,34.114,34.114,0,0
TEN_PE,D,20180912,000000,35.173,35.559,33.342,33.536,0,0
TEN_PE,D,20180913,000000,34.691,34.691,33.92,34.595,0,0
TEN_PE,D,20180914,000000,34.691,34.981,34.306,34.981,0,0
TEN_PE,D,20180917,000000,34.981,39.991,34.981,39.991,0,0
TEN_PE,D,20180918,000000,40.185,42.497,39.799,39.799,0,0
TEN_PE,D,20180919,000000,39.607,40.859,37.679,37.679,0,0
TEN_PE,D,20180920,000000,37.679,38.642,37.679,38.45,0,0
TEN_PE,D,20180921,000000,38.642,39.799,38.546,39.028,0,0
TEN_PE,D,20180924,000000,39.028,39.413,36.33,36.33,0,0
TEN_PE,D,20180925,000000,36.715,38.257,36.715,38.161,0,0
TEN_PE,D,20180926,000000,38.257,39.703,37.775,37.872,0,0
TEN_PE,D,20180927,000000,38.161,39.221,38.161,38.257,0,0
TEN_PE,D,20180928,000000,38.642,39.317,37.101,37.872,0,0
TEN_PE,D,20181001,000000,37.872,38.064,36.522,36.812,0,0
TEN_PE,D,20181002,000000,36.33,36.812,35.752,36.138,0,0
TEN_PE,D,20181003,000000,36.33,36.908,34.788,36.812,0,0
TEN_PE,D,20181004,000000,37.005,37.005,35.655,35.944,0,0
TEN_PE,D,20181005,000000,35.366,38.546,35.366,36.908,0,0
TEN_PE,D,20181008,000000,36.908,37.101,35.077,35.559,0,0
TEN_PE,D,20181009,000000,35.173,35.752,34.691,35.366,0,0
TEN_PE,D,20181010,000000,35.366,35.366,33.342,33.728,0,0
TEN_PE,D,20181011,000000,32.09,32.475,29.681,31.126,0,0
TEN_PE,D,20181012,000000,31.608,32.765,30.741,32.668,0,0
TEN_PE,D,20181015,000000,33.15,33.15,31.704,32.379,0,0
TEN_PE,D,20181016,000000,32.475,32.765,32.186,32.379,0,0
TEN_PE,D,20181017,000000,32.379,32.571,31.222,31.416,0,0
TEN_PE,D,20181018,000000,31.318,31.993,30.837,30.837,0,0
TEN_PE,D,20181019,000000,30.548,31.03,30.163,30.644,0,0
TEN_PE,D,20181022,000000,30.451,30.451,28.332,29.873,0,0
TEN_PE,D,20181023,000000,28.91,28.91,27.175,28.524,0,0
TEN_PE,D,20181024,000000,27.849,29.873,27.849,29.102,0,0
TEN_PE,D,20181025,000000,27.561,27.946,27.175,27.657,0,0
TEN_PE,D,20181026,000000,27.753,28.91,27.753,27.753,0,0
TEN_PE,D,20181029,000000,27.753,28.524,27.753,28.235,0,0
TEN_PE,D,20181030,000000,28.043,28.332,27.849,28.332,0,0
TEN_PE,D,20181031,000000,28.62,30.067,28.332,29.392,0,0
TEN_PE,D,20181102,000000,29.969,31.993,29.969,31.608,0,0
TEN_PE,D,20181105,000000,31.993,36.715,31.993,35.944,0,0
TEN_PE,D,20181106,000000,36.715,37.968,35.944,37.005,0,0
TEN_PE,D,20181107,000000,37.583,37.583,34.306,34.499,0,0
TEN_PE,D,20181108,000000,34.499,35.944,34.017,34.403,0,0
TEN_PE,D,20181109,000000,33.92,33.92,32.186,33.439,0,0
TEN_PE,D,20181113,000000,32.379,32.379,31.608,32.186,0,0
TEN_PE,D,20181114,000000,31.801,34.114,31.608,34.114,0,0
TEN_PE,D,20181115,000000,34.403,34.691,33.15,33.728,0,0
TEN_PE,D,20181116,000000,33.632,33.92,31.801,32.186,0,0
TEN_PE,D,20181119,000000,32.571,33.15,31.222,31.897,0,0
TEN_PE,D,20181120,000000,31.704,31.897,30.451,30.451,0,0
TEN_PE,D,20181121,000000,29.969,29.969,20.429,20.429,0,0
TEN_PE,D,20181122,000000,20.719,22.743,20.525,22.646,0,0
TEN_PE,D,20181123,000000,23.224,23.513,22.453,22.453,0,0
TEN_PE,D,20181126,000000,22.453,23.031,22.453,22.839,0,0
TEN_PE,D,20181127,000000,22.839,22.935,22.453,22.646,0,0
TEN_PE,D,20181128,000000,22.743,23.417,22.743,23.224,0,0
TEN_PE,D,20181129,000000,23.417,23.898,23.417,23.802,0,0
TEN_PE,D,20181130,000000,23.706,23.995,23.513,23.706,0,0
TEN_PE,D,20181203,000000,23.802,23.802,22.26,22.357,0,0
TEN_PE,D,20181204,000000,22.743,22.743,21.682,22.26,0,0
TEN_PE,D,20181205,000000,21.972,21.972,21.393,21.875,0,0
TEN_PE,D,20181206,000000,21.586,21.586,20.911,21.008,0,0
TEN_PE,D,20181207,000000,21.297,22.068,21.297,21.586,0,0
TEN_PE,D,20181210,000000,21.008,21.297,20.815,20.815,0,0
TEN_PE,D,20181211,000000,21.104,21.104,20.623,21.008,0,0
TEN_PE,D,20181212,000000,21.008,21.2,20.719,21.008,0,0
TEN_PE,D,20181213,000000,21.297,23.031,21.104,22.453,0,0
TEN_PE,D,20181214,000000,22.453,22.743,21.875,21.972,0,0
TEN_PE,D,20181217,000000,21.972,21.972,21.393,21.682,0,0
TEN_PE,D,20181218,000000,21.586,21.586,21.104,21.297,0,0
TEN_PE,D,20181219,000000,21.393,21.972,21.104,21.586,0,0
TEN_PE,D,20181220,000000,21.2,21.393,21.008,21.104,0,0
TEN_PE,D,20181221,000000,21.2,21.393,19.851,20.044,0,0
TEN_PE,D,20181227,000000,20.429,20.815,20.237,20.815,0,0
TEN_PE,D,20181228,000000,20.911,21.586,20.333,21.586,0,0
TEN_PE,D,20190102,000000,21.297,21.586,21.104,21.2,0,0
TEN_PE,D,20190103,000000,21.2,21.2,20.815,20.815,0,0
TEN_PE,D,20190104,000000,20.815,22.357,20.815,22.26,0,0
TEN_PE,D,20190107,000000,22.453,22.743,22.164,22.453,0,0
TEN_PE,D,20190108,000000,23.706,24.38,23.417,24.284,0,0
TEN_PE,D,20190109,000000,24.284,24.573,23.706,24.573,0,0
TEN_PE,D,20190110,000000,24.477,24.477,23.802,23.995,0,0
TEN_PE,D,20190111,000000,23.995,24.477,23.706,23.995,0,0
TEN_PE,D,20190114,000000,24.188,24.188,23.417,23.995,0,0
TEN_PE,D,20190115,000000,23.706,24.573,23.61,24.573,0,0
TEN_PE,D,20190116,000000,24.67,25.441,24.67,25.345,0,0
TEN_PE,D,20190117,000000,25.441,25.441,24.959,25.055,0,0
TEN_PE,D,20190118,000000,25.151,25.247,24.67,24.766,0,0
TEN_PE,D,20190121,000000,24.862,24.862,24.573,24.766,0,0
TEN_PE,D,20190122,000000,24.573,24.573,24.092,24.188,0,0
TEN_PE,D,20190123,000000,24.284,25.633,24.188,25.151,0,0
TEN_PE,D,20190124,000000,25.055,25.055,24.573,24.67,0,0
TEN_PE,D,20190125,000000,24.67,25.345,22.935,23.802,0,0
TEN_PE,D,20190128,000000,23.802,24.188,23.61,23.802,0,0
TEN_PE,D,20190129,000000,23.61,24.284,23.61,23.898,0,0
TEN_PE,D,20190130,000000,23.898,24.092,23.513,23.61,0,0
TEN_PE,D,20190131,000000,23.898,23.898,23.224,23.321,0,0
TEN_PE,D,20190201,000000,23.321,23.61,23.127,23.321,0,0
TEN_PE,D,20190204,000000,23.417,24.477,23.417,24.284,0,0
TEN_PE,D,20190205,000000,24.573,24.573,24.092,24.188,0,0
TEN_PE,D,20190206,000000,24.284,24.573,23.513,23.706,0,0
TEN_PE,D,20190207,000000,23.802,23.802,22.743,22.935,0,0
TEN_PE,D,20190208,000000,22.549,22.646,22.26,22.357,0,0
TEN_PE,D,20190211,000000,21.586,22.26,21.586,22.164,0,0
TEN_PE,D,20190212,000000,22.26,22.935,22.26,22.743,0,0
TEN_PE,D,20190213,000000,22.646,22.935,22.646,22.743,0,0
TEN_PE,D,20190214,000000,22.935,22.935,22.357,22.743,0,0
TEN_PE,D,20190215,000000,22.549,22.646,22.357,22.646,0,0
TEN_PE,D,20190218,000000,22.743,23.224,22.743,23.224,0,0
TEN_PE,D,20190219,000000,23.321,23.321,22.935,22.935,0,0
TEN_PE,D,20190220,000000,22.935,23.321,22.935,23.321,0,0
TEN_PE,D,20190221,000000,23.417,23.706,23.224,23.706,0,0
TEN_PE,D,20190222,000000,23.706,23.898,23.706,23.802,0,0
TEN_PE,D,20190225,000000,23.802,24.092,23.706,23.995,0,0
TEN_PE,D,20190226,000000,23.995,24.092,23.802,23.995,0,0
TEN_PE,D,20190227,000000,23.898,24.092,23.706,23.898,0,0
TEN_PE,D,20190228,000000,23.513,23.898,23.513,23.802,0,0
TEN_PE,D,20190301,000000,24.766,25.537,24.766,25.247,0,0
TEN_PE,D,20190304,000000,25.247,25.247,24.477,25.151,0,0
TEN_PE,D,20190305,000000,25.151,25.345,24.862,25.345,0,0
TEN_PE,D,20190306,000000,25.151,26.019,25.151,25.73,0,0
TEN_PE,D,20190307,000000,25.73,25.73,25.345,25.633,0,0
TEN_PE,D,20190308,000000,25.345,25.633,24.573,24.573,0,0
TEN_PE,D,20190311,000000,24.573,25.055,24.284,24.67,0,0
TEN_PE,D,20190312,000000,24.766,26.212,24.67,25.537,0,0
TEN_PE,D,20190313,000000,25.73,25.826,25.537,25.73,0,0
TEN_PE,D,20190314,000000,25.826,26.5,25.826,26.5,0,0
TEN_PE,D,20190315,000000,26.597,27.271,26.404,26.404,0,0
TEN_PE,D,20190318,000000,26.5,26.79,26.019,26.5,0,0
TEN_PE,D,20190319,000000,26.5,27.465,26.115,27.079,0,0
TEN_PE,D,20190320,000000,27.561,28.139,27.368,27.946,0,0
TEN_PE,D,20190321,000000,28.043,28.139,27.271,27.849,0,0
TEN_PE,D,20190322,000000,27.271,27.561,19.08,19.08,0,0
TEN_PE,D,20190325,000000,18.791,18.791,18.309,18.695,0,0
TEN_PE,D,20190326,000000,18.695,18.791,18.502,18.695,0,0
TEN_PE,D,20190327,000000,18.791,19.37,18.791,19.176,0,0
TEN_PE,D,20190328,000000,19.274,19.466,19.08,19.37,0,0
TEN_PE,D,20190329,000000,19.466,19.466,19.274,19.466,0,0
TEN_PE,D,20190401,000000,19.851,20.623,19.658,20.141,0,0
TEN_PE,D,20190402,000000,20.237,21.875,20.237,21.393,0,0
TEN_PE,D,20190403,000000,21.778,22.549,21.778,22.453,0,0
TEN_PE,D,20190404,000000,22.453,22.453,21.682,21.682,0,0
TEN_PE,D,20190405,000000,22.935,23.321,22.26,22.549,0,0
TEN_PE,D,20190408,000000,22.549,22.743,22.068,22.743,0,0
TEN_PE,D,20190409,000000,22.743,22.743,22.357,22.646,0,0
TEN_PE,D,20190410,000000,22.646,22.646,22.26,22.357,0,0
TEN_PE,D,20190411,000000,22.357,22.357,21.875,21.972,0,0
TEN_PE,D,20190412,000000,22.357,22.453,22.068,22.068,0,0
TEN_PE,D,20190415,000000,22.26,22.26,21.682,22.068,0,0
TEN_PE,D,20190416,000000,21.972,21.972,21.297,21.49,0,0
TEN_PE,D,20190417,000000,21.49,21.49,21.008,21.2,0,0
TEN_PE,D,20190418,000000,21.2,21.972,20.815,21.875,0,0
TEN_PE,D,20190423,000000,22.068,22.935,22.068,22.935,0,0
TEN_PE,D,20190424,000000,22.935,23.321,22.549,22.839,0,0
TEN_PE,D,20190425,000000,22.935,23.321,22.743,23.321,0,0
TEN_PE,D,20190426,000000,23.513,24.188,23.513,24.188,0,0
TEN_PE,D,20190429,000000,24.188,24.188,23.61,23.802,0,0
TEN_PE,D,20190430,000000,23.417,23.802,23.417,23.706,0,0
TEN_PE,D,20190502,000000,23.898,24.67,23.898,24.477,0,0
TEN_PE,D,20190506,000000,24.284,24.284,23.61,24.284,0,0
TEN_PE,D,20190507,000000,24.477,24.477,23.321,23.417,0,0
TEN_PE,D,20190508,000000,23.321,25.055,23.224,25.055,0,0
TEN_PE,D,20190509,000000,25.345,27.175,25.345,25.73,0,0
TEN_PE,D,20190510,000000,26.115,26.308,25.151,25.922,0,0
TEN_PE,D,20190513,000000,25.922,25.922,25.055,25.247,0,0
TEN_PE,D,20190514,000000,25.247,25.826,25.151,25.537,0,0
TEN_PE,D,20190515,000000,25.73,27.079,25.537,27.079,0,0
TEN_PE,D,20190516,000000,27.465,28.428,27.465,27.946,0,0
TEN_PE,D,20190517,000000,27.946,27.946,26.886,27.271,0,0
TEN_PE,D,20190520,000000,27.271,27.271,24.862,24.862,0,0
TEN_PE,D,20190521,000000,26.019,26.019,24.38,25.055,0,0
TEN_PE,D,20190522,000000,23.61,25.345,21.778,21.778,0,0
TEN_PE,D,20190523,000000,22.26,22.26,20.333,20.429,0,0
TEN_PE,D,20190524,000000,20.333,21.682,20.237,21.393,0,0
TEN_PE,D,20190527,000000,21.393,22.26,21.393,22.164,0,0
TEN_PE,D,20190528,000000,22.26,22.26,21.297,22.164,0,0
TEN_PE,D,20190529,000000,21.778,21.972,21.49,21.972,0,0
TEN_PE,D,20190530,000000,21.972,22.549,21.49,22.453,0,0
TEN_PE,D,20190531,000000,22.549,22.549,21.875,22.453,0,0
TEN_PE,D,20190603,000000,22.357,22.453,21.875,22.164,0,0
TEN_PE,D,20190604,000000,22.122,22.221,21.328,21.725,0,0
TEN_PE,D,20190605,000000,21.824,21.923,21.526,21.526,0,0
TEN_PE,D,20190606,000000,21.526,21.526,20.733,21.328,0,0
TEN_PE,D,20190607,000000,21.427,22.419,21.03,22.32,0,0
TEN_PE,D,20190610,000000,22.32,22.32,21.526,21.725,0,0
TEN_PE,D,20190611,000000,21.725,21.725,21.526,21.725,0,0
TEN_PE,D,20190612,000000,21.725,21.725,21.13,21.427,0,0
TEN_PE,D,20190613,000000,21.427,21.427,21.229,21.229,0,0
TEN_PE,D,20190614,000000,21.229,21.229,20.832,20.931,0,0
TEN_PE,D,20190617,000000,20.931,21.13,19.642,20.435,0,0
TEN_PE,D,20190618,000000,20.435,20.435,19.542,19.642,0,0
TEN_PE,D,20190619,000000,19.542,20.138,19.542,19.84,0,0
TEN_PE,D,20190621,000000,19.939,21.13,19.939,20.733,0,0
TEN_PE,D,20190624,000000,21.03,21.824,21.03,21.725,0,0
TEN_PE,D,20190625,000000,21.626,21.725,20.832,21.229,0,0
TEN_PE,D,20190626,000000,20.931,21.427,20.534,21.13,0,0
TEN_PE,D,20190627,000000,21.13,22.221,21.13,22.221,0,0
TEN_PE,D,20190628,000000,22.221,23.014,22.221,22.618,0,0
TEN_PE,D,20190701,000000,23.213,23.312,22.32,22.32,0,0
TEN_PE,D,20190702,000000,22.221,22.221,21.526,21.526,0,0
TEN_PE,D,20190703,000000,21.923,22.221,21.526,22.221,0,0
TEN_PE,D,20190704,000000,22.32,22.518,22.022,22.022,0,0
TEN_PE,D,20190705,000000,22.221,22.221,21.824,21.824,0,0
TEN_PE,D,20190708,000000,21.725,21.725,21.03,21.229,0,0
TEN_PE,D,20190709,000000,21.229,21.427,20.832,21.229,0,0
TEN_PE,D,20190710,000000,21.229,21.626,21.229,21.626,0,0
TEN_PE,D,20190711,000000,21.626,21.626,21.03,21.229,0,0
TEN_PE,D,20190712,000000,21.03,21.328,21.03,21.229,0,0
TEN_PE,D,20190715,000000,21.229,21.229,20.832,20.832,0,0
TEN_PE,D,20190716,000000,20.832,21.03,20.237,20.435,0,0
TEN_PE,D,20190717,000000,20.534,20.931,20.534,20.634,0,0
TEN_PE,D,20190718,000000,20.634,21.229,20.634,21.03,0,0
TEN_PE,D,20190719,000000,21.03,21.427,21.03,21.328,0,0
TEN_PE,D,20190722,000000,21.328,21.427,21.03,21.13,0,0
TEN_PE,D,20190723,000000,21.229,21.229,21.03,21.13,0,0
TEN_PE,D,20190724,000000,21.229,21.427,21.13,21.229,0,0
TEN_PE,D,20190725,000000,21.229,21.526,21.13,21.427,0,0
TEN_PE,D,20190726,000000,21.526,21.626,21.427,21.427,0,0
TEN_PE,D,20190729,000000,21.427,21.427,21.229,21.328,0,0
TEN_PE,D,20190730,000000,21.328,21.328,20.931,21.03,0,0
TEN_PE,D,20190731,000000,21.03,22.221,21.03,22.022,0,0
TEN_PE,D,20190801,000000,22.022,22.419,21.526,21.626,0,0
TEN_PE,D,20190802,000000,21.626,21.824,21.03,21.03,0,0
TEN_PE,D,20190805,000000,21.03,21.03,20.336,20.435,0,0
TEN_PE,D,20190806,000000,20.435,20.931,20.435,20.634,0,0
TEN_PE,D,20190807,000000,21.03,21.03,20.038,20.038,0,0
TEN_PE,D,20190808,000000,20.237,20.634,19.939,20.634,0,0
TEN_PE,D,20190809,000000,20.931,20.931,20.138,20.138,0,0
TEN_PE,D,20190812,000000,20.138,20.534,19.939,19.939,0,0
TEN_PE,D,20190813,000000,20.237,20.435,19.642,20.237,0,0
TEN_PE,D,20190814,000000,20.138,20.336,19.542,19.741,0,0
TEN_PE,D,20190816,000000,19.741,19.741,19.046,19.443,0,0
TEN_PE,D,20190819,000000,19.642,20.038,19.542,19.84,0,0
TEN_PE,D,20190820,000000,19.741,20.138,19.344,19.344,0,0
TEN_PE,D,20190821,000000,19.443,21.328,19.443,21.229,0,0
TEN_PE,D,20190822,000000,21.03,21.03,20.534,20.931,0,0
TEN_PE,D,20190823,000000,21.13,21.725,20.931,21.427,0,0
TEN_PE,D,20190826,000000,21.03,21.427,20.733,21.427,0,0
TEN_PE,D,20190827,000000,21.427,21.427,20.832,20.931,0,0
TEN_PE,D,20190828,000000,21.427,22.022,19.443,19.443,0,0
TEN_PE,D,20190829,000000,19.443,21.229,19.443,20.931,0,0
TEN_PE,D,20190830,000000,21.13,21.725,20.931,20.931,0,0
TEN_PE,D,20190902,000000,20.931,20.931,20.038,20.634,0,0
TEN_PE,D,20190903,000000,20.931,21.427,20.931,21.328,0,0
TEN_PE,D,20190904,000000,21.13,21.526,20.931,21.229,0,0
TEN_PE,D,20190905,000000,21.229,21.626,21.03,21.03,0,0
TEN_PE,D,20190906,000000,21.03,21.229,20.931,21.13,0,0
TEN_PE,D,20190909,000000,21.13,21.13,20.534,20.931,0,0
TEN_PE,D,20190910,000000,20.832,20.931,20.733,20.931,0,0
TEN_PE,D,20190911,000000,20.733,21.13,20.733,20.931,0,0
TEN_PE,D,20190912,000000,21.03,21.03,20.634,20.832,0,0
TEN_PE,D,20190913,000000,20.733,20.733,20.336,20.534,0,0
TEN_PE,D,20190916,000000,20.336,20.733,20.138,20.634,0,0
TEN_PE,D,20190917,000000,20.435,20.634,20.336,20.634,0,0
TEN_PE,D,20190918,000000,20.634,20.634,20.336,20.336,0,0
TEN_PE,D,20190919,000000,20.336,21.03,20.336,21.03,0,0
TEN_PE,D,20190920,000000,21.03,22.022,21.03,22.022,0,0
TEN_PE,D,20190923,000000,22.022,22.022,21.229,21.328,0,0
TEN_PE,D,20190924,000000,21.229,21.427,20.832,20.931,0,0
TEN_PE,D,20190925,000000,21.229,21.229,20.832,20.832,0,0
TEN_PE,D,20190926,000000,21.03,21.03,20.634,20.931,0,0
TEN_PE,D,20190927,000000,20.634,20.832,20.634,20.634,0,0
TEN_PE,D,20190930,000000,20.634,20.733,20.336,20.336,0,0
TEN_PE,D,20191001,000000,20.435,21.229,20.336,21.13,0,0
TEN_PE,D,20191002,000000,21.13,21.13,19.443,19.642,0,0
TEN_PE,D,20191003,000000,19.443,20.138,19.443,19.741,0,0
TEN_PE,D,20191004,000000,19.84,20.038,19.542,20.038,0,0
TEN_PE,D,20191007,000000,20.038,20.138,19.741,20.038,0,0
TEN_PE,D,20191008,000000,20.237,21.626,20.237,21.427,0,0
TEN_PE,D,20191009,000000,21.626,23.014,21.427,22.915,0,0
TEN_PE,D,20191010,000000,23.014,23.411,22.518,22.518,0,0
TEN_PE,D,20191011,000000,22.717,23.213,22.518,22.717,0,0
TEN_PE,D,20191014,000000,22.816,24.602,22.717,24.602,0,0
TEN_PE,D,20191015,000000,24.304,24.701,23.907,24.106,0,0
TEN_PE,D,20191016,000000,24.205,24.205,23.907,24.106,0,0
TEN_PE,D,20191017,000000,24.403,25.891,23.808,24.899,0,0
TEN_PE,D,20191018,000000,24.899,25.296,24.205,24.502,0,0
TEN_PE,D,20191021,000000,24.701,25.098,24.602,24.899,0,0
TEN_PE,D,20191022,000000,24.899,24.899,23.114,23.312,0,0
TEN_PE,D,20191023,000000,23.51,23.51,21.328,22.122,0,0
TEN_PE,D,20191024,000000,22.122,22.518,22.122,22.221,0,0
TEN_PE,D,20191025,000000,22.419,22.915,22.32,22.717,0,0
TEN_PE,D,20191028,000000,23.312,23.312,22.717,23.014,0,0
TEN_PE,D,20191029,000000,22.915,24.006,22.915,23.808,0,0
TEN_PE,D,20191030,000000,23.61,24.106,23.61,23.907,0,0
TEN_PE,D,20191031,000000,23.907,24.205,23.709,24.106,0,0
TEN_PE,D,20191104,000000,24.304,24.998,24.304,24.998,0,0
TEN_PE,D,20191105,000000,24.998,26.09,24.998,25.891,0,0
TEN_PE,D,20191106,000000,25.891,26.486,24.998,25.098,0,0
TEN_PE,D,20191107,000000,25.098,26.09,25.098,25.792,0,0
TEN_PE,D,20191108,000000,25.891,26.288,25.296,25.891,0,0
TEN_PE,D,20191112,000000,25.99,25.99,25.395,25.395,0,0
TEN_PE,D,20191113,000000,25.594,25.693,25.395,25.395,0,0
TEN_PE,D,20191114,000000,25.494,25.693,24.403,24.701,0,0
TEN_PE,D,20191115,000000,24.403,25.594,24.403,25.395,0,0
TEN_PE,D,20191118,000000,25.594,25.594,24.602,25.197,0,0
TEN_PE,D,20191119,000000,25.098,25.395,24.899,25.296,0,0
TEN_PE,D,20191120,000000,25.296,25.693,25.098,25.693,0,0
TEN_PE,D,20191121,000000,25.792,26.883,25.792,26.883,0,0
TEN_PE,D,20191122,000000,26.883,26.883,26.387,26.784,0,0
TEN_PE,D,20191125,000000,26.883,27.082,26.685,26.883,0,0
TEN_PE,D,20191126,000000,26.982,26.982,26.288,26.387,0,0
TEN_PE,D,20191127,000000,26.883,26.883,25.891,26.09,0,0
TEN_PE,D,20191128,000000,26.189,26.189,22.122,22.122,0,0
TEN_PE,D,20191129,000000,22.122,22.122,21.427,21.725,0,0
TEN_PE,D,20191202,000000,21.824,22.816,21.824,22.717,0,0
TEN_PE,D,20191203,000000,22.618,23.411,22.618,23.213,0,0
TEN_PE,D,20191204,000000,23.411,23.61,23.213,23.411,0,0
TEN_PE,D,20191205,000000,23.411,23.411,23.114,23.312,0,0
TEN_PE,D,20191206,000000,23.312,23.312,23.114,23.114,0,0
TEN_PE,D,20191209,000000,23.014,23.312,22.915,23.114,0,0
TEN_PE,D,20191210,000000,23.213,23.907,23.014,23.808,0,0
TEN_PE,D,20191211,000000,23.808,24.8,23.808,24.8,0,0
TEN_PE,D,20191212,000000,24.998,26.685,24.8,26.685,0,0
TEN_PE,D,20191213,000000,26.486,26.486,25.494,25.891,0,0
TEN_PE,D,20191216,000000,25.99,25.99,25.594,25.792,0,0
TEN_PE,D,20191217,000000,25.693,27.181,25.296,27.181,0,0
TEN_PE,D,20191218,000000,27.181,28.074,26.883,27.875,0,0
TEN_PE,D,20191219,000000,27.875,28.57,27.875,28.371,0,0
TEN_PE,D,20191220,000000,28.371,28.371,27.181,27.181,0,0
TEN_PE,D,20191223,000000,27.478,28.371,26.784,26.784,0,0
TEN_PE,D,20191227,000000,26.883,26.883,25.693,25.693,0,0
TEN_PE,D,20191230,000000,25.693,26.387,25.594,25.693,0,0
TEN_PE,D,20200102,000000,25.99,26.883,25.99,26.685,0,0
TEN_PE,D,20200103,000000,26.685,27.181,26.586,27.082,0,0
TEN_PE,D,20200107,000000,27.181,28.173,27.181,27.776,0,0
TEN_PE,D,20200108,000000,27.677,29.462,27.677,29.363,0,0
TEN_PE,D,20200109,000000,29.661,31.744,29.661,31.546,0,0
TEN_PE,D,20200110,000000,31.446,31.843,30.653,30.653,0,0
TEN_PE,D,20200113,000000,30.851,31.546,30.752,31.546,0,0
TEN_PE,D,20200114,000000,31.843,32.538,31.05,32.339,0,0
TEN_PE,D,20200115,000000,32.438,32.538,30.157,30.157,0,0
TEN_PE,D,20200116,000000,30.454,31.843,30.157,31.347,0,0
TEN_PE,D,20200117,000000,30.454,32.042,30.454,31.05,0,0
TEN_PE,D,20200120,000000,30.95,32.934,30.95,32.736,0,0
TEN_PE,D,20200121,000000,33.133,33.133,32.339,32.538,0,0
TEN_PE,D,20200122,000000,32.637,33.728,32.637,33.53,0,0
TEN_PE,D,20200123,000000,33.53,33.728,33.133,33.232,0,0
TEN_PE,D,20200124,000000,33.232,35.414,33.133,34.918,0,0
TEN_PE,D,20200127,000000,34.918,34.918,33.331,33.629,0,0
TEN_PE,D,20200128,000000,33.53,34.918,33.53,33.629,0,0
TEN_PE,D,20200129,000000,30.95,32.438,30.554,30.851,0,0
TEN_PE,D,20200130,000000,30.752,30.851,30.058,30.058,0,0
TEN_PE,D,20200131,000000,30.058,30.851,30.058,30.058,0,0
TEN_PE,D,20200203,000000,30.157,32.24,30.157,32.24,0,0
TEN_PE,D,20200204,000000,32.736,34.422,32.736,34.224,0,0
TEN_PE,D,20200205,000000,34.72,35.216,34.026,34.323,0,0
TEN_PE,D,20200206,000000,34.323,34.522,33.53,34.224,0,0
TEN_PE,D,20200207,000000,33.728,35.018,33.728,34.422,0,0
TEN_PE,D,20200210,000000,34.422,34.918,34.323,34.621,0,0
TEN_PE,D,20200211,000000,34.72,36.208,34.72,35.91,0,0
TEN_PE,D,20200212,000000,35.91,35.91,35.117,35.117,0,0
TEN_PE,D,20200213,000000,35.613,35.613,34.621,34.918,0,0
TEN_PE,D,20200214,000000,35.216,35.216,33.827,34.026,0,0
TEN_PE,D,20200217,000000,34.026,34.918,34.026,34.72,0,0
TEN_PE,D,20200218,000000,34.72,34.819,33.331,33.629,0,0
TEN_PE,D,20200219,000000,33.232,35.514,32.934,35.514,0,0
TEN_PE,D,20200220,000000,35.712,35.811,34.026,35.018,0,0
TEN_PE,D,20200221,000000,35.712,38.192,35.712,38.192,0,0
TEN_PE,D,20200224,000000,37.597,37.597,35.315,36.307,0,0
TEN_PE,D,20200225,000000,36.208,36.208,33.133,34.224,0,0
TEN_PE,D,20200226,000000,33.43,36.01,33.232,34.72,0,0
TEN_PE,D,20200227,000000,34.819,35.613,33.629,33.827,0,0
TEN_PE,D,20200228,000000,32.042,33.827,30.355,32.835,0,0
TEN_PE,D,20200302,000000,36.307,36.506,33.53,35.018,0,0
TEN_PE,D,20200303,000000,36.406,39.68,36.208,39.68,0,0
TEN_PE,D,20200304,000000,38.886,40.275,38.291,39.482,0,0
TEN_PE,D,20200305,000000,40.672,40.771,38.093,39.482,0,0
TEN_PE,D,20200306,000000,37.994,39.482,37.299,38.886,0,0
TEN_PE,D,20200309,000000,35.117,36.605,33.034,36.307,0,0
TEN_PE,D,20200310,000000,36.803,37.894,34.621,35.613,0,0
TEN_PE,D,20200311,000000,35.613,35.613,32.637,32.835,0,0
TEN_PE,D,20200312,000000,29.958,29.958,24.205,24.205,0,0
TEN_PE,D,20200313,000000,26.586,29.264,25.197,26.685,0,0
TEN_PE,D,20200316,000000,25.99,30.95,24.899,29.958,0,0
TEN_PE,D,20200317,000000,31.248,32.637,30.851,31.248,0,0
TEN_PE,D,20200318,000000,31.248,33.629,30.95,31.149,0,0
TEN_PE,D,20200319,000000,31.248,32.538,31.149,32.538,0,0
TEN_PE,D,20200320,000000,33.827,35.117,32.538,33.43,0,0
TEN_PE,D,20200323,000000,31.843,34.323,31.843,32.835,0,0
TEN_PE,D,20200324,000000,35.91,36.605,26.288,26.288,0,0
TEN_PE,D,20200325,000000,27.379,27.379,25.494,25.792,0,0
TEN_PE,D,20200326,000000,25.494,26.09,25.296,25.891,0,0
TEN_PE,D,20200327,000000,25.99,26.09,25.891,25.891,0,0
TEN_PE,D,20200330,000000,25.891,26.387,25.494,26.09,0,0
TEN_PE,D,20200331,000000,26.586,27.181,26.586,26.586,0,0
TEN_PE,D,20200401,000000,26.09,28.57,26.09,27.875,0,0
TEN_PE,D,20200402,000000,28.173,28.669,27.875,28.173,0,0
TEN_PE,D,20200403,000000,28.173,28.47,27.677,28.173,0,0
TEN_PE,D,20200406,000000,28.669,30.752,28.47,29.859,0,0
TEN_PE,D,20200407,000000,30.454,30.95,28.371,28.371,0,0
TEN_PE,D,20200408,000000,28.173,29.264,28.173,29.264,0,0
TEN_PE,D,20200409,000000,30.157,30.157,28.57,29.066,0,0
TEN_PE,D,20200414,000000,29.165,29.958,29.165,29.958,0,0
TEN_PE,D,20200415,000000,30.157,30.355,29.462,29.958,0,0
TEN_PE,D,20200416,000000,30.058,30.851,30.058,30.752,0,0
TEN_PE,D,20200417,000000,31.248,33.232,31.248,32.835,0,0
TEN_PE,D,20200420,000000,32.934,35.018,32.934,35.018,0,0
TEN_PE,D,20200421,000000,34.918,34.918,33.629,33.629,0,0
TEN_PE,D,20200422,000000,33.43,34.918,32.934,34.918,0,0
TEN_PE,D,20200423,000000,35.117,35.811,34.522,35.811,0,0
TEN_PE,D,20200424,000000,35.414,36.109,35.216,35.91,0,0
TEN_PE,D,20200427,000000,36.208,38.49,36.208,38.093,0,0
TEN_PE,D,20200428,000000,38.291,38.688,38.291,38.688,0,0
TEN_PE,D,20200429,000000,39.184,40.87,39.184,40.573,0,0
TEN_PE,D,20200430,000000,41.466,41.466,38.688,39.482,0,0
TEN_PE,D,20200504,000000,41.763,42.854,41.664,42.358,0,0
TEN_PE,D,20200505,000000,42.755,44.442,42.557,42.557,0,0
TEN_PE,D,20200506,000000,43.45,43.45,41.466,42.458,0,0
TEN_PE,D,20200507,000000,42.458,43.35,42.458,42.755,0,0
TEN_PE,D,20200508,000000,43.053,43.053,41.069,42.16,0,0
TEN_PE,D,20200511,000000,42.358,42.854,41.962,42.16,0,0
TEN_PE,D,20200512,000000,42.656,43.053,41.862,42.458,0,0
TEN_PE,D,20200513,000000,43.251,44.243,43.251,43.747,0,0
TEN_PE,D,20200514,000000,43.846,43.846,41.565,42.358,0,0
TEN_PE,D,20200515,000000,43.747,43.946,42.358,43.846,0,0
TEN_PE,D,20200518,000000,44.342,44.541,43.45,44.045,0,0
TEN_PE,D,20200519,000000,44.541,44.541,43.946,43.946,0,0
TEN_PE,D,20200520,000000,44.243,46.525,43.946,46.128,0,0
TEN_PE,D,20200521,000000,46.723,48.31,46.426,48.112,0,0
TEN_PE,D,20200522,000000,47.814,48.31,47.219,48.211,0,0
TEN_PE,D,20200525,000000,48.211,50.989,48.211,50.691,0,0
TEN_PE,D,20200526,000000,50.89,50.89,36.902,36.902,0,0
TEN_PE,D,20200527,000000,37.002,37.398,33.926,35.414,0,0
TEN_PE,D,20200528,000000,35.7,36.6,33.4,36.1,0,0
TEN_PE,D,20200529,000000,36.3,36.7,34.9,36.3,0,0
TEN_PE,D,20200601,000000,35.7,37.4,35.7,37.4,0,0
TEN_PE,D,20200602,000000,37.8,37.8,35.7,36.1,0,0
TEN_PE,D,20200603,000000,36.4,36.7,35.4,35.5,0,0
TEN_PE,D,20200604,000000,35.6,35.8,33.6,33.7,0,0
TEN_PE,D,20200605,000000,34.1,34.5,34.1,34.3,0,0
TEN_PE,D,20200608,000000,34.6,34.6,32,32.4,0,0
TEN_PE,D,20200609,000000,32.3,34.8,31.8,34.8,0,0
TEN_PE,D,20200610,000000,35.4,36.4,35,35.9,0,0
TEN_PE,D,20200612,000000,34.3,36.3,34.3,36.1,0,0
TEN_PE,D,20200615,000000,35.7,35.9,35.3,35.7,0,0
TEN_PE,D,20200616,000000,36.3,36.9,36.3,36.9,0,0
TEN_PE,D,20200617,000000,36.9,39,36.8,38.9,0,0
TEN_PE,D,20200618,000000,39.3,39.3,37.7,37.7,0,0
TEN_PE,D,20200619,000000,37.7,38.8,37.7,38.2,0,0
TEN_PE,D,20200622,000000,38,40.1,38,40,0,0
TEN_PE,D,20200623,000000,40.2,41.4,39.8,40.1,0,0
TEN_PE,D,20200624,000000,40.1,40.5,39.6,39.6,0,0
TEN_PE,D,20200625,000000,39.6,40.7,38.8,40.7,0,0
TEN_PE,D,20200626,000000,41.3,41.3,39.3,39.4,0,0
TEN_PE,D,20200629,000000,38.8,39.3,37.8,37.9,0,0
TEN_PE,D,20200630,000000,37.9,39.7,36.9,37.1,0,0
TEN_PE,D,20200701,000000,37.1,39.1,37.1,39.1,0,0
TEN_PE,D,20200702,000000,39.2,39.7,39.1,39.1,0,0
TEN_PE,D,20200703,000000,39,40.7,39,40.5,0,0
TEN_PE,D,20200706,000000,40.9,43.9,40.6,43,0,0
TEN_PE,D,20200707,000000,43.1,43.7,41.9,42.6,0,0
TEN_PE,D,20200708,000000,42.8,42.8,42.2,42.6,0,0
TEN_PE,D,20200709,000000,42.7,42.7,42.2,42.5,0,0
TEN_PE,D,20200710,000000,42.1,42.1,41.1,41.4,0,0
TEN_PE,D,20200713,000000,42.3,42.3,41.5,41.8,0,0
TEN_PE,D,20200714,000000,41.8,41.8,40.2,40.7,0,0
TEN_PE,D,20200715,000000,40.8,42.3,40.6,41.1,0,0
TEN_PE,D,20200716,000000,41.6,41.8,40.7,41.8,0,0
TEN_PE,D,20200717,000000,41.5,41.5,40.9,41.1,0,0
TEN_PE,D,20200720,000000,40.7,40.7,39.3,39.6,0,0
TEN_PE,D,20200721,000000,39.9,41.4,39.6,39.6,0,0
TEN_PE,D,20200722,000000,39.2,39.9,38.6,38.6,0,0
TEN_PE,D,20200723,000000,38.4,39.5,38.4,39,0,0
TEN_PE,D,20200724,000000,38.3,38.7,37.6,38.4,0,0
TEN_PE,D,20200727,000000,38.2,40.1,37.3,40.1,0,0
TEN_PE,D,20200728,000000,39.8,39.8,38.9,38.9,0,0
TEN_PE,D,20200729,000000,38.8,39.8,38.3,39.6,0,0
TEN_PE,D,20200730,000000,39.6,39.8,38.5,39,0,0
TEN_PE,D,20200731,000000,38.6,39.8,38.6,39.3,0,0
TEN_PE,D,20200803,000000,40.1,40.1,38.9,39.7,0,0
TEN_PE,D,20200804,000000,40.1,40.3,39.1,39.6,0,0
TEN_PE,D,20200805,000000,39.6,39.6,37.8,37.9,0,0
TEN_PE,D,20200806,000000,37.9,39.3,37.3,38.9,0,0
TEN_PE,D,20200807,000000,38.7,39.3,37.8,39.1,0,0
TEN_PE,D,20200810,000000,39.2,39.7,38.8,39,0,0
TEN_PE,D,20200811,000000,39.2,41.1,38.9,41.1,0,0
TEN_PE,D,20200812,000000,40.7,40.7,40.2,40.7,0,0
TEN_PE,D,20200813,000000,41.1,41.7,40.7,41.1,0,0
TEN_PE,D,20200814,000000,40.8,41.3,40.4,40.6,0,0
TEN_PE,D,20200817,000000,40.8,41.6,40.5,40.9,0,0
TEN_PE,D,20200818,000000,41.3,41.3,40.6,41,0,0
TEN_PE,D,20200819,000000,41.3,41.9,40.7,40.7,0,0
TEN_PE,D,20200820,000000,41.1,41.2,40.6,41.1,0,0
TEN_PE,D,20200821,000000,41,41.7,41,41.1,0,0
