<TICKER>,<PER>,<DATE>,<TIME>,<OPEN>,<HIGH>,<LOW>,<CLOSE>,<VOL>,<OPENINT>
TOR_PE,D,20140905,000000,32.09,32.09,32.09,32.09,0,0
TOR_PE,D,20140908,000000,32.325,32.325,30.681,31.308,0,0
TOR_PE,D,20140909,000000,31.308,32.794,31.308,32.794,0,0
TOR_PE,D,20140910,000000,32.639,32.874,32.325,32.874,0,0
TOR_PE,D,20140911,000000,32.874,33.42,11.192,11.192,0,0
TOR_PE,D,20140912,000000,11.192,11.192,11.036,11.114,0,0
TOR_PE,D,20140915,000000,11.349,11.349,11.114,11.349,0,0
TOR_PE,D,20140916,000000,11.349,11.819,11.349,11.583,0,0
TOR_PE,D,20140917,000000,11.74,11.74,11.583,11.74,0,0
TOR_PE,D,20140918,000000,11.74,11.74,11.661,11.661,0,0
TOR_PE,D,20140919,000000,11.74,11.74,11.583,11.661,0,0
TOR_PE,D,20140922,000000,11.74,11.74,11.583,11.583,0,0
TOR_PE,D,20140923,000000,11.583,11.583,11.192,11.349,0,0
TOR_PE,D,20140924,000000,11.192,11.661,10.879,11.661,0,0
TOR_PE,D,20140925,000000,11.661,11.74,11.661,11.661,0,0
TOR_PE,D,20140926,000000,11.74,12.367,11.661,12.053,0,0
TOR_PE,D,20140929,000000,12.367,12.367,12.053,12.288,0,0
TOR_PE,D,20140930,000000,12.367,12.367,12.211,12.211,0,0
TOR_PE,D,20141001,000000,12.288,12.288,11.897,12.131,0,0
TOR_PE,D,20141002,000000,12.211,12.211,11.897,12.053,0,0
TOR_PE,D,20141003,000000,12.053,12.211,11.975,12.211,0,0
TOR_PE,D,20141006,000000,12.288,12.288,12.131,12.131,0,0
TOR_PE,D,20141007,000000,12.131,12.288,12.131,12.288,0,0
TOR_PE,D,20141008,000000,12.288,12.288,11.975,11.975,0,0
TOR_PE,D,20141009,000000,12.053,12.211,11.819,11.897,0,0
TOR_PE,D,20141010,000000,11.897,11.897,11.661,11.897,0,0
TOR_PE,D,20141013,000000,11.975,11.975,11.661,11.897,0,0
TOR_PE,D,20141014,000000,11.897,11.897,11.583,11.819,0,0
TOR_PE,D,20141015,000000,11.897,11.897,11.428,11.583,0,0
TOR_PE,D,20141016,000000,11.661,11.661,11.428,11.506,0,0
TOR_PE,D,20141017,000000,11.74,11.74,11.349,11.583,0,0
TOR_PE,D,20141020,000000,11.583,11.583,11.349,11.506,0,0
TOR_PE,D,20141021,000000,11.506,11.975,11.506,11.819,0,0
TOR_PE,D,20141022,000000,11.819,11.819,11.74,11.74,0,0
TOR_PE,D,20141023,000000,11.819,11.819,11.583,11.819,0,0
TOR_PE,D,20141024,000000,11.661,11.819,11.661,11.819,0,0
TOR_PE,D,20141027,000000,11.819,11.819,11.506,11.661,0,0
TOR_PE,D,20141028,000000,11.583,11.661,11.583,11.661,0,0
TOR_PE,D,20141029,000000,11.661,11.74,11.506,11.661,0,0
TOR_PE,D,20141030,000000,11.819,12.053,11.506,12.053,0,0
TOR_PE,D,20141031,000000,12.053,12.522,11.975,12.053,0,0
TOR_PE,D,20141103,000000,12.288,12.288,11.897,11.975,0,0
TOR_PE,D,20141104,000000,12.288,12.288,11.975,12.053,0,0
TOR_PE,D,20141105,000000,12.211,12.288,12.053,12.131,0,0
TOR_PE,D,20141106,000000,11.975,12.288,11.975,12.211,0,0
TOR_PE,D,20141107,000000,12.288,12.288,11.897,12.211,0,0
TOR_PE,D,20141110,000000,12.288,12.288,11.975,12.131,0,0
TOR_PE,D,20141112,000000,12.211,12.288,12.131,12.131,0,0
TOR_PE,D,20141113,000000,12.131,12.131,11.661,12.131,0,0
TOR_PE,D,20141114,000000,12.211,12.211,11.897,12.131,0,0
TOR_PE,D,20141117,000000,12.131,12.131,11.661,11.897,0,0
TOR_PE,D,20141118,000000,11.897,12.602,11.74,12.444,0,0
TOR_PE,D,20141119,000000,12.367,12.602,12.288,12.367,0,0
TOR_PE,D,20141120,000000,12.367,12.522,12.053,12.367,0,0
TOR_PE,D,20141121,000000,11.74,12.367,11.74,12.288,0,0
TOR_PE,D,20141124,000000,12.288,12.288,12.053,12.131,0,0
TOR_PE,D,20141125,000000,12.211,12.211,9.3918,9.3918,0,0
TOR_PE,D,20141126,000000,9.3918,9.862,9.3918,9.705,0,0
TOR_PE,D,20141127,000000,9.705,9.705,9.627,9.627,0,0
TOR_PE,D,20141128,000000,9.627,9.784,9.4706,9.627,0,0
TOR_PE,D,20141201,000000,9.705,9.705,9.3918,9.549,0,0
TOR_PE,D,20141202,000000,9.705,9.705,9.549,9.705,0,0
TOR_PE,D,20141203,000000,9.784,9.784,9.4706,9.549,0,0
TOR_PE,D,20141204,000000,9.549,9.862,9.3918,9.784,0,0
TOR_PE,D,20141205,000000,9.784,10.253,9.784,10.253,0,0
TOR_PE,D,20141208,000000,10.332,10.566,10.332,10.566,0,0
TOR_PE,D,20141209,000000,10.645,10.645,10.095,10.332,0,0
TOR_PE,D,20141210,000000,10.41,10.41,10.095,10.175,0,0
TOR_PE,D,20141211,000000,9.942,10.018,9.784,10.018,0,0
TOR_PE,D,20141212,000000,9.942,10.095,9.784,9.942,0,0
TOR_PE,D,20141215,000000,9.942,9.942,9.4706,9.549,0,0
TOR_PE,D,20141216,000000,9.627,9.627,9.0006,9.1572,0,0
TOR_PE,D,20141217,000000,9.3139,9.549,9.0794,9.1572,0,0
TOR_PE,D,20141218,000000,9.1572,9.784,9.0794,9.705,0,0
TOR_PE,D,20141219,000000,9.705,9.784,9.4706,9.705,0,0
TOR_PE,D,20141222,000000,9.862,9.862,9.4706,9.549,0,0
TOR_PE,D,20141223,000000,9.549,9.705,9.4706,9.4706,0,0
TOR_PE,D,20141229,000000,9.549,9.705,9.549,9.705,0,0
TOR_PE,D,20141230,000000,9.705,9.784,9.3139,9.784,0,0
TOR_PE,D,20150102,000000,9.784,9.784,9.705,9.705,0,0
TOR_PE,D,20150105,000000,9.705,9.705,9.4706,9.705,0,0
TOR_PE,D,20150107,000000,9.784,9.784,9.3139,9.549,0,0
TOR_PE,D,20150108,000000,9.549,9.549,9.4706,9.549,0,0
TOR_PE,D,20150109,000000,9.549,9.705,9.549,9.627,0,0
TOR_PE,D,20150112,000000,9.862,9.862,9.4706,9.784,0,0
TOR_PE,D,20150113,000000,9.784,9.862,9.705,9.705,0,0
TOR_PE,D,20150114,000000,9.784,9.784,9.4706,9.4706,0,0
TOR_PE,D,20150115,000000,9.627,9.627,9.3918,9.627,0,0
TOR_PE,D,20150116,000000,9.627,9.627,9.3139,9.3918,0,0
TOR_PE,D,20150119,000000,9.3139,9.3918,9.0794,9.3918,0,0
TOR_PE,D,20150120,000000,9.4706,9.4706,9.1572,9.1572,0,0
TOR_PE,D,20150121,000000,9.1572,9.3918,9.0006,9.3918,0,0
TOR_PE,D,20150122,000000,9.3918,9.3918,9.1572,9.3139,0,0
TOR_PE,D,20150123,000000,9.2351,9.549,9.2351,9.549,0,0
TOR_PE,D,20150126,000000,9.549,9.549,9.1572,9.3918,0,0
TOR_PE,D,20150127,000000,9.3918,9.4706,9.2351,9.4706,0,0
TOR_PE,D,20150128,000000,9.3918,9.4706,9.2351,9.4706,0,0
TOR_PE,D,20150129,000000,9.4706,9.4706,9.4706,9.4706,0,0
TOR_PE,D,20150130,000000,9.4706,9.549,9.2351,9.549,0,0
TOR_PE,D,20150202,000000,9.627,9.627,9.549,9.627,0,0
TOR_PE,D,20150203,000000,9.627,9.627,9.549,9.627,0,0
TOR_PE,D,20150204,000000,9.705,9.705,9.627,9.627,0,0
TOR_PE,D,20150205,000000,9.705,9.705,9.627,9.627,0,0
TOR_PE,D,20150206,000000,9.705,9.705,9.1572,9.705,0,0
TOR_PE,D,20150209,000000,9.705,9.705,9.4706,9.4706,0,0
TOR_PE,D,20150210,000000,9.549,9.627,9.549,9.627,0,0
TOR_PE,D,20150211,000000,9.627,9.784,9.627,9.784,0,0
TOR_PE,D,20150212,000000,9.784,10.488,9.784,10.488,0,0
TOR_PE,D,20150213,000000,10.488,10.645,10.095,10.41,0,0
TOR_PE,D,20150216,000000,10.41,11.192,10.018,11.192,0,0
TOR_PE,D,20150217,000000,10.958,10.958,10.566,10.566,0,0
TOR_PE,D,20150218,000000,10.566,10.879,10.488,10.488,0,0
TOR_PE,D,20150219,000000,10.488,10.723,10.018,10.645,0,0
TOR_PE,D,20150220,000000,10.645,10.723,10.566,10.723,0,0
TOR_PE,D,20150223,000000,10.879,10.879,10.645,10.723,0,0
TOR_PE,D,20150224,000000,10.801,10.801,10.723,10.723,0,0
TOR_PE,D,20150225,000000,10.723,10.723,10.723,10.723,0,0
TOR_PE,D,20150226,000000,10.879,10.879,10.566,10.801,0,0
TOR_PE,D,20150227,000000,10.879,10.879,10.41,10.723,0,0
TOR_PE,D,20150302,000000,10.879,10.879,10.723,10.723,0,0
TOR_PE,D,20150303,000000,10.723,10.723,10.41,10.723,0,0
TOR_PE,D,20150304,000000,10.879,10.879,10.41,10.723,0,0
TOR_PE,D,20150305,000000,10.723,10.879,10.723,10.879,0,0
TOR_PE,D,20150306,000000,10.566,10.879,10.566,10.879,0,0
TOR_PE,D,20150309,000000,10.879,11.114,10.801,11.036,0,0
TOR_PE,D,20150310,000000,10.801,11.036,10.801,10.801,0,0
TOR_PE,D,20150311,000000,10.801,10.958,10.801,10.958,0,0
TOR_PE,D,20150312,000000,11.036,11.192,10.958,10.958,0,0
TOR_PE,D,20150313,000000,11.271,11.271,11.036,11.036,0,0
TOR_PE,D,20150316,000000,11.114,11.114,11.036,11.114,0,0
TOR_PE,D,20150317,000000,11.114,11.114,11.036,11.036,0,0
TOR_PE,D,20150318,000000,11.036,11.036,10.958,11.036,0,0
TOR_PE,D,20150319,000000,11.036,11.036,10.958,11.036,0,0
TOR_PE,D,20150320,000000,11.036,11.036,10.958,11.036,0,0
TOR_PE,D,20150323,000000,11.036,11.271,10.958,11.271,0,0
TOR_PE,D,20150324,000000,11.74,12.367,8.9227,8.9227,0,0
TOR_PE,D,20150325,000000,9.0794,9.549,9.0006,9.3139,0,0
TOR_PE,D,20150326,000000,9.3139,9.3139,8.8445,9.2351,0,0
TOR_PE,D,20150327,000000,9.1572,9.2351,9.0006,9.1572,0,0
TOR_PE,D,20150330,000000,9.2351,9.2351,9.0006,9.1572,0,0
TOR_PE,D,20150331,000000,9.1572,9.4706,9.1572,9.3139,0,0
TOR_PE,D,20150401,000000,9.3139,9.3139,9.2351,9.2351,0,0
TOR_PE,D,20150402,000000,9.3139,9.3918,9.2351,9.2351,0,0
TOR_PE,D,20150407,000000,9.3139,9.3139,9.0006,9.0794,0,0
TOR_PE,D,20150408,000000,9.0794,9.1572,8.8445,9.0006,0,0
TOR_PE,D,20150409,000000,9.3139,9.3139,8.9227,9.0794,0,0
TOR_PE,D,20150410,000000,9.0794,9.0794,8.8445,9.0794,0,0
TOR_PE,D,20150413,000000,9.2351,9.2351,9.0006,9.1572,0,0
TOR_PE,D,20150414,000000,9.0006,9.0794,9.0006,9.0006,0,0
TOR_PE,D,20150415,000000,9.0006,9.0794,8.9227,8.9227,0,0
TOR_PE,D,20150416,000000,8.9227,9.1572,8.8445,8.9227,0,0
TOR_PE,D,20150417,000000,8.9227,9.1572,8.9227,9.0794,0,0
TOR_PE,D,20150420,000000,9.1572,9.1572,9.0006,9.1572,0,0
TOR_PE,D,20150421,000000,9.1572,9.1572,9.0794,9.0794,0,0
TOR_PE,D,20150422,000000,9.0794,9.0794,8.9227,9.0794,0,0
TOR_PE,D,20150423,000000,9.0794,9.0794,9.0006,9.0006,0,0
TOR_PE,D,20150424,000000,9.0006,9.0006,8.9227,9.0006,0,0
TOR_PE,D,20150427,000000,9.0794,9.3918,9.0006,9.2351,0,0
TOR_PE,D,20150428,000000,9.2351,9.2351,9.0006,9.1572,0,0
TOR_PE,D,20150429,000000,9.1572,9.2351,9.0006,9.0006,0,0
TOR_PE,D,20150430,000000,9.0006,9.2351,9.0006,9.2351,0,0
TOR_PE,D,20150504,000000,9.2351,9.2351,9.1572,9.2351,0,0
TOR_PE,D,20150505,000000,9.2351,9.3139,8.9227,8.9227,0,0
TOR_PE,D,20150506,000000,9.0794,9.2351,9.0006,9.0794,0,0
TOR_PE,D,20150507,000000,9.1572,9.2351,8.9227,8.9227,0,0
TOR_PE,D,20150508,000000,9.0006,9.1572,9.0006,9.1572,0,0
TOR_PE,D,20150511,000000,9.0794,9.705,9.0794,9.549,0,0
TOR_PE,D,20150512,000000,9.549,9.549,9.2351,9.2351,0,0
TOR_PE,D,20150513,000000,9.4706,9.549,9.3139,9.4706,0,0
TOR_PE,D,20150514,000000,9.4706,9.627,9.3918,9.4706,0,0
TOR_PE,D,20150515,000000,9.705,9.862,9.549,9.627,0,0
TOR_PE,D,20150518,000000,9.942,9.942,9.549,9.627,0,0
TOR_PE,D,20150519,000000,9.784,9.784,9.4706,9.549,0,0
TOR_PE,D,20150520,000000,9.549,9.627,8.2968,8.2968,0,0
TOR_PE,D,20150521,000000,8.2968,8.3743,8.2185,8.2968,0,0
TOR_PE,D,20150522,000000,8.2968,8.5312,8.2185,8.4524,0,0
TOR_PE,D,20150525,000000,8.4524,8.4524,8.2968,8.3743,0,0
TOR_PE,D,20150526,000000,8.2968,8.2968,8.2185,8.2185,0,0
TOR_PE,D,20150527,000000,8.3743,8.3743,8.2968,8.2968,0,0
TOR_PE,D,20150528,000000,8.8445,8.8445,8.3743,8.5312,0,0
TOR_PE,D,20150529,000000,8.6093,8.6093,8.5312,8.5312,0,0
TOR_PE,D,20150601,000000,8.5312,8.6872,8.4524,8.5312,0,0
TOR_PE,D,20150602,000000,8.6093,8.6093,8.5312,8.5312,0,0
TOR_PE,D,20150603,000000,8.5312,8.5312,8.5312,8.5312,0,0
TOR_PE,D,20150605,000000,8.5312,8.6093,8.2968,8.5312,0,0
TOR_PE,D,20150608,000000,8.4524,8.4524,8.0618,8.2185,0,0
TOR_PE,D,20150609,000000,8.2185,8.3743,8.1401,8.2185,0,0
TOR_PE,D,20150610,000000,8.1401,8.2968,8.1401,8.2968,0,0
TOR_PE,D,20150611,000000,8.1401,8.2185,8.0618,8.1401,0,0
TOR_PE,D,20150612,000000,8.1401,8.1401,7.9051,8.1401,0,0
TOR_PE,D,20150615,000000,7.9051,7.9051,7.6703,7.8268,0,0
TOR_PE,D,20150616,000000,7.7486,7.7486,7.592,7.6703,0,0
TOR_PE,D,20150617,000000,7.8268,7.9833,7.5137,7.6703,0,0
TOR_PE,D,20150618,000000,7.8349,7.8349,7.5901,7.6717,0,0
TOR_PE,D,20150619,000000,7.6717,7.7532,7.6717,7.7532,0,0
TOR_PE,D,20150622,000000,7.6717,7.7532,7.5901,7.6717,0,0
TOR_PE,D,20150623,000000,7.5901,7.5901,7.3451,7.4268,0,0
TOR_PE,D,20150624,000000,7.3451,7.4268,7.3451,7.3451,0,0
TOR_PE,D,20150625,000000,7.4268,7.4268,7.2636,7.4268,0,0
TOR_PE,D,20150626,000000,7.5084,7.5084,7.5084,7.5084,0,0
TOR_PE,D,20150629,000000,7.182,7.4268,7.0187,7.4268,0,0
TOR_PE,D,20150630,000000,7.4268,7.6717,7.4268,7.6717,0,0
TOR_PE,D,20150701,000000,7.6717,7.7532,7.5901,7.6717,0,0
TOR_PE,D,20150702,000000,7.6717,7.6717,7.4268,7.4268,0,0
TOR_PE,D,20150703,000000,7.6717,7.6717,7.4268,7.5084,0,0
TOR_PE,D,20150706,000000,7.4268,7.5084,7.3451,7.4268,0,0
TOR_PE,D,20150707,000000,7.4268,7.6717,7.2636,7.3451,0,0
TOR_PE,D,20150708,000000,7.3451,7.6717,7.2636,7.2636,0,0
TOR_PE,D,20150709,000000,7.182,7.5084,7.1003,7.1003,0,0
TOR_PE,D,20150710,000000,7.1003,7.5901,7.1003,7.2636,0,0
TOR_PE,D,20150713,000000,7.2636,7.3451,7.0187,7.2636,0,0
TOR_PE,D,20150714,000000,7.4268,7.4268,7.4268,7.4268,0,0
TOR_PE,D,20150715,000000,7.4268,7.4268,7.2636,7.4268,0,0
TOR_PE,D,20150716,000000,7.4268,7.7532,7.4268,7.5084,0,0
TOR_PE,D,20150717,000000,7.6717,7.6717,7.5084,7.5084,0,0
TOR_PE,D,20150720,000000,7.5084,7.5084,7.5084,7.5084,0,0
TOR_PE,D,20150721,000000,7.5084,7.5084,7.3451,7.3451,0,0
TOR_PE,D,20150722,000000,7.3451,7.5901,7.2636,7.2636,0,0
TOR_PE,D,20150723,000000,7.2636,7.4268,7.2636,7.2636,0,0
TOR_PE,D,20150724,000000,7.2636,7.4268,7.182,7.182,0,0
TOR_PE,D,20150727,000000,7.182,7.3451,7.182,7.2636,0,0
TOR_PE,D,20150728,000000,7.3451,7.5084,7.182,7.4268,0,0
TOR_PE,D,20150729,000000,7.4268,7.4268,7.2636,7.3451,0,0
TOR_PE,D,20150730,000000,7.2636,7.4268,7.182,7.4268,0,0
TOR_PE,D,20150731,000000,7.4268,7.4268,7.3451,7.4268,0,0
TOR_PE,D,20150803,000000,7.4268,7.4268,7.2636,7.2636,0,0
TOR_PE,D,20150804,000000,7.4268,7.5901,7.2636,7.5901,0,0
TOR_PE,D,20150805,000000,7.6717,8.1613,7.6717,8.1613,0,0
TOR_PE,D,20150806,000000,8.1613,8.1613,7.9981,7.9981,0,0
TOR_PE,D,20150807,000000,7.9164,8.406,7.9164,8.0797,0,0
TOR_PE,D,20150810,000000,8.1613,8.1613,7.9164,7.9981,0,0
TOR_PE,D,20150811,000000,8.0797,8.1613,7.9164,7.9164,0,0
TOR_PE,D,20150812,000000,8.0797,8.0797,7.9164,7.9981,0,0
TOR_PE,D,20150813,000000,7.9981,8.1613,7.9981,8.1613,0,0
TOR_PE,D,20150814,000000,8.243,8.243,7.9981,7.9981,0,0
TOR_PE,D,20150817,000000,7.8349,7.8349,7.4268,7.4268,0,0
TOR_PE,D,20150818,000000,7.4268,7.5084,6.8555,6.9372,0,0
TOR_PE,D,20150819,000000,6.9372,7.2636,6.9372,7.2636,0,0
TOR_PE,D,20150820,000000,7.2636,7.2636,7.1003,7.2636,0,0
TOR_PE,D,20150821,000000,7.2636,7.4268,7.2636,7.2636,0,0
TOR_PE,D,20150824,000000,7.182,7.182,6.5291,6.5291,0,0
TOR_PE,D,20150825,000000,6.5291,7.0187,6.4474,6.8555,0,0
TOR_PE,D,20150826,000000,7.0187,7.0187,6.8555,6.8555,0,0
TOR_PE,D,20150827,000000,6.9372,7.3451,6.9372,7.2636,0,0
TOR_PE,D,20150828,000000,7.2636,7.2636,6.5291,7.182,0,0
TOR_PE,D,20150831,000000,7.182,7.4268,7.1003,7.2636,0,0
TOR_PE,D,20150901,000000,7.4268,7.4268,7.1003,7.3451,0,0
TOR_PE,D,20150902,000000,7.3451,7.5084,7.3451,7.4268,0,0
TOR_PE,D,20150903,000000,7.2636,7.4268,7.2636,7.4268,0,0
TOR_PE,D,20150904,000000,7.3451,7.4268,7.182,7.2636,0,0
TOR_PE,D,20150907,000000,7.4268,7.4268,7.2636,7.4268,0,0
TOR_PE,D,20150908,000000,7.4268,7.4268,7.2636,7.4268,0,0
TOR_PE,D,20150909,000000,7.4268,7.6717,7.3451,7.4268,0,0
TOR_PE,D,20150910,000000,7.5084,7.5084,7.2636,7.4268,0,0
TOR_PE,D,20150911,000000,7.5084,7.6717,7.3451,7.5901,0,0
TOR_PE,D,20150914,000000,7.5901,7.5901,7.4268,7.4268,0,0
TOR_PE,D,20150915,000000,7.4268,7.5901,7.2636,7.4268,0,0
TOR_PE,D,20150916,000000,7.5084,7.6717,7.4268,7.6717,0,0
TOR_PE,D,20150917,000000,7.6717,7.8349,7.6717,7.8349,0,0
TOR_PE,D,20150918,000000,7.8349,7.9981,7.8349,7.9981,0,0
TOR_PE,D,20150921,000000,7.9981,7.9981,7.5901,7.8349,0,0
TOR_PE,D,20150922,000000,7.8349,7.8349,7.7532,7.8349,0,0
TOR_PE,D,20150923,000000,7.8349,7.8349,7.5901,7.5901,0,0
TOR_PE,D,20150924,000000,7.7532,7.7532,7.2636,7.4268,0,0
TOR_PE,D,20150925,000000,7.4268,7.6717,7.4268,7.6717,0,0
TOR_PE,D,20150928,000000,7.6717,7.6717,7.4268,7.5084,0,0
TOR_PE,D,20150929,000000,7.2636,7.5901,7.182,7.4268,0,0
TOR_PE,D,20150930,000000,7.5084,7.5084,7.4268,7.4268,0,0
TOR_PE,D,20151001,000000,7.5084,7.5084,7.5084,7.5084,0,0
TOR_PE,D,20151002,000000,7.5084,7.5084,7.3451,7.4268,0,0
TOR_PE,D,20151005,000000,7.5084,7.5084,7.3451,7.5084,0,0
TOR_PE,D,20151006,000000,7.5084,7.6717,7.5084,7.5084,0,0
TOR_PE,D,20151007,000000,7.6717,7.7532,7.5901,7.7532,0,0
TOR_PE,D,20151008,000000,7.7532,7.8349,7.6717,7.7532,0,0
TOR_PE,D,20151009,000000,7.7532,7.7532,7.6717,7.7532,0,0
TOR_PE,D,20151012,000000,7.8349,7.8349,7.6717,7.7532,0,0
TOR_PE,D,20151013,000000,7.7532,7.7532,7.5901,7.7532,0,0
TOR_PE,D,20151014,000000,7.7532,7.7532,7.5084,7.7532,0,0
TOR_PE,D,20151015,000000,7.7532,7.9981,7.7532,7.9981,0,0
TOR_PE,D,20151016,000000,7.9981,7.9981,7.9164,7.9981,0,0
TOR_PE,D,20151019,000000,7.9981,7.9981,7.8349,7.9164,0,0
TOR_PE,D,20151020,000000,7.9981,8.1613,7.9981,8.1613,0,0
TOR_PE,D,20151021,000000,8.243,8.9771,8.1613,8.8964,0,0
TOR_PE,D,20151022,000000,8.6518,8.7327,8.6518,8.6518,0,0
TOR_PE,D,20151023,000000,8.6518,8.6518,8.3245,8.4874,0,0
TOR_PE,D,20151026,000000,8.4874,8.7327,8.3245,8.6518,0,0
TOR_PE,D,20151027,000000,8.6518,8.6518,8.5689,8.5689,0,0
TOR_PE,D,20151028,000000,8.5689,8.7327,8.5689,8.6518,0,0
TOR_PE,D,20151029,000000,8.5689,8.7327,8.3245,8.4874,0,0
TOR_PE,D,20151030,000000,8.4874,8.5689,8.4874,8.5689,0,0
TOR_PE,D,20151102,000000,8.4874,8.7327,8.4874,8.6518,0,0
TOR_PE,D,20151103,000000,8.6518,8.7327,8.3245,8.3245,0,0
TOR_PE,D,20151104,000000,8.406,8.4874,8.243,8.4874,0,0
TOR_PE,D,20151105,000000,8.4874,8.4874,8.3245,8.4874,0,0
TOR_PE,D,20151106,000000,8.4874,8.4874,8.3245,8.4874,0,0
TOR_PE,D,20151109,000000,8.9771,8.9771,5.9578,5.9578,0,0
TOR_PE,D,20151110,000000,5.9578,6.0393,5.9578,6.0393,0,0
TOR_PE,D,20151112,000000,6.0393,6.2026,6.0393,6.2026,0,0
TOR_PE,D,20151113,000000,6.2842,6.3659,6.2842,6.2842,0,0
TOR_PE,D,20151116,000000,6.2842,6.4474,6.2026,6.4474,0,0
TOR_PE,D,20151117,000000,6.5291,6.5291,6.4474,6.4474,0,0
TOR_PE,D,20151118,000000,6.4474,6.5291,6.4474,6.4474,0,0
TOR_PE,D,20151119,000000,6.4474,6.6106,6.3659,6.3659,0,0
TOR_PE,D,20151120,000000,6.3659,6.3659,6.2026,6.3659,0,0
TOR_PE,D,20151123,000000,6.3659,6.4474,6.2842,6.2842,0,0
TOR_PE,D,20151124,000000,6.2842,6.3659,6.121,6.2842,0,0
TOR_PE,D,20151125,000000,6.3659,6.3659,6.2026,6.2842,0,0
TOR_PE,D,20151126,000000,6.2842,6.2842,6.121,6.121,0,0
TOR_PE,D,20151127,000000,6.121,6.2026,6.0393,6.2026,0,0
TOR_PE,D,20151130,000000,6.2026,6.2842,6.2026,6.2842,0,0
TOR_PE,D,20151201,000000,6.2842,6.3659,6.2842,6.2842,0,0
TOR_PE,D,20151202,000000,6.2026,6.2026,6.121,6.2026,0,0
TOR_PE,D,20151203,000000,6.2026,6.2842,6.121,6.2026,0,0
TOR_PE,D,20151204,000000,6.2026,6.2026,5.8762,6.0393,0,0
TOR_PE,D,20151207,000000,6.121,6.2026,5.9578,5.9578,0,0
TOR_PE,D,20151208,000000,5.9578,6.0393,5.6313,5.9578,0,0
TOR_PE,D,20151209,000000,5.8762,5.8762,5.7129,5.8762,0,0
TOR_PE,D,20151210,000000,5.7129,5.8762,5.7129,5.7945,0,0
TOR_PE,D,20151211,000000,5.7945,5.7945,5.7129,5.7129,0,0
TOR_PE,D,20151214,000000,5.6313,5.6313,5.3864,5.5497,0,0
TOR_PE,D,20151215,000000,5.5497,5.5497,5.3864,5.3864,0,0
TOR_PE,D,20151216,000000,5.4682,5.6313,5.3864,5.3864,0,0
TOR_PE,D,20151217,000000,5.4682,5.7129,5.4682,5.7129,0,0
TOR_PE,D,20151218,000000,5.6313,5.7129,5.5497,5.6313,0,0
TOR_PE,D,20151221,000000,5.7129,5.7129,5.6313,5.6313,0,0
TOR_PE,D,20151222,000000,5.6313,5.7945,5.6313,5.7945,0,0
TOR_PE,D,20151223,000000,5.7945,5.8762,5.7129,5.7945,0,0
TOR_PE,D,20151228,000000,5.8762,5.8762,5.7129,5.7945,0,0
TOR_PE,D,20151229,000000,5.8762,5.8762,5.7129,5.7945,0,0
TOR_PE,D,20151230,000000,5.8762,5.8762,5.6313,5.7945,0,0
TOR_PE,D,20160104,000000,5.7945,5.7945,5.6313,5.6313,0,0
TOR_PE,D,20160105,000000,5.7129,5.7129,5.6313,5.6313,0,0
TOR_PE,D,20160107,000000,5.6313,5.7129,5.5497,5.6313,0,0
TOR_PE,D,20160108,000000,5.4682,5.6313,5.4682,5.6313,0,0
TOR_PE,D,20160111,000000,5.6313,5.6313,5.5497,5.6313,0,0
TOR_PE,D,20160112,000000,5.5497,5.7945,5.5497,5.6313,0,0
TOR_PE,D,20160113,000000,5.6313,5.7129,5.6313,5.6313,0,0
TOR_PE,D,20160114,000000,5.6313,5.6313,5.5497,5.6313,0,0
TOR_PE,D,20160115,000000,5.7129,5.7129,5.5497,5.5497,0,0
TOR_PE,D,20160118,000000,5.5497,5.6313,5.3864,5.3864,0,0
TOR_PE,D,20160119,000000,5.3864,5.6313,5.3864,5.3864,0,0
TOR_PE,D,20160120,000000,5.3048,5.3048,5.1416,5.1416,0,0
TOR_PE,D,20160121,000000,5.1416,5.1416,4.9784,5.0601,0,0
TOR_PE,D,20160122,000000,5.3048,5.3048,5.0601,5.0601,0,0
TOR_PE,D,20160125,000000,5.0601,5.2232,5.0601,5.0601,0,0
TOR_PE,D,20160126,000000,5.0601,5.1416,4.8968,4.9784,0,0
TOR_PE,D,20160127,000000,5.0601,5.0601,4.8152,4.8968,0,0
TOR_PE,D,20160128,000000,4.8968,4.8968,4.8152,4.8152,0,0
TOR_PE,D,20160129,000000,4.9784,4.9784,4.8968,4.8968,0,0
TOR_PE,D,20160201,000000,4.9784,5.0601,4.8152,4.8968,0,0
TOR_PE,D,20160202,000000,4.8968,4.8968,4.8152,4.8152,0,0
TOR_PE,D,20160203,000000,4.8152,5.0601,4.8152,5.0601,0,0
TOR_PE,D,20160204,000000,5.1416,5.2232,4.9784,5.0601,0,0
TOR_PE,D,20160205,000000,5.0601,5.1416,4.9784,5.0601,0,0
TOR_PE,D,20160208,000000,5.0601,5.0601,4.8968,4.8968,0,0
TOR_PE,D,20160209,000000,4.8968,4.8968,4.8152,4.8968,0,0
TOR_PE,D,20160210,000000,4.8968,5.0601,4.8968,4.9784,0,0
TOR_PE,D,20160211,000000,4.9784,4.9784,4.8968,4.9784,0,0
TOR_PE,D,20160212,000000,4.9784,4.9784,4.8968,4.8968,0,0
TOR_PE,D,20160215,000000,4.8968,5.0601,4.8968,5.0601,0,0
TOR_PE,D,20160216,000000,4.9784,5.0601,4.9784,4.9784,0,0
TOR_PE,D,20160217,000000,4.9784,5.2232,4.9784,5.2232,0,0
TOR_PE,D,20160218,000000,5.2232,5.3864,5.1416,5.3048,0,0
TOR_PE,D,20160219,000000,5.3048,5.3864,5.3048,5.3048,0,0
TOR_PE,D,20160222,000000,5.3864,5.4682,5.3864,5.4682,0,0
TOR_PE,D,20160223,000000,5.4682,5.4682,5.3048,5.3864,0,0
TOR_PE,D,20160224,000000,5.3864,5.3864,5.2232,5.3048,0,0
TOR_PE,D,20160225,000000,5.3048,5.3864,5.2232,5.3864,0,0
TOR_PE,D,20160226,000000,5.3864,5.5497,5.3864,5.5497,0,0
TOR_PE,D,20160229,000000,5.5497,5.5497,5.4682,5.5497,0,0
TOR_PE,D,20160301,000000,5.4682,5.4682,5.1416,5.2232,0,0
TOR_PE,D,20160302,000000,5.2232,5.2232,4.9784,4.9784,0,0
TOR_PE,D,20160303,000000,4.9784,4.9784,4.8152,4.8968,0,0
TOR_PE,D,20160304,000000,4.9784,4.9784,4.652,4.8152,0,0
TOR_PE,D,20160307,000000,4.8152,4.8968,4.8152,4.8152,0,0
TOR_PE,D,20160308,000000,4.8152,4.8152,4.7335,4.7335,0,0
TOR_PE,D,20160309,000000,4.7335,4.8152,4.652,4.7335,0,0
TOR_PE,D,20160310,000000,4.7335,4.7335,4.7335,4.7335,0,0
TOR_PE,D,20160311,000000,4.7335,4.8152,4.7335,4.8152,0,0
TOR_PE,D,20160314,000000,4.8968,5.0601,4.8152,5.0601,0,0
TOR_PE,D,20160315,000000,5.1416,5.1416,4.9784,5.0601,0,0
TOR_PE,D,20160316,000000,5.1416,5.1416,5.0601,5.0601,0,0
TOR_PE,D,20160317,000000,5.0601,5.0601,4.9784,4.9784,0,0
TOR_PE,D,20160318,000000,4.9784,5.0601,4.8968,4.9784,0,0
TOR_PE,D,20160321,000000,4.9784,4.9784,4.8968,4.8968,0,0
TOR_PE,D,20160322,000000,5.1416,5.1416,4.9784,5.0601,0,0
TOR_PE,D,20160323,000000,5.1416,5.1416,5.0601,5.1416,0,0
TOR_PE,D,20160324,000000,5.1416,5.3048,5.0601,5.3048,0,0
TOR_PE,D,20160329,000000,5.3048,6.6106,5.2232,6.6106,0,0
TOR_PE,D,20160330,000000,6.6106,6.6106,6.5291,6.6106,0,0
TOR_PE,D,20160331,000000,6.6106,6.6106,6.5291,6.5291,0,0
TOR_PE,D,20160401,000000,6.5291,6.6106,6.4474,6.6106,0,0
TOR_PE,D,20160404,000000,6.6923,6.9372,6.6106,6.8555,0,0
TOR_PE,D,20160405,000000,6.8555,6.8555,6.5291,6.6106,0,0
TOR_PE,D,20160406,000000,6.6923,6.6923,6.6106,6.6106,0,0
TOR_PE,D,20160407,000000,6.6923,6.6923,6.5291,6.6106,0,0
TOR_PE,D,20160408,000000,6.6923,6.6923,6.6106,6.6106,0,0
TOR_PE,D,20160411,000000,6.5291,6.6923,6.5291,6.6923,0,0
TOR_PE,D,20160412,000000,6.6923,6.6923,6.6106,6.6923,0,0
TOR_PE,D,20160413,000000,6.6923,6.7739,6.6106,6.6923,0,0
TOR_PE,D,20160414,000000,6.6923,6.6923,6.6106,6.6923,0,0
TOR_PE,D,20160415,000000,6.6923,6.6923,6.6106,6.6923,0,0
TOR_PE,D,20160418,000000,6.6923,6.6923,6.6106,6.6106,0,0
TOR_PE,D,20160419,000000,6.6106,6.6106,6.6106,6.6106,0,0
TOR_PE,D,20160420,000000,6.6106,6.6106,6.6106,6.6106,0,0
TOR_PE,D,20160421,000000,6.6106,6.6106,6.4474,6.5291,0,0
TOR_PE,D,20160422,000000,6.5291,6.6106,6.3659,6.3659,0,0
TOR_PE,D,20160425,000000,6.2842,6.3659,6.121,6.2842,0,0
TOR_PE,D,20160426,000000,6.2842,6.3659,6.2842,6.2842,0,0
TOR_PE,D,20160427,000000,6.2842,6.3659,6.121,6.121,0,0
TOR_PE,D,20160428,000000,6.121,6.2842,6.121,6.2842,0,0
TOR_PE,D,20160429,000000,6.2842,6.2842,6.2026,6.2842,0,0
TOR_PE,D,20160502,000000,6.2842,6.2842,6.121,6.2842,0,0
TOR_PE,D,20160504,000000,6.2842,6.2842,6.0393,6.121,0,0
TOR_PE,D,20160505,000000,6.121,6.121,6.0393,6.121,0,0
TOR_PE,D,20160506,000000,6.121,6.121,5.9578,5.9578,0,0
TOR_PE,D,20160509,000000,6.0393,6.121,5.9578,6.121,0,0
TOR_PE,D,20160510,000000,6.121,6.2026,6.0393,6.2026,0,0
TOR_PE,D,20160511,000000,6.2026,6.4474,6.121,6.4474,0,0
TOR_PE,D,20160512,000000,6.4474,6.5291,6.3659,6.4474,0,0
TOR_PE,D,20160513,000000,6.4474,6.4474,6.2842,6.3659,0,0
TOR_PE,D,20160516,000000,6.2842,6.6106,6.121,6.6106,0,0
TOR_PE,D,20160517,000000,6.6106,6.6923,6.5291,6.6106,0,0
TOR_PE,D,20160518,000000,6.6106,6.6106,6.5291,6.6106,0,0
TOR_PE,D,20160519,000000,6.6106,6.6106,6.3659,6.5291,0,0
TOR_PE,D,20160520,000000,6.5291,6.5291,6.3659,6.4474,0,0
TOR_PE,D,20160523,000000,6.4474,6.4474,6.2026,6.3659,0,0
TOR_PE,D,20160524,000000,6.3659,6.3659,6.2842,6.3659,0,0
TOR_PE,D,20160525,000000,6.3659,6.4474,6.2842,6.4474,0,0
TOR_PE,D,20160527,000000,6.4474,6.4474,6.3659,6.3659,0,0
TOR_PE,D,20160530,000000,6.4474,6.4474,6.2842,6.2842,0,0
TOR_PE,D,20160531,000000,6.2842,6.2842,6.2842,6.2842,0,0
TOR_PE,D,20160601,000000,6.2842,6.2842,6.121,6.2026,0,0
TOR_PE,D,20160602,000000,6.2026,6.2026,5.9578,6.2026,0,0
TOR_PE,D,20160603,000000,6.2026,6.2842,6.121,6.2026,0,0
TOR_PE,D,20160606,000000,6.2842,6.2842,6.2026,6.2026,0,0
TOR_PE,D,20160607,000000,6.2842,6.2842,6.0393,6.0393,0,0
TOR_PE,D,20160608,000000,6.121,6.2026,6.121,6.121,0,0
TOR_PE,D,20160609,000000,6.2026,6.2026,6.0393,6.0393,0,0
TOR_PE,D,20160610,000000,6.121,6.121,6.0393,6.0393,0,0
TOR_PE,D,20160613,000000,6.0393,6.0393,5.9578,5.9578,0,0
TOR_PE,D,20160614,000000,5.9578,5.9578,5.7129,5.7129,0,0
TOR_PE,D,20160615,000000,5.6313,5.8762,5.6313,5.7945,0,0
TOR_PE,D,20160616,000000,5.7945,5.7945,5.6313,5.6313,0,0
TOR_PE,D,20160617,000000,5.6313,5.9578,5.6313,5.9578,0,0
TOR_PE,D,20160620,000000,5.9578,6.121,5.9578,6.0393,0,0
TOR_PE,D,20160621,000000,6.121,6.121,6.0393,6.121,0,0
TOR_PE,D,20160622,000000,6.121,6.2026,6.121,6.121,0,0
TOR_PE,D,20160623,000000,6.121,6.121,6.121,6.121,0,0
TOR_PE,D,20160624,000000,5.698,6.0487,5.698,5.698,0,0
TOR_PE,D,20160627,000000,5.7856,5.7856,5.6104,5.6104,0,0
TOR_PE,D,20160628,000000,5.698,5.698,5.5227,5.6104,0,0
TOR_PE,D,20160629,000000,5.6104,5.698,5.5227,5.5227,0,0
TOR_PE,D,20160630,000000,5.5227,5.698,5.435,5.6104,0,0
TOR_PE,D,20160701,000000,5.698,5.698,5.6104,5.698,0,0
TOR_PE,D,20160704,000000,5.698,5.698,5.5227,5.6104,0,0
TOR_PE,D,20160705,000000,5.5227,5.6104,5.5227,5.6104,0,0
TOR_PE,D,20160706,000000,5.6104,5.6104,5.5227,5.6104,0,0
TOR_PE,D,20160707,000000,5.6104,5.7856,5.6104,5.698,0,0
TOR_PE,D,20160708,000000,5.698,5.698,5.698,5.698,0,0
TOR_PE,D,20160711,000000,5.7856,5.9611,5.7856,5.9611,0,0
TOR_PE,D,20160712,000000,6.0487,6.3116,6.0487,6.224,0,0
TOR_PE,D,20160713,000000,6.224,6.5746,6.224,6.3994,0,0
TOR_PE,D,20160714,000000,6.3994,6.487,6.3994,6.487,0,0
TOR_PE,D,20160715,000000,6.487,6.6623,6.487,6.6623,0,0
TOR_PE,D,20160718,000000,6.6623,6.6623,6.5746,6.5746,0,0
TOR_PE,D,20160719,000000,6.6623,6.6623,6.487,6.487,0,0
TOR_PE,D,20160720,000000,6.5746,6.5746,6.487,6.5746,0,0
TOR_PE,D,20160721,000000,6.5746,6.7499,6.487,6.6623,0,0
TOR_PE,D,20160722,000000,6.6623,6.6623,6.5746,6.6623,0,0
TOR_PE,D,20160725,000000,6.6623,6.6623,6.5746,6.6623,0,0
TOR_PE,D,20160726,000000,6.6623,6.8376,6.6623,6.6623,0,0
TOR_PE,D,20160727,000000,6.6623,6.6623,6.5746,6.5746,0,0
TOR_PE,D,20160728,000000,6.5746,6.5746,6.487,6.5746,0,0
TOR_PE,D,20160729,000000,6.6623,6.6623,6.5746,6.5746,0,0
TOR_PE,D,20160801,000000,6.5746,6.6623,6.487,6.487,0,0
TOR_PE,D,20160802,000000,6.5746,6.5746,6.487,6.5746,0,0
TOR_PE,D,20160803,000000,6.5746,6.5746,6.487,6.487,0,0
TOR_PE,D,20160804,000000,6.5746,6.5746,6.487,6.5746,0,0
TOR_PE,D,20160805,000000,6.5746,6.5746,6.487,6.487,0,0
TOR_PE,D,20160808,000000,6.487,6.5746,6.487,6.5746,0,0
TOR_PE,D,20160809,000000,6.5746,7.1883,6.5746,7.1006,0,0
TOR_PE,D,20160810,000000,7.1006,7.1006,6.9253,7.013,0,0
TOR_PE,D,20160811,000000,7.1006,7.1006,7.013,7.1006,0,0
TOR_PE,D,20160812,000000,7.1006,7.4513,7.1006,7.4513,0,0
TOR_PE,D,20160816,000000,7.4513,7.4513,7.276,7.276,0,0
TOR_PE,D,20160817,000000,7.276,7.276,7.1883,7.276,0,0
TOR_PE,D,20160818,000000,7.276,7.3636,7.276,7.276,0,0
TOR_PE,D,20160819,000000,7.3636,7.3636,7.276,7.276,0,0
TOR_PE,D,20160822,000000,7.276,7.3636,7.1883,7.3636,0,0
TOR_PE,D,20160823,000000,7.3636,7.6266,7.276,7.6266,0,0
TOR_PE,D,20160824,000000,7.6266,7.8895,7.5389,7.8019,0,0
TOR_PE,D,20160825,000000,7.3636,7.5389,7.3636,7.5389,0,0
TOR_PE,D,20160826,000000,7.5389,7.5389,7.4513,7.5389,0,0
TOR_PE,D,20160829,000000,7.5389,7.5389,7.3636,7.3636,0,0
TOR_PE,D,20160830,000000,7.1883,7.9772,7.1006,7.9772,0,0
TOR_PE,D,20160831,000000,8.0649,8.0649,7.9772,7.9772,0,0
TOR_PE,D,20160901,000000,7.9772,8.2403,7.8019,7.8895,0,0
TOR_PE,D,20160902,000000,7.8895,8.0649,7.8019,8.0649,0,0
TOR_PE,D,20160905,000000,8.0649,8.0649,7.9772,8.0649,0,0
TOR_PE,D,20160906,000000,8.0649,8.0649,7.9772,7.9772,0,0
TOR_PE,D,20160907,000000,7.8895,8.0649,7.8895,8.0649,0,0
TOR_PE,D,20160908,000000,7.9772,8.0649,7.9772,8.0649,0,0
TOR_PE,D,20160909,000000,8.1526,8.1526,7.8895,7.8895,0,0
TOR_PE,D,20160912,000000,7.7143,7.7143,7.6266,7.7143,0,0
TOR_PE,D,20160913,000000,7.8895,7.8895,7.6266,7.6266,0,0
TOR_PE,D,20160914,000000,7.6266,7.8019,7.6266,7.7143,0,0
TOR_PE,D,20160915,000000,7.8019,7.8019,7.6266,7.6266,0,0
TOR_PE,D,20160916,000000,7.6266,7.7143,7.6266,7.7143,0,0
TOR_PE,D,20160919,000000,7.8019,7.8019,7.6266,7.7143,0,0
TOR_PE,D,20160920,000000,7.8019,7.8019,7.7143,7.7143,0,0
TOR_PE,D,20160921,000000,7.8019,8.1526,7.7143,8.0649,0,0
TOR_PE,D,20160922,000000,8.1526,8.1526,7.9772,7.9772,0,0
TOR_PE,D,20160923,000000,8.0649,8.0649,7.8019,7.8019,0,0
TOR_PE,D,20160926,000000,7.8019,8.0649,7.8019,7.8019,0,0
TOR_PE,D,20160927,000000,7.8019,8.1526,7.8019,8.1526,0,0
TOR_PE,D,20160928,000000,8.1526,8.5032,8.1526,8.5032,0,0
TOR_PE,D,20160929,000000,8.5032,8.6781,8.2403,8.6781,0,0
TOR_PE,D,20160930,000000,8.6781,8.6781,8.5032,8.5909,0,0
TOR_PE,D,20161003,000000,8.5032,8.5032,8.3279,8.5032,0,0
TOR_PE,D,20161004,000000,8.5032,8.5909,8.4155,8.5032,0,0
TOR_PE,D,20161005,000000,8.5032,8.5909,8.4155,8.5032,0,0
TOR_PE,D,20161006,000000,8.5909,8.5909,8.4155,8.5032,0,0
TOR_PE,D,20161007,000000,8.5909,8.5909,8.4155,8.5032,0,0
TOR_PE,D,20161010,000000,8.5032,8.5032,8.3279,8.5032,0,0
TOR_PE,D,20161011,000000,8.5032,8.5032,8.4155,8.5032,0,0
TOR_PE,D,20161012,000000,8.5032,8.5032,8.4155,8.5032,0,0
TOR_PE,D,20161013,000000,8.5032,8.5032,8.4155,8.5032,0,0
TOR_PE,D,20161014,000000,8.3279,8.7664,8.3279,8.6781,0,0
TOR_PE,D,20161017,000000,8.6781,8.6781,8.5032,8.5032,0,0
TOR_PE,D,20161018,000000,8.5909,8.5909,8.4155,8.5032,0,0
TOR_PE,D,20161019,000000,8.5032,8.5909,8.4155,8.5909,0,0
TOR_PE,D,20161020,000000,8.6781,8.6781,8.5032,8.5909,0,0
TOR_PE,D,20161021,000000,8.5909,8.5909,8.5032,8.5909,0,0
TOR_PE,D,20161024,000000,8.5909,8.6781,8.5909,8.6781,0,0
TOR_PE,D,20161025,000000,8.6781,8.6781,8.5032,8.5032,0,0
TOR_PE,D,20161026,000000,8.5032,8.6781,8.5032,8.5032,0,0
TOR_PE,D,20161027,000000,8.5032,8.6781,8.5032,8.6781,0,0
TOR_PE,D,20161028,000000,8.6781,9.0287,8.6781,8.8536,0,0
TOR_PE,D,20161031,000000,8.9415,8.9415,8.8536,8.9415,0,0
TOR_PE,D,20161102,000000,8.9415,8.9415,8.3279,8.3279,0,0
TOR_PE,D,20161103,000000,8.2403,8.5032,8.2403,8.5032,0,0
TOR_PE,D,20161104,000000,8.3279,8.3279,8.2403,8.2403,0,0
TOR_PE,D,20161107,000000,8.2403,8.4155,8.2403,8.4155,0,0
TOR_PE,D,20161108,000000,8.3279,8.3279,7.9772,8.0649,0,0
TOR_PE,D,20161109,000000,7.8019,8.0649,7.8019,7.9772,0,0
TOR_PE,D,20161110,000000,8.1526,8.1526,7.8019,7.8895,0,0
TOR_PE,D,20161114,000000,7.8019,22.441,7.6266,22.441,0,0
TOR_PE,D,20161115,000000,22.441,22.617,22.179,22.354,0,0
TOR_PE,D,20161116,000000,22.705,23.844,22.354,23.319,0,0
TOR_PE,D,20161117,000000,23.406,24.72,23.319,24.369,0,0
TOR_PE,D,20161118,000000,24.107,24.107,23.406,23.406,0,0
TOR_PE,D,20161121,000000,23.406,23.668,23.319,23.406,0,0
TOR_PE,D,20161122,000000,22.617,22.88,22.617,22.792,0,0
TOR_PE,D,20161123,000000,22.88,23.23,22.705,22.792,0,0
TOR_PE,D,20161124,000000,23.055,23.055,22.88,22.88,0,0
TOR_PE,D,20161125,000000,23.055,23.055,22.792,22.88,0,0
TOR_PE,D,20161128,000000,22.88,22.88,22.705,22.88,0,0
TOR_PE,D,20161129,000000,23.23,23.23,22.792,22.88,0,0
TOR_PE,D,20161130,000000,23.668,24.107,23.23,24.107,0,0
TOR_PE,D,20161201,000000,24.107,24.107,24.019,24.019,0,0
TOR_PE,D,20161202,000000,24.019,24.195,23.844,23.844,0,0
TOR_PE,D,20161205,000000,23.844,23.844,23.668,23.668,0,0
TOR_PE,D,20161206,000000,23.844,23.844,23.055,23.406,0,0
TOR_PE,D,20161207,000000,23.493,23.493,23.23,23.406,0,0
TOR_PE,D,20161208,000000,23.493,23.844,23.493,23.668,0,0
TOR_PE,D,20161209,000000,23.844,24.019,23.668,23.668,0,0
TOR_PE,D,20161212,000000,24.019,25.247,23.931,24.545,0,0
TOR_PE,D,20161213,000000,24.896,24.896,24.107,24.107,0,0
TOR_PE,D,20161214,000000,24.633,24.633,24.282,24.545,0,0
TOR_PE,D,20161215,000000,24.545,24.545,24.282,24.545,0,0
TOR_PE,D,20161216,000000,24.545,24.545,24.107,24.545,0,0
TOR_PE,D,20161219,000000,24.545,24.545,24.369,24.457,0,0
TOR_PE,D,20161220,000000,24.457,24.457,24.107,24.369,0,0
TOR_PE,D,20161221,000000,24.369,24.369,23.581,24.282,0,0
TOR_PE,D,20161222,000000,24.282,24.457,23.844,24.457,0,0
TOR_PE,D,20161223,000000,24.457,24.457,24.019,24.369,0,0
TOR_PE,D,20161227,000000,24.369,24.369,23.931,24.019,0,0
TOR_PE,D,20161228,000000,24.107,24.633,24.107,24.633,0,0
TOR_PE,D,20161229,000000,24.633,24.896,24.545,24.896,0,0
TOR_PE,D,20161230,000000,24.896,25.159,24.896,24.984,0,0
TOR_PE,D,20170102,000000,25.685,25.685,25.335,25.422,0,0
TOR_PE,D,20170103,000000,25.597,25.597,25.247,25.51,0,0
TOR_PE,D,20170104,000000,25.597,25.597,25.247,25.247,0,0
TOR_PE,D,20170105,000000,25.597,25.597,25.159,25.422,0,0
TOR_PE,D,20170109,000000,25.422,25.422,24.984,25.159,0,0
TOR_PE,D,20170110,000000,25.072,25.335,25.072,25.335,0,0
TOR_PE,D,20170111,000000,25.422,25.422,25.072,25.422,0,0
TOR_PE,D,20170112,000000,25.422,26.035,25.159,25.597,0,0
TOR_PE,D,20170113,000000,25.597,25.597,25.247,25.422,0,0
TOR_PE,D,20170116,000000,25.422,25.685,25.422,25.597,0,0
TOR_PE,D,20170117,000000,25.685,26.211,25.685,26.124,0,0
TOR_PE,D,20170118,000000,26.211,26.211,25.773,26.211,0,0
TOR_PE,D,20170119,000000,26.211,26.298,26.124,26.211,0,0
TOR_PE,D,20170120,000000,26.211,26.298,25.948,26.211,0,0
TOR_PE,D,20170123,000000,26.386,28.491,26.211,27.789,0,0
TOR_PE,D,20170124,000000,27.964,28.753,27.964,28.315,0,0
TOR_PE,D,20170125,000000,28.578,28.578,27.964,28.491,0,0
TOR_PE,D,20170126,000000,28.491,28.578,27.702,28.578,0,0
TOR_PE,D,20170127,000000,28.491,28.491,28.052,28.315,0,0
TOR_PE,D,20170130,000000,28.315,28.753,28.227,28.491,0,0
TOR_PE,D,20170131,000000,28.491,29.542,28.491,29.542,0,0
TOR_PE,D,20170201,000000,29.367,29.454,28.665,29.016,0,0
TOR_PE,D,20170202,000000,29.016,29.104,28.402,29.016,0,0
TOR_PE,D,20170203,000000,29.016,29.016,28.227,28.315,0,0
TOR_PE,D,20170206,000000,28.315,28.315,27.964,28.14,0,0
TOR_PE,D,20170207,000000,28.227,28.578,28.227,28.578,0,0
TOR_PE,D,20170208,000000,28.84,29.191,28.84,28.84,0,0
TOR_PE,D,20170209,000000,28.929,30.068,28.84,29.104,0,0
TOR_PE,D,20170210,000000,30.068,30.331,29.717,29.805,0,0
TOR_PE,D,20170213,000000,30.156,30.507,29.629,30.068,0,0
TOR_PE,D,20170214,000000,30.419,30.507,29.98,30.068,0,0
TOR_PE,D,20170215,000000,30.068,30.419,30.068,30.419,0,0
TOR_PE,D,20170216,000000,30.419,30.507,29.98,30.507,0,0
TOR_PE,D,20170217,000000,30.331,30.331,30.068,30.331,0,0
TOR_PE,D,20170220,000000,30.331,30.331,29.629,29.98,0,0
TOR_PE,D,20170221,000000,30.156,30.156,29.629,30.068,0,0
TOR_PE,D,20170222,000000,30.068,30.419,29.892,30.068,0,0
TOR_PE,D,20170223,000000,30.419,30.419,29.892,30.331,0,0
TOR_PE,D,20170224,000000,30.331,30.331,29.367,29.454,0,0
TOR_PE,D,20170227,000000,29.454,29.454,28.84,29.104,0,0
TOR_PE,D,20170228,000000,29.016,29.629,28.665,29.629,0,0
TOR_PE,D,20170301,000000,29.629,29.717,28.84,29.717,0,0
TOR_PE,D,20170302,000000,29.805,30.244,29.542,30.068,0,0
TOR_PE,D,20170303,000000,30.068,30.156,29.629,29.892,0,0
TOR_PE,D,20170306,000000,30.068,30.068,29.717,29.805,0,0
TOR_PE,D,20170307,000000,29.805,29.805,28.578,29.016,0,0
TOR_PE,D,20170308,000000,28.052,28.929,28.052,28.578,0,0
TOR_PE,D,20170309,000000,28.578,29.454,28.402,29.454,0,0
TOR_PE,D,20170310,000000,29.454,29.454,28.578,29.454,0,0
TOR_PE,D,20170313,000000,29.717,30.068,29.629,29.892,0,0
TOR_PE,D,20170314,000000,29.98,30.068,29.717,30.068,0,0
TOR_PE,D,20170315,000000,29.892,29.892,28.753,29.367,0,0
TOR_PE,D,20170316,000000,29.367,29.892,29.367,29.892,0,0
TOR_PE,D,20170317,000000,29.892,29.892,28.929,29.191,0,0
TOR_PE,D,20170320,000000,29.629,29.629,28.578,29.016,0,0
TOR_PE,D,20170321,000000,29.016,29.279,28.665,28.753,0,0
TOR_PE,D,20170322,000000,28.491,28.578,27.35,28.578,0,0
TOR_PE,D,20170323,000000,28.052,28.052,24.896,24.896,0,0
TOR_PE,D,20170324,000000,24.896,24.984,24.369,24.984,0,0
TOR_PE,D,20170327,000000,24.984,25.159,24.369,24.984,0,0
TOR_PE,D,20170328,000000,24.984,24.984,24.896,24.984,0,0
TOR_PE,D,20170329,000000,25.159,25.335,25.072,25.159,0,0
TOR_PE,D,20170330,000000,25.159,25.86,24.808,25.86,0,0
TOR_PE,D,20170331,000000,26.035,26.035,25.072,25.335,0,0
TOR_PE,D,20170403,000000,25.685,25.685,25.247,25.335,0,0
TOR_PE,D,20170404,000000,25.51,25.773,25.159,25.335,0,0
TOR_PE,D,20170405,000000,25.335,26.035,25.335,25.948,0,0
TOR_PE,D,20170406,000000,25.948,25.948,25.597,25.685,0,0
TOR_PE,D,20170407,000000,25.948,25.948,25.335,25.51,0,0
TOR_PE,D,20170410,000000,25.51,25.51,24.896,24.984,0,0
TOR_PE,D,20170411,000000,24.808,24.984,24.633,24.808,0,0
TOR_PE,D,20170412,000000,24.808,24.984,24.545,24.984,0,0
TOR_PE,D,20170413,000000,24.984,24.984,24.019,24.72,0,0
TOR_PE,D,20170418,000000,24.72,24.72,24.369,24.72,0,0
TOR_PE,D,20170419,000000,24.72,25.159,24.633,25.072,0,0
TOR_PE,D,20170420,000000,25.159,25.159,24.545,24.896,0,0
TOR_PE,D,20170421,000000,25.159,25.159,24.808,25.072,0,0
TOR_PE,D,20170424,000000,25.072,25.159,24.984,24.984,0,0
TOR_PE,D,20170425,000000,25.072,25.072,24.369,24.369,0,0
TOR_PE,D,20170426,000000,24.896,24.896,24.369,24.72,0,0
TOR_PE,D,20170427,000000,23.844,24.808,23.844,24.808,0,0
TOR_PE,D,20170428,000000,24.896,25.159,24.282,25.159,0,0
TOR_PE,D,20170502,000000,25.159,25.86,25.159,25.773,0,0
TOR_PE,D,20170504,000000,25.685,25.685,25.247,25.51,0,0
TOR_PE,D,20170505,000000,25.685,25.685,25.597,25.597,0,0
TOR_PE,D,20170508,000000,25.597,25.597,25.335,25.597,0,0
TOR_PE,D,20170509,000000,25.335,25.335,24.984,25.159,0,0
TOR_PE,D,20170510,000000,25.159,25.51,24.984,24.984,0,0
TOR_PE,D,20170511,000000,25.597,25.597,24.545,25.159,0,0
TOR_PE,D,20170512,000000,25.159,25.335,24.984,24.984,0,0
TOR_PE,D,20170515,000000,25.247,25.247,25.072,25.247,0,0
TOR_PE,D,20170516,000000,25.335,25.335,25.072,25.247,0,0
TOR_PE,D,20170517,000000,25.159,25.159,24.633,24.808,0,0
TOR_PE,D,20170518,000000,24.808,24.808,24.369,24.369,0,0
TOR_PE,D,20170519,000000,24.896,24.896,24.369,24.545,0,0
TOR_PE,D,20170522,000000,24.545,24.545,24.282,24.369,0,0
TOR_PE,D,20170523,000000,24.369,24.369,23.143,23.757,0,0
TOR_PE,D,20170524,000000,23.055,64.256,23.055,64.256,0,0
TOR_PE,D,20170525,000000,64.256,64.256,63.994,64.256,0,0
TOR_PE,D,20170526,000000,64.256,64.256,64.169,64.256,0,0
TOR_PE,D,20170529,000000,64.256,64.432,64.256,64.432,0,0
TOR_PE,D,20170530,000000,64.256,64.432,62.766,64.432,0,0
TOR_PE,D,20170531,000000,64.783,64.783,62.766,64.607,0,0
TOR_PE,D,20170601,000000,64.607,64.607,63.555,64.081,0,0
TOR_PE,D,20170602,000000,64.345,64.345,63.467,63.73,0,0
TOR_PE,D,20170605,000000,64.519,64.519,63.292,63.379,0,0
TOR_PE,D,20170606,000000,64.256,64.256,63.292,63.379,0,0
TOR_PE,D,20170607,000000,64.345,64.345,63.292,63.467,0,0
TOR_PE,D,20170608,000000,63.379,63.642,63.116,63.467,0,0
TOR_PE,D,20170609,000000,64.256,64.256,63.817,64.169,0,0
TOR_PE,D,20170612,000000,64.256,64.783,63.204,63.73,0,0
TOR_PE,D,20170613,000000,63.204,63.467,63.028,63.467,0,0
TOR_PE,D,20170614,000000,64.831,65.649,64.74,65.649,0,0
TOR_PE,D,20170616,000000,65.831,65.831,65.559,65.559,0,0
TOR_PE,D,20170619,000000,66.104,66.104,65.104,65.286,0,0
TOR_PE,D,20170620,000000,65.195,65.468,64.649,65.013,0,0
TOR_PE,D,20170621,000000,65.468,65.468,64.013,64.649,0,0
TOR_PE,D,20170622,000000,63.74,64.286,63.467,64.286,0,0
TOR_PE,D,20170623,000000,63.558,64.195,63.558,64.195,0,0
TOR_PE,D,20170626,000000,64.286,67.56,64.286,67.56,0,0
TOR_PE,D,20170627,000000,67.378,68.833,67.378,68.742,0,0
TOR_PE,D,20170628,000000,68.196,69.378,67.287,69.378,0,0
TOR_PE,D,20170629,000000,69.833,69.833,68.833,69.287,0,0
TOR_PE,D,20170630,000000,69.196,69.196,68.287,68.833,0,0
TOR_PE,D,20170703,000000,68.833,68.833,68.287,68.833,0,0
TOR_PE,D,20170704,000000,68.833,68.833,68.196,68.196,0,0
TOR_PE,D,20170705,000000,67.742,68.196,67.196,68.196,0,0
TOR_PE,D,20170706,000000,68.287,68.742,68.196,68.651,0,0
TOR_PE,D,20170707,000000,68.56,68.56,66.377,67.651,0,0
TOR_PE,D,20170710,000000,68.56,68.56,67.469,67.469,0,0
TOR_PE,D,20170711,000000,69.106,69.106,67.287,67.469,0,0
TOR_PE,D,20170712,000000,68.469,68.469,67.287,67.833,0,0
TOR_PE,D,20170713,000000,67.742,67.742,66.923,67.105,0,0
TOR_PE,D,20170714,000000,67.196,68.56,67.105,67.56,0,0
TOR_PE,D,20170717,000000,67.56,67.742,66.741,67.196,0,0
TOR_PE,D,20170718,000000,67.196,67.378,66.104,66.286,0,0
TOR_PE,D,20170719,000000,65.922,67.196,65.831,66.559,0,0
TOR_PE,D,20170720,000000,67.378,67.378,66.195,66.195,0,0
TOR_PE,D,20170721,000000,66.65,66.65,66.195,66.377,0,0
TOR_PE,D,20170724,000000,66.377,66.468,66.195,66.377,0,0
TOR_PE,D,20170725,000000,66.65,66.65,65.831,66.377,0,0
TOR_PE,D,20170726,000000,66.741,69.651,66.65,69.651,0,0
TOR_PE,D,20170727,000000,69.833,71.742,69.833,70.924,0,0
TOR_PE,D,20170728,000000,71.379,72.561,70.924,72.288,0,0
TOR_PE,D,20170731,000000,72.924,72.924,71.197,72.379,0,0
TOR_PE,D,20170801,000000,72.015,72.015,70.924,71.742,0,0
TOR_PE,D,20170802,000000,71.924,71.924,70.833,70.924,0,0
TOR_PE,D,20170803,000000,70.924,70.924,70.378,70.469,0,0
TOR_PE,D,20170804,000000,70.833,72.015,70.469,70.924,0,0
TOR_PE,D,20170807,000000,72.015,73.106,70.924,70.924,0,0
TOR_PE,D,20170808,000000,73.379,73.379,70.378,70.924,0,0
TOR_PE,D,20170809,000000,72.742,73.106,71.288,71.833,0,0
TOR_PE,D,20170810,000000,72.197,72.197,69.742,69.742,0,0
TOR_PE,D,20170811,000000,70.469,70.469,68.924,69.651,0,0
TOR_PE,D,20170814,000000,69.833,69.833,67.742,67.742,0,0
TOR_PE,D,20170816,000000,68.742,68.833,66.65,67.924,0,0
TOR_PE,D,20170817,000000,68.833,68.833,67.924,68.469,0,0
TOR_PE,D,20170818,000000,68.833,69.651,67.287,68.833,0,0
TOR_PE,D,20170821,000000,69.106,69.106,67.742,68.287,0,0
TOR_PE,D,20170822,000000,68.378,68.378,67.469,67.651,0,0
TOR_PE,D,20170823,000000,67.56,67.56,66.923,67.196,0,0
TOR_PE,D,20170824,000000,67.105,67.469,66.923,67.196,0,0
TOR_PE,D,20170825,000000,69.106,69.106,67.196,67.287,0,0
TOR_PE,D,20170828,000000,67.287,67.287,66.286,66.468,0,0
TOR_PE,D,20170829,000000,66.377,66.377,64.467,64.467,0,0
TOR_PE,D,20170830,000000,64.377,64.467,62.831,63.104,0,0
TOR_PE,D,20170831,000000,62.922,62.922,62.013,62.467,0,0
TOR_PE,D,20170901,000000,62.467,64.104,62.013,63.467,0,0
TOR_PE,D,20170904,000000,63.467,65.013,63.376,64.74,0,0
TOR_PE,D,20170905,000000,64.558,65.286,64.286,64.286,0,0
TOR_PE,D,20170906,000000,63.467,64.286,63.467,64.286,0,0
TOR_PE,D,20170928,000000,64.286,64.286,64.286,64.286,0,0
TOR_PE,D,20190318,000000,7.0015,7.0015,7.0015,7.0015,0,0
TOR_PE,D,20190319,000000,7.547,7.9107,7.0015,7.0015,0,0
TOR_PE,D,20190320,000000,7.1833,7.547,7.1833,7.4561,0,0
TOR_PE,D,20190321,000000,7.547,7.547,7.4561,7.547,0,0
TOR_PE,D,20190322,000000,7.6379,7.6379,7.2742,7.4561,0,0
TOR_PE,D,20190325,000000,7.3652,7.4561,7.0015,7.4561,0,0
TOR_PE,D,20190326,000000,7.547,7.6379,7.4561,7.6379,0,0
TOR_PE,D,20190327,000000,7.6379,7.6379,7.547,7.547,0,0
TOR_PE,D,20190328,000000,7.547,7.6379,7.4561,7.6379,0,0
TOR_PE,D,20190329,000000,7.7289,7.7289,7.3652,7.6379,0,0
TOR_PE,D,20190401,000000,7.7289,7.8198,7.3652,7.8198,0,0
TOR_PE,D,20190402,000000,7.8198,8.0016,7.8198,8.0016,0,0
TOR_PE,D,20190403,000000,8.1835,8.1835,8.0016,8.0926,0,0
TOR_PE,D,20190404,000000,8.0926,8.1835,8.0016,8.1835,0,0
TOR_PE,D,20190405,000000,8.1835,8.1835,8.0016,8.1835,0,0
TOR_PE,D,20190408,000000,8.0016,8.1835,8.0016,8.0926,0,0
TOR_PE,D,20190409,000000,8.0926,8.0926,7.9107,8.0926,0,0
TOR_PE,D,20190410,000000,8.0926,8.0926,7.7289,7.7289,0,0
TOR_PE,D,20190411,000000,7.7289,7.9107,7.547,7.8198,0,0
TOR_PE,D,20190412,000000,7.8198,8.0926,7.7289,8.0926,0,0
TOR_PE,D,20190415,000000,8.0926,8.1835,8.0926,8.0926,0,0
TOR_PE,D,20190416,000000,8.0926,8.1835,7.8198,7.9107,0,0
TOR_PE,D,20190417,000000,7.8198,8.0016,7.8198,8.0016,0,0
TOR_PE,D,20190418,000000,7.8198,8.0016,7.7289,7.8198,0,0
TOR_PE,D,20190423,000000,7.7289,7.7289,7.547,7.6379,0,0
TOR_PE,D,20190424,000000,7.7289,7.7289,7.4561,7.4561,0,0
TOR_PE,D,20190425,000000,7.547,7.547,7.1833,7.3652,0,0
TOR_PE,D,20190426,000000,7.1833,7.1833,6.9106,7.0015,0,0
TOR_PE,D,20190429,000000,7.0015,7.4561,7.0015,7.4561,0,0
TOR_PE,D,20190430,000000,7.547,7.7289,7.4561,7.6379,0,0
TOR_PE,D,20190502,000000,7.7289,7.7289,7.4561,7.6379,0,0
TOR_PE,D,20190506,000000,7.6379,7.7289,7.4561,7.7289,0,0
TOR_PE,D,20190507,000000,7.7289,7.7289,7.1833,7.547,0,0
TOR_PE,D,20190508,000000,7.6379,7.6379,7.3652,7.547,0,0
TOR_PE,D,20190509,000000,7.6379,7.6379,7.3652,7.4561,0,0
TOR_PE,D,20190510,000000,7.547,7.7289,7.2742,7.547,0,0
TOR_PE,D,20190513,000000,7.4561,7.7289,7.4561,7.4561,0,0
TOR_PE,D,20190514,000000,7.4561,7.547,7.4561,7.547,0,0
TOR_PE,D,20190515,000000,7.547,7.8198,7.547,7.547,0,0
TOR_PE,D,20190516,000000,7.7289,7.7289,7.547,7.7289,0,0
TOR_PE,D,20190517,000000,7.7289,7.8198,7.547,7.6379,0,0
TOR_PE,D,20190520,000000,7.9107,7.9107,5.4557,5.4557,0,0
TOR_PE,D,20190521,000000,5.5466,5.5466,5.1829,5.2738,0,0
TOR_PE,D,20190522,000000,5.3648,5.3648,5.1829,5.2738,0,0
TOR_PE,D,20190523,000000,5.2738,5.3648,5.092,5.092,0,0
TOR_PE,D,20190524,000000,5.092,5.2738,5.0011,5.1829,0,0
TOR_PE,D,20190527,000000,5.2738,5.2738,5.1829,5.1829,0,0
TOR_PE,D,20190528,000000,5.1829,5.2738,5.0011,5.1829,0,0
TOR_PE,D,20190529,000000,5.2738,5.3648,5.1829,5.2738,0,0
TOR_PE,D,20190530,000000,5.2738,5.2738,5.1829,5.2738,0,0
TOR_PE,D,20190531,000000,5.2738,5.2738,5.1829,5.2738,0,0
TOR_PE,D,20190603,000000,5.2738,5.3648,5.2738,5.3648,0,0
TOR_PE,D,20190604,000000,5.2738,5.3648,5.2738,5.2738,0,0
TOR_PE,D,20190605,000000,5.2738,5.3648,5.1829,5.2738,0,0
TOR_PE,D,20190606,000000,5.3648,5.3648,5.3648,5.3648,0,0
TOR_PE,D,20190607,000000,5.3648,5.5466,5.3648,5.4557,0,0
TOR_PE,D,20190610,000000,5.5466,5.7285,5.5466,5.7285,0,0
TOR_PE,D,20190611,000000,5.7285,6.0921,5.7285,5.9103,0,0
TOR_PE,D,20190612,000000,5.9103,5.9103,5.5466,5.6375,0,0
TOR_PE,D,20190613,000000,5.7285,5.7285,5.5466,5.7285,0,0
TOR_PE,D,20190614,000000,5.8194,5.8194,5.5466,5.6375,0,0
TOR_PE,D,20190617,000000,5.6375,5.6375,5.5466,5.5466,0,0
TOR_PE,D,20190618,000000,5.5466,5.6375,5.5466,5.6375,0,0
TOR_PE,D,20190619,000000,5.6375,5.6375,5.5466,5.5466,0,0
TOR_PE,D,20190621,000000,5.6375,5.6375,5.5466,5.6375,0,0
TOR_PE,D,20190624,000000,5.7285,5.9103,5.7285,5.9103,0,0
TOR_PE,D,20190625,000000,6.0012,6.0921,5.9103,6.0921,0,0
TOR_PE,D,20190626,000000,6.0921,6.0921,5.9103,6.0012,0,0
TOR_PE,D,20190627,000000,6.0012,6.0921,6.0012,6.0921,0,0
TOR_PE,D,20190628,000000,6.0921,6.1831,6.0921,6.0921,0,0
TOR_PE,D,20190701,000000,6.0921,6.1831,5.5466,6.0012,0,0
TOR_PE,D,20190702,000000,5.8194,6.0921,5.8194,5.9103,0,0
TOR_PE,D,20190703,000000,5.9103,5.9103,5.8194,5.9103,0,0
TOR_PE,D,20190704,000000,5.9103,6.0012,5.8194,6.0012,0,0
TOR_PE,D,20190705,000000,5.9103,6.0921,5.9103,6.0012,0,0
TOR_PE,D,20190708,000000,6.0012,6.0921,5.9103,6.0921,0,0
TOR_PE,D,20190709,000000,6.0921,6.0921,5.9103,5.9103,0,0
TOR_PE,D,20190710,000000,6.0012,6.0012,5.8194,5.9103,0,0
TOR_PE,D,20190711,000000,5.9103,6.0012,5.9103,6.0012,0,0
TOR_PE,D,20190712,000000,6.0012,6.0012,5.8194,6.0012,0,0
TOR_PE,D,20190715,000000,6.0012,6.0012,5.8194,5.8194,0,0
TOR_PE,D,20190716,000000,5.8194,5.8194,5.8194,5.8194,0,0
TOR_PE,D,20190717,000000,5.8194,5.8194,5.7285,5.8194,0,0
TOR_PE,D,20190718,000000,5.8194,5.8194,5.6375,5.6375,0,0
TOR_PE,D,20190719,000000,5.6375,5.7285,5.4557,5.7285,0,0
TOR_PE,D,20190722,000000,5.7285,5.7285,5.5466,5.5466,0,0
TOR_PE,D,20190723,000000,5.5466,5.5466,5.3648,5.4557,0,0
TOR_PE,D,20190724,000000,5.4557,5.5466,5.4557,5.4557,0,0
TOR_PE,D,20190725,000000,5.5466,5.7285,5.4557,5.7285,0,0
TOR_PE,D,20190726,000000,5.7285,5.8194,5.6375,5.7285,0,0
TOR_PE,D,20190729,000000,5.7285,6.0921,5.6375,6.0012,0,0
TOR_PE,D,20190730,000000,6.0979,6.1918,6.0979,6.0979,0,0
TOR_PE,D,20190731,000000,5.9103,6.1918,5.9103,6.0979,0,0
TOR_PE,D,20190801,000000,6.0979,6.0979,6.0041,6.0979,0,0
TOR_PE,D,20190802,000000,6.0979,6.0979,6.0041,6.0979,0,0
TOR_PE,D,20190805,000000,6.0979,6.0979,6.0041,6.0041,0,0
TOR_PE,D,20190806,000000,5.9103,6.0979,5.9103,6.0041,0,0
TOR_PE,D,20190807,000000,6.0041,6.0979,5.9103,6.0041,0,0
TOR_PE,D,20190808,000000,6.1918,6.1918,5.9103,5.9103,0,0
TOR_PE,D,20190809,000000,6.0979,6.0979,5.9103,5.9103,0,0
TOR_PE,D,20190812,000000,5.8165,5.9103,5.8165,5.9103,0,0
TOR_PE,D,20190813,000000,5.9103,6.0041,5.9103,5.9103,0,0
TOR_PE,D,20190814,000000,5.9103,5.9103,5.9103,5.9103,0,0
TOR_PE,D,20190816,000000,6.0041,6.0041,5.9103,5.9103,0,0
TOR_PE,D,20190819,000000,6.0041,6.0041,5.8165,5.9103,0,0
TOR_PE,D,20190820,000000,6.0979,6.0979,5.9103,6.0041,0,0
TOR_PE,D,20190821,000000,6.0041,6.0041,5.9103,5.9103,0,0
TOR_PE,D,20190822,000000,5.9103,5.9103,5.7227,5.8165,0,0
TOR_PE,D,20190823,000000,5.8165,5.8165,5.6289,5.7227,0,0
TOR_PE,D,20190826,000000,5.7227,5.8165,5.6289,5.6289,0,0
TOR_PE,D,20190827,000000,5.8165,5.8165,5.5351,5.6289,0,0
TOR_PE,D,20190828,000000,5.5351,5.7227,5.5351,5.7227,0,0
TOR_PE,D,20190829,000000,5.8165,5.8165,5.7227,5.7227,0,0
TOR_PE,D,20190830,000000,5.7227,6.0979,5.6289,6.0979,0,0
TOR_PE,D,20190902,000000,6.1918,6.3794,6.0979,6.2856,0,0
TOR_PE,D,20190903,000000,6.2856,6.3794,6.1918,6.1918,0,0
TOR_PE,D,20190904,000000,6.2856,6.2856,6.1918,6.2856,0,0
TOR_PE,D,20190905,000000,6.2856,6.2856,6.1918,6.2856,0,0
TOR_PE,D,20190906,000000,6.3794,6.3794,4.8784,4.8784,0,0
TOR_PE,D,20190909,000000,4.8784,4.8784,4.5031,4.5969,0,0
TOR_PE,D,20190910,000000,4.5031,4.7845,4.5031,4.5969,0,0
TOR_PE,D,20190911,000000,4.6907,4.6907,4.5031,4.5031,0,0
TOR_PE,D,20190912,000000,4.5031,4.5031,4.4093,4.5031,0,0
TOR_PE,D,20190913,000000,4.5031,4.5969,4.5031,4.5969,0,0
TOR_PE,D,20190916,000000,4.5969,4.5969,4.5031,4.5969,0,0
TOR_PE,D,20190917,000000,4.5969,4.5969,4.5031,4.5031,0,0
TOR_PE,D,20190918,000000,4.5031,4.5031,4.4093,4.5031,0,0
TOR_PE,D,20190919,000000,4.5031,4.6907,4.4093,4.5031,0,0
TOR_PE,D,20190920,000000,4.5031,4.5031,4.4093,4.4093,0,0
TOR_PE,D,20190923,000000,4.4093,4.4093,4.3155,4.4093,0,0
TOR_PE,D,20190924,000000,4.4093,4.4093,4.4093,4.4093,0,0
TOR_PE,D,20190925,000000,4.5031,4.5031,4.3155,4.3155,0,0
TOR_PE,D,20190926,000000,4.4093,4.4093,4.2216,4.3155,0,0
TOR_PE,D,20190927,000000,4.3155,4.3155,4.2216,4.3155,0,0
TOR_PE,D,20190930,000000,4.4093,4.4093,4.2216,4.2216,0,0
TOR_PE,D,20191001,000000,4.2216,4.3155,4.1278,4.2216,0,0
TOR_PE,D,20191002,000000,4.3155,4.3155,4.034,4.1278,0,0
TOR_PE,D,20191003,000000,4.1278,4.3155,4.034,4.3155,0,0
TOR_PE,D,20191004,000000,4.3155,4.3155,4.1278,4.2216,0,0
TOR_PE,D,20191007,000000,4.1278,4.2216,4.1278,4.1278,0,0
TOR_PE,D,20191008,000000,4.034,4.2216,4.034,4.034,0,0
TOR_PE,D,20191009,000000,4.034,4.034,3.9402,4.034,0,0
TOR_PE,D,20191010,000000,4.1278,4.1278,4.034,4.1278,0,0
TOR_PE,D,20191011,000000,4.2216,4.2216,4.034,4.034,0,0
TOR_PE,D,20191014,000000,4.1278,4.1278,4.034,4.1278,0,0
TOR_PE,D,20191015,000000,4.1278,4.1278,4.034,4.1278,0,0
TOR_PE,D,20191016,000000,4.1278,4.1278,4.034,4.1278,0,0
TOR_PE,D,20191017,000000,4.1278,4.1278,4.1278,4.1278,0,0
TOR_PE,D,20191018,000000,4.1278,4.1278,4.034,4.034,0,0
TOR_PE,D,20191021,000000,4.034,4.034,4.034,4.034,0,0
TOR_PE,D,20191022,000000,4.034,4.034,3.9402,3.9402,0,0
TOR_PE,D,20191023,000000,3.9402,4.034,3.6588,3.8464,0,0
TOR_PE,D,20191024,000000,3.9402,3.9402,3.7526,3.7526,0,0
TOR_PE,D,20191025,000000,3.7526,3.7526,3.7526,3.7526,0,0
TOR_PE,D,20191028,000000,3.7526,3.7526,3.5649,3.6588,0,0
TOR_PE,D,20191029,000000,3.6588,3.6588,3.4711,3.4711,0,0
TOR_PE,D,20191030,000000,3.4711,4.2216,3.4711,4.2216,0,0
TOR_PE,D,20191031,000000,4.2216,4.2216,4.1278,4.1278,0,0
TOR_PE,D,20191104,000000,4.1278,4.3155,4.1278,4.3155,0,0
TOR_PE,D,20191105,000000,4.3155,4.3155,4.2216,4.2216,0,0
TOR_PE,D,20191106,000000,4.3155,4.3155,3.8464,3.8464,0,0
TOR_PE,D,20191107,000000,3.9402,4.034,3.9402,4.034,0,0
TOR_PE,D,20191108,000000,4.034,4.1278,3.9402,4.1278,0,0
TOR_PE,D,20191112,000000,4.1278,4.2216,4.034,4.034,0,0
TOR_PE,D,20191113,000000,4.034,4.1278,4.034,4.034,0,0
TOR_PE,D,20191114,000000,4.1278,4.1278,4.034,4.1278,0,0
TOR_PE,D,20191115,000000,4.1278,4.2216,4.034,4.2216,0,0
TOR_PE,D,20191118,000000,4.3155,4.3155,4.3155,4.3155,0,0
TOR_PE,D,20191119,000000,4.3155,4.4093,4.1278,4.1278,0,0
TOR_PE,D,20191120,000000,4.2216,4.2216,4.034,4.034,0,0
TOR_PE,D,20191121,000000,4.034,4.4093,4.034,4.4093,0,0
TOR_PE,D,20191122,000000,4.3155,4.4093,4.3155,4.3155,0,0
TOR_PE,D,20191125,000000,4.4093,4.4093,4.034,4.034,0,0
TOR_PE,D,20191126,000000,4.034,4.1278,4.034,4.1278,0,0
TOR_PE,D,20191127,000000,4.1278,4.1278,4.1278,4.1278,0,0
TOR_PE,D,20191128,000000,4.1278,4.1278,4.034,4.1278,0,0
TOR_PE,D,20191129,000000,4.1278,4.1278,4.034,4.1278,0,0
TOR_PE,D,20191202,000000,4.1278,4.1278,4.034,4.034,0,0
TOR_PE,D,20191203,000000,4.1278,4.1278,4.034,4.034,0,0
TOR_PE,D,20191204,000000,4.034,4.1278,4.034,4.1278,0,0
TOR_PE,D,20191205,000000,4.1278,4.1278,4.034,4.1278,0,0
TOR_PE,D,20191206,000000,4.1278,4.1278,4.034,4.1278,0,0
TOR_PE,D,20191209,000000,4.1278,4.1278,4.034,4.1278,0,0
TOR_PE,D,20191210,000000,4.1278,4.1278,4.034,4.034,0,0
TOR_PE,D,20191211,000000,4.034,4.034,3.9402,4.034,0,0
TOR_PE,D,20191212,000000,4.034,4.1278,4.034,4.034,0,0
TOR_PE,D,20191213,000000,4.034,4.034,3.9402,3.9402,0,0
TOR_PE,D,20191216,000000,3.9402,3.9402,3.8464,3.8464,0,0
TOR_PE,D,20191217,000000,3.8464,3.8464,3.7526,3.7526,0,0
TOR_PE,D,20191218,000000,3.7526,3.7526,3.6588,3.7526,0,0
TOR_PE,D,20191219,000000,3.7526,3.9402,3.6588,3.8464,0,0
TOR_PE,D,20191220,000000,3.7526,3.9402,3.7526,3.8464,0,0
TOR_PE,D,20191223,000000,3.7526,3.9402,3.7526,3.9402,0,0
TOR_PE,D,20191227,000000,3.9402,4.034,3.9402,4.034,0,0
TOR_PE,D,20191230,000000,4.034,4.034,4.034,4.034,0,0
TOR_PE,D,20200102,000000,4.034,4.034,3.9402,4.034,0,0
TOR_PE,D,20200103,000000,4.034,4.034,3.9402,3.9402,0,0
TOR_PE,D,20200107,000000,3.9402,4.1278,3.9402,4.1278,0,0
TOR_PE,D,20200108,000000,4.1278,4.1278,4.034,4.034,0,0
TOR_PE,D,20200109,000000,4.034,4.034,4.034,4.034,0,0
TOR_PE,D,20200110,000000,4.034,4.1278,4.034,4.1278,0,0
TOR_PE,D,20200113,000000,4.1278,4.1278,4.034,4.1278,0,0
TOR_PE,D,20200114,000000,4.1278,4.1278,4.034,4.034,0,0
TOR_PE,D,20200115,000000,4.034,4.1278,4.034,4.1278,0,0
TOR_PE,D,20200116,000000,4.1278,4.1278,4.1278,4.1278,0,0
TOR_PE,D,20200117,000000,4.1278,4.2216,4.034,4.1278,0,0
TOR_PE,D,20200120,000000,4.1278,4.1278,4.034,4.1278,0,0
TOR_PE,D,20200121,000000,4.1278,4.1278,4.034,4.1278,0,0
TOR_PE,D,20200122,000000,4.2216,4.2216,4.1278,4.2216,0,0
TOR_PE,D,20200123,000000,4.2216,4.4093,4.2216,4.3155,0,0
TOR_PE,D,20200124,000000,4.4093,4.5969,4.4093,4.5969,0,0
TOR_PE,D,20200127,000000,4.5969,4.6907,4.5031,4.5031,0,0
TOR_PE,D,20200128,000000,4.5031,4.5969,4.4093,4.5969,0,0
TOR_PE,D,20200129,000000,4.5969,4.5969,4.5031,4.5969,0,0
TOR_PE,D,20200130,000000,4.5031,4.5969,4.4093,4.5031,0,0
TOR_PE,D,20200131,000000,4.5031,4.5969,4.4093,4.5031,0,0
TOR_PE,D,20200203,000000,4.5031,4.5031,4.3155,4.4093,0,0
TOR_PE,D,20200204,000000,4.4093,4.5969,4.4093,4.5969,0,0
TOR_PE,D,20200205,000000,4.5969,4.8784,4.5969,4.8784,0,0
TOR_PE,D,20200206,000000,4.8784,4.9722,4.8784,4.9722,0,0
TOR_PE,D,20200207,000000,4.9722,4.9722,4.8784,4.8784,0,0
TOR_PE,D,20200210,000000,4.9722,5.1598,4.8784,5.066,0,0
TOR_PE,D,20200211,000000,5.066,5.1598,4.9722,4.9722,0,0
TOR_PE,D,20200212,000000,4.9722,4.9722,4.7845,4.8784,0,0
TOR_PE,D,20200213,000000,4.8784,5.066,4.8784,5.066,0,0
TOR_PE,D,20200214,000000,4.9722,5.066,4.8784,4.9722,0,0
TOR_PE,D,20200217,000000,4.9722,5.2536,4.9722,5.2536,0,0
TOR_PE,D,20200218,000000,5.3474,5.3474,5.1598,5.2536,0,0
TOR_PE,D,20200219,000000,5.2536,5.3474,5.066,5.2536,0,0
TOR_PE,D,20200220,000000,5.2536,5.2536,5.066,5.066,0,0
TOR_PE,D,20200221,000000,5.066,5.1598,4.9722,5.1598,0,0
TOR_PE,D,20200224,000000,4.9722,5.066,4.6907,4.6907,0,0
TOR_PE,D,20200225,000000,4.5969,4.5969,4.3155,4.5969,0,0
TOR_PE,D,20200226,000000,4.4093,4.8784,4.4093,4.7845,0,0
TOR_PE,D,20200227,000000,4.6907,4.6907,4.3155,4.3155,0,0
TOR_PE,D,20200228,000000,4.3155,4.4093,4.034,4.034,0,0
TOR_PE,D,20200302,000000,4.2216,4.4093,4.1278,4.4093,0,0
TOR_PE,D,20200303,000000,4.5031,4.5969,4.4093,4.5031,0,0
TOR_PE,D,20200304,000000,4.5031,4.5969,4.4093,4.5969,0,0
TOR_PE,D,20200305,000000,4.6907,4.6907,4.4093,4.4093,0,0
TOR_PE,D,20200306,000000,4.3155,4.5031,4.3155,4.5031,0,0
TOR_PE,D,20200309,000000,4.5031,4.5031,3.6588,3.7526,0,0
TOR_PE,D,20200310,000000,3.8464,3.9402,3.6588,3.8464,0,0
TOR_PE,D,20200311,000000,3.8464,3.8464,3.3773,3.4711,0,0
TOR_PE,D,20200312,000000,3.0959,3.0959,2.8144,2.9082,0,0
TOR_PE,D,20200313,000000,3.0021,3.2835,2.9082,3.0959,0,0
TOR_PE,D,20200316,000000,2.9082,3.8464,2.8144,3.8464,0,0
TOR_PE,D,20200317,000000,3.8464,4.034,3.6588,4.034,0,0
TOR_PE,D,20200318,000000,3.9402,4.2216,3.9402,4.034,0,0
TOR_PE,D,20200319,000000,4.034,4.2216,4.034,4.2216,0,0
TOR_PE,D,20200320,000000,4.3155,4.4093,4.034,4.034,0,0
TOR_PE,D,20200323,000000,4.034,4.034,3.8464,3.9402,0,0
TOR_PE,D,20200324,000000,3.9402,4.3155,3.9402,4.1278,0,0
TOR_PE,D,20200325,000000,4.2216,4.3155,4.034,4.2216,0,0
TOR_PE,D,20200326,000000,4.3155,4.4093,4.2216,4.3155,0,0
TOR_PE,D,20200327,000000,4.3155,4.3155,4.2216,4.3155,0,0
TOR_PE,D,20200330,000000,4.3155,4.4093,4.2216,4.3155,0,0
TOR_PE,D,20200331,000000,4.4093,4.4093,4.4093,4.4093,0,0
TOR_PE,D,20200401,000000,4.4093,4.9722,4.3155,4.6907,0,0
TOR_PE,D,20200402,000000,4.6907,4.8784,4.6907,4.7845,0,0
TOR_PE,D,20200403,000000,4.9722,5.066,4.8784,5.066,0,0
TOR_PE,D,20200406,000000,5.066,5.1598,4.8784,5.066,0,0
TOR_PE,D,20200407,000000,5.1598,5.2536,4.8784,4.8784,0,0
TOR_PE,D,20200408,000000,4.9722,4.9722,4.6907,4.7845,0,0
TOR_PE,D,20200409,000000,4.7845,5.066,4.5969,4.8784,0,0
TOR_PE,D,20200414,000000,4.8784,5.1598,4.8784,5.066,0,0
TOR_PE,D,20200415,000000,5.2536,5.2536,5.066,5.066,0,0
TOR_PE,D,20200416,000000,5.066,5.3474,5.066,5.3474,0,0
TOR_PE,D,20200417,000000,5.4412,5.7227,5.3474,5.6289,0,0
TOR_PE,D,20200420,000000,5.7227,5.8165,5.6289,5.7227,0,0
TOR_PE,D,20200421,000000,5.6289,5.6289,5.1598,5.4412,0,0
TOR_PE,D,20200422,000000,5.5351,5.5351,5.2536,5.5351,0,0
TOR_PE,D,20200423,000000,5.5351,5.6289,5.5351,5.6289,0,0
TOR_PE,D,20200424,000000,5.6289,5.7227,5.5351,5.7227,0,0
TOR_PE,D,20200427,000000,5.7227,5.7227,5.6289,5.6289,0,0
TOR_PE,D,20200428,000000,5.6289,5.7227,5.6289,5.7227,0,0
TOR_PE,D,20200429,000000,5.7227,5.7227,5.6289,5.7227,0,0
TOR_PE,D,20200430,000000,5.7227,5.7227,5.6289,5.7227,0,0
TOR_PE,D,20200504,000000,5.8165,5.8165,5.4412,5.5351,0,0
TOR_PE,D,20200505,000000,5.5351,5.7227,5.5351,5.6289,0,0
TOR_PE,D,20200506,000000,5.6289,5.6289,5.5351,5.6289,0,0
TOR_PE,D,20200507,000000,5.6289,5.9103,5.6289,5.9103,0,0
TOR_PE,D,20200508,000000,5.9103,6.0041,5.8165,5.9103,0,0
TOR_PE,D,20200511,000000,5.9103,6.0041,5.9103,6.0041,0,0
TOR_PE,D,20200512,000000,6.0041,6.2856,5.9103,6.2856,0,0
TOR_PE,D,20200513,000000,6.2856,6.4732,6.1918,6.3794,0,0
TOR_PE,D,20200514,000000,6.2856,6.2856,6.0979,6.2856,0,0
TOR_PE,D,20200515,000000,6.3794,6.567,6.3794,6.567,0,0
TOR_PE,D,20200518,000000,6.567,6.6608,6.4732,6.567,0,0
TOR_PE,D,20200519,000000,6.567,7.2237,6.567,7.2237,0,0
TOR_PE,D,20200520,000000,7.3175,7.3175,7.0361,7.1299,0,0
TOR_PE,D,20200521,000000,7.4113,7.4113,7.2237,7.3175,0,0
TOR_PE,D,20200522,000000,7.3175,7.3175,7.2237,7.3175,0,0
TOR_PE,D,20200525,000000,7.599,8.068,7.599,7.8804,0,0
TOR_PE,D,20200526,000000,7.9742,8.3495,7.3175,7.3175,0,0
TOR_PE,D,20200527,000000,7.3175,7.3175,6.9423,7.1299,0,0
TOR_PE,D,20200528,000000,7.1299,7.2237,6.9423,7.1299,0,0
TOR_PE,D,20200529,000000,7.1299,7.2237,7.0361,7.0361,0,0
TOR_PE,D,20200601,000000,7.2237,7.3175,7.1299,7.1299,0,0
TOR_PE,D,20200602,000000,7.2237,7.6928,7.2237,7.599,0,0
TOR_PE,D,20200603,000000,7.8804,8.2557,7.5052,7.599,0,0
TOR_PE,D,20200604,000000,7.6928,7.6928,7.4113,7.4113,0,0
TOR_PE,D,20200605,000000,7.599,7.599,7.1299,7.5052,0,0
TOR_PE,D,20200608,000000,7.599,7.599,7.4113,7.599,0,0
TOR_PE,D,20200609,000000,7.599,7.599,7.3175,7.4113,0,0
TOR_PE,D,20200610,000000,7.4113,7.599,7.3175,7.599,0,0
TOR_PE,D,20200612,000000,7.0361,7.5052,7.0361,7.4113,0,0
TOR_PE,D,20200615,000000,7.3175,7.3175,7.1299,7.2237,0,0
TOR_PE,D,20200616,000000,7.4113,7.7866,7.3175,7.7866,0,0
TOR_PE,D,20200617,000000,7.7866,8.1619,7.7866,8.1619,0,0
TOR_PE,D,20200618,000000,8.1619,8.2557,8.068,8.2557,0,0
TOR_PE,D,20200619,000000,8.3495,8.7247,8.2557,8.7247,0,0
TOR_PE,D,20200622,000000,8.7247,9.1938,8.5371,9.1,0,0
TOR_PE,D,20200623,000000,9.1,9.1,9.0062,9.1,0,0
TOR_PE,D,20200624,000000,9.1,9.1938,9.1,9.1938,0,0
TOR_PE,D,20200625,000000,9.1,9.1,8.9124,9.0062,0,0
TOR_PE,D,20200626,000000,9.1,9.1938,8.9124,8.9124,0,0
TOR_PE,D,20200629,000000,8.9124,9.1938,8.9124,9.0062,0,0
TOR_PE,D,20200630,000000,9.1,9.1,8.7247,8.7247,0,0
TOR_PE,D,20200701,000000,8.7247,9.1,8.7247,9.1,0,0
TOR_PE,D,20200702,000000,9.1938,9.1938,9.0062,9.0062,0,0
TOR_PE,D,20200703,000000,9.1,9.1,8.9124,9.1,0,0
TOR_PE,D,20200706,000000,9.1938,9.1938,8.9124,9.1,0,0
TOR_PE,D,20200707,000000,9.0062,9.1,8.9124,8.9124,0,0
TOR_PE,D,20200708,000000,8.9124,8.9124,8.7247,8.8186,0,0
TOR_PE,D,20200709,000000,8.9124,9.0062,8.8186,9.0062,0,0
TOR_PE,D,20200710,000000,9.1,9.1938,8.9124,9.1,0,0
TOR_PE,D,20200713,000000,9.1938,9.2876,9.1938,9.1938,0,0
TOR_PE,D,20200714,000000,9.1,9.851,9.1,9.851,0,0
TOR_PE,D,20200715,000000,9.944,10.507,9.944,10.32,0,0
TOR_PE,D,20200716,000000,10.32,10.507,9.944,10.32,0,0
TOR_PE,D,20200717,000000,10.32,10.507,10.32,10.413,0,0
TOR_PE,D,20200720,000000,10.413,10.413,10.038,10.038,0,0
TOR_PE,D,20200721,000000,10.038,10.32,10.038,10.132,0,0
TOR_PE,D,20200722,000000,10.132,10.132,9.851,9.851,0,0
TOR_PE,D,20200723,000000,9.944,9.944,9.2876,9.3814,0,0
TOR_PE,D,20200724,000000,9.3814,9.4753,9.1938,9.4753,0,0
TOR_PE,D,20200727,000000,9.569,10.226,9.569,9.944,0,0
TOR_PE,D,20200728,000000,9.944,10.038,9.3814,9.3814,0,0
TOR_PE,D,20200729,000000,9.2876,9.851,9.2876,9.663,0,0
TOR_PE,D,20200730,000000,10.6,10.6,8.9,8.9,0,0
TOR_PE,D,20200731,000000,8.9,9.3,8.9,9.3,0,0
TOR_PE,D,20200803,000000,9.5,9.5,9.2,9.2,0,0
TOR_PE,D,20200804,000000,9.2,9.2,8.7,8.7,0,0
TOR_PE,D,20200805,000000,9.1,9.1,8.7,8.8,0,0
TOR_PE,D,20200806,000000,8.8,8.9,8.8,8.8,0,0
TOR_PE,D,20200807,000000,8.8,8.9,8.5,8.7,0,0
TOR_PE,D,20200810,000000,8.8,9,8.8,9,0,0
TOR_PE,D,20200811,000000,9.1,9.7,9.1,9.7,0,0
TOR_PE,D,20200812,000000,9.8,10.1,9.6,10,0,0
TOR_PE,D,20200813,000000,10,10,9.6,9.7,0,0
TOR_PE,D,20200814,000000,9.9,9.9,9.4,9.6,0,0
TOR_PE,D,20200817,000000,9.7,9.7,9.4,9.6,0,0
TOR_PE,D,20200818,000000,9.6,9.6,9.3,9.6,0,0
TOR_PE,D,20200819,000000,9.7,9.7,9.4,9.6,0,0
TOR_PE,D,20200820,000000,9.3,9.5,9.2,9.3,0,0
TOR_PE,D,20200821,000000,9.4,9.4,9.1,9.2,0,0
