<TICKER>,<PER>,<DATE>,<TIME>,<OPEN>,<HIGH>,<LOW>,<CLOSE>,<VOL>,<OPENINT>
TSG_PE,D,20090916,000000,51.449,51.449,13.266,13.266,0,0
TSG_PE,D,20090917,000000,13.623,14.162,12.279,12.279,0,0
TSG_PE,D,20090918,000000,12.011,12.19,12.011,12.19,0,0
TSG_PE,D,20090921,000000,12.1,12.817,12.1,12.728,0,0
TSG_PE,D,20090922,000000,13.087,13.087,13.087,13.087,0,0
TSG_PE,D,20090923,000000,12.728,12.817,12.728,12.817,0,0
TSG_PE,D,20090924,000000,12.728,13.355,12.548,13.355,0,0
TSG_PE,D,20090925,000000,13.355,15.417,13.355,15.327,0,0
TSG_PE,D,20090928,000000,15.148,15.148,14.43,15.148,0,0
TSG_PE,D,20090929,000000,14.341,14.968,14.341,14.968,0,0
TSG_PE,D,20090930,000000,14.341,14.79,14.251,14.79,0,0
TSG_PE,D,20091001,000000,14.79,14.79,14.162,14.79,0,0
TSG_PE,D,20091002,000000,15.327,15.327,15.238,15.238,0,0
TSG_PE,D,20091005,000000,15.058,15.058,14.968,15.058,0,0
TSG_PE,D,20091006,000000,14.251,14.43,13.983,14.341,0,0
TSG_PE,D,20091007,000000,14.341,14.341,14.341,14.341,0,0
TSG_PE,D,20091008,000000,14.072,14.072,14.072,14.072,0,0
TSG_PE,D,20091009,000000,14.341,14.341,13.893,14.341,0,0
TSG_PE,D,20091012,000000,13.893,13.893,13.893,13.893,0,0
TSG_PE,D,20091013,000000,14.341,14.341,13.714,13.893,0,0
TSG_PE,D,20091014,000000,13.714,13.714,13.444,13.714,0,0
TSG_PE,D,20091015,000000,13.893,13.893,13.444,13.714,0,0
TSG_PE,D,20091016,000000,14.341,14.341,14.162,14.162,0,0
TSG_PE,D,20091019,000000,14.162,14.162,13.444,13.534,0,0
TSG_PE,D,20091020,000000,13.534,14.162,13.534,13.893,0,0
TSG_PE,D,20091021,000000,13.893,13.893,13.444,13.444,0,0
TSG_PE,D,20091022,000000,13.534,13.534,13.355,13.355,0,0
TSG_PE,D,20091023,000000,13.534,13.534,13.444,13.444,0,0
TSG_PE,D,20091026,000000,13.534,14.43,13.444,14.341,0,0
TSG_PE,D,20091027,000000,13.983,13.983,13.893,13.893,0,0
TSG_PE,D,20091028,000000,14.072,14.341,14.072,14.341,0,0
TSG_PE,D,20091029,000000,13.444,14.162,13.444,13.714,0,0
TSG_PE,D,20091030,000000,14.072,14.072,13.444,13.714,0,0
TSG_PE,D,20091102,000000,13.893,13.893,13.534,13.534,0,0
TSG_PE,D,20091103,000000,13.534,13.534,13.444,13.534,0,0
TSG_PE,D,20091104,000000,13.893,13.893,13.534,13.623,0,0
TSG_PE,D,20091105,000000,13.534,13.534,13.444,13.444,0,0
TSG_PE,D,20091106,000000,13.444,13.444,13.355,13.355,0,0
TSG_PE,D,20091109,000000,13.534,13.534,13.355,13.355,0,0
TSG_PE,D,20091110,000000,13.355,13.355,13.355,13.355,0,0
TSG_PE,D,20091112,000000,13.444,14.162,13.266,14.162,0,0
TSG_PE,D,20091113,000000,14.251,14.341,13.444,13.714,0,0
TSG_PE,D,20091116,000000,13.714,14.52,13.714,14.52,0,0
TSG_PE,D,20091117,000000,14.251,14.251,14.162,14.162,0,0
TSG_PE,D,20091118,000000,13.893,13.893,13.714,13.893,0,0
TSG_PE,D,20091120,000000,13.893,13.893,13.893,13.893,0,0
TSG_PE,D,20091123,000000,13.893,13.893,13.893,13.893,0,0
TSG_PE,D,20091124,000000,13.804,13.893,13.714,13.714,0,0
TSG_PE,D,20091125,000000,13.714,14.072,13.714,14.072,0,0
TSG_PE,D,20091126,000000,14.341,14.43,14.341,14.43,0,0
TSG_PE,D,20091130,000000,14.43,14.43,13.804,13.804,0,0
TSG_PE,D,20091201,000000,13.893,14.43,13.893,14.43,0,0
TSG_PE,D,20091202,000000,14.43,14.43,14.43,14.43,0,0
TSG_PE,D,20091203,000000,14.43,14.43,14.43,14.43,0,0
TSG_PE,D,20091204,000000,14.341,14.341,13.893,14.251,0,0
TSG_PE,D,20091207,000000,14.341,14.61,14.341,14.61,0,0
TSG_PE,D,20091208,000000,14.251,14.251,14.251,14.251,0,0
TSG_PE,D,20091210,000000,14.61,14.61,13.983,14.072,0,0
TSG_PE,D,20091211,000000,14.251,14.251,14.162,14.162,0,0
TSG_PE,D,20091215,000000,13.983,13.983,13.714,13.714,0,0
TSG_PE,D,20091216,000000,13.714,13.714,13.714,13.714,0,0
TSG_PE,D,20091217,000000,13.714,14.162,13.714,14.162,0,0
TSG_PE,D,20091218,000000,14.162,14.162,13.444,14.072,0,0
TSG_PE,D,20091221,000000,13.714,13.714,13.714,13.714,0,0
TSG_PE,D,20091222,000000,13.623,13.983,13.623,13.623,0,0
TSG_PE,D,20091223,000000,13.623,13.623,13.623,13.623,0,0
TSG_PE,D,20091228,000000,13.623,14.162,13.623,14.162,0,0
TSG_PE,D,20091229,000000,14.162,14.162,14.162,14.162,0,0
TSG_PE,D,20091230,000000,14.341,14.341,14.162,14.162,0,0
TSG_PE,D,20091231,000000,14.162,14.162,14.162,14.162,0,0
TSG_PE,D,20100104,000000,14.251,14.251,13.804,13.893,0,0
TSG_PE,D,20100105,000000,13.714,14.162,13.714,13.714,0,0
TSG_PE,D,20100106,000000,13.714,14.072,13.714,14.072,0,0
TSG_PE,D,20100107,000000,14.072,14.072,13.893,13.893,0,0
TSG_PE,D,20100108,000000,13.893,13.893,13.714,13.893,0,0
TSG_PE,D,20100112,000000,13.714,13.714,13.714,13.714,0,0
TSG_PE,D,20100113,000000,13.714,13.714,13.714,13.714,0,0
TSG_PE,D,20100114,000000,13.893,14.43,13.893,14.341,0,0
TSG_PE,D,20100115,000000,14.43,14.43,14.43,14.43,0,0
TSG_PE,D,20100118,000000,14.43,14.43,14.43,14.43,0,0
TSG_PE,D,20100119,000000,14.43,14.43,14.341,14.341,0,0
TSG_PE,D,20100120,000000,14.43,14.43,14.43,14.43,0,0
TSG_PE,D,20100121,000000,14.43,14.43,14.43,14.43,0,0
TSG_PE,D,20100122,000000,14.162,14.52,14.072,14.072,0,0
TSG_PE,D,20100125,000000,14.341,14.341,13.893,13.983,0,0
TSG_PE,D,20100126,000000,13.714,13.714,13.714,13.714,0,0
TSG_PE,D,20100127,000000,13.714,13.714,13.714,13.714,0,0
TSG_PE,D,20100128,000000,13.983,13.983,13.714,13.714,0,0
TSG_PE,D,20100201,000000,13.804,13.804,13.804,13.804,0,0
TSG_PE,D,20100202,000000,14.162,14.162,13.804,13.804,0,0
TSG_PE,D,20100203,000000,13.804,13.804,13.623,13.714,0,0
TSG_PE,D,20100204,000000,13.714,13.714,13.714,13.714,0,0
TSG_PE,D,20100205,000000,13.714,13.714,13.266,13.714,0,0
TSG_PE,D,20100208,000000,13.534,13.623,13.534,13.623,0,0
TSG_PE,D,20100209,000000,13.714,13.714,13.623,13.623,0,0
TSG_PE,D,20100210,000000,13.623,13.714,13.623,13.714,0,0
TSG_PE,D,20100211,000000,13.534,13.714,13.534,13.623,0,0
TSG_PE,D,20100212,000000,13.623,13.623,13.534,13.534,0,0
TSG_PE,D,20100215,000000,13.444,13.623,13.444,13.623,0,0
TSG_PE,D,20100216,000000,13.623,13.714,13.444,13.534,0,0
TSG_PE,D,20100217,000000,13.714,13.714,13.623,13.623,0,0
TSG_PE,D,20100218,000000,13.714,13.714,12.011,12.011,0,0
TSG_PE,D,20100219,000000,12.011,12.011,11.921,12.011,0,0
TSG_PE,D,20100222,000000,12.011,12.011,12.011,12.011,0,0
TSG_PE,D,20100223,000000,12.011,12.011,12.011,12.011,0,0
TSG_PE,D,20100224,000000,12.011,12.011,11.921,11.921,0,0
TSG_PE,D,20100225,000000,11.832,12.1,11.832,12.1,0,0
TSG_PE,D,20100226,000000,12.1,12.1,12.1,12.1,0,0
TSG_PE,D,20100301,000000,12.1,12.1,12.1,12.1,0,0
TSG_PE,D,20100302,000000,12.1,12.1,12.1,12.1,0,0
TSG_PE,D,20100303,000000,12.1,12.1,11.742,11.742,0,0
TSG_PE,D,20100304,000000,11.652,11.742,11.652,11.742,0,0
TSG_PE,D,20100305,000000,11.742,12.011,11.742,12.011,0,0
TSG_PE,D,20100308,000000,12.011,12.011,12.011,12.011,0,0
TSG_PE,D,20100309,000000,12.1,12.1,11.652,11.742,0,0
TSG_PE,D,20100310,000000,11.562,12.1,11.562,12.1,0,0
TSG_PE,D,20100311,000000,12.1,12.1,12.011,12.011,0,0
TSG_PE,D,20100312,000000,12.011,12.011,12.011,12.011,0,0
TSG_PE,D,20100315,000000,12.011,12.011,12.011,12.011,0,0
TSG_PE,D,20100316,000000,12.011,12.011,11.921,12.011,0,0
TSG_PE,D,20100317,000000,12.011,12.011,12.011,12.011,0,0
TSG_PE,D,20100318,000000,12.011,12.011,12.011,12.011,0,0
TSG_PE,D,20100319,000000,12.011,12.011,11.921,12.011,0,0
TSG_PE,D,20100322,000000,12.011,12.011,12.011,12.011,0,0
TSG_PE,D,20100323,000000,11.921,12.011,11.921,12.011,0,0
TSG_PE,D,20100324,000000,12.011,12.011,11.742,12.011,0,0
TSG_PE,D,20100325,000000,12.011,12.011,11.742,12.011,0,0
TSG_PE,D,20100326,000000,11.742,12.011,11.742,12.011,0,0
TSG_PE,D,20100329,000000,12.011,12.011,11.562,12.011,0,0
TSG_PE,D,20100330,000000,12.011,12.011,11.652,11.652,0,0
TSG_PE,D,20100331,000000,12.011,12.011,12.011,12.011,0,0
TSG_PE,D,20100401,000000,12.011,12.011,11.562,12.011,0,0
TSG_PE,D,20100406,000000,11.652,11.652,11.652,11.652,0,0
TSG_PE,D,20100407,000000,11.562,12.011,11.562,12.011,0,0
TSG_PE,D,20100408,000000,12.011,12.011,11.472,11.472,0,0
TSG_PE,D,20100409,000000,11.652,11.832,11.652,11.652,0,0
TSG_PE,D,20100412,000000,11.652,11.742,11.652,11.652,0,0
TSG_PE,D,20100413,000000,11.472,11.562,11.472,11.562,0,0
TSG_PE,D,20100414,000000,11.472,11.472,11.472,11.472,0,0
TSG_PE,D,20100415,000000,11.472,11.472,11.472,11.472,0,0
TSG_PE,D,20100416,000000,11.472,11.472,11.472,11.472,0,0
TSG_PE,D,20100419,000000,11.472,11.472,11.204,11.204,0,0
TSG_PE,D,20100420,000000,11.472,11.472,11.383,11.383,0,0
TSG_PE,D,20100421,000000,11.383,11.383,11.383,11.383,0,0
TSG_PE,D,20100422,000000,11.204,11.293,11.204,11.293,0,0
TSG_PE,D,20100423,000000,11.652,11.652,11.652,11.652,0,0
TSG_PE,D,20100426,000000,11.652,11.652,11.383,11.472,0,0
TSG_PE,D,20100427,000000,11.562,11.562,11.472,11.472,0,0
TSG_PE,D,20100428,000000,11.383,11.383,11.383,11.383,0,0
TSG_PE,D,20100429,000000,11.383,11.383,11.383,11.383,0,0
TSG_PE,D,20100430,000000,11.472,11.472,11.383,11.383,0,0
TSG_PE,D,20100504,000000,11.472,11.472,11.472,11.472,0,0
TSG_PE,D,20100505,000000,11.472,11.921,11.472,11.921,0,0
TSG_PE,D,20100506,000000,11.921,11.921,11.921,11.921,0,0
TSG_PE,D,20100507,000000,11.562,12.1,11.472,12.1,0,0
TSG_PE,D,20100510,000000,12.1,12.369,12.1,12.279,0,0
TSG_PE,D,20100511,000000,12.1,12.728,12.1,12.728,0,0
TSG_PE,D,20100512,000000,12.1,12.459,12.1,12.459,0,0
TSG_PE,D,20100513,000000,12.459,12.459,12.459,12.459,0,0
TSG_PE,D,20100514,000000,12.728,13.176,12.369,12.369,0,0
TSG_PE,D,20100517,000000,12.369,12.369,12.369,12.369,0,0
TSG_PE,D,20100518,000000,12.369,12.369,12.1,12.19,0,0
TSG_PE,D,20100519,000000,12.19,12.279,12.19,12.19,0,0
TSG_PE,D,20100520,000000,12.19,12.19,12.1,12.1,0,0
TSG_PE,D,20100521,000000,12.19,12.19,12.19,12.19,0,0
TSG_PE,D,20100524,000000,12.1,12.1,11.832,11.832,0,0
TSG_PE,D,20100525,000000,11.832,11.832,11.472,11.472,0,0
TSG_PE,D,20100526,000000,11.562,11.921,11.562,11.832,0,0
TSG_PE,D,20100527,000000,12.19,12.279,11.832,11.832,0,0
TSG_PE,D,20100528,000000,11.832,12.459,11.832,12.459,0,0
TSG_PE,D,20100531,000000,12.459,13.355,12.459,12.907,0,0
TSG_PE,D,20100601,000000,13.266,13.266,12.907,13.266,0,0
TSG_PE,D,20100602,000000,12.907,13.266,12.907,13.176,0,0
TSG_PE,D,20100607,000000,12.907,12.907,12.907,12.907,0,0
TSG_PE,D,20100608,000000,13.087,13.087,13.087,13.087,0,0
TSG_PE,D,20100609,000000,13.087,13.087,12.907,12.907,0,0
TSG_PE,D,20100610,000000,13.087,13.087,12.548,12.728,0,0
TSG_PE,D,20100611,000000,12.638,12.996,12.638,12.728,0,0
TSG_PE,D,20100614,000000,12.728,12.728,12.1,12.548,0,0
TSG_PE,D,20100615,000000,12.548,12.996,12.548,12.907,0,0
TSG_PE,D,20100616,000000,12.996,12.996,12.817,12.817,0,0
TSG_PE,D,20100617,000000,13.087,13.176,13.087,13.176,0,0
TSG_PE,D,20100618,000000,13.176,13.176,13.176,13.176,0,0
TSG_PE,D,20100621,000000,13.087,13.087,12.817,12.907,0,0
TSG_PE,D,20100622,000000,12.907,12.907,12.728,12.728,0,0
TSG_PE,D,20100623,000000,12.728,12.817,12.548,12.638,0,0
TSG_PE,D,20100624,000000,12.907,12.907,12.817,12.817,0,0
TSG_PE,D,20100625,000000,12.817,12.817,12.548,12.638,0,0
TSG_PE,D,20100628,000000,12.279,12.279,12.011,12.011,0,0
TSG_PE,D,20100629,000000,12.1,12.459,12.1,12.459,0,0
TSG_PE,D,20100630,000000,12.548,12.548,12.19,12.548,0,0
TSG_PE,D,20100701,000000,12.548,12.638,12.19,12.19,0,0
TSG_PE,D,20100705,000000,12.19,12.19,12.19,12.19,0,0
TSG_PE,D,20100706,000000,12.459,12.459,12.459,12.459,0,0
TSG_PE,D,20100707,000000,12.548,12.638,12.548,12.638,0,0
TSG_PE,D,20100708,000000,12.907,12.907,12.279,12.279,0,0
TSG_PE,D,20100709,000000,12.279,12.279,12.1,12.1,0,0
TSG_PE,D,20100712,000000,12.369,12.369,12.011,12.011,0,0
TSG_PE,D,20100713,000000,12.011,12.011,12.011,12.011,0,0
TSG_PE,D,20100714,000000,12.1,12.1,12.1,12.1,0,0
TSG_PE,D,20100715,000000,11.832,12.1,11.832,12.1,0,0
TSG_PE,D,20100716,000000,11.921,12.817,11.921,12.817,0,0
TSG_PE,D,20100719,000000,12.817,12.817,12.728,12.728,0,0
TSG_PE,D,20100720,000000,12.728,12.728,12.638,12.728,0,0
TSG_PE,D,20100721,000000,12.728,12.907,12.728,12.817,0,0
TSG_PE,D,20100722,000000,12.728,12.728,12.1,12.279,0,0
TSG_PE,D,20100723,000000,12.279,12.279,12.19,12.19,0,0
TSG_PE,D,20100726,000000,12.459,12.459,12.369,12.369,0,0
TSG_PE,D,20100727,000000,12.369,12.369,12.369,12.369,0,0
TSG_PE,D,20100728,000000,12.369,12.369,12.1,12.279,0,0
TSG_PE,D,20100729,000000,12.369,12.369,12.1,12.1,0,0
TSG_PE,D,20100730,000000,12.1,12.1,12.011,12.011,0,0
TSG_PE,D,20100802,000000,11.921,12.1,11.921,12.011,0,0
TSG_PE,D,20100803,000000,12.011,12.459,12.011,12.459,0,0
TSG_PE,D,20100804,000000,12.369,12.369,12.279,12.279,0,0
TSG_PE,D,20100805,000000,12.279,12.369,12.1,12.369,0,0
TSG_PE,D,20100806,000000,12.369,12.638,12.369,12.638,0,0
TSG_PE,D,20100809,000000,12.638,12.638,12.638,12.638,0,0
TSG_PE,D,20100810,000000,12.638,12.638,12.279,12.548,0,0
TSG_PE,D,20100811,000000,12.548,12.548,12.548,12.548,0,0
TSG_PE,D,20100812,000000,12.638,12.638,12.459,12.548,0,0
TSG_PE,D,20100813,000000,12.279,12.638,12.279,12.638,0,0
TSG_PE,D,20100816,000000,12.369,12.728,12.369,12.638,0,0
TSG_PE,D,20100817,000000,12.638,12.638,12.548,12.638,0,0
TSG_PE,D,20100818,000000,12.638,13.087,12.638,12.728,0,0
TSG_PE,D,20110316,000000,11.115,11.115,11.115,11.115,0,0
TSG_PE,D,20110317,000000,11.115,11.204,11.025,11.204,0,0
TSG_PE,D,20110318,000000,11.204,11.204,11.115,11.115,0,0
TSG_PE,D,20110321,000000,11.115,11.204,11.115,11.115,0,0
TSG_PE,D,20110322,000000,11.115,11.115,11.115,11.115,0,0
TSG_PE,D,20110323,000000,11.115,11.115,11.025,11.115,0,0
TSG_PE,D,20110324,000000,11.115,11.472,11.115,11.383,0,0
TSG_PE,D,20110325,000000,11.293,11.562,11.293,11.472,0,0
TSG_PE,D,20110328,000000,11.472,11.472,11.472,11.472,0,0
TSG_PE,D,20110329,000000,11.472,11.472,11.025,11.293,0,0
TSG_PE,D,20110330,000000,11.204,11.293,11.115,11.115,0,0
TSG_PE,D,20110331,000000,11.115,11.204,10.936,11.204,0,0
TSG_PE,D,20110401,000000,11.115,11.204,11.025,11.025,0,0
TSG_PE,D,20110404,000000,11.204,11.204,10.756,11.025,0,0
TSG_PE,D,20110405,000000,10.936,11.025,10.756,10.756,0,0
TSG_PE,D,20110406,000000,10.756,10.756,10.666,10.756,0,0
TSG_PE,D,20110407,000000,10.756,11.115,10.756,11.025,0,0
TSG_PE,D,20110408,000000,11.115,11.115,10.845,10.936,0,0
TSG_PE,D,20110411,000000,10.936,10.936,10.845,10.845,0,0
TSG_PE,D,20110412,000000,10.666,11.025,10.666,10.666,0,0
TSG_PE,D,20110413,000000,10.576,10.576,10.576,10.576,0,0
TSG_PE,D,20110414,000000,10.576,10.666,10.576,10.666,0,0
TSG_PE,D,20110415,000000,10.666,10.756,10.666,10.666,0,0
TSG_PE,D,20110418,000000,10.666,10.666,10.576,10.576,0,0
TSG_PE,D,20110419,000000,10.576,10.845,10.576,10.666,0,0
TSG_PE,D,20110420,000000,10.666,10.756,10.487,10.756,0,0
TSG_PE,D,20110421,000000,10.756,10.756,10.487,10.487,0,0
TSG_PE,D,20110426,000000,10.487,10.666,10.487,10.666,0,0
TSG_PE,D,20110427,000000,10.666,10.666,10.487,10.666,0,0
TSG_PE,D,20110428,000000,10.666,10.666,10.487,10.666,0,0
TSG_PE,D,20110429,000000,10.666,10.666,10.308,10.576,0,0
TSG_PE,D,20110502,000000,10.397,10.576,10.397,10.397,0,0
TSG_PE,D,20110504,000000,10.397,10.487,10.308,10.487,0,0
TSG_PE,D,20110505,000000,10.397,10.487,10.397,10.397,0,0
TSG_PE,D,20110506,000000,10.397,10.397,10.397,10.397,0,0
TSG_PE,D,20110509,000000,10.397,10.397,10.397,10.397,0,0
TSG_PE,D,20110510,000000,10.397,10.487,10.397,10.397,0,0
TSG_PE,D,20110511,000000,10.397,10.487,10.397,10.487,0,0
TSG_PE,D,20110512,000000,10.308,10.308,10.128,10.218,0,0
TSG_PE,D,20110513,000000,10.397,10.397,10.218,10.397,0,0
TSG_PE,D,20110516,000000,9.949,10.397,9.949,10.218,0,0
TSG_PE,D,20110517,000000,10.039,10.039,9.5,9.591,0,0
TSG_PE,D,20110518,000000,9.591,10.487,9.2321,10.487,0,0
TSG_PE,D,20110519,000000,10.487,10.666,10.308,10.308,0,0
TSG_PE,D,20110520,000000,10.397,10.487,10.308,10.308,0,0
TSG_PE,D,20110523,000000,10.039,10.218,10.039,10.039,0,0
TSG_PE,D,20110524,000000,10.039,10.128,9.86,9.949,0,0
TSG_PE,D,20110525,000000,9.949,10.576,9.949,10.308,0,0
TSG_PE,D,20110526,000000,10.487,10.576,10.308,10.397,0,0
TSG_PE,D,20110527,000000,10.397,10.936,10.397,10.666,0,0
TSG_PE,D,20110530,000000,10.666,10.756,10.666,10.666,0,0
TSG_PE,D,20110531,000000,10.666,11.383,10.666,11.383,0,0
TSG_PE,D,20110601,000000,11.383,11.383,11.115,11.115,0,0
TSG_PE,D,20110602,000000,10.936,11.025,10.936,10.936,0,0
TSG_PE,D,20110603,000000,11.204,11.204,10.936,11.115,0,0
TSG_PE,D,20110606,000000,11.115,11.115,10.487,11.025,0,0
TSG_PE,D,20110607,000000,11.025,11.204,10.936,11.204,0,0
TSG_PE,D,20110608,000000,11.204,11.204,11.025,11.115,0,0
TSG_PE,D,20110609,000000,11.115,11.204,11.115,11.204,0,0
TSG_PE,D,20110610,000000,11.204,11.204,11.204,11.204,0,0
TSG_PE,D,20110613,000000,11.293,11.562,11.293,11.562,0,0
TSG_PE,D,20110614,000000,11.472,11.742,11.472,11.742,0,0
TSG_PE,D,20110615,000000,11.742,11.742,11.742,11.742,0,0
TSG_PE,D,20110616,000000,11.742,11.742,11.293,11.472,0,0
TSG_PE,D,20110617,000000,11.293,11.472,11.204,11.204,0,0
TSG_PE,D,20110620,000000,11.204,11.204,11.115,11.204,0,0
TSG_PE,D,20110621,000000,11.383,11.472,11.383,11.383,0,0
TSG_PE,D,20110622,000000,11.383,11.472,11.293,11.293,0,0
TSG_PE,D,20110624,000000,11.383,11.383,11.115,11.204,0,0
TSG_PE,D,20110627,000000,11.115,11.115,11.025,11.025,0,0
TSG_PE,D,20110628,000000,11.025,11.025,10.576,10.666,0,0
TSG_PE,D,20110629,000000,10.756,11.025,10.756,11.025,0,0
TSG_PE,D,20110630,000000,11.115,11.115,10.756,10.756,0,0
TSG_PE,D,20110701,000000,10.845,10.845,10.756,10.756,0,0
TSG_PE,D,20110704,000000,10.756,11.115,10.666,11.115,0,0
TSG_PE,D,20110705,000000,11.115,11.115,10.845,11.115,0,0
TSG_PE,D,20110706,000000,11.115,11.115,11.115,11.115,0,0
TSG_PE,D,20110707,000000,11.115,11.115,10.756,10.756,0,0
TSG_PE,D,20110708,000000,10.756,11.025,10.756,11.025,0,0
TSG_PE,D,20110711,000000,11.025,11.025,11.025,11.025,0,0
TSG_PE,D,20110712,000000,10.936,10.936,10.756,10.756,0,0
TSG_PE,D,20110713,000000,10.487,10.756,10.487,10.666,0,0
TSG_PE,D,20110714,000000,10.756,10.756,10.487,10.666,0,0
TSG_PE,D,20110715,000000,10.666,10.666,10.308,10.576,0,0
TSG_PE,D,20110718,000000,10.397,10.397,10.308,10.308,0,0
TSG_PE,D,20110719,000000,10.666,10.756,10.397,10.397,0,0
TSG_PE,D,20110720,000000,10.308,10.308,10.308,10.308,0,0
TSG_PE,D,20110721,000000,10.576,10.576,9.681,9.77,0,0
TSG_PE,D,20110722,000000,9.86,9.949,9.86,9.86,0,0
TSG_PE,D,20110725,000000,9.86,9.86,9.77,9.77,0,0
TSG_PE,D,20110726,000000,9.77,9.77,9.77,9.77,0,0
TSG_PE,D,20110727,000000,9.77,9.86,9.77,9.86,0,0
TSG_PE,D,20110728,000000,9.86,9.86,9.2321,9.3212,0,0
TSG_PE,D,20110729,000000,9.4114,9.5,9.2321,9.3212,0,0
TSG_PE,D,20110801,000000,9.5,9.591,8.8736,9.3212,0,0
TSG_PE,D,20110802,000000,8.9633,9.0528,8.3357,8.784,0,0
TSG_PE,D,20110803,000000,8.515,8.784,7.9772,7.9772,0,0
TSG_PE,D,20110804,000000,7.9772,7.9772,7.3497,7.6187,0,0
TSG_PE,D,20110805,000000,6.5432,7.798,6.5432,7.2602,0,0
TSG_PE,D,20110808,000000,6.6327,7.2602,6.6327,7.0809,0,0
TSG_PE,D,20110809,000000,7.0809,7.2602,6.9016,7.0809,0,0
TSG_PE,D,20110810,000000,7.3497,7.4394,7.0809,7.0809,0,0
TSG_PE,D,20110811,000000,7.0809,7.1706,7.0809,7.1706,0,0
TSG_PE,D,20110812,000000,7.1706,7.3497,7.1706,7.2602,0,0
TSG_PE,D,20110816,000000,7.3497,7.6187,7.3497,7.6187,0,0
TSG_PE,D,20110817,000000,7.798,7.9772,7.3497,7.3497,0,0
TSG_PE,D,20110818,000000,7.3497,7.3497,7.3497,7.3497,0,0
TSG_PE,D,20110819,000000,6.7223,7.3497,6.7223,7.2602,0,0
TSG_PE,D,20110822,000000,7.4394,7.6187,7.4394,7.5291,0,0
TSG_PE,D,20110823,000000,7.7083,7.7083,7.6187,7.6187,0,0
TSG_PE,D,20110824,000000,7.5291,7.6187,7.3497,7.3497,0,0
TSG_PE,D,20110825,000000,7.4394,7.5291,7.1706,7.3497,0,0
TSG_PE,D,20110826,000000,7.4394,7.5291,7.2602,7.5291,0,0
TSG_PE,D,20110829,000000,7.5291,7.5291,7.3497,7.5291,0,0
TSG_PE,D,20110830,000000,7.5291,7.6187,7.5291,7.5291,0,0
TSG_PE,D,20110831,000000,7.6187,7.6187,7.5291,7.5291,0,0
TSG_PE,D,20110901,000000,7.5291,7.5291,7.3497,7.3497,0,0
TSG_PE,D,20110902,000000,7.4394,7.4394,7.3497,7.4394,0,0
TSG_PE,D,20110905,000000,7.1706,7.4394,7.1706,7.2602,0,0
TSG_PE,D,20110906,000000,7.0809,7.5291,7.0809,7.5291,0,0
TSG_PE,D,20110907,000000,7.3497,7.5291,7.1706,7.5291,0,0
TSG_PE,D,20110908,000000,7.6187,7.6187,7.3497,7.6187,0,0
TSG_PE,D,20110909,000000,7.6187,7.6187,7.3497,7.5291,0,0
TSG_PE,D,20110912,000000,7.5291,7.5291,7.1706,7.3497,0,0
TSG_PE,D,20110913,000000,7.2602,7.6187,7.1706,7.6187,0,0
TSG_PE,D,20110914,000000,7.6187,7.6187,7.6187,7.6187,0,0
TSG_PE,D,20110915,000000,7.6187,7.6187,6.9016,7.0809,0,0
TSG_PE,D,20110916,000000,7.0809,7.0809,6.7223,6.7223,0,0
TSG_PE,D,20110919,000000,6.7223,6.7223,6.3638,6.7223,0,0
TSG_PE,D,20110920,000000,6.7223,6.7223,6.5432,6.7223,0,0
TSG_PE,D,20110921,000000,6.7223,6.7223,6.7223,6.7223,0,0
TSG_PE,D,20110922,000000,6.7223,6.9016,6.5432,6.9016,0,0
TSG_PE,D,20110923,000000,6.9016,6.9016,6.5432,6.812,0,0
TSG_PE,D,20110926,000000,6.3638,6.9016,6.0949,6.4536,0,0
TSG_PE,D,20110927,000000,6.9016,6.9016,6.4536,6.6327,0,0
TSG_PE,D,20110928,000000,6.7223,6.7223,6.6327,6.6327,0,0
TSG_PE,D,20110929,000000,6.2742,6.6327,6.2742,6.6327,0,0
TSG_PE,D,20110930,000000,6.4536,6.7223,6.3638,6.7223,0,0
TSG_PE,D,20111003,000000,6.9016,6.9016,6.6327,6.6327,0,0
TSG_PE,D,20111004,000000,6.5432,6.5432,6.5432,6.5432,0,0
TSG_PE,D,20111005,000000,6.5432,6.5432,6.5432,6.5432,0,0
TSG_PE,D,20111006,000000,6.7223,6.812,6.5432,6.5432,0,0
TSG_PE,D,20111007,000000,6.7223,6.7223,6.7223,6.7223,0,0
TSG_PE,D,20111010,000000,6.7223,6.7223,6.7223,6.7223,0,0
TSG_PE,D,20111011,000000,6.7223,6.7223,6.5432,6.5432,0,0
TSG_PE,D,20111012,000000,6.5432,6.7223,6.5432,6.7223,0,0
TSG_PE,D,20111013,000000,6.7223,6.7223,6.5432,6.5432,0,0
TSG_PE,D,20111014,000000,6.5432,6.6327,6.5432,6.6327,0,0
TSG_PE,D,20111017,000000,6.6327,6.7223,6.6327,6.6327,0,0
TSG_PE,D,20111018,000000,6.5432,6.5432,6.5432,6.5432,0,0
TSG_PE,D,20111019,000000,6.5432,6.7223,6.5432,6.7223,0,0
TSG_PE,D,20111020,000000,6.6327,6.7223,6.3638,6.5432,0,0
TSG_PE,D,20111021,000000,6.3638,6.7223,6.3638,6.7223,0,0
TSG_PE,D,20111024,000000,6.7223,6.7223,6.7223,6.7223,0,0
TSG_PE,D,20111025,000000,6.7223,7.2602,6.7223,7.1706,0,0
TSG_PE,D,20111026,000000,7.1706,7.1706,7.1706,7.1706,0,0
TSG_PE,D,20111027,000000,7.1706,7.2602,7.1706,7.1706,0,0
TSG_PE,D,20111028,000000,7.1706,7.1706,7.0809,7.1706,0,0
TSG_PE,D,20111031,000000,7.2602,7.2602,7.0809,7.0809,0,0
TSG_PE,D,20111102,000000,6.9016,6.9913,6.7223,6.9913,0,0
TSG_PE,D,20111103,000000,6.9913,6.9913,6.812,6.9913,0,0
TSG_PE,D,20111104,000000,6.9913,6.9913,6.812,6.9913,0,0
TSG_PE,D,20111107,000000,6.9913,6.9913,6.812,6.9016,0,0
TSG_PE,D,20111108,000000,6.812,6.9016,6.812,6.9016,0,0
TSG_PE,D,20111109,000000,6.9016,6.9016,6.812,6.812,0,0
TSG_PE,D,20111110,000000,6.812,6.812,6.812,6.812,0,0
TSG_PE,D,20111114,000000,6.9016,6.9016,6.9016,6.9016,0,0
TSG_PE,D,20111115,000000,6.812,6.812,6.812,6.812,0,0
TSG_PE,D,20111116,000000,6.812,6.812,6.6327,6.812,0,0
TSG_PE,D,20111117,000000,6.9016,6.9016,6.3638,6.3638,0,0
TSG_PE,D,20111118,000000,6.3638,6.3638,6.2742,6.2742,0,0
TSG_PE,D,20111121,000000,6.3638,6.3638,6.0949,6.0949,0,0
TSG_PE,D,20111122,000000,6.1846,6.1846,6.0949,6.1846,0,0
TSG_PE,D,20111123,000000,6.1846,6.1846,5.9157,6.0053,0,0
TSG_PE,D,20111124,000000,6.0949,6.0949,5.5572,5.5572,0,0
TSG_PE,D,20111125,000000,5.5572,5.5572,5.3779,5.5572,0,0
TSG_PE,D,20111128,000000,5.7364,5.7364,5.1986,5.2882,0,0
TSG_PE,D,20111129,000000,5.2882,5.2882,5.1986,5.1986,0,0
TSG_PE,D,20111130,000000,5.109,5.1986,4.8402,5.0194,0,0
TSG_PE,D,20111201,000000,5.0194,5.109,5.0194,5.0194,0,0
TSG_PE,D,20111202,000000,4.9298,5.0194,4.9298,4.9298,0,0
TSG_PE,D,20111205,000000,5.0194,5.109,5.0194,5.109,0,0
TSG_PE,D,20111206,000000,5.2882,5.2882,5.0194,5.109,0,0
TSG_PE,D,20111207,000000,5.109,5.109,5.0194,5.109,0,0
TSG_PE,D,20111208,000000,5.1986,5.3779,5.109,5.2882,0,0
TSG_PE,D,20111209,000000,5.2882,5.2882,5.2882,5.2882,0,0
TSG_PE,D,20111212,000000,5.109,5.1986,5.109,5.1986,0,0
TSG_PE,D,20111213,000000,5.2882,5.2882,5.109,5.109,0,0
TSG_PE,D,20111214,000000,5.109,5.1986,5.109,5.109,0,0
TSG_PE,D,20111215,000000,5.109,5.109,4.9298,5.109,0,0
TSG_PE,D,20111216,000000,5.109,5.109,4.9298,5.109,0,0
TSG_PE,D,20111219,000000,5.109,5.109,4.9298,5.109,0,0
TSG_PE,D,20111220,000000,5.1986,5.1986,4.9298,5.109,0,0
TSG_PE,D,20111221,000000,5.0194,5.1986,5.0194,5.0194,0,0
TSG_PE,D,20111222,000000,5.0194,5.1986,5.0194,5.0194,0,0
TSG_PE,D,20111223,000000,5.0194,5.0194,4.7505,4.9298,0,0
TSG_PE,D,20111227,000000,4.7505,4.9298,4.7505,4.8402,0,0
TSG_PE,D,20111228,000000,4.8402,4.8402,4.7505,4.7505,0,0
TSG_PE,D,20111229,000000,4.5712,4.8402,4.5712,4.7505,0,0
TSG_PE,D,20111230,000000,4.6608,4.9298,4.6608,4.9298,0,0
TSG_PE,D,20120102,000000,5.109,5.109,4.7505,4.7505,0,0
TSG_PE,D,20120103,000000,4.7505,4.7505,4.7505,4.7505,0,0
TSG_PE,D,20120104,000000,4.7505,4.8402,4.7505,4.8402,0,0
TSG_PE,D,20120105,000000,4.7505,5.0194,4.7505,4.9298,0,0
TSG_PE,D,20120109,000000,5.0194,5.0194,5.0194,5.0194,0,0
TSG_PE,D,20120110,000000,5.0194,5.109,5.0194,5.109,0,0
TSG_PE,D,20120111,000000,5.109,5.2882,5.0194,5.2882,0,0
TSG_PE,D,20120112,000000,5.2882,5.6468,5.2882,5.5572,0,0
TSG_PE,D,20120113,000000,5.5572,6.0949,5.5572,5.7364,0,0
TSG_PE,D,20120116,000000,5.7364,5.7364,5.7364,5.7364,0,0
TSG_PE,D,20120117,000000,5.7364,5.826,5.6468,5.7364,0,0
TSG_PE,D,20120118,000000,5.826,5.826,5.7364,5.7364,0,0
TSG_PE,D,20120119,000000,5.7364,5.7364,5.6468,5.7364,0,0
TSG_PE,D,20120120,000000,5.6468,5.6468,5.5572,5.5572,0,0
TSG_PE,D,20120123,000000,5.5572,5.5572,5.4676,5.4676,0,0
TSG_PE,D,20120124,000000,5.4676,5.4676,5.4676,5.4676,0,0
TSG_PE,D,20120125,000000,5.4676,5.6468,5.4676,5.4676,0,0
TSG_PE,D,20120126,000000,5.5572,5.7364,5.5572,5.6468,0,0
TSG_PE,D,20120127,000000,5.826,5.826,5.6468,5.7364,0,0
TSG_PE,D,20120130,000000,5.7364,5.7364,5.6468,5.7364,0,0
TSG_PE,D,20120131,000000,5.7364,5.7364,5.5572,5.5572,0,0
TSG_PE,D,20120201,000000,5.6468,5.6468,5.5572,5.6468,0,0
TSG_PE,D,20120202,000000,5.6468,5.6468,5.5572,5.6468,0,0
TSG_PE,D,20120203,000000,5.6468,5.6468,5.4676,5.6468,0,0
TSG_PE,D,20120206,000000,5.7364,5.7364,5.6468,5.6468,0,0
TSG_PE,D,20120207,000000,5.6468,5.6468,5.4676,5.5572,0,0
TSG_PE,D,20120208,000000,5.6468,5.6468,5.4676,5.4676,0,0
TSG_PE,D,20120209,000000,5.4676,5.5572,5.4676,5.5572,0,0
TSG_PE,D,20120210,000000,5.6468,5.7364,5.5572,5.5572,0,0
TSG_PE,D,20120213,000000,5.5572,5.5572,5.5572,5.5572,0,0
TSG_PE,D,20120214,000000,5.5572,5.5572,5.5572,5.5572,0,0
TSG_PE,D,20120215,000000,5.5572,5.5572,5.4676,5.5572,0,0
TSG_PE,D,20120216,000000,5.5572,6.0053,5.5572,5.7364,0,0
TSG_PE,D,20120217,000000,5.9157,6.2742,5.9157,6.2742,0,0
TSG_PE,D,20120220,000000,6.4536,6.7223,6.4536,6.6327,0,0
TSG_PE,D,20120221,000000,6.7223,6.7223,6.1846,6.5432,0,0
TSG_PE,D,20120222,000000,6.3638,6.4536,6.1846,6.1846,0,0
TSG_PE,D,20120223,000000,6.0949,6.1846,6.0949,6.1846,0,0
TSG_PE,D,20120224,000000,6.1846,6.4536,6.0949,6.3638,0,0
TSG_PE,D,20120227,000000,6.3638,6.3638,6.1846,6.1846,0,0
TSG_PE,D,20120228,000000,6.2742,6.2742,6.0949,6.0949,0,0
TSG_PE,D,20120229,000000,6.0949,6.1846,6.0053,6.0053,0,0
TSG_PE,D,20120301,000000,5.9157,6.0053,5.9157,6.0053,0,0
TSG_PE,D,20120302,000000,6.0053,6.0053,5.826,6.0053,0,0
TSG_PE,D,20120305,000000,5.826,5.826,5.7364,5.7364,0,0
TSG_PE,D,20120306,000000,5.7364,5.7364,5.5572,5.6468,0,0
TSG_PE,D,20120307,000000,5.6468,5.6468,5.6468,5.6468,0,0
TSG_PE,D,20120308,000000,5.6468,5.826,5.6468,5.826,0,0
TSG_PE,D,20120309,000000,5.826,6.1846,5.826,6.0053,0,0
TSG_PE,D,20120312,000000,6.0949,6.0949,5.826,6.0053,0,0
TSG_PE,D,20120313,000000,6.0053,6.1846,5.826,5.826,0,0
TSG_PE,D,20120314,000000,5.826,5.826,5.6468,5.6468,0,0
TSG_PE,D,20120315,000000,5.6468,5.7364,5.6468,5.7364,0,0
TSG_PE,D,20120316,000000,5.6468,5.6468,5.5572,5.6468,0,0
TSG_PE,D,20120319,000000,5.5572,5.6468,5.5572,5.6468,0,0
TSG_PE,D,20120320,000000,5.6468,5.6468,5.4676,5.6468,0,0
TSG_PE,D,20120321,000000,5.6468,5.6468,5.5572,5.6468,0,0
TSG_PE,D,20120322,000000,5.6468,5.6468,5.4676,5.4676,0,0
TSG_PE,D,20120323,000000,5.4676,5.4676,5.3779,5.3779,0,0
TSG_PE,D,20120326,000000,5.3779,5.4676,5.2882,5.4676,0,0
TSG_PE,D,20120327,000000,5.4676,5.4676,5.2882,5.2882,0,0
TSG_PE,D,20120328,000000,5.2882,5.2882,4.9298,4.9298,0,0
TSG_PE,D,20120329,000000,5.109,5.109,4.7505,4.8402,0,0
TSG_PE,D,20120330,000000,4.9298,5.0194,4.8402,5.0194,0,0
TSG_PE,D,20120402,000000,5.0194,5.0194,4.8402,4.9298,0,0
TSG_PE,D,20120403,000000,4.9298,5.0194,4.8402,4.9298,0,0
TSG_PE,D,20120404,000000,4.9298,4.9298,4.8402,4.8402,0,0
TSG_PE,D,20120405,000000,4.7505,4.7505,4.6608,4.7505,0,0
TSG_PE,D,20120410,000000,4.7505,4.7505,4.6608,4.6608,0,0
TSG_PE,D,20120411,000000,4.6608,4.6608,4.4816,4.6608,0,0
TSG_PE,D,20120412,000000,4.6608,4.6608,4.5712,4.5712,0,0
TSG_PE,D,20120413,000000,4.4816,4.4816,4.3919,4.4816,0,0
TSG_PE,D,20120416,000000,4.3023,4.3919,3.9438,3.9438,0,0
TSG_PE,D,20120417,000000,4.0334,4.0334,3.9438,3.9438,0,0
TSG_PE,D,20120418,000000,3.9438,3.9438,3.8542,3.9438,0,0
TSG_PE,D,20120419,000000,3.9438,4.3023,3.9438,4.1231,0,0
TSG_PE,D,20120420,000000,4.1231,4.1231,3.8542,3.8542,0,0
TSG_PE,D,20120423,000000,3.8542,3.8542,3.406,3.406,0,0
TSG_PE,D,20120424,000000,3.5852,3.8542,3.2268,3.4956,0,0
TSG_PE,D,20120425,000000,3.4956,3.7645,3.4956,3.6749,0,0
TSG_PE,D,20120426,000000,3.8542,3.8542,3.7645,3.8542,0,0
TSG_PE,D,20120427,000000,3.8542,3.8542,3.7645,3.7645,0,0
TSG_PE,D,20120430,000000,3.7645,3.7645,3.6749,3.6749,0,0
TSG_PE,D,20120502,000000,3.6749,3.7645,3.6749,3.6749,0,0
TSG_PE,D,20120504,000000,3.6749,3.7645,3.5852,3.7645,0,0
TSG_PE,D,20120507,000000,3.7645,3.7645,3.5852,3.7645,0,0
TSG_PE,D,20120508,000000,3.7645,3.8542,3.7645,3.8542,0,0
TSG_PE,D,20120509,000000,3.8542,3.9438,3.8542,3.8542,0,0
TSG_PE,D,20120510,000000,3.9438,3.9438,3.7645,3.7645,0,0
TSG_PE,D,20120511,000000,3.7645,3.7645,3.6749,3.6749,0,0
TSG_PE,D,20120514,000000,3.5852,3.6749,3.406,3.4956,0,0
TSG_PE,D,20120515,000000,3.4956,3.4956,3.4956,3.4956,0,0
TSG_PE,D,20120516,000000,3.4956,3.5852,3.406,3.5852,0,0
TSG_PE,D,20120517,000000,3.5852,3.5852,3.2268,3.2268,0,0
TSG_PE,D,20120518,000000,3.1372,3.406,3.1372,3.2268,0,0
TSG_PE,D,20120521,000000,3.2268,3.3164,3.1372,3.2268,0,0
TSG_PE,D,20120522,000000,3.2268,3.2268,3.2268,3.2268,0,0
TSG_PE,D,20120523,000000,3.2268,3.3164,3.1372,3.1372,0,0
TSG_PE,D,20120524,000000,3.2268,3.2268,3.0474,3.0474,0,0
TSG_PE,D,20120525,000000,3.1372,3.2268,3.1372,3.1372,0,0
TSG_PE,D,20120528,000000,3.3164,3.3164,3.1372,3.2268,0,0
TSG_PE,D,20120529,000000,3.2268,3.2268,3.2268,3.2268,0,0
TSG_PE,D,20120530,000000,3.3164,3.3164,3.1372,3.2268,0,0
TSG_PE,D,20120531,000000,3.1372,3.2268,3.1372,3.1372,0,0
TSG_PE,D,20120601,000000,3.1372,3.1372,2.8682,2.9578,0,0
TSG_PE,D,20120604,000000,2.9578,2.9578,2.689,2.7785,0,0
TSG_PE,D,20120605,000000,2.7785,2.7785,2.5097,2.5097,0,0
TSG_PE,D,20120606,000000,2.5097,2.689,2.5097,2.689,0,0
TSG_PE,D,20120608,000000,2.689,2.7785,2.5994,2.7785,0,0
TSG_PE,D,20120611,000000,2.8682,2.9578,2.5994,2.7785,0,0
TSG_PE,D,20120612,000000,2.8682,2.8682,2.7785,2.8682,0,0
TSG_PE,D,20120613,000000,2.8682,2.8682,2.689,2.7785,0,0
TSG_PE,D,20120614,000000,2.7785,2.7785,2.5994,2.689,0,0
TSG_PE,D,20120615,000000,2.689,2.689,2.5097,2.5994,0,0
TSG_PE,D,20120618,000000,2.5994,2.5994,2.5097,2.5994,0,0
TSG_PE,D,20120619,000000,2.5994,2.9578,2.5994,2.9578,0,0
TSG_PE,D,20120620,000000,2.8682,3.2268,2.8682,3.1372,0,0
TSG_PE,D,20120621,000000,3.2268,3.2268,2.9578,2.9578,0,0
TSG_PE,D,20120622,000000,2.8682,3.0474,2.8682,2.9578,0,0
TSG_PE,D,20120625,000000,2.8682,2.9578,2.7785,2.7785,0,0
TSG_PE,D,20120626,000000,2.8682,2.8682,2.7785,2.8682,0,0
TSG_PE,D,20120627,000000,2.8682,2.9578,2.8682,2.8682,0,0
TSG_PE,D,20120628,000000,2.8682,2.8682,2.7785,2.7785,0,0
TSG_PE,D,20120629,000000,2.8682,2.8682,2.689,2.7785,0,0
TSG_PE,D,20120702,000000,2.7785,2.7785,2.689,2.7785,0,0
TSG_PE,D,20120703,000000,2.7785,2.8682,2.7785,2.7785,0,0
TSG_PE,D,20120704,000000,2.8682,2.8682,2.7785,2.7785,0,0
TSG_PE,D,20120705,000000,2.7785,2.8682,2.689,2.7785,0,0
TSG_PE,D,20120706,000000,2.7785,2.8682,2.5994,2.689,0,0
TSG_PE,D,20120709,000000,2.689,2.689,2.42,2.42,0,0
TSG_PE,D,20120710,000000,2.42,2.42,2.1512,2.2408,0,0
TSG_PE,D,20120711,000000,2.3304,2.42,2.2408,2.3304,0,0
TSG_PE,D,20120712,000000,2.3304,2.3304,2.2408,2.3304,0,0
TSG_PE,D,20120713,000000,2.3304,2.3304,2.2408,2.2408,0,0
TSG_PE,D,20120716,000000,2.2408,2.2408,2.0615,2.2408,0,0
TSG_PE,D,20120717,000000,2.2408,2.2408,1.9719,2.1512,0,0
TSG_PE,D,20120718,000000,2.0615,2.1512,2.0615,2.1512,0,0
TSG_PE,D,20120719,000000,2.1512,2.3304,2.1512,2.3304,0,0
TSG_PE,D,20120720,000000,2.3304,2.42,2.3304,2.3304,0,0
TSG_PE,D,20120723,000000,2.3304,2.3304,2.2408,2.3304,0,0
TSG_PE,D,20120724,000000,2.3304,2.3304,2.2408,2.3304,0,0
TSG_PE,D,20120725,000000,2.2408,2.3304,2.2408,2.3304,0,0
TSG_PE,D,20120726,000000,2.3304,2.3304,2.3304,2.3304,0,0
TSG_PE,D,20120727,000000,2.3304,2.3304,2.3304,2.3304,0,0
TSG_PE,D,20120730,000000,2.3304,2.42,2.3304,2.42,0,0
TSG_PE,D,20120731,000000,2.5097,2.5097,2.42,2.42,0,0
TSG_PE,D,20120801,000000,2.5097,2.5097,2.3304,2.42,0,0
TSG_PE,D,20120802,000000,2.42,2.5994,2.42,2.5994,0,0
TSG_PE,D,20120803,000000,2.5994,2.5994,2.5994,2.5994,0,0
TSG_PE,D,20120806,000000,2.5994,2.5994,2.5097,2.5994,0,0
TSG_PE,D,20120807,000000,2.5994,2.689,2.5994,2.689,0,0
TSG_PE,D,20120808,000000,2.689,2.7785,2.689,2.7785,0,0
TSG_PE,D,20120809,000000,2.7785,2.7785,2.689,2.689,0,0
TSG_PE,D,20120810,000000,2.689,2.689,2.689,2.689,0,0
TSG_PE,D,20120813,000000,2.689,2.7785,2.689,2.7785,0,0
TSG_PE,D,20120814,000000,2.7785,2.8682,2.7785,2.8682,0,0
TSG_PE,D,20120816,000000,2.8682,2.8682,2.689,2.7785,0,0
TSG_PE,D,20120817,000000,2.689,2.7785,2.689,2.7785,0,0
TSG_PE,D,20120820,000000,2.9578,3.0474,2.8682,2.9578,0,0
TSG_PE,D,20120821,000000,2.9578,2.9578,2.8682,2.9578,0,0
TSG_PE,D,20120822,000000,2.9578,2.9578,2.8682,2.9578,0,0
TSG_PE,D,20120823,000000,2.9578,2.9578,2.8682,2.8682,0,0
TSG_PE,D,20120824,000000,2.7785,2.8682,2.689,2.7785,0,0
TSG_PE,D,20120827,000000,2.7785,2.7785,2.689,2.689,0,0
TSG_PE,D,20120828,000000,2.5994,2.689,2.5994,2.689,0,0
TSG_PE,D,20120829,000000,2.5994,2.5994,2.5994,2.5994,0,0
TSG_PE,D,20120830,000000,2.5994,2.689,2.5097,2.689,0,0
TSG_PE,D,20120831,000000,2.689,2.8682,2.5097,2.8682,0,0
TSG_PE,D,20120903,000000,2.8682,2.8682,2.689,2.7785,0,0
TSG_PE,D,20120904,000000,2.7785,2.8682,2.5994,2.7785,0,0
TSG_PE,D,20130903,000000,8.8736,8.8736,8.8736,8.8736,0,0
TSG_PE,D,20130904,000000,9.0528,9.0528,8.1565,8.1565,0,0
TSG_PE,D,20130905,000000,8.2461,8.2461,7.5291,7.7083,0,0
TSG_PE,D,20130906,000000,7.798,8.2461,7.798,8.1565,0,0
TSG_PE,D,20130909,000000,7.9772,8.515,7.9772,8.515,0,0
TSG_PE,D,20130910,000000,8.6046,8.784,8.515,8.6943,0,0
TSG_PE,D,20130911,000000,8.784,8.784,8.2461,8.515,0,0
TSG_PE,D,20130912,000000,8.515,8.6943,8.3357,8.3357,0,0
TSG_PE,D,20130913,000000,8.6046,8.6046,8.2461,8.2461,0,0
TSG_PE,D,20130916,000000,8.4254,8.6046,8.3357,8.3357,0,0
TSG_PE,D,20130917,000000,8.4254,8.6046,8.2461,8.6046,0,0
TSG_PE,D,20130918,000000,8.6046,8.6943,8.6046,8.6943,0,0
TSG_PE,D,20130919,000000,8.6943,9.3212,8.6943,9.3212,0,0
TSG_PE,D,20130920,000000,9.3212,9.3212,9.0528,9.3212,0,0
TSG_PE,D,20130923,000000,9.3212,9.3212,9.0528,9.1424,0,0
TSG_PE,D,20130924,000000,9.1424,9.2321,9.1424,9.1424,0,0
TSG_PE,D,20130925,000000,9.1424,9.1424,9.0528,9.0528,0,0
TSG_PE,D,20130926,000000,9.0528,9.3212,9.0528,9.2321,0,0
TSG_PE,D,20130927,000000,9.3212,9.3212,8.9633,8.9633,0,0
TSG_PE,D,20130930,000000,8.9633,9.1424,8.9633,9.0528,0,0
TSG_PE,D,20131001,000000,9.1424,9.949,9.1424,9.86,0,0
TSG_PE,D,20131002,000000,10.039,10.666,9.591,10.397,0,0
TSG_PE,D,20131003,000000,10.576,10.756,10.308,10.666,0,0
TSG_PE,D,20131004,000000,10.397,10.666,9.86,10.397,0,0
TSG_PE,D,20131007,000000,10.397,10.576,9.949,10.487,0,0
TSG_PE,D,20131008,000000,10.487,10.576,10.039,10.397,0,0
TSG_PE,D,20131009,000000,10.308,10.397,10.128,10.397,0,0
TSG_PE,D,20131010,000000,9.949,10.666,9.949,10.666,0,0
TSG_PE,D,20131011,000000,10.487,10.845,10.487,10.666,0,0
TSG_PE,D,20131014,000000,10.756,11.652,10.756,11.652,0,0
TSG_PE,D,20131015,000000,11.652,12.279,11.652,12.011,0,0
TSG_PE,D,20131016,000000,12.1,12.1,11.652,12.1,0,0
TSG_PE,D,20131017,000000,12.1,12.459,11.742,12.1,0,0
TSG_PE,D,20131018,000000,12.19,12.19,11.115,11.562,0,0
TSG_PE,D,20131021,000000,11.562,12.1,11.562,11.742,0,0
TSG_PE,D,20131022,000000,11.742,12.279,11.742,12.19,0,0
TSG_PE,D,20131023,000000,12.1,12.19,12.011,12.19,0,0
TSG_PE,D,20131024,000000,12.19,12.817,11.921,12.728,0,0
TSG_PE,D,20131025,000000,12.907,12.907,12.548,12.638,0,0
TSG_PE,D,20131028,000000,12.638,12.907,12.638,12.638,0,0
TSG_PE,D,20131029,000000,12.907,12.907,12.638,12.728,0,0
TSG_PE,D,20131030,000000,12.728,12.817,12.548,12.548,0,0
TSG_PE,D,20131031,000000,12.817,12.817,12.638,12.728,0,0
TSG_PE,D,20131104,000000,12.817,12.817,12.728,12.817,0,0
TSG_PE,D,20131105,000000,12.907,12.907,12.011,12.369,0,0
TSG_PE,D,20131106,000000,12.369,12.459,12.1,12.1,0,0
TSG_PE,D,20131107,000000,11.832,12.1,10.666,11.204,0,0
TSG_PE,D,20131108,000000,11.115,11.204,10.936,10.936,0,0
TSG_PE,D,20131112,000000,10.936,11.204,10.936,11.025,0,0
TSG_PE,D,20131113,000000,11.115,11.115,10.308,10.308,0,0
TSG_PE,D,20131114,000000,10.218,10.666,9.949,10.576,0,0
TSG_PE,D,20131115,000000,10.576,11.383,10.576,11.293,0,0
TSG_PE,D,20131118,000000,11.293,14.251,10.845,14.251,0,0
TSG_PE,D,20131119,000000,14.251,14.251,13.804,13.804,0,0
TSG_PE,D,20131120,000000,13.714,14.162,13.714,13.893,0,0
TSG_PE,D,20131121,000000,13.893,13.893,13.087,13.355,0,0
TSG_PE,D,20131122,000000,13.087,13.623,12.638,12.996,0,0
TSG_PE,D,20131125,000000,12.907,13.087,12.907,12.996,0,0
TSG_PE,D,20131126,000000,12.996,12.996,12.369,12.459,0,0
TSG_PE,D,20131127,000000,12.459,13.714,11.921,13.355,0,0
TSG_PE,D,20131128,000000,13.355,13.355,12.907,12.907,0,0
TSG_PE,D,20131129,000000,13.087,13.623,13.087,13.266,0,0
TSG_PE,D,20131202,000000,13.266,13.266,12.907,12.996,0,0
TSG_PE,D,20131203,000000,12.996,13.087,12.907,12.907,0,0
TSG_PE,D,20131204,000000,12.996,13.087,12.996,13.087,0,0
TSG_PE,D,20131205,000000,13.087,13.355,12.907,13.266,0,0
TSG_PE,D,20131206,000000,13.266,13.714,13.266,13.444,0,0
TSG_PE,D,20131209,000000,13.444,13.534,13.176,13.444,0,0
TSG_PE,D,20131210,000000,13.444,13.804,13.087,13.087,0,0
TSG_PE,D,20131211,000000,13.355,13.355,12.279,12.459,0,0
TSG_PE,D,20131212,000000,12.011,12.011,11.383,11.652,0,0
TSG_PE,D,20131213,000000,11.472,11.832,10.756,10.756,0,0
TSG_PE,D,20131216,000000,10.845,11.383,10.845,11.115,0,0
TSG_PE,D,20131217,000000,11.383,11.383,10.487,10.487,0,0
TSG_PE,D,20131218,000000,10.666,11.204,9.949,9.949,0,0
TSG_PE,D,20131219,000000,10.218,10.576,9.949,10.128,0,0
TSG_PE,D,20131220,000000,10.128,10.128,9.949,10.128,0,0
TSG_PE,D,20131223,000000,10.487,10.756,10.128,10.576,0,0
TSG_PE,D,20131227,000000,10.845,11.204,10.308,10.397,0,0
TSG_PE,D,20131230,000000,10.397,10.756,10.397,10.756,0,0
TSG_PE,D,20140102,000000,10.936,11.025,10.576,10.576,0,0
TSG_PE,D,20140103,000000,9.591,10.576,9.591,10.487,0,0
TSG_PE,D,20140107,000000,10.487,10.576,9.77,9.77,0,0
TSG_PE,D,20140108,000000,9.77,9.949,9.591,9.591,0,0
TSG_PE,D,20140109,000000,9.591,10.039,9.591,9.949,0,0
TSG_PE,D,20140110,000000,10.756,12.459,10.756,12.19,0,0
TSG_PE,D,20140113,000000,11.742,11.742,11.742,11.742,0,0
TSG_PE,D,20140114,000000,11.652,12.011,11.652,12.011,0,0
TSG_PE,D,20140115,000000,12.19,12.638,12.011,12.459,0,0
TSG_PE,D,20140116,000000,12.728,13.087,12.548,12.817,0,0
TSG_PE,D,20140117,000000,12.907,13.087,12.907,12.907,0,0
TSG_PE,D,20140120,000000,12.728,13.176,12.728,12.907,0,0
TSG_PE,D,20140121,000000,12.728,12.817,12.728,12.817,0,0
TSG_PE,D,20140122,000000,12.817,12.817,12.638,12.728,0,0
TSG_PE,D,20140123,000000,12.907,12.907,12.369,12.369,0,0
TSG_PE,D,20140124,000000,12.369,12.907,12.369,12.907,0,0
TSG_PE,D,20140127,000000,12.996,12.996,12.459,12.907,0,0
TSG_PE,D,20140128,000000,13.266,13.534,12.907,13.087,0,0
TSG_PE,D,20140129,000000,13.534,13.893,13.355,13.893,0,0
TSG_PE,D,20140130,000000,13.893,15.238,13.355,15.058,0,0
TSG_PE,D,20140131,000000,15.148,15.865,14.968,15.417,0,0
TSG_PE,D,20140203,000000,15.506,15.595,14.879,15.417,0,0
TSG_PE,D,20140204,000000,15.327,15.327,14.61,15.058,0,0
TSG_PE,D,20140205,000000,15.058,15.148,14.61,15.148,0,0
TSG_PE,D,20140206,000000,15.148,15.685,14.968,15.595,0,0
TSG_PE,D,20140207,000000,15.595,15.865,15.238,15.595,0,0
TSG_PE,D,20140210,000000,15.955,16.044,15.417,15.417,0,0
TSG_PE,D,20140211,000000,15.955,15.955,15.417,15.595,0,0
TSG_PE,D,20140212,000000,15.595,15.775,15.238,15.506,0,0
TSG_PE,D,20140213,000000,15.595,15.595,15.238,15.506,0,0
TSG_PE,D,20140214,000000,15.417,15.417,15.238,15.238,0,0
TSG_PE,D,20140217,000000,15.327,15.327,15.148,15.327,0,0
TSG_PE,D,20140218,000000,15.327,15.327,14.61,14.61,0,0
TSG_PE,D,20140219,000000,14.61,14.79,14.61,14.699,0,0
TSG_PE,D,20140220,000000,14.699,14.699,14.61,14.61,0,0
TSG_PE,D,20140221,000000,15.058,15.058,14.341,14.79,0,0
TSG_PE,D,20140224,000000,14.79,14.79,14.43,14.43,0,0
TSG_PE,D,20140225,000000,14.341,14.52,14.072,14.072,0,0
TSG_PE,D,20140226,000000,14.072,14.162,13.266,13.623,0,0
TSG_PE,D,20140227,000000,13.623,13.623,12.907,13.087,0,0
TSG_PE,D,20140228,000000,13.176,14.162,13.176,14.162,0,0
TSG_PE,D,20140303,000000,13.983,13.983,12.548,13.893,0,0
TSG_PE,D,20140304,000000,13.893,15.058,13.444,14.968,0,0
TSG_PE,D,20140305,000000,15.058,15.058,14.341,14.879,0,0
TSG_PE,D,20140306,000000,14.968,15.238,14.61,14.968,0,0
TSG_PE,D,20140307,000000,14.968,14.968,14.699,14.879,0,0
TSG_PE,D,20140310,000000,14.879,14.879,14.251,14.43,0,0
TSG_PE,D,20140311,000000,14.43,14.61,14.162,14.162,0,0
TSG_PE,D,20140312,000000,13.983,13.983,13.355,13.804,0,0
TSG_PE,D,20140313,000000,13.623,13.804,13.266,13.804,0,0
TSG_PE,D,20140314,000000,13.534,13.623,12.638,13.623,0,0
TSG_PE,D,20140317,000000,13.623,13.623,13.444,13.623,0,0
TSG_PE,D,20140318,000000,13.623,13.623,13.444,13.534,0,0
TSG_PE,D,20140319,000000,13.623,13.714,13.444,13.714,0,0
TSG_PE,D,20140320,000000,13.714,13.714,13.355,13.355,0,0
TSG_PE,D,20140321,000000,13.623,14.879,13.623,14.79,0,0
TSG_PE,D,20140324,000000,14.79,15.238,14.61,14.968,0,0
TSG_PE,D,20140325,000000,15.148,16.044,15.058,15.058,0,0
TSG_PE,D,20140326,000000,15.058,15.148,14.162,14.968,0,0
TSG_PE,D,20140327,000000,14.43,14.879,14.341,14.879,0,0
TSG_PE,D,20140328,000000,14.968,14.968,14.341,14.52,0,0
TSG_PE,D,20140331,000000,14.79,14.879,14.52,14.879,0,0
TSG_PE,D,20140401,000000,15.238,16.044,15.238,15.775,0,0
TSG_PE,D,20140402,000000,16.134,16.582,16.134,16.582,0,0
TSG_PE,D,20140403,000000,16.762,16.762,16.044,16.044,0,0
TSG_PE,D,20140404,000000,15.955,16.402,15.955,16.134,0,0
TSG_PE,D,20140407,000000,16.134,16.134,15.595,15.685,0,0
TSG_PE,D,20140408,000000,15.775,15.865,15.685,15.775,0,0
TSG_PE,D,20140409,000000,15.955,16.582,15.955,16.582,0,0
TSG_PE,D,20140410,000000,16.582,16.582,16.492,16.582,0,0
TSG_PE,D,20140411,000000,16.402,16.402,15.955,16.134,0,0
TSG_PE,D,20140414,000000,16.134,16.134,14.699,15.685,0,0
TSG_PE,D,20140415,000000,15.865,15.865,15.148,15.148,0,0
TSG_PE,D,20140416,000000,15.148,15.506,14.341,14.79,0,0
TSG_PE,D,20140417,000000,15.238,15.238,14.79,15.058,0,0
TSG_PE,D,20140422,000000,15.327,15.417,15.238,15.417,0,0
TSG_PE,D,20140423,000000,15.506,15.506,15.327,15.327,0,0
TSG_PE,D,20140424,000000,15.148,15.238,14.341,14.61,0,0
TSG_PE,D,20140425,000000,14.968,14.968,14.072,14.61,0,0
TSG_PE,D,20140428,000000,14.162,14.699,14.162,14.699,0,0
TSG_PE,D,20140429,000000,14.43,14.699,14.251,14.43,0,0
TSG_PE,D,20140430,000000,14.43,14.699,14.43,14.699,0,0
TSG_PE,D,20140502,000000,14.43,14.699,14.43,14.43,0,0
TSG_PE,D,20140505,000000,14.43,14.52,13.983,14.341,0,0
TSG_PE,D,20140506,000000,14.52,14.52,13.983,14.251,0,0
TSG_PE,D,20140507,000000,14.072,14.072,13.444,14.072,0,0
TSG_PE,D,20140508,000000,14.162,14.341,13.534,13.623,0,0
TSG_PE,D,20140509,000000,13.623,13.623,13.355,13.355,0,0
TSG_PE,D,20140512,000000,13.355,13.355,12.19,13.176,0,0
TSG_PE,D,20140513,000000,13.355,13.534,13.266,13.266,0,0
TSG_PE,D,20140514,000000,13.266,14.61,13.266,13.983,0,0
TSG_PE,D,20140515,000000,13.087,13.355,12.996,13.266,0,0
TSG_PE,D,20140516,000000,13.355,13.355,12.907,13.355,0,0
TSG_PE,D,20140519,000000,13.355,13.355,12.638,12.996,0,0
TSG_PE,D,20140520,000000,13.087,13.623,12.728,13.623,0,0
TSG_PE,D,20140521,000000,13.893,13.893,13.804,13.893,0,0
TSG_PE,D,20140522,000000,13.983,13.983,13.355,13.893,0,0
TSG_PE,D,20140523,000000,13.893,14.52,13.804,14.52,0,0
TSG_PE,D,20140526,000000,14.699,15.327,14.699,14.79,0,0
TSG_PE,D,20140527,000000,15.058,15.058,14.43,14.699,0,0
TSG_PE,D,20140528,000000,14.699,14.879,14.52,14.879,0,0
TSG_PE,D,20140529,000000,14.699,14.968,14.699,14.968,0,0
TSG_PE,D,20140530,000000,14.968,14.968,14.52,14.699,0,0
TSG_PE,D,20140602,000000,14.699,14.968,14.52,14.879,0,0
TSG_PE,D,20140603,000000,14.968,14.968,14.79,14.79,0,0
TSG_PE,D,20140604,000000,14.968,14.968,13.983,14.072,0,0
TSG_PE,D,20140605,000000,14.072,14.162,13.983,14.162,0,0
TSG_PE,D,20140606,000000,14.162,14.162,13.983,14.162,0,0
TSG_PE,D,20140609,000000,14.072,14.162,13.623,14.162,0,0
TSG_PE,D,20140610,000000,14.341,14.341,14.341,14.341,0,0
TSG_PE,D,20140611,000000,14.162,14.61,14.162,14.61,0,0
TSG_PE,D,20140612,000000,14.61,14.699,14.43,14.61,0,0
TSG_PE,D,20140613,000000,14.61,14.968,14.341,14.968,0,0
TSG_PE,D,20140616,000000,14.894,14.988,14.894,14.988,0,0
TSG_PE,D,20140617,000000,14.988,15.365,14.988,14.988,0,0
TSG_PE,D,20140618,000000,14.988,14.988,14.988,14.988,0,0
TSG_PE,D,20140620,000000,14.988,14.988,14.422,14.894,0,0
TSG_PE,D,20140623,000000,14.988,15.176,14.422,14.894,0,0
TSG_PE,D,20140624,000000,14.894,14.894,14.422,14.422,0,0
TSG_PE,D,20140625,000000,14.328,14.517,14.234,14.517,0,0
TSG_PE,D,20140626,000000,14.517,14.705,14.517,14.517,0,0
TSG_PE,D,20140627,000000,14.517,14.517,14.234,14.234,0,0
TSG_PE,D,20140630,000000,14.234,14.234,13.762,13.951,0,0
TSG_PE,D,20140701,000000,13.951,13.951,13.668,13.668,0,0
TSG_PE,D,20140702,000000,13.668,13.668,13.385,13.479,0,0
TSG_PE,D,20140703,000000,13.385,13.479,13.291,13.385,0,0
TSG_PE,D,20140704,000000,13.385,13.668,13.197,13.668,0,0
TSG_PE,D,20140707,000000,13.479,13.762,13.479,13.762,0,0
TSG_PE,D,20140708,000000,14.045,14.045,13.574,13.574,0,0
TSG_PE,D,20140709,000000,13.385,13.385,12.725,13.197,0,0
TSG_PE,D,20140710,000000,13.479,13.574,13.291,13.385,0,0
TSG_PE,D,20140711,000000,13.574,14.139,13.574,13.857,0,0
TSG_PE,D,20140714,000000,13.857,14.894,13.857,14.611,0,0
TSG_PE,D,20140715,000000,14.517,14.799,14.234,14.611,0,0
TSG_PE,D,20140716,000000,14.894,14.988,14.611,14.611,0,0
TSG_PE,D,20140717,000000,14.517,14.517,13.857,13.951,0,0
TSG_PE,D,20140718,000000,13.668,14.045,13.479,13.668,0,0
TSG_PE,D,20140721,000000,13.668,13.668,13.197,13.197,0,0
TSG_PE,D,20140722,000000,12.914,13.291,12.914,13.102,0,0
TSG_PE,D,20140723,000000,13.008,13.479,13.008,13.385,0,0
TSG_PE,D,20140724,000000,14.045,14.045,12.914,12.914,0,0
TSG_PE,D,20140725,000000,12.819,13.385,12.819,12.914,0,0
TSG_PE,D,20140728,000000,12.725,13.291,12.725,12.914,0,0
TSG_PE,D,20140729,000000,12.914,13.102,12.819,13.102,0,0
TSG_PE,D,20140730,000000,12.914,13.574,12.914,12.914,0,0
TSG_PE,D,20140731,000000,12.819,12.819,12.819,12.819,0,0
TSG_PE,D,20140801,000000,12.819,13.102,12.725,13.008,0,0
TSG_PE,D,20140804,000000,13.197,13.197,13.102,13.102,0,0
TSG_PE,D,20140805,000000,13.291,13.574,13.291,13.291,0,0
TSG_PE,D,20140806,000000,13.574,13.574,13.574,13.574,0,0
TSG_PE,D,20140807,000000,13.197,13.197,13.197,13.197,0,0
TSG_PE,D,20140808,000000,12.914,12.914,12.537,12.537,0,0
TSG_PE,D,20140811,000000,12.914,13.291,12.631,13.008,0,0
TSG_PE,D,20140812,000000,13.008,13.008,12.631,12.725,0,0
TSG_PE,D,20140813,000000,13.008,13.291,12.725,12.819,0,0
TSG_PE,D,20140814,000000,13.197,13.197,12.914,12.914,0,0
TSG_PE,D,20140818,000000,12.442,13.197,12.442,12.914,0,0
TSG_PE,D,20140819,000000,13.102,13.197,13.102,13.197,0,0
TSG_PE,D,20140820,000000,13.102,13.102,13.102,13.102,0,0
TSG_PE,D,20140821,000000,12.819,13.008,12.537,13.008,0,0
TSG_PE,D,20140822,000000,13.008,13.008,12.725,12.725,0,0
TSG_PE,D,20140825,000000,12.725,13.008,12.725,13.008,0,0
TSG_PE,D,20140826,000000,13.008,13.008,13.008,13.008,0,0
TSG_PE,D,20140827,000000,13.102,13.291,12.914,13.102,0,0
TSG_PE,D,20140828,000000,13.291,13.479,12.631,13.385,0,0
TSG_PE,D,20140829,000000,13.385,13.385,13.385,13.385,0,0
TSG_PE,D,20140901,000000,12.631,13.197,12.631,13.102,0,0
TSG_PE,D,20140902,000000,13.102,13.102,12.725,12.725,0,0
TSG_PE,D,20140903,000000,12.725,12.914,12.254,12.254,0,0
TSG_PE,D,20140904,000000,12.159,12.537,12.159,12.537,0,0
TSG_PE,D,20140905,000000,12.631,12.914,12.348,12.819,0,0
TSG_PE,D,20140908,000000,12.914,12.914,12.631,12.819,0,0
TSG_PE,D,20140909,000000,12.537,14.894,12.537,14.894,0,0
TSG_PE,D,20140910,000000,14.894,15.082,14.705,14.988,0,0
TSG_PE,D,20140911,000000,15.176,15.271,14.988,15.271,0,0
TSG_PE,D,20140912,000000,15.271,15.553,15.271,15.271,0,0
TSG_PE,D,20140915,000000,14.988,15.271,14.988,15.176,0,0
TSG_PE,D,20140916,000000,15.271,15.271,14.894,15.271,0,0
TSG_PE,D,20140917,000000,15.271,15.271,14.988,15.082,0,0
TSG_PE,D,20140918,000000,15.271,15.459,15.271,15.271,0,0
TSG_PE,D,20140919,000000,15.459,15.647,15.365,15.365,0,0
TSG_PE,D,20140922,000000,15.082,15.553,15.082,15.459,0,0
TSG_PE,D,20140923,000000,15.553,15.553,15.176,15.271,0,0
TSG_PE,D,20140924,000000,15.459,15.459,15.082,15.365,0,0
TSG_PE,D,20140925,000000,15.459,15.459,15.459,15.459,0,0
TSG_PE,D,20140926,000000,15.459,15.459,15.176,15.365,0,0
TSG_PE,D,20140929,000000,15.365,15.365,15.082,15.082,0,0
TSG_PE,D,20140930,000000,15.082,15.271,14.988,15.082,0,0
TSG_PE,D,20141001,000000,15.271,15.271,14.611,14.705,0,0
TSG_PE,D,20141002,000000,14.705,14.988,14.705,14.799,0,0
TSG_PE,D,20141003,000000,14.799,14.894,14.799,14.799,0,0
TSG_PE,D,20141006,000000,14.799,14.894,14.799,14.799,0,0
TSG_PE,D,20141007,000000,14.799,14.988,14.799,14.799,0,0
TSG_PE,D,20141008,000000,14.799,14.988,14.799,14.894,0,0
TSG_PE,D,20141009,000000,14.894,14.894,14.705,14.799,0,0
TSG_PE,D,20141010,000000,14.799,14.799,14.705,14.705,0,0
TSG_PE,D,20141013,000000,14.799,14.799,14.705,14.705,0,0
TSG_PE,D,20141014,000000,14.705,14.799,14.705,14.799,0,0
TSG_PE,D,20141015,000000,14.799,14.894,14.799,14.894,0,0
TSG_PE,D,20141016,000000,14.894,14.894,14.705,14.705,0,0
TSG_PE,D,20141017,000000,14.705,14.799,14.705,14.799,0,0
TSG_PE,D,20141020,000000,14.894,14.894,14.799,14.799,0,0
TSG_PE,D,20141021,000000,14.799,14.894,14.799,14.799,0,0
TSG_PE,D,20141022,000000,14.799,15.271,14.799,15.271,0,0
TSG_PE,D,20141023,000000,15.365,16.213,15.365,15.93,0,0
TSG_PE,D,20141024,000000,16.401,16.401,15.741,15.741,0,0
TSG_PE,D,20141027,000000,16.401,16.401,16.024,16.307,0,0
TSG_PE,D,20141028,000000,16.307,16.401,16.024,16.024,0,0
TSG_PE,D,20141029,000000,15.741,16.213,15.741,16.024,0,0
TSG_PE,D,20141030,000000,16.213,16.213,15.647,15.741,0,0
TSG_PE,D,20141031,000000,16.024,16.213,15.553,16.118,0,0
TSG_PE,D,20141103,000000,16.118,16.59,16.118,16.495,0,0
TSG_PE,D,20141104,000000,16.495,17.155,16.307,17.155,0,0
TSG_PE,D,20141105,000000,17.155,17.155,15.459,15.459,0,0
TSG_PE,D,20141106,000000,15.459,15.459,14.988,15.459,0,0
TSG_PE,D,20141107,000000,15.176,15.176,14.894,14.894,0,0
TSG_PE,D,20141110,000000,14.894,14.894,14.799,14.799,0,0
TSG_PE,D,20141112,000000,14.799,14.799,14.799,14.799,0,0
TSG_PE,D,20141113,000000,14.799,14.799,14.328,14.422,0,0
TSG_PE,D,20141114,000000,14.517,14.517,14.045,14.045,0,0
TSG_PE,D,20141117,000000,14.045,14.045,13.951,13.951,0,0
TSG_PE,D,20141118,000000,13.951,14.234,13.951,14.045,0,0
TSG_PE,D,20141119,000000,14.234,14.517,14.139,14.517,0,0
TSG_PE,D,20141120,000000,14.894,14.894,14.705,14.705,0,0
TSG_PE,D,20141121,000000,14.705,14.705,14.328,14.328,0,0
TSG_PE,D,20141124,000000,14.139,14.234,13.857,13.857,0,0
TSG_PE,D,20141125,000000,13.951,14.328,13.857,13.857,0,0
TSG_PE,D,20141126,000000,13.857,13.951,13.857,13.951,0,0
TSG_PE,D,20141127,000000,13.762,13.762,13.385,13.762,0,0
TSG_PE,D,20141128,000000,13.951,13.951,13.574,13.574,0,0
TSG_PE,D,20141201,000000,13.762,13.762,13.574,13.668,0,0
TSG_PE,D,20141202,000000,13.668,13.668,13.385,13.385,0,0
TSG_PE,D,20141203,000000,13.385,13.479,13.385,13.479,0,0
TSG_PE,D,20141204,000000,13.479,13.479,13.102,13.102,0,0
TSG_PE,D,20141205,000000,13.197,13.291,12.819,12.819,0,0
TSG_PE,D,20141208,000000,12.819,13.291,12.819,13.291,0,0
TSG_PE,D,20141209,000000,13.291,13.479,13.008,13.385,0,0
TSG_PE,D,20141210,000000,13.385,13.385,13.008,13.008,0,0
TSG_PE,D,20141211,000000,13.102,13.102,13.008,13.008,0,0
TSG_PE,D,20141212,000000,12.631,12.914,12.537,12.914,0,0
TSG_PE,D,20141215,000000,12.819,13.102,12.442,12.819,0,0
TSG_PE,D,20141216,000000,12.631,12.725,12.537,12.537,0,0
TSG_PE,D,20141217,000000,12.442,12.442,11.877,11.877,0,0
TSG_PE,D,20141218,000000,11.877,12.065,11.405,11.499,0,0
TSG_PE,D,20141219,000000,11.499,12.159,11.217,11.688,0,0
TSG_PE,D,20141222,000000,11.782,11.782,11.594,11.688,0,0
TSG_PE,D,20141223,000000,11.782,12.065,11.688,12.065,0,0
TSG_PE,D,20141229,000000,11.971,12.254,11.971,12.254,0,0
TSG_PE,D,20141230,000000,12.348,12.348,11.782,12.348,0,0
TSG_PE,D,20150102,000000,12.348,12.819,12.159,12.725,0,0
TSG_PE,D,20150105,000000,12.442,12.537,12.348,12.442,0,0
TSG_PE,D,20150107,000000,12.442,12.537,12.159,12.442,0,0
TSG_PE,D,20150108,000000,12.442,12.631,12.442,12.631,0,0
TSG_PE,D,20150109,000000,12.631,12.631,12.631,12.631,0,0
TSG_PE,D,20150112,000000,12.914,13.197,12.725,12.725,0,0
TSG_PE,D,20150113,000000,12.725,12.725,12.631,12.725,0,0
TSG_PE,D,20150114,000000,12.631,12.631,12.631,12.631,0,0
TSG_PE,D,20150115,000000,12.631,13.197,12.442,12.442,0,0
TSG_PE,D,20150116,000000,12.537,12.537,12.537,12.537,0,0
TSG_PE,D,20150119,000000,12.631,12.631,12.159,12.631,0,0
TSG_PE,D,20150120,000000,12.819,12.819,12.819,12.819,0,0
TSG_PE,D,20150121,000000,12.725,12.725,12.254,12.631,0,0
TSG_PE,D,20150122,000000,12.348,12.537,12.254,12.442,0,0
TSG_PE,D,20150123,000000,12.442,12.631,12.442,12.631,0,0
TSG_PE,D,20150126,000000,12.254,12.254,12.159,12.159,0,0
TSG_PE,D,20150127,000000,12.159,12.159,12.159,12.159,0,0
TSG_PE,D,20150128,000000,12.159,12.159,12.159,12.159,0,0
TSG_PE,D,20150129,000000,12.159,12.537,12.159,12.254,0,0
TSG_PE,D,20150130,000000,12.442,12.442,12.159,12.159,0,0
TSG_PE,D,20150202,000000,12.159,12.442,12.159,12.442,0,0
TSG_PE,D,20150203,000000,12.631,12.631,12.537,12.537,0,0
TSG_PE,D,20150204,000000,12.537,13.197,12.537,13.197,0,0
TSG_PE,D,20150205,000000,13.291,13.291,13.102,13.291,0,0
TSG_PE,D,20150206,000000,13.291,13.479,13.197,13.385,0,0
TSG_PE,D,20150209,000000,13.479,13.479,12.914,13.102,0,0
TSG_PE,D,20150210,000000,13.102,13.102,13.102,13.102,0,0
TSG_PE,D,20150211,000000,13.102,13.102,13.102,13.102,0,0
TSG_PE,D,20150212,000000,13.102,13.479,13.008,13.385,0,0
TSG_PE,D,20150213,000000,13.385,13.479,13.197,13.479,0,0
TSG_PE,D,20150216,000000,13.574,13.574,13.574,13.574,0,0
TSG_PE,D,20150217,000000,13.479,13.479,13.479,13.479,0,0
TSG_PE,D,20150218,000000,13.479,13.479,13.479,13.479,0,0
TSG_PE,D,20150219,000000,13.574,13.574,13.479,13.479,0,0
TSG_PE,D,20150220,000000,13.479,13.762,13.479,13.668,0,0
TSG_PE,D,20150223,000000,13.762,14.234,13.574,13.951,0,0
TSG_PE,D,20150224,000000,14.328,14.328,13.762,14.139,0,0
TSG_PE,D,20150225,000000,14.045,14.045,13.762,13.762,0,0
TSG_PE,D,20150226,000000,13.762,14.234,13.762,14.234,0,0
TSG_PE,D,20150227,000000,14.234,14.234,14.139,14.139,0,0
TSG_PE,D,20150302,000000,13.668,14.234,13.668,14.234,0,0
TSG_PE,D,20150303,000000,14.139,14.139,13.762,13.762,0,0
TSG_PE,D,20150304,000000,13.857,14.139,13.857,14.045,0,0
TSG_PE,D,20150305,000000,14.045,14.045,14.045,14.045,0,0
TSG_PE,D,20150306,000000,13.951,14.139,13.951,14.139,0,0
TSG_PE,D,20150309,000000,14.045,14.139,14.045,14.045,0,0
TSG_PE,D,20150310,000000,14.045,14.139,13.951,14.045,0,0
TSG_PE,D,20150311,000000,14.045,14.045,13.762,13.857,0,0
TSG_PE,D,20150312,000000,14.045,14.139,13.857,13.857,0,0
TSG_PE,D,20150313,000000,13.857,13.857,13.857,13.857,0,0
TSG_PE,D,20150316,000000,13.857,13.857,13.857,13.857,0,0
TSG_PE,D,20150317,000000,13.951,13.951,13.951,13.951,0,0
TSG_PE,D,20150318,000000,13.857,13.857,13.857,13.857,0,0
TSG_PE,D,20150319,000000,13.857,13.857,13.574,13.857,0,0
TSG_PE,D,20150320,000000,13.668,13.951,12.725,13.479,0,0
TSG_PE,D,20150323,000000,13.291,13.291,12.819,13.008,0,0
TSG_PE,D,20150324,000000,13.008,19.795,12.631,19.795,0,0
TSG_PE,D,20150325,000000,19.89,19.89,19.418,19.418,0,0
TSG_PE,D,20150326,000000,19.984,20.077,19.89,19.89,0,0
TSG_PE,D,20150327,000000,19.89,20.077,19.89,19.984,0,0
TSG_PE,D,20150330,000000,19.984,19.984,19.89,19.984,0,0
TSG_PE,D,20150331,000000,19.984,19.984,19.324,19.324,0,0
TSG_PE,D,20150401,000000,19.418,19.984,19.418,19.984,0,0
TSG_PE,D,20150402,000000,20.171,20.171,19.984,19.984,0,0
TSG_PE,D,20150407,000000,19.984,19.984,19.701,19.89,0,0
TSG_PE,D,20150408,000000,19.795,20.077,19.795,19.984,0,0
TSG_PE,D,20150409,000000,19.795,19.984,19.607,19.984,0,0
TSG_PE,D,20150410,000000,19.984,19.984,19.795,19.795,0,0
TSG_PE,D,20150413,000000,19.795,19.89,19.795,19.89,0,0
TSG_PE,D,20150414,000000,20.077,20.077,19.984,19.984,0,0
TSG_PE,D,20150415,000000,19.984,19.984,19.701,19.984,0,0
TSG_PE,D,20150416,000000,19.984,19.984,19.607,19.607,0,0
TSG_PE,D,20150417,000000,19.701,19.701,19.701,19.701,0,0
TSG_PE,D,20150420,000000,19.984,19.984,19.984,19.984,0,0
TSG_PE,D,20150421,000000,19.984,19.984,19.984,19.984,0,0
TSG_PE,D,20150422,000000,19.984,19.984,19.701,19.89,0,0
TSG_PE,D,20150423,000000,20.077,20.077,19.984,19.984,0,0
TSG_PE,D,20150424,000000,19.984,19.984,19.701,19.701,0,0
TSG_PE,D,20150427,000000,19.795,20.643,19.795,20.643,0,0
TSG_PE,D,20150428,000000,20.643,20.643,20.077,20.36,0,0
TSG_PE,D,20150429,000000,20.643,20.643,20.36,20.36,0,0
TSG_PE,D,20150430,000000,20.077,20.643,19.984,19.984,0,0
TSG_PE,D,20150504,000000,19.984,20.077,19.984,20.077,0,0
TSG_PE,D,20150505,000000,20.171,20.171,20.077,20.077,0,0
TSG_PE,D,20150506,000000,20.549,20.549,19.89,19.89,0,0
TSG_PE,D,20150507,000000,19.89,19.89,19.418,19.418,0,0
TSG_PE,D,20150508,000000,19.512,20.36,19.512,20.36,0,0
TSG_PE,D,20150511,000000,20.36,20.549,19.984,20.077,0,0
TSG_PE,D,20150512,000000,20.077,20.549,19.984,20.549,0,0
TSG_PE,D,20150513,000000,20.549,20.643,18.193,18.193,0,0
TSG_PE,D,20150514,000000,18.004,18.004,17.533,17.627,0,0
TSG_PE,D,20150515,000000,17.721,17.815,17.438,17.438,0,0
TSG_PE,D,20150518,000000,17.438,18.287,16.024,18.287,0,0
TSG_PE,D,20150519,000000,18.193,18.193,18.193,18.193,0,0
TSG_PE,D,20150520,000000,17.721,17.721,17.627,17.627,0,0
TSG_PE,D,20150521,000000,17.627,17.627,17.627,17.627,0,0
TSG_PE,D,20150522,000000,18.098,18.193,17.721,18.193,0,0
TSG_PE,D,20150525,000000,18.193,18.193,18.098,18.098,0,0
TSG_PE,D,20150526,000000,17.815,18.098,17.533,18.098,0,0
TSG_PE,D,20150527,000000,18.098,18.098,18.098,18.098,0,0
TSG_PE,D,20150528,000000,18.193,18.193,18.098,18.098,0,0
TSG_PE,D,20150529,000000,18.098,18.098,18.098,18.098,0,0
TSG_PE,D,20150601,000000,18.098,18.098,17.627,17.627,0,0
TSG_PE,D,20150602,000000,18.381,18.381,17.438,17.533,0,0
TSG_PE,D,20150603,000000,17.533,17.533,17.344,17.344,0,0
TSG_PE,D,20150605,000000,17.533,18.098,17.344,17.344,0,0
TSG_PE,D,20150608,000000,17.533,17.533,17.344,17.344,0,0
TSG_PE,D,20150610,000000,17.627,18.098,17.627,18.098,0,0
TSG_PE,D,20150612,000000,17.91,17.91,17.155,17.155,0,0
TSG_PE,D,20150617,000000,17.91,17.91,16.59,16.59,0,0
TSG_PE,D,20150618,000000,16.59,16.59,16.307,16.401,0,0
TSG_PE,D,20150619,000000,16.684,16.684,16.684,16.684,0,0
TSG_PE,D,20150623,000000,16.684,16.684,16.684,16.684,0,0
TSG_PE,D,20150624,000000,16.59,16.59,16.401,16.401,0,0
TSG_PE,D,20150626,000000,16.59,16.59,16.401,16.401,0,0
TSG_PE,D,20150629,000000,16.401,16.684,16.118,16.401,0,0
TSG_PE,D,20150630,000000,16.307,16.401,16.213,16.307,0,0
TSG_PE,D,20150701,000000,16.118,16.118,16.118,16.118,0,0
TSG_PE,D,20150702,000000,16.59,16.59,16.59,16.59,0,0
TSG_PE,D,20150703,000000,16.59,16.59,16.495,16.59,0,0
TSG_PE,D,20150706,000000,16.59,16.59,16.59,16.59,0,0
TSG_PE,D,20150707,000000,16.495,16.495,16.213,16.307,0,0
TSG_PE,D,20150708,000000,16.307,16.967,16.307,16.873,0,0
TSG_PE,D,20150709,000000,16.873,18.004,16.873,18.004,0,0
TSG_PE,D,20150710,000000,17.925,18.507,17.925,18.313,0,0
TSG_PE,D,20150713,000000,18.216,19.573,18.216,19.573,0,0
TSG_PE,D,20150714,000000,19.088,19.088,18.507,18.798,0,0
TSG_PE,D,20150715,000000,18.894,18.991,18.701,18.798,0,0
TSG_PE,D,20150716,000000,18.991,19.96,18.798,19.96,0,0
TSG_PE,D,20150717,000000,19.96,19.96,19.379,19.96,0,0
TSG_PE,D,20150720,000000,19.96,20.832,19.96,20.832,0,0
TSG_PE,D,20150721,000000,20.832,20.832,19.863,20.057,0,0
TSG_PE,D,20150722,000000,19.863,19.863,19.766,19.766,0,0
TSG_PE,D,20150723,000000,19.766,19.766,19.766,19.766,0,0
TSG_PE,D,20150724,000000,20.057,20.057,19.67,19.67,0,0
TSG_PE,D,20150727,000000,20.057,20.057,20.057,20.057,0,0
TSG_PE,D,20150728,000000,19.573,20.057,19.573,19.573,0,0
TSG_PE,D,20150729,000000,19.863,19.863,19.379,19.379,0,0
TSG_PE,D,20150730,000000,19.863,19.863,19.863,19.863,0,0
TSG_PE,D,20150731,000000,19.863,20.348,19.863,20.251,0,0
TSG_PE,D,20150803,000000,20.057,20.251,20.057,20.057,0,0
TSG_PE,D,20150804,000000,20.251,20.251,20.251,20.251,0,0
TSG_PE,D,20150805,000000,20.251,20.251,20.251,20.251,0,0
TSG_PE,D,20150806,000000,19.67,20.057,19.573,20.057,0,0
TSG_PE,D,20150807,000000,20.057,20.057,20.057,20.057,0,0
TSG_PE,D,20150810,000000,20.057,20.251,20.057,20.057,0,0
TSG_PE,D,20150811,000000,20.251,20.251,19.67,20.251,0,0
TSG_PE,D,20150812,000000,20.251,20.251,18.604,19.67,0,0
TSG_PE,D,20150813,000000,19.379,19.379,18.798,19.088,0,0
TSG_PE,D,20150814,000000,18.894,18.894,18.701,18.701,0,0
TSG_PE,D,20150817,000000,19.282,19.282,18.507,18.604,0,0
TSG_PE,D,20150818,000000,18.507,18.604,18.216,18.507,0,0
TSG_PE,D,20150819,000000,18.604,18.604,18.604,18.604,0,0
TSG_PE,D,20150820,000000,18.41,18.701,18.41,18.701,0,0
TSG_PE,D,20150821,000000,18.701,18.701,18.604,18.604,0,0
TSG_PE,D,20150824,000000,18.507,18.604,17.053,17.053,0,0
TSG_PE,D,20150825,000000,17.538,18.894,10.949,10.949,0,0
TSG_PE,D,20150826,000000,10.561,11.046,10.561,11.046,0,0
TSG_PE,D,20150827,000000,10.949,10.949,10.755,10.755,0,0
TSG_PE,D,20150828,000000,10.755,10.755,10.658,10.658,0,0
TSG_PE,D,20150831,000000,10.465,10.465,10.465,10.465,0,0
TSG_PE,D,20150901,000000,10.561,10.561,10.561,10.561,0,0
TSG_PE,D,20150902,000000,10.852,10.852,10.755,10.755,0,0
TSG_PE,D,20150903,000000,10.271,10.561,10.271,10.368,0,0
TSG_PE,D,20150904,000000,10.271,10.368,10.174,10.368,0,0
TSG_PE,D,20150907,000000,10.658,10.658,10.658,10.658,0,0
TSG_PE,D,20150908,000000,10.561,10.561,10.174,10.174,0,0
TSG_PE,D,20150909,000000,10.174,10.174,9.98,9.98,0,0
TSG_PE,D,20150910,000000,10.271,10.271,9.883,9.98,0,0
TSG_PE,D,20150911,000000,9.883,9.883,9.883,9.883,0,0
TSG_PE,D,20150914,000000,9.98,9.98,9.786,9.98,0,0
TSG_PE,D,20150915,000000,10.077,10.077,9.98,9.98,0,0
TSG_PE,D,20150916,000000,10.077,10.174,9.883,9.883,0,0
TSG_PE,D,20150917,000000,9.883,10.174,9.883,10.174,0,0
TSG_PE,D,20150918,000000,10.271,10.271,10.174,10.271,0,0
TSG_PE,D,20150921,000000,10.368,10.368,10.174,10.174,0,0
TSG_PE,D,20150922,000000,10.368,10.368,10.174,10.174,0,0
TSG_PE,D,20150923,000000,10.368,10.368,10.174,10.174,0,0
TSG_PE,D,20150924,000000,10.368,10.368,9.883,9.883,0,0
TSG_PE,D,20150925,000000,10.174,10.174,10.174,10.174,0,0
TSG_PE,D,20150928,000000,9.883,10.174,9.883,10.174,0,0
TSG_PE,D,20150929,000000,10.174,10.174,9.98,10.174,0,0
TSG_PE,D,20150930,000000,10.174,10.174,10.174,10.174,0,0
TSG_PE,D,20151001,000000,9.883,9.883,9.3019,9.883,0,0
TSG_PE,D,20151002,000000,9.883,9.883,9.689,9.689,0,0
TSG_PE,D,20151005,000000,9.689,10.174,9.3988,10.174,0,0
TSG_PE,D,20151006,000000,10.174,10.174,10.174,10.174,0,0
TSG_PE,D,20151007,000000,10.174,10.368,10.174,10.271,0,0
TSG_PE,D,20151008,000000,10.465,10.465,10.174,10.174,0,0
TSG_PE,D,20151009,000000,10.368,10.368,9.98,10.174,0,0
TSG_PE,D,20151012,000000,9.883,10.465,9.883,10.368,0,0
TSG_PE,D,20151013,000000,10.368,10.368,10.077,10.077,0,0
TSG_PE,D,20151014,000000,10.368,10.368,9.98,9.98,0,0
TSG_PE,D,20151015,000000,10.271,10.368,10.174,10.368,0,0
TSG_PE,D,20151016,000000,10.465,10.561,10.465,10.465,0,0
TSG_PE,D,20151019,000000,10.465,11.046,10.465,11.046,0,0
TSG_PE,D,20151020,000000,11.046,11.337,10.852,10.949,0,0
TSG_PE,D,20151021,000000,10.949,11.143,10.949,11.143,0,0
TSG_PE,D,20151022,000000,11.143,11.143,10.658,11.046,0,0
TSG_PE,D,20151023,000000,11.046,11.24,10.852,11.24,0,0
TSG_PE,D,20151026,000000,11.337,11.337,11.24,11.24,0,0
TSG_PE,D,20151027,000000,11.24,11.24,11.24,11.24,0,0
TSG_PE,D,20151028,000000,11.046,11.046,10.755,10.852,0,0
TSG_PE,D,20151029,000000,11.143,11.143,10.561,10.561,0,0
TSG_PE,D,20151030,000000,10.561,10.561,10.465,10.465,0,0
TSG_PE,D,20151102,000000,10.465,10.465,10.174,10.174,0,0
TSG_PE,D,20151103,000000,10.174,10.271,10.174,10.271,0,0
TSG_PE,D,20151104,000000,10.271,10.271,10.271,10.271,0,0
TSG_PE,D,20151105,000000,10.271,10.271,9.98,9.98,0,0
TSG_PE,D,20151106,000000,10.174,10.174,10.174,10.174,0,0
TSG_PE,D,20151109,000000,9.883,10.174,9.883,10.174,0,0
TSG_PE,D,20151110,000000,10.174,10.174,10.174,10.174,0,0
TSG_PE,D,20151112,000000,10.174,10.174,10.174,10.174,0,0
TSG_PE,D,20151113,000000,10.174,10.174,9.786,9.786,0,0
TSG_PE,D,20151116,000000,10.077,10.077,9.883,9.883,0,0
TSG_PE,D,20151117,000000,10.077,10.077,9.689,9.883,0,0
TSG_PE,D,20151118,000000,9.883,9.883,9.593,9.593,0,0
TSG_PE,D,20151119,000000,9.593,9.786,9.593,9.689,0,0
TSG_PE,D,20151120,000000,9.689,9.689,9.3988,9.3988,0,0
TSG_PE,D,20151123,000000,9.3988,9.3988,8.7205,9.0112,0,0
TSG_PE,D,20151124,000000,9.0112,9.1081,9.0112,9.1081,0,0
TSG_PE,D,20151125,000000,9.1081,9.1081,8.7205,8.7205,0,0
TSG_PE,D,20151126,000000,8.7205,8.8174,8.7205,8.8174,0,0
TSG_PE,D,20151127,000000,8.8174,8.9143,8.8174,8.8174,0,0
TSG_PE,D,20151130,000000,8.8174,9.205,8.8174,9.205,0,0
TSG_PE,D,20151201,000000,9.205,9.205,9.205,9.205,0,0
TSG_PE,D,20151202,000000,9.3019,9.3019,9.0112,9.0112,0,0
TSG_PE,D,20151203,000000,9.0112,9.205,9.0112,9.1081,0,0
TSG_PE,D,20151204,000000,9.205,9.205,9.0112,9.0112,0,0
TSG_PE,D,20151207,000000,9.0112,9.0112,9.0112,9.0112,0,0
TSG_PE,D,20151208,000000,9.205,9.205,9.0112,9.0112,0,0
TSG_PE,D,20151209,000000,9.205,9.205,8.8174,8.8174,0,0
TSG_PE,D,20151210,000000,8.8174,8.8174,8.8174,8.8174,0,0
TSG_PE,D,20151211,000000,8.8174,9.0112,8.8174,9.0112,0,0
TSG_PE,D,20151214,000000,9.0112,9.0112,8.8174,8.8174,0,0
TSG_PE,D,20151215,000000,8.9143,8.9143,8.6236,8.8174,0,0
TSG_PE,D,20151216,000000,8.8174,8.9143,8.8174,8.9143,0,0
TSG_PE,D,20151217,000000,8.9143,9.0112,8.8174,8.8174,0,0
TSG_PE,D,20151218,000000,8.9143,8.9143,8.9143,8.9143,0,0
TSG_PE,D,20151221,000000,8.9143,9.0112,8.8174,9.0112,0,0
TSG_PE,D,20151222,000000,9.0112,9.3019,8.9143,9.3019,0,0
TSG_PE,D,20151223,000000,9.205,9.4957,9.205,9.3988,0,0
TSG_PE,D,20151228,000000,9.3988,9.4957,9.1081,9.1081,0,0
TSG_PE,D,20151229,000000,9.1081,9.3988,9.1081,9.1081,0,0
TSG_PE,D,20151230,000000,9.205,9.3988,9.1081,9.3988,0,0
TSG_PE,D,20160104,000000,9.3988,9.3988,9.3019,9.3019,0,0
TSG_PE,D,20160105,000000,9.4957,9.4957,9.3988,9.3988,0,0
TSG_PE,D,20160107,000000,9.1081,9.3019,8.9143,9.0112,0,0
TSG_PE,D,20160108,000000,8.9143,8.9143,8.9143,8.9143,0,0
TSG_PE,D,20160111,000000,8.9143,8.9143,8.8174,8.8174,0,0
TSG_PE,D,20160112,000000,8.8174,9.205,8.8174,9.205,0,0
TSG_PE,D,20160113,000000,9.205,9.689,9.205,9.689,0,0
TSG_PE,D,20160114,000000,9.883,9.883,9.3019,9.3019,0,0
TSG_PE,D,20160115,000000,9.0112,9.0112,9.0112,9.0112,0,0
TSG_PE,D,20160118,000000,9.3019,9.3019,8.8174,8.8174,0,0
TSG_PE,D,20160119,000000,9.205,9.205,8.8174,8.8174,0,0
TSG_PE,D,20160120,000000,8.8174,9.0112,8.8174,9.0112,0,0
TSG_PE,D,20160121,000000,8.9143,8.9143,8.8174,8.8174,0,0
TSG_PE,D,20160122,000000,8.8174,9.0112,8.8174,9.0112,0,0
TSG_PE,D,20160125,000000,8.9143,8.9143,8.9143,8.9143,0,0
TSG_PE,D,20160126,000000,8.9143,8.9143,8.8174,8.8174,0,0
TSG_PE,D,20160127,000000,8.8174,8.9143,8.8174,8.9143,0,0
TSG_PE,D,20160128,000000,8.9143,8.9143,8.9143,8.9143,0,0
TSG_PE,D,20160129,000000,8.9143,9.205,8.9143,9.1081,0,0
TSG_PE,D,20160201,000000,9.205,9.3988,9.205,9.3988,0,0
TSG_PE,D,20160202,000000,9.3988,9.883,9.3988,9.883,0,0
TSG_PE,D,20160203,000000,9.883,9.883,9.593,9.689,0,0
TSG_PE,D,20160204,000000,9.593,9.593,9.3019,9.3988,0,0
TSG_PE,D,20160205,000000,9.786,9.786,9.3019,9.3988,0,0
TSG_PE,D,20160209,000000,9.3019,9.3019,9.0112,9.0112,0,0
TSG_PE,D,20160210,000000,9.3988,9.3988,9.3988,9.3988,0,0
TSG_PE,D,20160211,000000,9.0112,9.0112,9.0112,9.0112,0,0
TSG_PE,D,20160212,000000,9.3988,9.3988,9.3988,9.3988,0,0
TSG_PE,D,20160215,000000,9.4957,9.4957,9.1081,9.1081,0,0
TSG_PE,D,20160216,000000,9.205,9.3019,9.205,9.3019,0,0
TSG_PE,D,20160217,000000,9.3019,9.3019,9.3019,9.3019,0,0
TSG_PE,D,20160218,000000,9.3019,9.3019,9.3019,9.3019,0,0
TSG_PE,D,20160219,000000,9.3019,9.3019,9.3019,9.3019,0,0
TSG_PE,D,20160222,000000,9.3019,9.4957,9.3019,9.3019,0,0
TSG_PE,D,20160223,000000,9.3019,9.3019,9.205,9.205,0,0
TSG_PE,D,20160224,000000,9.3019,9.3019,8.9143,8.9143,0,0
TSG_PE,D,20160225,000000,9.205,9.205,9.205,9.205,0,0
TSG_PE,D,20160226,000000,9.205,9.205,8.9143,8.9143,0,0
TSG_PE,D,20160229,000000,8.9143,8.9143,8.8174,8.8174,0,0
TSG_PE,D,20160301,000000,9.0112,9.0112,8.8174,8.8174,0,0
TSG_PE,D,20160302,000000,8.8174,8.8174,8.8174,8.8174,0,0
TSG_PE,D,20160303,000000,9.0112,9.1081,9.0112,9.1081,0,0
TSG_PE,D,20160304,000000,9.0112,9.1081,9.0112,9.0112,0,0
TSG_PE,D,20160307,000000,9.1081,9.205,9.0112,9.1081,0,0
TSG_PE,D,20160308,000000,9.3019,9.3019,9.3019,9.3019,0,0
TSG_PE,D,20160309,000000,9.3019,9.3019,9.3019,9.3019,0,0
TSG_PE,D,20160310,000000,9.3019,9.3019,9.1081,9.1081,0,0
TSG_PE,D,20160311,000000,9.3019,9.3019,9.3019,9.3019,0,0
TSG_PE,D,20160314,000000,9.3019,9.4957,9.1081,9.4957,0,0
TSG_PE,D,20160315,000000,9.4957,9.883,9.4957,9.689,0,0
TSG_PE,D,20160316,000000,9.883,9.883,9.689,9.883,0,0
TSG_PE,D,20160317,000000,9.883,9.883,9.593,9.883,0,0
TSG_PE,D,20160318,000000,9.883,9.883,9.883,9.883,0,0
TSG_PE,D,20160321,000000,10.174,10.949,10.174,10.174,0,0
TSG_PE,D,20160322,000000,10.271,10.271,9.689,10.174,0,0
TSG_PE,D,20160323,000000,10.174,10.271,9.883,10.077,0,0
TSG_PE,D,20160324,000000,10.174,10.174,9.883,10.077,0,0
TSG_PE,D,20160329,000000,9.98,9.98,9.689,9.883,0,0
TSG_PE,D,20160330,000000,9.883,9.883,9.786,9.883,0,0
TSG_PE,D,20160331,000000,9.883,10.755,9.786,10.755,0,0
TSG_PE,D,20160401,000000,10.755,10.755,10.368,10.755,0,0
TSG_PE,D,20160404,000000,10.755,10.852,10.755,10.852,0,0
TSG_PE,D,20160405,000000,10.852,10.852,10.658,10.755,0,0
TSG_PE,D,20160406,000000,10.852,10.852,10.852,10.852,0,0
TSG_PE,D,20160407,000000,10.852,11.337,10.755,10.949,0,0
TSG_PE,D,20160408,000000,10.949,11.24,10.949,11.24,0,0
TSG_PE,D,20160411,000000,11.24,11.24,11.046,11.046,0,0
TSG_PE,D,20160412,000000,11.143,11.143,11.143,11.143,0,0
TSG_PE,D,20160413,000000,11.143,11.24,10.852,11.24,0,0
TSG_PE,D,20160414,000000,11.337,11.337,11.143,11.337,0,0
TSG_PE,D,20160415,000000,11.337,11.434,11.337,11.337,0,0
TSG_PE,D,20160418,000000,11.337,11.337,10.852,11.046,0,0
TSG_PE,D,20160419,000000,11.24,11.24,10.755,11.046,0,0
TSG_PE,D,20160420,000000,11.046,11.143,11.046,11.143,0,0
TSG_PE,D,20160421,000000,11.046,11.046,10.852,10.852,0,0
TSG_PE,D,20160422,000000,10.949,11.337,10.949,11.337,0,0
TSG_PE,D,20160425,000000,11.337,11.337,11.046,11.046,0,0
TSG_PE,D,20160426,000000,11.046,11.046,10.852,11.046,0,0
TSG_PE,D,20160427,000000,11.337,11.434,11.046,11.434,0,0
TSG_PE,D,20160428,000000,11.434,12.015,11.434,11.918,0,0
TSG_PE,D,20160429,000000,11.918,12.015,11.434,11.918,0,0
TSG_PE,D,20160502,000000,12.209,12.209,12.015,12.015,0,0
TSG_PE,D,20160504,000000,12.015,12.015,11.434,11.821,0,0
TSG_PE,D,20160505,000000,11.821,11.821,11.434,11.434,0,0
TSG_PE,D,20160506,000000,11.724,11.724,11.434,11.724,0,0
TSG_PE,D,20160509,000000,11.627,11.724,11.627,11.724,0,0
TSG_PE,D,20160510,000000,11.918,11.918,11.821,11.821,0,0
TSG_PE,D,20160511,000000,11.627,11.724,11.337,11.724,0,0
TSG_PE,D,20160512,000000,11.724,11.724,11.337,11.337,0,0
TSG_PE,D,20160513,000000,11.627,11.627,11.337,11.337,0,0
TSG_PE,D,20160516,000000,11.337,11.337,10.755,10.949,0,0
TSG_PE,D,20160517,000000,10.949,10.949,10.465,10.561,0,0
TSG_PE,D,20160518,000000,10.658,10.658,10.658,10.658,0,0
TSG_PE,D,20160519,000000,10.852,10.852,10.465,10.755,0,0
TSG_PE,D,20160524,000000,10.755,10.755,10.755,10.755,0,0
TSG_PE,D,20160525,000000,10.658,20.445,10.368,20.445,0,0
TSG_PE,D,20160527,000000,21.317,21.317,21.026,21.026,0,0
TSG_PE,D,20160530,000000,20.735,20.735,20.154,20.251,0,0
TSG_PE,D,20160531,000000,20.832,20.832,20.251,20.251,0,0
TSG_PE,D,20160601,000000,21.317,21.317,21.026,21.026,0,0
TSG_PE,D,20160602,000000,21.026,21.026,20.154,20.251,0,0
TSG_PE,D,20160603,000000,20.251,21.026,20.251,21.026,0,0
TSG_PE,D,20160606,000000,21.317,21.317,21.22,21.22,0,0
TSG_PE,D,20160607,000000,21.22,21.22,20.154,20.251,0,0
TSG_PE,D,20160608,000000,20.251,20.251,20.251,20.251,0,0
TSG_PE,D,20160609,000000,20.251,20.251,20.251,20.251,0,0
TSG_PE,D,20160610,000000,20.251,20.251,20.251,20.251,0,0
TSG_PE,D,20160613,000000,19.96,20.154,19.96,20.154,0,0
TSG_PE,D,20160614,000000,20.154,21.22,20.154,20.251,0,0
TSG_PE,D,20160615,000000,20.735,20.735,20.735,20.735,0,0
TSG_PE,D,20160616,000000,20.929,20.929,20.154,20.154,0,0
TSG_PE,D,20160617,000000,20.154,20.154,20.154,20.154,0,0
TSG_PE,D,20160620,000000,20.251,20.251,20.154,20.154,0,0
TSG_PE,D,20160621,000000,20.735,20.735,19.863,20.154,0,0
TSG_PE,D,20160622,000000,20.735,20.735,20.154,20.154,0,0
TSG_PE,D,20160623,000000,20.735,20.735,20.735,20.735,0,0
TSG_PE,D,20160624,000000,19.863,20.154,19.185,19.282,0,0
TSG_PE,D,20160627,000000,19.573,19.573,19.573,19.573,0,0
TSG_PE,D,20160628,000000,19.573,19.67,19.573,19.67,0,0
TSG_PE,D,20160630,000000,21.6,21.6,19.7,19.7,0,0
TSG_PE,D,20160701,000000,19.6,19.7,19.6,19.7,0,0
TSG_PE,D,20160704,000000,20.4,20.7,20.4,20.7,0,0
TSG_PE,D,20160705,000000,21.1,21.1,21.1,21.1,0,0
TSG_PE,D,20160706,000000,21.4,21.4,20.8,20.8,0,0
TSG_PE,D,20160707,000000,21.4,21.4,21.4,21.4,0,0
TSG_PE,D,20160708,000000,21.4,21.4,20.8,20.8,0,0
TSG_PE,D,20160711,000000,21.4,21.4,21.4,21.4,0,0
TSG_PE,D,20160712,000000,21.4,21.4,21.4,21.4,0,0
TSG_PE,D,20160713,000000,21.4,21.4,21.4,21.4,0,0
TSG_PE,D,20160714,000000,20.2,20.2,20.2,20.2,0,0
TSG_PE,D,20160715,000000,20.2,20.2,20.2,20.2,0,0
TSG_PE,D,20160718,000000,20.2,20.2,20.2,20.2,0,0
TSG_PE,D,20160719,000000,20.3,20.3,20.3,20.3,0,0
TSG_PE,D,20160720,000000,21.4,21.4,21.4,21.4,0,0
TSG_PE,D,20160721,000000,21.3,21.3,20.3,21,0,0
TSG_PE,D,20160722,000000,21.3,21.3,21.3,21.3,0,0
TSG_PE,D,20160725,000000,21.4,21.4,21.4,21.4,0,0
TSG_PE,D,20160726,000000,21.3,22.6,21,22.6,0,0
TSG_PE,D,20160727,000000,22.6,22.6,22.6,22.6,0,0
TSG_PE,D,20160728,000000,22.6,22.6,22.6,22.6,0,0
TSG_PE,D,20160729,000000,22.6,22.6,22.6,22.6,0,0
TSG_PE,D,20160801,000000,21.7,22.5,21.7,22.5,0,0
TSG_PE,D,20160802,000000,22.4,22.4,22.4,22.4,0,0
TSG_PE,D,20160803,000000,22.3,22.3,22.3,22.3,0,0
TSG_PE,D,20160804,000000,22.3,22.3,21.6,21.6,0,0
TSG_PE,D,20160805,000000,22,22,21.5,21.6,0,0
TSG_PE,D,20160808,000000,22,22,21.4,21.4,0,0
TSG_PE,D,20160809,000000,21.1,22,21.1,22,0,0
TSG_PE,D,20160810,000000,22.3,22.3,21.3,21.3,0,0
TSG_PE,D,20160811,000000,21.2,21.2,21.2,21.2,0,0
TSG_PE,D,20160812,000000,21.2,21.2,21.2,21.2,0,0
TSG_PE,D,20160816,000000,21.2,21.2,21.2,21.2,0,0
TSG_PE,D,20160817,000000,21.2,21.2,20.8,20.8,0,0
TSG_PE,D,20160818,000000,22.1,22.1,22.1,22.1,0,0
TSG_PE,D,20160819,000000,22,22,22,22,0,0
TSG_PE,D,20160822,000000,22,22,22,22,0,0
TSG_PE,D,20160823,000000,21.4,21.4,20.3,20.3,0,0
TSG_PE,D,20160824,000000,20.8,20.8,20.8,20.8,0,0
TSG_PE,D,20160825,000000,20.3,20.3,19.8,19.9,0,0
TSG_PE,D,20160826,000000,20.8,20.8,20.7,20.7,0,0
TSG_PE,D,20160829,000000,20.6,20.6,20.1,20.2,0,0
TSG_PE,D,20160830,000000,21,21,19.9,20,0,0
TSG_PE,D,20160831,000000,20.4,20.4,20,20,0,0
TSG_PE,D,20160901,000000,20,20,19.2,19.2,0,0
TSG_PE,D,20160902,000000,19.3,19.3,19.3,19.3,0,0
TSG_PE,D,20160905,000000,19.3,19.3,19.3,19.3,0,0
TSG_PE,D,20160906,000000,19.3,19.3,19.2,19.2,0,0
TSG_PE,D,20160907,000000,19.2,19.2,19,19,0,0
TSG_PE,D,20160908,000000,19.1,19.1,18.9,18.9,0,0
TSG_PE,D,20170928,000000,18.9,18.9,18.9,18.9,0,0
TSG_PE,D,20181119,000000,21.3,21.3,21.3,21.3,0,0
TSG_PE,D,20181120,000000,21.7,21.7,20.4,20.4,0,0
TSG_PE,D,20181121,000000,21.5,21.5,21.5,21.5,0,0
TSG_PE,D,20181122,000000,21.2,21.2,21.2,21.2,0,0
TSG_PE,D,20181123,000000,21.5,22.4,21.4,21.7,0,0
TSG_PE,D,20181126,000000,21.9,22.9,21.9,21.9,0,0
TSG_PE,D,20181127,000000,22.8,24.8,22.8,24.6,0,0
TSG_PE,D,20181128,000000,24.6,24.8,23.6,24.8,0,0
TSG_PE,D,20181129,000000,24.8,24.8,23.6,23.7,0,0
TSG_PE,D,20181130,000000,21.4,24.8,21.4,24.8,0,0
TSG_PE,D,20181203,000000,24.8,24.8,23.6,24.8,0,0
TSG_PE,D,20181204,000000,24.8,24.8,23.2,24.6,0,0
TSG_PE,D,20181205,000000,24.6,24.6,24.6,24.6,0,0
TSG_PE,D,20181206,000000,24.6,24.6,22.7,24.5,0,0
TSG_PE,D,20181207,000000,24.7,24.7,22.8,22.8,0,0
TSG_PE,D,20181210,000000,22.8,22.8,21.8,22.7,0,0
TSG_PE,D,20181211,000000,22.7,22.7,22.7,22.7,0,0
TSG_PE,D,20181212,000000,22.2,22.2,21.5,22,0,0
TSG_PE,D,20181213,000000,22,22,22,22,0,0
TSG_PE,D,20181214,000000,21.9,21.9,21.1,21.7,0,0
TSG_PE,D,20181217,000000,20.4,20.4,20.1,20.2,0,0
TSG_PE,D,20181218,000000,21.9,21.9,18.3,20.4,0,0
TSG_PE,D,20181219,000000,20.4,20.4,19.5,19.5,0,0
TSG_PE,D,20181220,000000,20.3,20.3,19,19.4,0,0
TSG_PE,D,20181221,000000,20.2,20.2,19,19,0,0
TSG_PE,D,20181227,000000,20.2,20.3,20.2,20.3,0,0
TSG_PE,D,20181228,000000,20.3,20.3,19.3,20.2,0,0
TSG_PE,D,20190102,000000,20.2,20.2,19.9,19.9,0,0
TSG_PE,D,20190103,000000,19.1,19.9,18.9,19.7,0,0
TSG_PE,D,20190104,000000,19.8,19.8,19.8,19.8,0,0
TSG_PE,D,20190107,000000,19.6,19.6,19.6,19.6,0,0
TSG_PE,D,20190108,000000,19.6,19.6,19.6,19.6,0,0
TSG_PE,D,20190109,000000,19.6,20,19.6,20,0,0
TSG_PE,D,20190110,000000,20.7,22.3,20,21,0,0
TSG_PE,D,20190111,000000,21.3,22.4,20.5,21.7,0,0
TSG_PE,D,20190114,000000,21.7,23.4,21.7,23.4,0,0
TSG_PE,D,20190115,000000,23.9,23.9,22.8,23.6,0,0
TSG_PE,D,20190116,000000,23.7,23.7,22.1,23.5,0,0
TSG_PE,D,20190117,000000,22.1,23.2,22.1,23.2,0,0
TSG_PE,D,20190118,000000,22.1,22.1,22.1,22.1,0,0
TSG_PE,D,20190121,000000,22.2,23,22.2,23,0,0
TSG_PE,D,20190122,000000,23,23,23,23,0,0
TSG_PE,D,20190123,000000,23,23,22.1,22.9,0,0
TSG_PE,D,20190124,000000,23,23,23,23,0,0
TSG_PE,D,20190125,000000,22.9,22.9,22.2,22.2,0,0
TSG_PE,D,20190128,000000,22.8,22.8,22,22,0,0
TSG_PE,D,20190129,000000,22.7,22.7,22.7,22.7,0,0
TSG_PE,D,20190130,000000,22.6,22.7,22.6,22.7,0,0
TSG_PE,D,20190131,000000,22.7,22.7,22.7,22.7,0,0
TSG_PE,D,20190201,000000,22.6,22.6,22.6,22.6,0,0
TSG_PE,D,20190204,000000,22.5,22.5,22.5,22.5,0,0
TSG_PE,D,20190205,000000,22.6,22.6,21.6,22.6,0,0
TSG_PE,D,20190206,000000,22.6,23.3,22.6,23.3,0,0
TSG_PE,D,20190207,000000,23.3,23.6,22.7,23.6,0,0
TSG_PE,D,20190208,000000,23.5,23.5,23,23,0,0
TSG_PE,D,20190211,000000,23.6,23.6,22.5,23.4,0,0
TSG_PE,D,20190212,000000,23.4,23.4,21.9,22.8,0,0
TSG_PE,D,20190213,000000,22.8,22.8,22.7,22.8,0,0
TSG_PE,D,20190214,000000,22.8,22.8,22.7,22.8,0,0
TSG_PE,D,20190215,000000,22.8,22.8,22.7,22.8,0,0
TSG_PE,D,20190218,000000,23,23.4,22.1,23.4,0,0
TSG_PE,D,20190219,000000,23.4,23.4,23.4,23.4,0,0
TSG_PE,D,20190220,000000,23.4,23.4,23.4,23.4,0,0
TSG_PE,D,20190221,000000,23.4,23.4,23.4,23.4,0,0
TSG_PE,D,20190222,000000,23.5,23.5,22.9,23.5,0,0
TSG_PE,D,20190225,000000,23.6,23.6,22.7,23.5,0,0
TSG_PE,D,20190226,000000,23.5,23.5,23.5,23.5,0,0
TSG_PE,D,20190227,000000,22.6,23.5,22.6,23.5,0,0
TSG_PE,D,20190228,000000,23.5,23.5,23.5,23.5,0,0
TSG_PE,D,20190301,000000,23.5,23.5,23.5,23.5,0,0
TSG_PE,D,20190304,000000,23.8,24,22.9,23.7,0,0
TSG_PE,D,20190305,000000,23.7,25.6,22.9,24.1,0,0
TSG_PE,D,20190306,000000,24.8,26.7,24.8,26.1,0,0
TSG_PE,D,20190307,000000,26.1,28.2,26.1,27.9,0,0
TSG_PE,D,20190308,000000,27.9,29.7,27.1,27.1,0,0
TSG_PE,D,20190311,000000,27.6,27.6,26.4,27.1,0,0
TSG_PE,D,20190312,000000,26.2,27.1,26.2,27.1,0,0
TSG_PE,D,20190313,000000,27.1,27.4,27.1,27.4,0,0
TSG_PE,D,20190314,000000,28.8,28.8,27.5,28.7,0,0
TSG_PE,D,20190315,000000,28.9,28.9,27.6,27.6,0,0
TSG_PE,D,20190318,000000,28.7,29.3,28.6,29.3,0,0
TSG_PE,D,20190319,000000,28.7,29.2,28.7,28.9,0,0
TSG_PE,D,20190320,000000,29.2,29.2,28,29,0,0
TSG_PE,D,20190321,000000,28.8,28.8,27.7,28.2,0,0
TSG_PE,D,20190322,000000,28.2,28.8,18.9,18.9,0,0
TSG_PE,D,20190325,000000,18.8,18.8,18.2,18.3,0,0
TSG_PE,D,20190326,000000,18.2,18.3,16.6,17.1,0,0
TSG_PE,D,20190327,000000,17.1,17.1,16.6,17.1,0,0
TSG_PE,D,20190328,000000,17.1,17.1,17.1,17.1,0,0
TSG_PE,D,20190329,000000,17.1,17.1,17.1,17.1,0,0
TSG_PE,D,20190401,000000,17.8,17.8,17.8,17.8,0,0
TSG_PE,D,20190402,000000,17.8,17.8,16.6,17.8,0,0
TSG_PE,D,20190403,000000,17.8,17.8,17.8,17.8,0,0
TSG_PE,D,20190404,000000,17.8,18.4,17.8,18.3,0,0
TSG_PE,D,20190405,000000,18.3,18.3,18.1,18.1,0,0
TSG_PE,D,20190408,000000,18.1,18.1,18.1,18.1,0,0
TSG_PE,D,20190409,000000,18,18,17.3,18,0,0
TSG_PE,D,20190410,000000,18,18,18,18,0,0
TSG_PE,D,20190411,000000,18,18.1,17.5,18.1,0,0
TSG_PE,D,20190412,000000,18.1,18.1,17.9,18,0,0
TSG_PE,D,20190415,000000,17.6,18.1,17.2,18.1,0,0
TSG_PE,D,20190416,000000,18.1,18.1,17.8,18.1,0,0
TSG_PE,D,20190417,000000,18.1,18.8,18.1,18.8,0,0
TSG_PE,D,20190418,000000,18.8,18.8,18.6,18.6,0,0
TSG_PE,D,20190423,000000,18.6,18.6,18.6,18.6,0,0
TSG_PE,D,20190424,000000,18.6,18.6,17.9,18.1,0,0
TSG_PE,D,20190425,000000,18.1,18.1,18.1,18.1,0,0
TSG_PE,D,20190426,000000,18.1,18.1,18.1,18.1,0,0
TSG_PE,D,20190429,000000,18.1,18.1,17.5,17.5,0,0
TSG_PE,D,20190430,000000,18.1,18.1,17.3,17.3,0,0
TSG_PE,D,20190502,000000,17.4,17.4,17.3,17.3,0,0
TSG_PE,D,20190506,000000,17.3,17.3,16.9,17.3,0,0
TSG_PE,D,20190507,000000,17.3,17.3,17.3,17.3,0,0
TSG_PE,D,20190508,000000,17.3,17.3,16.6,16.6,0,0
TSG_PE,D,20190509,000000,17.3,17.3,17.3,17.3,0,0
TSG_PE,D,20190510,000000,17.3,17.3,17.3,17.3,0,0
TSG_PE,D,20190513,000000,17.2,17.2,17.2,17.2,0,0
TSG_PE,D,20190514,000000,17.2,17.2,17.2,17.2,0,0
TSG_PE,D,20190515,000000,17.2,17.2,15.8,16.5,0,0
TSG_PE,D,20190516,000000,16.5,17.2,15.8,17.2,0,0
TSG_PE,D,20190517,000000,15.8,20.3,15.7,20.3,0,0
TSG_PE,D,20190520,000000,19.8,19.8,19.6,19.6,0,0
TSG_PE,D,20190521,000000,19.6,19.7,18.8,19.7,0,0
TSG_PE,D,20190522,000000,20.4,20.4,19.7,19.7,0,0
TSG_PE,D,20190523,000000,19.6,19.6,18.8,19.5,0,0
TSG_PE,D,20190524,000000,19.5,19.5,19.5,19.5,0,0
TSG_PE,D,20190527,000000,19.5,19.5,18.9,18.9,0,0
TSG_PE,D,20190528,000000,19.4,19.5,19.4,19.5,0,0
TSG_PE,D,20190529,000000,19.5,19.5,19.5,19.5,0,0
TSG_PE,D,20190530,000000,19.5,19.6,19.5,19.6,0,0
TSG_PE,D,20190531,000000,19.6,19.6,19.6,19.6,0,0
TSG_PE,D,20190603,000000,19.3,19.3,19.3,19.3,0,0
TSG_PE,D,20190604,000000,19.3,19.3,18.8,19.1,0,0
TSG_PE,D,20190605,000000,19.1,19.1,19.1,19.1,0,0
TSG_PE,D,20190606,000000,19.1,19.1,18.6,18.6,0,0
TSG_PE,D,20190607,000000,19.1,19.1,19.1,19.1,0,0
TSG_PE,D,20190610,000000,18.4,19.1,18.4,19.1,0,0
TSG_PE,D,20190611,000000,19.1,19.1,19.1,19.1,0,0
TSG_PE,D,20190612,000000,19.1,19.1,19.1,19.1,0,0
TSG_PE,D,20190613,000000,19.1,19.1,18.4,19.1,0,0
TSG_PE,D,20190614,000000,19.1,19.1,19.1,19.1,0,0
TSG_PE,D,20190617,000000,18.1,19.1,18.1,19.1,0,0
TSG_PE,D,20190618,000000,19.1,19.1,18.3,19.1,0,0
TSG_PE,D,20190619,000000,19.1,19.1,19.1,19.1,0,0
TSG_PE,D,20190621,000000,19,19,18.4,18.4,0,0
TSG_PE,D,20190624,000000,18.9,18.9,18.9,18.9,0,0
TSG_PE,D,20190625,000000,18.9,18.9,18.8,18.8,0,0
TSG_PE,D,20190626,000000,18.8,18.8,18.1,18.8,0,0
TSG_PE,D,20190627,000000,18.8,18.8,18,18,0,0
TSG_PE,D,20190628,000000,18.8,18.8,18,18,0,0
TSG_PE,D,20190701,000000,17.1,18.8,17.1,18.8,0,0
TSG_PE,D,20190702,000000,18.8,18.8,17.9,18.8,0,0
TSG_PE,D,20190703,000000,18.8,18.8,18,18.4,0,0
TSG_PE,D,20190704,000000,18.4,18.8,18.4,18.8,0,0
TSG_PE,D,20190705,000000,18.8,18.8,18.8,18.8,0,0
TSG_PE,D,20190708,000000,18.7,18.7,18.3,18.7,0,0
TSG_PE,D,20190709,000000,18.7,18.7,18.7,18.7,0,0
TSG_PE,D,20190710,000000,18.7,18.7,18.6,18.6,0,0
TSG_PE,D,20190711,000000,18.6,18.6,18.6,18.6,0,0
TSG_PE,D,20190712,000000,18.6,18.6,18.6,18.6,0,0
TSG_PE,D,20190715,000000,18.6,18.6,18.6,18.6,0,0
TSG_PE,D,20190716,000000,18.6,18.6,17.9,17.9,0,0
TSG_PE,D,20190717,000000,17.9,17.9,17.6,17.9,0,0
TSG_PE,D,20190718,000000,17.8,17.8,17.4,17.8,0,0
TSG_PE,D,20190719,000000,17.8,17.8,16.5,17.8,0,0
TSG_PE,D,20190722,000000,17.8,17.8,17.4,17.8,0,0
TSG_PE,D,20190723,000000,17.8,17.8,17.8,17.8,0,0
TSG_PE,D,20190724,000000,17.8,17.8,16.8,16.8,0,0
TSG_PE,D,20190725,000000,17.1,17.1,17.1,17.1,0,0
TSG_PE,D,20190726,000000,17.1,17.1,17.1,17.1,0,0
TSG_PE,D,20190729,000000,17.1,17.1,16.4,16.4,0,0
TSG_PE,D,20190730,000000,16.4,16.4,15.9,15.9,0,0
TSG_PE,D,20190731,000000,17.1,17.1,15.8,15.8,0,0
TSG_PE,D,20190801,000000,15.8,15.8,15.8,15.8,0,0
TSG_PE,D,20190802,000000,17.2,17.2,16.4,16.4,0,0
TSG_PE,D,20190805,000000,17.2,17.2,16.4,16.4,0,0
TSG_PE,D,20190806,000000,17.2,17.2,16.4,16.4,0,0
TSG_PE,D,20190807,000000,17.2,17.2,15.7,15.8,0,0
TSG_PE,D,20190808,000000,16.5,16.5,15.8,16.3,0,0
TSG_PE,D,20190809,000000,16.3,16.3,16.3,16.3,0,0
TSG_PE,D,20190812,000000,16.4,16.4,16.3,16.4,0,0
TSG_PE,D,20190813,000000,16.4,16.4,16.4,16.4,0,0
TSG_PE,D,20190814,000000,16.4,16.4,16.4,16.4,0,0
TSG_PE,D,20190816,000000,17.3,17.3,16.9,17,0,0
TSG_PE,D,20190819,000000,17.4,17.4,17.1,17.1,0,0
TSG_PE,D,20190820,000000,17.1,17.1,17.1,17.1,0,0
TSG_PE,D,20190821,000000,17.1,17.1,16.4,16.4,0,0
TSG_PE,D,20190822,000000,17.1,17.1,17.1,17.1,0,0
TSG_PE,D,20190823,000000,17.1,17.1,16.4,16.4,0,0
TSG_PE,D,20190826,000000,17.1,17.1,17.1,17.1,0,0
TSG_PE,D,20190827,000000,17.1,17.1,16.3,17.1,0,0
TSG_PE,D,20190828,000000,17.1,17.1,17.1,17.1,0,0
TSG_PE,D,20190829,000000,17.1,17.1,16.4,17.1,0,0
TSG_PE,D,20190830,000000,17.1,17.1,8.3,8.3,0,0
TSG_PE,D,20190902,000000,8.3,8.3,8.3,8.3,0,0
TSG_PE,D,20190903,000000,8.3,8.4,8.3,8.4,0,0
TSG_PE,D,20190904,000000,8.4,8.4,8.4,8.4,0,0
TSG_PE,D,20190905,000000,8.4,8.4,8.4,8.4,0,0
TSG_PE,D,20190906,000000,8.3,8.3,7.5,8.3,0,0
TSG_PE,D,20190909,000000,8,8.3,8,8,0,0
TSG_PE,D,20190910,000000,7.9,7.9,7.9,7.9,0,0
TSG_PE,D,20190911,000000,7.9,7.9,7.9,7.9,0,0
TSG_PE,D,20190912,000000,7.9,7.9,7.9,7.9,0,0
TSG_PE,D,20190913,000000,7.9,7.9,7.8,7.8,0,0
TSG_PE,D,20190916,000000,7.9,7.9,7.9,7.9,0,0
TSG_PE,D,20190917,000000,7.8,7.8,7.8,7.8,0,0
TSG_PE,D,20190918,000000,7.9,7.9,7.9,7.9,0,0
TSG_PE,D,20190919,000000,7.9,7.9,7.9,7.9,0,0
TSG_PE,D,20190920,000000,7.9,7.9,7.8,7.9,0,0
TSG_PE,D,20190923,000000,8,8,7.9,7.9,0,0
TSG_PE,D,20190924,000000,7.9,7.9,7.6,7.7,0,0
TSG_PE,D,20190925,000000,7.9,7.9,7.6,7.9,0,0
TSG_PE,D,20190926,000000,7.9,7.9,7.9,7.9,0,0
TSG_PE,D,20190927,000000,7.9,8,7.8,8,0,0
TSG_PE,D,20190930,000000,8,8,7.9,7.9,0,0
TSG_PE,D,20191001,000000,7.9,7.9,7.9,7.9,0,0
TSG_PE,D,20191002,000000,7.9,7.9,7.9,7.9,0,0
TSG_PE,D,20191003,000000,7.9,7.9,7.9,7.9,0,0
TSG_PE,D,20191004,000000,7.9,7.9,7.9,7.9,0,0
TSG_PE,D,20191007,000000,7.9,7.9,7.9,7.9,0,0
TSG_PE,D,20191008,000000,7.9,7.9,7.9,7.9,0,0
TSG_PE,D,20191009,000000,7.9,7.9,7.9,7.9,0,0
TSG_PE,D,20191010,000000,7.9,7.9,7.9,7.9,0,0
TSG_PE,D,20191011,000000,7.9,7.9,7.9,7.9,0,0
TSG_PE,D,20191014,000000,7.9,8.3,7.9,8.3,0,0
TSG_PE,D,20191015,000000,8.1,8.3,8.1,8.1,0,0
TSG_PE,D,20191016,000000,8.1,8.1,8.1,8.1,0,0
TSG_PE,D,20191017,000000,8.1,8.1,8.1,8.1,0,0
TSG_PE,D,20191018,000000,8.1,8.1,8,8.1,0,0
TSG_PE,D,20191021,000000,8,8.4,8,8.4,0,0
TSG_PE,D,20191022,000000,8.4,9.2,8.4,9.1,0,0
TSG_PE,D,20191023,000000,9.1,9.4,9,9.4,0,0
TSG_PE,D,20191024,000000,9.4,9.4,9.4,9.4,0,0
TSG_PE,D,20191025,000000,9.4,9.4,9.3,9.4,0,0
TSG_PE,D,20191028,000000,9.4,9.4,9.4,9.4,0,0
TSG_PE,D,20191029,000000,9.4,9.4,9.4,9.4,0,0
TSG_PE,D,20191030,000000,9.4,9.4,9.4,9.4,0,0
TSG_PE,D,20191031,000000,9.4,9.5,9.4,9.5,0,0
TSG_PE,D,20191104,000000,9.6,9.7,9.6,9.7,0,0
TSG_PE,D,20191105,000000,9.6,10.2,9.6,10.1,0,0
TSG_PE,D,20191106,000000,10.1,10.4,9.9,10,0,0
TSG_PE,D,20191107,000000,10,10,9.4,9.7,0,0
TSG_PE,D,20191108,000000,9.7,10,9.4,9.6,0,0
TSG_PE,D,20191112,000000,9.6,10,9.6,10,0,0
TSG_PE,D,20191113,000000,10.3,10.3,10.3,10.3,0,0
TSG_PE,D,20191114,000000,10.3,10.3,10.3,10.3,0,0
TSG_PE,D,20191115,000000,10.7,10.9,10.3,10.3,0,0
TSG_PE,D,20191118,000000,10.3,10.6,10.3,10.6,0,0
TSG_PE,D,20191119,000000,10.5,10.5,10.5,10.5,0,0
TSG_PE,D,20191120,000000,10.5,10.5,9.9,10.4,0,0
TSG_PE,D,20191121,000000,10.4,10.4,9.9,10.1,0,0
TSG_PE,D,20191122,000000,10.5,10.5,9.6,9.6,0,0
TSG_PE,D,20191125,000000,10.4,10.5,9.5,10.5,0,0
TSG_PE,D,20191126,000000,10.5,10.5,9.8,9.8,0,0
TSG_PE,D,20191127,000000,10.4,10.4,10,10,0,0
TSG_PE,D,20191128,000000,10,10,10,10,0,0
TSG_PE,D,20191129,000000,10,10,10,10,0,0
TSG_PE,D,20191202,000000,10,10.1,10,10,0,0
TSG_PE,D,20191203,000000,10,10,9.8,10,0,0
TSG_PE,D,20191204,000000,10.1,10.1,10.1,10.1,0,0
TSG_PE,D,20191205,000000,9.7,9.8,9.7,9.8,0,0
TSG_PE,D,20191206,000000,9.9,10.1,9.6,10.1,0,0
TSG_PE,D,20191209,000000,10.1,10.1,9.4,9.6,0,0
TSG_PE,D,20191210,000000,10,10.1,10,10.1,0,0
TSG_PE,D,20191211,000000,9.9,9.9,9.3,9.8,0,0
TSG_PE,D,20191212,000000,9.8,9.8,9.8,9.8,0,0
TSG_PE,D,20191213,000000,9.8,9.8,9.4,9.8,0,0
TSG_PE,D,20191216,000000,9.8,9.8,9.1,9.8,0,0
TSG_PE,D,20191217,000000,9.8,9.8,9.2,9.3,0,0
TSG_PE,D,20191218,000000,9.9,9.9,9.1,9.3,0,0
TSG_PE,D,20191219,000000,8.9,9.3,8.3,9.1,0,0
TSG_PE,D,20191220,000000,8.5,9,8.5,8.8,0,0
TSG_PE,D,20191223,000000,9,9,8.8,9,0,0
TSG_PE,D,20191227,000000,9,9,9,9,0,0
TSG_PE,D,20191230,000000,9,9,8.9,9,0,0
TSG_PE,D,20200102,000000,9,9,9,9,0,0
TSG_PE,D,20200103,000000,9.1,9.1,9.1,9.1,0,0
TSG_PE,D,20200107,000000,9.1,9.7,9.1,9.6,0,0
TSG_PE,D,20200108,000000,9.5,9.5,9,9.2,0,0
TSG_PE,D,20200109,000000,9.2,9.2,9,9,0,0
TSG_PE,D,20200110,000000,8.9,9.2,8.9,9.2,0,0
TSG_PE,D,20200113,000000,9.3,9.4,9.2,9.3,0,0
TSG_PE,D,20200114,000000,9.4,10.1,9.1,9.7,0,0
TSG_PE,D,20200115,000000,9.9,13.3,9.9,13.3,0,0
TSG_PE,D,20200116,000000,15.8,16.5,15.4,15.5,0,0
TSG_PE,D,20200117,000000,15.8,15.8,13.8,14.3,0,0
TSG_PE,D,20200120,000000,14.4,18.3,14.4,18.2,0,0
TSG_PE,D,20200121,000000,18.8,19.1,16.8,17.9,0,0
TSG_PE,D,20200122,000000,17.3,17.9,16.5,17.9,0,0
TSG_PE,D,20200123,000000,17.7,18.2,16.2,16.4,0,0
TSG_PE,D,20200124,000000,16.6,16.7,14.9,15.6,0,0
TSG_PE,D,20200127,000000,14.9,15.3,13.9,14,0,0
TSG_PE,D,20200128,000000,14,14.9,13.8,14.6,0,0
TSG_PE,D,20200129,000000,14.5,15,14.4,14.8,0,0
TSG_PE,D,20200130,000000,14.7,14.8,13.9,14,0,0
TSG_PE,D,20200131,000000,13.9,17.6,13.6,16.4,0,0
TSG_PE,D,20200203,000000,17,17,15.9,16.2,0,0
TSG_PE,D,20200204,000000,16,17.6,15.6,16.7,0,0
TSG_PE,D,20200205,000000,16.4,17.2,16.2,17.2,0,0
TSG_PE,D,20200206,000000,17,17.2,16.2,16.2,0,0
TSG_PE,D,20200207,000000,16.2,16.2,15.4,15.6,0,0
TSG_PE,D,20200210,000000,15.6,16.1,15,15.2,0,0
TSG_PE,D,20200211,000000,15.4,15.9,15.3,15.5,0,0
TSG_PE,D,20200212,000000,15.4,16.6,15.4,16.1,0,0
TSG_PE,D,20200213,000000,16.4,17.3,15.4,16.7,0,0
TSG_PE,D,20200214,000000,16.9,16.9,15.8,16.4,0,0
TSG_PE,D,20200217,000000,16.2,17.5,16.2,17.5,0,0
TSG_PE,D,20200218,000000,17.5,17.5,16.3,16.5,0,0
TSG_PE,D,20200219,000000,16.8,17.1,16.3,16.9,0,0
TSG_PE,D,20200220,000000,17.2,17.2,16.3,16.4,0,0
TSG_PE,D,20200221,000000,16.7,21,16.6,21,0,0
TSG_PE,D,20200224,000000,20.2,20.2,17.8,17.9,0,0
TSG_PE,D,20200225,000000,17.9,17.9,15.7,16.5,0,0
TSG_PE,D,20200226,000000,16.5,17.9,15.4,17.5,0,0
TSG_PE,D,20200227,000000,17.7,18.3,15.6,15.6,0,0
TSG_PE,D,20200228,000000,14.2,15.9,13.5,15.1,0,0
TSG_PE,D,20200302,000000,15.7,16.3,14.9,15.6,0,0
TSG_PE,D,20200303,000000,16.4,17,16.1,16.7,0,0
TSG_PE,D,20200304,000000,16.4,16.5,15.8,16.4,0,0
TSG_PE,D,20200305,000000,16.7,16.9,15.6,15.6,0,0
TSG_PE,D,20200306,000000,15.8,16.2,15.1,15.8,0,0
TSG_PE,D,20200309,000000,13.7,15.2,13.7,14.2,0,0
TSG_PE,D,20200310,000000,14.3,14.8,13.9,13.9,0,0
TSG_PE,D,20200311,000000,14.1,14.1,11.9,12.1,0,0
TSG_PE,D,20200312,000000,10.9,11.1,9.9,9.9,0,0
TSG_PE,D,20200313,000000,9.5,11.6,9.5,10.3,0,0
TSG_PE,D,20200316,000000,9.8,11.2,9.3,11,0,0
TSG_PE,D,20200317,000000,11.4,12.6,11.1,12.6,0,0
TSG_PE,D,20200318,000000,13.5,13.5,11,11.6,0,0
TSG_PE,D,20200319,000000,11.6,13,11.6,12.9,0,0
TSG_PE,D,20200320,000000,13,13.8,12.1,12.2,0,0
TSG_PE,D,20200323,000000,11.3,11.9,11.3,11.4,0,0
TSG_PE,D,20200324,000000,11.8,12.9,11.5,12.9,0,0
TSG_PE,D,20200325,000000,13.6,13.6,12.5,12.9,0,0
TSG_PE,D,20200326,000000,13.3,14.8,12.8,14.2,0,0
TSG_PE,D,20200327,000000,14.4,14.5,13.6,14.1,0,0
TSG_PE,D,20200330,000000,13,14.1,12.2,13.2,0,0
TSG_PE,D,20200331,000000,13.1,14.1,12.4,12.9,0,0
TSG_PE,D,20200401,000000,12.9,13.4,12.5,13,0,0
TSG_PE,D,20200402,000000,12.6,12.8,11.9,12.2,0,0
TSG_PE,D,20200403,000000,12.5,12.5,11.6,12,0,0
TSG_PE,D,20200406,000000,11.6,12.3,11.3,11.6,0,0
TSG_PE,D,20200407,000000,12.1,12.2,11.7,11.7,0,0
TSG_PE,D,20200408,000000,12.1,12.1,11.3,11.7,0,0
TSG_PE,D,20200409,000000,11.7,11.9,11.3,11.7,0,0
TSG_PE,D,20200414,000000,11.6,12.1,11.6,11.9,0,0
TSG_PE,D,20200415,000000,11.9,11.9,11.3,11.7,0,0
TSG_PE,D,20200416,000000,11.6,11.9,11.4,11.9,0,0
TSG_PE,D,20200417,000000,11.8,12.6,11.8,11.8,0,0
TSG_PE,D,20200420,000000,12,12.9,12,12.7,0,0
TSG_PE,D,20200421,000000,12.8,12.9,11.8,12.4,0,0
TSG_PE,D,20200422,000000,12,12.6,12,12.5,0,0
TSG_PE,D,20200423,000000,12.2,12.6,12.2,12.6,0,0
TSG_PE,D,20200424,000000,12.6,12.6,12,12,0,0
TSG_PE,D,20200427,000000,12,12.3,11.9,12.2,0,0
TSG_PE,D,20200428,000000,12.2,12.2,11.6,11.9,0,0
TSG_PE,D,20200429,000000,11.9,12.1,11.6,12,0,0
TSG_PE,D,20200430,000000,12,12.3,11.9,12.2,0,0
TSG_PE,D,20200504,000000,12.6,16,12.6,16,0,0
TSG_PE,D,20200505,000000,16.9,18,16.2,16.8,0,0
TSG_PE,D,20200506,000000,16,16.2,15.3,15.3,0,0
TSG_PE,D,20200507,000000,16.2,16.5,15.2,16.5,0,0
TSG_PE,D,20200508,000000,16.7,17,16,16.5,0,0
TSG_PE,D,20200511,000000,16.5,17.1,15.7,16,0,0
TSG_PE,D,20200512,000000,16.3,16.3,15.4,15.7,0,0
TSG_PE,D,20200513,000000,15.7,15.7,14.8,15.4,0,0
TSG_PE,D,20200514,000000,15.6,15.6,13.5,14.4,0,0
TSG_PE,D,20200515,000000,14.6,15.3,14.1,14.6,0,0
TSG_PE,D,20200518,000000,14.8,14.9,14.3,14.9,0,0
TSG_PE,D,20200519,000000,15.8,16.6,15.5,16,0,0
TSG_PE,D,20200520,000000,16,16.2,15.4,16.2,0,0
TSG_PE,D,20200521,000000,16.2,16.4,15.7,16.3,0,0
TSG_PE,D,20200522,000000,16.1,16.1,10.6,10.6,0,0
TSG_PE,D,20200525,000000,10.3,10.6,10.3,10.5,0,0
TSG_PE,D,20200526,000000,10.5,11.1,10.5,10.7,0,0
TSG_PE,D,20200527,000000,10.5,10.7,10.3,10.3,0,0
TSG_PE,D,20200528,000000,10.3,10.6,10.2,10.5,0,0
TSG_PE,D,20200529,000000,10.3,10.4,10.2,10.3,0,0
TSG_PE,D,20200601,000000,10.7,10.7,10.3,10.3,0,0
TSG_PE,D,20200602,000000,10.3,10.6,10.3,10.5,0,0
TSG_PE,D,20200603,000000,10.4,11.3,10.4,11.1,0,0
TSG_PE,D,20200604,000000,11.1,11.5,11,11.1,0,0
TSG_PE,D,20200605,000000,10.9,11.2,10.9,11.2,0,0
TSG_PE,D,20200608,000000,11.2,11.2,10.5,10.9,0,0
TSG_PE,D,20200609,000000,10.9,10.9,10.6,10.6,0,0
TSG_PE,D,20200610,000000,10.7,10.7,10.5,10.7,0,0
TSG_PE,D,20200612,000000,10.3,10.6,10.3,10.6,0,0
TSG_PE,D,20200615,000000,10.6,10.9,10.3,10.9,0,0
TSG_PE,D,20200616,000000,11,11.3,10.8,10.9,0,0
TSG_PE,D,20200617,000000,11.2,11.2,10.9,11,0,0
TSG_PE,D,20200618,000000,10.9,11.2,10.8,11,0,0
TSG_PE,D,20200619,000000,11.1,11.1,10.8,10.9,0,0
TSG_PE,D,20200622,000000,11,11.1,10.7,11,0,0
TSG_PE,D,20200623,000000,11,12.2,10.9,11.7,0,0
TSG_PE,D,20200624,000000,11.9,12,10.8,11,0,0
TSG_PE,D,20200625,000000,10.8,10.8,10.4,10.6,0,0
TSG_PE,D,20200626,000000,10.7,10.8,10.3,10.3,0,0
TSG_PE,D,20200629,000000,10.4,10.8,10.4,10.8,0,0
TSG_PE,D,20200630,000000,10.9,10.9,10.1,10.4,0,0
TSG_PE,D,20200701,000000,10.5,10.5,10.1,10.5,0,0
TSG_PE,D,20200702,000000,10.5,10.8,10.5,10.7,0,0
TSG_PE,D,20200703,000000,10.7,11,10.4,10.7,0,0
TSG_PE,D,20200706,000000,10.7,11.7,10.6,11.4,0,0
TSG_PE,D,20200707,000000,11.4,13.5,11.3,13.1,0,0
TSG_PE,D,20200708,000000,13.4,15,13.4,15,0,0
TSG_PE,D,20200709,000000,16,16,14,14,0,0
TSG_PE,D,20200710,000000,13.9,13.9,13.3,13.5,0,0
TSG_PE,D,20200713,000000,13.4,13.8,13,13.3,0,0
TSG_PE,D,20200714,000000,13.2,13.2,12.4,12.6,0,0
TSG_PE,D,20200715,000000,12.8,13.6,11.7,12,0,0
TSG_PE,D,20200716,000000,12,12.4,11.9,12.3,0,0
TSG_PE,D,20200717,000000,12.3,12.4,11.6,11.8,0,0
TSG_PE,D,20200720,000000,11.3,11.5,10.6,11.4,0,0
TSG_PE,D,20200721,000000,11.5,11.5,10.9,11.3,0,0
TSG_PE,D,20200722,000000,11.6,12.8,11.2,12.8,0,0
TSG_PE,D,20200723,000000,13.2,13.8,12.5,12.8,0,0
TSG_PE,D,20200724,000000,12.9,12.9,12.2,12.4,0,0
TSG_PE,D,20200727,000000,12.5,13.3,12.4,12.9,0,0
TSG_PE,D,20200728,000000,13.2,13.6,12.9,13.3,0,0
TSG_PE,D,20200729,000000,13.4,13.4,12.5,12.7,0,0
TSG_PE,D,20200730,000000,12.7,12.7,10.9,11.1,0,0
TSG_PE,D,20200731,000000,11.3,11.7,11.1,11.6,0,0
TSG_PE,D,20200803,000000,12,12.2,11.7,12.2,0,0
TSG_PE,D,20200804,000000,12.3,12.4,11.8,11.8,0,0
TSG_PE,D,20200805,000000,12,12.2,11.8,11.8,0,0
TSG_PE,D,20200806,000000,12.1,12.2,11.3,11.4,0,0
TSG_PE,D,20200807,000000,11.4,11.5,10.9,11.4,0,0
TSG_PE,D,20200810,000000,11.4,13.2,11.4,13,0,0
TSG_PE,D,20200811,000000,13,13,12,12.2,0,0
TSG_PE,D,20200812,000000,12.7,12.7,11.9,11.9,0,0
TSG_PE,D,20200813,000000,12,12.4,12,12.4,0,0
TSG_PE,D,20200814,000000,12.4,12.4,12,12.4,0,0
TSG_PE,D,20200817,000000,12.5,12.5,12.2,12.2,0,0
TSG_PE,D,20200818,000000,12.1,12.4,11.8,11.8,0,0
TSG_PE,D,20200819,000000,12,12.2,11.8,11.8,0,0
TSG_PE,D,20200820,000000,12,12.1,11.7,11.8,0,0
TSG_PE,D,20200821,000000,12.4,12.4,12,12,0,0
