<TICKER>,<PER>,<DATE>,<TIME>,<OPEN>,<HIGH>,<LOW>,<CLOSE>,<VOL>,<OPENINT>
UNT_PE,D,20120926,000000,13.796,13.796,13.796,13.796,0,0
UNT_PE,D,20120927,000000,13.796,13.796,13.059,13.059,0,0
UNT_PE,D,20121008,000000,13.059,13.059,13.059,13.059,0,0
UNT_PE,D,20121009,000000,13.427,13.427,13.427,13.427,0,0
UNT_PE,D,20121010,000000,13.059,13.059,12.542,12.542,0,0
UNT_PE,D,20121011,000000,12.616,12.616,12.173,12.173,0,0
UNT_PE,D,20121012,000000,12.763,15.273,12.763,15.052,0,0
UNT_PE,D,20121015,000000,15.052,15.052,12.248,12.321,0,0
UNT_PE,D,20121016,000000,12.321,12.321,10.551,10.551,0,0
UNT_PE,D,20121017,000000,10.551,10.994,10.551,10.699,0,0
UNT_PE,D,20121018,000000,10.551,10.772,10.551,10.772,0,0
UNT_PE,D,20121019,000000,10.845,11.066,10.551,10.551,0,0
UNT_PE,D,20121022,000000,10.551,10.994,10.551,10.994,0,0
UNT_PE,D,20121023,000000,11.213,13.65,11.213,13.65,0,0
UNT_PE,D,20121024,000000,13.65,13.65,12.248,13.059,0,0
UNT_PE,D,20121025,000000,13.28,13.28,13.28,13.28,0,0
UNT_PE,D,20121029,000000,13.059,13.059,12.616,12.837,0,0
UNT_PE,D,20121030,000000,13.354,13.65,13.354,13.65,0,0
UNT_PE,D,20121031,000000,13.723,14.239,13.723,14.239,0,0
UNT_PE,D,20121105,000000,14.165,14.165,14.165,14.165,0,0
UNT_PE,D,20121106,000000,14.165,14.165,14.165,14.165,0,0
UNT_PE,D,20121107,000000,14.165,14.165,13.28,13.28,0,0
UNT_PE,D,20121108,000000,13.502,13.502,11.435,12.616,0,0
UNT_PE,D,20121109,000000,12.616,12.616,12.616,12.616,0,0
UNT_PE,D,20121112,000000,12.837,14.165,12.837,14.165,0,0
UNT_PE,D,20121113,000000,14.165,14.165,12.616,12.616,0,0
UNT_PE,D,20121114,000000,12.837,14.165,12.837,14.165,0,0
UNT_PE,D,20121115,000000,14.165,14.239,14.165,14.239,0,0
UNT_PE,D,20121116,000000,14.314,14.314,12.616,12.837,0,0
UNT_PE,D,20121119,000000,12.616,12.616,12.395,12.395,0,0
UNT_PE,D,20121120,000000,12.173,14.314,11.731,14.314,0,0
UNT_PE,D,20121122,000000,14.239,14.314,14.239,14.314,0,0
UNT_PE,D,20121123,000000,14.314,14.314,13.28,13.28,0,0
UNT_PE,D,20121130,000000,13.059,13.059,12.616,12.616,0,0
UNT_PE,D,20121203,000000,12.691,12.691,12.691,12.691,0,0
UNT_PE,D,20121206,000000,12.691,12.691,12.469,12.469,0,0
UNT_PE,D,20121207,000000,12.616,12.616,12.616,12.616,0,0
UNT_PE,D,20121210,000000,12.616,12.616,12.469,12.469,0,0
UNT_PE,D,20121214,000000,4.7956,4.7956,4.7956,4.7956,0,0
UNT_PE,D,20121221,000000,4.7956,5.0908,4.7956,5.0908,0,0
UNT_PE,D,20121227,000000,5.1646,5.2383,5.1646,5.1646,0,0
UNT_PE,D,20121228,000000,5.1646,5.2383,5.1646,5.2383,0,0
UNT_PE,D,20130107,000000,5.1646,5.1646,4.7956,5.017,0,0
UNT_PE,D,20130108,000000,5.1646,5.5334,5.1646,5.5334,0,0
UNT_PE,D,20130109,000000,5.5334,5.5334,5.5334,5.5334,0,0
UNT_PE,D,20130110,000000,5.5334,5.5334,5.5334,5.5334,0,0
UNT_PE,D,20130111,000000,5.5334,5.5334,5.3121,5.3121,0,0
UNT_PE,D,20130114,000000,5.4596,5.5334,5.4596,5.5334,0,0
UNT_PE,D,20130115,000000,5.5334,5.5334,5.5334,5.5334,0,0
UNT_PE,D,20130117,000000,5.5334,5.5334,5.5334,5.5334,0,0
UNT_PE,D,20130118,000000,5.2383,5.2383,5.2383,5.2383,0,0
UNT_PE,D,20130123,000000,5.2383,5.2383,5.2383,5.2383,0,0
UNT_PE,D,20130124,000000,5.2383,5.2383,5.2383,5.2383,0,0
UNT_PE,D,20130125,000000,5.2383,5.2383,5.2383,5.2383,0,0
UNT_PE,D,20130129,000000,5.4596,5.5334,5.4596,5.5334,0,0
UNT_PE,D,20130130,000000,5.5334,5.5334,5.5334,5.5334,0,0
UNT_PE,D,20130131,000000,5.5334,5.5334,5.5334,5.5334,0,0
UNT_PE,D,20130201,000000,5.5334,5.5334,5.5334,5.5334,0,0
UNT_PE,D,20130204,000000,5.5334,5.5334,5.5334,5.5334,0,0
UNT_PE,D,20130205,000000,5.5334,5.5334,5.0908,5.0908,0,0
UNT_PE,D,20130206,000000,5.1646,5.1646,5.1646,5.1646,0,0
UNT_PE,D,20130207,000000,5.017,5.017,4.7219,4.7219,0,0
UNT_PE,D,20130208,000000,4.7219,4.8695,4.7219,4.8695,0,0
UNT_PE,D,20130211,000000,4.8695,5.2383,4.8695,5.2383,0,0
UNT_PE,D,20130214,000000,5.3121,5.3121,5.3121,5.3121,0,0
UNT_PE,D,20130215,000000,5.3121,5.3121,5.3121,5.3121,0,0
UNT_PE,D,20130218,000000,5.3121,5.3121,5.3121,5.3121,0,0
UNT_PE,D,20130219,000000,5.3121,5.3121,4.9432,5.3121,0,0
UNT_PE,D,20130220,000000,4.9432,5.3121,4.7956,5.3121,0,0
UNT_PE,D,20130221,000000,5.1646,5.1646,4.9432,4.9432,0,0
UNT_PE,D,20130225,000000,4.7956,4.7956,4.5742,4.5742,0,0
UNT_PE,D,20130226,000000,4.5742,4.5742,3.9102,3.9102,0,0
UNT_PE,D,20130227,000000,3.9102,3.9102,3.2462,3.4677,0,0
UNT_PE,D,20130228,000000,3.3939,3.3939,3.3201,3.3939,0,0
UNT_PE,D,20130301,000000,3.3201,3.3201,2.8774,3.2462,0,0
UNT_PE,D,20130305,000000,3.025,3.025,2.951,2.951,0,0
UNT_PE,D,20130306,000000,3.025,3.0987,3.025,3.0987,0,0
UNT_PE,D,20130307,000000,3.025,3.025,2.951,2.951,0,0
UNT_PE,D,20130308,000000,2.951,2.951,2.6559,2.951,0,0
UNT_PE,D,20130311,000000,3.025,3.0987,2.951,3.0987,0,0
UNT_PE,D,20130312,000000,3.3201,3.5415,3.0987,3.0987,0,0
UNT_PE,D,20130313,000000,3.0987,3.0987,3.0987,3.0987,0,0
UNT_PE,D,20130314,000000,2.951,2.951,2.951,2.951,0,0
UNT_PE,D,20130315,000000,2.951,3.6889,2.951,3.6889,0,0
UNT_PE,D,20130318,000000,3.7627,3.7627,3.025,3.7627,0,0
UNT_PE,D,20130319,000000,3.7627,3.7627,3.7627,3.7627,0,0
UNT_PE,D,20130320,000000,3.7627,3.7627,3.7627,3.7627,0,0
UNT_PE,D,20130321,000000,3.7627,3.7627,3.0987,3.0987,0,0
UNT_PE,D,20130322,000000,2.951,3.5415,2.951,3.5415,0,0
UNT_PE,D,20130326,000000,3.3939,3.3939,2.951,2.951,0,0
UNT_PE,D,20130327,000000,2.951,3.5415,2.951,3.5415,0,0
UNT_PE,D,20130328,000000,3.7627,3.7627,3.7627,3.7627,0,0
UNT_PE,D,20130402,000000,3.7627,3.7627,3.7627,3.7627,0,0
UNT_PE,D,20130403,000000,3.7627,3.7627,3.3939,3.3939,0,0
UNT_PE,D,20130404,000000,3.3939,3.3939,3.3939,3.3939,0,0
UNT_PE,D,20130405,000000,3.3939,3.3939,3.0987,3.0987,0,0
UNT_PE,D,20130412,000000,3.0987,3.0987,2.8774,2.8774,0,0
UNT_PE,D,20130415,000000,2.8774,2.8774,2.8774,2.8774,0,0
UNT_PE,D,20130417,000000,2.8774,3.3939,2.8774,3.3939,0,0
UNT_PE,D,20130418,000000,3.3939,3.6152,3.3939,3.6152,0,0
UNT_PE,D,20130419,000000,3.5415,3.5415,3.5415,3.5415,0,0
UNT_PE,D,20130422,000000,3.4677,3.5415,3.3201,3.5415,0,0
UNT_PE,D,20130430,000000,3.4651,3.4651,3.095,3.2447,0,0
UNT_PE,D,20130506,000000,3.2462,3.2462,3.2462,3.2462,0,0
UNT_PE,D,20130507,000000,3.2462,3.2462,3.2462,3.2462,0,0
UNT_PE,D,20130514,000000,3.0987,3.3201,3.0987,3.3201,0,0
UNT_PE,D,20130524,000000,3.3939,3.4677,3.3939,3.4677,0,0
UNT_PE,D,20130527,000000,3.4677,3.4677,3.3201,3.3939,0,0
UNT_PE,D,20130528,000000,2.951,2.951,2.951,2.951,0,0
UNT_PE,D,20130603,000000,3.025,3.3939,3.025,3.3939,0,0
UNT_PE,D,20130604,000000,3.3943,3.3943,3.3943,3.3943,0,0
UNT_PE,D,20130605,000000,3.3943,3.3943,3.3943,3.3943,0,0
UNT_PE,D,20130606,000000,3.3943,5.1662,3.3943,5.1662,0,0
UNT_PE,D,20130607,000000,5.1646,5.1646,5.1646,5.1646,0,0
UNT_PE,D,20130610,000000,5.1646,5.1646,5.1646,5.1646,0,0
UNT_PE,D,20130611,000000,5.1646,5.1646,5.1646,5.1646,0,0
UNT_PE,D,20130612,000000,5.3121,5.3121,5.2383,5.2383,0,0
UNT_PE,D,20130613,000000,5.2383,5.8285,5.2383,5.8285,0,0
UNT_PE,D,20130614,000000,5.9762,6.0498,5.9762,6.0498,0,0
UNT_PE,D,20130620,000000,6.0498,6.0498,6.0498,6.0498,0,0
UNT_PE,D,20130624,000000,5.9024,5.9024,4.9432,4.9432,0,0
UNT_PE,D,20130625,000000,5.0165,5.0165,5.0165,5.0165,0,0
UNT_PE,D,20130626,000000,5.0165,5.0165,4.9458,4.9458,0,0
UNT_PE,D,20130627,000000,4.9458,5.237,4.9458,5.237,0,0
UNT_PE,D,20130628,000000,5.2383,6.2713,5.2383,6.2713,0,0
UNT_PE,D,20130701,000000,6.3474,7.45,5.8987,7.45,0,0
UNT_PE,D,20130702,000000,7.45,8.9307,6.127,7.45,0,0
UNT_PE,D,20130703,000000,7.45,8.9307,7.45,8.9307,0,0
UNT_PE,D,20130704,000000,8.2608,9.4422,8.2608,9.4422,0,0
UNT_PE,D,20130705,000000,9.222,9.4422,7.5287,9.3726,0,0
UNT_PE,D,20130708,000000,9.1505,9.1505,7.8908,9.0019,0,0
UNT_PE,D,20130709,000000,7.9699,9.0019,6.7176,9.0019,0,0
UNT_PE,D,20130710,000000,10.081,10.081,10.081,10.081,0,0
UNT_PE,D,20130711,000000,10.081,10.081,8.0335,8.0335,0,0
UNT_PE,D,20130712,000000,8.1904,8.1904,6.7728,7.0877,0,0
UNT_PE,D,20130715,000000,7.0877,7.0877,7.0877,7.0877,0,0
UNT_PE,D,20130716,000000,7.0877,7.0877,7.0877,7.0877,0,0
UNT_PE,D,20130717,000000,7.5603,7.5603,7.5603,7.5603,0,0
UNT_PE,D,20130718,000000,7.7971,9.3726,7.0877,9.1353,0,0
UNT_PE,D,20130719,000000,9.529,10.002,8.1107,8.1107,0,0
UNT_PE,D,20130722,000000,7.8752,9.1353,7.5603,9.1353,0,0
UNT_PE,D,20130723,000000,9.1353,10.081,7.7971,9.685,0,0
UNT_PE,D,20130724,000000,9.685,10.002,9.685,10.002,0,0
UNT_PE,D,20130725,000000,10.081,10.081,8.1107,9.766,0,0
UNT_PE,D,20130726,000000,9.923,10.002,9.923,10.002,0,0
UNT_PE,D,20130729,000000,10.002,10.081,10.002,10.002,0,0
UNT_PE,D,20130730,000000,10.002,10.002,10.002,10.002,0,0
UNT_PE,D,20130731,000000,9.923,9.923,8.0335,8.3482,0,0
UNT_PE,D,20130801,000000,8.3482,9.529,8.3482,8.427,0,0
UNT_PE,D,20130802,000000,8.427,8.427,7.7177,7.7177,0,0
UNT_PE,D,20130805,000000,8.2693,8.2693,7.9543,7.9543,0,0
UNT_PE,D,20130806,000000,7.9543,9.529,7.8752,9.529,0,0
UNT_PE,D,20130807,000000,9.529,9.685,9.2926,9.2926,0,0
UNT_PE,D,20130808,000000,9.3726,9.3726,9.2926,9.2926,0,0
UNT_PE,D,20130809,000000,9.3726,9.3726,9.3726,9.3726,0,0
UNT_PE,D,20130812,000000,9.3726,9.3726,7.9543,8.9773,0,0
UNT_PE,D,20130813,000000,8.6628,8.8205,7.4814,8.8205,0,0
UNT_PE,D,20130814,000000,9.2144,11.577,9.2144,11.577,0,0
UNT_PE,D,20130816,000000,11.497,15.12,11.497,15.12,0,0
UNT_PE,D,20130819,000000,18.113,18.113,15.987,17.09,0,0
UNT_PE,D,20130820,000000,15.987,17.09,13.546,15.12,0,0
UNT_PE,D,20130821,000000,17.168,17.168,16.222,16.222,0,0
UNT_PE,D,20130822,000000,16.38,16.38,14.884,15.987,0,0
UNT_PE,D,20130823,000000,16.144,16.144,16.144,16.144,0,0
UNT_PE,D,20130826,000000,16.38,16.38,13.467,16.38,0,0
UNT_PE,D,20130827,000000,16.38,16.38,15.908,16.38,0,0
UNT_PE,D,20130828,000000,16.38,16.38,16.38,16.38,0,0
UNT_PE,D,20130829,000000,16.38,16.38,16.38,16.38,0,0
UNT_PE,D,20130830,000000,15.514,15.908,15.12,15.829,0,0
UNT_PE,D,20130902,000000,16.302,16.302,15.357,15.357,0,0
UNT_PE,D,20130903,000000,15.357,15.357,12.286,15.198,0,0
UNT_PE,D,20130904,000000,12.286,12.365,12.286,12.365,0,0
UNT_PE,D,20130905,000000,13.152,14.805,13.152,14.805,0,0
UNT_PE,D,20130906,000000,14.884,14.884,14.884,14.884,0,0
UNT_PE,D,20130909,000000,14.884,14.884,14.884,14.884,0,0
UNT_PE,D,20130910,000000,14.884,14.884,14.805,14.805,0,0
UNT_PE,D,20130911,000000,14.805,14.805,14.805,14.805,0,0
UNT_PE,D,20130912,000000,14.805,14.805,14.333,14.805,0,0
UNT_PE,D,20130913,000000,14.728,14.728,7.9543,7.9543,0,0
UNT_PE,D,20130916,000000,7.9543,7.9543,6.7728,7.5603,0,0
UNT_PE,D,20130917,000000,7.4814,7.6392,7.4814,7.6392,0,0
UNT_PE,D,20130918,000000,7.6392,8.2693,7.6392,8.2693,0,0
UNT_PE,D,20130919,000000,7.7971,7.8752,7.7971,7.8752,0,0
UNT_PE,D,20130920,000000,7.8752,8.3482,7.8752,8.2693,0,0
UNT_PE,D,20130924,000000,7.7971,7.9543,6.3002,7.9543,0,0
UNT_PE,D,20130925,000000,7.4028,7.8752,7.1665,7.8752,0,0
UNT_PE,D,20130926,000000,7.1665,7.8752,7.1665,7.8752,0,0
UNT_PE,D,20130927,000000,7.8752,7.8752,7.8752,7.8752,0,0
UNT_PE,D,20131001,000000,7.8752,7.8752,7.7177,7.7177,0,0
UNT_PE,D,20131002,000000,7.8752,7.8752,7.8752,7.8752,0,0
UNT_PE,D,20131008,000000,7.7177,7.7177,7.7177,7.7177,0,0
UNT_PE,D,20131009,000000,7.7177,7.7177,7.7177,7.7177,0,0
UNT_PE,D,20131010,000000,7.7177,7.7177,7.7177,7.7177,0,0
UNT_PE,D,20131011,000000,7.7177,7.7177,7.6392,7.7177,0,0
UNT_PE,D,20131014,000000,7.7971,7.7971,7.7177,7.7177,0,0
UNT_PE,D,20131015,000000,7.7177,7.7177,7.7177,7.7177,0,0
UNT_PE,D,20131016,000000,7.7177,7.7177,6.7728,7.7177,0,0
UNT_PE,D,20131017,000000,7.7177,7.7177,7.7177,7.7177,0,0
UNT_PE,D,20131018,000000,7.7177,7.7177,7.7177,7.7177,0,0
UNT_PE,D,20131021,000000,7.7177,7.7177,7.7177,7.7177,0,0
UNT_PE,D,20131022,000000,7.7177,7.7177,7.7177,7.7177,0,0
UNT_PE,D,20131023,000000,7.7177,7.7177,7.7177,7.7177,0,0
UNT_PE,D,20131024,000000,7.7177,7.7177,7.7177,7.7177,0,0
UNT_PE,D,20131025,000000,7.7177,7.7177,7.7177,7.7177,0,0
UNT_PE,D,20131028,000000,7.6392,7.6392,7.6392,7.6392,0,0
UNT_PE,D,20131029,000000,7.6392,7.6392,7.6392,7.6392,0,0
UNT_PE,D,20131030,000000,7.6392,7.6392,7.6392,7.6392,0,0
UNT_PE,D,20131031,000000,7.6392,7.6392,7.6392,7.6392,0,0
UNT_PE,D,20131104,000000,7.6392,7.6392,7.6392,7.6392,0,0
UNT_PE,D,20131105,000000,7.6392,7.6392,7.6392,7.6392,0,0
UNT_PE,D,20131106,000000,7.6392,7.6392,7.6392,7.6392,0,0
UNT_PE,D,20131107,000000,7.6392,7.6392,7.6392,7.6392,0,0
UNT_PE,D,20131108,000000,7.6392,7.6392,7.5603,7.6392,0,0
UNT_PE,D,20131112,000000,7.6392,7.6392,7.6392,7.6392,0,0
UNT_PE,D,20131113,000000,7.6392,7.6392,7.6392,7.6392,0,0
UNT_PE,D,20131114,000000,7.6392,7.6392,6.7728,6.7728,0,0
UNT_PE,D,20131115,000000,6.7728,6.7728,6.2216,6.7728,0,0
UNT_PE,D,20131118,000000,6.7728,6.7728,6.1427,6.7728,0,0
UNT_PE,D,20131119,000000,6.7728,6.7728,5.5916,6.2216,0,0
UNT_PE,D,20131120,000000,6.2216,6.5365,6.2216,6.5365,0,0
UNT_PE,D,20131121,000000,6.6941,6.6941,6.5365,6.6941,0,0
UNT_PE,D,20131122,000000,6.6941,6.6941,6.6941,6.6941,0,0
UNT_PE,D,20131125,000000,6.6941,6.6941,6.2216,6.2216,0,0
UNT_PE,D,20131126,000000,6.1427,6.3791,6.1427,6.3002,0,0
UNT_PE,D,20131127,000000,6.0639,6.0639,5.7489,6.0639,0,0
UNT_PE,D,20131128,000000,5.9851,6.5365,5.9851,6.2216,0,0
UNT_PE,D,20131129,000000,6.4577,6.4577,6.3791,6.3791,0,0
UNT_PE,D,20131202,000000,6.3791,6.3791,5.9851,5.9851,0,0
UNT_PE,D,20131203,000000,6.1427,6.2216,6.1427,6.2216,0,0
UNT_PE,D,20131204,000000,6.2216,6.2216,6.2216,6.2216,0,0
UNT_PE,D,20131205,000000,6.2216,6.2216,6.1427,6.1427,0,0
UNT_PE,D,20131206,000000,6.2216,6.2216,6.2216,6.2216,0,0
UNT_PE,D,20131209,000000,6.2216,6.2216,6.2216,6.2216,0,0
UNT_PE,D,20131210,000000,6.2216,6.2216,6.2216,6.2216,0,0
UNT_PE,D,20131211,000000,6.2216,6.2216,6.1427,6.1427,0,0
UNT_PE,D,20131212,000000,6.2216,6.2216,6.1427,6.2216,0,0
UNT_PE,D,20131213,000000,6.2216,6.2216,5.9851,5.9851,0,0
UNT_PE,D,20131216,000000,6.2216,6.2216,6.2216,6.2216,0,0
UNT_PE,D,20131217,000000,6.2216,6.2216,6.1427,6.1427,0,0
UNT_PE,D,20131218,000000,6.2216,6.2216,6.2216,6.2216,0,0
UNT_PE,D,20131219,000000,6.2216,6.2216,6.2216,6.2216,0,0
UNT_PE,D,20131220,000000,6.2216,7.4814,5.8277,7.324,0,0
UNT_PE,D,20131223,000000,7.4028,7.6392,7.324,7.6392,0,0
UNT_PE,D,20131227,000000,7.6392,7.6392,7.6392,7.6392,0,0
UNT_PE,D,20131230,000000,7.6392,7.6392,7.6392,7.6392,0,0
UNT_PE,D,20140102,000000,8.1904,9.1353,8.1904,8.6628,0,0
UNT_PE,D,20140103,000000,8.7416,8.7416,8.7416,8.7416,0,0
UNT_PE,D,20140107,000000,8.7416,8.7416,8.7416,8.7416,0,0
UNT_PE,D,20140108,000000,8.7416,8.7416,8.1107,8.7416,0,0
UNT_PE,D,20140109,000000,8.7416,8.7416,8.427,8.6628,0,0
UNT_PE,D,20140110,000000,8.6628,8.6628,8.427,8.6628,0,0
UNT_PE,D,20140113,000000,8.5839,8.6628,8.5839,8.5839,0,0
UNT_PE,D,20140114,000000,8.7416,8.7416,8.427,8.6628,0,0
UNT_PE,D,20140115,000000,8.6628,8.6628,8.0335,8.1904,0,0
UNT_PE,D,20140116,000000,8.427,8.427,8.1107,8.1904,0,0
UNT_PE,D,20140117,000000,8.1904,8.3482,8.1904,8.3482,0,0
UNT_PE,D,20140120,000000,8.3482,8.3482,8.1904,8.1904,0,0
UNT_PE,D,20140121,000000,8.427,8.427,8.1904,8.1904,0,0
UNT_PE,D,20140122,000000,8.3482,8.3482,8.3482,8.3482,0,0
UNT_PE,D,20140123,000000,8.3482,8.3482,8.3482,8.3482,0,0
UNT_PE,D,20140124,000000,8.3482,8.3482,8.3482,8.3482,0,0
UNT_PE,D,20140127,000000,8.3482,8.3482,8.3482,8.3482,0,0
UNT_PE,D,20140128,000000,8.3482,8.3482,8.3482,8.3482,0,0
UNT_PE,D,20140129,000000,8.3482,8.3482,8.3482,8.3482,0,0
UNT_PE,D,20140130,000000,8.3482,8.3482,8.3482,8.3482,0,0
UNT_PE,D,20140131,000000,8.3482,17.956,8.3482,17.956,0,0
UNT_PE,D,20140203,000000,17.956,17.956,17.956,17.956,0,0
UNT_PE,D,20140204,000000,17.799,17.799,16.774,16.774,0,0
UNT_PE,D,20140205,000000,17.563,17.956,17.563,17.956,0,0
UNT_PE,D,20140206,000000,17.799,17.799,17.799,17.799,0,0
UNT_PE,D,20140207,000000,17.956,17.956,17.956,17.956,0,0
UNT_PE,D,20140210,000000,17.956,17.956,17.956,17.956,0,0
UNT_PE,D,20140211,000000,17.956,17.956,17.956,17.956,0,0
UNT_PE,D,20140212,000000,17.956,17.956,16.066,16.932,0,0
UNT_PE,D,20140213,000000,16.932,18.822,16.932,18.585,0,0
UNT_PE,D,20140214,000000,18.585,18.585,18.35,18.35,0,0
UNT_PE,D,20140217,000000,18.428,18.585,18.428,18.585,0,0
UNT_PE,D,20140218,000000,18.585,18.822,18.35,18.35,0,0
UNT_PE,D,20140219,000000,18.743,22.445,18.743,22.445,0,0
UNT_PE,D,20140220,000000,22.445,24.493,19.845,22.287,0,0
UNT_PE,D,20140221,000000,22.523,23.784,22.523,23.706,0,0
UNT_PE,D,20140224,000000,23.706,23.94,23.706,23.94,0,0
UNT_PE,D,20140225,000000,24.02,25.674,24.02,25.674,0,0
UNT_PE,D,20140226,000000,25.438,25.674,25.438,25.674,0,0
UNT_PE,D,20140227,000000,25.674,25.674,25.122,25.595,0,0
UNT_PE,D,20140228,000000,25.122,25.595,24.886,25.595,0,0
UNT_PE,D,20140303,000000,24.649,25.357,20.398,24.493,0,0
UNT_PE,D,20140304,000000,24.493,24.493,23.94,23.94,0,0
UNT_PE,D,20140305,000000,23.784,24.649,23.784,24.649,0,0
UNT_PE,D,20140306,000000,24.493,24.493,23.706,23.784,0,0
UNT_PE,D,20140307,000000,24.099,24.099,23.311,23.311,0,0
UNT_PE,D,20140310,000000,23.311,23.311,23.311,23.311,0,0
UNT_PE,D,20140311,000000,23.311,23.311,23.311,23.311,0,0
UNT_PE,D,20140312,000000,23.311,23.311,23.311,23.311,0,0
UNT_PE,D,20140313,000000,22.996,24.099,20.713,24.099,0,0
UNT_PE,D,20140314,000000,23.153,23.153,20.398,23.075,0,0
UNT_PE,D,20140318,000000,23.075,23.075,18.585,18.585,0,0
UNT_PE,D,20140319,000000,18.585,20.87,18.585,20.79,0,0
UNT_PE,D,20140320,000000,20.398,20.398,20.398,20.398,0,0
UNT_PE,D,20140321,000000,20.475,22.365,20.475,22.365,0,0
UNT_PE,D,20140325,000000,22.05,22.05,22.05,22.05,0,0
UNT_PE,D,20140327,000000,22.05,22.05,22.05,22.05,0,0
UNT_PE,D,20140328,000000,22.05,22.05,22.05,22.05,0,0
UNT_PE,D,20140401,000000,21.973,21.973,17.719,20.318,0,0
UNT_PE,D,20140402,000000,19.373,20.398,18.113,20.398,0,0
UNT_PE,D,20140403,000000,18.901,18.979,18.901,18.979,0,0
UNT_PE,D,20140404,000000,18.979,18.979,18.979,18.979,0,0
UNT_PE,D,20140407,000000,18.979,18.979,17.483,18.192,0,0
UNT_PE,D,20140408,000000,18.192,18.192,18.192,18.192,0,0
UNT_PE,D,20140409,000000,18.192,18.192,17.641,17.641,0,0
UNT_PE,D,20140410,000000,17.563,18.113,17.563,18.113,0,0
UNT_PE,D,20140414,000000,18.113,18.113,18.113,18.113,0,0
UNT_PE,D,20140417,000000,18.35,18.585,18.113,18.113,0,0
UNT_PE,D,20140422,000000,18.113,18.664,18.113,18.35,0,0
UNT_PE,D,20140423,000000,18.585,22.287,18.585,22.287,0,0
UNT_PE,D,20140424,000000,21.894,23.311,21.734,23.311,0,0
UNT_PE,D,20140425,000000,23.311,23.311,23.311,23.311,0,0
UNT_PE,D,20140428,000000,23.311,23.311,23.311,23.311,0,0
UNT_PE,D,20140429,000000,22.759,23.311,22.129,22.129,0,0
UNT_PE,D,20140430,000000,21.973,23.311,15.751,15.751,0,0
UNT_PE,D,20140502,000000,15.751,15.751,15.751,15.751,0,0
UNT_PE,D,20140505,000000,15.751,15.751,15.751,15.751,0,0
UNT_PE,D,20140506,000000,15.751,15.751,15.751,15.751,0,0
UNT_PE,D,20140507,000000,15.751,15.751,13.388,14.097,0,0
UNT_PE,D,20140508,000000,14.728,14.728,13.624,14.017,0,0
UNT_PE,D,20140509,000000,14.017,14.017,13.703,13.703,0,0
UNT_PE,D,20140512,000000,13.939,14.177,13.939,13.939,0,0
UNT_PE,D,20140513,000000,13.939,13.939,13.939,13.939,0,0
UNT_PE,D,20140514,000000,13.939,14.177,13.231,14.177,0,0
UNT_PE,D,20140515,000000,14.411,14.805,14.177,14.805,0,0
UNT_PE,D,20140516,000000,14.805,14.805,14.805,14.805,0,0
UNT_PE,D,20140519,000000,14.884,14.884,14.728,14.728,0,0
UNT_PE,D,20140520,000000,14.805,14.805,14.805,14.805,0,0
UNT_PE,D,20140521,000000,14.805,14.805,14.728,14.728,0,0
UNT_PE,D,20140522,000000,14.728,15.593,14.728,15.593,0,0
UNT_PE,D,20140523,000000,15.829,18.979,15.829,18.901,0,0
UNT_PE,D,20140526,000000,18.743,23.863,18.743,23.863,0,0
UNT_PE,D,20140527,000000,25.28,26.619,22.759,25.438,0,0
UNT_PE,D,20140528,000000,25.674,25.831,24.57,24.57,0,0
UNT_PE,D,20140529,000000,24.493,24.493,23.311,24.334,0,0
UNT_PE,D,20140602,000000,24.57,26.539,24.57,25.674,0,0
UNT_PE,D,20140604,000000,25.674,25.674,24.649,24.649,0,0
UNT_PE,D,20140605,000000,24.493,24.493,21.894,21.894,0,0
UNT_PE,D,20140606,000000,20.713,24.886,19.924,24.807,0,0
UNT_PE,D,20140609,000000,25.044,26.46,25.044,25.988,0,0
UNT_PE,D,20140610,000000,24.649,24.649,24.649,24.649,0,0
UNT_PE,D,20140611,000000,24.493,24.493,24.493,24.493,0,0
UNT_PE,D,20140612,000000,24.649,25.674,24.649,25.674,0,0
UNT_PE,D,20140613,000000,25.752,28.981,25.752,28.744,0,0
UNT_PE,D,20140616,000000,28.744,30.792,28.744,30.714,0,0
UNT_PE,D,20140617,000000,30.714,31.264,30.636,30.636,0,0
UNT_PE,D,20140618,000000,30.792,30.792,30.792,30.792,0,0
UNT_PE,D,20140620,000000,30.792,30.792,30.476,30.476,0,0
UNT_PE,D,20140623,000000,30.792,35.833,30.792,35.833,0,0
UNT_PE,D,20140624,000000,35.911,36.936,35.911,36.542,0,0
UNT_PE,D,20140625,000000,36.542,36.542,36.542,36.542,0,0
UNT_PE,D,20140626,000000,36.226,36.226,35.124,35.124,0,0
UNT_PE,D,20140627,000000,35.124,40.085,35.124,40.085,0,0
UNT_PE,D,20140630,000000,39.849,39.849,39.849,39.849,0,0
UNT_PE,D,20140701,000000,39.928,45.519,39.928,45.519,0,0
UNT_PE,D,20140702,000000,45.519,45.519,44.339,44.339,0,0
UNT_PE,D,20140703,000000,44.339,45.519,44.339,45.519,0,0
UNT_PE,D,20140704,000000,45.519,54.576,45.519,54.576,0,0
UNT_PE,D,20140707,000000,54.813,62.371,54.813,61.585,0,0
UNT_PE,D,20140708,000000,61.663,62.216,54.654,54.654,0,0
UNT_PE,D,20140709,000000,50.049,50.049,40.086,48.864,0,0
UNT_PE,D,20140710,000000,49.653,50.049,48.785,50.049,0,0
UNT_PE,D,20140711,000000,49.653,49.653,47.915,49.179,0,0
UNT_PE,D,20140714,000000,48.23,48.23,46.808,47.915,0,0
UNT_PE,D,20140715,000000,46.728,48.152,45.067,46.808,0,0
UNT_PE,D,20140716,000000,44.831,45.542,43.645,45.542,0,0
UNT_PE,D,20140717,000000,43.171,43.171,40.957,40.957,0,0
UNT_PE,D,20140718,000000,42.459,45.067,38.742,45.067,0,0
UNT_PE,D,20140721,000000,45.067,45.067,42.143,43.724,0,0
UNT_PE,D,20140722,000000,42.459,42.459,39.85,40.324,0,0
UNT_PE,D,20140723,000000,40.798,41.353,38.665,41.353,0,0
UNT_PE,D,20140724,000000,38.11,38.505,35.897,38.11,0,0
UNT_PE,D,20140725,000000,35.501,35.897,30.52,33.288,0,0
UNT_PE,D,20140728,000000,30.677,30.677,24.985,25.934,0,0
UNT_PE,D,20140729,000000,25.064,27.357,25.064,27.357,0,0
UNT_PE,D,20140730,000000,26.566,26.566,24.669,24.827,0,0
UNT_PE,D,20140731,000000,24.907,25.538,23.008,25.538,0,0
UNT_PE,D,20140801,000000,25.855,26.013,25.538,25.538,0,0
UNT_PE,D,20140804,000000,25.3,25.3,24.036,24.036,0,0
UNT_PE,D,20140805,000000,25.222,25.3,24.669,25.3,0,0
UNT_PE,D,20140806,000000,25.538,30.362,25.538,30.362,0,0
UNT_PE,D,20140807,000000,29.571,33.05,29.096,32.654,0,0
UNT_PE,D,20140808,000000,34.869,41.353,21.98,21.98,0,0
UNT_PE,D,20140811,000000,22.059,23.008,21.031,22.139,0,0
UNT_PE,D,20140812,000000,22.139,22.139,20.084,20.084,0,0
UNT_PE,D,20140813,000000,19.924,20.084,19.924,20.084,0,0
UNT_PE,D,20140814,000000,19.845,20.241,19.845,20.241,0,0
UNT_PE,D,20140818,000000,20.241,20.241,20.241,20.241,0,0
UNT_PE,D,20140819,000000,20.241,20.32,20.084,20.084,0,0
UNT_PE,D,20140820,000000,19.924,20.241,17.79,18.027,0,0
UNT_PE,D,20140821,000000,18.186,18.659,18.186,18.423,0,0
UNT_PE,D,20140822,000000,18.186,18.186,18.186,18.186,0,0
UNT_PE,D,20140825,000000,18.58,18.58,17.947,18.186,0,0
UNT_PE,D,20140826,000000,18.186,18.186,16.367,16.842,0,0
UNT_PE,D,20140827,000000,16.842,17.316,16.288,16.288,0,0
UNT_PE,D,20140828,000000,17.553,17.553,17.553,17.553,0,0
UNT_PE,D,20140829,000000,17.711,17.869,17.711,17.869,0,0
UNT_PE,D,20140901,000000,17.711,17.711,17.236,17.553,0,0
UNT_PE,D,20140902,000000,17.79,17.79,15.023,15.102,0,0
UNT_PE,D,20140903,000000,15.102,15.102,15.102,15.102,0,0
UNT_PE,D,20140905,000000,15.102,15.102,15.102,15.102,0,0
UNT_PE,D,20140908,000000,15.102,17.474,15.102,17.474,0,0
UNT_PE,D,20140909,000000,17.474,17.711,17.474,17.632,0,0
UNT_PE,D,20140910,000000,17.632,17.632,14.312,15.655,0,0
UNT_PE,D,20140911,000000,15.892,15.892,15.655,15.655,0,0
UNT_PE,D,20140915,000000,15.655,15.655,14.468,14.468,0,0
UNT_PE,D,20140916,000000,14.39,14.39,13.124,13.124,0,0
UNT_PE,D,20140917,000000,13.124,13.124,12.731,12.809,0,0
UNT_PE,D,20140918,000000,13.204,13.204,11.544,11.544,0,0
UNT_PE,D,20140919,000000,11.386,11.623,11.386,11.623,0,0
UNT_PE,D,20140922,000000,11.623,11.623,11.623,11.623,0,0
UNT_PE,D,20140923,000000,11.623,11.623,11.623,11.623,0,0
UNT_PE,D,20140924,000000,11.623,11.623,11.623,11.623,0,0
UNT_PE,D,20140925,000000,11.623,11.623,11.228,11.623,0,0
UNT_PE,D,20140926,000000,11.623,11.623,11.623,11.623,0,0
UNT_PE,D,20140929,000000,11.623,11.623,11.623,11.623,0,0
UNT_PE,D,20140930,000000,11.623,13.362,11.623,13.362,0,0
UNT_PE,D,20141001,000000,13.124,13.124,13.124,13.124,0,0
UNT_PE,D,20141002,000000,13.047,13.124,12.887,13.124,0,0
UNT_PE,D,20141003,000000,12.967,12.967,12.651,12.651,0,0
UNT_PE,D,20141006,000000,12.334,13.047,12.334,12.413,0,0
UNT_PE,D,20141007,000000,12.571,13.678,12.571,13.678,0,0
UNT_PE,D,20141008,000000,13.915,25.064,13.915,25.064,0,0
UNT_PE,D,20141009,000000,25.064,25.064,23.087,24.194,0,0
UNT_PE,D,20141010,000000,24.036,24.036,21.901,23.008,0,0
UNT_PE,D,20141013,000000,21.743,21.743,20.084,20.4,0,0
UNT_PE,D,20141014,000000,20.4,20.4,20.084,20.084,0,0
UNT_PE,D,20141015,000000,19.767,19.767,19.767,19.767,0,0
UNT_PE,D,20141016,000000,19.45,19.45,18.819,19.134,0,0
UNT_PE,D,20141017,000000,18.976,19.53,18.819,19.53,0,0
UNT_PE,D,20141020,000000,19.372,22.296,19.372,19.609,0,0
UNT_PE,D,20141021,000000,19.53,20.084,19.53,20.084,0,0
UNT_PE,D,20141022,000000,20.004,20.004,19.924,19.924,0,0
UNT_PE,D,20141023,000000,19.845,20.715,19.687,20.715,0,0
UNT_PE,D,20141027,000000,20.557,20.557,20.32,20.4,0,0
UNT_PE,D,20141031,000000,20.636,25.064,20.636,25.064,0,0
UNT_PE,D,20141103,000000,25.38,26.252,25.38,26.252,0,0
UNT_PE,D,20141104,000000,25.618,28.544,25.618,28.544,0,0
UNT_PE,D,20141105,000000,29.096,29.571,27.753,29.571,0,0
UNT_PE,D,20141106,000000,28.859,29.571,28.859,29.571,0,0
UNT_PE,D,20141107,000000,30.203,30.203,28.068,30.203,0,0
UNT_PE,D,20141110,000000,30.203,33.841,27.515,33.841,0,0
UNT_PE,D,20141112,000000,37.002,37.002,37.002,37.002,0,0
UNT_PE,D,20141113,000000,37.002,37.002,37.002,37.002,0,0
UNT_PE,D,20141114,000000,37.002,37.002,37.002,37.002,0,0
UNT_PE,D,20141117,000000,37.002,37.002,26.408,33.841,0,0
UNT_PE,D,20141118,000000,33.841,33.841,27.199,33.841,0,0
UNT_PE,D,20141119,000000,33.841,33.841,33.841,33.841,0,0
UNT_PE,D,20141120,000000,33.841,40.64,33.841,40.64,0,0
UNT_PE,D,20141121,000000,42.3,47.598,38.11,43.171,0,0
UNT_PE,D,20141124,000000,43.171,43.171,33.05,38.031,0,0
UNT_PE,D,20141125,000000,38.031,39.139,38.031,39.139,0,0
UNT_PE,D,20141126,000000,37.477,40.166,32.339,33.445,0,0
UNT_PE,D,20141127,000000,33.683,34.078,32.733,32.891,0,0
UNT_PE,D,20141128,000000,32.576,33.603,20.241,20.241,0,0
UNT_PE,D,20141201,000000,19.845,19.924,19.845,19.924,0,0
UNT_PE,D,20141202,000000,19.924,20.163,17.156,19.45,0,0
UNT_PE,D,20141204,000000,19.213,19.292,18.423,18.423,0,0
UNT_PE,D,20141205,000000,18.186,18.186,18.186,18.186,0,0
UNT_PE,D,20141208,000000,18.186,18.58,17.474,18.107,0,0
UNT_PE,D,20141209,000000,17.947,17.947,17.156,17.553,0,0
UNT_PE,D,20141210,000000,17.553,18.423,17.553,17.711,0,0
UNT_PE,D,20141211,000000,17.553,18.186,16.842,18.186,0,0
UNT_PE,D,20141212,000000,17.869,18.739,17.869,18.659,0,0
UNT_PE,D,20141215,000000,18.659,19.767,18.659,19.767,0,0
UNT_PE,D,20141216,000000,19.45,23.087,19.213,23.008,0,0
UNT_PE,D,20141217,000000,23.641,24.748,20.4,22.376,0,0
UNT_PE,D,20141218,000000,21.428,21.428,19.53,19.53,0,0
UNT_PE,D,20141219,000000,19.45,19.45,19.213,19.292,0,0
UNT_PE,D,20141223,000000,19.372,19.372,19.292,19.292,0,0
UNT_PE,D,20141229,000000,19.055,19.055,18.659,18.659,0,0
UNT_PE,D,20141230,000000,18.343,19.687,17.474,19.687,0,0
UNT_PE,D,20150105,000000,19.845,21.665,19.845,21.031,0,0
UNT_PE,D,20150107,000000,21.031,21.031,21.031,21.031,0,0
UNT_PE,D,20150108,000000,21.031,21.031,21.031,21.031,0,0
UNT_PE,D,20150109,000000,19.45,20.478,19.45,20.478,0,0
UNT_PE,D,20150113,000000,19.924,19.924,18.343,18.423,0,0
UNT_PE,D,20150115,000000,18.819,18.819,18.819,18.819,0,0
UNT_PE,D,20150119,000000,18.898,18.898,18.898,18.898,0,0
UNT_PE,D,20150120,000000,15.813,18.343,15.813,18.264,0,0
UNT_PE,D,20150121,000000,17.156,18.58,17.156,18.58,0,0
UNT_PE,D,20150122,000000,18.501,18.501,18.501,18.501,0,0
UNT_PE,D,20150123,000000,18.501,18.501,17.947,18.027,0,0
UNT_PE,D,20150126,000000,18.423,18.423,18.423,18.423,0,0
UNT_PE,D,20150127,000000,18.423,18.423,18.423,18.423,0,0
UNT_PE,D,20150128,000000,18.423,18.423,18.423,18.423,0,0
UNT_PE,D,20150129,000000,18.423,18.423,18.107,18.107,0,0
UNT_PE,D,20150204,000000,18.343,18.423,18.343,18.423,0,0
UNT_PE,D,20150205,000000,18.423,18.58,18.423,18.501,0,0
UNT_PE,D,20150206,000000,18.501,21.031,18.264,18.264,0,0
UNT_PE,D,20150209,000000,19.924,21.031,19.924,21.031,0,0
UNT_PE,D,20150210,000000,20.715,20.715,20.004,20.004,0,0
UNT_PE,D,20150211,000000,19.372,19.372,18.501,18.501,0,0
UNT_PE,D,20150216,000000,18.739,19.53,18.739,19.53,0,0
UNT_PE,D,20150217,000000,19.372,19.372,18.501,18.501,0,0
UNT_PE,D,20150218,000000,18.343,18.343,18.343,18.343,0,0
UNT_PE,D,20150219,000000,18.343,18.423,18.343,18.423,0,0
UNT_PE,D,20150220,000000,18.423,18.739,18.343,18.343,0,0
UNT_PE,D,20150223,000000,18.264,18.343,18.264,18.343,0,0
UNT_PE,D,20150224,000000,18.659,18.659,18.423,18.423,0,0
UNT_PE,D,20150302,000000,14.786,14.864,14.786,14.864,0,0
UNT_PE,D,20150303,000000,14.628,14.628,13.521,13.915,0,0
UNT_PE,D,20150304,000000,13.915,13.915,13.521,13.521,0,0
UNT_PE,D,20150305,000000,13.362,13.599,13.362,13.599,0,0
UNT_PE,D,20150309,000000,13.362,13.362,12.967,12.967,0,0
UNT_PE,D,20150310,000000,12.887,12.887,12.731,12.731,0,0
UNT_PE,D,20150311,000000,12.731,12.967,12.731,12.967,0,0
UNT_PE,D,20150312,000000,13.124,13.124,12.731,12.731,0,0
UNT_PE,D,20150313,000000,12.651,13.284,12.651,13.284,0,0
UNT_PE,D,20150316,000000,13.284,13.284,13.284,13.284,0,0
UNT_PE,D,20150317,000000,13.124,13.284,13.124,13.284,0,0
UNT_PE,D,20150318,000000,13.521,13.521,13.521,13.521,0,0
UNT_PE,D,20150319,000000,13.521,13.521,13.521,13.521,0,0
UNT_PE,D,20150323,000000,13.362,13.362,13.362,13.362,0,0
UNT_PE,D,20150324,000000,13.521,13.521,11.702,11.702,0,0
UNT_PE,D,20150325,000000,11.702,11.702,11.702,11.702,0,0
UNT_PE,D,20150326,000000,11.94,12.176,11.94,12.097,0,0
UNT_PE,D,20150327,000000,12.097,12.097,12.097,12.097,0,0
UNT_PE,D,20150331,000000,12.018,12.018,11.386,11.465,0,0
UNT_PE,D,20150401,000000,11.148,11.94,11.148,11.148,0,0
UNT_PE,D,20150402,000000,11.228,11.386,11.228,11.386,0,0
UNT_PE,D,20150407,000000,11.386,11.386,11.386,11.386,0,0
UNT_PE,D,20150408,000000,11.386,11.94,11.386,11.86,0,0
UNT_PE,D,20150409,000000,11.623,13.995,11.623,13.836,0,0
UNT_PE,D,20150410,000000,13.995,14.074,13.521,14.074,0,0
UNT_PE,D,20150413,000000,13.757,14.074,13.757,14.074,0,0
UNT_PE,D,20150414,000000,14.074,14.074,14.074,14.074,0,0
UNT_PE,D,20150415,000000,14.074,14.468,14.074,14.468,0,0
UNT_PE,D,20150416,000000,14.628,14.628,14.628,14.628,0,0
UNT_PE,D,20150417,000000,14.468,14.468,13.836,13.836,0,0
UNT_PE,D,20150420,000000,13.836,15.102,13.836,15.102,0,0
UNT_PE,D,20150421,000000,15.102,15.102,14.944,14.944,0,0
UNT_PE,D,20150422,000000,14.944,14.944,14.944,14.944,0,0
UNT_PE,D,20150423,000000,14.944,15.18,14.944,15.18,0,0
UNT_PE,D,20150424,000000,15.023,15.023,15.023,15.023,0,0
UNT_PE,D,20150427,000000,14.944,14.944,14.707,14.944,0,0
UNT_PE,D,20150428,000000,14.707,14.707,14.707,14.707,0,0
UNT_PE,D,20150429,000000,14.707,14.707,14.707,14.707,0,0
UNT_PE,D,20150430,000000,14.707,14.707,14.707,14.707,0,0
UNT_PE,D,20150504,000000,14.707,14.707,14.707,14.707,0,0
UNT_PE,D,20150505,000000,14.786,16.525,14.786,16.525,0,0
UNT_PE,D,20150506,000000,16.525,19.53,16.525,19.45,0,0
UNT_PE,D,20150507,000000,17.316,21.428,17.316,21.428,0,0
UNT_PE,D,20150508,000000,22.218,26.488,21.98,26.488,0,0
UNT_PE,D,20150511,000000,26.252,26.252,23.641,25.934,0,0
UNT_PE,D,20150512,000000,23.641,26.091,22.692,23.245,0,0
UNT_PE,D,20150513,000000,23.008,23.008,21.428,22.139,0,0
UNT_PE,D,20150515,000000,24.115,24.748,21.586,22.692,0,0
UNT_PE,D,20150518,000000,21.98,21.98,21.98,21.98,0,0
UNT_PE,D,20150519,000000,21.98,21.98,20.715,21.901,0,0
UNT_PE,D,20150520,000000,20.795,21.901,20.163,21.901,0,0
UNT_PE,D,20150522,000000,20.4,20.4,19.767,19.767,0,0
UNT_PE,D,20150525,000000,19.767,19.767,14.074,14.074,0,0
UNT_PE,D,20150526,000000,14.074,14.074,14.074,14.074,0,0
UNT_PE,D,20150527,000000,14.074,14.074,14.074,14.074,0,0
UNT_PE,D,20150528,000000,14.074,14.074,14.074,14.074,0,0
UNT_PE,D,20150529,000000,14.074,14.074,14.074,14.074,0,0
UNT_PE,D,20150601,000000,14.074,14.074,14.074,14.074,0,0
UNT_PE,D,20150602,000000,13.836,14.074,13.836,14.074,0,0
UNT_PE,D,20150603,000000,14.074,14.074,14.074,14.074,0,0
UNT_PE,D,20150605,000000,14.074,14.074,14.074,14.074,0,0
UNT_PE,D,20150608,000000,14.074,14.074,14.074,14.074,0,0
UNT_PE,D,20150609,000000,14.074,14.074,14.074,14.074,0,0
UNT_PE,D,20150610,000000,14.074,14.548,14.074,14.548,0,0
UNT_PE,D,20150611,000000,14.548,14.548,14.548,14.548,0,0
UNT_PE,D,20150612,000000,14.548,14.548,14.548,14.548,0,0
UNT_PE,D,20150615,000000,14.548,14.548,14.548,14.548,0,0
UNT_PE,D,20150616,000000,14.548,14.548,14.548,14.548,0,0
UNT_PE,D,20150617,000000,14.548,14.548,14.548,14.548,0,0
UNT_PE,D,20150618,000000,14.548,14.548,14.548,14.548,0,0
UNT_PE,D,20150619,000000,14.548,14.548,14.548,14.548,0,0
UNT_PE,D,20150622,000000,14.548,14.548,14.548,14.548,0,0
UNT_PE,D,20150623,000000,14.548,14.548,14.548,14.548,0,0
UNT_PE,D,20150624,000000,14.548,14.548,14.548,14.548,0,0
UNT_PE,D,20150625,000000,14.548,14.548,14.548,14.548,0,0
UNT_PE,D,20150626,000000,14.548,14.548,14.548,14.548,0,0
UNT_PE,D,20150629,000000,14.548,14.548,14.548,14.548,0,0
UNT_PE,D,20150630,000000,14.548,14.548,14.548,14.548,0,0
UNT_PE,D,20150702,000000,14.822,14.822,14.822,14.822,0,0
UNT_PE,D,20150703,000000,14.982,16.104,14.982,15.864,0,0
UNT_PE,D,20150706,000000,16.104,16.104,15.783,15.783,0,0
UNT_PE,D,20150707,000000,15.864,15.864,15.864,15.864,0,0
UNT_PE,D,20150709,000000,15.864,18.988,15.864,18.908,0,0
UNT_PE,D,20150710,000000,18.908,18.908,15.704,16.905,0,0
UNT_PE,D,20150713,000000,16.184,17.786,16.184,17.786,0,0
UNT_PE,D,20150714,000000,16.023,17.146,15.302,17.146,0,0
UNT_PE,D,20150715,000000,16.104,16.104,15.543,15.543,0,0
UNT_PE,D,20150716,000000,15.543,16.905,15.302,16.104,0,0
UNT_PE,D,20150717,000000,15.943,15.943,15.382,15.382,0,0
UNT_PE,D,20150720,000000,15.302,15.302,15.302,15.302,0,0
UNT_PE,D,20150721,000000,15.543,15.543,15.143,15.143,0,0
UNT_PE,D,20150722,000000,15.061,15.061,15.061,15.061,0,0
UNT_PE,D,20150723,000000,15.061,15.061,14.902,14.902,0,0
UNT_PE,D,20150724,000000,14.742,15.943,14.742,15.943,0,0
UNT_PE,D,20150727,000000,16.104,17.706,16.104,17.305,0,0
UNT_PE,D,20150728,000000,16.985,16.985,16.665,16.665,0,0
UNT_PE,D,20150729,000000,16.424,16.424,15.143,16.343,0,0
UNT_PE,D,20150730,000000,15.864,15.864,15.624,15.624,0,0
UNT_PE,D,20150804,000000,15.543,16.023,14.902,16.023,0,0
UNT_PE,D,20150805,000000,16.264,16.264,15.624,15.943,0,0
UNT_PE,D,20150806,000000,15.864,15.943,15.382,15.943,0,0
UNT_PE,D,20150807,000000,15.704,15.704,15.704,15.704,0,0
UNT_PE,D,20150810,000000,15.704,16.424,15.704,16.424,0,0
UNT_PE,D,20150811,000000,16.424,16.424,16.424,16.424,0,0
UNT_PE,D,20150812,000000,16.184,16.184,16.184,16.184,0,0
UNT_PE,D,20150813,000000,16.184,16.184,15.943,16.184,0,0
UNT_PE,D,20150814,000000,16.184,16.184,16.184,16.184,0,0
UNT_PE,D,20150817,000000,16.184,16.184,16.184,16.184,0,0
UNT_PE,D,20150818,000000,16.184,16.184,16.184,16.184,0,0
UNT_PE,D,20150824,000000,16.184,16.184,16.184,16.184,0,0
UNT_PE,D,20150825,000000,16.104,16.104,16.104,16.104,0,0
UNT_PE,D,20150826,000000,16.104,16.104,16.104,16.104,0,0
UNT_PE,D,20150827,000000,16.264,16.264,16.264,16.264,0,0
UNT_PE,D,20150828,000000,16.264,16.264,16.104,16.104,0,0
UNT_PE,D,20150831,000000,16.264,17.386,16.264,17.386,0,0
UNT_PE,D,20150901,000000,17.386,17.386,15.624,15.704,0,0
UNT_PE,D,20150902,000000,15.704,15.704,15.624,15.624,0,0
UNT_PE,D,20150904,000000,15.543,15.543,14.822,14.822,0,0
UNT_PE,D,20150907,000000,15.061,15.061,14.261,14.261,0,0
UNT_PE,D,20150908,000000,14.261,14.422,14.261,14.422,0,0
UNT_PE,D,20150909,000000,14.181,14.181,13.059,13.14,0,0
UNT_PE,D,20150910,000000,13.14,15.624,12.899,15.624,0,0
UNT_PE,D,20150911,000000,14.822,14.822,14.1,14.581,0,0
UNT_PE,D,20150914,000000,14.422,14.422,14.422,14.422,0,0
UNT_PE,D,20150915,000000,14.662,14.662,14.662,14.662,0,0
UNT_PE,D,20150917,000000,14.742,14.742,13.7,14.742,0,0
UNT_PE,D,20150918,000000,14.261,14.662,14.261,14.662,0,0
UNT_PE,D,20150922,000000,13.861,14.581,12.979,13.94,0,0
UNT_PE,D,20150923,000000,13.861,13.861,13.539,13.62,0,0
UNT_PE,D,20150924,000000,13.38,13.38,12.098,12.098,0,0
UNT_PE,D,20150928,000000,12.339,12.339,12.098,12.098,0,0
UNT_PE,D,20150929,000000,12.098,12.178,12.098,12.098,0,0
UNT_PE,D,20150930,000000,12.018,12.098,11.938,12.098,0,0
UNT_PE,D,20151001,000000,12.098,12.098,12.098,12.098,0,0
UNT_PE,D,20151002,000000,11.778,11.778,10.976,11.536,0,0
UNT_PE,D,20151005,000000,11.778,11.778,11.696,11.696,0,0
UNT_PE,D,20151006,000000,11.696,11.696,11.696,11.696,0,0
UNT_PE,D,20151007,000000,11.696,13.38,11.696,13.38,0,0
UNT_PE,D,20151008,000000,13.7,13.7,13.7,13.7,0,0
UNT_PE,D,20151009,000000,13.059,13.059,12.739,12.739,0,0
UNT_PE,D,20151012,000000,12.658,12.658,10.335,11.216,0,0
UNT_PE,D,20151014,000000,11.216,11.216,11.216,11.216,0,0
UNT_PE,D,20151015,000000,11.216,11.297,11.216,11.297,0,0
UNT_PE,D,20151019,000000,11.216,11.457,11.216,11.457,0,0
UNT_PE,D,20151020,000000,11.457,11.457,11.457,11.457,0,0
UNT_PE,D,20151021,000000,11.617,11.617,11.617,11.617,0,0
UNT_PE,D,20151023,000000,11.617,11.617,11.617,11.617,0,0
UNT_PE,D,20151027,000000,11.536,11.536,11.536,11.536,0,0
UNT_PE,D,20151028,000000,12.899,15.463,12.899,13.94,0,0
UNT_PE,D,20151029,000000,13.94,13.94,13.94,13.94,0,0
UNT_PE,D,20151030,000000,14.02,15.543,14.02,15.543,0,0
UNT_PE,D,20151102,000000,14.982,14.982,14.1,14.742,0,0
UNT_PE,D,20151104,000000,14.02,14.02,13.7,13.7,0,0
UNT_PE,D,20151109,000000,13.7,13.7,13.62,13.7,0,0
UNT_PE,D,20151116,000000,13.78,14.02,13.78,14.02,0,0
UNT_PE,D,20151118,000000,13.78,13.78,13.46,13.46,0,0
UNT_PE,D,20151120,000000,13.38,13.38,13.3,13.3,0,0
UNT_PE,D,20151123,000000,13.22,13.22,13.14,13.14,0,0
UNT_PE,D,20151124,000000,12.979,12.979,12.739,12.739,0,0
UNT_PE,D,20151126,000000,7.9321,8.0121,7.9321,7.9321,0,0
UNT_PE,D,20151127,000000,8.0121,8.0121,8.0121,8.0121,0,0
UNT_PE,D,20151130,000000,8.1718,8.1718,8.1718,8.1718,0,0
UNT_PE,D,20151201,000000,8.2524,9.0537,8.2524,9.0537,0,0
UNT_PE,D,20151202,000000,8.7323,8.7323,8.4923,8.6526,0,0
UNT_PE,D,20151203,000000,8.4923,8.4923,8.4923,8.4923,0,0
UNT_PE,D,20151211,000000,8.4923,8.5729,8.4923,8.4923,0,0
UNT_PE,D,20151216,000000,8.4923,8.4923,8.332,8.332,0,0
UNT_PE,D,20151229,000000,8.4126,8.4126,8.332,8.332,0,0
UNT_PE,D,20160104,000000,8.2524,8.2524,8.2524,8.2524,0,0
UNT_PE,D,20160105,000000,8.2524,8.332,8.2524,8.332,0,0
UNT_PE,D,20160112,000000,8.332,8.332,8.332,8.332,0,0
UNT_PE,D,20160126,000000,8.2524,8.2524,8.2524,8.2524,0,0
UNT_PE,D,20160127,000000,8.2524,8.2524,8.2524,8.2524,0,0
UNT_PE,D,20160128,000000,8.2524,8.5729,8.0121,8.0921,0,0
UNT_PE,D,20160129,000000,8.2524,8.2524,8.2524,8.2524,0,0
UNT_PE,D,20160201,000000,8.332,9.935,8.332,9.935,0,0
UNT_PE,D,20160202,000000,9.694,9.694,9.614,9.614,0,0
UNT_PE,D,20160203,000000,9.3745,9.3745,9.2135,9.2135,0,0
UNT_PE,D,20160204,000000,8.9732,8.9732,8.8934,8.8934,0,0
UNT_PE,D,20160205,000000,8.7323,8.7323,8.5729,8.5729,0,0
UNT_PE,D,20160208,000000,8.4923,8.4923,8.4923,8.4923,0,0
UNT_PE,D,20160209,000000,8.4923,8.4923,8.4923,8.4923,0,0
UNT_PE,D,20160210,000000,8.332,8.332,8.0121,8.0121,0,0
UNT_PE,D,20160211,000000,7.8513,7.9321,7.8513,7.9321,0,0
UNT_PE,D,20160212,000000,7.9321,8.0121,7.8513,7.8513,0,0
UNT_PE,D,20160215,000000,8.0121,9.0537,8.0121,8.8934,0,0
UNT_PE,D,20160216,000000,8.8934,8.8934,8.1718,8.8934,0,0
UNT_PE,D,20160217,000000,8.8934,8.8934,8.5729,8.5729,0,0
UNT_PE,D,20160218,000000,8.6526,8.8128,8.4126,8.4126,0,0
UNT_PE,D,20160219,000000,8.1718,8.1718,8.0121,8.0121,0,0
UNT_PE,D,20160222,000000,8.0121,9.0537,8.0121,9.0537,0,0
UNT_PE,D,20160223,000000,7.9321,9.3745,7.9321,9.1334,0,0
UNT_PE,D,20160224,000000,9.2135,9.2135,9.0537,9.1334,0,0
UNT_PE,D,20160225,000000,9.2135,9.2135,9.2135,9.2135,0,0
UNT_PE,D,20160226,000000,9.2135,9.2135,8.6526,9.1334,0,0
UNT_PE,D,20160302,000000,8.8934,9.2935,6.3293,6.3293,0,0
UNT_PE,D,20160303,000000,6.3293,6.3293,6.3293,6.3293,0,0
UNT_PE,D,20160304,000000,6.3293,6.3293,6.3293,6.3293,0,0
UNT_PE,D,20160307,000000,6.3293,6.3293,6.3293,6.3293,0,0
UNT_PE,D,20160308,000000,6.3293,6.7298,6.3293,6.7298,0,0
UNT_PE,D,20160310,000000,6.7298,6.7298,6.7298,6.7298,0,0
UNT_PE,D,20160311,000000,6.7298,6.7298,6.7298,6.7298,0,0
UNT_PE,D,20160314,000000,6.7298,6.7298,6.7298,6.7298,0,0
UNT_PE,D,20160315,000000,6.8901,7.6912,6.8901,7.6912,0,0
UNT_PE,D,20160316,000000,7.6912,8.0121,7.6912,7.9321,0,0
UNT_PE,D,20160317,000000,7.9321,7.9321,7.9321,7.9321,0,0
UNT_PE,D,20160318,000000,7.9321,7.9321,7.2907,7.4509,0,0
UNT_PE,D,20160321,000000,7.4509,7.4509,6.5696,6.5696,0,0
UNT_PE,D,20160322,000000,6.5696,7.7714,6.5696,7.6912,0,0
UNT_PE,D,20160323,000000,7.6912,7.6912,7.2105,7.2105,0,0
UNT_PE,D,20160324,000000,7.2907,7.3708,7.2907,7.3708,0,0
UNT_PE,D,20160330,000000,7.3708,7.3708,7.2907,7.2907,0,0
UNT_PE,D,20160401,000000,7.2907,7.2907,7.2907,7.2907,0,0
UNT_PE,D,20160404,000000,7.2907,7.2907,7.2105,7.2105,0,0
UNT_PE,D,20160406,000000,7.2907,7.2907,7.2105,7.2105,0,0
UNT_PE,D,20160407,000000,7.2105,7.2105,7.0504,7.0504,0,0
UNT_PE,D,20160408,000000,7.0504,7.0504,7.0504,7.0504,0,0
UNT_PE,D,20160411,000000,7.0504,7.0504,6.9702,6.9702,0,0
UNT_PE,D,20160412,000000,7.0504,7.0504,6.4895,6.6497,0,0
UNT_PE,D,20160413,000000,6.6497,7.0504,6.6497,7.0504,0,0
UNT_PE,D,20160414,000000,6.9702,7.0504,6.81,7.0504,0,0
UNT_PE,D,20160415,000000,7.1304,7.1304,7.1304,7.1304,0,0
UNT_PE,D,20160418,000000,7.1304,7.1304,7.1304,7.1304,0,0
UNT_PE,D,20160419,000000,7.1304,7.1304,7.1304,7.1304,0,0
UNT_PE,D,20160420,000000,7.1304,7.1304,7.1304,7.1304,0,0
UNT_PE,D,20160421,000000,7.1304,7.1304,6.81,6.81,0,0
UNT_PE,D,20160422,000000,6.81,7.0504,6.81,7.0504,0,0
UNT_PE,D,20160425,000000,7.0504,7.0504,7.0504,7.0504,0,0
UNT_PE,D,20160426,000000,6.9702,6.9702,5.6082,6.8901,0,0
UNT_PE,D,20160427,000000,6.81,6.81,6.5696,6.5696,0,0
UNT_PE,D,20160428,000000,6.6497,6.81,6.6497,6.81,0,0
UNT_PE,D,20160429,000000,6.81,6.81,6.81,6.81,0,0
UNT_PE,D,20160502,000000,6.81,6.81,6.6497,6.6497,0,0
UNT_PE,D,20160504,000000,6.6497,6.8901,6.6497,6.8901,0,0
UNT_PE,D,20160505,000000,7.0504,7.0504,6.7298,7.0504,0,0
UNT_PE,D,20160506,000000,7.0504,7.0504,6.7298,6.7298,0,0
UNT_PE,D,20160509,000000,6.7298,6.8901,6.7298,6.8901,0,0
UNT_PE,D,20160510,000000,6.9702,6.9702,6.9702,6.9702,0,0
UNT_PE,D,20160511,000000,6.9702,6.9702,6.9702,6.9702,0,0
UNT_PE,D,20160512,000000,6.9702,6.9702,6.9702,6.9702,0,0
UNT_PE,D,20160513,000000,6.9702,7.2105,6.9702,7.2105,0,0
UNT_PE,D,20160516,000000,7.2907,8.1718,5.448,5.448,0,0
UNT_PE,D,20160517,000000,5.5281,5.5281,5.2877,5.448,0,0
UNT_PE,D,20160518,000000,5.3679,5.3679,5.2877,5.3679,0,0
UNT_PE,D,20160519,000000,5.2877,5.5281,5.2877,5.448,0,0
UNT_PE,D,20160520,000000,5.5281,5.8486,5.5281,5.8486,0,0
UNT_PE,D,20160523,000000,5.8486,5.8486,5.6082,5.6082,0,0
UNT_PE,D,20160524,000000,5.6082,5.6082,5.6082,5.6082,0,0
UNT_PE,D,20160525,000000,5.6082,5.6082,5.6082,5.6082,0,0
UNT_PE,D,20160527,000000,5.8486,6.3293,5.8486,6.3293,0,0
UNT_PE,D,20160530,000000,6.3293,6.3293,6.3293,6.3293,0,0
UNT_PE,D,20160531,000000,6.3293,6.3293,6.169,6.2492,0,0
UNT_PE,D,20160601,000000,6.2492,6.2492,6.0889,6.0889,0,0
UNT_PE,D,20160602,000000,6.0889,6.0889,6.0889,6.0889,0,0
UNT_PE,D,20160603,000000,6.0889,6.0889,6.0889,6.0889,0,0
UNT_PE,D,20160606,000000,6.0089,6.0889,6.0089,6.0089,0,0
UNT_PE,D,20160607,000000,6.0089,6.0889,6.0089,6.0889,0,0
UNT_PE,D,20160608,000000,6.0889,6.0889,6.0089,6.0089,0,0
UNT_PE,D,20160609,000000,6.0089,6.0889,6.0089,6.0889,0,0
UNT_PE,D,20160610,000000,6.0889,6.0889,6.0889,6.0889,0,0
UNT_PE,D,20160613,000000,6.0889,6.0889,6.0889,6.0889,0,0
UNT_PE,D,20160615,000000,6.184,6.184,6.184,6.184,0,0
UNT_PE,D,20160621,000000,6.184,6.2665,6.184,6.2665,0,0
UNT_PE,D,20160622,000000,6.2665,7.2559,6.2665,7.2559,0,0
UNT_PE,D,20160623,000000,7.1735,7.1735,7.091,7.091,0,0
UNT_PE,D,20160624,000000,6.184,7.091,6.184,6.6787,0,0
UNT_PE,D,20160627,000000,6.6787,7.0086,6.6787,7.0086,0,0
UNT_PE,D,20160628,000000,7.0086,7.5033,7.0086,7.5033,0,0
UNT_PE,D,20160629,000000,7.091,8.2456,7.091,8.1633,0,0
UNT_PE,D,20160630,000000,8.0802,8.9875,8.0802,8.9875,0,0
UNT_PE,D,20160701,000000,8.9875,10.801,8.9053,10.719,0,0
UNT_PE,D,20160704,000000,10.719,10.719,9.977,10.39,0,0
UNT_PE,D,20160705,000000,10.307,10.307,9.895,10.224,0,0
UNT_PE,D,20160706,000000,10.142,10.142,9.895,9.895,0,0
UNT_PE,D,20160707,000000,9.895,10.224,9.895,10.224,0,0
UNT_PE,D,20160708,000000,10.224,10.472,10.224,10.472,0,0
UNT_PE,D,20160711,000000,10.472,10.472,9.895,10.307,0,0
UNT_PE,D,20160712,000000,9.812,10.554,8.9875,10.472,0,0
UNT_PE,D,20160713,000000,10.472,10.472,10.472,10.472,0,0
UNT_PE,D,20160714,000000,10.472,10.472,10.472,10.472,0,0
UNT_PE,D,20160715,000000,10.472,10.472,10.472,10.472,0,0
UNT_PE,D,20160719,000000,10.472,10.472,10.472,10.472,0,0
UNT_PE,D,20160720,000000,10.472,10.472,10.472,10.472,0,0
UNT_PE,D,20160721,000000,10.472,10.472,10.472,10.472,0,0
UNT_PE,D,20160722,000000,10.307,10.472,10.224,10.39,0,0
UNT_PE,D,20160725,000000,10.142,10.554,10.142,10.472,0,0
UNT_PE,D,20160726,000000,10.472,10.472,10.39,10.472,0,0
UNT_PE,D,20160727,000000,10.472,10.472,10.472,10.472,0,0
UNT_PE,D,20160728,000000,10.472,10.472,10.307,10.307,0,0
UNT_PE,D,20160801,000000,10.307,10.472,10.307,10.472,0,0
UNT_PE,D,20160802,000000,10.472,10.472,10.224,10.224,0,0
UNT_PE,D,20160804,000000,10.39,11.791,10.39,11.131,0,0
UNT_PE,D,20160805,000000,11.131,11.131,10.966,10.966,0,0
UNT_PE,D,20160808,000000,10.883,11.213,10.883,11.213,0,0
UNT_PE,D,20160809,000000,11.213,11.379,11.213,11.379,0,0
UNT_PE,D,20160810,000000,11.296,11.709,11.296,11.709,0,0
UNT_PE,D,20160811,000000,11.709,12.039,11.709,12.039,0,0
UNT_PE,D,20160812,000000,12.039,12.698,12.039,12.698,0,0
UNT_PE,D,20160816,000000,12.698,12.698,12.698,12.698,0,0
UNT_PE,D,20160817,000000,12.698,12.698,12.698,12.698,0,0
UNT_PE,D,20160818,000000,12.698,12.698,12.698,12.698,0,0
UNT_PE,D,20160819,000000,12.698,12.863,12.368,12.615,0,0
UNT_PE,D,20160822,000000,12.45,12.78,11.791,11.791,0,0
UNT_PE,D,20160823,000000,12.039,12.039,11.709,12.039,0,0
UNT_PE,D,20160824,000000,12.039,12.039,11.956,11.956,0,0
UNT_PE,D,20160825,000000,11.791,11.791,11.626,11.626,0,0
UNT_PE,D,20160826,000000,11.709,11.709,11.296,11.461,0,0
UNT_PE,D,20160830,000000,11.379,11.379,10.801,10.801,0,0
UNT_PE,D,20160831,000000,10.719,10.719,10.719,10.719,0,0
UNT_PE,D,20160901,000000,10.719,10.801,10.39,10.637,0,0
UNT_PE,D,20160902,000000,10.307,10.307,10.142,10.142,0,0
UNT_PE,D,20160905,000000,10.142,10.142,10.142,10.142,0,0
UNT_PE,D,20160906,000000,10.142,10.142,10.142,10.142,0,0
UNT_PE,D,20160907,000000,10.142,10.224,9.3993,10.224,0,0
UNT_PE,D,20160908,000000,10.307,11.296,10.307,11.296,0,0
UNT_PE,D,20160909,000000,11.543,11.709,11.543,11.709,0,0
UNT_PE,D,20160912,000000,11.791,11.956,11.791,11.956,0,0
UNT_PE,D,20160913,000000,10.472,11.873,10.472,11.791,0,0
UNT_PE,D,20160914,000000,11.791,11.791,11.791,11.791,0,0
UNT_PE,D,20160915,000000,11.791,11.791,10.719,11.296,0,0
UNT_PE,D,20160916,000000,11.296,11.296,11.296,11.296,0,0
UNT_PE,D,20160919,000000,11.543,11.543,11.543,11.543,0,0
UNT_PE,D,20160920,000000,11.543,11.543,11.543,11.543,0,0
UNT_PE,D,20160921,000000,11.461,11.461,10.637,11.049,0,0
UNT_PE,D,20160922,000000,10.966,10.966,10.472,10.472,0,0
UNT_PE,D,20160923,000000,10.472,10.554,9.647,10.554,0,0
UNT_PE,D,20160929,000000,10.554,10.554,10.472,10.472,0,0
UNT_PE,D,20160930,000000,10.472,10.472,9.812,9.812,0,0
UNT_PE,D,20161003,000000,9.812,11.296,9.812,11.296,0,0
UNT_PE,D,20161004,000000,11.296,11.543,11.296,11.543,0,0
UNT_PE,D,20161005,000000,11.709,11.709,11.543,11.709,0,0
UNT_PE,D,20161006,000000,11.709,11.709,11.543,11.709,0,0
UNT_PE,D,20161007,000000,11.791,11.956,11.791,11.956,0,0
UNT_PE,D,20161010,000000,11.873,12.615,11.873,12.615,0,0
UNT_PE,D,20161011,000000,12.698,15.172,12.698,14.76,0,0
UNT_PE,D,20161012,000000,14.512,20.943,14.512,20.943,0,0
UNT_PE,D,20161013,000000,20.201,20.201,18.47,19.707,0,0
UNT_PE,D,20161014,000000,16.491,18.964,15.996,17.15,0,0
UNT_PE,D,20161017,000000,17.068,18.47,16.491,17.234,0,0
UNT_PE,D,20161018,000000,17.234,19.707,17.234,18.964,0,0
UNT_PE,D,20161019,000000,19.707,20.367,18.47,18.47,0,0
UNT_PE,D,20161020,000000,18.47,19.129,18.47,18.964,0,0
UNT_PE,D,20161021,000000,18.882,19.376,18.47,19.376,0,0
UNT_PE,D,20161024,000000,19.707,19.707,18.223,18.223,0,0
UNT_PE,D,20161025,000000,17.234,19.129,16.82,19.129,0,0
UNT_PE,D,20161026,000000,19.129,19.129,18.635,18.635,0,0
UNT_PE,D,20161027,000000,18.717,18.717,17.893,17.893,0,0
UNT_PE,D,20161028,000000,17.809,17.809,16.491,16.986,0,0
UNT_PE,D,20161031,000000,16.738,17.893,16.491,17.893,0,0
UNT_PE,D,20161102,000000,17.809,18.964,17.315,18.964,0,0
UNT_PE,D,20161103,000000,18.964,19.046,18.47,18.47,0,0
UNT_PE,D,20161104,000000,18.47,18.47,17.068,17.563,0,0
UNT_PE,D,20161107,000000,17.234,17.234,16.656,16.656,0,0
UNT_PE,D,20161108,000000,16.656,16.656,13.44,14.676,0,0
UNT_PE,D,20161109,000000,14.676,15.006,14.676,14.842,0,0
UNT_PE,D,20161110,000000,14.842,14.842,13.275,13.275,0,0
UNT_PE,D,20161114,000000,13.523,15.006,13.523,14.017,0,0
UNT_PE,D,20161115,000000,15.006,17.397,14.676,14.76,0,0
UNT_PE,D,20161116,000000,15.502,15.913,14.76,15.748,0,0
UNT_PE,D,20161117,000000,15.172,15.913,15.172,15.419,0,0
UNT_PE,D,20161118,000000,15.748,15.831,15.748,15.748,0,0
UNT_PE,D,20161121,000000,15.748,16.408,15.748,16.243,0,0
UNT_PE,D,20161122,000000,16.243,17.479,13.523,13.523,0,0
UNT_PE,D,20161123,000000,13.523,13.523,13.523,13.523,0,0
UNT_PE,D,20161124,000000,13.357,13.357,12.78,12.78,0,0
UNT_PE,D,20161125,000000,12.78,12.78,12.78,12.78,0,0
UNT_PE,D,20161128,000000,12.78,13.11,12.78,13.11,0,0
UNT_PE,D,20161129,000000,12.945,14.099,12.945,14.099,0,0
UNT_PE,D,20161130,000000,13.935,13.935,12.863,13.935,0,0
UNT_PE,D,20161201,000000,13.44,13.687,12.945,13.357,0,0
UNT_PE,D,20161202,000000,13.357,13.357,13.11,13.357,0,0
UNT_PE,D,20161205,000000,13.193,13.193,12.368,12.698,0,0
UNT_PE,D,20161206,000000,12.78,12.863,12.78,12.863,0,0
UNT_PE,D,20161207,000000,12.698,12.698,12.698,12.698,0,0
UNT_PE,D,20161208,000000,12.698,12.698,12.45,12.45,0,0
UNT_PE,D,20161209,000000,12.45,13.357,12.45,13.028,0,0
UNT_PE,D,20161212,000000,13.028,13.275,13.028,13.275,0,0
UNT_PE,D,20161213,000000,13.357,13.357,13.357,13.357,0,0
UNT_PE,D,20161214,000000,13.357,13.357,13.357,13.357,0,0
UNT_PE,D,20161215,000000,13.357,13.357,13.357,13.357,0,0
UNT_PE,D,20161216,000000,13.357,13.357,12.78,13.193,0,0
UNT_PE,D,20161220,000000,13.028,13.028,12.945,12.945,0,0
UNT_PE,D,20161222,000000,13.028,13.11,13.028,13.11,0,0
UNT_PE,D,20161227,000000,13.11,13.44,13.11,13.357,0,0
UNT_PE,D,20161228,000000,13.44,13.687,13.44,13.687,0,0
UNT_PE,D,20161229,000000,13.687,13.77,13.687,13.687,0,0
UNT_PE,D,20161230,000000,13.687,16.408,13.687,16.408,0,0
UNT_PE,D,20170102,000000,16.738,17.563,15.254,16.986,0,0
UNT_PE,D,20170103,000000,16.161,16.903,15.584,16.491,0,0
UNT_PE,D,20170104,000000,16.491,16.491,16.408,16.491,0,0
UNT_PE,D,20170105,000000,15.748,15.748,15.254,15.254,0,0
UNT_PE,D,20170109,000000,15.584,16.408,15.254,16.408,0,0
UNT_PE,D,20170110,000000,16.408,16.408,15.254,16.078,0,0
UNT_PE,D,20170111,000000,16.078,16.078,14.099,14.099,0,0
UNT_PE,D,20170112,000000,14.512,14.512,14.017,14.346,0,0
UNT_PE,D,20170113,000000,14.346,16.986,14.346,15.996,0,0
UNT_PE,D,20170116,000000,15.831,15.831,14.76,15.666,0,0
UNT_PE,D,20170117,000000,15.502,16.408,15.172,15.172,0,0
UNT_PE,D,20170118,000000,15.172,15.172,15.172,15.172,0,0
UNT_PE,D,20170119,000000,15.172,16.078,15.172,16.078,0,0
UNT_PE,D,20170120,000000,15.996,15.996,14.924,15.089,0,0
UNT_PE,D,20170123,000000,15.089,15.913,15.089,15.666,0,0
UNT_PE,D,20170124,000000,15.336,15.666,15.089,15.089,0,0
UNT_PE,D,20170125,000000,15.172,15.666,13.77,14.676,0,0
UNT_PE,D,20170126,000000,14.676,14.676,13.935,13.935,0,0
UNT_PE,D,20170127,000000,14.099,14.346,14.099,14.346,0,0
UNT_PE,D,20170130,000000,14.264,15.254,14.182,15.172,0,0
UNT_PE,D,20170131,000000,15.089,15.089,15.089,15.089,0,0
UNT_PE,D,20170201,000000,14.924,14.924,14.676,14.676,0,0
UNT_PE,D,20170203,000000,15.006,16.078,14.43,15.831,0,0
UNT_PE,D,20170206,000000,15.666,15.666,14.512,14.924,0,0
UNT_PE,D,20170207,000000,14.594,14.924,14.594,14.924,0,0
UNT_PE,D,20170208,000000,14.512,14.512,11.626,12.78,0,0
UNT_PE,D,20170209,000000,13.11,13.11,10.307,11.461,0,0
UNT_PE,D,20170210,000000,11.296,11.461,10.307,11.296,0,0
UNT_PE,D,20170213,000000,11.296,12.039,10.883,12.039,0,0
UNT_PE,D,20170214,000000,12.203,13.275,10.142,10.142,0,0
UNT_PE,D,20170215,000000,9.977,10.554,9.977,9.977,0,0
UNT_PE,D,20170216,000000,9.977,10.224,9.977,10.224,0,0
UNT_PE,D,20170217,000000,10.142,10.224,10.142,10.224,0,0
UNT_PE,D,20170220,000000,9.977,9.977,9.647,9.977,0,0
UNT_PE,D,20170221,000000,9.977,9.977,9.895,9.895,0,0
UNT_PE,D,20170222,000000,9.977,10.472,9.977,10.307,0,0
UNT_PE,D,20170223,000000,10.801,12.945,10.637,12.121,0,0
UNT_PE,D,20170224,000000,12.698,12.945,12.286,12.945,0,0
UNT_PE,D,20170227,000000,12.45,13.028,12.039,12.121,0,0
UNT_PE,D,20170228,000000,12.203,12.203,11.791,11.956,0,0
UNT_PE,D,20170301,000000,12.039,12.039,11.873,11.873,0,0
UNT_PE,D,20170302,000000,12.039,12.039,11.461,11.956,0,0
UNT_PE,D,20170303,000000,11.626,12.286,11.626,12.286,0,0
UNT_PE,D,20170306,000000,12.45,12.532,11.049,12.286,0,0
UNT_PE,D,20170307,000000,12.286,12.286,8.8222,9.3173,0,0
UNT_PE,D,20170308,000000,9.3173,9.3173,8.6577,9.3173,0,0
UNT_PE,D,20170309,000000,9.3173,9.3173,8.4101,8.4101,0,0
UNT_PE,D,20170310,000000,8.4101,8.4101,7.998,8.2456,0,0
UNT_PE,D,20170313,000000,8.4101,8.9875,8.2456,8.6577,0,0
UNT_PE,D,20170314,000000,8.5754,8.6577,8.3278,8.4923,0,0
UNT_PE,D,20170315,000000,8.4923,8.4923,8.0802,8.4923,0,0
UNT_PE,D,20170316,000000,8.3278,8.3278,7.9155,8.1633,0,0
UNT_PE,D,20170317,000000,8.0802,11.131,7.9155,11.131,0,0
UNT_PE,D,20170320,000000,11.131,11.131,10.883,11.049,0,0
UNT_PE,D,20170321,000000,11.049,11.049,10.966,10.966,0,0
UNT_PE,D,20170322,000000,10.966,10.966,10.801,10.801,0,0
UNT_PE,D,20170323,000000,10.801,10.801,10.719,10.801,0,0
UNT_PE,D,20170324,000000,10.801,10.801,10.472,10.719,0,0
UNT_PE,D,20170327,000000,10.719,10.719,10.39,10.554,0,0
UNT_PE,D,20170328,000000,10.472,10.801,10.39,10.719,0,0
UNT_PE,D,20170329,000000,10.719,10.966,10.719,10.801,0,0
UNT_PE,D,20170330,000000,10.883,10.966,10.883,10.883,0,0
UNT_PE,D,20170331,000000,10.883,10.883,10.801,10.883,0,0
UNT_PE,D,20170403,000000,10.883,10.883,10.719,10.719,0,0
UNT_PE,D,20170404,000000,10.719,10.801,10.719,10.719,0,0
UNT_PE,D,20170405,000000,10.719,10.719,10.637,10.719,0,0
UNT_PE,D,20170406,000000,10.801,10.801,10.637,10.719,0,0
UNT_PE,D,20170407,000000,10.719,10.719,10.637,10.637,0,0
UNT_PE,D,20170410,000000,10.637,10.637,10.554,10.637,0,0
UNT_PE,D,20170411,000000,10.637,10.637,10.307,10.307,0,0
UNT_PE,D,20170412,000000,10.307,10.307,10.142,10.307,0,0
UNT_PE,D,20170413,000000,10.307,10.307,10.059,10.059,0,0
UNT_PE,D,20170418,000000,9.977,9.977,9.647,9.895,0,0
UNT_PE,D,20170419,000000,9.895,9.895,9.729,9.895,0,0
UNT_PE,D,20170420,000000,9.895,10.307,9.895,9.977,0,0
UNT_PE,D,20170421,000000,9.895,10.142,9.895,9.977,0,0
UNT_PE,D,20170424,000000,10.142,10.307,10.059,10.142,0,0
UNT_PE,D,20170425,000000,10.142,10.224,9.977,9.977,0,0
UNT_PE,D,20170426,000000,10.059,10.059,9.729,9.895,0,0
UNT_PE,D,20170427,000000,9.977,9.977,9.977,9.977,0,0
UNT_PE,D,20170428,000000,9.977,9.977,9.895,9.977,0,0
UNT_PE,D,20170502,000000,9.977,10.059,9.977,9.977,0,0
UNT_PE,D,20170504,000000,9.977,10.142,9.895,10.142,0,0
UNT_PE,D,20170505,000000,10.059,10.059,9.977,10.059,0,0
UNT_PE,D,20170508,000000,10.059,10.059,9.895,9.895,0,0
UNT_PE,D,20170509,000000,9.977,9.977,9.2354,9.2354,0,0
UNT_PE,D,20170510,000000,9.2354,9.4822,9.2354,9.3173,0,0
UNT_PE,D,20170511,000000,9.4822,9.4822,9.2354,9.3993,0,0
UNT_PE,D,20170512,000000,9.3993,9.977,9.3993,9.812,0,0
UNT_PE,D,20170515,000000,9.812,9.812,9.565,9.647,0,0
UNT_PE,D,20170516,000000,9.647,9.647,9.565,9.647,0,0
UNT_PE,D,20170517,000000,9.729,10.142,9.729,10.059,0,0
UNT_PE,D,20170518,000000,10.059,10.059,9.647,9.812,0,0
UNT_PE,D,20170519,000000,9.977,10.059,9.647,9.977,0,0
UNT_PE,D,20170522,000000,9.977,9.977,9.647,9.729,0,0
UNT_PE,D,20170523,000000,9.812,9.977,9.812,9.895,0,0
UNT_PE,D,20170524,000000,9.895,9.895,9.647,9.647,0,0
UNT_PE,D,20170525,000000,9.812,9.895,9.729,9.812,0,0
UNT_PE,D,20170526,000000,9.895,9.895,9.729,9.812,0,0
UNT_PE,D,20170529,000000,9.895,9.895,9.812,9.895,0,0
UNT_PE,D,20170530,000000,9.895,9.895,9.812,9.812,0,0
UNT_PE,D,20170531,000000,9.895,9.977,9.0695,9.0695,0,0
UNT_PE,D,20170601,000000,9.2354,9.565,9.2354,9.4822,0,0
UNT_PE,D,20170602,000000,9.4822,9.4822,9.3993,9.4822,0,0
UNT_PE,D,20170605,000000,9.4822,9.4822,9.3993,9.4822,0,0
UNT_PE,D,20170606,000000,9.4822,9.4822,9.3993,9.4822,0,0
UNT_PE,D,20170607,000000,9.4822,9.647,9.4822,9.565,0,0
UNT_PE,D,20170608,000000,9.565,9.977,9.565,9.729,0,0
UNT_PE,D,20170609,000000,9.895,9.895,9.729,9.729,0,0
UNT_PE,D,20170612,000000,9.812,9.812,9.647,9.647,0,0
UNT_PE,D,20170613,000000,9.812,9.812,9.647,9.729,0,0
UNT_PE,D,20170614,000000,9.729,9.812,9.729,9.812,0,0
UNT_PE,D,20170616,000000,9.812,9.812,9.729,9.729,0,0
UNT_PE,D,20170619,000000,9.812,9.812,9.729,9.812,0,0
UNT_PE,D,20170620,000000,9.812,9.812,9.729,9.729,0,0
UNT_PE,D,20170621,000000,9.729,9.895,9.565,9.895,0,0
UNT_PE,D,20170622,000000,9.895,9.977,9.895,9.977,0,0
UNT_PE,D,20170623,000000,9.977,9.977,9.895,9.895,0,0
UNT_PE,D,20170626,000000,9.977,9.977,9.812,9.812,0,0
UNT_PE,D,20170627,000000,9.812,9.812,9.729,9.812,0,0
UNT_PE,D,20170628,000000,9.812,9.812,9.4822,9.647,0,0
UNT_PE,D,20170629,000000,9.647,9.647,9.4822,9.647,0,0
UNT_PE,D,20170630,000000,9.647,9.647,9.565,9.565,0,0
UNT_PE,D,20170703,000000,9.836,9.836,9.667,9.752,0,0
UNT_PE,D,20170704,000000,9.667,9.752,9.582,9.752,0,0
UNT_PE,D,20170705,000000,9.752,9.752,9.582,9.667,0,0
UNT_PE,D,20170706,000000,9.582,9.582,9.4975,9.4975,0,0
UNT_PE,D,20170707,000000,9.4975,9.4975,9.4127,9.4975,0,0
UNT_PE,D,20170710,000000,9.4975,9.4975,8.9884,9.0733,0,0
UNT_PE,D,20170711,000000,8.9036,9.243,8.9036,9.0733,0,0
UNT_PE,D,20170712,000000,9.0733,9.0733,8.9036,8.9036,0,0
UNT_PE,D,20170713,000000,8.9036,8.9884,8.8187,8.9884,0,0
UNT_PE,D,20170714,000000,8.9884,8.9884,8.8187,8.9884,0,0
UNT_PE,D,20170717,000000,8.9884,8.9884,8.8187,8.9036,0,0
UNT_PE,D,20170718,000000,8.9036,8.9884,8.8187,8.9036,0,0
UNT_PE,D,20170719,000000,8.9884,8.9884,8.8187,8.9036,0,0
UNT_PE,D,20170720,000000,8.9036,8.9036,8.8187,8.9036,0,0
UNT_PE,D,20170721,000000,8.9036,8.9036,8.2252,8.3948,0,0
UNT_PE,D,20170724,000000,8.4796,8.734,8.3948,8.734,0,0
UNT_PE,D,20170725,000000,8.734,8.734,8.6492,8.734,0,0
UNT_PE,D,20170726,000000,8.6492,8.6492,8.6492,8.6492,0,0
UNT_PE,D,20170727,000000,8.6492,8.8187,8.6492,8.734,0,0
UNT_PE,D,20170728,000000,8.734,8.734,8.734,8.734,0,0
UNT_PE,D,20170731,000000,8.734,9.3278,8.734,9.3278,0,0
UNT_PE,D,20170801,000000,9.4127,9.667,9.3278,9.582,0,0
UNT_PE,D,20170802,000000,9.582,9.667,9.4127,9.4975,0,0
UNT_PE,D,20170803,000000,9.3278,9.582,9.3278,9.4127,0,0
UNT_PE,D,20170804,000000,9.4975,9.4975,9.4127,9.4127,0,0
UNT_PE,D,20170807,000000,9.4975,9.4975,9.243,9.243,0,0
UNT_PE,D,20170808,000000,9.3278,9.4127,8.9036,8.9884,0,0
UNT_PE,D,20170809,000000,8.9884,9.3278,8.8187,8.8187,0,0
UNT_PE,D,20170810,000000,8.8187,9.0733,8.8187,8.8187,0,0
UNT_PE,D,20170811,000000,8.9884,8.9884,8.734,8.734,0,0
UNT_PE,D,20170814,000000,8.9036,8.9884,8.9036,8.9884,0,0
UNT_PE,D,20170816,000000,8.734,8.9884,8.734,8.9884,0,0
UNT_PE,D,20170817,000000,8.9884,8.9884,8.734,8.734,0,0
UNT_PE,D,20170818,000000,8.734,8.8187,8.734,8.8187,0,0
UNT_PE,D,20170821,000000,8.8187,8.8187,8.5644,8.5644,0,0
UNT_PE,D,20170822,000000,8.6492,8.6492,8.5644,8.5644,0,0
UNT_PE,D,20170823,000000,8.6492,8.6492,8.4796,8.4796,0,0
UNT_PE,D,20170824,000000,8.4796,8.5644,8.3948,8.5644,0,0
UNT_PE,D,20170825,000000,8.5644,8.5644,8.4796,8.5644,0,0
UNT_PE,D,20170828,000000,8.5644,8.6492,8.3948,8.3948,0,0
UNT_PE,D,20170829,000000,8.3948,8.3948,8.1405,8.31,0,0
UNT_PE,D,20170830,000000,8.1405,8.1405,7.886,8.1405,0,0
UNT_PE,D,20170831,000000,8.1405,8.31,8.0556,8.2252,0,0
UNT_PE,D,20170901,000000,8.2252,8.31,8.2252,8.2252,0,0
UNT_PE,D,20170904,000000,8.4796,8.4796,8.31,8.3948,0,0
UNT_PE,D,20170905,000000,8.3948,8.3948,8.2252,8.2252,0,0
UNT_PE,D,20170906,000000,8.2252,8.2252,8.0556,8.1405,0,0
UNT_PE,D,20170907,000000,7.886,7.9708,7.6316,7.886,0,0
UNT_PE,D,20170908,000000,7.886,8.0556,7.7165,8.0556,0,0
UNT_PE,D,20170911,000000,8.0556,8.0556,7.7165,7.7165,0,0
UNT_PE,D,20170912,000000,7.7165,7.7165,7.3772,7.5468,0,0
UNT_PE,D,20170913,000000,7.4621,7.8012,7.4621,7.8012,0,0
UNT_PE,D,20170914,000000,7.7165,7.8012,7.7165,7.7165,0,0
UNT_PE,D,20170915,000000,7.7165,7.7165,7.4621,7.5468,0,0
UNT_PE,D,20170918,000000,7.5468,7.8012,7.5468,7.5468,0,0
UNT_PE,D,20170919,000000,7.5468,7.7165,7.5468,7.7165,0,0
UNT_PE,D,20170920,000000,7.7165,7.8012,7.7165,7.8012,0,0
UNT_PE,D,20170921,000000,7.8012,7.886,7.6316,7.8012,0,0
UNT_PE,D,20170922,000000,7.8012,7.8012,7.6316,7.8012,0,0
UNT_PE,D,20170925,000000,7.7165,7.8012,7.7165,7.8012,0,0
UNT_PE,D,20170926,000000,7.886,8.0556,7.886,8.0556,0,0
UNT_PE,D,20170927,000000,8.0556,8.6492,8.0556,8.5644,0,0
UNT_PE,D,20170928,000000,8.5644,8.5644,8.5644,8.5644,0,0
UNT_PE,D,20170929,000000,7.9708,7.9708,7.9708,7.9708,0,0
UNT_PE,D,20171002,000000,7.8012,7.8012,6.9533,6.9533,0,0
UNT_PE,D,20171003,000000,6.9533,7.2077,6.8684,6.9533,0,0
UNT_PE,D,20171004,000000,7.0381,7.3772,7.0381,7.2077,0,0
UNT_PE,D,20171005,000000,7.2077,7.2924,7.2077,7.2924,0,0
UNT_PE,D,20171006,000000,7.3772,7.3772,7.2077,7.2077,0,0
UNT_PE,D,20171009,000000,7.2077,7.2077,7.0381,7.1228,0,0
UNT_PE,D,20171010,000000,7.1228,7.1228,6.9533,7.0381,0,0
UNT_PE,D,20171011,000000,7.0381,7.1228,6.9533,6.9533,0,0
UNT_PE,D,20171012,000000,6.8684,6.9533,6.8684,6.8684,0,0
UNT_PE,D,20171013,000000,6.8684,6.8684,6.6989,6.6989,0,0
UNT_PE,D,20171016,000000,6.6989,6.6989,6.2749,6.2749,0,0
UNT_PE,D,20171017,000000,6.2749,6.2749,5.7662,6.1053,0,0
UNT_PE,D,20171018,000000,6.1053,6.1901,5.7662,5.8509,0,0
UNT_PE,D,20171019,000000,5.9357,5.9357,5.5965,5.6813,0,0
UNT_PE,D,20171020,000000,5.5965,6.1901,5.5118,5.9357,0,0
UNT_PE,D,20171023,000000,6.1053,6.1053,6.0205,6.1053,0,0
UNT_PE,D,20171024,000000,6.0205,6.0205,5.7662,5.7662,0,0
UNT_PE,D,20171025,000000,5.7662,5.9357,5.7662,5.8509,0,0
UNT_PE,D,20171026,000000,5.8509,5.9357,5.7662,5.7662,0,0
UNT_PE,D,20171027,000000,5.7662,5.8509,5.6813,5.7662,0,0
UNT_PE,D,20171030,000000,5.7662,5.8509,5.6813,5.7662,0,0
UNT_PE,D,20171031,000000,5.7662,5.9357,5.7662,5.8509,0,0
UNT_PE,D,20171102,000000,5.8509,5.9357,5.8509,5.8509,0,0
UNT_PE,D,20171103,000000,5.9357,5.9357,5.7662,5.8509,0,0
UNT_PE,D,20171106,000000,5.8509,5.8509,5.7662,5.7662,0,0
UNT_PE,D,20171107,000000,5.7662,5.8509,5.7662,5.8509,0,0
UNT_PE,D,20171108,000000,5.8509,5.8509,5.5965,5.5965,0,0
UNT_PE,D,20171109,000000,5.5965,5.6813,5.5965,5.5965,0,0
UNT_PE,D,20171110,000000,5.5965,5.5965,5.5118,5.5965,0,0
UNT_PE,D,20171113,000000,5.5965,5.5965,5.4269,5.4269,0,0
UNT_PE,D,20171114,000000,5.5965,5.5965,5.4269,5.5118,0,0
UNT_PE,D,20171115,000000,5.4269,5.6813,5.4269,5.6813,0,0
UNT_PE,D,20171116,000000,5.6813,6.0205,5.6813,6.0205,0,0
UNT_PE,D,20171117,000000,6.1053,6.2749,6.0205,6.1053,0,0
UNT_PE,D,20171120,000000,6.1901,6.5293,6.1053,6.5293,0,0
UNT_PE,D,20171121,000000,6.5293,6.5293,6.2749,6.2749,0,0
UNT_PE,D,20171122,000000,6.2749,6.2749,5.8509,5.9357,0,0
UNT_PE,D,20171123,000000,5.9357,5.9357,5.8509,5.9357,0,0
UNT_PE,D,20171124,000000,5.8509,5.9357,5.7662,5.7662,0,0
UNT_PE,D,20171127,000000,5.7662,5.7662,5.5965,5.7662,0,0
UNT_PE,D,20171128,000000,5.8509,5.8509,5.7662,5.8509,0,0
UNT_PE,D,20171129,000000,5.8509,5.8509,5.6813,5.7662,0,0
UNT_PE,D,20171130,000000,5.6813,5.6813,5.3421,5.3421,0,0
UNT_PE,D,20171201,000000,5.3421,5.3421,5.1725,5.2574,0,0
UNT_PE,D,20171204,000000,5.2574,5.2574,5.0878,5.1725,0,0
UNT_PE,D,20171205,000000,5.1725,5.1725,5.1725,5.1725,0,0
UNT_PE,D,20171206,000000,5.1725,5.1725,4.8334,5.003,0,0
UNT_PE,D,20171207,000000,5.003,5.003,4.9181,4.9181,0,0
UNT_PE,D,20171208,000000,4.9181,5.003,4.6638,4.7486,0,0
UNT_PE,D,20171211,000000,4.7486,4.8334,4.7486,4.7486,0,0
UNT_PE,D,20171212,000000,4.7486,5.0878,4.7486,5.0878,0,0
UNT_PE,D,20171213,000000,5.2574,5.4269,5.1725,5.2574,0,0
UNT_PE,D,20171214,000000,5.2574,5.2574,5.1725,5.1725,0,0
UNT_PE,D,20171215,000000,5.1725,5.1725,5.0878,5.1725,0,0
UNT_PE,D,20171218,000000,5.1725,5.1725,5.0878,5.1725,0,0
UNT_PE,D,20171219,000000,5.1725,5.1725,4.9181,4.9181,0,0
UNT_PE,D,20171220,000000,4.9181,5.003,4.7486,4.8334,0,0
UNT_PE,D,20171221,000000,4.8334,4.8334,4.7486,4.7486,0,0
UNT_PE,D,20171222,000000,4.7486,5.003,4.7486,4.7486,0,0
UNT_PE,D,20171227,000000,4.7486,4.7486,4.6638,4.7486,0,0
UNT_PE,D,20171228,000000,4.7486,4.9181,4.7486,4.9181,0,0
UNT_PE,D,20171229,000000,4.9181,5.1725,4.9181,5.0878,0,0
UNT_PE,D,20180103,000000,5.2574,5.2574,5.003,5.003,0,0
UNT_PE,D,20180104,000000,5.0878,5.1725,5.003,5.0878,0,0
UNT_PE,D,20180105,000000,5.0878,5.1725,5.003,5.1725,0,0
UNT_PE,D,20180108,000000,5.1725,5.1725,5.0878,5.0878,0,0
UNT_PE,D,20180109,000000,5.1725,5.1725,5.0878,5.0878,0,0
UNT_PE,D,20180110,000000,5.0878,5.0878,5.003,5.0878,0,0
UNT_PE,D,20180111,000000,5.0878,5.0878,5.003,5.003,0,0
UNT_PE,D,20180112,000000,5.0878,5.3421,5.003,5.3421,0,0
UNT_PE,D,20180115,000000,5.4269,5.6813,5.4269,5.5118,0,0
UNT_PE,D,20180116,000000,5.5965,5.5965,5.4269,5.5118,0,0
UNT_PE,D,20180117,000000,5.5965,5.6813,5.5965,5.6813,0,0
UNT_PE,D,20180118,000000,5.6813,6.0205,5.6813,6.0205,0,0
UNT_PE,D,20180119,000000,6.0205,6.2749,5.8509,5.8509,0,0
UNT_PE,D,20180122,000000,5.8509,5.8509,5.6813,5.8509,0,0
UNT_PE,D,20180123,000000,5.8509,6.0205,5.7662,5.7662,0,0
UNT_PE,D,20180124,000000,5.7662,5.7662,5.5118,5.6813,0,0
UNT_PE,D,20180125,000000,5.6813,5.7662,5.5118,5.5118,0,0
UNT_PE,D,20180126,000000,5.5118,5.6813,5.5118,5.5965,0,0
UNT_PE,D,20180129,000000,5.6813,5.6813,5.5118,5.5965,0,0
UNT_PE,D,20180130,000000,5.5965,5.5965,5.4269,5.4269,0,0
UNT_PE,D,20180131,000000,5.4269,5.4269,5.2574,5.3421,0,0
UNT_PE,D,20180201,000000,5.2574,5.5118,5.2574,5.5118,0,0
UNT_PE,D,20180202,000000,5.5118,5.5118,5.3421,5.3421,0,0
UNT_PE,D,20180205,000000,5.3421,5.4269,5.2574,5.2574,0,0
UNT_PE,D,20180206,000000,5.0878,5.0878,4.9181,4.9181,0,0
UNT_PE,D,20180207,000000,5.003,5.3421,4.7486,4.7486,0,0
UNT_PE,D,20180208,000000,4.7486,4.8334,4.7486,4.7486,0,0
UNT_PE,D,20180209,000000,4.7486,4.8334,4.6638,4.8334,0,0
UNT_PE,D,20180212,000000,4.8334,4.8334,4.7486,4.7486,0,0
UNT_PE,D,20180213,000000,4.7486,4.7486,4.4094,4.4942,0,0
UNT_PE,D,20180214,000000,4.6638,4.6638,4.4094,4.4942,0,0
UNT_PE,D,20180215,000000,4.4942,4.6638,4.4942,4.4942,0,0
UNT_PE,D,20180216,000000,4.579,4.579,4.4094,4.4094,0,0
UNT_PE,D,20180219,000000,4.4094,4.4094,4.2398,4.2398,0,0
UNT_PE,D,20180220,000000,4.2398,4.2398,4.0702,4.155,0,0
UNT_PE,D,20180221,000000,4.155,4.2398,3.9854,3.9854,0,0
UNT_PE,D,20180222,000000,3.9006,3.9854,3.9006,3.9006,0,0
UNT_PE,D,20180223,000000,3.9006,3.9854,3.9006,3.9854,0,0
UNT_PE,D,20180226,000000,4.0702,4.155,4.0702,4.0702,0,0
UNT_PE,D,20180227,000000,4.0702,4.155,3.9854,4.0702,0,0
UNT_PE,D,20180228,000000,4.0702,4.155,4.0702,4.155,0,0
UNT_PE,D,20180301,000000,4.155,4.3246,4.155,4.3246,0,0
UNT_PE,D,20180302,000000,4.3246,4.3246,4.155,4.2398,0,0
UNT_PE,D,20180305,000000,4.2398,4.3246,4.2398,4.2398,0,0
UNT_PE,D,20180306,000000,4.3246,4.4094,4.2398,4.2398,0,0
UNT_PE,D,20180307,000000,4.2398,4.3246,4.0702,4.155,0,0
UNT_PE,D,20180308,000000,4.155,4.155,3.9854,3.9854,0,0
UNT_PE,D,20180309,000000,3.9006,3.9006,3.8158,3.9006,0,0
UNT_PE,D,20180312,000000,3.9854,3.9854,3.9006,3.9006,0,0
UNT_PE,D,20180313,000000,3.9006,3.9854,3.9006,3.9854,0,0
UNT_PE,D,20180314,000000,3.9854,3.9854,3.8158,3.9006,0,0
UNT_PE,D,20180315,000000,3.9006,3.9006,3.8158,3.9006,0,0
UNT_PE,D,20180316,000000,3.9006,3.9006,3.8158,3.9006,0,0
UNT_PE,D,20180319,000000,3.9006,4.3246,3.9006,3.9854,0,0
UNT_PE,D,20180320,000000,3.9854,4.155,3.9854,4.0702,0,0
UNT_PE,D,20180321,000000,4.0702,4.0702,3.9854,3.9854,0,0
UNT_PE,D,20180322,000000,4.155,4.155,3.9006,4.0702,0,0
UNT_PE,D,20180323,000000,4.0702,4.155,4.0702,4.0702,0,0
UNT_PE,D,20180326,000000,4.155,5.5965,4.0702,5.5965,0,0
UNT_PE,D,20180327,000000,5.6813,5.6813,5.5965,5.6813,0,0
UNT_PE,D,20180328,000000,5.7662,5.7662,5.4269,5.4269,0,0
UNT_PE,D,20180329,000000,5.4269,5.5118,5.4269,5.4269,0,0
UNT_PE,D,20180403,000000,5.4269,5.4269,5.3421,5.4269,0,0
UNT_PE,D,20180404,000000,5.4269,5.4269,5.3421,5.3421,0,0
UNT_PE,D,20180405,000000,5.4269,5.4269,5.3421,5.3421,0,0
UNT_PE,D,20180406,000000,5.3421,5.3421,5.2574,5.2574,0,0
UNT_PE,D,20180409,000000,5.1725,5.2574,5.003,5.2574,0,0
UNT_PE,D,20180410,000000,5.2574,5.2574,5.2574,5.2574,0,0
UNT_PE,D,20180411,000000,5.2574,5.2574,5.2574,5.2574,0,0
UNT_PE,D,20180412,000000,5.2574,5.2574,5.2574,5.2574,0,0
UNT_PE,D,20180413,000000,5.2574,5.9357,5.1725,5.9357,0,0
UNT_PE,D,20180416,000000,6.1901,6.5293,6.1053,6.1053,0,0
UNT_PE,D,20180417,000000,6.1053,6.1053,5.9357,5.9357,0,0
UNT_PE,D,20180418,000000,5.8509,5.9357,5.7662,5.8509,0,0
UNT_PE,D,20180419,000000,5.8509,5.8509,5.7662,5.7662,0,0
UNT_PE,D,20180420,000000,5.8509,5.8509,5.7662,5.7662,0,0
UNT_PE,D,20180423,000000,5.7662,5.7662,5.6813,5.6813,0,0
UNT_PE,D,20180424,000000,5.6813,5.7662,5.5965,5.6813,0,0
UNT_PE,D,20180425,000000,5.7662,5.7662,5.6813,5.6813,0,0
UNT_PE,D,20180426,000000,5.6813,5.6813,5.5965,5.6813,0,0
UNT_PE,D,20180427,000000,5.6813,5.6813,5.5118,5.6813,0,0
UNT_PE,D,20180430,000000,5.2574,5.3421,4.9181,4.9181,0,0
UNT_PE,D,20180502,000000,4.9181,4.9181,4.6638,4.9181,0,0
UNT_PE,D,20180504,000000,4.9181,5.0878,4.8334,4.9181,0,0
UNT_PE,D,20180507,000000,4.9181,5.003,4.8334,4.9181,0,0
UNT_PE,D,20180508,000000,5.003,5.003,4.7486,4.9181,0,0
UNT_PE,D,20180509,000000,4.9181,4.9181,4.8334,4.8334,0,0
UNT_PE,D,20180510,000000,4.8334,4.8334,4.6638,4.7486,0,0
UNT_PE,D,20180511,000000,4.7486,4.9181,4.6638,4.8334,0,0
UNT_PE,D,20180514,000000,4.8334,4.8334,4.7486,4.7486,0,0
UNT_PE,D,20180515,000000,4.7486,4.9181,4.7486,4.8334,0,0
UNT_PE,D,20180516,000000,4.8334,4.8334,4.4942,4.4942,0,0
UNT_PE,D,20180517,000000,4.4942,4.4942,4.2398,4.4942,0,0
UNT_PE,D,20180518,000000,4.579,7.6316,4.4094,7.6316,0,0
UNT_PE,D,20180521,000000,7.8012,7.8012,7.3772,7.6316,0,0
UNT_PE,D,20180522,000000,7.7165,7.8012,7.6316,7.8012,0,0
UNT_PE,D,20180523,000000,7.886,8.0556,7.7165,7.9708,0,0
UNT_PE,D,20180524,000000,7.886,7.9708,7.5468,7.5468,0,0
UNT_PE,D,20180525,000000,7.5468,7.7165,7.1228,7.2077,0,0
UNT_PE,D,20180528,000000,7.2077,7.4621,7.1228,7.4621,0,0
UNT_PE,D,20180529,000000,7.6316,7.6316,7.5468,7.5468,0,0
UNT_PE,D,20180530,000000,7.5468,7.9708,7.5468,7.7165,0,0
UNT_PE,D,20180601,000000,7.8012,7.886,7.7165,7.8012,0,0
UNT_PE,D,20180604,000000,8.2927,8.2927,7.4348,7.8161,0,0
UNT_PE,D,20180605,000000,7.7208,7.7208,7.1489,7.3395,0,0
UNT_PE,D,20180606,000000,7.4348,7.4348,6.6723,6.8629,0,0
UNT_PE,D,20180607,000000,6.8629,6.8629,6.6723,6.7676,0,0
UNT_PE,D,20180608,000000,6.7676,7.1489,6.7676,7.1489,0,0
UNT_PE,D,20180611,000000,7.2442,7.2442,6.9582,7.0535,0,0
UNT_PE,D,20180612,000000,7.0535,7.0535,6.8629,6.8629,0,0
UNT_PE,D,20180613,000000,6.8629,6.9582,6.7676,6.7676,0,0
UNT_PE,D,20180614,000000,6.8629,6.8629,6.6723,6.6723,0,0
UNT_PE,D,20180615,000000,6.577,6.577,6.4816,6.577,0,0
UNT_PE,D,20180618,000000,6.4816,6.577,6.4816,6.577,0,0
UNT_PE,D,20180619,000000,6.4816,6.8629,6.4816,6.7676,0,0
UNT_PE,D,20180620,000000,6.8629,6.9582,6.7676,6.7676,0,0
UNT_PE,D,20180621,000000,6.7676,6.7676,6.6723,6.7676,0,0
UNT_PE,D,20180622,000000,6.7676,6.7676,6.577,6.7676,0,0
UNT_PE,D,20180625,000000,6.7676,6.7676,6.6723,6.7676,0,0
UNT_PE,D,20180626,000000,6.6723,6.8629,6.6723,6.8629,0,0
UNT_PE,D,20180627,000000,6.8629,6.8629,6.6723,6.7676,0,0
UNT_PE,D,20180628,000000,6.6723,6.8629,6.6723,6.8629,0,0
UNT_PE,D,20180629,000000,6.8629,6.8629,6.577,6.6723,0,0
UNT_PE,D,20180702,000000,6.7676,6.7676,6.4816,6.577,0,0
UNT_PE,D,20180703,000000,6.4816,6.4816,6.005,6.1004,0,0
UNT_PE,D,20180704,000000,6.1957,6.1957,6.005,6.005,0,0
UNT_PE,D,20180705,000000,6.1004,6.1004,6.005,6.1004,0,0
UNT_PE,D,20180706,000000,6.1004,6.291,6.1004,6.291,0,0
UNT_PE,D,20180709,000000,6.291,6.291,6.1004,6.1004,0,0
UNT_PE,D,20180710,000000,6.005,6.005,5.8144,5.9097,0,0
UNT_PE,D,20180711,000000,5.9097,5.9097,5.7191,5.8144,0,0
UNT_PE,D,20180712,000000,5.8144,5.8144,5.3378,5.7191,0,0
UNT_PE,D,20180713,000000,5.6238,5.6238,5.5285,5.5285,0,0
UNT_PE,D,20180716,000000,5.5285,5.6238,5.5285,5.6238,0,0
UNT_PE,D,20180717,000000,5.5285,5.7191,5.5285,5.5285,0,0
UNT_PE,D,20180718,000000,5.5285,5.6238,5.5285,5.6238,0,0
UNT_PE,D,20180719,000000,5.6238,5.6238,5.5285,5.6238,0,0
UNT_PE,D,20180720,000000,5.7191,5.7191,5.5285,5.5285,0,0
UNT_PE,D,20180723,000000,5.5285,5.5285,5.5285,5.5285,0,0
UNT_PE,D,20180724,000000,5.5285,5.8144,5.5285,5.5285,0,0
UNT_PE,D,20180725,000000,5.5285,5.5285,5.4331,5.4331,0,0
UNT_PE,D,20180726,000000,5.4331,5.4331,5.2425,5.3378,0,0
UNT_PE,D,20180727,000000,5.3378,5.3378,5.2425,5.2425,0,0
UNT_PE,D,20180730,000000,5.3378,5.3378,5.1472,5.2425,0,0
UNT_PE,D,20180731,000000,5.4331,5.4331,5.2425,5.2425,0,0
UNT_PE,D,20180801,000000,5.3378,5.6238,5.2425,5.6238,0,0
UNT_PE,D,20180802,000000,5.6238,6.1004,5.6238,5.9097,0,0
UNT_PE,D,20180803,000000,6.005,6.1004,5.6238,5.7191,0,0
UNT_PE,D,20180806,000000,5.6238,5.7191,5.4331,5.7191,0,0
UNT_PE,D,20180807,000000,5.7191,5.7191,5.5285,5.5285,0,0
UNT_PE,D,20180808,000000,5.5285,5.6238,5.5285,5.6238,0,0
UNT_PE,D,20180809,000000,5.6238,5.6238,5.5285,5.5285,0,0
UNT_PE,D,20180810,000000,5.5285,5.6238,5.4331,5.4331,0,0
UNT_PE,D,20180813,000000,5.4331,5.4331,5.4331,5.4331,0,0
UNT_PE,D,20180814,000000,5.5285,5.5285,5.5285,5.5285,0,0
UNT_PE,D,20180816,000000,5.5285,5.5285,5.5285,5.5285,0,0
UNT_PE,D,20180817,000000,5.6238,5.7191,5.6238,5.6238,0,0
UNT_PE,D,20180820,000000,5.4331,5.4331,4.9565,5.1472,0,0
UNT_PE,D,20180821,000000,5.1472,5.1472,4.7659,4.8612,0,0
UNT_PE,D,20180822,000000,4.8612,5.0519,4.8612,4.9565,0,0
UNT_PE,D,20180823,000000,4.7659,4.8612,4.7659,4.7659,0,0
UNT_PE,D,20190401,000000,919.92,919.92,919.92,919.92,0,0
UNT_PE,D,20190402,000000,960.52,964.14,905.71,905.71,0,0
UNT_PE,D,20190403,000000,917.63,931.83,917.63,923.44,0,0
UNT_PE,D,20190404,000000,960.33,1017.24,960.33,983.87,0,0
UNT_PE,D,20190405,000000,985.21,1024.29,981.68,983.87,0,0
UNT_PE,D,20190408,000000,985.21,1020.76,985.21,1001.6,0,0
UNT_PE,D,20190409,000000,1020.76,1063.46,1002.94,1015.81,0,0
UNT_PE,D,20190410,000000,1031.44,1042.11,1024.29,1030.01,0,0
UNT_PE,D,20190411,000000,1031.44,1052.79,1031.44,1044.21,0,0
UNT_PE,D,20190412,000000,1045.64,1056.32,1031.44,1044.21,0,0
UNT_PE,D,20190415,000000,1045.64,1045.64,1022.95,1022.95,0,0
UNT_PE,D,20190416,000000,1020.76,1038.59,1010.09,1022.95,0,0
UNT_PE,D,20190417,000000,1042.11,1042.11,1006.56,1019.33,0,0
UNT_PE,D,20190418,000000,1017.24,1017.24,981.68,990.93,0,0
UNT_PE,D,20190423,000000,995.88,1034.96,988.73,994.55,0,0
UNT_PE,D,20190424,000000,985.21,985.21,924.68,937.64,0,0
UNT_PE,D,20190425,000000,971.01,981.68,960.33,962.52,0,0
UNT_PE,D,20190426,000000,981.68,981.68,949.65,962.52,0,0
UNT_PE,D,20190429,000000,971.01,971.01,916.39,916.39,0,0
UNT_PE,D,20190430,000000,917.63,917.63,832.22,852.43,0,0
UNT_PE,D,20190502,000000,860.72,860.72,714.89,767.22,0,0
UNT_PE,D,20190506,000000,768.26,832.22,768.26,795.62,0,0
UNT_PE,D,20190507,000000,800.29,800.29,761.12,767.22,0,0
UNT_PE,D,20190508,000000,768.26,785.99,764.64,767.22,0,0
UNT_PE,D,20190509,000000,768.26,810.87,768.26,781.42,0,0
UNT_PE,D,20190510,000000,782.47,828.7,782.47,818.02,0,0
UNT_PE,D,20190513,000000,825.17,850.05,807.34,838.23,0,0
UNT_PE,D,20190514,000000,832.22,839.37,810.87,831.08,0,0
UNT_PE,D,20190515,000000,896.28,953.18,5.7191,5.7191,0,0
UNT_PE,D,20190516,000000,5.8144,6.005,5.5285,5.5285,0,0
UNT_PE,D,20190517,000000,5.5285,5.5285,5.3378,5.5285,0,0
UNT_PE,D,20190520,000000,5.5285,5.8144,5.3378,5.6238,0,0
UNT_PE,D,20190521,000000,5.6238,5.6238,5.4331,5.5285,0,0
UNT_PE,D,20190522,000000,5.5285,5.6238,5.4331,5.5285,0,0
UNT_PE,D,20190523,000000,5.6238,5.7191,5.5285,5.7191,0,0
UNT_PE,D,20190524,000000,5.7191,5.7191,5.5285,5.6238,0,0
UNT_PE,D,20190527,000000,5.8144,5.9097,5.8144,5.9097,0,0
UNT_PE,D,20190528,000000,5.9097,6.1957,5.9097,6.1957,0,0
UNT_PE,D,20190529,000000,6.1004,6.1957,6.005,6.005,0,0
UNT_PE,D,20190530,000000,6.005,6.1957,6.005,6.1957,0,0
UNT_PE,D,20190531,000000,6.1957,6.1957,6.005,6.1957,0,0
UNT_PE,D,20190603,000000,6.1957,6.1957,6.005,6.1957,0,0
UNT_PE,D,20190604,000000,6.1957,6.1957,6.005,6.1957,0,0
UNT_PE,D,20190605,000000,6.1004,6.1957,6.005,6.1004,0,0
UNT_PE,D,20190606,000000,6.005,6.1957,5.9097,6.005,0,0
UNT_PE,D,20190607,000000,6.005,6.1004,5.9097,5.9097,0,0
UNT_PE,D,20190610,000000,6.1004,7.0535,6.005,6.6723,0,0
UNT_PE,D,20190611,000000,6.6723,7.0535,6.6723,6.9582,0,0
UNT_PE,D,20190612,000000,6.8629,6.9582,6.6723,6.8629,0,0
UNT_PE,D,20190613,000000,6.9582,7.0535,6.8629,6.9582,0,0
UNT_PE,D,20190614,000000,6.9582,6.9582,6.7676,6.8629,0,0
UNT_PE,D,20190617,000000,7.0535,7.0535,6.7676,6.9582,0,0
UNT_PE,D,20190618,000000,7.0535,7.0535,6.8629,6.9582,0,0
UNT_PE,D,20190619,000000,7.0535,7.3395,7.0535,7.2442,0,0
UNT_PE,D,20190621,000000,7.2442,7.7208,7.2442,7.5301,0,0
UNT_PE,D,20190624,000000,7.6255,7.7208,7.3395,7.6255,0,0
UNT_PE,D,20190625,000000,7.6255,7.6255,7.4348,7.4348,0,0
UNT_PE,D,20190626,000000,7.3395,7.5301,7.2442,7.3395,0,0
UNT_PE,D,20190627,000000,7.4348,7.7208,7.4348,7.5301,0,0
UNT_PE,D,20190628,000000,7.7208,7.7208,7.3395,7.7208,0,0
UNT_PE,D,20190701,000000,7.7208,7.7208,7.4348,7.5301,0,0
UNT_PE,D,20190702,000000,7.5301,7.6255,7.4348,7.4348,0,0
UNT_PE,D,20190703,000000,7.5301,7.6255,7.4348,7.5301,0,0
UNT_PE,D,20190704,000000,7.5301,7.5301,7.2442,7.4348,0,0
UNT_PE,D,20190705,000000,7.5301,7.6255,7.4348,7.5301,0,0
UNT_PE,D,20190708,000000,7.5301,7.7208,7.4348,7.7208,0,0
UNT_PE,D,20190709,000000,7.7208,7.7208,7.5301,7.5301,0,0
UNT_PE,D,20190710,000000,7.5301,8.102,7.4348,8.102,0,0
UNT_PE,D,20190711,000000,7.9114,8.102,7.9114,7.9114,0,0
UNT_PE,D,20190712,000000,7.9114,8.1974,7.8161,8.102,0,0
UNT_PE,D,20190715,000000,8.1974,8.2927,8.102,8.1974,0,0
UNT_PE,D,20190716,000000,8.2927,8.2927,7.8161,7.9114,0,0
UNT_PE,D,20190717,000000,8.0067,8.102,7.8161,7.8161,0,0
UNT_PE,D,20190718,000000,7.7208,7.9114,7.6255,7.8161,0,0
UNT_PE,D,20190719,000000,7.9114,7.9114,7.6255,7.7208,0,0
UNT_PE,D,20190722,000000,7.7208,8.0067,7.7208,8.0067,0,0
UNT_PE,D,20190723,000000,8.0067,8.0067,7.9114,7.9114,0,0
UNT_PE,D,20190724,000000,7.9114,8.1974,7.8161,8.102,0,0
UNT_PE,D,20190725,000000,8.102,8.102,7.8161,7.8161,0,0
UNT_PE,D,20190726,000000,7.9114,7.9114,7.4348,7.4348,0,0
UNT_PE,D,20190729,000000,7.5301,7.5301,6.9582,7.5301,0,0
UNT_PE,D,20190730,000000,7.6255,7.9114,7.6255,7.8161,0,0
UNT_PE,D,20190731,000000,7.8161,7.9114,7.8161,7.8161,0,0
UNT_PE,D,20190801,000000,7.8161,7.9114,7.8161,7.8161,0,0
UNT_PE,D,20190802,000000,7.8161,7.8161,7.5301,7.7208,0,0
UNT_PE,D,20190805,000000,7.6255,8.2927,7.6255,8.2927,0,0
UNT_PE,D,20190806,000000,8.388,8.4833,8.102,8.1974,0,0
UNT_PE,D,20190807,000000,8.1974,8.1974,8.0067,8.102,0,0
UNT_PE,D,20190808,000000,8.0067,8.0067,7.8161,7.8161,0,0
UNT_PE,D,20190809,000000,7.8161,8.0067,7.8161,7.8161,0,0
UNT_PE,D,20190812,000000,7.8161,7.8161,7.4348,7.6255,0,0
UNT_PE,D,20190813,000000,7.7208,7.8161,7.7208,7.7208,0,0
UNT_PE,D,20190814,000000,7.7208,7.7208,7.2442,7.6255,0,0
UNT_PE,D,20190816,000000,7.6255,7.6255,7.0535,7.1489,0,0
UNT_PE,D,20190819,000000,7.1489,7.5301,7.1489,7.3395,0,0
UNT_PE,D,20190820,000000,7.3395,7.8161,7.2442,7.7208,0,0
UNT_PE,D,20190821,000000,7.7208,8.4833,7.7208,8.2927,0,0
UNT_PE,D,20190822,000000,8.5786,8.6739,4.2893,4.2893,0,0
UNT_PE,D,20190823,000000,4.2893,4.3846,4.194,4.3846,0,0
UNT_PE,D,20190826,000000,4.3846,4.3846,4.194,4.3846,0,0
UNT_PE,D,20190827,000000,4.3846,4.8612,4.3846,4.7659,0,0
UNT_PE,D,20190828,000000,4.7659,4.7659,4.6706,4.7659,0,0
UNT_PE,D,20190829,000000,4.7659,4.9565,4.7659,4.8612,0,0
UNT_PE,D,20190830,000000,4.8612,4.8612,4.6706,4.7659,0,0
UNT_PE,D,20190902,000000,4.7659,5.2425,4.7659,5.1472,0,0
UNT_PE,D,20190903,000000,5.3378,5.3378,5.1472,5.2425,0,0
UNT_PE,D,20190904,000000,5.2425,5.2425,5.0519,5.1472,0,0
UNT_PE,D,20190905,000000,5.1472,5.2425,5.0519,5.1472,0,0
UNT_PE,D,20190906,000000,5.0519,5.1472,5.0519,5.1472,0,0
UNT_PE,D,20190909,000000,5.1472,5.5285,5.1472,5.4331,0,0
UNT_PE,D,20190910,000000,5.4331,5.5285,5.3378,5.5285,0,0
UNT_PE,D,20190911,000000,5.6238,5.6238,5.1472,5.3378,0,0
UNT_PE,D,20190912,000000,5.3378,5.6238,5.1472,5.5285,0,0
UNT_PE,D,20190913,000000,5.6238,5.8144,5.6238,5.7191,0,0
UNT_PE,D,20190916,000000,5.7191,6.1957,5.7191,6.1004,0,0
UNT_PE,D,20190917,000000,6.1004,6.291,5.9097,6.1004,0,0
UNT_PE,D,20190918,000000,6.1004,6.1004,5.8144,5.9097,0,0
UNT_PE,D,20190919,000000,6.005,6.005,5.9097,5.9097,0,0
UNT_PE,D,20190920,000000,5.9097,5.9097,5.6238,5.6238,0,0
UNT_PE,D,20190923,000000,5.6238,5.8144,5.3378,5.6238,0,0
UNT_PE,D,20190924,000000,5.6238,5.6238,5.4331,5.5285,0,0
UNT_PE,D,20190925,000000,5.5285,5.5285,5.2425,5.2425,0,0
UNT_PE,D,20190926,000000,5.2425,5.6238,5.2425,5.5285,0,0
UNT_PE,D,20190927,000000,5.6238,5.7191,5.5285,5.5285,0,0
UNT_PE,D,20190930,000000,5.6238,5.6238,5.5285,5.6238,0,0
UNT_PE,D,20191001,000000,5.6238,5.6238,5.5285,5.6238,0,0
UNT_PE,D,20191002,000000,5.6238,5.6238,5.5285,5.6238,0,0
UNT_PE,D,20191003,000000,5.6238,5.6238,5.4331,5.5285,0,0
UNT_PE,D,20191004,000000,5.5285,5.6238,5.1472,5.6238,0,0
UNT_PE,D,20191007,000000,5.6238,5.6238,5.3378,5.4331,0,0
UNT_PE,D,20191008,000000,5.4331,5.5285,5.4331,5.4331,0,0
UNT_PE,D,20191009,000000,5.4331,5.5285,5.3378,5.5285,0,0
UNT_PE,D,20191010,000000,5.5285,5.8144,5.5285,5.8144,0,0
UNT_PE,D,20191011,000000,5.8144,6.1957,5.8144,6.1004,0,0
UNT_PE,D,20191014,000000,6.291,6.3863,6.1004,6.291,0,0
UNT_PE,D,20191015,000000,6.3863,6.3863,6.291,6.3863,0,0
UNT_PE,D,20191016,000000,6.3863,6.4816,6.1957,6.291,0,0
UNT_PE,D,20191017,000000,6.3863,6.3863,6.1957,6.3863,0,0
UNT_PE,D,20191018,000000,6.3863,6.4816,6.3863,6.4816,0,0
UNT_PE,D,20191021,000000,6.4816,6.9582,6.4816,6.8629,0,0
UNT_PE,D,20191022,000000,6.8629,7.1489,6.8629,7.0535,0,0
UNT_PE,D,20191023,000000,7.0535,7.0535,6.7676,6.8629,0,0
UNT_PE,D,20191024,000000,6.9582,6.9582,6.6723,6.7676,0,0
UNT_PE,D,20191025,000000,6.7676,6.7676,6.3863,6.3863,0,0
UNT_PE,D,20191028,000000,6.4816,6.6723,6.3863,6.6723,0,0
UNT_PE,D,20191029,000000,6.7676,6.7676,6.577,6.577,0,0
UNT_PE,D,20191030,000000,6.577,6.6723,6.4816,6.577,0,0
UNT_PE,D,20191031,000000,6.577,6.7676,6.3863,6.577,0,0
UNT_PE,D,20191104,000000,6.577,7.0535,6.3863,7.0535,0,0
UNT_PE,D,20191105,000000,7.0535,7.3395,6.8629,6.8629,0,0
UNT_PE,D,20191106,000000,6.9582,7.1489,6.8629,7.0535,0,0
UNT_PE,D,20191107,000000,7.1489,7.1489,6.9582,7.0535,0,0
UNT_PE,D,20191108,000000,7.0535,7.0535,6.9582,7.0535,0,0
UNT_PE,D,20191112,000000,7.1489,7.5301,7.1489,7.5301,0,0
UNT_PE,D,20191113,000000,7.6255,7.6255,7.4348,7.5301,0,0
UNT_PE,D,20191114,000000,7.5301,7.7208,5.4331,5.4331,0,0
UNT_PE,D,20191115,000000,5.4331,5.5285,5.2425,5.4331,0,0
UNT_PE,D,20191118,000000,5.4331,5.4331,5.1472,5.1472,0,0
UNT_PE,D,20191119,000000,5.1472,5.3378,5.0519,5.3378,0,0
UNT_PE,D,20191120,000000,5.3378,5.4331,5.2425,5.2425,0,0
UNT_PE,D,20191121,000000,5.1472,5.1472,5.0519,5.0519,0,0
UNT_PE,D,20191122,000000,5.0519,5.1472,4.7659,4.8612,0,0
UNT_PE,D,20191125,000000,4.9565,5.0519,4.9565,5.0519,0,0
UNT_PE,D,20191126,000000,5.0519,5.1472,4.9565,5.0519,0,0
UNT_PE,D,20191127,000000,5.0519,5.2425,5.0519,5.1472,0,0
UNT_PE,D,20191128,000000,5.2425,5.2425,5.1472,5.1472,0,0
UNT_PE,D,20191129,000000,5.0519,5.1472,5.0519,5.1472,0,0
UNT_PE,D,20191202,000000,5.1472,5.2425,5.0519,5.0519,0,0
UNT_PE,D,20191203,000000,4.9565,5.0519,4.7659,4.9565,0,0
UNT_PE,D,20191204,000000,4.8612,4.9565,4.8612,4.8612,0,0
UNT_PE,D,20191205,000000,4.9565,4.9565,4.2893,4.2893,0,0
UNT_PE,D,20191206,000000,4.3846,4.8612,4.194,4.8612,0,0
UNT_PE,D,20191209,000000,4.8612,4.8612,4.6706,4.6706,0,0
UNT_PE,D,20191210,000000,4.7659,4.7659,4.5753,4.6706,0,0
UNT_PE,D,20191211,000000,4.6706,4.7659,4.5753,4.7659,0,0
UNT_PE,D,20191212,000000,4.8612,4.9565,4.7659,4.9565,0,0
UNT_PE,D,20191213,000000,4.9565,5.3378,4.9565,5.2425,0,0
UNT_PE,D,20191216,000000,5.2425,5.2425,5.0519,5.2425,0,0
UNT_PE,D,20191217,000000,5.2425,5.2425,4.8612,4.9565,0,0
UNT_PE,D,20191218,000000,4.9565,4.9565,4.7659,4.8612,0,0
UNT_PE,D,20191219,000000,4.8612,4.8612,4.7659,4.7659,0,0
UNT_PE,D,20191220,000000,4.7659,4.7659,4.48,4.48,0,0
UNT_PE,D,20191223,000000,4.48,4.6706,4.3846,4.5753,0,0
UNT_PE,D,20191227,000000,4.5753,4.6706,4.48,4.5753,0,0
UNT_PE,D,20191230,000000,4.6706,4.7659,4.6706,4.6706,0,0
UNT_PE,D,20200102,000000,4.7659,4.8612,4.6706,4.8612,0,0
UNT_PE,D,20200103,000000,4.8612,4.9565,4.6706,4.7659,0,0
UNT_PE,D,20200107,000000,4.7659,4.7659,4.5753,4.5753,0,0
UNT_PE,D,20200108,000000,4.5753,4.6706,4.48,4.5753,0,0
UNT_PE,D,20200109,000000,4.48,4.5753,4.48,4.5753,0,0
UNT_PE,D,20200110,000000,4.6706,4.6706,4.5753,4.5753,0,0
UNT_PE,D,20200113,000000,4.5753,4.9565,4.5753,4.9565,0,0
UNT_PE,D,20200114,000000,4.9565,5.1472,4.8612,4.8612,0,0
UNT_PE,D,20200115,000000,4.7659,4.8612,4.7659,4.8612,0,0
UNT_PE,D,20200116,000000,4.8612,4.8612,4.7659,4.7659,0,0
UNT_PE,D,20200117,000000,4.7659,4.9565,4.6706,4.9565,0,0
UNT_PE,D,20200120,000000,4.8612,5.1472,4.8612,5.1472,0,0
UNT_PE,D,20200121,000000,5.2425,5.5285,5.2425,5.4331,0,0
UNT_PE,D,20200122,000000,5.5285,5.5285,5.2425,5.2425,0,0
UNT_PE,D,20200123,000000,5.1472,5.2425,5.0519,5.1472,0,0
UNT_PE,D,20200124,000000,5.2425,5.3378,5.1472,5.1472,0,0
UNT_PE,D,20200127,000000,5.0519,5.0519,4.9565,4.9565,0,0
UNT_PE,D,20200128,000000,4.9565,5.1472,4.9565,4.9565,0,0
UNT_PE,D,20200129,000000,5.0519,5.0519,4.6706,4.6706,0,0
UNT_PE,D,20200130,000000,4.6706,4.6706,4.48,4.5753,0,0
UNT_PE,D,20200131,000000,4.5753,4.7659,4.5753,4.5753,0,0
UNT_PE,D,20200203,000000,4.48,4.6706,4.48,4.5753,0,0
UNT_PE,D,20200204,000000,4.6706,4.7659,4.5753,4.6706,0,0
UNT_PE,D,20200205,000000,4.7659,4.8612,4.6706,4.6706,0,0
UNT_PE,D,20200206,000000,4.6706,4.8612,4.6706,4.7659,0,0
UNT_PE,D,20200207,000000,4.7659,4.7659,4.6706,4.7659,0,0
UNT_PE,D,20200210,000000,4.7659,4.9565,4.7659,4.9565,0,0
UNT_PE,D,20200211,000000,4.9565,5.0519,4.7659,4.8612,0,0
UNT_PE,D,20200212,000000,4.8612,4.8612,4.6706,4.6706,0,0
UNT_PE,D,20200213,000000,4.8612,5.2425,4.8612,4.9565,0,0
UNT_PE,D,20200214,000000,4.9565,5.0519,4.8612,4.9565,0,0
UNT_PE,D,20200217,000000,5.0519,5.1472,4.9565,5.0519,0,0
UNT_PE,D,20200218,000000,5.0519,5.0519,4.9565,5.0519,0,0
UNT_PE,D,20200219,000000,5.0519,5.0519,4.8612,4.9565,0,0
UNT_PE,D,20200220,000000,4.9565,5.2425,4.8612,5.1472,0,0
UNT_PE,D,20200221,000000,5.1472,5.2425,5.0519,5.0519,0,0
UNT_PE,D,20200224,000000,5.2425,5.2425,4.6706,4.6706,0,0
UNT_PE,D,20200225,000000,4.5753,4.6706,4.48,4.6706,0,0
UNT_PE,D,20200226,000000,4.5753,4.5753,4.2893,4.5753,0,0
UNT_PE,D,20200227,000000,4.48,4.48,4.0034,4.0034,0,0
UNT_PE,D,20200228,000000,3.5268,3.7174,3.2408,3.6221,0,0
UNT_PE,D,20200302,000000,3.7174,3.908,3.4315,3.8127,0,0
UNT_PE,D,20200303,000000,4.0034,4.0987,4.0034,4.0987,0,0
UNT_PE,D,20200304,000000,3.908,4.0034,3.8127,3.8127,0,0
UNT_PE,D,20200305,000000,3.908,4.0034,3.8127,3.908,0,0
UNT_PE,D,20200306,000000,3.908,4.0034,3.7174,3.908,0,0
UNT_PE,D,20200309,000000,3.1455,3.5268,3.1455,3.2408,0,0
UNT_PE,D,20200310,000000,3.4315,3.5268,3.1455,3.1455,0,0
UNT_PE,D,20200311,000000,3.1455,3.1455,2.7642,2.8595,0,0
UNT_PE,D,20200312,000000,2.7642,2.7642,2.1923,2.1923,0,0
UNT_PE,D,20200313,000000,2.2876,2.5736,2.2876,2.383,0,0
UNT_PE,D,20200316,000000,2.2876,2.4783,2.1923,2.4783,0,0
UNT_PE,D,20200317,000000,2.5736,2.7642,2.4783,2.6689,0,0
UNT_PE,D,20200318,000000,2.6689,2.8595,2.4783,2.5736,0,0
UNT_PE,D,20200319,000000,2.5736,2.8595,2.5736,2.7642,0,0
UNT_PE,D,20200320,000000,2.8595,3.1455,2.7642,2.8595,0,0
UNT_PE,D,20200323,000000,2.7642,2.8595,2.5736,2.8595,0,0
UNT_PE,D,20200324,000000,2.9549,3.0502,2.9549,3.0502,0,0
UNT_PE,D,20200325,000000,3.1455,3.4315,2.9549,3.4315,0,0
UNT_PE,D,20200326,000000,3.5268,3.5268,2.5736,2.5736,0,0
UNT_PE,D,20200327,000000,2.5736,2.6689,2.4783,2.6689,0,0
UNT_PE,D,20200330,000000,2.6689,2.6689,2.5736,2.5736,0,0
UNT_PE,D,20200331,000000,2.5736,2.6689,2.5736,2.5736,0,0
UNT_PE,D,20200401,000000,2.5736,2.5736,2.4783,2.4783,0,0
UNT_PE,D,20200402,000000,2.4783,2.5736,2.4783,2.5736,0,0
UNT_PE,D,20200403,000000,2.5736,2.6689,2.4783,2.4783,0,0
UNT_PE,D,20200406,000000,2.5736,2.5736,2.5736,2.5736,0,0
UNT_PE,D,20200407,000000,2.6689,2.6689,2.5736,2.5736,0,0
UNT_PE,D,20200408,000000,2.5736,2.5736,2.4783,2.5736,0,0
UNT_PE,D,20200409,000000,2.5736,2.5736,2.4783,2.5736,0,0
UNT_PE,D,20200414,000000,2.5736,2.7642,2.5736,2.7642,0,0
UNT_PE,D,20200415,000000,2.7642,2.9549,2.6689,2.8595,0,0
UNT_PE,D,20200416,000000,2.8595,2.9549,2.8595,2.9549,0,0
UNT_PE,D,20200417,000000,3.0502,3.0502,2.9549,2.9549,0,0
UNT_PE,D,20200420,000000,2.9549,3.0502,2.9549,3.0502,0,0
UNT_PE,D,20200421,000000,3.0502,3.0502,2.5736,2.7642,0,0
UNT_PE,D,20200422,000000,2.7642,2.8595,2.6689,2.8595,0,0
UNT_PE,D,20200423,000000,2.8595,2.8595,2.7642,2.7642,0,0
UNT_PE,D,20200424,000000,2.7642,2.7642,2.6689,2.7642,0,0
UNT_PE,D,20200427,000000,2.7642,2.8595,2.7642,2.7642,0,0
UNT_PE,D,20200428,000000,2.7642,2.8595,2.7642,2.8595,0,0
UNT_PE,D,20200429,000000,2.9549,3.1455,2.9549,3.0502,0,0
UNT_PE,D,20200430,000000,3.3361,3.4315,3.3361,3.4315,0,0
UNT_PE,D,20200504,000000,3.3361,3.6221,3.3361,3.5268,0,0
UNT_PE,D,20200505,000000,3.5268,3.6221,3.4315,3.5268,0,0
UNT_PE,D,20200506,000000,3.6221,3.6221,3.4315,3.4315,0,0
UNT_PE,D,20200507,000000,3.4315,3.5268,3.4315,3.5268,0,0
UNT_PE,D,20200508,000000,3.5268,3.7174,3.5268,3.7174,0,0
UNT_PE,D,20200511,000000,3.8127,4.0034,3.8127,4.0034,0,0
UNT_PE,D,20200512,000000,4.0034,4.0987,3.908,3.908,0,0
UNT_PE,D,20200513,000000,3.908,4.0034,3.908,4.0034,0,0
UNT_PE,D,20200514,000000,4.0034,4.0034,3.6221,3.8127,0,0
UNT_PE,D,20200515,000000,3.908,4.0034,3.8127,4.0034,0,0
UNT_PE,D,20200518,000000,4.2893,4.48,4.2893,4.48,0,0
UNT_PE,D,20200519,000000,4.5753,4.7659,4.5753,4.6706,0,0
UNT_PE,D,20200520,000000,4.6706,8.7693,4.3846,8.7693,0,0
UNT_PE,D,20200521,000000,8.7693,8.8646,8.4833,8.4833,0,0
UNT_PE,D,20200522,000000,8.4833,8.4833,8.102,8.388,0,0
UNT_PE,D,20200525,000000,8.5786,9.2459,8.5786,9.1505,0,0
UNT_PE,D,20200526,000000,9.1505,9.913,9.1505,9.722,0,0
UNT_PE,D,20200527,000000,9.722,9.722,9.3412,9.3412,0,0
UNT_PE,D,20200528,000000,9.4365,9.627,9.1505,9.2459,0,0
UNT_PE,D,20200529,000000,9.2459,9.627,9.2459,9.4365,0,0
UNT_PE,D,20200601,000000,9.627,9.722,9.4365,9.722,0,0
UNT_PE,D,20200602,000000,9.722,9.722,9.532,9.627,0,0
UNT_PE,D,20200603,000000,9.627,9.818,9.532,9.627,0,0
UNT_PE,D,20200604,000000,9.722,9.722,9.3412,9.532,0,0
UNT_PE,D,20200605,000000,9.4365,9.627,9.4365,9.4365,0,0
UNT_PE,D,20200608,000000,9.532,9.532,9.1505,9.2459,0,0
UNT_PE,D,20200609,000000,9.2459,9.2459,9.0552,9.1505,0,0
UNT_PE,D,20200610,000000,9.1505,9.532,9.1505,9.3412,0,0
UNT_PE,D,20200612,000000,8.8646,9.2459,8.8646,9.1505,0,0
UNT_PE,D,20200615,000000,9.2459,9.4365,9.0552,9.2459,0,0
UNT_PE,D,20200616,000000,9.3412,9.722,9.3412,9.722,0,0
UNT_PE,D,20200617,000000,10,10.3,9.6,9.6,0,0
UNT_PE,D,20200618,000000,9.5,9.7,9.5,9.7,0,0
UNT_PE,D,20200619,000000,9.6,9.7,9.4,9.5,0,0
UNT_PE,D,20200622,000000,9.6,9.6,9.2,9.3,0,0
UNT_PE,D,20200623,000000,9.3,9.3,9.1,9.3,0,0
UNT_PE,D,20200624,000000,9.3,10.9,9.1,10.9,0,0
UNT_PE,D,20200625,000000,10.9,10.9,10.5,10.6,0,0
UNT_PE,D,20200626,000000,10.6,10.7,10.1,10.1,0,0
UNT_PE,D,20200629,000000,10.1,10.7,10,10.6,0,0
UNT_PE,D,20200630,000000,10.7,10.9,10.3,10.6,0,0
UNT_PE,D,20200701,000000,10.6,10.7,10.3,10.4,0,0
UNT_PE,D,20200702,000000,10.4,10.6,10.4,10.5,0,0
UNT_PE,D,20200703,000000,10.6,10.6,10.5,10.5,0,0
UNT_PE,D,20200706,000000,10.5,10.5,10.1,10.3,0,0
UNT_PE,D,20200707,000000,10.3,10.3,9.8,10.1,0,0
UNT_PE,D,20200708,000000,10.1,10.3,10,10.2,0,0
UNT_PE,D,20200709,000000,10.2,10.9,10.2,10.6,0,0
UNT_PE,D,20200710,000000,10.6,11.3,10.6,11.2,0,0
UNT_PE,D,20200713,000000,11.4,12,11.4,11.8,0,0
UNT_PE,D,20200714,000000,11.8,12.5,11.5,11.5,0,0
UNT_PE,D,20200715,000000,11.6,12.3,11.6,12.1,0,0
UNT_PE,D,20200716,000000,12.2,12.2,11.7,12,0,0
UNT_PE,D,20200717,000000,12,12,11.7,11.9,0,0
UNT_PE,D,20200720,000000,12.2,12.5,12.1,12.3,0,0
UNT_PE,D,20200721,000000,12.3,12.4,12.1,12.3,0,0
UNT_PE,D,20200722,000000,12.4,12.5,12,12.4,0,0
UNT_PE,D,20200723,000000,12.7,12.7,12,12,0,0
UNT_PE,D,20200724,000000,12,12,11.6,11.8,0,0
UNT_PE,D,20200727,000000,11.6,12,11.3,11.6,0,0
UNT_PE,D,20200728,000000,11.6,11.6,11,11.2,0,0
UNT_PE,D,20200729,000000,11,11,10.3,10.3,0,0
UNT_PE,D,20200730,000000,10.5,10.7,8.6,8.9,0,0
UNT_PE,D,20200731,000000,9.4,10,9.4,10,0,0
UNT_PE,D,20200803,000000,10.6,10.6,10.2,10.3,0,0
UNT_PE,D,20200804,000000,10.4,10.5,10.2,10.4,0,0
UNT_PE,D,20200805,000000,10.7,10.7,10.3,10.4,0,0
UNT_PE,D,20200806,000000,10.3,10.3,9.6,9.8,0,0
UNT_PE,D,20200807,000000,10,10,9.3,9.6,0,0
UNT_PE,D,20200810,000000,10,10.1,9.7,10,0,0
UNT_PE,D,20200811,000000,10,10,9.6,9.8,0,0
UNT_PE,D,20200812,000000,9.7,9.7,9.4,9.6,0,0
UNT_PE,D,20200813,000000,9.6,9.7,9.3,9.7,0,0
UNT_PE,D,20200814,000000,9.8,10.9,9.8,10.4,0,0
UNT_PE,D,20200817,000000,10.7,10.8,10.2,10.2,0,0
UNT_PE,D,20200818,000000,10.3,10.6,10.2,10.6,0,0
UNT_PE,D,20200819,000000,11,11.2,10.8,10.8,0,0
UNT_PE,D,20200820,000000,10.9,10.9,10.4,10.7,0,0
UNT_PE,D,20200821,000000,10.7,10.9,10.6,10.8,0,0
