<TICKER>,<PER>,<DATE>,<TIME>,<OPEN>,<HIGH>,<LOW>,<CLOSE>,<VOL>,<OPENINT>
VOX_PE,D,20111011,000000,47.485,47.485,47.485,47.485,0,0
VOX_PE,D,20111012,000000,47.485,47.485,44.88,46.79,0,0
VOX_PE,D,20111013,000000,46.79,48.7,46.53,48.7,0,0
VOX_PE,D,20111014,000000,49.221,50.697,48.526,49.134,0,0
VOX_PE,D,20111017,000000,49.134,49.134,45.836,48.179,0,0
VOX_PE,D,20111018,000000,48.005,48.005,42.623,45.923,0,0
VOX_PE,D,20111019,000000,46.27,46.27,45.923,45.923,0,0
VOX_PE,D,20111020,000000,45.923,45.923,45.054,45.054,0,0
VOX_PE,D,20111021,000000,45.054,48.526,44.099,48.526,0,0
VOX_PE,D,20111024,000000,47.485,47.485,47.485,47.485,0,0
VOX_PE,D,20111025,000000,47.485,47.485,47.051,47.485,0,0
VOX_PE,D,20111026,000000,47.485,47.485,47.051,47.051,0,0
VOX_PE,D,20111027,000000,47.051,47.051,46.53,46.53,0,0
VOX_PE,D,20111028,000000,46.53,46.53,45.923,45.923,0,0
VOX_PE,D,20111031,000000,45.923,45.923,45.923,45.923,0,0
VOX_PE,D,20111102,000000,45.054,45.054,42.623,43.057,0,0
VOX_PE,D,20111103,000000,44.186,45.315,44.186,45.228,0,0
VOX_PE,D,20111104,000000,45.402,45.923,45.228,45.228,0,0
VOX_PE,D,20111107,000000,45.228,45.488,45.228,45.488,0,0
VOX_PE,D,20111108,000000,45.575,45.575,43.232,43.232,0,0
VOX_PE,D,20111109,000000,44.186,44.273,44.186,44.273,0,0
VOX_PE,D,20111110,000000,44.273,46.097,44.273,46.01,0,0
VOX_PE,D,20111114,000000,46.01,46.01,45.315,45.315,0,0
VOX_PE,D,20111115,000000,44.88,44.88,44.36,44.446,0,0
VOX_PE,D,20111116,000000,44.446,44.446,44.273,44.273,0,0
VOX_PE,D,20111117,000000,44.273,44.273,32.814,36.027,0,0
VOX_PE,D,20111118,000000,39.238,39.238,32.119,32.814,0,0
VOX_PE,D,20111121,000000,32.814,32.814,32.814,32.814,0,0
VOX_PE,D,20111122,000000,32.728,33.769,32.728,33.769,0,0
VOX_PE,D,20120215,000000,27.172,27.172,27.172,27.172,0,0
VOX_PE,D,20120216,000000,27.172,27.172,25.608,25.782,0,0
VOX_PE,D,20120217,000000,25.782,28.387,25.782,28.387,0,0
VOX_PE,D,20120220,000000,29.775,29.775,27.172,29.601,0,0
VOX_PE,D,20120221,000000,28.3,28.3,28.3,28.3,0,0
VOX_PE,D,20120222,000000,28.387,28.908,28.387,28.735,0,0
VOX_PE,D,20120223,000000,28.648,28.648,28.04,28.126,0,0
VOX_PE,D,20120224,000000,28.3,28.387,26.303,26.303,0,0
VOX_PE,D,20120227,000000,26.303,27.519,26.303,27.519,0,0
VOX_PE,D,20120228,000000,27.519,27.519,27.259,27.519,0,0
VOX_PE,D,20120229,000000,27.519,27.519,25.522,25.782,0,0
VOX_PE,D,20120301,000000,26.217,26.217,24.567,25.002,0,0
VOX_PE,D,20120302,000000,25.002,25.349,24.22,24.567,0,0
VOX_PE,D,20120305,000000,24.567,25.089,24.567,25.089,0,0
VOX_PE,D,20120306,000000,24.914,25.089,24.567,24.567,0,0
VOX_PE,D,20120308,000000,24.567,25.782,24.567,25.262,0,0
VOX_PE,D,20120309,000000,25.262,25.262,25.262,25.262,0,0
VOX_PE,D,20120312,000000,25.608,25.782,25.608,25.695,0,0
VOX_PE,D,20120313,000000,25.695,25.695,25.522,25.695,0,0
VOX_PE,D,20120314,000000,25.695,25.955,25.695,25.695,0,0
VOX_PE,D,20120315,000000,25.782,25.782,25.695,25.782,0,0
VOX_PE,D,20120316,000000,25.782,25.782,25.436,25.695,0,0
VOX_PE,D,20120319,000000,25.782,25.782,25.695,25.695,0,0
VOX_PE,D,20120320,000000,25.695,27.172,25.695,26.39,0,0
VOX_PE,D,20120321,000000,26.477,27.519,26.303,26.39,0,0
VOX_PE,D,20120322,000000,26.303,26.303,25.522,25.522,0,0
VOX_PE,D,20120323,000000,25.522,25.782,25.522,25.522,0,0
VOX_PE,D,20120326,000000,25.955,25.955,25.436,25.436,0,0
VOX_PE,D,20120327,000000,25.436,25.695,25.262,25.436,0,0
VOX_PE,D,20120328,000000,25.436,25.436,25.436,25.436,0,0
VOX_PE,D,20120329,000000,25.262,25.349,25.262,25.349,0,0
VOX_PE,D,20120330,000000,25.262,25.695,25.262,25.436,0,0
VOX_PE,D,20120402,000000,25.436,25.436,24.741,24.741,0,0
VOX_PE,D,20120403,000000,24.741,25.436,24.741,25.262,0,0
VOX_PE,D,20120404,000000,25.262,25.349,24.567,24.567,0,0
VOX_PE,D,20120405,000000,24.567,24.827,24.567,24.741,0,0
VOX_PE,D,20120410,000000,24.741,24.741,23.352,24.307,0,0
VOX_PE,D,20120411,000000,24.394,24.48,23.96,24.48,0,0
VOX_PE,D,20120412,000000,24.567,24.567,24.567,24.567,0,0
VOX_PE,D,20120413,000000,24.567,24.567,24.567,24.567,0,0
VOX_PE,D,20120416,000000,24.567,24.567,24.307,24.307,0,0
VOX_PE,D,20120417,000000,24.22,24.22,24.22,24.22,0,0
VOX_PE,D,20120418,000000,24.394,24.827,24.22,24.22,0,0
VOX_PE,D,20120419,000000,24.22,24.567,24.22,24.48,0,0
VOX_PE,D,20120420,000000,24.48,24.48,24.133,24.22,0,0
VOX_PE,D,20120423,000000,24.567,24.567,23.699,23.699,0,0
VOX_PE,D,20120424,000000,23.873,24.133,23.873,24.133,0,0
VOX_PE,D,20120425,000000,24.133,24.133,24.133,24.133,0,0
VOX_PE,D,20120426,000000,24.133,24.22,24.133,24.133,0,0
VOX_PE,D,20120427,000000,24.133,24.133,24.133,24.133,0,0
VOX_PE,D,20120430,000000,24.22,24.22,24.047,24.047,0,0
VOX_PE,D,20120502,000000,24.047,24.047,23.699,24.047,0,0
VOX_PE,D,20120504,000000,24.047,24.047,24.047,24.047,0,0
VOX_PE,D,20120507,000000,24.047,24.047,23.699,23.699,0,0
VOX_PE,D,20120508,000000,23.612,23.612,23.178,23.178,0,0
VOX_PE,D,20120509,000000,23.178,23.178,22.571,22.744,0,0
VOX_PE,D,20120510,000000,22.744,22.744,22.396,22.396,0,0
VOX_PE,D,20120511,000000,22.396,22.396,22.223,22.309,0,0
VOX_PE,D,20120515,000000,22.483,22.483,22.223,22.223,0,0
VOX_PE,D,20120516,000000,22.309,22.309,22.309,22.309,0,0
VOX_PE,D,20120517,000000,22.309,22.744,22.309,22.744,0,0
VOX_PE,D,20120518,000000,22.744,22.744,22.657,22.657,0,0
VOX_PE,D,20120521,000000,22.744,22.744,22.744,22.744,0,0
VOX_PE,D,20130412,000000,24.22,24.22,24.22,24.22,0,0
VOX_PE,D,20130415,000000,23.873,23.873,23.873,23.873,0,0
VOX_PE,D,20130417,000000,23.873,23.873,23.439,23.439,0,0
VOX_PE,D,20130418,000000,22.049,23.091,21.789,23.091,0,0
VOX_PE,D,20130419,000000,22.571,23.091,22.571,23.091,0,0
VOX_PE,D,20130422,000000,23.091,23.091,22.049,22.049,0,0
VOX_PE,D,20130423,000000,22.049,22.309,21.962,21.962,0,0
VOX_PE,D,20130424,000000,22.049,22.049,21.876,21.876,0,0
VOX_PE,D,20130425,000000,21.876,23.873,21.876,23.612,0,0
VOX_PE,D,20130426,000000,23.699,25.522,23.699,25.522,0,0
VOX_PE,D,20130429,000000,25.522,25.522,25.522,25.522,0,0
VOX_PE,D,20130430,000000,25.522,25.522,25.522,25.522,0,0
VOX_PE,D,20130502,000000,25.522,25.522,25.522,25.522,0,0
VOX_PE,D,20130506,000000,24.307,26.042,24.307,26.042,0,0
VOX_PE,D,20130507,000000,26.129,26.129,25.869,25.869,0,0
VOX_PE,D,20130508,000000,25.869,25.869,25.695,25.695,0,0
VOX_PE,D,20130509,000000,25.695,25.695,25.608,25.608,0,0
VOX_PE,D,20130510,000000,25.608,25.695,25.608,25.695,0,0
VOX_PE,D,20130513,000000,25.695,25.955,25.608,25.955,0,0
VOX_PE,D,20130514,000000,25.955,25.955,25.608,25.695,0,0
VOX_PE,D,20130515,000000,25.608,25.695,25.522,25.522,0,0
VOX_PE,D,20130516,000000,25.608,25.695,25.608,25.695,0,0
VOX_PE,D,20130517,000000,25.695,25.695,25.522,25.695,0,0
VOX_PE,D,20130520,000000,25.695,25.955,25.608,25.695,0,0
VOX_PE,D,20130521,000000,25.782,25.782,25.782,25.782,0,0
VOX_PE,D,20130522,000000,25.782,25.782,25.695,25.695,0,0
VOX_PE,D,20130523,000000,25.695,26.129,23.091,23.091,0,0
VOX_PE,D,20130524,000000,23.004,23.091,22.657,23.091,0,0
VOX_PE,D,20130527,000000,23.004,23.004,22.744,22.744,0,0
VOX_PE,D,20130528,000000,22.744,23.873,22.744,23.873,0,0
VOX_PE,D,20130529,000000,23.873,24.567,23.786,24.567,0,0
VOX_PE,D,20130531,000000,24.567,24.567,24.307,24.307,0,0
VOX_PE,D,20130603,000000,24.307,24.307,23.786,24.047,0,0
VOX_PE,D,20130604,000000,24.047,24.047,23.786,23.786,0,0
VOX_PE,D,20130605,000000,23.786,24.307,23.612,24.307,0,0
VOX_PE,D,20130606,000000,24.133,25.262,24.133,25.089,0,0
VOX_PE,D,20130607,000000,25.089,25.175,25.089,25.175,0,0
VOX_PE,D,20130610,000000,25.175,25.349,25.089,25.349,0,0
VOX_PE,D,20130611,000000,25.349,25.349,25.089,25.349,0,0
VOX_PE,D,20130612,000000,25.349,25.782,25.089,25.695,0,0
VOX_PE,D,20130613,000000,25.522,25.782,25.349,25.782,0,0
VOX_PE,D,20130614,000000,25.695,25.695,24.48,25.608,0,0
VOX_PE,D,20130617,000000,25.522,25.522,25.436,25.522,0,0
VOX_PE,D,20130618,000000,25.522,25.608,25.522,25.522,0,0
VOX_PE,D,20130619,000000,25.436,25.436,25.089,25.436,0,0
VOX_PE,D,20130620,000000,25.436,25.436,24.741,24.914,0,0
VOX_PE,D,20130621,000000,24.914,25.349,24.741,24.914,0,0
VOX_PE,D,20130624,000000,24.914,25.436,24.741,25.002,0,0
VOX_PE,D,20130625,000000,24.394,25.522,24.394,25.522,0,0
VOX_PE,D,20130626,000000,25.522,25.522,25.175,25.175,0,0
VOX_PE,D,20130627,000000,25.175,25.175,24.567,24.567,0,0
VOX_PE,D,20130628,000000,25.089,25.089,24.654,24.654,0,0
VOX_PE,D,20130701,000000,25.002,25.608,25.002,25.002,0,0
VOX_PE,D,20130702,000000,25.002,25.349,24.567,25.349,0,0
VOX_PE,D,20130703,000000,25.349,25.436,25.349,25.436,0,0
VOX_PE,D,20130704,000000,25.262,25.436,25.262,25.436,0,0
VOX_PE,D,20130705,000000,25.436,25.436,25.436,25.436,0,0
VOX_PE,D,20130708,000000,25.349,25.522,25.002,25.002,0,0
VOX_PE,D,20130709,000000,24.914,25.349,24.914,25.349,0,0
VOX_PE,D,20130710,000000,25.349,25.349,25.349,25.349,0,0
VOX_PE,D,20130711,000000,25.349,25.349,25.349,25.349,0,0
VOX_PE,D,20130712,000000,25.349,25.349,24.654,25.089,0,0
VOX_PE,D,20130715,000000,24.741,25.175,24.741,25.175,0,0
VOX_PE,D,20130716,000000,25.175,25.349,25.175,25.262,0,0
VOX_PE,D,20130717,000000,25.262,25.522,25.262,25.436,0,0
VOX_PE,D,20130718,000000,25.436,26.042,25.436,25.869,0,0
VOX_PE,D,20130719,000000,25.869,25.869,25.782,25.869,0,0
VOX_PE,D,20130722,000000,25.869,26.042,25.869,25.869,0,0
VOX_PE,D,20130723,000000,25.869,26.042,25.869,26.042,0,0
VOX_PE,D,20130724,000000,26.042,26.824,26.042,26.824,0,0
VOX_PE,D,20130725,000000,26.824,26.824,26.477,26.65,0,0
VOX_PE,D,20130726,000000,26.564,26.564,26.39,26.39,0,0
VOX_PE,D,20130729,000000,26.39,26.564,26.39,26.39,0,0
VOX_PE,D,20130730,000000,26.477,26.564,26.39,26.564,0,0
VOX_PE,D,20130731,000000,26.564,26.564,26.477,26.564,0,0
VOX_PE,D,20130801,000000,26.564,26.564,26.042,26.042,0,0
VOX_PE,D,20130802,000000,26.303,26.564,26.303,26.564,0,0
VOX_PE,D,20130805,000000,26.564,27.172,26.564,26.824,0,0
VOX_PE,D,20130806,000000,26.824,26.824,26.564,26.564,0,0
VOX_PE,D,20130807,000000,26.564,26.824,26.564,26.65,0,0
VOX_PE,D,20130808,000000,26.737,26.824,26.65,26.737,0,0
VOX_PE,D,20130809,000000,26.737,26.737,26.564,26.564,0,0
VOX_PE,D,20130812,000000,26.564,26.564,26.217,26.39,0,0
VOX_PE,D,20130813,000000,26.39,26.39,24.914,26.39,0,0
VOX_PE,D,20130814,000000,26.39,26.39,26.129,26.303,0,0
VOX_PE,D,20130816,000000,26.303,26.303,26.303,26.303,0,0
VOX_PE,D,20130819,000000,26.303,26.303,25.522,25.782,0,0
VOX_PE,D,20130820,000000,25.522,25.608,25.262,25.436,0,0
VOX_PE,D,20130821,000000,25.436,25.955,25.175,25.695,0,0
VOX_PE,D,20130822,000000,25.695,25.695,25.262,25.695,0,0
VOX_PE,D,20130823,000000,25.695,25.869,25.175,25.608,0,0
VOX_PE,D,20130826,000000,25.436,25.522,25.175,25.522,0,0
VOX_PE,D,20130827,000000,25.262,25.695,25.262,25.522,0,0
VOX_PE,D,20130828,000000,25.522,25.522,24.914,24.914,0,0
VOX_PE,D,20130829,000000,24.914,25.608,24.914,25.522,0,0
VOX_PE,D,20130830,000000,25.522,25.869,25.436,25.782,0,0
VOX_PE,D,20130902,000000,25.522,25.782,25.349,25.782,0,0
VOX_PE,D,20130903,000000,25.782,26.042,25.522,25.869,0,0
VOX_PE,D,20130904,000000,25.782,25.782,25.089,25.262,0,0
VOX_PE,D,20130905,000000,25.436,25.436,21.182,21.182,0,0
VOX_PE,D,20130906,000000,21.356,21.356,21.356,21.356,0,0
VOX_PE,D,20130909,000000,21.443,21.443,21.268,21.443,0,0
VOX_PE,D,20130910,000000,21.443,21.703,21.443,21.53,0,0
VOX_PE,D,20130911,000000,21.53,21.616,21.443,21.53,0,0
VOX_PE,D,20130912,000000,21.616,21.703,21.443,21.53,0,0
VOX_PE,D,20130913,000000,21.53,21.53,21.443,21.53,0,0
VOX_PE,D,20130916,000000,21.53,21.53,21.356,21.356,0,0
VOX_PE,D,20130917,000000,21.356,21.443,21.356,21.356,0,0
VOX_PE,D,20130918,000000,21.356,21.356,21.268,21.268,0,0
VOX_PE,D,20130919,000000,21.443,21.443,21.268,21.268,0,0
VOX_PE,D,20130920,000000,21.356,21.356,21.182,21.182,0,0
VOX_PE,D,20130923,000000,21.268,21.789,21.268,21.53,0,0
VOX_PE,D,20130924,000000,21.53,21.53,21.356,21.356,0,0
VOX_PE,D,20130925,000000,21.182,21.182,20.834,21.008,0,0
VOX_PE,D,20130926,000000,21.008,21.008,20.487,20.487,0,0
VOX_PE,D,20130927,000000,20.487,20.748,20.487,20.487,0,0
VOX_PE,D,20130930,000000,20.748,20.748,20.661,20.748,0,0
VOX_PE,D,20131001,000000,20.834,21.095,20.748,20.834,0,0
VOX_PE,D,20131002,000000,20.921,20.921,20.487,20.487,0,0
VOX_PE,D,20131003,000000,21.443,21.876,20.487,21.616,0,0
VOX_PE,D,20131004,000000,21.703,21.703,21.268,21.356,0,0
VOX_PE,D,20131007,000000,21.616,21.616,21.008,21.095,0,0
VOX_PE,D,20131008,000000,21.095,21.53,21.095,21.53,0,0
VOX_PE,D,20131009,000000,21.53,21.53,20.834,21.008,0,0
VOX_PE,D,20131010,000000,21.356,21.356,20.748,20.748,0,0
VOX_PE,D,20131011,000000,20.661,21.008,20.661,21.008,0,0
VOX_PE,D,20131014,000000,21.095,21.53,21.095,21.182,0,0
VOX_PE,D,20131015,000000,21.182,21.182,20.921,21.008,0,0
VOX_PE,D,20131016,000000,21.095,21.095,20.921,21.008,0,0
VOX_PE,D,20131017,000000,20.921,21.095,20.921,21.008,0,0
VOX_PE,D,20131018,000000,21.008,21.008,20.921,21.008,0,0
VOX_PE,D,20131021,000000,21.008,21.616,21.008,21.616,0,0
VOX_PE,D,20131022,000000,21.53,21.616,21.53,21.53,0,0
VOX_PE,D,20131023,000000,21.53,21.53,21.443,21.53,0,0
VOX_PE,D,20131024,000000,21.443,21.443,21.008,21.356,0,0
VOX_PE,D,20131025,000000,21.356,21.616,21.356,21.616,0,0
VOX_PE,D,20131028,000000,21.53,21.53,21.356,21.356,0,0
VOX_PE,D,20131029,000000,21.53,21.616,21.443,21.53,0,0
VOX_PE,D,20131030,000000,21.268,21.268,19.793,20.053,0,0
VOX_PE,D,20131031,000000,20.14,20.14,19.793,20.14,0,0
VOX_PE,D,20131104,000000,20.053,20.14,19.879,20.053,0,0
VOX_PE,D,20131105,000000,19.966,20.14,19.706,19.706,0,0
VOX_PE,D,20131106,000000,19.706,19.706,19.706,19.706,0,0
VOX_PE,D,20131107,000000,19.706,19.793,19.619,19.706,0,0
VOX_PE,D,20131108,000000,19.619,19.706,19.012,19.012,0,0
VOX_PE,D,20131112,000000,19.012,20.14,19.012,19.793,0,0
VOX_PE,D,20131113,000000,19.793,20.14,19.793,20.14,0,0
VOX_PE,D,20131114,000000,20.14,20.401,20.14,20.401,0,0
VOX_PE,D,20131115,000000,20.401,20.748,19.272,20.053,0,0
VOX_PE,D,20131118,000000,19.966,19.966,16.233,16.233,0,0
VOX_PE,D,20131119,000000,16.233,16.233,15.713,15.713,0,0
VOX_PE,D,20131120,000000,15.713,16.32,15.626,16.32,0,0
VOX_PE,D,20131121,000000,16.32,16.32,16.146,16.233,0,0
VOX_PE,D,20131122,000000,16.233,16.233,16.233,16.233,0,0
VOX_PE,D,20131125,000000,16.233,16.233,16.06,16.06,0,0
VOX_PE,D,20131126,000000,16.06,16.06,15.799,15.973,0,0
VOX_PE,D,20131127,000000,15.973,15.973,15.799,15.799,0,0
VOX_PE,D,20131128,000000,15.799,15.799,15.799,15.799,0,0
VOX_PE,D,20131129,000000,15.799,15.886,15.799,15.886,0,0
VOX_PE,D,20131202,000000,15.886,16.233,15.799,16.233,0,0
VOX_PE,D,20131203,000000,16.06,16.06,15.626,15.626,0,0
VOX_PE,D,20131204,000000,15.539,15.713,15.539,15.626,0,0
VOX_PE,D,20131205,000000,15.626,15.799,15.626,15.799,0,0
VOX_PE,D,20131206,000000,15.886,16.407,15.886,16.32,0,0
VOX_PE,D,20131209,000000,16.407,16.407,15.886,15.886,0,0
VOX_PE,D,20131210,000000,15.886,16.32,15.886,16.32,0,0
VOX_PE,D,20131211,000000,16.32,16.32,15.886,15.886,0,0
VOX_PE,D,20131212,000000,15.973,15.973,15.886,15.886,0,0
VOX_PE,D,20131213,000000,15.886,15.886,15.626,15.626,0,0
VOX_PE,D,20131216,000000,15.626,15.799,15.626,15.799,0,0
VOX_PE,D,20131217,000000,15.799,15.799,15.626,15.626,0,0
VOX_PE,D,20131218,000000,15.539,15.539,15.366,15.539,0,0
VOX_PE,D,20131219,000000,15.452,15.539,15.279,15.452,0,0
VOX_PE,D,20131220,000000,15.366,15.452,15.104,15.104,0,0
VOX_PE,D,20131223,000000,15.018,15.104,15.018,15.104,0,0
VOX_PE,D,20131227,000000,15.191,15.799,15.191,15.799,0,0
VOX_PE,D,20131230,000000,15.973,16.146,15.539,15.713,0,0
VOX_PE,D,20140102,000000,15.713,16.755,15.713,16.581,0,0
VOX_PE,D,20140103,000000,16.581,16.928,16.581,16.842,0,0
VOX_PE,D,20140107,000000,16.668,16.928,16.668,16.668,0,0
VOX_PE,D,20140108,000000,16.146,16.32,16.146,16.32,0,0
VOX_PE,D,20140109,000000,16.407,16.494,16.407,16.494,0,0
VOX_PE,D,20140110,000000,16.407,16.494,16.146,16.146,0,0
VOX_PE,D,20140113,000000,16.233,16.233,16.233,16.233,0,0
VOX_PE,D,20140114,000000,16.233,16.494,16.233,16.407,0,0
VOX_PE,D,20140115,000000,16.32,17.102,16.32,16.755,0,0
VOX_PE,D,20140116,000000,16.928,16.928,16.668,16.668,0,0
VOX_PE,D,20140117,000000,16.668,16.668,16.668,16.668,0,0
VOX_PE,D,20140120,000000,16.668,16.668,16.06,16.06,0,0
VOX_PE,D,20140121,000000,16.146,16.233,15.973,15.973,0,0
VOX_PE,D,20140122,000000,15.886,16.233,15.886,16.146,0,0
VOX_PE,D,20140124,000000,16.146,16.146,15.886,15.886,0,0
VOX_PE,D,20140127,000000,15.886,15.886,14.844,15.886,0,0
VOX_PE,D,20140128,000000,15.973,16.494,15.191,15.191,0,0
VOX_PE,D,20140129,000000,15.191,15.191,15.191,15.191,0,0
VOX_PE,D,20140130,000000,15.191,15.191,14.671,14.671,0,0
VOX_PE,D,20140131,000000,14.671,15.018,14.671,14.671,0,0
VOX_PE,D,20140203,000000,14.671,14.671,13.976,13.976,0,0
VOX_PE,D,20140204,000000,14.064,14.41,13.803,14.41,0,0
VOX_PE,D,20140205,000000,14.41,14.41,13.976,14.237,0,0
VOX_PE,D,20140206,000000,14.323,14.497,14.237,14.41,0,0
VOX_PE,D,20140207,000000,14.41,14.41,14.41,14.41,0,0
VOX_PE,D,20140210,000000,14.41,14.41,13.543,13.803,0,0
VOX_PE,D,20140211,000000,13.89,14.323,13.803,14.237,0,0
VOX_PE,D,20140212,000000,14.323,14.323,14.064,14.15,0,0
VOX_PE,D,20140213,000000,14.237,14.323,14.15,14.323,0,0
VOX_PE,D,20140214,000000,14.323,14.323,14.064,14.064,0,0
VOX_PE,D,20140217,000000,13.976,13.976,13.803,13.89,0,0
VOX_PE,D,20140218,000000,13.89,14.064,13.629,14.064,0,0
VOX_PE,D,20140219,000000,14.15,14.584,14.15,14.584,0,0
VOX_PE,D,20140220,000000,14.584,14.584,14.323,14.584,0,0
VOX_PE,D,20140221,000000,14.584,14.584,14.323,14.41,0,0
VOX_PE,D,20140224,000000,14.41,14.41,14.41,14.41,0,0
VOX_PE,D,20140225,000000,14.41,14.497,14.323,14.497,0,0
VOX_PE,D,20140226,000000,14.41,14.41,14.15,14.237,0,0
VOX_PE,D,20140227,000000,14.237,14.323,14.237,14.323,0,0
VOX_PE,D,20140228,000000,14.323,14.323,14.15,14.237,0,0
VOX_PE,D,20140303,000000,13.976,13.976,13.543,13.716,0,0
VOX_PE,D,20140304,000000,13.716,13.976,13.369,13.456,0,0
VOX_PE,D,20140305,000000,13.456,13.629,13.369,13.543,0,0
VOX_PE,D,20140306,000000,13.89,13.89,13.716,13.803,0,0
VOX_PE,D,20140307,000000,13.716,13.716,13.282,13.282,0,0
VOX_PE,D,20140310,000000,13.282,13.369,12.935,13.109,0,0
VOX_PE,D,20140311,000000,13.109,13.456,13.109,13.109,0,0
VOX_PE,D,20140312,000000,13.109,13.196,12.153,12.413,0,0
VOX_PE,D,20140313,000000,12.413,12.849,12.413,12.5,0,0
VOX_PE,D,20140314,000000,12.674,12.674,12.413,12.5,0,0
VOX_PE,D,20140317,000000,12.5,12.587,12.413,12.413,0,0
VOX_PE,D,20140318,000000,12.5,12.587,12.326,12.413,0,0
VOX_PE,D,20140319,000000,12.326,12.413,11.98,12.067,0,0
VOX_PE,D,20140320,000000,12.067,12.067,11.72,11.72,0,0
VOX_PE,D,20140321,000000,11.806,11.98,11.372,11.458,0,0
VOX_PE,D,20140324,000000,11.372,11.72,10.851,11.633,0,0
VOX_PE,D,20140325,000000,11.806,12.24,11.633,11.633,0,0
VOX_PE,D,20140326,000000,11.98,38.977,11.72,38.977,0,0
VOX_PE,D,20140327,000000,38.977,39.324,38.977,39.238,0,0
VOX_PE,D,20140328,000000,39.411,39.411,39.411,39.411,0,0
VOX_PE,D,20140331,000000,39.238,39.238,38.11,38.545,0,0
VOX_PE,D,20140401,000000,38.717,38.804,38.717,38.804,0,0
VOX_PE,D,20140402,000000,38.717,38.717,36.893,36.893,0,0
VOX_PE,D,20140403,000000,37.154,37.154,37.154,37.154,0,0
VOX_PE,D,20140404,000000,37.154,37.762,36.721,37.762,0,0
VOX_PE,D,20140407,000000,37.762,37.762,37.501,37.501,0,0
VOX_PE,D,20140408,000000,37.415,37.415,36.893,36.893,0,0
VOX_PE,D,20140409,000000,36.547,36.547,35.071,35.071,0,0
VOX_PE,D,20140410,000000,35.071,36.547,35.071,36.547,0,0
VOX_PE,D,20140411,000000,36.547,36.547,35.679,36.287,0,0
VOX_PE,D,20140414,000000,35.94,35.94,35.592,35.592,0,0
VOX_PE,D,20140415,000000,35.071,35.071,34.812,34.898,0,0
VOX_PE,D,20140416,000000,34.551,35.592,34.551,35.331,0,0
VOX_PE,D,20140417,000000,35.592,35.592,34.464,35.071,0,0
VOX_PE,D,20140422,000000,35.331,36.287,35.331,36.287,0,0
VOX_PE,D,20140423,000000,36.547,38.11,36.547,36.98,0,0
VOX_PE,D,20140424,000000,36.98,36.98,36.113,36.113,0,0
VOX_PE,D,20140425,000000,36.287,36.287,34.812,36.113,0,0
VOX_PE,D,20140428,000000,36.46,38.804,36.287,36.287,0,0
VOX_PE,D,20140429,000000,36.46,37.762,36.46,36.634,0,0
VOX_PE,D,20140430,000000,36.721,36.721,34.984,36.287,0,0
VOX_PE,D,20140505,000000,36.287,36.287,36.287,36.287,0,0
VOX_PE,D,20140506,000000,35.94,36.287,35.418,35.94,0,0
VOX_PE,D,20140507,000000,36.2,36.2,35.331,35.331,0,0
VOX_PE,D,20140508,000000,35.592,35.592,34.725,34.812,0,0
VOX_PE,D,20140509,000000,34.812,35.071,34.464,34.464,0,0
VOX_PE,D,20140512,000000,34.203,34.551,34.203,34.29,0,0
VOX_PE,D,20140513,000000,34.551,34.725,34.551,34.725,0,0
VOX_PE,D,20140514,000000,34.725,34.725,34.725,34.725,0,0
VOX_PE,D,20140515,000000,34.725,35.331,34.725,34.898,0,0
VOX_PE,D,20140516,000000,34.898,34.898,34.898,34.898,0,0
VOX_PE,D,20140519,000000,34.898,34.898,34.464,34.725,0,0
VOX_PE,D,20140520,000000,34.725,34.725,33.595,33.595,0,0
VOX_PE,D,20140521,000000,33.595,33.682,33.247,33.595,0,0
VOX_PE,D,20140522,000000,33.595,33.595,32.814,33.508,0,0
VOX_PE,D,20140523,000000,33.16,33.508,33.16,33.508,0,0
VOX_PE,D,20140526,000000,33.421,33.421,32.728,32.901,0,0
VOX_PE,D,20140527,000000,32.728,32.901,32.728,32.814,0,0
VOX_PE,D,20140528,000000,32.988,33.421,32.988,33.334,0,0
VOX_PE,D,20140529,000000,33.508,33.508,33.334,33.508,0,0
VOX_PE,D,20140530,000000,33.508,33.508,33.508,33.508,0,0
VOX_PE,D,20140602,000000,33.508,33.508,32.814,33.508,0,0
VOX_PE,D,20140603,000000,33.508,35.331,33.508,35.331,0,0
VOX_PE,D,20140604,000000,35.071,35.505,33.508,34.116,0,0
VOX_PE,D,20140605,000000,34.116,34.203,34.116,34.203,0,0
VOX_PE,D,20140606,000000,34.203,34.725,33.247,33.595,0,0
VOX_PE,D,20140609,000000,33.595,33.595,33.421,33.508,0,0
VOX_PE,D,20140610,000000,34.898,34.898,34.898,34.898,0,0
VOX_PE,D,20140611,000000,34.898,35.505,34.898,35.505,0,0
VOX_PE,D,20140612,000000,35.505,35.505,35.158,35.158,0,0
VOX_PE,D,20140613,000000,35.505,35.505,35.158,35.505,0,0
VOX_PE,D,20140616,000000,35.505,35.505,34.984,35.158,0,0
VOX_PE,D,20140617,000000,35.505,35.505,34.984,35.071,0,0
VOX_PE,D,20140618,000000,35.071,35.071,34.984,34.984,0,0
VOX_PE,D,20140620,000000,34.898,34.898,34.725,34.898,0,0
VOX_PE,D,20140623,000000,34.725,34.898,34.725,34.898,0,0
VOX_PE,D,20140624,000000,34.898,34.898,34.725,34.725,0,0
VOX_PE,D,20140625,000000,34.725,34.725,34.725,34.725,0,0
VOX_PE,D,20140626,000000,35.071,35.071,34.551,34.551,0,0
VOX_PE,D,20140627,000000,34.725,35.071,34.725,35.071,0,0
VOX_PE,D,20140630,000000,35.071,35.245,35.071,35.158,0,0
VOX_PE,D,20140701,000000,35.158,35.765,35.158,35.765,0,0
VOX_PE,D,20140702,000000,35.852,36.98,35.852,36.893,0,0
VOX_PE,D,20140703,000000,36.721,37.849,36.721,37.588,0,0
VOX_PE,D,20140704,000000,37.588,37.588,37.588,37.588,0,0
VOX_PE,D,20140707,000000,37.588,37.588,37.415,37.415,0,0
VOX_PE,D,20140708,000000,37.588,37.588,37.588,37.588,0,0
VOX_PE,D,20140709,000000,37.588,37.588,36.027,36.027,0,0
VOX_PE,D,20140710,000000,35.852,37.588,35.331,37.501,0,0
VOX_PE,D,20140711,000000,37.328,38.717,37.328,38.631,0,0
VOX_PE,D,20140714,000000,38.717,39.411,38.458,38.545,0,0
VOX_PE,D,20140715,000000,38.545,38.891,38.458,38.458,0,0
VOX_PE,D,20140716,000000,38.545,39.411,38.371,38.371,0,0
VOX_PE,D,20140717,000000,38.283,39.151,38.283,39.064,0,0
VOX_PE,D,20140718,000000,38.804,38.804,38.197,38.283,0,0
VOX_PE,D,20140721,000000,38.371,38.891,38.371,38.891,0,0
VOX_PE,D,20140722,000000,38.891,38.891,38.631,38.631,0,0
VOX_PE,D,20140723,000000,38.804,38.804,38.804,38.804,0,0
VOX_PE,D,20140724,000000,38.804,38.804,38.804,38.804,0,0
VOX_PE,D,20140725,000000,38.804,38.804,38.545,38.545,0,0
VOX_PE,D,20140728,000000,38.545,38.545,38.545,38.545,0,0
VOX_PE,D,20140729,000000,38.458,38.545,38.371,38.371,0,0
VOX_PE,D,20140730,000000,38.371,38.371,36.46,36.46,0,0
VOX_PE,D,20140731,000000,36.893,36.893,36.893,36.893,0,0
VOX_PE,D,20140801,000000,36.893,36.893,36.634,36.721,0,0
VOX_PE,D,20140804,000000,36.893,37.067,36.287,36.547,0,0
VOX_PE,D,20140805,000000,36.374,36.374,35.94,35.94,0,0
VOX_PE,D,20140806,000000,35.94,35.94,35.94,35.94,0,0
VOX_PE,D,20140807,000000,35.94,36.113,35.94,36.113,0,0
VOX_PE,D,20140808,000000,36.113,36.113,36.113,36.113,0,0
VOX_PE,D,20140811,000000,36.113,36.113,36.027,36.113,0,0
VOX_PE,D,20140812,000000,36.113,36.113,36.113,36.113,0,0
VOX_PE,D,20140813,000000,36.027,36.027,35.331,35.331,0,0
VOX_PE,D,20140814,000000,35.679,35.679,34.984,35.331,0,0
VOX_PE,D,20140818,000000,35.245,35.245,34.551,34.725,0,0
VOX_PE,D,20140819,000000,34.812,36.027,34.812,36.027,0,0
VOX_PE,D,20140820,000000,36.027,36.46,36.027,36.46,0,0
VOX_PE,D,20140822,000000,36.287,36.98,36.287,36.893,0,0
VOX_PE,D,20140825,000000,37.241,37.241,36.893,36.893,0,0
VOX_PE,D,20140826,000000,36.547,36.547,33.769,35.071,0,0
VOX_PE,D,20140827,000000,34.898,35.331,34.898,35.331,0,0
VOX_PE,D,20140828,000000,35.071,35.071,34.464,34.725,0,0
VOX_PE,D,20140829,000000,35.071,35.071,33.856,33.856,0,0
VOX_PE,D,20140901,000000,33.769,33.769,32.467,32.467,0,0
VOX_PE,D,20140902,000000,32.119,34.812,31.512,34.812,0,0
VOX_PE,D,20140903,000000,34.725,35.158,34.725,34.812,0,0
VOX_PE,D,20140904,000000,34.377,34.377,34.029,34.116,0,0
VOX_PE,D,20140905,000000,34.29,34.29,33.682,33.942,0,0
VOX_PE,D,20140908,000000,33.942,60.941,32.206,60.941,0,0
VOX_PE,D,20140909,000000,61.114,62.589,61.114,61.114,0,0
VOX_PE,D,20140910,000000,61.895,62.329,61.895,62.329,0,0
VOX_PE,D,20140911,000000,62.242,62.242,60.42,60.854,0,0
VOX_PE,D,20140912,000000,60.507,60.507,60.507,60.507,0,0
VOX_PE,D,20140915,000000,64.673,65.281,60.072,60.072,0,0
VOX_PE,D,20140916,000000,60.072,60.594,60.072,60.507,0,0
VOX_PE,D,20140917,000000,60.507,60.507,60.42,60.507,0,0
VOX_PE,D,20140918,000000,60.507,60.507,60.507,60.507,0,0
VOX_PE,D,20140919,000000,60.507,60.507,59.985,60.42,0,0
VOX_PE,D,20140922,000000,60.767,60.767,59.552,60.507,0,0
VOX_PE,D,20140923,000000,60.507,60.507,60.42,60.42,0,0
VOX_PE,D,20140924,000000,60.507,60.507,59.812,59.812,0,0
VOX_PE,D,20140925,000000,60.507,61.114,60.507,61.114,0,0
VOX_PE,D,20140926,000000,61.114,61.114,61.028,61.028,0,0
VOX_PE,D,20140929,000000,61.028,61.114,61.028,61.028,0,0
VOX_PE,D,20140930,000000,60.507,60.507,60.507,60.507,0,0
VOX_PE,D,20141001,000000,60.507,60.507,59.291,59.291,0,0
VOX_PE,D,20141002,000000,60.507,60.507,56.339,57.555,0,0
VOX_PE,D,20141003,000000,57.555,57.815,57.555,57.641,0,0
VOX_PE,D,20141006,000000,57.555,58.162,56.339,58.162,0,0
VOX_PE,D,20141007,000000,57.815,57.815,57.382,57.728,0,0
VOX_PE,D,20141008,000000,57.555,57.555,57.121,57.121,0,0
VOX_PE,D,20141009,000000,57.121,57.121,56.601,56.688,0,0
VOX_PE,D,20141010,000000,56.688,56.688,52.52,52.52,0,0
VOX_PE,D,20141013,000000,52.52,53.389,52.52,53.389,0,0
VOX_PE,D,20141014,000000,54.256,56.948,53.736,55.732,0,0
VOX_PE,D,20141015,000000,55.732,57.382,55.732,56.339,0,0
VOX_PE,D,20141016,000000,56.339,58.423,56.339,58.423,0,0
VOX_PE,D,20141017,000000,58.076,61.114,56.426,61.114,0,0
VOX_PE,D,20141020,000000,61.982,61.982,60.941,60.941,0,0
VOX_PE,D,20141021,000000,61.114,61.982,61.114,61.722,0,0
VOX_PE,D,20141022,000000,61.982,62.937,61.722,61.722,0,0
VOX_PE,D,20141023,000000,62.329,62.677,62.329,62.677,0,0
VOX_PE,D,20141024,000000,62.677,62.677,62.677,62.677,0,0
VOX_PE,D,20141027,000000,61.895,63.199,61.548,63.199,0,0
VOX_PE,D,20141028,000000,63.545,64.673,63.111,63.111,0,0
VOX_PE,D,20141029,000000,63.111,64.934,62.589,64.413,0,0
VOX_PE,D,20141030,000000,64.847,66.67,64.066,65.281,0,0
VOX_PE,D,20141031,000000,66.148,66.148,64.76,65.281,0,0
VOX_PE,D,20141103,000000,64.76,66.062,64.76,65.801,0,0
VOX_PE,D,20141104,000000,65.194,66.758,64.847,66.758,0,0
VOX_PE,D,20141105,000000,66.758,66.758,66.758,66.758,0,0
VOX_PE,D,20141106,000000,66.323,66.323,65.281,65.281,0,0
VOX_PE,D,20141107,000000,65.281,65.281,64.326,64.326,0,0
VOX_PE,D,20141110,000000,64.066,65.281,64.066,65.281,0,0
VOX_PE,D,20141112,000000,66.496,66.496,63.458,63.458,0,0
VOX_PE,D,20141113,000000,64.066,64.066,62.937,63.024,0,0
VOX_PE,D,20141114,000000,62.502,62.502,61.548,61.548,0,0
VOX_PE,D,20141117,000000,60.507,61.635,59.291,59.291,0,0
VOX_PE,D,20141118,000000,59.291,59.291,55.992,56.339,0,0
VOX_PE,D,20141119,000000,56.426,56.426,56.339,56.339,0,0
VOX_PE,D,20150907,000000,43.839,43.839,43.839,43.839,0,0
VOX_PE,D,20150908,000000,43.839,44.446,43.839,44.446,0,0
VOX_PE,D,20150909,000000,44.446,44.446,43.926,43.926,0,0
VOX_PE,D,20150910,000000,43.926,44.186,43.665,44.186,0,0
VOX_PE,D,20150911,000000,44.36,44.36,44.099,44.099,0,0
VOX_PE,D,20150914,000000,44.36,44.36,43.752,43.839,0,0
VOX_PE,D,20150915,000000,44.013,44.88,44.013,44.88,0,0
VOX_PE,D,20150916,000000,44.967,45.75,44.967,45.228,0,0
VOX_PE,D,20150917,000000,45.575,45.75,45.315,45.663,0,0
VOX_PE,D,20150918,000000,45.663,45.75,45.488,45.75,0,0
VOX_PE,D,20150921,000000,45.75,45.75,45.488,45.488,0,0
VOX_PE,D,20150922,000000,45.488,45.488,44.533,44.533,0,0
VOX_PE,D,20150923,000000,44.446,44.446,44.099,44.099,0,0
VOX_PE,D,20150924,000000,44.446,44.446,43.232,43.926,0,0
VOX_PE,D,20150925,000000,43.926,43.926,43.405,43.492,0,0
VOX_PE,D,20150928,000000,43.232,43.232,43.144,43.232,0,0
VOX_PE,D,20150929,000000,43.752,44.967,43.752,44.446,0,0
VOX_PE,D,20150930,000000,44.446,44.707,43.665,44.446,0,0
VOX_PE,D,20151001,000000,44.446,44.446,43.579,43.579,0,0
VOX_PE,D,20151002,000000,43.665,43.665,43.579,43.579,0,0
VOX_PE,D,20151005,000000,43.579,43.579,41.756,41.929,0,0
VOX_PE,D,20151006,000000,42.191,42.623,40.627,41.929,0,0
VOX_PE,D,20151007,000000,41.929,41.929,41.929,41.929,0,0
VOX_PE,D,20151008,000000,41.843,43.232,41.843,43.232,0,0
VOX_PE,D,20151009,000000,43.232,43.232,42.017,42.537,0,0
VOX_PE,D,20151012,000000,42.104,42.71,41.147,41.234,0,0
VOX_PE,D,20151013,000000,41.234,42.104,40.713,42.104,0,0
VOX_PE,D,20151014,000000,42.104,42.104,41.843,41.929,0,0
VOX_PE,D,20151015,000000,42.104,44.186,42.104,43.926,0,0
VOX_PE,D,20151016,000000,43.665,43.665,42.797,43.232,0,0
VOX_PE,D,20151019,000000,43.579,43.579,43.232,43.232,0,0
VOX_PE,D,20151020,000000,43.318,43.318,41.929,43.144,0,0
VOX_PE,D,20151021,000000,43.144,43.232,43.144,43.232,0,0
VOX_PE,D,20151022,000000,43.579,44.446,43.579,43.579,0,0
VOX_PE,D,20151023,000000,43.926,43.926,43.752,43.926,0,0
VOX_PE,D,20151026,000000,44.446,44.446,43.232,43.232,0,0
VOX_PE,D,20151027,000000,44.36,44.36,44.273,44.273,0,0
VOX_PE,D,20151028,000000,44.273,44.36,44.273,44.36,0,0
VOX_PE,D,20151029,000000,44.36,45.663,44.36,45.315,0,0
VOX_PE,D,20151030,000000,45.488,46.79,45.488,46.53,0,0
VOX_PE,D,20151102,000000,46.53,46.79,46.27,46.79,0,0
VOX_PE,D,20151103,000000,46.79,47.311,46.53,47.051,0,0
VOX_PE,D,20151104,000000,47.311,48.266,20.401,20.401,0,0
VOX_PE,D,20151105,000000,20.314,20.921,20.314,20.921,0,0
VOX_PE,D,20151106,000000,20.834,20.921,20.574,20.748,0,0
VOX_PE,D,20151109,000000,20.748,20.834,20.661,20.748,0,0
VOX_PE,D,20151110,000000,20.748,20.834,20.487,20.487,0,0
VOX_PE,D,20151112,000000,20.487,20.574,20.487,20.574,0,0
VOX_PE,D,20151113,000000,20.574,20.574,20.314,20.314,0,0
VOX_PE,D,20151116,000000,20.227,20.227,19.359,19.879,0,0
VOX_PE,D,20151117,000000,20.053,20.053,19.879,19.879,0,0
VOX_PE,D,20151118,000000,19.879,19.879,19.706,19.793,0,0
VOX_PE,D,20151119,000000,19.706,20.314,19.532,20.314,0,0
VOX_PE,D,20151120,000000,20.314,20.314,19.966,19.966,0,0
VOX_PE,D,20151123,000000,19.966,19.966,19.706,19.879,0,0
VOX_PE,D,20151124,000000,19.879,19.879,19.706,19.793,0,0
VOX_PE,D,20151126,000000,19.879,19.879,19.793,19.793,0,0
VOX_PE,D,20151127,000000,19.793,20.314,19.793,20.053,0,0
VOX_PE,D,20151130,000000,20.053,20.314,20.053,20.314,0,0
VOX_PE,D,20151201,000000,20.314,20.401,20.053,20.314,0,0
VOX_PE,D,20151202,000000,20.314,20.314,19.619,19.706,0,0
VOX_PE,D,20151203,000000,19.879,20.14,19.706,19.706,0,0
VOX_PE,D,20151204,000000,19.706,19.966,19.619,19.966,0,0
VOX_PE,D,20151207,000000,20.14,20.227,20.14,20.14,0,0
VOX_PE,D,20151208,000000,20.053,20.053,19.793,20.053,0,0
VOX_PE,D,20151209,000000,20.053,20.053,19.706,20.053,0,0
VOX_PE,D,20151210,000000,20.053,20.14,20.053,20.14,0,0
VOX_PE,D,20151211,000000,19.879,20.053,19.619,19.619,0,0
VOX_PE,D,20151214,000000,19.619,19.619,19.619,19.619,0,0
VOX_PE,D,20151215,000000,19.619,20.14,19.619,20.14,0,0
VOX_PE,D,20151216,000000,19.619,20.14,19.619,19.793,0,0
VOX_PE,D,20151217,000000,19.966,20.14,19.793,20.053,0,0
VOX_PE,D,20151218,000000,20.14,20.661,20.14,20.661,0,0
VOX_PE,D,20151221,000000,20.748,21.443,20.748,21.356,0,0
VOX_PE,D,20151222,000000,21.356,22.309,21.356,22.049,0,0
VOX_PE,D,20151223,000000,22.049,22.483,22.049,22.483,0,0
VOX_PE,D,20151228,000000,22.223,22.571,22.223,22.223,0,0
VOX_PE,D,20151229,000000,22.309,22.483,22.223,22.483,0,0
VOX_PE,D,20151230,000000,22.483,22.483,22.223,22.483,0,0
VOX_PE,D,20160104,000000,22.483,22.483,21.876,21.876,0,0
VOX_PE,D,20160105,000000,21.962,23.352,21.962,23.265,0,0
VOX_PE,D,20160107,000000,22.657,23.178,22.657,22.918,0,0
VOX_PE,D,20160108,000000,22.918,23.526,22.918,23.352,0,0
VOX_PE,D,20160111,000000,23.352,24.22,23.352,23.352,0,0
VOX_PE,D,20160112,000000,23.352,23.96,23.004,23.352,0,0
VOX_PE,D,20160113,000000,23.439,24.047,23.439,24.047,0,0
VOX_PE,D,20160114,000000,24.047,24.047,23.352,23.699,0,0
VOX_PE,D,20160115,000000,23.439,23.786,23.178,23.786,0,0
VOX_PE,D,20160118,000000,23.699,23.786,23.699,23.786,0,0
VOX_PE,D,20160119,000000,23.699,23.699,23.699,23.699,0,0
VOX_PE,D,20160120,000000,23.352,23.612,23.178,23.612,0,0
VOX_PE,D,20160121,000000,23.612,23.612,23.265,23.612,0,0
VOX_PE,D,20160122,000000,23.612,23.699,23.352,23.612,0,0
VOX_PE,D,20160125,000000,23.699,23.699,23.699,23.699,0,0
VOX_PE,D,20160126,000000,23.699,23.699,23.352,23.612,0,0
VOX_PE,D,20160127,000000,22.136,23.352,22.136,23.091,0,0
VOX_PE,D,20160128,000000,23.091,23.526,23.004,23.526,0,0
VOX_PE,D,20160129,000000,23.526,23.612,23.178,23.612,0,0
VOX_PE,D,20160201,000000,23.612,23.699,23.526,23.612,0,0
VOX_PE,D,20160202,000000,23.612,23.612,22.657,23.004,0,0
VOX_PE,D,20160203,000000,22.918,22.918,22.309,22.657,0,0
VOX_PE,D,20160204,000000,22.657,22.657,21.962,22.049,0,0
VOX_PE,D,20160205,000000,21.876,21.876,19.793,21.789,0,0
VOX_PE,D,20160208,000000,21.268,21.268,19.879,19.879,0,0
VOX_PE,D,20160209,000000,19.879,19.879,18.49,19.185,0,0
VOX_PE,D,20160210,000000,18.577,19.185,18.577,18.75,0,0
VOX_PE,D,20160211,000000,18.837,19.185,18.316,19.185,0,0
VOX_PE,D,20160212,000000,19.272,20.487,18.837,19.966,0,0
VOX_PE,D,20160215,000000,20.227,20.314,19.966,20.314,0,0
VOX_PE,D,20160216,000000,20.314,20.314,20.053,20.053,0,0
VOX_PE,D,20160217,000000,20.227,21.008,19.359,20.748,0,0
VOX_PE,D,20160218,000000,20.921,21.356,20.921,21.268,0,0
VOX_PE,D,20160219,000000,21.356,22.223,21.356,22.136,0,0
VOX_PE,D,20160222,000000,22.049,22.049,20.487,20.487,0,0
VOX_PE,D,20160223,000000,20.487,20.487,19.879,20.053,0,0
VOX_PE,D,20160224,000000,19.966,19.966,19.359,19.445,0,0
VOX_PE,D,20160225,000000,19.619,19.966,19.619,19.879,0,0
VOX_PE,D,20160226,000000,20.053,20.834,19.706,20.314,0,0
VOX_PE,D,20160229,000000,20.574,20.574,20.053,20.574,0,0
VOX_PE,D,20160301,000000,20.574,20.574,19.272,19.619,0,0
VOX_PE,D,20160302,000000,19.966,20.314,19.793,19.793,0,0
VOX_PE,D,20160303,000000,19.793,19.879,19.793,19.879,0,0
VOX_PE,D,20160304,000000,19.879,19.966,19.793,19.966,0,0
VOX_PE,D,20160307,000000,19.966,19.966,19.706,19.879,0,0
VOX_PE,D,20160308,000000,19.879,19.879,19.706,19.793,0,0
VOX_PE,D,20160309,000000,19.793,19.793,19.012,19.706,0,0
VOX_PE,D,20160310,000000,19.706,19.793,19.359,19.359,0,0
VOX_PE,D,20160311,000000,19.359,19.966,19.098,19.793,0,0
VOX_PE,D,20160314,000000,19.793,19.793,19.359,19.619,0,0
VOX_PE,D,20160315,000000,19.619,19.793,19.185,19.359,0,0
VOX_PE,D,20160316,000000,19.359,19.359,19.272,19.359,0,0
VOX_PE,D,20160317,000000,19.445,19.445,18.577,19.272,0,0
VOX_PE,D,20160318,000000,19.272,19.359,19.185,19.359,0,0
VOX_PE,D,20160321,000000,19.445,19.445,19.185,19.359,0,0
VOX_PE,D,20160322,000000,19.359,19.706,18.837,19.359,0,0
VOX_PE,D,20160323,000000,19.532,19.619,18.925,19.619,0,0
VOX_PE,D,20160324,000000,19.445,20.661,19.445,20.661,0,0
VOX_PE,D,20160329,000000,20.661,21.008,20.487,20.661,0,0
VOX_PE,D,20160330,000000,20.574,20.574,12.153,12.153,0,0
VOX_PE,D,20160331,000000,12.067,12.413,11.806,12.413,0,0
VOX_PE,D,20160401,000000,12.153,12.24,12.067,12.153,0,0
VOX_PE,D,20160404,000000,12.067,12.067,11.893,11.98,0,0
VOX_PE,D,20160405,000000,11.893,11.893,11.72,11.806,0,0
VOX_PE,D,20160406,000000,11.806,11.806,11.72,11.72,0,0
VOX_PE,D,20160407,000000,11.72,11.72,11.285,11.633,0,0
VOX_PE,D,20160408,000000,11.633,11.806,11.458,11.72,0,0
VOX_PE,D,20160411,000000,11.72,11.72,11.285,11.372,0,0
VOX_PE,D,20160412,000000,11.458,12.153,11.458,12.153,0,0
VOX_PE,D,20160413,000000,12.153,12.413,12.153,12.413,0,0
VOX_PE,D,20160414,000000,12.5,12.674,12.24,12.24,0,0
VOX_PE,D,20160415,000000,12.24,12.674,12.067,12.413,0,0
VOX_PE,D,20160418,000000,12.326,12.587,12.24,12.5,0,0
VOX_PE,D,20160419,000000,12.5,12.5,12.413,12.5,0,0
VOX_PE,D,20160420,000000,12.5,12.587,12.5,12.5,0,0
VOX_PE,D,20160421,000000,12.587,12.674,12.5,12.674,0,0
VOX_PE,D,20160422,000000,12.761,12.761,12.587,12.674,0,0
VOX_PE,D,20160425,000000,12.587,12.587,12.326,12.413,0,0
VOX_PE,D,20160426,000000,12.153,12.153,11.98,12.067,0,0
VOX_PE,D,20160427,000000,12.067,12.067,11.893,11.98,0,0
VOX_PE,D,20160428,000000,11.98,12.587,11.98,12.587,0,0
VOX_PE,D,20160429,000000,12.24,12.413,12.24,12.413,0,0
VOX_PE,D,20160502,000000,12.413,12.5,12.413,12.413,0,0
VOX_PE,D,20160504,000000,12.413,12.413,11.98,12.24,0,0
VOX_PE,D,20160505,000000,12.413,12.413,12.24,12.326,0,0
VOX_PE,D,20160506,000000,12.326,12.326,12.326,12.326,0,0
VOX_PE,D,20160509,000000,12.153,12.153,11.458,11.72,0,0
VOX_PE,D,20160510,000000,11.545,11.806,11.545,11.72,0,0
VOX_PE,D,20160511,000000,11.72,11.72,11.633,11.72,0,0
VOX_PE,D,20160512,000000,11.545,11.72,11.458,11.633,0,0
VOX_PE,D,20160513,000000,11.72,11.72,11.458,11.545,0,0
VOX_PE,D,20160516,000000,11.198,11.545,11.198,11.458,0,0
VOX_PE,D,20160517,000000,11.545,11.545,11.285,11.458,0,0
VOX_PE,D,20160518,000000,11.458,11.545,11.458,11.458,0,0
VOX_PE,D,20160519,000000,11.458,11.806,11.285,11.372,0,0
VOX_PE,D,20160520,000000,11.372,11.372,11.198,11.372,0,0
VOX_PE,D,20160523,000000,11.372,11.458,11.372,11.372,0,0
VOX_PE,D,20160524,000000,11.372,11.372,11.372,11.372,0,0
VOX_PE,D,20160525,000000,11.372,11.372,11.372,11.372,0,0
VOX_PE,D,20160527,000000,11.372,12.761,11.285,12.761,0,0
VOX_PE,D,20160530,000000,12.761,12.849,12.761,12.849,0,0
VOX_PE,D,20160531,000000,12.761,12.849,12.761,12.849,0,0
VOX_PE,D,20160601,000000,12.849,12.849,12.587,12.761,0,0
VOX_PE,D,20160602,000000,12.761,12.761,12.413,12.413,0,0
VOX_PE,D,20160603,000000,12.674,12.761,12.674,12.761,0,0
VOX_PE,D,20160606,000000,12.761,12.761,12.674,12.674,0,0
VOX_PE,D,20160607,000000,12.674,12.761,12.674,12.761,0,0
VOX_PE,D,20160608,000000,12.5,12.674,12.413,12.674,0,0
VOX_PE,D,20160609,000000,12.674,12.674,12.674,12.674,0,0
VOX_PE,D,20160610,000000,12.674,12.761,11.72,11.806,0,0
VOX_PE,D,20160613,000000,11.806,11.806,11.72,11.72,0,0
VOX_PE,D,20160614,000000,11.72,11.806,11.633,11.633,0,0
VOX_PE,D,20160615,000000,11.633,11.72,11.372,11.458,0,0
VOX_PE,D,20160616,000000,11.372,11.372,10.678,11.198,0,0
VOX_PE,D,20160617,000000,11.285,12.413,10.938,12.413,0,0
VOX_PE,D,20160620,000000,12.153,12.326,11.893,12.24,0,0
VOX_PE,D,20160621,000000,12.24,12.326,12.153,12.153,0,0
VOX_PE,D,20160622,000000,12.153,12.674,12.153,12.5,0,0
VOX_PE,D,20160623,000000,12.5,12.5,12.413,12.413,0,0
VOX_PE,D,20160624,000000,11.458,12.153,11.458,12.067,0,0
VOX_PE,D,20160627,000000,11.98,12.153,11.98,12.153,0,0
VOX_PE,D,20160628,000000,12.153,12.413,12.153,12.413,0,0
VOX_PE,D,20160629,000000,12.413,12.413,12.413,12.413,0,0
VOX_PE,D,20160630,000000,12.413,12.413,12.413,12.413,0,0
VOX_PE,D,20160701,000000,12.413,12.761,12.413,12.761,0,0
VOX_PE,D,20160704,000000,12.761,12.761,12.674,12.674,0,0
VOX_PE,D,20160705,000000,12.674,12.761,12.674,12.761,0,0
VOX_PE,D,20160706,000000,12.761,12.761,12.674,12.674,0,0
VOX_PE,D,20160707,000000,12.674,12.674,12.674,12.674,0,0
VOX_PE,D,20160708,000000,12.674,12.674,12.674,12.674,0,0
VOX_PE,D,20160711,000000,12.674,12.674,12.674,12.674,0,0
VOX_PE,D,20160712,000000,12.674,12.674,12.674,12.674,0,0
VOX_PE,D,20160713,000000,12.674,12.674,12.587,12.587,0,0
VOX_PE,D,20160714,000000,12.674,12.674,12.587,12.674,0,0
VOX_PE,D,20160715,000000,12.674,12.674,12.587,12.674,0,0
VOX_PE,D,20160718,000000,12.674,12.761,12.5,12.761,0,0
VOX_PE,D,20160719,000000,12.761,12.761,12.761,12.761,0,0
VOX_PE,D,20160720,000000,12.413,12.761,12.413,12.761,0,0
VOX_PE,D,20160721,000000,12.761,12.761,12.761,12.761,0,0
VOX_PE,D,20160722,000000,12.674,12.674,12.674,12.674,0,0
VOX_PE,D,20160725,000000,12.674,12.761,12.674,12.761,0,0
VOX_PE,D,20160726,000000,12.761,12.761,12.674,12.674,0,0
VOX_PE,D,20160727,000000,12.674,12.761,12.674,12.761,0,0
VOX_PE,D,20160728,000000,12.761,12.761,12.761,12.761,0,0
VOX_PE,D,20160729,000000,12.761,12.761,12.761,12.761,0,0
VOX_PE,D,20160801,000000,12.761,12.761,12.761,12.761,0,0
VOX_PE,D,20160802,000000,12.761,12.761,12.761,12.761,0,0
VOX_PE,D,20160803,000000,12.761,12.761,12.761,12.761,0,0
VOX_PE,D,20160804,000000,12.761,12.761,12.761,12.761,0,0
VOX_PE,D,20160805,000000,12.761,12.761,12.761,12.761,0,0
VOX_PE,D,20160808,000000,12.761,12.761,12.587,12.674,0,0
VOX_PE,D,20160809,000000,12.674,12.674,12.587,12.674,0,0
VOX_PE,D,20160810,000000,12.674,12.674,12.674,12.674,0,0
VOX_PE,D,20160811,000000,12.587,12.674,12.587,12.674,0,0
VOX_PE,D,20160812,000000,12.587,12.761,12.587,12.674,0,0
VOX_PE,D,20160816,000000,12.674,12.674,12.674,12.674,0,0
VOX_PE,D,20160817,000000,12.674,12.761,12.674,12.761,0,0
VOX_PE,D,20160818,000000,12.761,12.761,12.761,12.761,0,0
VOX_PE,D,20160819,000000,12.761,12.761,12.761,12.761,0,0
VOX_PE,D,20160822,000000,12.761,12.761,12.761,12.761,0,0
VOX_PE,D,20160823,000000,12.413,12.761,12.413,12.761,0,0
VOX_PE,D,20160824,000000,12.761,12.849,12.761,12.761,0,0
VOX_PE,D,20160825,000000,12.761,12.761,12.761,12.761,0,0
VOX_PE,D,20160826,000000,12.761,12.761,12.761,12.761,0,0
VOX_PE,D,20160829,000000,12.761,12.761,12.761,12.761,0,0
VOX_PE,D,20160830,000000,12.761,12.761,12.761,12.761,0,0
VOX_PE,D,20160831,000000,12.674,12.761,12.674,12.761,0,0
VOX_PE,D,20160901,000000,12.761,12.761,12.413,12.413,0,0
VOX_PE,D,20160902,000000,12.413,12.761,12.413,12.761,0,0
VOX_PE,D,20160905,000000,12.761,13.109,12.761,13.109,0,0
VOX_PE,D,20160906,000000,13.109,13.109,13.109,13.109,0,0
VOX_PE,D,20160907,000000,13.109,13.109,13.109,13.109,0,0
VOX_PE,D,20160908,000000,13.109,13.629,13.022,13.369,0,0
VOX_PE,D,20160909,000000,13.369,13.456,12.935,13.456,0,0
VOX_PE,D,20160912,000000,13.456,13.976,13.456,13.89,0,0
VOX_PE,D,20160913,000000,13.976,13.976,13.89,13.976,0,0
VOX_PE,D,20160914,000000,13.89,13.976,13.89,13.89,0,0
VOX_PE,D,20160915,000000,13.716,13.89,13.716,13.89,0,0
VOX_PE,D,20160916,000000,13.772,15.114,13.772,13.862,0,0
VOX_PE,D,20160919,000000,13.862,14.04,13.682,14.04,0,0
VOX_PE,D,20160920,000000,14.04,14.04,14.04,14.04,0,0
VOX_PE,D,20160921,000000,14.04,14.04,13.951,13.951,0,0
VOX_PE,D,20160922,000000,14.04,14.04,14.04,14.04,0,0
VOX_PE,D,20160923,000000,14.04,14.04,13.593,13.593,0,0
VOX_PE,D,20160926,000000,13.593,13.951,13.593,13.862,0,0
VOX_PE,D,20160927,000000,13.772,14.04,13.772,14.04,0,0
VOX_PE,D,20160928,000000,13.862,14.04,13.862,14.04,0,0
VOX_PE,D,20160929,000000,14.04,14.577,14.04,14.577,0,0
VOX_PE,D,20160930,000000,14.577,14.577,13.772,13.951,0,0
VOX_PE,D,20161003,000000,13.951,14.399,13.951,14.399,0,0
VOX_PE,D,20161004,000000,14.399,14.845,14.399,14.845,0,0
VOX_PE,D,20161005,000000,14.845,14.935,14.666,14.935,0,0
VOX_PE,D,20161006,000000,14.666,14.845,14.666,14.755,0,0
VOX_PE,D,20161007,000000,14.755,14.935,14.755,14.935,0,0
VOX_PE,D,20161010,000000,14.935,15.114,14.755,15.114,0,0
VOX_PE,D,20161011,000000,15.114,15.114,15.114,15.114,0,0
VOX_PE,D,20161012,000000,15.114,15.114,15.024,15.024,0,0
VOX_PE,D,20161013,000000,15.114,15.114,15.024,15.114,0,0
VOX_PE,D,20161014,000000,15.024,15.114,15.024,15.114,0,0
VOX_PE,D,20161017,000000,15.114,15.918,15.114,15.74,0,0
VOX_PE,D,20161018,000000,15.471,15.74,15.471,15.74,0,0
VOX_PE,D,20161019,000000,15.56,15.56,15.56,15.56,0,0
VOX_PE,D,20161020,000000,15.471,15.471,15.471,15.471,0,0
VOX_PE,D,20161021,000000,15.471,15.471,15.471,15.471,0,0
VOX_PE,D,20161024,000000,15.56,15.56,15.382,15.382,0,0
VOX_PE,D,20161025,000000,15.56,15.56,15.024,15.114,0,0
VOX_PE,D,20161026,000000,15.024,15.56,15.024,15.114,0,0
VOX_PE,D,20161027,000000,15.024,15.114,14.935,14.935,0,0
VOX_PE,D,20161028,000000,15.024,15.114,15.024,15.114,0,0
VOX_PE,D,20161031,000000,15.114,15.56,15.114,15.56,0,0
VOX_PE,D,20161102,000000,15.114,15.204,14.935,15.024,0,0
VOX_PE,D,20161103,000000,15.024,15.024,14.845,14.845,0,0
VOX_PE,D,20161104,000000,14.755,14.845,14.755,14.845,0,0
VOX_PE,D,20161107,000000,15.114,15.204,14.845,14.845,0,0
VOX_PE,D,20161108,000000,15.114,15.114,14.935,15.114,0,0
VOX_PE,D,20161109,000000,15.204,15.204,15.024,15.024,0,0
VOX_PE,D,20161110,000000,14.935,15.114,14.935,15.024,0,0
VOX_PE,D,20161114,000000,15.024,15.114,14.935,14.935,0,0
VOX_PE,D,20161115,000000,14.845,14.935,14.845,14.845,0,0
VOX_PE,D,20161116,000000,14.845,14.845,14.755,14.845,0,0
VOX_PE,D,20161117,000000,14.845,17.082,14.755,17.082,0,0
VOX_PE,D,20161118,000000,16.992,17.082,16.992,17.082,0,0
VOX_PE,D,20161121,000000,17.082,17.082,17.082,17.082,0,0
VOX_PE,D,20161122,000000,17.082,17.082,17.082,17.082,0,0
VOX_PE,D,20161123,000000,17.082,17.082,16.992,16.992,0,0
VOX_PE,D,20161124,000000,16.992,16.992,16.902,16.902,0,0
VOX_PE,D,20161125,000000,16.992,16.992,16.992,16.992,0,0
VOX_PE,D,20161128,000000,16.992,16.992,16.902,16.992,0,0
VOX_PE,D,20161129,000000,17.082,17.082,16.723,16.992,0,0
VOX_PE,D,20161130,000000,16.992,16.992,16.902,16.902,0,0
VOX_PE,D,20161201,000000,16.902,16.902,16.723,16.902,0,0
VOX_PE,D,20161202,000000,16.813,16.902,16.813,16.813,0,0
VOX_PE,D,20161205,000000,16.992,16.992,16.723,16.992,0,0
VOX_PE,D,20161206,000000,16.813,16.813,16.813,16.813,0,0
VOX_PE,D,20161207,000000,16.723,16.813,16.723,16.723,0,0
VOX_PE,D,20161208,000000,16.723,16.813,16.723,16.723,0,0
VOX_PE,D,20161209,000000,16.723,16.723,16.633,16.723,0,0
VOX_PE,D,20161212,000000,16.723,16.723,16.544,16.544,0,0
VOX_PE,D,20161213,000000,16.544,16.633,16.544,16.633,0,0
VOX_PE,D,20161214,000000,16.633,16.633,16.633,16.633,0,0
VOX_PE,D,20161215,000000,16.633,16.633,16.633,16.633,0,0
VOX_PE,D,20161216,000000,16.633,16.633,16.633,16.633,0,0
VOX_PE,D,20161219,000000,16.633,16.633,16.633,16.633,0,0
VOX_PE,D,20161220,000000,16.633,16.633,16.633,16.633,0,0
VOX_PE,D,20161221,000000,16.633,16.633,16.544,16.544,0,0
VOX_PE,D,20161222,000000,16.544,16.544,16.187,16.544,0,0
VOX_PE,D,20161223,000000,16.544,16.544,16.544,16.544,0,0
VOX_PE,D,20161227,000000,16.544,16.544,16.455,16.455,0,0
VOX_PE,D,20161228,000000,16.455,16.455,16.277,16.455,0,0
VOX_PE,D,20161229,000000,16.544,16.544,16.544,16.544,0,0
VOX_PE,D,20161230,000000,16.544,16.544,16.544,16.544,0,0
VOX_PE,D,20170102,000000,16.902,16.902,16.633,16.902,0,0
VOX_PE,D,20170103,000000,16.902,16.902,16.813,16.902,0,0
VOX_PE,D,20170104,000000,16.633,16.633,16.633,16.633,0,0
VOX_PE,D,20170105,000000,16.187,16.813,16.187,16.813,0,0
VOX_PE,D,20170109,000000,16.365,16.365,16.277,16.365,0,0
VOX_PE,D,20170110,000000,16.277,16.633,16.277,16.633,0,0
VOX_PE,D,20170111,000000,16.455,16.455,16.277,16.455,0,0
VOX_PE,D,20170112,000000,16.455,16.544,16.277,16.544,0,0
VOX_PE,D,20170113,000000,16.902,16.902,16.544,16.544,0,0
VOX_PE,D,20170116,000000,16.544,16.544,16.277,16.365,0,0
VOX_PE,D,20170117,000000,16.455,16.633,16.277,16.455,0,0
VOX_PE,D,20170118,000000,16.277,16.455,16.277,16.455,0,0
VOX_PE,D,20170119,000000,16.455,16.544,16.277,16.365,0,0
VOX_PE,D,20170120,000000,16.455,16.455,16.365,16.365,0,0
VOX_PE,D,20170123,000000,16.365,16.365,16.277,16.277,0,0
VOX_PE,D,20170124,000000,16.277,16.544,16.277,16.455,0,0
VOX_PE,D,20170125,000000,16.544,16.544,16.455,16.455,0,0
VOX_PE,D,20170126,000000,16.544,16.544,16.365,16.455,0,0
VOX_PE,D,20170127,000000,16.277,16.544,16.277,16.455,0,0
VOX_PE,D,20170130,000000,16.455,16.544,16.455,16.544,0,0
VOX_PE,D,20170131,000000,16.544,16.544,16.544,16.544,0,0
VOX_PE,D,20170201,000000,16.544,16.544,16.455,16.455,0,0
VOX_PE,D,20170202,000000,16.544,16.544,16.365,16.455,0,0
VOX_PE,D,20170203,000000,16.544,16.544,16.365,16.455,0,0
VOX_PE,D,20170206,000000,16.455,16.455,16.365,16.455,0,0
VOX_PE,D,20170207,000000,16.544,16.544,16.455,16.455,0,0
VOX_PE,D,20170208,000000,16.365,16.544,16.365,16.455,0,0
VOX_PE,D,20170209,000000,16.544,16.544,16.187,16.187,0,0
VOX_PE,D,20170210,000000,16.544,16.544,16.187,16.187,0,0
VOX_PE,D,20170213,000000,16.277,16.455,16.277,16.365,0,0
VOX_PE,D,20170214,000000,16.455,16.455,16.187,16.455,0,0
VOX_PE,D,20170215,000000,16.455,16.455,16.365,16.365,0,0
VOX_PE,D,20170216,000000,16.455,16.455,16.365,16.455,0,0
VOX_PE,D,20170217,000000,16.455,16.455,16.277,16.365,0,0
VOX_PE,D,20170220,000000,16.365,16.365,16.365,16.365,0,0
VOX_PE,D,20170221,000000,16.365,16.365,16.365,16.365,0,0
VOX_PE,D,20170222,000000,16.365,16.365,16.365,16.365,0,0
VOX_PE,D,20170223,000000,16.365,16.365,16.187,16.187,0,0
VOX_PE,D,20170224,000000,16.365,16.365,16.277,16.277,0,0
VOX_PE,D,20170227,000000,16.097,16.277,16.008,16.187,0,0
VOX_PE,D,20170228,000000,16.277,16.277,16.187,16.187,0,0
VOX_PE,D,20170301,000000,16.277,16.277,16.097,16.097,0,0
VOX_PE,D,20170302,000000,16.187,16.277,16.097,16.187,0,0
VOX_PE,D,20170303,000000,16.187,16.187,16.008,16.097,0,0
VOX_PE,D,20170306,000000,16.187,16.187,16.097,16.097,0,0
VOX_PE,D,20170307,000000,16.097,16.097,16.008,16.008,0,0
VOX_PE,D,20170308,000000,15.829,16.008,15.829,16.008,0,0
VOX_PE,D,20170309,000000,16.008,16.008,16.008,16.008,0,0
VOX_PE,D,20170310,000000,16.008,16.008,15.918,16.008,0,0
VOX_PE,D,20170313,000000,15.829,15.829,15.74,15.74,0,0
VOX_PE,D,20170314,000000,15.74,16.008,15.74,16.008,0,0
VOX_PE,D,20170315,000000,16.008,16.008,16.008,16.008,0,0
VOX_PE,D,20170316,000000,16.008,16.008,15.74,15.74,0,0
VOX_PE,D,20170317,000000,15.918,15.918,15.471,15.74,0,0
VOX_PE,D,20170320,000000,15.471,15.74,15.471,15.74,0,0
VOX_PE,D,20170321,000000,15.74,15.74,15.74,15.74,0,0
VOX_PE,D,20170322,000000,15.74,15.74,15.74,15.74,0,0
VOX_PE,D,20170323,000000,15.65,15.74,15.65,15.65,0,0
VOX_PE,D,20170324,000000,15.74,15.74,15.56,15.74,0,0
VOX_PE,D,20170327,000000,15.74,15.74,15.74,15.74,0,0
VOX_PE,D,20170328,000000,15.74,15.74,15.292,15.292,0,0
VOX_PE,D,20170329,000000,15.204,15.292,15.204,15.292,0,0
VOX_PE,D,20170330,000000,15.292,15.382,15.292,15.292,0,0
VOX_PE,D,20170331,000000,15.292,15.292,15.292,15.292,0,0
VOX_PE,D,20170403,000000,15.204,15.204,15.204,15.204,0,0
VOX_PE,D,20170404,000000,15.204,15.204,15.024,15.114,0,0
VOX_PE,D,20170405,000000,15.204,16.544,15.204,16.455,0,0
VOX_PE,D,20170406,000000,15.471,16.097,15.471,16.097,0,0
VOX_PE,D,20170407,000000,15.829,15.829,15.829,15.829,0,0
VOX_PE,D,20170410,000000,15.829,15.829,15.56,15.829,0,0
VOX_PE,D,20170411,000000,15.74,15.829,15.74,15.74,0,0
VOX_PE,D,20170412,000000,15.65,15.65,15.471,15.65,0,0
VOX_PE,D,20170413,000000,15.56,15.65,15.471,15.65,0,0
VOX_PE,D,20170418,000000,15.65,15.65,15.56,15.56,0,0
VOX_PE,D,20170419,000000,15.382,15.56,15.382,15.56,0,0
VOX_PE,D,20170420,000000,15.56,15.56,15.56,15.56,0,0
VOX_PE,D,20170421,000000,15.56,15.56,15.56,15.56,0,0
VOX_PE,D,20170424,000000,15.56,15.74,15.56,15.74,0,0
VOX_PE,D,20170425,000000,15.65,15.65,15.65,15.65,0,0
VOX_PE,D,20170426,000000,15.65,15.65,15.65,15.65,0,0
VOX_PE,D,20170427,000000,15.65,15.65,15.65,15.65,0,0
VOX_PE,D,20170428,000000,15.65,15.65,15.471,15.471,0,0
VOX_PE,D,20170502,000000,15.382,15.382,15.204,15.292,0,0
VOX_PE,D,20170504,000000,15.292,15.382,15.204,15.204,0,0
VOX_PE,D,20170505,000000,15.204,15.382,15.204,15.382,0,0
VOX_PE,D,20170508,000000,15.382,15.382,15.382,15.382,0,0
VOX_PE,D,20170509,000000,15.382,15.382,15.382,15.382,0,0
VOX_PE,D,20170510,000000,15.382,15.382,15.382,15.382,0,0
VOX_PE,D,20170511,000000,15.382,15.382,15.114,15.292,0,0
VOX_PE,D,20170512,000000,15.292,15.292,15.292,15.292,0,0
VOX_PE,D,20170515,000000,15.292,15.292,15.292,15.292,0,0
VOX_PE,D,20170516,000000,15.292,15.382,12.698,12.698,0,0
VOX_PE,D,20170517,000000,12.61,12.698,12.61,12.61,0,0
VOX_PE,D,20170518,000000,12.61,12.61,12.521,12.61,0,0
VOX_PE,D,20170519,000000,12.61,12.61,12.61,12.61,0,0
VOX_PE,D,20170522,000000,12.61,12.61,12.61,12.61,0,0
VOX_PE,D,20170523,000000,12.61,12.61,12.61,12.61,0,0
VOX_PE,D,20170524,000000,12.61,12.61,12.61,12.61,0,0
VOX_PE,D,20170525,000000,12.521,12.521,12.431,12.431,0,0
VOX_PE,D,20170526,000000,12.431,12.61,12.431,12.61,0,0
VOX_PE,D,20170529,000000,12.431,12.431,12.431,12.431,0,0
VOX_PE,D,20170530,000000,12.431,12.431,12.431,12.431,0,0
VOX_PE,D,20170531,000000,12.431,12.431,12.252,12.431,0,0
VOX_PE,D,20170601,000000,12.431,12.431,12.431,12.431,0,0
VOX_PE,D,20170602,000000,12.252,12.61,12.252,12.61,0,0
VOX_PE,D,20170605,000000,12.61,12.61,12.61,12.61,0,0
VOX_PE,D,20170606,000000,12.61,12.967,12.61,12.967,0,0
VOX_PE,D,20170607,000000,12.967,12.967,12.877,12.877,0,0
VOX_PE,D,20170608,000000,12.877,13.146,12.877,13.057,0,0
VOX_PE,D,20170609,000000,13.057,13.146,13.057,13.146,0,0
VOX_PE,D,20170612,000000,12.967,13.057,12.521,12.967,0,0
VOX_PE,D,20170613,000000,12.61,12.967,12.61,12.788,0,0
VOX_PE,D,20170614,000000,12.698,12.698,12.698,12.698,0,0
VOX_PE,D,20170616,000000,12.521,12.521,12.521,12.521,0,0
VOX_PE,D,20170619,000000,12.521,12.521,12.341,12.431,0,0
VOX_PE,D,20170620,000000,12.341,12.341,12.341,12.341,0,0
VOX_PE,D,20170621,000000,12.341,12.341,12.341,12.341,0,0
VOX_PE,D,20170622,000000,12.252,12.252,12.252,12.252,0,0
VOX_PE,D,20170623,000000,12.252,12.252,11.984,12.072,0,0
VOX_PE,D,20170626,000000,12.252,12.252,11.984,11.984,0,0
VOX_PE,D,20170627,000000,12.162,12.162,11.984,12.072,0,0
VOX_PE,D,20170628,000000,12.162,12.162,11.894,12.072,0,0
VOX_PE,D,20170629,000000,12.072,12.072,12.072,12.072,0,0
VOX_PE,D,20170630,000000,11.984,11.984,11.894,11.984,0,0
VOX_PE,D,20170703,000000,11.984,11.984,11.984,11.984,0,0
VOX_PE,D,20170704,000000,11.984,11.984,11.984,11.984,0,0
VOX_PE,D,20170705,000000,11.447,11.984,11.447,11.447,0,0
VOX_PE,D,20170706,000000,11.357,11.894,11.357,11.804,0,0
VOX_PE,D,20170707,000000,11.804,11.894,11.357,11.357,0,0
VOX_PE,D,20170710,000000,11.894,11.894,11.715,11.715,0,0
VOX_PE,D,20170711,000000,11.715,11.715,11.715,11.715,0,0
VOX_PE,D,20170712,000000,11.626,11.804,11.357,11.626,0,0
VOX_PE,D,20170713,000000,11.715,11.715,11.626,11.626,0,0
VOX_PE,D,20170714,000000,11.626,11.626,11.626,11.626,0,0
VOX_PE,D,20170717,000000,11.626,11.626,11.626,11.626,0,0
VOX_PE,D,20170718,000000,11.626,11.626,11.626,11.626,0,0
VOX_PE,D,20170719,000000,11.626,11.626,11.447,11.626,0,0
VOX_PE,D,20170720,000000,11.626,11.626,11.536,11.626,0,0
VOX_PE,D,20170721,000000,12.027,12.027,11.657,12.027,0,0
VOX_PE,D,20170724,000000,12.12,12.12,11.657,12.027,0,0
VOX_PE,D,20170725,000000,12.027,12.027,11.75,12.027,0,0
VOX_PE,D,20170726,000000,11.75,12.027,11.75,12.027,0,0
VOX_PE,D,20170727,000000,12.027,12.027,11.75,12.027,0,0
VOX_PE,D,20170728,000000,12.027,12.027,12.027,12.027,0,0
VOX_PE,D,20170731,000000,12.027,12.027,12.027,12.027,0,0
VOX_PE,D,20170801,000000,12.027,12.027,11.75,11.934,0,0
VOX_PE,D,20170802,000000,11.75,11.934,11.657,11.934,0,0
VOX_PE,D,20170803,000000,11.934,11.934,11.934,11.934,0,0
VOX_PE,D,20170804,000000,11.934,11.934,11.934,11.934,0,0
VOX_PE,D,20170807,000000,11.75,11.934,11.564,11.934,0,0
VOX_PE,D,20170808,000000,11.934,11.934,11.934,11.934,0,0
VOX_PE,D,20170809,000000,11.934,11.934,11.934,11.934,0,0
VOX_PE,D,20170810,000000,11.934,11.934,11.934,11.934,0,0
VOX_PE,D,20170811,000000,11.934,11.934,11.934,11.934,0,0
VOX_PE,D,20170814,000000,11.657,11.934,11.657,11.657,0,0
VOX_PE,D,20170816,000000,11.842,11.842,11.842,11.842,0,0
VOX_PE,D,20170817,000000,11.842,11.842,11.842,11.842,0,0
VOX_PE,D,20170818,000000,11.842,11.842,11.842,11.842,0,0
VOX_PE,D,20170821,000000,11.934,11.934,11.934,11.934,0,0
VOX_PE,D,20170822,000000,11.934,11.934,11.934,11.934,0,0
VOX_PE,D,20170823,000000,11.934,11.934,11.934,11.934,0,0
VOX_PE,D,20170824,000000,11.934,11.934,11.934,11.934,0,0
VOX_PE,D,20170825,000000,11.934,11.934,11.657,11.934,0,0
VOX_PE,D,20170828,000000,11.934,11.934,11.472,11.842,0,0
VOX_PE,D,20170829,000000,11.842,11.842,11.842,11.842,0,0
VOX_PE,D,20170830,000000,11.842,11.842,11.842,11.842,0,0
VOX_PE,D,20170831,000000,11.842,11.842,11.472,11.657,0,0
VOX_PE,D,20170901,000000,11.934,12.953,11.934,12.953,0,0
VOX_PE,D,20170904,000000,12.953,13.045,12.953,13.045,0,0
VOX_PE,D,20170905,000000,13.045,13.045,13.045,13.045,0,0
VOX_PE,D,20170906,000000,12.583,13.045,12.583,12.674,0,0
VOX_PE,D,20170907,000000,12.674,12.674,12.674,12.674,0,0
VOX_PE,D,20170908,000000,12.674,13.045,12.49,12.49,0,0
VOX_PE,D,20170911,000000,12.49,12.49,12.304,12.304,0,0
VOX_PE,D,20170912,000000,12.212,12.212,12.212,12.212,0,0
VOX_PE,D,20170913,000000,12.212,12.212,12.212,12.212,0,0
VOX_PE,D,20170914,000000,12.212,12.212,12.12,12.12,0,0
VOX_PE,D,20170915,000000,12.027,12.12,12.027,12.12,0,0
VOX_PE,D,20170918,000000,12.12,12.12,11.842,11.842,0,0
VOX_PE,D,20170919,000000,11.842,12.212,11.657,12.212,0,0
VOX_PE,D,20170920,000000,12.212,12.583,12.212,12.583,0,0
VOX_PE,D,20170921,000000,12.583,12.583,12.212,12.304,0,0
VOX_PE,D,20170922,000000,12.304,12.397,12.304,12.397,0,0
VOX_PE,D,20170925,000000,12.397,12.674,12.397,12.674,0,0
VOX_PE,D,20170926,000000,12.674,12.674,12.674,12.674,0,0
VOX_PE,D,20170927,000000,12.674,12.674,12.674,12.674,0,0
VOX_PE,D,20170928,000000,12.674,12.674,12.674,12.674,0,0
VOX_PE,D,20170929,000000,12.674,12.674,12.674,12.674,0,0
VOX_PE,D,20171002,000000,12.674,12.674,12.674,12.674,0,0
VOX_PE,D,20171003,000000,12.674,12.674,12.674,12.674,0,0
VOX_PE,D,20171004,000000,12.674,12.674,12.674,12.674,0,0
VOX_PE,D,20171005,000000,12.674,12.674,12.674,12.674,0,0
VOX_PE,D,20171006,000000,12.674,12.674,12.674,12.674,0,0
VOX_PE,D,20171009,000000,12.674,12.674,12.674,12.674,0,0
VOX_PE,D,20171010,000000,12.674,12.674,12.674,12.674,0,0
VOX_PE,D,20171011,000000,12.674,12.674,12.674,12.674,0,0
VOX_PE,D,20171012,000000,12.674,12.674,12.674,12.674,0,0
VOX_PE,D,20171013,000000,12.674,12.674,12.674,12.674,0,0
VOX_PE,D,20171016,000000,12.674,12.674,12.674,12.674,0,0
VOX_PE,D,20171017,000000,12.674,12.674,12.674,12.674,0,0
VOX_PE,D,20171018,000000,12.674,12.674,12.674,12.674,0,0
VOX_PE,D,20171019,000000,12.674,12.674,12.674,12.674,0,0
VOX_PE,D,20171020,000000,12.674,12.674,12.674,12.674,0,0
VOX_PE,D,20171023,000000,12.674,12.674,12.674,12.674,0,0
VOX_PE,D,20171024,000000,12.674,12.674,12.674,12.674,0,0
VOX_PE,D,20171025,000000,12.674,12.674,12.674,12.674,0,0
VOX_PE,D,20171026,000000,12.674,12.674,12.674,12.674,0,0
VOX_PE,D,20171027,000000,12.674,12.674,12.583,12.674,0,0
VOX_PE,D,20171030,000000,12.674,12.674,12.49,12.674,0,0
VOX_PE,D,20171031,000000,12.674,12.674,12.674,12.674,0,0
VOX_PE,D,20171102,000000,12.583,12.583,12.583,12.583,0,0
VOX_PE,D,20171103,000000,12.583,12.583,12.212,12.212,0,0
VOX_PE,D,20171106,000000,12.49,12.49,12.49,12.49,0,0
VOX_PE,D,20171107,000000,12.49,12.49,12.49,12.49,0,0
VOX_PE,D,20171108,000000,12.49,12.49,12.397,12.397,0,0
VOX_PE,D,20171109,000000,12.397,12.583,12.397,12.583,0,0
VOX_PE,D,20171110,000000,12.583,12.583,12.583,12.583,0,0
VOX_PE,D,20171113,000000,12.583,12.583,12.583,12.583,0,0
VOX_PE,D,20171114,000000,12.583,12.583,12.304,12.583,0,0
VOX_PE,D,20171115,000000,12.583,12.583,12.212,12.212,0,0
VOX_PE,D,20171116,000000,12.212,12.583,12.212,12.583,0,0
VOX_PE,D,20171117,000000,12.583,12.583,10.547,10.547,0,0
VOX_PE,D,20171120,000000,10.547,10.547,10.454,10.454,0,0
VOX_PE,D,20171121,000000,10.547,10.547,10.177,10.27,0,0
VOX_PE,D,20171122,000000,10.27,10.361,10.27,10.361,0,0
VOX_PE,D,20171123,000000,10.27,10.27,10.27,10.27,0,0
VOX_PE,D,20171124,000000,10.27,10.27,10.27,10.27,0,0
VOX_PE,D,20171127,000000,10.27,10.27,10.27,10.27,0,0
VOX_PE,D,20171128,000000,10.27,10.27,10.27,10.27,0,0
VOX_PE,D,20171129,000000,10.27,10.27,10.27,10.27,0,0
VOX_PE,D,20171130,000000,10.084,10.27,10.084,10.27,0,0
VOX_PE,D,20171201,000000,10.361,10.361,10.361,10.361,0,0
VOX_PE,D,20171204,000000,10.361,10.454,10.361,10.454,0,0
VOX_PE,D,20171205,000000,10.454,10.454,9.991,10.084,0,0
VOX_PE,D,20171206,000000,10.177,10.177,9.9,10.177,0,0
VOX_PE,D,20171207,000000,10.177,10.177,10.177,10.177,0,0
VOX_PE,D,20171208,000000,10.27,10.27,10.177,10.27,0,0
VOX_PE,D,20171211,000000,9.991,10.27,9.991,9.991,0,0
VOX_PE,D,20171212,000000,10.177,10.27,9.991,10.27,0,0
VOX_PE,D,20171213,000000,10.27,10.361,10.27,10.361,0,0
VOX_PE,D,20171214,000000,10.27,10.361,10.27,10.361,0,0
VOX_PE,D,20171215,000000,10.361,10.361,10.27,10.361,0,0
VOX_PE,D,20171218,000000,10.361,10.454,10.361,10.454,0,0
VOX_PE,D,20171219,000000,10.454,10.454,10.454,10.454,0,0
VOX_PE,D,20171220,000000,10.454,10.454,10.361,10.361,0,0
VOX_PE,D,20171221,000000,10.454,10.454,10.454,10.454,0,0
VOX_PE,D,20171222,000000,10.454,10.454,10.361,10.454,0,0
VOX_PE,D,20171227,000000,10.454,10.454,10.454,10.454,0,0
VOX_PE,D,20171228,000000,10.454,10.454,10.361,10.454,0,0
VOX_PE,D,20171229,000000,10.454,11.472,10.454,11.472,0,0
VOX_PE,D,20180103,000000,11.472,12.304,11.102,12.304,0,0
VOX_PE,D,20180104,000000,11.934,12.12,11.842,12.12,0,0
VOX_PE,D,20180105,000000,12.12,12.953,12.027,12.304,0,0
VOX_PE,D,20180108,000000,12.49,12.49,12.212,12.397,0,0
VOX_PE,D,20180109,000000,12.49,13.137,12.49,12.767,0,0
VOX_PE,D,20180110,000000,12.583,13.137,12.583,13.045,0,0
VOX_PE,D,20180111,000000,13.045,13.045,12.86,13.045,0,0
VOX_PE,D,20180112,000000,13.045,13.045,12.86,12.953,0,0
VOX_PE,D,20180115,000000,12.953,13.137,12.953,13.137,0,0
VOX_PE,D,20180116,000000,13.137,13.137,13.137,13.137,0,0
VOX_PE,D,20180117,000000,13.137,13.6,12.953,13.23,0,0
VOX_PE,D,20180118,000000,13.23,13.23,13.23,13.23,0,0
VOX_PE,D,20180119,000000,13.23,14.247,13.23,13.877,0,0
VOX_PE,D,20180122,000000,14.247,14.247,13.877,14.155,0,0
VOX_PE,D,20180123,000000,14.063,14.247,13.785,13.785,0,0
VOX_PE,D,20180124,000000,13.507,14.155,13.507,14.063,0,0
VOX_PE,D,20180125,000000,14.063,14.433,13.97,14.063,0,0
VOX_PE,D,20180126,000000,14.155,14.155,12.86,12.86,0,0
VOX_PE,D,20180129,000000,12.86,12.86,12.583,12.767,0,0
VOX_PE,D,20180130,000000,12.767,12.767,12.212,12.49,0,0
VOX_PE,D,20180131,000000,12.304,12.304,11.75,12.12,0,0
VOX_PE,D,20180201,000000,12.304,12.583,12.12,12.583,0,0
VOX_PE,D,20180202,000000,12.674,12.674,12.49,12.49,0,0
VOX_PE,D,20180205,000000,12.397,12.49,12.397,12.49,0,0
VOX_PE,D,20180206,000000,11.75,12.397,11.657,12.304,0,0
VOX_PE,D,20180207,000000,12.027,12.397,12.027,12.304,0,0
VOX_PE,D,20180208,000000,12.397,12.397,12.027,12.12,0,0
VOX_PE,D,20180209,000000,12.12,12.397,12.12,12.12,0,0
VOX_PE,D,20180212,000000,12.304,12.49,12.212,12.397,0,0
VOX_PE,D,20180213,000000,12.397,12.397,12.397,12.397,0,0
VOX_PE,D,20180214,000000,12.397,12.953,12.397,12.86,0,0
VOX_PE,D,20180215,000000,12.86,13.507,12.86,13.23,0,0
VOX_PE,D,20180216,000000,13.137,13.137,12.49,12.767,0,0
VOX_PE,D,20180219,000000,12.767,13.23,12.767,13.23,0,0
VOX_PE,D,20180220,000000,13.045,13.23,13.045,13.23,0,0
VOX_PE,D,20180221,000000,13.23,13.23,13.137,13.137,0,0
VOX_PE,D,20180222,000000,13.137,13.137,13.045,13.137,0,0
VOX_PE,D,20180223,000000,13.23,13.23,13.137,13.137,0,0
VOX_PE,D,20180226,000000,13.137,13.415,13.137,13.323,0,0
VOX_PE,D,20180227,000000,13.415,13.415,13.23,13.23,0,0
VOX_PE,D,20180228,000000,13.23,13.23,13.045,13.137,0,0
VOX_PE,D,20180301,000000,13.23,13.415,13.23,13.323,0,0
VOX_PE,D,20180302,000000,13.137,13.415,13.137,13.323,0,0
VOX_PE,D,20180305,000000,13.137,13.323,12.953,13.323,0,0
VOX_PE,D,20180306,000000,12.953,13.323,12.953,13.23,0,0
VOX_PE,D,20180307,000000,13.23,13.23,12.583,12.583,0,0
VOX_PE,D,20180308,000000,12.49,12.953,12.49,12.583,0,0
VOX_PE,D,20180309,000000,12.86,12.86,12.583,12.86,0,0
VOX_PE,D,20180312,000000,12.953,13.23,12.583,12.953,0,0
VOX_PE,D,20180313,000000,12.583,12.953,12.583,12.953,0,0
VOX_PE,D,20180314,000000,12.674,12.953,12.674,12.953,0,0
VOX_PE,D,20180315,000000,12.86,12.86,12.674,12.674,0,0
VOX_PE,D,20180316,000000,12.583,12.86,12.583,12.86,0,0
VOX_PE,D,20180319,000000,12.674,12.953,12.674,12.953,0,0
VOX_PE,D,20180320,000000,12.953,12.953,12.49,12.953,0,0
VOX_PE,D,20180321,000000,12.953,12.953,12.86,12.86,0,0
VOX_PE,D,20180322,000000,12.86,12.86,12.86,12.86,0,0
VOX_PE,D,20180323,000000,12.86,12.86,12.674,12.86,0,0
VOX_PE,D,20180326,000000,12.953,13.785,10.177,10.177,0,0
VOX_PE,D,20180327,000000,9.9,10.177,9.9,10.084,0,0
VOX_PE,D,20180328,000000,10.084,10.084,9.807,9.807,0,0
VOX_PE,D,20180329,000000,9.991,10.084,9.714,9.807,0,0
VOX_PE,D,20180403,000000,9.807,9.991,9.714,9.807,0,0
VOX_PE,D,20180404,000000,9.991,9.991,9.621,9.714,0,0
VOX_PE,D,20180405,000000,9.9,9.9,9.4369,9.714,0,0
VOX_PE,D,20180406,000000,9.714,9.714,9.53,9.621,0,0
VOX_PE,D,20180409,000000,9.53,9.621,9.4369,9.621,0,0
VOX_PE,D,20180410,000000,9.621,9.621,9.2514,9.3441,0,0
VOX_PE,D,20180411,000000,9.621,9.621,9.1591,9.53,0,0
VOX_PE,D,20180412,000000,9.9,10.27,9.9,9.9,0,0
VOX_PE,D,20180413,000000,9.807,10.177,9.807,10.177,0,0
VOX_PE,D,20180416,000000,10.084,10.27,10.084,10.27,0,0
VOX_PE,D,20180417,000000,10.27,10.361,10.084,10.27,0,0
VOX_PE,D,20180418,000000,10.27,10.27,9.991,10.27,0,0
VOX_PE,D,20180419,000000,10.27,10.27,9.991,10.084,0,0
VOX_PE,D,20180420,000000,10.084,10.084,9.807,10.084,0,0
VOX_PE,D,20180423,000000,10.084,10.084,9.807,10.084,0,0
VOX_PE,D,20180424,000000,10.177,10.177,9.807,9.991,0,0
VOX_PE,D,20180425,000000,9.991,10.084,9.714,9.991,0,0
VOX_PE,D,20180426,000000,9.714,9.807,9.621,9.807,0,0
VOX_PE,D,20180427,000000,9.714,9.991,9.621,9.991,0,0
VOX_PE,D,20180430,000000,10.177,10.27,10.177,10.27,0,0
VOX_PE,D,20180502,000000,10.361,10.361,9.991,10.084,0,0
VOX_PE,D,20180504,000000,9.9,10.177,9.53,9.807,0,0
VOX_PE,D,20180507,000000,9.714,9.807,9.53,9.714,0,0
VOX_PE,D,20180508,000000,9.4369,9.4369,9.1591,9.3441,0,0
VOX_PE,D,20180509,000000,9.53,9.53,9.1591,9.4369,0,0
VOX_PE,D,20180510,000000,9.4369,10.084,9.4369,9.991,0,0
VOX_PE,D,20180511,000000,9.9,9.991,9.714,9.9,0,0
VOX_PE,D,20180514,000000,9.991,9.991,9.714,9.9,0,0
VOX_PE,D,20180515,000000,9.714,9.807,9.714,9.807,0,0
VOX_PE,D,20180516,000000,9.714,9.807,9.53,9.621,0,0
VOX_PE,D,20180517,000000,9.714,9.714,9.3441,9.53,0,0
VOX_PE,D,20180518,000000,9.53,9.714,9.53,9.621,0,0
VOX_PE,D,20180521,000000,9.53,10.27,9.53,9.807,0,0
VOX_PE,D,20180522,000000,9.991,10.361,9.621,10.361,0,0
VOX_PE,D,20180523,000000,10.361,10.64,9.991,10.64,0,0
VOX_PE,D,20180524,000000,10.547,11.657,10.547,11.564,0,0
VOX_PE,D,20180525,000000,11.4,12.173,11.4,12.076,0,0
VOX_PE,D,20180528,000000,12.076,12.076,11.593,11.883,0,0
VOX_PE,D,20180529,000000,11.786,12.463,11.593,11.786,0,0
VOX_PE,D,20180530,000000,11.883,12.366,11.883,12.173,0,0
VOX_PE,D,20180601,000000,12.366,12.366,12.269,12.269,0,0
VOX_PE,D,20180604,000000,12.463,12.559,12.173,12.559,0,0
VOX_PE,D,20180605,000000,12.366,12.753,12.366,12.656,0,0
VOX_PE,D,20180606,000000,12.463,12.753,12.366,12.559,0,0
VOX_PE,D,20180607,000000,12.656,12.656,12.366,12.656,0,0
VOX_PE,D,20180608,000000,12.753,13.139,12.463,13.042,0,0
VOX_PE,D,20180611,000000,13.139,13.139,12.753,13.042,0,0
VOX_PE,D,20180612,000000,12.849,13.042,12.753,13.042,0,0
VOX_PE,D,20180613,000000,13.042,13.139,13.042,13.042,0,0
VOX_PE,D,20180614,000000,12.946,13.042,12.656,13.042,0,0
VOX_PE,D,20180615,000000,12.946,13.042,12.946,13.042,0,0
VOX_PE,D,20180618,000000,13.139,13.139,12.849,13.042,0,0
VOX_PE,D,20180619,000000,12.849,13.042,12.849,13.042,0,0
VOX_PE,D,20180620,000000,13.042,13.139,13.042,13.042,0,0
VOX_PE,D,20180621,000000,13.042,13.042,12.849,12.946,0,0
VOX_PE,D,20180622,000000,12.849,12.849,12.173,12.173,0,0
VOX_PE,D,20180625,000000,12.269,12.656,12.269,12.656,0,0
VOX_PE,D,20180626,000000,12.559,13.042,12.366,12.946,0,0
VOX_PE,D,20180627,000000,12.946,13.042,12.753,12.946,0,0
VOX_PE,D,20180628,000000,12.753,12.753,12.753,12.753,0,0
VOX_PE,D,20180629,000000,12.656,13.042,12.366,12.753,0,0
VOX_PE,D,20180702,000000,13.042,13.622,13.042,13.429,0,0
VOX_PE,D,20180703,000000,12.753,13.332,12.753,13.332,0,0
VOX_PE,D,20180704,000000,13.042,13.236,13.042,13.236,0,0
VOX_PE,D,20180705,000000,13.139,13.236,12.946,13.042,0,0
VOX_PE,D,20180706,000000,13.236,13.236,13.042,13.139,0,0
VOX_PE,D,20180709,000000,13.139,13.236,13.139,13.236,0,0
VOX_PE,D,20180710,000000,13.042,13.139,12.849,12.946,0,0
VOX_PE,D,20180711,000000,13.042,13.042,13.042,13.042,0,0
VOX_PE,D,20180712,000000,12.946,12.946,12.946,12.946,0,0
VOX_PE,D,20180713,000000,12.946,12.946,12.753,12.753,0,0
VOX_PE,D,20180716,000000,12.753,12.946,12.753,12.946,0,0
VOX_PE,D,20180717,000000,12.946,13.139,12.946,13.139,0,0
VOX_PE,D,20180718,000000,13.139,13.815,13.139,13.815,0,0
VOX_PE,D,20180719,000000,13.815,13.815,13.719,13.815,0,0
VOX_PE,D,20180720,000000,13.719,14.395,13.719,13.815,0,0
VOX_PE,D,20180723,000000,14.298,14.298,14.202,14.298,0,0
VOX_PE,D,20180724,000000,14.298,14.298,14.202,14.202,0,0
VOX_PE,D,20180725,000000,13.912,14.105,13.912,14.105,0,0
VOX_PE,D,20180726,000000,14.202,14.202,14.202,14.202,0,0
VOX_PE,D,20180727,000000,14.298,14.298,13.815,14.008,0,0
VOX_PE,D,20180730,000000,14.298,14.298,13.525,13.912,0,0
VOX_PE,D,20180731,000000,13.815,14.008,13.525,14.008,0,0
VOX_PE,D,20180801,000000,14.298,14.298,14.298,14.298,0,0
VOX_PE,D,20180802,000000,14.105,14.105,14.008,14.008,0,0
VOX_PE,D,20180803,000000,14.008,14.008,13.525,14.008,0,0
VOX_PE,D,20180806,000000,13.912,14.105,13.912,14.008,0,0
VOX_PE,D,20180807,000000,14.008,14.298,14.008,14.298,0,0
VOX_PE,D,20180808,000000,14.298,14.298,14.298,14.298,0,0
VOX_PE,D,20180809,000000,14.298,14.298,13.815,14.008,0,0
VOX_PE,D,20180810,000000,14.008,14.298,13.332,14.298,0,0
VOX_PE,D,20180813,000000,14.298,14.298,14.202,14.202,0,0
VOX_PE,D,20180814,000000,14.202,14.202,14.008,14.008,0,0
VOX_PE,D,20180816,000000,13.912,14.008,13.912,14.008,0,0
VOX_PE,D,20180817,000000,14.008,14.008,13.815,14.008,0,0
VOX_PE,D,20180820,000000,14.008,14.298,14.008,14.298,0,0
VOX_PE,D,20180821,000000,14.105,14.105,14.105,14.105,0,0
VOX_PE,D,20180822,000000,14.008,14.008,14.008,14.008,0,0
VOX_PE,D,20180823,000000,14.008,14.008,13.236,13.815,0,0
VOX_PE,D,20180824,000000,13.815,13.815,13.719,13.719,0,0
VOX_PE,D,20180827,000000,13.719,13.719,13.429,13.525,0,0
VOX_PE,D,20180828,000000,13.622,13.622,13.622,13.622,0,0
VOX_PE,D,20180829,000000,13.622,14.008,13.525,14.008,0,0
VOX_PE,D,20180830,000000,14.105,14.781,13.332,14.781,0,0
VOX_PE,D,20180831,000000,15.071,15.168,14.395,14.781,0,0
VOX_PE,D,20180903,000000,15.168,15.168,14.008,14.685,0,0
VOX_PE,D,20180904,000000,14.298,14.395,12.366,12.366,0,0
VOX_PE,D,20180905,000000,12.269,12.269,11.786,12.076,0,0
VOX_PE,D,20180906,000000,11.883,11.883,11.4,11.883,0,0
VOX_PE,D,20180907,000000,11.883,11.98,11.883,11.883,0,0
VOX_PE,D,20180910,000000,11.786,12.656,11.786,12.463,0,0
VOX_PE,D,20180911,000000,12.269,12.559,11.98,12.173,0,0
VOX_PE,D,20180912,000000,12.559,12.849,11.98,12.269,0,0
VOX_PE,D,20180913,000000,12.269,12.269,11.98,12.076,0,0
VOX_PE,D,20180914,000000,12.269,12.269,11.883,11.98,0,0
VOX_PE,D,20180917,000000,11.786,12.269,11.786,12.269,0,0
VOX_PE,D,20180918,000000,12.173,12.173,11.69,12.173,0,0
VOX_PE,D,20180919,000000,12.753,12.753,12.753,12.753,0,0
VOX_PE,D,20180920,000000,11.98,12.269,11.98,11.98,0,0
VOX_PE,D,20180921,000000,12.269,12.269,12.076,12.173,0,0
VOX_PE,D,20180924,000000,12.366,12.366,12.366,12.366,0,0
VOX_PE,D,20180925,000000,11.883,12.269,11.883,12.269,0,0
VOX_PE,D,20180926,000000,11.98,12.269,11.98,12.269,0,0
VOX_PE,D,20180927,000000,12.269,12.269,12.269,12.269,0,0
VOX_PE,D,20180928,000000,12.269,12.269,11.4,11.593,0,0
VOX_PE,D,20181001,000000,11.786,11.786,11.014,11.014,0,0
VOX_PE,D,20181002,000000,11.11,11.207,11.11,11.207,0,0
VOX_PE,D,20181003,000000,11.11,11.207,10.917,10.917,0,0
VOX_PE,D,20181004,000000,10.917,11.4,10.917,11.4,0,0
VOX_PE,D,20181005,000000,11.4,11.593,11.4,11.593,0,0
VOX_PE,D,20181008,000000,11.593,11.593,11.593,11.593,0,0
VOX_PE,D,20181009,000000,11.11,11.593,11.11,11.593,0,0
VOX_PE,D,20181010,000000,11.593,11.593,11.497,11.593,0,0
VOX_PE,D,20181011,000000,11.497,11.497,11.497,11.497,0,0
VOX_PE,D,20181012,000000,11.303,11.4,11.207,11.4,0,0
VOX_PE,D,20181015,000000,11.4,11.4,11.4,11.4,0,0
VOX_PE,D,20181016,000000,11.4,11.4,11.303,11.303,0,0
VOX_PE,D,20181017,000000,11.207,11.303,11.014,11.11,0,0
VOX_PE,D,20181018,000000,11.11,11.207,11.11,11.11,0,0
VOX_PE,D,20181019,000000,11.11,11.11,11.11,11.11,0,0
VOX_PE,D,20181022,000000,11.11,11.4,11.11,11.4,0,0
VOX_PE,D,20181023,000000,11.4,11.4,11.4,11.4,0,0
VOX_PE,D,20181024,000000,11.4,11.4,11.014,11.4,0,0
VOX_PE,D,20181025,000000,11.4,11.4,11.4,11.4,0,0
VOX_PE,D,20181026,000000,11.207,11.4,11.11,11.11,0,0
VOX_PE,D,20181029,000000,11.11,11.303,11.11,11.303,0,0
VOX_PE,D,20181030,000000,11.303,11.4,11.303,11.4,0,0
VOX_PE,D,20181031,000000,11.4,11.4,11.4,11.4,0,0
VOX_PE,D,20181102,000000,11.4,11.4,11.11,11.4,0,0
VOX_PE,D,20181105,000000,11.4,11.4,11.4,11.4,0,0
VOX_PE,D,20181107,000000,11.4,11.4,10.917,10.917,0,0
VOX_PE,D,20181108,000000,10.82,11.4,10.337,11.4,0,0
VOX_PE,D,20181109,000000,11.4,11.4,11.207,11.207,0,0
VOX_PE,D,20181113,000000,11.303,11.303,11.207,11.207,0,0
VOX_PE,D,20181114,000000,11.207,11.207,10.917,10.917,0,0
VOX_PE,D,20181115,000000,11.11,11.11,10.917,10.917,0,0
VOX_PE,D,20181116,000000,10.82,10.82,10.82,10.82,0,0
VOX_PE,D,20181119,000000,10.82,10.82,10.531,10.627,0,0
VOX_PE,D,20181120,000000,10.434,10.82,10.434,10.82,0,0
VOX_PE,D,20181121,000000,10.82,11.014,10.82,11.014,0,0
VOX_PE,D,20181122,000000,11.014,11.4,10.434,10.434,0,0
VOX_PE,D,20181123,000000,10.434,10.434,10.144,10.241,0,0
VOX_PE,D,20181126,000000,10.337,10.434,10.047,10.047,0,0
VOX_PE,D,20181127,000000,10.047,10.047,10.047,10.047,0,0
VOX_PE,D,20181128,000000,10.047,10.047,10.047,10.047,0,0
VOX_PE,D,20181129,000000,10.047,10.047,9.758,9.758,0,0
VOX_PE,D,20181130,000000,10.047,10.144,9.854,10.144,0,0
VOX_PE,D,20181203,000000,10.144,10.241,10.144,10.241,0,0
VOX_PE,D,20181204,000000,10.241,10.241,10.241,10.241,0,0
VOX_PE,D,20181205,000000,10.241,10.434,10.241,10.434,0,0
VOX_PE,D,20181206,000000,10.434,10.434,10.434,10.434,0,0
VOX_PE,D,20181207,000000,10.241,10.434,10.241,10.337,0,0
VOX_PE,D,20181210,000000,10.241,10.337,10.241,10.337,0,0
VOX_PE,D,20181211,000000,10.337,10.337,10.337,10.337,0,0
VOX_PE,D,20181212,000000,10.337,10.337,10.047,10.337,0,0
VOX_PE,D,20181213,000000,10.241,10.337,10.047,10.337,0,0
VOX_PE,D,20181214,000000,10.337,10.337,10.241,10.241,0,0
VOX_PE,D,20181217,000000,10.241,10.241,10.241,10.241,0,0
VOX_PE,D,20181218,000000,10.241,10.241,10.047,10.047,0,0
VOX_PE,D,20181219,000000,9.951,10.047,9.951,10.047,0,0
VOX_PE,D,20181220,000000,10.047,10.047,9.854,9.951,0,0
VOX_PE,D,20181221,000000,9.854,9.951,9.661,9.661,0,0
VOX_PE,D,20181227,000000,9.661,9.661,9.564,9.661,0,0
VOX_PE,D,20181228,000000,9.661,9.661,9.2746,9.564,0,0
VOX_PE,D,20190102,000000,9.564,9.951,9.564,9.951,0,0
VOX_PE,D,20190103,000000,9.951,10.241,9.951,10.241,0,0
VOX_PE,D,20190104,000000,9.951,9.951,9.3712,9.564,0,0
VOX_PE,D,20190107,000000,9.564,9.758,9.564,9.758,0,0
VOX_PE,D,20190108,000000,9.758,9.758,9.661,9.758,0,0
VOX_PE,D,20190109,000000,9.758,9.951,9.758,9.951,0,0
VOX_PE,D,20190110,000000,9.951,9.951,9.951,9.951,0,0
VOX_PE,D,20190111,000000,9.951,9.951,9.951,9.951,0,0
VOX_PE,D,20190114,000000,9.854,9.951,9.854,9.951,0,0
VOX_PE,D,20190115,000000,9.854,9.951,9.661,9.661,0,0
VOX_PE,D,20190116,000000,9.661,9.661,9.661,9.661,0,0
VOX_PE,D,20190117,000000,9.661,9.661,9.564,9.661,0,0
VOX_PE,D,20190118,000000,9.564,9.661,9.564,9.564,0,0
VOX_PE,D,20190121,000000,9.4678,9.4678,8.5983,9.0814,0,0
VOX_PE,D,20190122,000000,8.8881,8.8881,8.5983,8.5983,0,0
VOX_PE,D,20190123,000000,8.5017,8.5983,8.3085,8.5017,0,0
VOX_PE,D,20190124,000000,8.4051,8.5983,8.4051,8.4051,0,0
VOX_PE,D,20190125,000000,8.6949,8.8881,8.6949,8.8881,0,0
VOX_PE,D,20190128,000000,8.9847,8.9847,8.7915,8.8881,0,0
VOX_PE,D,20190129,000000,8.9847,9.3712,8.8881,9.3712,0,0
VOX_PE,D,20190130,000000,9.3712,9.3712,9.3712,9.3712,0,0
VOX_PE,D,20190131,000000,9.178,9.2746,9.178,9.178,0,0
VOX_PE,D,20190201,000000,9.178,9.2746,9.178,9.2746,0,0
VOX_PE,D,20190204,000000,9.2746,9.4678,9.2746,9.4678,0,0
VOX_PE,D,20190205,000000,9.4678,9.661,9.4678,9.661,0,0
VOX_PE,D,20190206,000000,9.564,9.758,9.564,9.758,0,0
VOX_PE,D,20190207,000000,9.758,9.758,9.758,9.758,0,0
VOX_PE,D,20190208,000000,9.758,9.758,9.758,9.758,0,0
VOX_PE,D,20190211,000000,9.758,9.758,9.661,9.661,0,0
VOX_PE,D,20190212,000000,9.661,9.661,9.0814,9.661,0,0
VOX_PE,D,20190213,000000,9.661,9.661,9.661,9.661,0,0
VOX_PE,D,20190214,000000,9.661,9.661,9.661,9.661,0,0
VOX_PE,D,20190215,000000,9.661,9.661,9.661,9.661,0,0
VOX_PE,D,20190218,000000,9.661,9.661,9.178,9.2746,0,0
VOX_PE,D,20190219,000000,9.2746,9.3712,9.2746,9.3712,0,0
VOX_PE,D,20190220,000000,9.3712,9.564,9.3712,9.4678,0,0
VOX_PE,D,20190221,000000,9.4678,9.4678,9.4678,9.4678,0,0
VOX_PE,D,20190222,000000,9.4678,9.4678,9.4678,9.4678,0,0
VOX_PE,D,20190225,000000,9.4678,9.564,9.2746,9.4678,0,0
VOX_PE,D,20190226,000000,9.4678,9.4678,9.178,9.3712,0,0
VOX_PE,D,20190227,000000,9.4678,9.4678,9.0814,9.0814,0,0
VOX_PE,D,20190228,000000,9.0814,9.0814,9.0814,9.0814,0,0
VOX_PE,D,20190301,000000,9.0814,9.0814,9.0814,9.0814,0,0
VOX_PE,D,20190304,000000,9.178,9.661,9.0814,9.4678,0,0
VOX_PE,D,20190305,000000,9.661,9.854,9.4678,9.854,0,0
VOX_PE,D,20190306,000000,10.047,10.531,10.047,10.241,0,0
VOX_PE,D,20190307,000000,10.337,10.531,10.241,10.434,0,0
VOX_PE,D,20190308,000000,10.337,10.627,10.144,10.531,0,0
VOX_PE,D,20190311,000000,10.531,10.531,10.434,10.434,0,0
VOX_PE,D,20190312,000000,10.434,10.627,10.434,10.531,0,0
VOX_PE,D,20190313,000000,10.531,10.627,10.531,10.627,0,0
VOX_PE,D,20190314,000000,10.627,10.627,10.434,10.627,0,0
VOX_PE,D,20190315,000000,10.531,10.531,10.337,10.434,0,0
VOX_PE,D,20190318,000000,10.434,10.434,10.434,10.434,0,0
VOX_PE,D,20190319,000000,10.434,11.014,10.434,11.014,0,0
VOX_PE,D,20190320,000000,10.917,11.11,10.917,11.11,0,0
VOX_PE,D,20190321,000000,10.917,11.497,10.917,11.303,0,0
VOX_PE,D,20190322,000000,11.303,11.303,11.014,11.207,0,0
VOX_PE,D,20190325,000000,11.207,11.303,11.014,11.303,0,0
VOX_PE,D,20190326,000000,11.303,11.69,11.303,11.69,0,0
VOX_PE,D,20190327,000000,11.69,11.69,11.303,11.69,0,0
VOX_PE,D,20190328,000000,11.497,11.497,10.917,11.014,0,0
VOX_PE,D,20190329,000000,11.303,11.593,11.303,11.303,0,0
VOX_PE,D,20190401,000000,11.11,11.303,10.82,11.11,0,0
VOX_PE,D,20190402,000000,11.207,11.497,11.11,11.497,0,0
VOX_PE,D,20190403,000000,11.497,11.69,11.497,11.69,0,0
VOX_PE,D,20190404,000000,11.69,11.69,11.593,11.593,0,0
VOX_PE,D,20190405,000000,11.593,11.593,11.4,11.593,0,0
VOX_PE,D,20190408,000000,11.98,11.98,11.786,11.786,0,0
VOX_PE,D,20190409,000000,11.786,11.786,11.593,11.593,0,0
VOX_PE,D,20190410,000000,11.593,11.593,11.207,11.593,0,0
VOX_PE,D,20190411,000000,11.593,11.593,11.497,11.593,0,0
VOX_PE,D,20190412,000000,11.593,11.593,11.303,11.593,0,0
VOX_PE,D,20190415,000000,11.69,11.69,11.497,11.593,0,0
VOX_PE,D,20190416,000000,11.303,11.4,11.11,11.207,0,0
VOX_PE,D,20190417,000000,11.11,11.207,10.82,10.917,0,0
VOX_PE,D,20190418,000000,11.207,11.207,11.11,11.11,0,0
VOX_PE,D,20190423,000000,11.11,11.497,11.11,11.497,0,0
VOX_PE,D,20190424,000000,11.497,11.497,11.303,11.4,0,0
VOX_PE,D,20190425,000000,11.207,11.883,11.207,11.883,0,0
VOX_PE,D,20190426,000000,11.883,11.883,11.883,11.883,0,0
VOX_PE,D,20190429,000000,11.786,11.883,11.786,11.883,0,0
VOX_PE,D,20190430,000000,11.786,11.883,11.786,11.786,0,0
VOX_PE,D,20190502,000000,11.786,11.786,11.786,11.786,0,0
VOX_PE,D,20190506,000000,11.786,11.786,11.69,11.69,0,0
VOX_PE,D,20190507,000000,11.786,11.786,11.593,11.69,0,0
VOX_PE,D,20190508,000000,11.593,11.69,11.593,11.69,0,0
VOX_PE,D,20190509,000000,11.69,11.69,11.69,11.69,0,0
VOX_PE,D,20190510,000000,11.69,11.786,11.593,11.69,0,0
VOX_PE,D,20190513,000000,11.69,11.69,11.303,11.497,0,0
VOX_PE,D,20190514,000000,11.593,12.366,11.593,12.269,0,0
VOX_PE,D,20190515,000000,12.269,12.269,12.076,12.173,0,0
VOX_PE,D,20190516,000000,12.173,12.269,12.173,12.269,0,0
VOX_PE,D,20190517,000000,11.98,12.269,11.98,12.269,0,0
VOX_PE,D,20190520,000000,12.173,12.173,12.173,12.173,0,0
VOX_PE,D,20190521,000000,12.173,12.269,12.076,12.173,0,0
VOX_PE,D,20190522,000000,12.173,12.173,12.173,12.173,0,0
VOX_PE,D,20190524,000000,12.076,12.173,12.076,12.173,0,0
VOX_PE,D,20190527,000000,12.366,12.849,12.173,12.173,0,0
VOX_PE,D,20190528,000000,11.883,12.366,11.883,12.366,0,0
VOX_PE,D,20190529,000000,12.366,12.366,12.269,12.269,0,0
VOX_PE,D,20190530,000000,12.269,12.366,12.173,12.269,0,0
VOX_PE,D,20190531,000000,12.173,12.269,11.4,11.4,0,0
VOX_PE,D,20190603,000000,11.497,11.98,11.497,11.497,0,0
VOX_PE,D,20190604,000000,11.593,11.593,11.014,11.593,0,0
VOX_PE,D,20190605,000000,11.497,11.883,11.497,11.883,0,0
VOX_PE,D,20190606,000000,11.883,11.98,11.593,11.883,0,0
VOX_PE,D,20190607,000000,11.98,11.98,11.786,11.98,0,0
VOX_PE,D,20190610,000000,11.98,11.98,11.69,11.98,0,0
VOX_PE,D,20190611,000000,11.98,12.269,11.98,12.269,0,0
VOX_PE,D,20190612,000000,12.269,12.269,12.269,12.269,0,0
VOX_PE,D,20190613,000000,12.269,12.366,12.269,12.269,0,0
VOX_PE,D,20190614,000000,12.269,12.269,12.269,12.269,0,0
VOX_PE,D,20190617,000000,12.173,12.269,12.173,12.173,0,0
VOX_PE,D,20190618,000000,12.076,12.076,11.593,11.593,0,0
VOX_PE,D,20190619,000000,11.593,11.69,11.014,11.593,0,0
VOX_PE,D,20190621,000000,11.593,12.173,11.593,12.173,0,0
VOX_PE,D,20190624,000000,12.173,12.173,11.69,12.076,0,0
VOX_PE,D,20190625,000000,11.883,11.883,11.786,11.786,0,0
VOX_PE,D,20190626,000000,11.883,11.883,11.4,11.497,0,0
VOX_PE,D,20190627,000000,11.786,11.883,11.593,11.883,0,0
VOX_PE,D,20190628,000000,11.786,11.786,11.4,11.4,0,0
VOX_PE,D,20190701,000000,11.4,11.497,11.4,11.4,0,0
VOX_PE,D,20190702,000000,11.4,11.69,11.303,11.69,0,0
VOX_PE,D,20190703,000000,11.497,12.173,11.497,12.076,0,0
VOX_PE,D,20190704,000000,11.786,11.883,11.593,11.593,0,0
VOX_PE,D,20190705,000000,11.69,11.69,11.4,11.4,0,0
VOX_PE,D,20190708,000000,11.4,11.98,11.4,11.98,0,0
VOX_PE,D,20190709,000000,11.4,11.786,11.4,11.786,0,0
VOX_PE,D,20190710,000000,11.786,11.786,11.69,11.786,0,0
VOX_PE,D,20190711,000000,11.786,11.786,11.593,11.593,0,0
VOX_PE,D,20190712,000000,11.4,11.593,11.4,11.497,0,0
VOX_PE,D,20190715,000000,11.593,11.593,11.497,11.593,0,0
VOX_PE,D,20190716,000000,11.593,11.593,11.593,11.593,0,0
VOX_PE,D,20190717,000000,11.593,11.593,11.593,11.593,0,0
VOX_PE,D,20190718,000000,11.593,11.593,11.593,11.593,0,0
VOX_PE,D,20190719,000000,11.593,11.593,11.593,11.593,0,0
VOX_PE,D,20190722,000000,11.593,12.076,11.593,12.076,0,0
VOX_PE,D,20190723,000000,12.269,12.463,12.173,12.269,0,0
VOX_PE,D,20190724,000000,12.269,12.269,12.269,12.269,0,0
VOX_PE,D,20190725,000000,12.269,12.366,12.269,12.366,0,0
VOX_PE,D,20190726,000000,12.366,12.366,12.269,12.366,0,0
VOX_PE,D,20190729,000000,12.366,12.366,12.269,12.269,0,0
VOX_PE,D,20190730,000000,12.269,12.269,11.98,12.269,0,0
VOX_PE,D,20190731,000000,11.98,12.269,11.883,11.883,0,0
VOX_PE,D,20190801,000000,11.98,11.98,11.883,11.98,0,0
VOX_PE,D,20190802,000000,11.98,11.98,11.883,11.883,0,0
VOX_PE,D,20190805,000000,11.786,11.883,11.786,11.883,0,0
VOX_PE,D,20190806,000000,11.786,11.786,11.786,11.786,0,0
VOX_PE,D,20190807,000000,11.786,11.883,11.786,11.883,0,0
VOX_PE,D,20190808,000000,11.883,12.173,11.883,12.173,0,0
VOX_PE,D,20190809,000000,12.269,12.269,12.173,12.269,0,0
VOX_PE,D,20190812,000000,12.269,12.269,12.173,12.269,0,0
VOX_PE,D,20190813,000000,12.269,12.269,12.076,12.076,0,0
VOX_PE,D,20190814,000000,12.173,12.269,12.076,12.269,0,0
VOX_PE,D,20190816,000000,12.7,12.7,12.7,12.7,0,0
VOX_PE,D,20190819,000000,12.7,12.9,12.7,12.7,0,0
VOX_PE,D,20190820,000000,12.9,13.2,12.7,13.2,0,0
VOX_PE,D,20190821,000000,13.1,13.2,12.9,13,0,0
VOX_PE,D,20190822,000000,13.2,13.2,12.3,12.3,0,0
VOX_PE,D,20190823,000000,12.3,12.3,12.3,12.3,0,0
VOX_PE,D,20190826,000000,12.1,12.3,12.1,12.3,0,0
VOX_PE,D,20190827,000000,12.3,12.3,12.2,12.3,0,0
VOX_PE,D,20190828,000000,12.3,12.3,12.1,12.1,0,0
VOX_PE,D,20190829,000000,12.1,13,12.1,13,0,0
VOX_PE,D,20190830,000000,13.1,13.1,12.4,12.6,0,0
VOX_PE,D,20190902,000000,12.6,13,12.6,13,0,0
VOX_PE,D,20190903,000000,13,13.2,13,13.2,0,0
VOX_PE,D,20190904,000000,13.2,13.2,13.1,13.1,0,0
VOX_PE,D,20190905,000000,13.1,13.3,13.1,13.3,0,0
VOX_PE,D,20190906,000000,13.3,13.3,13.2,13.2,0,0
VOX_PE,D,20190909,000000,13.3,13.3,13.1,13.2,0,0
VOX_PE,D,20190910,000000,13,13.2,13,13.1,0,0
VOX_PE,D,20190911,000000,13.1,13.1,13.1,13.1,0,0
VOX_PE,D,20190912,000000,13.1,13.4,13.1,13.4,0,0
VOX_PE,D,20190913,000000,13.4,13.6,13.3,13.3,0,0
VOX_PE,D,20190916,000000,13.3,13.5,13.3,13.4,0,0
VOX_PE,D,20190917,000000,13.4,13.4,13.2,13.3,0,0
VOX_PE,D,20190918,000000,13.5,13.5,13,13,0,0
VOX_PE,D,20190919,000000,13,13,12.8,13,0,0
VOX_PE,D,20190920,000000,13,13,13,13,0,0
VOX_PE,D,20190923,000000,13,13,12.8,12.8,0,0
VOX_PE,D,20190924,000000,12.8,12.8,12.8,12.8,0,0
VOX_PE,D,20190925,000000,12.8,12.8,12.7,12.8,0,0
VOX_PE,D,20190926,000000,12.8,12.9,12.8,12.9,0,0
VOX_PE,D,20190927,000000,12.9,13,12.9,13,0,0
VOX_PE,D,20190930,000000,13,13.1,13,13,0,0
VOX_PE,D,20191001,000000,12.8,12.8,12.3,12.5,0,0
VOX_PE,D,20191002,000000,12.5,12.5,12.3,12.4,0,0
VOX_PE,D,20191003,000000,12.4,12.4,12.4,12.4,0,0
VOX_PE,D,20191004,000000,12.3,12.4,11.5,11.9,0,0
VOX_PE,D,20191007,000000,11.8,12,11.8,11.9,0,0
VOX_PE,D,20191008,000000,11.9,13,11.8,13,0,0
VOX_PE,D,20191009,000000,13,13,12.7,12.8,0,0
VOX_PE,D,20191010,000000,12.9,13,12.7,12.8,0,0
VOX_PE,D,20191011,000000,12.8,12.9,12.7,12.9,0,0
VOX_PE,D,20191014,000000,13,13,12.9,13,0,0
VOX_PE,D,20191015,000000,13,13,12.7,12.7,0,0
VOX_PE,D,20191016,000000,12.6,12.7,12.4,12.7,0,0
VOX_PE,D,20191017,000000,13,13,12.4,12.4,0,0
VOX_PE,D,20191018,000000,12.9,13,12.4,13,0,0
VOX_PE,D,20191021,000000,13,13,12.9,12.9,0,0
VOX_PE,D,20191022,000000,12.7,13,12.7,13,0,0
VOX_PE,D,20191023,000000,12.9,13,12.7,12.7,0,0
VOX_PE,D,20191024,000000,12.7,12.7,12.7,12.7,0,0
VOX_PE,D,20191025,000000,12.7,12.7,12.6,12.6,0,0
VOX_PE,D,20191028,000000,12.7,12.7,12.3,12.3,0,0
VOX_PE,D,20191029,000000,12.3,12.5,12.1,12.3,0,0
VOX_PE,D,20191030,000000,12.3,12.6,12.3,12.3,0,0
VOX_PE,D,20191031,000000,12.3,12.3,12.1,12.1,0,0
VOX_PE,D,20191104,000000,12.1,12.1,12,12.1,0,0
VOX_PE,D,20191105,000000,12.1,12.3,12.1,12.2,0,0
VOX_PE,D,20191106,000000,12.2,12.7,12.2,12.7,0,0
VOX_PE,D,20191107,000000,12.7,12.8,12.7,12.7,0,0
VOX_PE,D,20191108,000000,12.7,12.9,12.7,12.8,0,0
VOX_PE,D,20191112,000000,12.8,13,12.8,13,0,0
VOX_PE,D,20191113,000000,13,13,12.8,12.8,0,0
VOX_PE,D,20191114,000000,12.8,12.8,12.8,12.8,0,0
VOX_PE,D,20191115,000000,12.8,13.3,12.8,13.3,0,0
VOX_PE,D,20191118,000000,13.4,13.4,13.2,13.3,0,0
VOX_PE,D,20191119,000000,13.3,13.3,13,13,0,0
VOX_PE,D,20191120,000000,13,13,13,13,0,0
VOX_PE,D,20191121,000000,13,13.3,13,13.2,0,0
VOX_PE,D,20191122,000000,13.3,13.9,13.2,13.9,0,0
VOX_PE,D,20191125,000000,13.9,13.9,13.7,13.9,0,0
VOX_PE,D,20191126,000000,13.8,13.9,13.1,13.3,0,0
VOX_PE,D,20191127,000000,13.5,13.5,13.5,13.5,0,0
VOX_PE,D,20191128,000000,13.3,13.5,13.3,13.5,0,0
VOX_PE,D,20191129,000000,13.5,13.5,13.3,13.3,0,0
VOX_PE,D,20191202,000000,13.5,13.6,13.4,13.4,0,0
VOX_PE,D,20191203,000000,13.3,13.5,13.3,13.5,0,0
VOX_PE,D,20191204,000000,13.5,13.5,13.4,13.4,0,0
VOX_PE,D,20191205,000000,13.4,13.4,12.9,13.1,0,0
VOX_PE,D,20191206,000000,13,13.1,12.9,13.1,0,0
VOX_PE,D,20191209,000000,13.1,13.1,12.9,13,0,0
VOX_PE,D,20191210,000000,13,13,13,13,0,0
VOX_PE,D,20191211,000000,12.9,13,12.7,13,0,0
VOX_PE,D,20191212,000000,13,13,12.8,12.8,0,0
VOX_PE,D,20191213,000000,12.8,12.8,12.6,12.8,0,0
VOX_PE,D,20191216,000000,12.7,12.8,12.6,12.6,0,0
VOX_PE,D,20191217,000000,12.6,12.6,12.5,12.6,0,0
VOX_PE,D,20191218,000000,12.6,13.1,12.6,13.1,0,0
VOX_PE,D,20191219,000000,13.2,13.2,13.1,13.2,0,0
VOX_PE,D,20191220,000000,13.2,13.2,13,13.1,0,0
VOX_PE,D,20191223,000000,13.3,13.3,13.1,13.2,0,0
VOX_PE,D,20191227,000000,13.4,13.4,13.4,13.4,0,0
VOX_PE,D,20191230,000000,13.4,13.4,13.3,13.4,0,0
VOX_PE,D,20200102,000000,13.4,13.6,13.4,13.6,0,0
VOX_PE,D,20200103,000000,13.6,13.6,13.5,13.6,0,0
VOX_PE,D,20200107,000000,13.6,13.6,13.6,13.6,0,0
VOX_PE,D,20200108,000000,13.6,13.6,13.3,13.3,0,0
VOX_PE,D,20200109,000000,13.5,13.6,13.5,13.6,0,0
VOX_PE,D,20200110,000000,13.6,13.8,13.6,13.7,0,0
VOX_PE,D,20200113,000000,14,14,13.5,13.5,0,0
VOX_PE,D,20200114,000000,13.5,13.6,13.5,13.6,0,0
VOX_PE,D,20200115,000000,13.5,13.5,13.3,13.3,0,0
VOX_PE,D,20200116,000000,13.4,13.5,13.1,13.4,0,0
VOX_PE,D,20200117,000000,13.4,13.4,13.3,13.3,0,0
VOX_PE,D,20200120,000000,13.3,13.3,13.1,13.3,0,0
VOX_PE,D,20200121,000000,13.3,13.3,13.2,13.3,0,0
VOX_PE,D,20200122,000000,13.3,13.3,13.3,13.3,0,0
VOX_PE,D,20200123,000000,13.3,13.3,13.3,13.3,0,0
VOX_PE,D,20200124,000000,13.3,13.3,13.2,13.2,0,0
VOX_PE,D,20200127,000000,13.2,13.3,13.2,13.2,0,0
VOX_PE,D,20200128,000000,13.2,13.2,13,13,0,0
VOX_PE,D,20200129,000000,13.1,13.1,13,13,0,0
VOX_PE,D,20200130,000000,13,13,12.9,13,0,0
VOX_PE,D,20200131,000000,13,13,12.9,12.9,0,0
VOX_PE,D,20200203,000000,12.9,13.2,12.9,13.2,0,0
VOX_PE,D,20200204,000000,13.3,13.4,13.3,13.3,0,0
VOX_PE,D,20200205,000000,13.5,13.5,13.3,13.4,0,0
VOX_PE,D,20200206,000000,13.5,13.5,13.4,13.4,0,0
VOX_PE,D,20200207,000000,13.4,13.6,13.4,13.6,0,0
VOX_PE,D,20200210,000000,13.6,14.1,13.6,14.1,0,0
VOX_PE,D,20200211,000000,14.1,14.1,14,14,0,0
VOX_PE,D,20200212,000000,14,14,14,14,0,0
VOX_PE,D,20200213,000000,14,14.1,14,14.1,0,0
VOX_PE,D,20200214,000000,14.1,14.1,14,14.1,0,0
VOX_PE,D,20200217,000000,14.1,14.1,13.8,14,0,0
VOX_PE,D,20200218,000000,13.8,13.8,13.8,13.8,0,0
VOX_PE,D,20200219,000000,13.9,13.9,13.8,13.8,0,0
VOX_PE,D,20200220,000000,13.8,14.1,13.8,14.1,0,0
VOX_PE,D,20200221,000000,14.1,14.5,14.1,14.1,0,0
VOX_PE,D,20200224,000000,14.1,14.2,13.9,14,0,0
VOX_PE,D,20200225,000000,14,14.1,14,14.1,0,0
VOX_PE,D,20200226,000000,14,14.1,13.8,13.8,0,0
VOX_PE,D,20200227,000000,13.8,13.8,13.3,13.4,0,0
VOX_PE,D,20200228,000000,13.3,13.3,12.4,12.4,0,0
VOX_PE,D,20200302,000000,12,13.2,12,13.1,0,0
VOX_PE,D,20200303,000000,13.3,13.3,12.8,12.8,0,0
VOX_PE,D,20200304,000000,13,13.1,13,13.1,0,0
VOX_PE,D,20200305,000000,13.1,13.1,13.1,13.1,0,0
VOX_PE,D,20200306,000000,13.1,13.2,13,13,0,0
VOX_PE,D,20200309,000000,12.9,12.9,11.8,12.3,0,0
VOX_PE,D,20200310,000000,12.1,12.4,12.1,12.4,0,0
VOX_PE,D,20200311,000000,12.4,12.4,11.8,12,0,0
VOX_PE,D,20200312,000000,10.8,11.3,10.1,11.3,0,0
VOX_PE,D,20200313,000000,10.5,12,10.5,12,0,0
VOX_PE,D,20200316,000000,11.6,12,11.2,12,0,0
VOX_PE,D,20200317,000000,12,12,11.3,11.3,0,0
VOX_PE,D,20200318,000000,11.8,11.8,11.4,11.4,0,0
VOX_PE,D,20200319,000000,11.2,11.7,11.2,11.7,0,0
VOX_PE,D,20200320,000000,11.3,11.7,11.3,11.4,0,0
VOX_PE,D,20200323,000000,11.4,11.4,11.2,11.2,0,0
VOX_PE,D,20200324,000000,11.5,12.6,11.4,12.6,0,0
VOX_PE,D,20200325,000000,12.6,12.8,12.4,12.4,0,0
VOX_PE,D,20200326,000000,12.4,12.4,12.3,12.3,0,0
VOX_PE,D,20200327,000000,12.3,12.3,11.9,12.3,0,0
VOX_PE,D,20200330,000000,12.4,12.4,12.1,12.1,0,0
VOX_PE,D,20200331,000000,12.3,12.4,12.2,12.3,0,0
VOX_PE,D,20200401,000000,12.3,12.3,11.9,12,0,0
VOX_PE,D,20200402,000000,11.9,12,11.9,11.9,0,0
VOX_PE,D,20200403,000000,11.9,11.9,11.5,11.9,0,0
VOX_PE,D,20200406,000000,11.9,12.6,11.7,11.9,0,0
VOX_PE,D,20200407,000000,12.1,12.4,11.9,12.2,0,0
VOX_PE,D,20200408,000000,12.1,12.1,12,12.1,0,0
VOX_PE,D,20200409,000000,12.1,12.3,12.1,12.3,0,0
VOX_PE,D,20200414,000000,12.2,12.3,12.1,12.3,0,0
VOX_PE,D,20200415,000000,12.3,12.3,12.2,12.3,0,0
VOX_PE,D,20200416,000000,12.3,12.4,12.3,12.3,0,0
VOX_PE,D,20200417,000000,12.3,12.6,12.3,12.6,0,0
VOX_PE,D,20200420,000000,12.7,12.8,12.6,12.6,0,0
VOX_PE,D,20200421,000000,12.3,12.6,12.1,12.5,0,0
VOX_PE,D,20200422,000000,12.4,12.9,12.4,12.8,0,0
VOX_PE,D,20200423,000000,12.8,12.8,12.3,12.8,0,0
VOX_PE,D,20200424,000000,12.8,12.8,12.6,12.7,0,0
VOX_PE,D,20200427,000000,12.7,13.2,12.7,13.1,0,0
VOX_PE,D,20200428,000000,13.1,13.1,13,13,0,0
VOX_PE,D,20200429,000000,13.1,13.3,12.8,12.9,0,0
VOX_PE,D,20200430,000000,12.9,13,12.9,12.9,0,0
VOX_PE,D,20200504,000000,13,13,12.6,13,0,0
VOX_PE,D,20200505,000000,13,13,12.7,12.9,0,0
VOX_PE,D,20200506,000000,12.9,12.9,12.8,12.8,0,0
VOX_PE,D,20200507,000000,12.6,13.1,12.6,13.1,0,0
VOX_PE,D,20200508,000000,13.1,13.1,13,13,0,0
VOX_PE,D,20200511,000000,13,13,12.7,12.8,0,0
VOX_PE,D,20200512,000000,12.6,12.6,12.5,12.6,0,0
VOX_PE,D,20200513,000000,12.4,12.6,12.4,12.6,0,0
VOX_PE,D,20200514,000000,12.4,12.8,12.1,12.8,0,0
VOX_PE,D,20200515,000000,12.5,12.6,12.5,12.6,0,0
VOX_PE,D,20200518,000000,12.5,12.6,12.3,12.6,0,0
VOX_PE,D,20200519,000000,12.6,12.6,12.3,12.5,0,0
VOX_PE,D,20200520,000000,12.5,12.5,12.4,12.5,0,0
VOX_PE,D,20200521,000000,12.5,12.5,12.4,12.4,0,0
VOX_PE,D,20200522,000000,12.4,12.5,12.4,12.5,0,0
VOX_PE,D,20200525,000000,12.6,12.8,12.5,12.7,0,0
VOX_PE,D,20200526,000000,12.7,12.8,12.7,12.8,0,0
VOX_PE,D,20200527,000000,12.8,12.8,12.6,12.6,0,0
VOX_PE,D,20200528,000000,12.7,12.8,12.6,12.8,0,0
VOX_PE,D,20200529,000000,12.8,12.8,12.8,12.8,0,0
VOX_PE,D,20200601,000000,12.6,12.8,12.4,12.8,0,0
VOX_PE,D,20200602,000000,12.7,12.8,12.4,12.8,0,0
VOX_PE,D,20200603,000000,12.8,12.8,12.7,12.7,0,0
VOX_PE,D,20200604,000000,12.6,13.1,12.6,13,0,0
VOX_PE,D,20200605,000000,13,13,12.5,12.7,0,0
VOX_PE,D,20200608,000000,12.8,12.8,12.4,12.8,0,0
VOX_PE,D,20200609,000000,12.8,13.3,12.7,13.3,0,0
VOX_PE,D,20200610,000000,13.3,13.3,13,13,0,0
VOX_PE,D,20200612,000000,13,13.1,13,13.1,0,0
VOX_PE,D,20200615,000000,13.1,13.1,13,13.1,0,0
VOX_PE,D,20200616,000000,13.1,13.4,13.1,13.3,0,0
VOX_PE,D,20200617,000000,13.3,13.9,13.3,13.8,0,0
VOX_PE,D,20200618,000000,13.9,13.9,13.2,13.2,0,0
VOX_PE,D,20200619,000000,13.6,13.6,13.3,13.3,0,0
VOX_PE,D,20200622,000000,13.4,13.9,13.3,13.4,0,0
VOX_PE,D,20200623,000000,13.6,13.7,13.4,13.7,0,0
VOX_PE,D,20200624,000000,13.7,13.7,13.6,13.6,0,0
VOX_PE,D,20200625,000000,13.7,13.7,13.6,13.6,0,0
VOX_PE,D,20200626,000000,12.9,13.7,12.8,13.6,0,0
VOX_PE,D,20200629,000000,13.7,13.7,13.1,13.5,0,0
VOX_PE,D,20200630,000000,13.6,13.8,13.6,13.8,0,0
VOX_PE,D,20200701,000000,13.8,14.8,13.8,14.8,0,0
VOX_PE,D,20200702,000000,15,15.2,14.6,14.8,0,0
VOX_PE,D,20200703,000000,14.8,14.9,14.6,14.6,0,0
VOX_PE,D,20200706,000000,14.6,15,14.6,14.9,0,0
VOX_PE,D,20200707,000000,15,15.5,14.9,15,0,0
VOX_PE,D,20200708,000000,15,15,14.9,14.9,0,0
VOX_PE,D,20200709,000000,14.7,16,14.7,15.6,0,0
VOX_PE,D,20200710,000000,15.5,15.6,15.1,15.2,0,0
VOX_PE,D,20200713,000000,15.5,15.5,14.8,14.8,0,0
VOX_PE,D,20200714,000000,14.8,14.9,14.5,14.9,0,0
VOX_PE,D,20200715,000000,14.9,15.1,14.9,15,0,0
VOX_PE,D,20200716,000000,14.9,15.2,14.8,15.2,0,0
VOX_PE,D,20200717,000000,15.2,15.2,14.6,14.8,0,0
VOX_PE,D,20200720,000000,14.8,15.5,14.6,15.2,0,0
VOX_PE,D,20200721,000000,15,15.5,14.8,15,0,0
VOX_PE,D,20200722,000000,15,15.9,14.9,15.5,0,0
VOX_PE,D,20200723,000000,15.8,16.4,15.8,16.4,0,0
VOX_PE,D,20200724,000000,16.1,16.5,16,16,0,0
VOX_PE,D,20200727,000000,16,18.3,16,17.6,0,0
VOX_PE,D,20200728,000000,18,18.3,17.8,18,0,0
VOX_PE,D,20200729,000000,18,19,17.8,18.7,0,0
VOX_PE,D,20200730,000000,18.7,18.8,17,17,0,0
VOX_PE,D,20200731,000000,16.6,17.9,16.6,17.5,0,0
VOX_PE,D,20200803,000000,17.5,17.9,17.4,17.5,0,0
VOX_PE,D,20200804,000000,18.1,19.4,17.6,17.6,0,0
VOX_PE,D,20200805,000000,18,20.4,18,20.1,0,0
VOX_PE,D,20200806,000000,20.1,20.1,19.1,19.2,0,0
VOX_PE,D,20200807,000000,18.9,18.9,18.6,18.8,0,0
VOX_PE,D,20200810,000000,18.8,19.8,18.8,19.4,0,0
VOX_PE,D,20200811,000000,19.6,19.6,18.7,18.8,0,0
VOX_PE,D,20200812,000000,19.3,19.3,18.7,19.1,0,0
VOX_PE,D,20200813,000000,19.1,19.1,18.8,18.9,0,0
VOX_PE,D,20200814,000000,18.9,19.3,18.8,18.8,0,0
VOX_PE,D,20200817,000000,19.1,19.1,18,18.1,0,0
VOX_PE,D,20200818,000000,18,18.3,18,18.3,0,0
VOX_PE,D,20200819,000000,18.3,18.4,18.1,18.4,0,0
VOX_PE,D,20200820,000000,18.4,19.9,18.4,18.4,0,0
VOX_PE,D,20200821,000000,18.4,31.6,18,31.6,0,0
