<TICKER>,<PER>,<DATE>,<TIME>,<OPEN>,<HIGH>,<LOW>,<CLOSE>,<VOL>,<OPENINT>
WPL_PE,D,20150507,000000,216.86,216.86,216.86,216.86,0,0
WPL_PE,D,20150508,000000,218.93,219.02,215.63,217.7,0,0
WPL_PE,D,20150511,000000,219.96,219.96,216.86,216.86,0,0
WPL_PE,D,20150512,000000,217.5,217.5,216.29,216.29,0,0
WPL_PE,D,20150513,000000,215.72,216.56,212.51,212.51,0,0
WPL_PE,D,20150514,000000,213.17,216.01,211.01,216.01,0,0
WPL_PE,D,20150515,000000,213.83,218.17,213.83,218.17,0,0
WPL_PE,D,20150518,000000,219.11,219.96,215.81,215.81,0,0
WPL_PE,D,20150519,000000,215.06,215.72,215.06,215.63,0,0
WPL_PE,D,20150520,000000,215.34,219.4,215.34,215.63,0,0
WPL_PE,D,20150521,000000,219.96,219.96,216.95,216.95,0,0
WPL_PE,D,20150522,000000,215.16,219.87,139.51,139.51,0,0
WPL_PE,D,20150525,000000,141.77,141.77,141.77,141.77,0,0
WPL_PE,D,20150526,000000,139.6,139.6,139.6,139.6,0,0
WPL_PE,D,20150527,000000,138.19,157.9,138.19,157.9,0,0
WPL_PE,D,20150528,000000,157.62,158.28,156.96,157.9,0,0
WPL_PE,D,20150529,000000,156.39,158.56,156.39,158.09,0,0
WPL_PE,D,20150601,000000,157.62,158.37,156.96,157.9,0,0
WPL_PE,D,20150602,000000,157.62,157.9,156.77,157.9,0,0
WPL_PE,D,20150603,000000,156.77,158.09,156.77,157.52,0,0
WPL_PE,D,20150605,000000,157.33,157.33,157.14,157.14,0,0
WPL_PE,D,20150608,000000,157.05,158.09,157.05,158.09,0,0
WPL_PE,D,20150609,000000,157.24,157.24,157.14,157.14,0,0
WPL_PE,D,20150610,000000,157.14,157.62,156.77,157.05,0,0
WPL_PE,D,20150611,000000,157.62,157.62,156.86,156.96,0,0
WPL_PE,D,20150612,000000,157.43,157.43,156.96,156.96,0,0
WPL_PE,D,20150615,000000,158.09,158.09,157.14,157.14,0,0
WPL_PE,D,20150616,000000,157.14,157.9,156.57,157.9,0,0
WPL_PE,D,20150617,000000,158.09,158.09,157.43,157.62,0,0
WPL_PE,D,20150618,000000,157.8,158.28,157.8,157.99,0,0
WPL_PE,D,20150619,000000,157.9,158.56,156.67,156.67,0,0
WPL_PE,D,20150622,000000,156.77,157.62,156.77,157.14,0,0
WPL_PE,D,20150623,000000,157.99,157.99,157.14,157.14,0,0
WPL_PE,D,20150624,000000,157.14,158.46,157.14,157.99,0,0
WPL_PE,D,20150625,000000,157.62,158.09,157.62,157.62,0,0
WPL_PE,D,20150626,000000,157.14,157.14,156.86,157.05,0,0
WPL_PE,D,20150629,000000,154.4,154.4,146.02,153.09,0,0
WPL_PE,D,20150630,000000,152.24,153.09,152.24,152.99,0,0
WPL_PE,D,20150701,000000,152.99,158.46,152.99,158.37,0,0
WPL_PE,D,20150702,000000,158.46,158.66,155.36,158.37,0,0
WPL_PE,D,20150703,000000,158.37,158.66,155.36,156.77,0,0
WPL_PE,D,20150706,000000,155.64,158.56,154.7,158.56,0,0
WPL_PE,D,20150707,000000,156.77,157.62,156.77,156.77,0,0
WPL_PE,D,20150708,000000,158.09,158.09,156.77,156.77,0,0
WPL_PE,D,20150709,000000,157.24,157.24,155.36,156.77,0,0
WPL_PE,D,20150710,000000,156.77,158.09,156.49,156.77,0,0
WPL_PE,D,20150713,000000,157.62,157.62,154.5,155.73,0,0
WPL_PE,D,20150714,000000,156.01,156.2,154.5,155.64,0,0
WPL_PE,D,20150715,000000,155.64,157.24,155.64,157.14,0,0
WPL_PE,D,20150716,000000,157.62,163.09,157.14,162.15,0,0
WPL_PE,D,20150717,000000,161.29,166.39,161.29,166.39,0,0
WPL_PE,D,20150720,000000,165.82,165.82,164.5,165.82,0,0
WPL_PE,D,20150721,000000,165.82,167.52,164.5,167.52,0,0
WPL_PE,D,20150722,000000,167.61,167.61,166.66,167.61,0,0
WPL_PE,D,20150723,000000,167.14,167.61,166.29,166.76,0,0
WPL_PE,D,20150724,000000,167.61,168.08,167.23,168.08,0,0
WPL_PE,D,20150727,000000,168.75,168.75,167.23,167.23,0,0
WPL_PE,D,20150728,000000,167.33,168.93,167.33,168.08,0,0
WPL_PE,D,20150729,000000,168.08,168.75,167.99,167.99,0,0
WPL_PE,D,20150730,000000,167.99,168.08,167.99,168.08,0,0
WPL_PE,D,20150731,000000,168.08,170.82,168.08,170.82,0,0
WPL_PE,D,20150803,000000,170.82,172.61,170.82,172.61,0,0
WPL_PE,D,20150804,000000,172.61,172.61,167.99,168.08,0,0
WPL_PE,D,20150805,000000,168.08,171.29,168.08,170.63,0,0
WPL_PE,D,20150806,000000,170.63,171.49,168.56,170.16,0,0
WPL_PE,D,20150807,000000,170.16,170.16,168.08,168.75,0,0
WPL_PE,D,20150810,000000,168.75,168.75,167.99,168.08,0,0
WPL_PE,D,20150811,000000,168.08,168.56,167.23,168.08,0,0
WPL_PE,D,20150812,000000,168.08,168.08,167.23,167.43,0,0
WPL_PE,D,20150813,000000,167.43,168.46,167.43,168.08,0,0
WPL_PE,D,20150814,000000,167.61,168.08,167.23,167.43,0,0
WPL_PE,D,20150817,000000,167.14,167.99,167.14,167.9,0,0
WPL_PE,D,20150818,000000,167.9,168.56,167.9,168.56,0,0
WPL_PE,D,20150819,000000,169.03,169.03,167.9,168.28,0,0
WPL_PE,D,20150820,000000,168.28,168.28,167.9,168.28,0,0
WPL_PE,D,20150821,000000,167.9,169.59,167.61,168.28,0,0
WPL_PE,D,20150824,000000,167.99,167.99,161.2,163.56,0,0
WPL_PE,D,20150825,000000,163.56,166.58,163.56,165.82,0,0
WPL_PE,D,20150826,000000,165.82,166.11,164.97,165.82,0,0
WPL_PE,D,20150827,000000,167.14,167.14,166.49,166.76,0,0
WPL_PE,D,20150828,000000,168.08,170.82,168.08,170.82,0,0
WPL_PE,D,20150831,000000,170.35,171.29,170.16,170.82,0,0
WPL_PE,D,20150901,000000,170.82,171.76,168.28,171.76,0,0
WPL_PE,D,20150902,000000,170.82,172.24,168.65,170.82,0,0
WPL_PE,D,20150903,000000,171.76,177.61,170.35,177.61,0,0
WPL_PE,D,20150904,000000,177.61,179.4,177.24,178.46,0,0
WPL_PE,D,20150907,000000,177.34,178.46,175.72,176.29,0,0
WPL_PE,D,20150908,000000,174.97,175.82,78.007,78.007,0,0
WPL_PE,D,20150909,000000,78.007,79.515,78.007,78.383,0,0
WPL_PE,D,20150910,000000,78.383,79.421,78.383,79.421,0,0
WPL_PE,D,20150911,000000,80.081,80.081,78.101,78.101,0,0
WPL_PE,D,20150914,000000,77.63,78.007,75.554,78.007,0,0
WPL_PE,D,20150915,000000,78.007,78.007,76.968,77.063,0,0
WPL_PE,D,20150916,000000,77.251,78.195,77.157,78.195,0,0
WPL_PE,D,20150917,000000,77.346,77.346,75.46,75.742,0,0
WPL_PE,D,20150918,000000,76.968,76.968,76.214,76.781,0,0
WPL_PE,D,20150921,000000,77.346,78.007,77.346,78.007,0,0
WPL_PE,D,20150922,000000,78.195,78.761,77.63,78.478,0,0
WPL_PE,D,20150923,000000,78.478,78.761,78.478,78.761,0,0
WPL_PE,D,20150924,000000,78.761,79.892,78.761,79.892,0,0
WPL_PE,D,20150925,000000,78.666,81.873,78.666,80.93,0,0
WPL_PE,D,20150928,000000,80.93,81.213,79.421,80.459,0,0
WPL_PE,D,20150929,000000,78.666,80.647,78.383,80.459,0,0
WPL_PE,D,20150930,000000,80.93,81.497,80.459,81.497,0,0
WPL_PE,D,20151001,000000,81.686,81.686,81.119,81.497,0,0
WPL_PE,D,20151002,000000,80.459,81.497,80.459,81.497,0,0
WPL_PE,D,20151005,000000,81.497,81.497,80.459,81.497,0,0
WPL_PE,D,20151006,000000,81.968,81.968,81.307,81.968,0,0
WPL_PE,D,20151007,000000,81.968,82.062,80.741,81.968,0,0
WPL_PE,D,20151008,000000,81.968,81.968,81.591,81.968,0,0
WPL_PE,D,20151009,000000,81.873,82.818,80.741,82.251,0,0
WPL_PE,D,20151012,000000,82.345,82.345,82.062,82.062,0,0
WPL_PE,D,20151013,000000,81.968,81.968,80.93,81.402,0,0
WPL_PE,D,20151014,000000,82.062,82.062,81.024,81.119,0,0
WPL_PE,D,20151015,000000,81.024,81.402,81.024,81.402,0,0
WPL_PE,D,20151016,000000,81.402,81.873,81.119,81.873,0,0
WPL_PE,D,20151019,000000,81.307,81.873,81.307,81.591,0,0
WPL_PE,D,20151020,000000,81.78,81.873,81.307,81.78,0,0
WPL_PE,D,20151021,000000,81.119,81.78,81.119,81.78,0,0
WPL_PE,D,20151022,000000,81.686,81.873,81.686,81.78,0,0
WPL_PE,D,20151023,000000,81.497,82.062,81.497,82.062,0,0
WPL_PE,D,20151026,000000,82.062,83.477,82.062,83.288,0,0
WPL_PE,D,20151027,000000,83.288,84.515,83.288,83.854,0,0
WPL_PE,D,20151028,000000,83.76,84.42,83.571,84.233,0,0
WPL_PE,D,20151029,000000,84.233,84.327,82.818,84.233,0,0
WPL_PE,D,20151030,000000,84.138,84.138,83.571,84.138,0,0
WPL_PE,D,20151102,000000,83.101,84.138,83.101,84.138,0,0
WPL_PE,D,20151103,000000,84.138,84.797,84.138,84.797,0,0
WPL_PE,D,20151104,000000,84.609,85.363,84.609,84.609,0,0
WPL_PE,D,20151105,000000,84.609,84.986,84.609,84.892,0,0
WPL_PE,D,20151106,000000,84.892,85.363,84.138,84.515,0,0
WPL_PE,D,20151109,000000,85.363,85.363,83.477,84.327,0,0
WPL_PE,D,20151110,000000,84.138,84.138,83.288,83.76,0,0
WPL_PE,D,20151112,000000,84.42,84.609,84.138,84.138,0,0
WPL_PE,D,20151113,000000,83.666,84.138,83.666,83.949,0,0
WPL_PE,D,20151116,000000,82.439,123.38,81.402,123.38,0,0
WPL_PE,D,20151117,000000,123.66,123.66,123.38,123.38,0,0
WPL_PE,D,20151118,000000,123.38,123.56,122.53,123.38,0,0
WPL_PE,D,20151119,000000,123.38,123.66,123.19,123.38,0,0
WPL_PE,D,20151120,000000,123.28,124.04,123.19,123.47,0,0
WPL_PE,D,20151123,000000,123.38,123.38,123,123.38,0,0
WPL_PE,D,20151124,000000,123.38,123.66,120.83,123.38,0,0
WPL_PE,D,20151125,000000,123.38,123.38,122.24,123.38,0,0
WPL_PE,D,20151126,000000,123.38,124.41,123.38,123.38,0,0
WPL_PE,D,20151127,000000,123.38,123.38,123.28,123.38,0,0
WPL_PE,D,20151130,000000,123.38,123.47,122.53,123.38,0,0
WPL_PE,D,20151201,000000,122.62,123.38,122.62,122.81,0,0
WPL_PE,D,20151202,000000,120.83,123.28,120.83,123,0,0
WPL_PE,D,20151203,000000,123,123.38,122.06,123.19,0,0
WPL_PE,D,20151204,000000,123.28,123.28,119.61,121.5,0,0
WPL_PE,D,20151207,000000,120.36,123.66,120.36,122.44,0,0
WPL_PE,D,20151208,000000,120.64,123.38,120.64,121.4,0,0
WPL_PE,D,20151209,000000,121.2,121.77,119.31,120.83,0,0
WPL_PE,D,20151210,000000,118.1,119.88,118.1,118.57,0,0
WPL_PE,D,20151211,000000,118.38,118.38,108.47,111.39,0,0
WPL_PE,D,20151214,000000,112.81,112.81,107.15,108.19,0,0
WPL_PE,D,20151215,000000,107.82,111.78,107.82,111.78,0,0
WPL_PE,D,20151216,000000,111.78,116.12,111.78,114.41,0,0
WPL_PE,D,20151217,000000,116.49,117.53,114.78,117.44,0,0
WPL_PE,D,20151218,000000,114.71,118.94,114.71,118.66,0,0
WPL_PE,D,20151221,000000,118.66,119.98,118.28,119.31,0,0
WPL_PE,D,20151222,000000,119.98,120.55,119.31,120.26,0,0
WPL_PE,D,20151223,000000,119.98,123.47,119.98,122.06,0,0
WPL_PE,D,20151228,000000,123.09,123.66,121.3,123.66,0,0
WPL_PE,D,20151229,000000,123.66,123.66,120.93,120.93,0,0
WPL_PE,D,20151230,000000,121.77,123.47,121.77,123.38,0,0
WPL_PE,D,20160104,000000,122.14,122.14,119.79,120.55,0,0
WPL_PE,D,20160105,000000,121.2,121.2,121.2,121.2,0,0
WPL_PE,D,20160107,000000,120.55,120.55,119.04,120.55,0,0
WPL_PE,D,20160108,000000,120.55,120.55,118.38,120.55,0,0
WPL_PE,D,20160111,000000,120.55,120.55,117.53,118.38,0,0
WPL_PE,D,20160112,000000,117.44,119.04,117.44,119.04,0,0
WPL_PE,D,20160113,000000,119.04,119.31,117.62,119.31,0,0
WPL_PE,D,20160114,000000,117.53,117.53,116.4,117.44,0,0
WPL_PE,D,20160115,000000,117.44,118.57,114.31,117.91,0,0
WPL_PE,D,20160118,000000,117.44,117.44,113.76,116.12,0,0
WPL_PE,D,20160119,000000,115.65,115.65,113,114.98,0,0
WPL_PE,D,20160120,000000,114.88,115.92,111.68,115.92,0,0
WPL_PE,D,20160121,000000,115.92,115.92,111.31,111.31,0,0
WPL_PE,D,20160122,000000,111.31,112.81,110.08,110.08,0,0
WPL_PE,D,20160125,000000,115.55,115.55,111.31,114.41,0,0
WPL_PE,D,20160126,000000,110.65,112.81,110.65,112.81,0,0
WPL_PE,D,20160127,000000,110.65,112.52,109.88,112.44,0,0
WPL_PE,D,20160128,000000,112.81,119.04,112.81,118.38,0,0
WPL_PE,D,20160129,000000,115.35,119.79,115.35,119.79,0,0
WPL_PE,D,20160201,000000,116.87,118.84,116.87,118.84,0,0
WPL_PE,D,20160202,000000,117.44,118.94,117.44,118.38,0,0
WPL_PE,D,20160203,000000,119.04,119.04,119.04,119.04,0,0
WPL_PE,D,20160204,000000,119.31,120.26,119.31,119.61,0,0
WPL_PE,D,20160205,000000,120.08,120.26,119.88,120.08,0,0
WPL_PE,D,20160208,000000,120.55,120.55,117.34,120.55,0,0
WPL_PE,D,20160209,000000,120.55,120.55,116.49,118.38,0,0
WPL_PE,D,20160210,000000,118.94,119.23,118.94,119.04,0,0
WPL_PE,D,20160211,000000,119.61,119.61,117.53,119.04,0,0
WPL_PE,D,20160212,000000,119.31,119.61,119.31,119.31,0,0
WPL_PE,D,20160215,000000,119.31,119.31,117.53,119.04,0,0
WPL_PE,D,20160216,000000,119.31,119.31,118.66,118.66,0,0
WPL_PE,D,20160217,000000,117.44,118.66,117.44,118.66,0,0
WPL_PE,D,20160218,000000,117.44,119.31,115.92,118.1,0,0
WPL_PE,D,20160219,000000,118.38,119.98,118.38,119.88,0,0
WPL_PE,D,20160222,000000,120.26,121.11,120.26,120.26,0,0
WPL_PE,D,20160223,000000,120.55,120.55,120.26,120.55,0,0
WPL_PE,D,20160224,000000,121.5,121.5,120.55,120.55,0,0
WPL_PE,D,20160225,000000,120.55,120.55,119.04,120.55,0,0
WPL_PE,D,20160226,000000,119.04,122.14,119.04,121.77,0,0
WPL_PE,D,20160229,000000,121.77,122.44,121.02,122.44,0,0
WPL_PE,D,20160301,000000,122.71,123.28,121.5,122.71,0,0
WPL_PE,D,20160302,000000,122.91,122.91,121.58,122.91,0,0
WPL_PE,D,20160303,000000,122.91,122.91,122.14,122.14,0,0
WPL_PE,D,20160304,000000,121.2,122.91,121.2,122.24,0,0
WPL_PE,D,20160307,000000,122.81,122.81,119.31,121.02,0,0
WPL_PE,D,20160308,000000,120.55,121.2,120.55,121.2,0,0
WPL_PE,D,20160309,000000,120.93,123.19,120.93,123.19,0,0
WPL_PE,D,20160310,000000,123.19,125.64,122.71,122.71,0,0
WPL_PE,D,20160311,000000,122.71,123.66,121.58,121.58,0,0
WPL_PE,D,20160314,000000,123,123,120.83,122.91,0,0
WPL_PE,D,20160315,000000,122.71,122.71,121.3,121.3,0,0
WPL_PE,D,20160316,000000,121.3,122.81,121.3,122.71,0,0
WPL_PE,D,20160317,000000,122.71,123.38,122.71,123.38,0,0
WPL_PE,D,20160318,000000,123.66,125.83,123.38,125.07,0,0
WPL_PE,D,20160321,000000,124.89,246.75,123.76,246.75,0,0
WPL_PE,D,20160322,000000,246.37,249.77,246.37,249.77,0,0
WPL_PE,D,20160323,000000,250.71,257.5,250.71,252.23,0,0
WPL_PE,D,20160324,000000,256,256,252.23,255.33,0,0
WPL_PE,D,20160329,000000,255.43,257.22,252.32,253.45,0,0
WPL_PE,D,20160330,000000,253.54,255.23,253.54,254.11,0,0
WPL_PE,D,20160331,000000,254.76,255.06,253.54,254.96,0,0
WPL_PE,D,20160401,000000,253.82,257.22,252.6,253.45,0,0
WPL_PE,D,20160404,000000,254.29,254.29,253.73,253.73,0,0
WPL_PE,D,20160405,000000,254.59,254.59,252.23,253.73,0,0
WPL_PE,D,20160406,000000,253.82,253.82,253.45,253.54,0,0
WPL_PE,D,20160407,000000,253.82,265.52,253.82,258.36,0,0
WPL_PE,D,20160408,000000,260.24,264.48,253.82,264.29,0,0
WPL_PE,D,20160411,000000,264.39,272.6,264.39,270.71,0,0
WPL_PE,D,20160412,000000,271.94,289.2,271.94,282.88,0,0
WPL_PE,D,20160413,000000,288.36,288.73,276.74,276.84,0,0
WPL_PE,D,20160414,000000,276.84,282.88,276.84,279.86,0,0
WPL_PE,D,20160415,000000,280.9,281,267.03,270.71,0,0
WPL_PE,D,20160418,000000,270.62,270.62,266.09,266.55,0,0
WPL_PE,D,20160419,000000,267.69,276.18,267.69,275.9,0,0
WPL_PE,D,20160420,000000,276,277.21,275.62,276.84,0,0
WPL_PE,D,20160421,000000,274.29,274.29,267.97,270.52,0,0
WPL_PE,D,20160422,000000,270.52,270.52,267.79,269.95,0,0
WPL_PE,D,20160425,000000,268.74,273.74,268.74,273.74,0,0
WPL_PE,D,20160426,000000,271.37,273.82,269.48,269.48,0,0
WPL_PE,D,20160427,000000,268.91,268.91,261.47,263.92,0,0
WPL_PE,D,20160428,000000,263.64,274.39,263.64,272.79,0,0
WPL_PE,D,20160429,000000,271.18,276.84,271.18,276.84,0,0
WPL_PE,D,20160502,000000,279.96,279.96,268.26,279.58,0,0
WPL_PE,D,20160504,000000,279.67,282.97,278.07,282.88,0,0
WPL_PE,D,20160505,000000,282.79,282.79,277.03,277.13,0,0
WPL_PE,D,20160506,000000,275.71,275.71,270.05,270.05,0,0
WPL_PE,D,20160509,000000,270.15,270.15,267.69,269.48,0,0
WPL_PE,D,20160510,000000,268.91,269.77,267.6,267.6,0,0
WPL_PE,D,20160511,000000,267.69,274.95,267.69,274.86,0,0
WPL_PE,D,20160512,000000,275.05,278.73,275.05,278.64,0,0
WPL_PE,D,20160513,000000,279.76,295.32,276.74,295.32,0,0
WPL_PE,D,20160516,000000,295.32,305.52,101.03,101.03,0,0
WPL_PE,D,20160517,000000,101.21,102.05,99.52,99.52,0,0
WPL_PE,D,20160518,000000,99.52,101.68,99.319,101.21,0,0
WPL_PE,D,20160519,000000,101.12,101.12,98.474,98.474,0,0
WPL_PE,D,20160520,000000,98.474,99.132,96.401,98.189,0,0
WPL_PE,D,20160523,000000,96.208,96.208,95.174,95.174,0,0
WPL_PE,D,20160524,000000,96.122,96.122,92.627,95.079,0,0
WPL_PE,D,20160525,000000,95.079,95.079,94.136,94.418,0,0
WPL_PE,D,20160527,000000,94.136,95.079,94.136,94.136,0,0
WPL_PE,D,20160530,000000,94.23,96.122,94.136,95.929,0,0
WPL_PE,D,20160531,000000,95.929,96.122,92.627,95.739,0,0
WPL_PE,D,20160601,000000,93.287,94.136,92.91,94.136,0,0
WPL_PE,D,20160602,000000,93.57,95.457,92.627,94.891,0,0
WPL_PE,D,20160603,000000,94.891,96.122,94.891,95.551,0,0
WPL_PE,D,20160606,000000,94.136,96.122,94.136,94.325,0,0
WPL_PE,D,20160607,000000,94.136,95.739,94.136,94.136,0,0
WPL_PE,D,20160608,000000,94.136,95.739,93.098,95.174,0,0
WPL_PE,D,20160609,000000,97.249,97.249,94.985,95.929,0,0
WPL_PE,D,20160610,000000,96.122,97.152,95.079,97.152,0,0
WPL_PE,D,20160613,000000,97.152,97.152,95.551,97.152,0,0
WPL_PE,D,20160614,000000,95.739,96.969,94.136,96.969,0,0
WPL_PE,D,20160615,000000,95.174,95.174,95.174,95.174,0,0
WPL_PE,D,20160616,000000,93.57,94.325,92.721,94.136,0,0
WPL_PE,D,20160617,000000,94.136,94.796,93.381,94.136,0,0
WPL_PE,D,20160620,000000,94.136,95.362,94.136,94.418,0,0
WPL_PE,D,20160621,000000,94.136,94.891,94.136,94.136,0,0
WPL_PE,D,20160622,000000,94.136,95.551,94.136,95.362,0,0
WPL_PE,D,20160623,000000,95.174,95.174,94.136,95.079,0,0
WPL_PE,D,20160624,000000,89.137,92.438,84.892,92.438,0,0
WPL_PE,D,20160627,000000,93.004,94.042,92.438,93.57,0,0
WPL_PE,D,20160628,000000,93.57,94.796,93.57,93.759,0,0
WPL_PE,D,20160629,000000,94.891,94.891,94.136,94.136,0,0
WPL_PE,D,20160630,000000,94.136,96.776,94.136,96.776,0,0
WPL_PE,D,20160701,000000,96.776,96.776,94.325,96.122,0,0
WPL_PE,D,20160704,000000,94.325,96.122,94.325,96.122,0,0
WPL_PE,D,20160705,000000,96.122,96.122,94.702,94.702,0,0
WPL_PE,D,20160706,000000,94.702,94.702,94.042,94.136,0,0
WPL_PE,D,20160707,000000,97.152,97.152,94.325,94.325,0,0
WPL_PE,D,20160708,000000,97.152,97.152,94.325,94.418,0,0
WPL_PE,D,20160711,000000,94.608,94.608,94.23,94.23,0,0
WPL_PE,D,20160712,000000,94.608,94.608,92.91,92.91,0,0
WPL_PE,D,20160713,000000,93.287,93.57,92.91,93.57,0,0
WPL_PE,D,20160714,000000,93.759,93.853,93.759,93.853,0,0
WPL_PE,D,20160715,000000,95.174,95.174,92.91,94.23,0,0
WPL_PE,D,20160718,000000,92.91,94.136,92.91,93.192,0,0
WPL_PE,D,20160719,000000,93.192,95.362,93.192,93.664,0,0
WPL_PE,D,20160720,000000,93.287,94.891,93.287,94.136,0,0
WPL_PE,D,20160721,000000,93.098,94.796,93.098,93.664,0,0
WPL_PE,D,20160722,000000,95.079,95.174,95.079,95.174,0,0
WPL_PE,D,20160725,000000,95.174,96.208,94.513,94.513,0,0
WPL_PE,D,20160726,000000,94.23,97.152,94.23,97.152,0,0
WPL_PE,D,20160727,000000,97.152,101.03,97.152,100.26,0,0
WPL_PE,D,20160728,000000,101.03,102.05,100.65,102.05,0,0
WPL_PE,D,20160729,000000,102.05,102.05,101.3,101.97,0,0
WPL_PE,D,20160801,000000,101.97,101.97,99.044,99.79,0,0
WPL_PE,D,20160802,000000,101.68,101.68,100.26,101.21,0,0
WPL_PE,D,20160803,000000,101.68,101.68,97.528,97.624,0,0
WPL_PE,D,20160804,000000,101.68,101.68,97.816,100.93,0,0
WPL_PE,D,20160805,000000,98.572,100.08,98.189,98.759,0,0
WPL_PE,D,20160808,000000,100.26,100.56,100.26,100.26,0,0
WPL_PE,D,20160809,000000,100.26,101.68,98.661,101.03,0,0
WPL_PE,D,20160810,000000,101.03,102.05,101.03,101.78,0,0
WPL_PE,D,20160811,000000,101.03,101.78,101.03,101.03,0,0
WPL_PE,D,20160812,000000,101.03,102.15,99.231,99.99,0,0
WPL_PE,D,20160816,000000,99.99,101.12,99.99,101.03,0,0
WPL_PE,D,20160817,000000,99.89,99.99,99.89,99.99,0,0
WPL_PE,D,20160818,000000,99.99,100.17,98.946,100.17,0,0
WPL_PE,D,20160819,000000,100.17,100.17,95.079,96.969,0,0
WPL_PE,D,20160822,000000,96.969,96.969,95.362,96.122,0,0
WPL_PE,D,20160823,000000,96.122,99.99,95.929,99.99,0,0
WPL_PE,D,20160824,000000,97.345,99.132,97.345,98.002,0,0
WPL_PE,D,20160825,000000,98.002,99.231,97.816,99.231,0,0
WPL_PE,D,20160826,000000,99.231,100.26,98.189,100.26,0,0
WPL_PE,D,20160829,000000,98.847,98.847,98.189,98.189,0,0
WPL_PE,D,20160830,000000,98.572,100.17,98.572,99.6,0,0
WPL_PE,D,20160831,000000,100.17,104.32,82.156,82.156,0,0
WPL_PE,D,20160901,000000,82.156,84.515,81.307,81.307,0,0
WPL_PE,D,20160902,000000,83.666,83.666,80.554,82.156,0,0
WPL_PE,D,20160905,000000,82.062,83.76,82.062,83.76,0,0
WPL_PE,D,20160906,000000,83.76,87.816,82.251,87.722,0,0
WPL_PE,D,20160907,000000,87.722,92.815,87.722,89.986,0,0
WPL_PE,D,20160908,000000,91.683,91.778,89.891,91.683,0,0
WPL_PE,D,20160909,000000,91.683,91.683,89.608,90.174,0,0
WPL_PE,D,20160912,000000,90.268,91.589,88.571,88.571,0,0
WPL_PE,D,20160913,000000,88.571,90.174,88.005,88.571,0,0
WPL_PE,D,20160914,000000,88.854,89.231,87.816,87.91,0,0
WPL_PE,D,20160915,000000,88.005,88.571,86.779,86.779,0,0
WPL_PE,D,20160916,000000,86.873,87.156,85.835,86.024,0,0
WPL_PE,D,20160919,000000,86.024,88.193,86.024,87.25,0,0
WPL_PE,D,20160920,000000,88.1,88.1,87.25,87.344,0,0
WPL_PE,D,20160921,000000,87.722,87.722,85.363,85.741,0,0
WPL_PE,D,20160922,000000,86.59,88.571,85.646,88.571,0,0
WPL_PE,D,20160923,000000,88.571,88.571,87.439,88.571,0,0
WPL_PE,D,20160926,000000,87.91,88.571,86.967,87.25,0,0
WPL_PE,D,20160927,000000,87.061,87.722,86.59,87.061,0,0
WPL_PE,D,20160928,000000,88.476,88.476,86.024,86.967,0,0
WPL_PE,D,20160929,000000,88.288,88.382,87.344,87.816,0,0
WPL_PE,D,20160930,000000,87.439,90.646,87.439,89.986,0,0
WPL_PE,D,20161003,000000,89.986,90.929,89.986,90.551,0,0
WPL_PE,D,20161004,000000,90.363,93.947,90.363,91.966,0,0
WPL_PE,D,20161005,000000,92.249,93.381,92.249,92.721,0,0
WPL_PE,D,20161006,000000,94.23,94.985,93.098,93.098,0,0
WPL_PE,D,20161007,000000,94.042,94.042,88.382,88.382,0,0
WPL_PE,D,20161010,000000,86.779,88.382,86.684,88.382,0,0
WPL_PE,D,20161011,000000,88.382,88.382,85.646,85.835,0,0
WPL_PE,D,20161012,000000,85.835,85.835,82.534,84.42,0,0
WPL_PE,D,20161013,000000,85.459,86.495,85.459,86.212,0,0
WPL_PE,D,20161014,000000,87.816,90.646,87.816,90.646,0,0
WPL_PE,D,20161017,000000,90.08,91.306,90.08,90.929,0,0
WPL_PE,D,20161018,000000,91.212,93.098,91.117,91.4,0,0
WPL_PE,D,20161019,000000,91.4,92.721,91.117,92.061,0,0
WPL_PE,D,20161020,000000,92.721,92.721,90.268,90.74,0,0
WPL_PE,D,20161021,000000,90.646,90.646,89.891,90.646,0,0
WPL_PE,D,20161024,000000,90.834,91.4,87.439,90.929,0,0
WPL_PE,D,20161025,000000,90.834,91.495,90.834,91.495,0,0
WPL_PE,D,20161026,000000,91.966,92.249,91.117,91.589,0,0
WPL_PE,D,20161027,000000,91.495,91.778,90.646,90.929,0,0
WPL_PE,D,20161028,000000,91.4,91.4,90.74,91.4,0,0
WPL_PE,D,20161031,000000,91.4,91.4,90.08,90.268,0,0
WPL_PE,D,20161102,000000,89.891,90.08,88.382,89.797,0,0
WPL_PE,D,20161103,000000,89.608,89.608,86.495,86.495,0,0
WPL_PE,D,20161104,000000,86.495,88.1,85.741,88.005,0,0
WPL_PE,D,20161107,000000,88.193,88.193,88.005,88.193,0,0
WPL_PE,D,20161108,000000,89.608,89.797,88.193,89.797,0,0
WPL_PE,D,20161109,000000,86.59,88.193,49.709,49.709,0,0
WPL_PE,D,20161110,000000,50.652,50.652,49.332,50.464,0,0
WPL_PE,D,20161114,000000,50.464,50.652,49.897,50.37,0,0
WPL_PE,D,20161115,000000,50.37,50.37,50.086,50.086,0,0
WPL_PE,D,20161116,000000,50.086,50.086,49.709,49.709,0,0
WPL_PE,D,20161117,000000,49.897,49.897,49.709,49.709,0,0
WPL_PE,D,20161118,000000,49.709,49.709,48.388,49.709,0,0
WPL_PE,D,20161121,000000,49.709,50.18,48.482,49.803,0,0
WPL_PE,D,20161122,000000,49.332,50.746,49.332,49.897,0,0
WPL_PE,D,20161123,000000,51.124,51.124,50.276,50.464,0,0
WPL_PE,D,20161124,000000,50.652,51.691,50.652,50.746,0,0
WPL_PE,D,20161125,000000,50.935,50.935,50.37,50.464,0,0
WPL_PE,D,20161128,000000,50.746,50.746,49.803,50.276,0,0
WPL_PE,D,20161129,000000,49.238,50.276,48.86,48.955,0,0
WPL_PE,D,20161130,000000,49.52,49.709,49.144,49.332,0,0
WPL_PE,D,20161201,000000,48.86,48.86,46.597,46.597,0,0
WPL_PE,D,20161202,000000,47.162,47.35,46.691,47.067,0,0
WPL_PE,D,20161205,000000,47.35,47.445,47.067,47.256,0,0
WPL_PE,D,20161206,000000,47.256,48.106,47.256,48.012,0,0
WPL_PE,D,20161207,000000,48.671,48.671,48.294,48.388,0,0
WPL_PE,D,20161208,000000,48.671,48.671,48.294,48.482,0,0
WPL_PE,D,20161209,000000,48.671,48.671,47.917,48.199,0,0
WPL_PE,D,20161212,000000,48.388,48.765,48.106,48.388,0,0
WPL_PE,D,20161213,000000,48.671,48.671,47.917,48.106,0,0
WPL_PE,D,20161214,000000,48.106,48.765,48.012,48.106,0,0
WPL_PE,D,20161215,000000,48.765,48.765,48.199,48.482,0,0
WPL_PE,D,20161216,000000,48.482,48.482,47.634,48.388,0,0
WPL_PE,D,20161219,000000,48.388,48.388,47.445,48.106,0,0
WPL_PE,D,20161220,000000,48.199,48.199,46.973,48.106,0,0
WPL_PE,D,20161221,000000,48.106,48.388,48.106,48.388,0,0
WPL_PE,D,20161222,000000,48.388,50.746,48.388,50.559,0,0
WPL_PE,D,20161223,000000,50.464,50.559,48.199,50.464,0,0
WPL_PE,D,20161227,000000,49.614,50.18,49.332,50.18,0,0
WPL_PE,D,20161228,000000,49.332,49.803,48.86,49.709,0,0
WPL_PE,D,20161229,000000,49.992,49.992,49.426,49.803,0,0
WPL_PE,D,20161230,000000,49.52,49.52,49.144,49.426,0,0
WPL_PE,D,20170102,000000,49.803,49.803,49.614,49.709,0,0
WPL_PE,D,20170103,000000,49.803,49.803,49.614,49.803,0,0
WPL_PE,D,20170104,000000,49.803,49.803,49.144,49.238,0,0
WPL_PE,D,20170105,000000,49.803,49.803,49.52,49.803,0,0
WPL_PE,D,20170109,000000,49.803,51.124,49.803,50.746,0,0
WPL_PE,D,20170110,000000,50.746,51.218,50.276,50.746,0,0
WPL_PE,D,20170111,000000,50.841,51.124,50.276,50.935,0,0
WPL_PE,D,20170112,000000,50.935,50.935,50.18,50.18,0,0
WPL_PE,D,20170113,000000,50.464,50.559,49.426,49.803,0,0
WPL_PE,D,20170116,000000,50.276,50.746,50.276,50.746,0,0
WPL_PE,D,20170117,000000,51.124,52.633,50.935,51.691,0,0
WPL_PE,D,20170118,000000,51.691,51.691,50.464,50.464,0,0
WPL_PE,D,20170119,000000,50.086,51.596,49.144,51.596,0,0
WPL_PE,D,20170120,000000,51.596,54.802,51.312,54.802,0,0
WPL_PE,D,20170123,000000,54.708,54.897,53.387,54.897,0,0
WPL_PE,D,20170124,000000,55.274,55.274,53.199,54.614,0,0
WPL_PE,D,20170125,000000,54.708,55.085,54.332,54.425,0,0
WPL_PE,D,20170126,000000,53.953,53.953,52.255,52.255,0,0
WPL_PE,D,20170127,000000,52.35,54.048,52.35,53.482,0,0
WPL_PE,D,20170130,000000,53.482,53.765,53.105,53.387,0,0
WPL_PE,D,20170131,000000,53.387,53.482,53.105,53.199,0,0
WPL_PE,D,20170201,000000,53.199,53.199,52.633,52.822,0,0
WPL_PE,D,20170202,000000,52.633,52.822,52.444,52.727,0,0
WPL_PE,D,20170203,000000,52.538,53.387,52.538,53.011,0,0
WPL_PE,D,20170206,000000,53.482,53.482,52.633,52.727,0,0
WPL_PE,D,20170207,000000,53.011,53.011,52.727,52.727,0,0
WPL_PE,D,20170208,000000,52.444,52.633,52.255,52.633,0,0
WPL_PE,D,20170209,000000,52.633,52.917,52.633,52.822,0,0
WPL_PE,D,20170210,000000,52.917,53.011,52.538,52.822,0,0
WPL_PE,D,20170213,000000,52.917,52.917,51.407,51.691,0,0
WPL_PE,D,20170214,000000,51.691,53.387,51.596,53.011,0,0
WPL_PE,D,20170215,000000,53.011,53.011,52.633,52.917,0,0
WPL_PE,D,20170216,000000,52.917,53.011,52.538,52.538,0,0
WPL_PE,D,20170217,000000,52.538,52.822,51.407,51.691,0,0
WPL_PE,D,20170220,000000,51.691,52.255,51.691,52.067,0,0
WPL_PE,D,20170221,000000,52.161,53.011,52.161,52.822,0,0
WPL_PE,D,20170222,000000,52.917,53.199,52.633,52.633,0,0
WPL_PE,D,20170223,000000,53.105,53.105,52.538,52.538,0,0
WPL_PE,D,20170224,000000,52.538,52.633,52.538,52.633,0,0
WPL_PE,D,20170227,000000,52.633,52.633,52.161,52.161,0,0
WPL_PE,D,20170228,000000,52.633,52.633,51.596,52.161,0,0
WPL_PE,D,20170301,000000,52.161,52.444,51.407,51.691,0,0
WPL_PE,D,20170302,000000,51.691,53.105,51.691,52.917,0,0
WPL_PE,D,20170303,000000,52.727,54.332,52.727,53.67,0,0
WPL_PE,D,20170306,000000,53.67,53.859,53.105,53.576,0,0
WPL_PE,D,20170307,000000,53.293,53.293,52.35,53.105,0,0
WPL_PE,D,20170308,000000,53.105,53.105,52.161,52.917,0,0
WPL_PE,D,20170309,000000,52.161,52.633,52.161,52.633,0,0
WPL_PE,D,20170310,000000,52.161,53.387,52.161,53.387,0,0
WPL_PE,D,20170313,000000,52.727,52.727,52.538,52.538,0,0
WPL_PE,D,20170314,000000,52.917,52.917,27.92,27.92,0,0
WPL_PE,D,20170315,000000,28.014,28.014,27.448,27.731,0,0
WPL_PE,D,20170316,000000,27.731,28.014,27.637,27.731,0,0
WPL_PE,D,20170317,000000,28.014,28.11,27.637,27.92,0,0
WPL_PE,D,20170320,000000,27.92,27.92,27.637,27.826,0,0
WPL_PE,D,20170321,000000,28.11,28.486,27.731,28.014,0,0
WPL_PE,D,20170322,000000,27.92,27.92,27.26,27.826,0,0
WPL_PE,D,20170323,000000,27.826,27.92,27.637,27.92,0,0
WPL_PE,D,20170324,000000,27.826,28.392,27.826,28.11,0,0
WPL_PE,D,20170327,000000,27.448,28.203,27.448,28.11,0,0
WPL_PE,D,20170328,000000,27.826,28.11,27.826,28.11,0,0
WPL_PE,D,20170329,000000,28.11,28.203,27.92,28.11,0,0
WPL_PE,D,20170330,000000,28.203,28.203,27.92,28.203,0,0
WPL_PE,D,20170331,000000,28.203,28.203,27.92,28.11,0,0
WPL_PE,D,20170403,000000,28.11,28.11,27.637,28.11,0,0
WPL_PE,D,20170404,000000,28.11,28.11,27.731,28.014,0,0
WPL_PE,D,20170405,000000,27.826,27.826,27.637,27.637,0,0
WPL_PE,D,20170406,000000,27.543,27.731,27.354,27.543,0,0
WPL_PE,D,20170407,000000,27.26,27.731,27.26,27.637,0,0
WPL_PE,D,20170410,000000,27.637,27.637,27.354,27.637,0,0
WPL_PE,D,20170411,000000,27.448,27.448,26.505,26.694,0,0
WPL_PE,D,20170412,000000,26.599,27.165,26.222,26.977,0,0
WPL_PE,D,20170413,000000,26.882,27.071,26.789,27.071,0,0
WPL_PE,D,20170418,000000,27.071,27.071,26.789,26.882,0,0
WPL_PE,D,20170419,000000,26.882,27.071,26.789,26.977,0,0
WPL_PE,D,20170420,000000,26.977,27.165,26.977,27.071,0,0
WPL_PE,D,20170421,000000,26.789,27.165,26.789,27.071,0,0
WPL_PE,D,20170424,000000,26.977,27.071,26.882,27.071,0,0
WPL_PE,D,20170425,000000,27.071,27.071,26.977,27.071,0,0
WPL_PE,D,20170426,000000,27.071,27.165,26.789,26.882,0,0
WPL_PE,D,20170427,000000,26.789,27.165,26.789,27.071,0,0
WPL_PE,D,20170428,000000,27.071,27.071,26.789,26.882,0,0
WPL_PE,D,20170502,000000,26.789,26.789,26.505,26.505,0,0
WPL_PE,D,20170504,000000,26.505,26.505,26.128,26.316,0,0
WPL_PE,D,20170505,000000,25.939,26.128,25.845,26.033,0,0
WPL_PE,D,20170508,000000,26.033,26.033,25.845,25.939,0,0
WPL_PE,D,20170509,000000,25.845,25.939,25.184,25.184,0,0
WPL_PE,D,20170510,000000,25.184,25.939,25.184,25.563,0,0
WPL_PE,D,20170511,000000,26.033,26.033,24.807,25.184,0,0
WPL_PE,D,20170512,000000,25.184,25.184,24.901,24.996,0,0
WPL_PE,D,20170515,000000,24.901,25.09,24.901,25.09,0,0
WPL_PE,D,20170516,000000,24.807,28.297,24.242,28.297,0,0
WPL_PE,D,20170517,000000,28.486,29.241,28.486,29.241,0,0
WPL_PE,D,20170518,000000,29.241,29.618,28.958,29.524,0,0
WPL_PE,D,20170519,000000,29.618,30.184,29.524,30.184,0,0
WPL_PE,D,20170522,000000,30.184,30.278,29.807,30.184,0,0
WPL_PE,D,20170523,000000,29.995,31.787,29.995,31.41,0,0
WPL_PE,D,20170524,000000,31.316,31.693,31.127,31.599,0,0
WPL_PE,D,20170525,000000,31.599,31.881,30.844,31.693,0,0
WPL_PE,D,20170526,000000,31.693,31.693,31.316,31.693,0,0
WPL_PE,D,20170529,000000,31.693,31.881,31.41,31.41,0,0
WPL_PE,D,20170530,000000,31.693,31.693,31.033,31.599,0,0
WPL_PE,D,20170531,000000,31.41,31.787,31.127,31.787,0,0
WPL_PE,D,20170601,000000,31.599,31.599,31.41,31.504,0,0
WPL_PE,D,20170602,000000,31.127,31.41,31.033,31.41,0,0
WPL_PE,D,20170605,000000,31.41,31.504,31.033,31.504,0,0
WPL_PE,D,20170606,000000,31.316,31.316,30.75,30.938,0,0
WPL_PE,D,20170607,000000,30.938,31.41,30.655,30.938,0,0
WPL_PE,D,20170608,000000,31.221,31.221,30.561,30.844,0,0
WPL_PE,D,20170609,000000,30.844,31.316,30.561,31.316,0,0
WPL_PE,D,20170612,000000,31.221,31.221,30.184,30.938,0,0
WPL_PE,D,20170613,000000,30.184,30.938,30.184,30.844,0,0
WPL_PE,D,20170614,000000,30.372,31.127,30.372,31.127,0,0
WPL_PE,D,20170616,000000,31.127,31.221,30.372,31.221,0,0
WPL_PE,D,20170619,000000,30.372,31.221,30.372,31.221,0,0
WPL_PE,D,20170620,000000,30.372,31.221,30.372,31.221,0,0
WPL_PE,D,20170621,000000,31.033,31.033,30.372,30.372,0,0
WPL_PE,D,20170622,000000,30.372,30.844,30.372,30.372,0,0
WPL_PE,D,20170623,000000,30.278,30.844,30.278,30.844,0,0
WPL_PE,D,20170626,000000,30.75,30.938,30.278,30.938,0,0
WPL_PE,D,20170627,000000,30.467,30.938,30.372,30.938,0,0
WPL_PE,D,20170628,000000,30.372,31.033,30.372,30.938,0,0
WPL_PE,D,20170629,000000,30.655,30.655,30.278,30.372,0,0
WPL_PE,D,20170630,000000,30.372,30.372,30.278,30.372,0,0
WPL_PE,D,20170703,000000,30.467,30.467,30.278,30.372,0,0
WPL_PE,D,20170704,000000,30.089,30.372,30.089,30.184,0,0
WPL_PE,D,20170705,000000,30.184,30.372,30.089,30.278,0,0
WPL_PE,D,20170706,000000,30.372,30.372,30.089,30.372,0,0
WPL_PE,D,20170707,000000,31.016,31.016,30.438,30.438,0,0
WPL_PE,D,20170710,000000,29.861,31.016,29.861,31.016,0,0
WPL_PE,D,20170711,000000,31.016,31.016,30.438,31.016,0,0
WPL_PE,D,20170712,000000,30.92,30.92,30.246,30.92,0,0
WPL_PE,D,20170713,000000,30.823,30.823,30.246,30.246,0,0
WPL_PE,D,20170714,000000,30.342,31.016,30.342,31.016,0,0
WPL_PE,D,20170717,000000,31.016,31.016,30.438,31.016,0,0
WPL_PE,D,20170718,000000,30.438,31.016,30.438,31.016,0,0
WPL_PE,D,20170719,000000,30.92,31.016,30.438,31.016,0,0
WPL_PE,D,20170720,000000,31.016,31.594,30.246,31.016,0,0
WPL_PE,D,20170721,000000,31.016,31.594,30.246,31.305,0,0
WPL_PE,D,20170724,000000,31.209,31.209,30.438,31.016,0,0
WPL_PE,D,20170725,000000,30.535,31.016,30.246,30.92,0,0
WPL_PE,D,20170726,000000,31.016,31.016,30.342,31.016,0,0
WPL_PE,D,20170727,000000,30.823,31.498,30.535,31.498,0,0
WPL_PE,D,20170728,000000,31.498,31.498,30.535,30.92,0,0
WPL_PE,D,20170731,000000,30.92,30.92,30.246,30.92,0,0
WPL_PE,D,20170801,000000,30.246,30.727,30.246,30.727,0,0
WPL_PE,D,20170802,000000,30.535,30.727,30.342,30.727,0,0
WPL_PE,D,20170803,000000,30.342,30.342,29.957,30.246,0,0
WPL_PE,D,20170804,000000,29.861,30.053,29.861,30.053,0,0
WPL_PE,D,20170807,000000,29.861,30.246,29.861,30.246,0,0
WPL_PE,D,20170808,000000,30.246,31.016,30.246,31.016,0,0
WPL_PE,D,20170809,000000,30.438,30.438,29.764,30.053,0,0
WPL_PE,D,20170810,000000,30.053,31.016,29.187,30.92,0,0
WPL_PE,D,20170811,000000,30.92,30.92,29.957,30.438,0,0
WPL_PE,D,20170814,000000,30.92,30.92,29.861,30.727,0,0
WPL_PE,D,20170816,000000,30.92,31.016,30.246,31.016,0,0
WPL_PE,D,20170817,000000,30.149,31.016,30.149,31.016,0,0
WPL_PE,D,20170818,000000,30.149,30.727,30.149,30.727,0,0
WPL_PE,D,20170821,000000,30.149,30.149,30.053,30.149,0,0
WPL_PE,D,20170822,000000,30.053,30.053,29.379,29.764,0,0
WPL_PE,D,20170823,000000,29.379,29.379,28.993,29.283,0,0
WPL_PE,D,20170824,000000,30.149,30.149,28.511,28.704,0,0
WPL_PE,D,20170825,000000,28.511,28.993,28.511,28.993,0,0
WPL_PE,D,20170828,000000,28.993,29.09,28.511,29.09,0,0
WPL_PE,D,20170829,000000,28.608,29.09,28.608,29.09,0,0
WPL_PE,D,20170830,000000,28.897,29.09,28.897,28.993,0,0
WPL_PE,D,20170831,000000,28.8,28.8,27.452,28.415,0,0
WPL_PE,D,20170901,000000,27.645,27.645,27.452,27.645,0,0
WPL_PE,D,20170904,000000,27.645,27.645,27.067,27.26,0,0
WPL_PE,D,20170905,000000,27.26,27.452,27.163,27.452,0,0
WPL_PE,D,20170906,000000,27.356,27.645,27.356,27.356,0,0
WPL_PE,D,20170907,000000,27.356,27.452,26.971,27.452,0,0
WPL_PE,D,20170908,000000,27.452,27.645,27.356,27.645,0,0
WPL_PE,D,20170911,000000,27.645,27.741,27.356,27.549,0,0
WPL_PE,D,20170912,000000,27.645,27.645,26.875,27.067,0,0
WPL_PE,D,20170913,000000,27.067,27.067,26.489,26.875,0,0
WPL_PE,D,20170914,000000,26.778,26.778,25.911,26.104,0,0
WPL_PE,D,20170915,000000,26.104,26.489,25.525,26.489,0,0
WPL_PE,D,20170918,000000,26.778,27.163,26.489,26.971,0,0
WPL_PE,D,20170919,000000,26.971,28.223,26.297,27.26,0,0
WPL_PE,D,20170920,000000,26.489,27.645,26.489,27.26,0,0
WPL_PE,D,20170921,000000,26.875,27.26,26.104,26.104,0,0
WPL_PE,D,20170922,000000,26.104,26.971,26.104,26.682,0,0
WPL_PE,D,20170925,000000,26.682,26.778,26.2,26.778,0,0
WPL_PE,D,20170926,000000,26.875,27.163,26.682,26.778,0,0
WPL_PE,D,20170927,000000,26.682,27.163,26.393,26.393,0,0
WPL_PE,D,20170928,000000,26.393,26.393,26.393,26.393,0,0
WPL_PE,D,20170929,000000,26.682,26.682,26.682,26.682,0,0
WPL_PE,D,20171002,000000,27.067,27.067,26.393,26.682,0,0
WPL_PE,D,20171003,000000,26.393,26.971,25.814,25.814,0,0
WPL_PE,D,20171004,000000,25.814,26.682,25.525,25.814,0,0
WPL_PE,D,20171005,000000,25.718,25.911,25.718,25.814,0,0
WPL_PE,D,20171006,000000,25.718,26.393,25.718,25.814,0,0
WPL_PE,D,20171009,000000,26.682,26.682,25.911,26.682,0,0
WPL_PE,D,20171010,000000,26.586,26.586,25.911,26.489,0,0
WPL_PE,D,20171011,000000,26.008,26.682,25.525,25.814,0,0
WPL_PE,D,20171012,000000,25.622,25.622,25.525,25.525,0,0
WPL_PE,D,20171013,000000,25.525,25.525,25.14,25.237,0,0
WPL_PE,D,20171016,000000,25.237,25.237,24.851,25.044,0,0
WPL_PE,D,20171017,000000,24.851,24.948,24.851,24.948,0,0
WPL_PE,D,20171018,000000,24.659,25.911,24.659,25.814,0,0
WPL_PE,D,20171019,000000,25.814,26.104,25.525,26.104,0,0
WPL_PE,D,20171020,000000,26.489,26.971,26.104,26.104,0,0
WPL_PE,D,20171023,000000,26.104,26.489,26.104,26.2,0,0
WPL_PE,D,20171024,000000,26.2,26.2,25.525,25.525,0,0
WPL_PE,D,20171025,000000,25.525,25.525,25.044,25.237,0,0
WPL_PE,D,20171026,000000,25.14,25.622,24.948,25.622,0,0
WPL_PE,D,20171027,000000,25.718,25.718,24.948,25.333,0,0
WPL_PE,D,20171030,000000,25.525,25.622,25.14,25.237,0,0
WPL_PE,D,20171031,000000,25.237,25.237,24.466,25.14,0,0
WPL_PE,D,20171102,000000,24.755,25.525,24.755,25.525,0,0
WPL_PE,D,20171103,000000,25.525,25.525,25.237,25.333,0,0
WPL_PE,D,20171106,000000,25.429,25.911,25.429,25.911,0,0
WPL_PE,D,20171107,000000,25.814,25.814,25.525,25.814,0,0
WPL_PE,D,20171108,000000,25.525,26.008,25.525,25.525,0,0
WPL_PE,D,20171109,000000,25.525,25.525,24.851,24.948,0,0
WPL_PE,D,20171110,000000,24.948,25.237,24.948,25.237,0,0
WPL_PE,D,20171113,000000,24.948,25.237,24.948,25.044,0,0
WPL_PE,D,20171114,000000,25.237,26.682,24.37,24.37,0,0
WPL_PE,D,20171115,000000,24.755,24.755,24.37,24.37,0,0
WPL_PE,D,20171116,000000,24.37,24.37,23.503,24.274,0,0
WPL_PE,D,20171117,000000,24.37,24.37,24.274,24.274,0,0
WPL_PE,D,20171120,000000,24.177,24.274,23.696,23.696,0,0
WPL_PE,D,20171121,000000,23.696,23.696,23.696,23.696,0,0
WPL_PE,D,20171122,000000,23.696,23.696,23.696,23.696,0,0
WPL_PE,D,20171123,000000,23.6,23.985,23.6,23.888,0,0
WPL_PE,D,20171124,000000,23.792,23.792,23.696,23.696,0,0
WPL_PE,D,20171127,000000,23.6,23.888,23.407,23.888,0,0
WPL_PE,D,20171128,000000,23.888,24.37,23.696,24.37,0,0
WPL_PE,D,20171129,000000,24.37,24.37,23.792,24.274,0,0
WPL_PE,D,20171130,000000,23.792,24.37,23.792,24.37,0,0
WPL_PE,D,20171201,000000,24.37,24.37,23.696,23.888,0,0
WPL_PE,D,20171204,000000,23.696,24.177,23.696,24.081,0,0
WPL_PE,D,20171205,000000,23.696,23.985,23.696,23.985,0,0
WPL_PE,D,20171206,000000,24.177,24.274,23.792,24.177,0,0
WPL_PE,D,20171207,000000,24.177,24.466,23.985,24.466,0,0
WPL_PE,D,20171208,000000,24.177,25.237,24.177,25.237,0,0
WPL_PE,D,20171211,000000,25.333,25.333,24.755,25.333,0,0
WPL_PE,D,20171212,000000,24.851,25.237,24.755,25.237,0,0
WPL_PE,D,20171213,000000,25.237,25.237,24.948,25.044,0,0
WPL_PE,D,20171214,000000,24.755,24.948,24.659,24.948,0,0
WPL_PE,D,20171215,000000,24.851,25.044,24.851,25.044,0,0
WPL_PE,D,20171218,000000,25.044,25.044,24.37,24.562,0,0
WPL_PE,D,20171219,000000,24.659,24.659,24.274,24.562,0,0
WPL_PE,D,20171220,000000,24.659,25.044,24.659,25.044,0,0
WPL_PE,D,20171221,000000,24.466,24.851,24.466,24.755,0,0
WPL_PE,D,20171222,000000,24.948,25.044,24.755,25.044,0,0
WPL_PE,D,20171227,000000,25.237,26.104,24.851,26.104,0,0
WPL_PE,D,20171228,000000,26.104,27.837,25.525,27.837,0,0
WPL_PE,D,20171229,000000,27.837,27.837,26.778,26.778,0,0
WPL_PE,D,20180103,000000,27.741,27.741,25.525,26.008,0,0
WPL_PE,D,20180104,000000,26.104,26.586,25.911,26.586,0,0
WPL_PE,D,20180105,000000,26.489,26.778,26.297,26.778,0,0
WPL_PE,D,20180108,000000,26.682,26.682,26.586,26.682,0,0
WPL_PE,D,20180109,000000,26.489,26.682,26.489,26.586,0,0
WPL_PE,D,20180110,000000,26.682,27.26,26.682,27.26,0,0
WPL_PE,D,20180111,000000,27.452,28.319,26.971,28.126,0,0
WPL_PE,D,20180112,000000,28.415,28.415,27.645,27.645,0,0
WPL_PE,D,20180115,000000,27.549,27.741,27.26,27.741,0,0
WPL_PE,D,20180116,000000,27.741,27.741,27.26,27.645,0,0
WPL_PE,D,20180117,000000,27.549,27.549,27.067,27.26,0,0
WPL_PE,D,20180118,000000,27.163,27.549,27.067,27.549,0,0
WPL_PE,D,20180119,000000,27.741,27.741,27.549,27.549,0,0
WPL_PE,D,20180122,000000,27.356,28.608,27.356,28.511,0,0
WPL_PE,D,20180123,000000,28.608,29.09,28.319,28.704,0,0
WPL_PE,D,20180124,000000,28.608,28.608,28.03,28.03,0,0
WPL_PE,D,20180125,000000,27.356,27.549,27.067,27.067,0,0
WPL_PE,D,20180126,000000,27.452,28.223,27.452,28.223,0,0
WPL_PE,D,20180129,000000,28.126,28.8,28.126,28.704,0,0
WPL_PE,D,20180130,000000,28.511,28.704,27.837,28.704,0,0
WPL_PE,D,20180131,000000,28.608,28.704,28.126,28.704,0,0
WPL_PE,D,20180201,000000,28.608,28.8,28.511,28.511,0,0
WPL_PE,D,20180202,000000,28.608,28.8,28.608,28.8,0,0
WPL_PE,D,20180205,000000,27.549,28.704,27.549,28.704,0,0
WPL_PE,D,20180206,000000,27.067,28.8,27.067,28.223,0,0
WPL_PE,D,20180207,000000,28.223,28.511,28.126,28.511,0,0
WPL_PE,D,20180208,000000,27.934,28.704,27.837,28.704,0,0
WPL_PE,D,20180209,000000,27.645,28.704,27.549,27.549,0,0
WPL_PE,D,20180212,000000,27.549,28.126,27.549,28.126,0,0
WPL_PE,D,20180213,000000,28.319,28.319,27.645,28.223,0,0
WPL_PE,D,20180214,000000,28.415,29.668,27.934,29.283,0,0
WPL_PE,D,20180215,000000,29.187,29.957,29.09,29.957,0,0
WPL_PE,D,20180216,000000,29.187,29.957,29.09,29.187,0,0
WPL_PE,D,20180219,000000,29.187,29.764,29.187,29.764,0,0
WPL_PE,D,20180220,000000,29.668,29.764,29.187,29.475,0,0
WPL_PE,D,20180221,000000,28.897,29.475,28.897,29.283,0,0
WPL_PE,D,20180222,000000,29.187,29.764,29.187,29.764,0,0
WPL_PE,D,20180223,000000,29.283,29.283,29.187,29.283,0,0
WPL_PE,D,20180226,000000,29.283,29.283,29.187,29.187,0,0
WPL_PE,D,20180227,000000,29.187,29.187,28.608,29.187,0,0
WPL_PE,D,20180228,000000,28.608,29.187,28.319,28.897,0,0
WPL_PE,D,20180301,000000,28.897,29.379,28.897,29.283,0,0
WPL_PE,D,20180302,000000,29.283,29.283,28.8,28.897,0,0
WPL_PE,D,20180305,000000,28.704,28.704,28.704,28.704,0,0
WPL_PE,D,20180306,000000,28.704,29.283,28.704,29.187,0,0
WPL_PE,D,20180307,000000,29.187,29.187,28.608,28.897,0,0
WPL_PE,D,20180308,000000,28.8,29.187,28.8,29.09,0,0
WPL_PE,D,20180309,000000,28.8,28.8,28.415,28.704,0,0
WPL_PE,D,20180312,000000,28.993,29.283,28.223,29.09,0,0
WPL_PE,D,20180313,000000,29.09,29.475,28.608,29.475,0,0
WPL_PE,D,20180314,000000,29.475,29.475,28.704,28.704,0,0
WPL_PE,D,20180315,000000,29.668,29.668,28.993,29.668,0,0
WPL_PE,D,20180316,000000,29.764,42.96,29.572,42.96,0,0
WPL_PE,D,20180319,000000,43.249,43.249,41.033,42.96,0,0
WPL_PE,D,20180320,000000,41.226,42.479,41.226,42.479,0,0
WPL_PE,D,20180321,000000,42.479,42.671,41.708,42.286,0,0
WPL_PE,D,20180322,000000,42.479,42.479,41.612,41.708,0,0
WPL_PE,D,20180323,000000,41.708,41.708,41.42,41.42,0,0
WPL_PE,D,20180326,000000,40.937,42.479,40.937,42.479,0,0
WPL_PE,D,20180327,000000,42.479,42.479,41.708,42.479,0,0
WPL_PE,D,20180328,000000,42.479,42.479,40.937,41.516,0,0
WPL_PE,D,20180329,000000,41.323,42.479,40.552,41.901,0,0
WPL_PE,D,20180403,000000,41.708,42.19,40.841,42.19,0,0
WPL_PE,D,20180404,000000,40.937,41.42,40.937,41.226,0,0
WPL_PE,D,20180405,000000,40.937,41.033,40.937,41.033,0,0
WPL_PE,D,20180406,000000,41.708,41.708,39.974,40.745,0,0
WPL_PE,D,20180409,000000,38.915,41.516,38.915,41.516,0,0
WPL_PE,D,20180410,000000,41.323,42.479,41.323,42.479,0,0
WPL_PE,D,20180411,000000,42.479,42.479,41.033,42.479,0,0
WPL_PE,D,20180412,000000,42.286,44.406,42.286,43.153,0,0
WPL_PE,D,20180413,000000,41.901,43.153,41.901,42.479,0,0
WPL_PE,D,20180416,000000,42.286,42.286,41.226,42.19,0,0
WPL_PE,D,20180417,000000,42.19,42.383,42.19,42.286,0,0
WPL_PE,D,20180418,000000,42.094,42.094,41.323,41.901,0,0
WPL_PE,D,20180419,000000,40.841,42.19,40.841,41.42,0,0
WPL_PE,D,20180420,000000,41.708,42.479,41.708,42.479,0,0
WPL_PE,D,20180423,000000,41.997,42.479,41.708,42.479,0,0
WPL_PE,D,20180424,000000,41.997,43.923,41.997,43.923,0,0
WPL_PE,D,20180425,000000,44.116,44.116,43.634,44.02,0,0
WPL_PE,D,20180426,000000,44.02,44.308,44.02,44.02,0,0
WPL_PE,D,20180427,000000,44.02,44.02,43.827,43.923,0,0
WPL_PE,D,20180430,000000,44.116,44.212,41.708,41.708,0,0
WPL_PE,D,20180502,000000,42.768,43.249,42.19,42.671,0,0
WPL_PE,D,20180504,000000,42.96,43.153,42.383,43.153,0,0
WPL_PE,D,20180507,000000,42.96,43.345,42.671,43.249,0,0
WPL_PE,D,20180508,000000,43.249,44.02,42.768,44.02,0,0
WPL_PE,D,20180509,000000,44.02,44.02,43.731,44.02,0,0
WPL_PE,D,20180510,000000,44.02,44.02,42.96,44.02,0,0
WPL_PE,D,20180511,000000,44.02,44.02,43.345,44.02,0,0
WPL_PE,D,20180514,000000,44.02,44.02,43.249,44.02,0,0
WPL_PE,D,20180515,000000,44.02,44.02,43.538,44.02,0,0
WPL_PE,D,20180516,000000,44.212,44.502,44.02,44.502,0,0
WPL_PE,D,20180517,000000,44.502,44.502,43.442,44.406,0,0
WPL_PE,D,20180518,000000,43.731,44.116,43.731,43.923,0,0
WPL_PE,D,20180521,000000,44.406,44.598,43.442,44.502,0,0
WPL_PE,D,20180522,000000,44.695,44.791,38.047,38.047,0,0
WPL_PE,D,20180523,000000,38.047,38.047,36.988,37.373,0,0
WPL_PE,D,20180524,000000,37.47,37.662,36.314,36.699,0,0
WPL_PE,D,20180525,000000,36.699,36.699,35.64,36.699,0,0
WPL_PE,D,20180528,000000,36.699,37.662,36.122,37.662,0,0
WPL_PE,D,20180529,000000,37.566,37.566,36.314,36.603,0,0
WPL_PE,D,20180530,000000,36.603,36.988,36.025,36.699,0,0
WPL_PE,D,20180601,000000,35.64,37.373,35.64,37.084,0,0
WPL_PE,D,20180604,000000,36.699,36.796,36.314,36.699,0,0
WPL_PE,D,20180605,000000,36.699,36.699,36.025,36.41,0,0
WPL_PE,D,20180606,000000,35.736,35.736,35.736,35.736,0,0
WPL_PE,D,20180607,000000,35.736,37.277,35.061,37.277,0,0
WPL_PE,D,20180608,000000,36.314,36.314,36.314,36.314,0,0
WPL_PE,D,20180611,000000,36.218,37.277,36.218,36.699,0,0
WPL_PE,D,20180612,000000,36.699,36.988,36.41,36.41,0,0
WPL_PE,D,20180613,000000,36.122,36.699,36.025,36.025,0,0
WPL_PE,D,20180614,000000,36.025,36.41,35.351,35.447,0,0
WPL_PE,D,20180615,000000,35.351,35.833,35.351,35.833,0,0
WPL_PE,D,20180618,000000,35.736,35.736,35.255,35.351,0,0
WPL_PE,D,20180619,000000,34.965,35.351,34.002,35.351,0,0
WPL_PE,D,20180620,000000,35.255,35.255,34.098,34.098,0,0
WPL_PE,D,20180621,000000,34.002,35.64,34.002,34.676,0,0
WPL_PE,D,20180622,000000,34.676,34.676,34.002,34.002,0,0
WPL_PE,D,20180625,000000,33.81,34.676,32.654,34.676,0,0
WPL_PE,D,20180626,000000,34.676,34.676,34.676,34.676,0,0
WPL_PE,D,20180627,000000,34.002,34.098,33.617,33.617,0,0
WPL_PE,D,20180628,000000,33.906,33.906,33.232,33.328,0,0
WPL_PE,D,20180629,000000,33.328,34.58,33.328,34.58,0,0
WPL_PE,D,20180702,000000,34.291,34.484,34.002,34.484,0,0
WPL_PE,D,20180703,000000,34.195,34.195,34.002,34.002,0,0
WPL_PE,D,20180704,000000,34.58,34.58,34.387,34.484,0,0
WPL_PE,D,20180705,000000,34.098,34.58,34.098,34.58,0,0
WPL_PE,D,20180706,000000,34.195,34.58,34.002,34.58,0,0
WPL_PE,D,20180709,000000,34.685,38.222,34.685,35.275,0,0
WPL_PE,D,20180710,000000,35.275,35.275,34.685,34.685,0,0
WPL_PE,D,20180711,000000,33.997,34.98,33.506,34.685,0,0
WPL_PE,D,20180712,000000,34.783,35.176,34.783,35.176,0,0
WPL_PE,D,20180713,000000,35.078,35.078,34.489,34.98,0,0
WPL_PE,D,20180716,000000,34.194,34.98,34.194,34.98,0,0
WPL_PE,D,20180717,000000,34.685,34.685,34.095,34.685,0,0
WPL_PE,D,20180718,000000,34.095,34.685,34.095,34.685,0,0
WPL_PE,D,20180719,000000,34.292,34.292,34.194,34.194,0,0
WPL_PE,D,20180720,000000,34.095,34.292,33.899,33.899,0,0
WPL_PE,D,20180723,000000,33.801,35.176,33.309,33.309,0,0
WPL_PE,D,20180724,000000,34.194,34.194,33.309,33.309,0,0
WPL_PE,D,20180725,000000,33.309,33.309,33.309,33.309,0,0
WPL_PE,D,20180726,000000,33.408,33.408,33.113,33.113,0,0
WPL_PE,D,20180727,000000,33.113,33.702,33.113,33.506,0,0
WPL_PE,D,20180730,000000,33.702,33.702,33.309,33.309,0,0
WPL_PE,D,20180731,000000,33.408,33.899,32.818,33.899,0,0
WPL_PE,D,20180801,000000,33.801,33.997,33.113,33.997,0,0
WPL_PE,D,20180802,000000,33.997,33.997,33.309,33.997,0,0
WPL_PE,D,20180803,000000,34.587,34.587,33.408,33.408,0,0
WPL_PE,D,20180806,000000,33.506,33.506,33.309,33.309,0,0
WPL_PE,D,20180807,000000,33.702,33.899,33.015,33.015,0,0
WPL_PE,D,20180808,000000,33.702,33.702,33.113,33.408,0,0
WPL_PE,D,20180810,000000,33.899,33.899,33.015,33.309,0,0
WPL_PE,D,20180813,000000,32.916,33.309,32.916,33.309,0,0
WPL_PE,D,20180814,000000,33.309,33.309,33.309,33.309,0,0
WPL_PE,D,20180816,000000,32.916,33.604,32.916,33.604,0,0
WPL_PE,D,20180817,000000,33.604,33.604,33.604,33.604,0,0
WPL_PE,D,20180820,000000,33.899,33.899,33.211,33.211,0,0
WPL_PE,D,20180821,000000,33.899,34.292,33.604,34.194,0,0
WPL_PE,D,20180822,000000,33.801,35.275,33.801,35.275,0,0
WPL_PE,D,20180823,000000,34.489,35.275,34.489,35.275,0,0
WPL_PE,D,20180824,000000,35.275,36.847,35.275,36.748,0,0
WPL_PE,D,20180827,000000,36.748,36.748,36.748,36.748,0,0
WPL_PE,D,20180828,000000,36.748,38.615,36.748,38.615,0,0
WPL_PE,D,20180829,000000,36.945,39.598,36.945,39.598,0,0
WPL_PE,D,20180830,000000,39.598,39.598,37.633,38.91,0,0
WPL_PE,D,20180831,000000,37.338,39.598,37.338,39.598,0,0
WPL_PE,D,20180903,000000,39.598,39.598,37.928,38.222,0,0
WPL_PE,D,20180904,000000,37.829,38.222,35.373,35.373,0,0
WPL_PE,D,20180905,000000,35.373,36.061,33.997,34.685,0,0
WPL_PE,D,20180906,000000,34.587,34.587,32.622,34.489,0,0
WPL_PE,D,20180907,000000,34.095,34.685,30.165,30.165,0,0
WPL_PE,D,20180910,000000,30.165,31.443,29.281,31.443,0,0
WPL_PE,D,20180911,000000,30.263,31.836,30.263,31.836,0,0
WPL_PE,D,20180912,000000,32.523,32.523,31.836,32.032,0,0
WPL_PE,D,20180913,000000,31.934,31.934,31.934,31.934,0,0
WPL_PE,D,20180914,000000,31.246,32.523,31.246,31.737,0,0
WPL_PE,D,20180917,000000,31.737,31.737,31.737,31.737,0,0
WPL_PE,D,20180918,000000,31.541,31.541,30.755,30.853,0,0
WPL_PE,D,20180919,000000,30.853,32.622,29.969,30.656,0,0
WPL_PE,D,20180920,000000,29.969,30.755,29.969,30.263,0,0
WPL_PE,D,20180921,000000,30.165,30.46,29.969,30.263,0,0
WPL_PE,D,20180924,000000,29.379,31.639,29.379,30.656,0,0
WPL_PE,D,20180925,000000,30.853,30.853,30.656,30.656,0,0
WPL_PE,D,20180926,000000,30.656,30.755,30.263,30.755,0,0
WPL_PE,D,20180927,000000,30.558,30.951,30.558,30.951,0,0
WPL_PE,D,20180928,000000,30.951,31.344,30.558,31.246,0,0
WPL_PE,D,20181001,000000,31.148,31.737,31.148,31.246,0,0
WPL_PE,D,20181002,000000,31.246,31.541,31.246,31.541,0,0
WPL_PE,D,20181003,000000,31.344,31.344,30.656,30.951,0,0
WPL_PE,D,20181004,000000,31.344,31.541,30.951,31.541,0,0
WPL_PE,D,20181005,000000,31.148,31.344,31.148,31.246,0,0
WPL_PE,D,20181008,000000,31.246,31.246,30.558,30.951,0,0
WPL_PE,D,20181009,000000,31.344,31.344,30.46,30.46,0,0
WPL_PE,D,20181010,000000,30.853,30.853,30.558,30.558,0,0
WPL_PE,D,20181011,000000,30.558,30.951,30.46,30.46,0,0
WPL_PE,D,20181012,000000,30.951,30.951,30.46,30.951,0,0
WPL_PE,D,20181015,000000,30.951,31.443,30.165,31.344,0,0
WPL_PE,D,20181016,000000,31.344,32.229,30.755,31.541,0,0
WPL_PE,D,20181017,000000,32.72,32.72,31.148,31.541,0,0
WPL_PE,D,20181018,000000,31.541,32.425,31.049,31.541,0,0
WPL_PE,D,20181019,000000,31.344,32.72,31.148,32.72,0,0
WPL_PE,D,20181022,000000,32.523,32.72,32.13,32.13,0,0
WPL_PE,D,20181023,000000,31.934,31.934,30.951,30.951,0,0
WPL_PE,D,20181024,000000,30.951,32.818,30.46,30.46,0,0
WPL_PE,D,20181025,000000,30.46,30.951,30.362,30.951,0,0
WPL_PE,D,20181026,000000,30.46,31.148,30.46,31.148,0,0
WPL_PE,D,20181029,000000,30.755,31.148,30.067,30.263,0,0
WPL_PE,D,20181030,000000,30.165,31.639,30.165,30.755,0,0
WPL_PE,D,20181031,000000,30.362,31.934,30.067,31.541,0,0
WPL_PE,D,20181102,000000,31.541,32.13,31.541,32.13,0,0
WPL_PE,D,20181105,000000,32.327,32.327,31.639,32.327,0,0
WPL_PE,D,20181106,000000,31.737,32.327,31.344,32.327,0,0
WPL_PE,D,20181107,000000,32.13,32.523,31.836,32.523,0,0
WPL_PE,D,20181108,000000,32.72,33.113,31.836,32.523,0,0
WPL_PE,D,20181109,000000,32.327,32.72,32.13,32.72,0,0
WPL_PE,D,20181113,000000,32.72,32.72,27.119,27.119,0,0
WPL_PE,D,20181114,000000,27.119,27.414,26.923,27.119,0,0
WPL_PE,D,20181115,000000,27.119,27.119,26.923,27.119,0,0
WPL_PE,D,20181116,000000,27.119,27.119,26.431,26.53,0,0
WPL_PE,D,20181119,000000,26.53,26.53,25.645,25.94,0,0
WPL_PE,D,20181120,000000,25.744,25.744,25.252,25.547,0,0
WPL_PE,D,20181121,000000,25.547,25.547,25.449,25.547,0,0
WPL_PE,D,20181122,000000,25.645,25.744,25.154,25.547,0,0
WPL_PE,D,20181123,000000,25.547,25.547,25.252,25.547,0,0
WPL_PE,D,20181126,000000,25.351,25.547,25.351,25.547,0,0
WPL_PE,D,20181127,000000,25.547,25.547,25.547,25.547,0,0
WPL_PE,D,20181128,000000,25.547,25.547,25.351,25.547,0,0
WPL_PE,D,20181129,000000,25.547,25.744,25.449,25.547,0,0
WPL_PE,D,20181130,000000,26.137,26.53,25.351,25.351,0,0
WPL_PE,D,20181203,000000,25.449,26.235,25.449,26.137,0,0
WPL_PE,D,20181204,000000,26.53,26.628,26.431,26.628,0,0
WPL_PE,D,20181205,000000,26.431,27.119,26.431,27.119,0,0
WPL_PE,D,20181206,000000,26.628,26.628,26.333,26.53,0,0
WPL_PE,D,20181207,000000,26.53,26.53,25.842,25.842,0,0
WPL_PE,D,20181210,000000,26.235,26.726,25.645,25.94,0,0
WPL_PE,D,20181211,000000,26.038,26.628,25.547,26.628,0,0
WPL_PE,D,20181212,000000,27.021,27.021,26.137,26.333,0,0
WPL_PE,D,20181213,000000,26.53,27.414,26.53,27.119,0,0
WPL_PE,D,20181214,000000,27.316,27.316,26.726,27.021,0,0
WPL_PE,D,20181217,000000,27.316,27.316,26.431,26.53,0,0
WPL_PE,D,20181218,000000,26.53,26.53,26.038,26.235,0,0
WPL_PE,D,20181219,000000,26.333,26.53,26.038,26.53,0,0
WPL_PE,D,20181220,000000,26.53,26.53,25.842,26.235,0,0
WPL_PE,D,20181221,000000,26.431,26.431,26.038,26.137,0,0
WPL_PE,D,20181227,000000,26.53,27.119,26.038,27.119,0,0
WPL_PE,D,20181228,000000,27.414,27.414,26.628,27.021,0,0
WPL_PE,D,20190102,000000,27.414,27.414,26.431,27.021,0,0
WPL_PE,D,20190103,000000,27.119,27.61,26.824,27.316,0,0
WPL_PE,D,20190104,000000,27.119,27.414,27.119,27.119,0,0
WPL_PE,D,20190107,000000,27.119,27.512,27.021,27.217,0,0
WPL_PE,D,20190108,000000,27.217,27.316,27.119,27.316,0,0
WPL_PE,D,20190109,000000,27.217,27.316,27.119,27.316,0,0
WPL_PE,D,20190110,000000,27.316,27.414,27.119,27.414,0,0
WPL_PE,D,20190111,000000,27.414,27.414,27.021,27.217,0,0
WPL_PE,D,20190114,000000,27.61,27.61,27.217,27.217,0,0
WPL_PE,D,20190115,000000,27.414,27.414,27.119,27.414,0,0
WPL_PE,D,20190116,000000,27.414,28.102,27.119,28.102,0,0
WPL_PE,D,20190117,000000,28.003,28.003,27.512,27.512,0,0
WPL_PE,D,20190118,000000,27.709,28.003,27.709,28.003,0,0
WPL_PE,D,20190121,000000,27.905,28.003,27.905,28.003,0,0
WPL_PE,D,20190122,000000,27.905,28.102,27.905,28.003,0,0
WPL_PE,D,20190123,000000,28.003,28.986,28.003,28.298,0,0
WPL_PE,D,20190124,000000,28.2,29.674,28.2,29.674,0,0
WPL_PE,D,20190125,000000,29.674,29.674,29.477,29.674,0,0
WPL_PE,D,20190128,000000,29.87,29.87,29.379,29.674,0,0
WPL_PE,D,20190129,000000,29.576,29.772,29.379,29.674,0,0
WPL_PE,D,20190130,000000,29.281,29.576,28.79,28.888,0,0
WPL_PE,D,20190131,000000,28.888,29.87,28.888,29.87,0,0
WPL_PE,D,20190201,000000,29.87,30.165,29.772,30.165,0,0
WPL_PE,D,20190204,000000,30.165,30.165,29.87,30.165,0,0
WPL_PE,D,20190205,000000,29.674,30.362,29.674,30.362,0,0
WPL_PE,D,20190206,000000,29.674,30.755,29.674,30.656,0,0
WPL_PE,D,20190207,000000,30.755,30.755,29.576,29.576,0,0
WPL_PE,D,20190208,000000,29.969,30.263,29.576,30.165,0,0
WPL_PE,D,20190211,000000,30.46,30.558,29.87,29.87,0,0
WPL_PE,D,20190212,000000,30.165,30.165,29.576,29.674,0,0
WPL_PE,D,20190213,000000,29.576,29.87,28.888,28.986,0,0
WPL_PE,D,20190214,000000,29.576,29.576,28.79,28.79,0,0
WPL_PE,D,20190215,000000,28.593,29.477,28.298,29.281,0,0
WPL_PE,D,20190218,000000,30.165,30.165,29.183,29.477,0,0
WPL_PE,D,20190219,000000,29.477,29.477,29.281,29.281,0,0
WPL_PE,D,20190220,000000,29.183,29.477,28.298,29.477,0,0
WPL_PE,D,20190221,000000,28.79,29.772,28.79,29.772,0,0
WPL_PE,D,20190222,000000,30.165,30.165,29.183,30.165,0,0
WPL_PE,D,20190225,000000,30.067,30.165,29.183,29.379,0,0
WPL_PE,D,20190226,000000,29.576,29.576,28.691,28.691,0,0
WPL_PE,D,20190227,000000,28.79,28.986,28.593,28.593,0,0
WPL_PE,D,20190228,000000,28.888,28.888,28.495,28.495,0,0
WPL_PE,D,20190301,000000,28.593,28.593,28.298,28.397,0,0
WPL_PE,D,20190304,000000,28.102,28.298,27.807,28.298,0,0
WPL_PE,D,20190305,000000,28.397,28.397,28.298,28.298,0,0
WPL_PE,D,20190306,000000,28.495,28.593,28.495,28.495,0,0
WPL_PE,D,20190307,000000,28.593,28.593,28.495,28.495,0,0
WPL_PE,D,20190308,000000,28.495,28.495,28.298,28.397,0,0
WPL_PE,D,20190311,000000,28.986,28.986,28.2,28.397,0,0
WPL_PE,D,20190312,000000,28.888,28.888,28.397,28.593,0,0
WPL_PE,D,20190313,000000,28.79,29.674,28.495,29.674,0,0
WPL_PE,D,20190314,000000,29.281,29.281,28.79,29.084,0,0
WPL_PE,D,20190315,000000,29.477,29.477,28.79,29.183,0,0
WPL_PE,D,20190318,000000,29.183,29.281,28.691,28.888,0,0
WPL_PE,D,20190319,000000,28.888,29.281,28.888,29.183,0,0
WPL_PE,D,20190320,000000,29.084,29.674,29.084,29.674,0,0
WPL_PE,D,20190321,000000,29.576,30.951,29.576,30.362,0,0
WPL_PE,D,20190322,000000,30.362,30.656,30.165,30.165,0,0
WPL_PE,D,20190325,000000,30.165,30.165,29.772,30.165,0,0
WPL_PE,D,20190326,000000,29.674,29.772,22.305,22.305,0,0
WPL_PE,D,20190327,000000,22.108,22.599,22.108,22.599,0,0
WPL_PE,D,20190328,000000,22.796,22.796,22.108,22.108,0,0
WPL_PE,D,20190329,000000,22.599,22.599,22.108,22.599,0,0
WPL_PE,D,20190401,000000,22.992,22.992,22.108,22.305,0,0
WPL_PE,D,20190402,000000,22.992,22.992,22.403,22.992,0,0
WPL_PE,D,20190403,000000,22.992,22.992,22.796,22.992,0,0
WPL_PE,D,20190404,000000,22.894,23.091,22.698,22.992,0,0
WPL_PE,D,20190405,000000,22.992,23.091,22.698,23.091,0,0
WPL_PE,D,20190408,000000,22.992,23.091,22.796,22.796,0,0
WPL_PE,D,20190409,000000,22.894,22.992,22.501,22.894,0,0
WPL_PE,D,20190410,000000,22.992,23.091,22.698,22.894,0,0
WPL_PE,D,20190411,000000,22.796,23.385,22.796,23.287,0,0
WPL_PE,D,20190412,000000,23.091,23.484,23.091,23.091,0,0
WPL_PE,D,20190415,000000,23.287,23.287,22.894,22.992,0,0
WPL_PE,D,20190416,000000,23.484,23.484,23.091,23.091,0,0
WPL_PE,D,20190417,000000,23.091,23.091,22.894,22.992,0,0
WPL_PE,D,20190418,000000,22.698,22.698,22.305,22.599,0,0
WPL_PE,D,20190423,000000,22.305,22.992,22.305,22.992,0,0
WPL_PE,D,20190424,000000,22.992,22.992,22.403,22.403,0,0
WPL_PE,D,20190425,000000,22.698,22.992,22.698,22.992,0,0
WPL_PE,D,20190426,000000,22.501,22.992,22.501,22.796,0,0
WPL_PE,D,20190429,000000,22.698,23.091,22.599,22.796,0,0
WPL_PE,D,20190430,000000,22.698,23.091,22.599,23.091,0,0
WPL_PE,D,20190502,000000,22.698,23.091,22.698,22.796,0,0
WPL_PE,D,20190506,000000,22.992,22.992,22.108,22.305,0,0
WPL_PE,D,20190507,000000,22.305,22.796,22.305,22.403,0,0
WPL_PE,D,20190508,000000,22.305,22.403,22.206,22.206,0,0
WPL_PE,D,20190509,000000,22.206,22.305,22.206,22.305,0,0
WPL_PE,D,20190510,000000,22.108,22.501,22.108,22.501,0,0
WPL_PE,D,20190513,000000,22.403,22.501,22.305,22.305,0,0
WPL_PE,D,20190514,000000,22.108,23.582,22.108,22.305,0,0
WPL_PE,D,20190515,000000,22.403,23.189,22.305,22.599,0,0
WPL_PE,D,20190516,000000,22.599,22.796,22.599,22.599,0,0
WPL_PE,D,20190517,000000,22.599,22.599,22.01,22.305,0,0
WPL_PE,D,20190520,000000,22.108,22.108,19.75,19.75,0,0
WPL_PE,D,20190521,000000,19.75,20.045,19.455,19.455,0,0
WPL_PE,D,20190522,000000,19.848,19.848,19.652,19.75,0,0
WPL_PE,D,20190523,000000,19.652,19.946,19.652,19.75,0,0
WPL_PE,D,20190524,000000,19.75,19.946,19.652,19.75,0,0
WPL_PE,D,20190527,000000,19.848,20.339,19.848,20.339,0,0
WPL_PE,D,20190528,000000,20.045,20.536,20.045,20.339,0,0
WPL_PE,D,20190529,000000,20.143,20.143,19.848,19.848,0,0
WPL_PE,D,20190530,000000,20.045,20.143,19.946,20.045,0,0
WPL_PE,D,20190531,000000,20.045,20.438,19.848,20.339,0,0
WPL_PE,D,20190603,000000,20.339,20.634,20.241,20.438,0,0
WPL_PE,D,20190604,000000,20.634,20.634,20.339,20.339,0,0
WPL_PE,D,20190605,000000,20.045,20.438,20.045,20.241,0,0
WPL_PE,D,20190606,000000,20.5,21.5,20.5,21.4,0,0
WPL_PE,D,20190607,000000,20.8,21.5,20.8,21.2,0,0
WPL_PE,D,20190610,000000,21.4,21.6,21,21.6,0,0
WPL_PE,D,20190611,000000,21.5,21.7,21.5,21.5,0,0
WPL_PE,D,20190612,000000,21.4,21.4,21.1,21.2,0,0
WPL_PE,D,20190613,000000,21.3,22.6,21.2,22.3,0,0
WPL_PE,D,20190614,000000,22.3,22.6,22.3,22.4,0,0
WPL_PE,D,20190617,000000,22.5,22.6,22.3,22.3,0,0
WPL_PE,D,20190618,000000,22.3,22.5,21.7,22.4,0,0
WPL_PE,D,20190619,000000,22.4,22.6,22.2,22.2,0,0
WPL_PE,D,20190621,000000,22.2,22.6,22.2,22.6,0,0
WPL_PE,D,20190624,000000,22.6,22.7,22.3,22.5,0,0
WPL_PE,D,20190625,000000,22.6,22.6,22,22.4,0,0
WPL_PE,D,20190626,000000,22.4,22.8,22.2,22.4,0,0
WPL_PE,D,20190627,000000,22.4,22.7,22.4,22.7,0,0
WPL_PE,D,20190628,000000,22.5,22.5,22.3,22.5,0,0
WPL_PE,D,20190701,000000,22.9,22.9,21.4,21.5,0,0
WPL_PE,D,20190702,000000,22.4,22.6,21.9,21.9,0,0
WPL_PE,D,20190703,000000,21.9,22.5,21.9,22.2,0,0
WPL_PE,D,20190704,000000,22.3,22.6,21.9,22.2,0,0
WPL_PE,D,20190705,000000,22.2,22.6,22.2,22.6,0,0
WPL_PE,D,20190708,000000,22.7,22.8,22.3,22.7,0,0
WPL_PE,D,20190709,000000,22.6,22.6,22.4,22.4,0,0
WPL_PE,D,20190710,000000,22.4,22.8,22.4,22.8,0,0
WPL_PE,D,20190711,000000,22.5,22.5,21.9,21.9,0,0
WPL_PE,D,20190712,000000,21.9,22.5,21.6,21.7,0,0
WPL_PE,D,20190715,000000,21.6,21.8,21.5,21.6,0,0
WPL_PE,D,20190716,000000,21.7,21.8,21.5,21.5,0,0
WPL_PE,D,20190717,000000,21.6,21.8,21.4,21.4,0,0
WPL_PE,D,20190718,000000,21.3,21.8,21.3,21.5,0,0
WPL_PE,D,20190719,000000,21.9,21.9,21.5,21.5,0,0
WPL_PE,D,20190722,000000,21.4,22,21.4,21.9,0,0
WPL_PE,D,20190723,000000,21.9,21.9,21.8,21.9,0,0
WPL_PE,D,20190724,000000,21.9,22.2,21.9,22.2,0,0
WPL_PE,D,20190725,000000,21.8,22.2,21.8,22.2,0,0
WPL_PE,D,20190726,000000,22.1,22.6,22.1,22.2,0,0
WPL_PE,D,20190729,000000,22.5,22.5,22.2,22.4,0,0
WPL_PE,D,20190730,000000,22.4,22.5,22.2,22.5,0,0
WPL_PE,D,20190731,000000,22.4,22.8,22.3,22.4,0,0
WPL_PE,D,20190801,000000,22.8,22.8,22.2,22.2,0,0
WPL_PE,D,20190802,000000,22.2,22.5,22.2,22.2,0,0
WPL_PE,D,20190805,000000,22.4,22.4,22.2,22.3,0,0
WPL_PE,D,20190806,000000,22.2,22.6,22.2,22.2,0,0
WPL_PE,D,20190807,000000,22.2,22.4,21.9,22.4,0,0
WPL_PE,D,20190808,000000,22.4,22.5,21.8,22.2,0,0
WPL_PE,D,20190809,000000,22.3,22.6,21.3,21.5,0,0
WPL_PE,D,20190812,000000,21.5,22.2,21.3,22.2,0,0
WPL_PE,D,20190813,000000,22.2,22.6,21.8,22.5,0,0
WPL_PE,D,20190814,000000,22.2,22.3,21.9,21.9,0,0
WPL_PE,D,20190816,000000,21.9,22.8,21.9,22.2,0,0
WPL_PE,D,20190819,000000,22.6,22.6,21.9,22.2,0,0
WPL_PE,D,20190820,000000,22.1,22.6,22.1,22.6,0,0
WPL_PE,D,20190821,000000,22.5,22.6,22.2,22.2,0,0
WPL_PE,D,20190822,000000,22.3,22.3,21.6,21.6,0,0
WPL_PE,D,20190823,000000,22.5,22.5,21.5,21.5,0,0
WPL_PE,D,20190826,000000,21.1,22.1,21.1,21.7,0,0
WPL_PE,D,20190827,000000,21.8,24.5,21.2,24.5,0,0
WPL_PE,D,20190828,000000,25,25.2,24.5,24.5,0,0
WPL_PE,D,20190829,000000,24.7,25.1,24.6,25.1,0,0
WPL_PE,D,20190830,000000,25.2,25.6,25.1,25.3,0,0
WPL_PE,D,20190902,000000,25.3,25.5,25.3,25.4,0,0
WPL_PE,D,20190903,000000,25.2,25.6,25.2,25.4,0,0
WPL_PE,D,20190904,000000,25.5,26.3,25.5,25.9,0,0
WPL_PE,D,20190905,000000,25.9,26.1,25.8,26.1,0,0
WPL_PE,D,20190906,000000,26.1,26.1,25.5,25.5,0,0
WPL_PE,D,20190909,000000,25.5,26.2,25.5,25.7,0,0
WPL_PE,D,20190910,000000,26,26.1,25.5,25.7,0,0
WPL_PE,D,20190911,000000,25.1,25.9,25.1,25.6,0,0
WPL_PE,D,20190912,000000,25.8,26.1,25.8,26.1,0,0
WPL_PE,D,20190913,000000,25.7,26.1,25.5,26.1,0,0
WPL_PE,D,20190916,000000,26.1,26.4,25.9,26.4,0,0
WPL_PE,D,20190917,000000,26.4,26.4,26.2,26.3,0,0
WPL_PE,D,20190918,000000,26.5,27.1,26.4,26.9,0,0
WPL_PE,D,20190919,000000,27.1,27.3,26.8,27.3,0,0
WPL_PE,D,20190920,000000,27.3,27.3,26.9,27.3,0,0
WPL_PE,D,20190923,000000,27.3,27.3,27.1,27.3,0,0
WPL_PE,D,20190924,000000,27.3,27.3,27,27.3,0,0
WPL_PE,D,20190925,000000,27,27.3,27,27.3,0,0
WPL_PE,D,20190926,000000,27.2,27.4,27.1,27.3,0,0
WPL_PE,D,20190927,000000,27.4,27.5,27.2,27.3,0,0
WPL_PE,D,20190930,000000,27.5,27.8,27.5,27.8,0,0
WPL_PE,D,20191001,000000,28.6,28.6,27.1,27.7,0,0
WPL_PE,D,20191002,000000,27.7,27.7,26.8,26.9,0,0
WPL_PE,D,20191003,000000,26.9,27.6,26.7,27.4,0,0
WPL_PE,D,20191004,000000,27.4,27.8,27.2,27.8,0,0
WPL_PE,D,20191007,000000,28.2,28.2,27.2,27.8,0,0
WPL_PE,D,20191008,000000,28,28,27.1,27.4,0,0
WPL_PE,D,20191009,000000,27.5,27.5,26.9,26.9,0,0
WPL_PE,D,20191010,000000,27.3,27.3,27.3,27.3,0,0
WPL_PE,D,20191011,000000,27.3,27.5,27.2,27.3,0,0
WPL_PE,D,20191014,000000,27,27.3,26.9,27.3,0,0
WPL_PE,D,20191015,000000,28.5,28.5,27,27.8,0,0
WPL_PE,D,20191016,000000,28.4,28.4,27.6,27.8,0,0
WPL_PE,D,20191017,000000,27.1,27.8,27.1,27.4,0,0
WPL_PE,D,20191018,000000,27.6,27.6,26.9,26.9,0,0
WPL_PE,D,20191021,000000,27.1,27.3,26.6,26.9,0,0
WPL_PE,D,20191022,000000,27.2,27.2,26.2,26.8,0,0
WPL_PE,D,20191023,000000,27.2,27.2,26.5,26.5,0,0
WPL_PE,D,20191024,000000,26.5,26.5,26,26.4,0,0
WPL_PE,D,20191025,000000,26.3,26.3,25.7,26.1,0,0
WPL_PE,D,20191028,000000,25.6,26.5,25.6,26.5,0,0
WPL_PE,D,20191029,000000,27.3,27.3,26.4,26.8,0,0
WPL_PE,D,20191030,000000,26.6,26.9,26.3,26.3,0,0
WPL_PE,D,20191031,000000,26.7,26.7,26.1,26.6,0,0
WPL_PE,D,20191104,000000,26.3,28,26.3,26.9,0,0
WPL_PE,D,20191105,000000,26.7,27.2,26.7,27,0,0
WPL_PE,D,20191106,000000,26.6,27,26.5,26.5,0,0
WPL_PE,D,20191107,000000,26.5,27,26.5,26.8,0,0
WPL_PE,D,20191108,000000,26.8,26.8,26.6,26.6,0,0
WPL_PE,D,20191112,000000,26.5,27.1,26.5,27.1,0,0
WPL_PE,D,20191113,000000,27.3,27.3,26.5,27.2,0,0
WPL_PE,D,20191114,000000,27.2,27.2,26.4,27,0,0
WPL_PE,D,20191115,000000,26.7,27.3,26.7,27.3,0,0
WPL_PE,D,20191118,000000,27.8,28.2,26.6,28.2,0,0
WPL_PE,D,20191119,000000,27.5,28.8,27.5,28.8,0,0
WPL_PE,D,20191120,000000,28.8,28.8,27.8,28.3,0,0
WPL_PE,D,20191121,000000,28,28,27.5,28,0,0
WPL_PE,D,20191122,000000,28,28.5,27.7,27.9,0,0
WPL_PE,D,20191125,000000,28,28.6,28,28.5,0,0
WPL_PE,D,20191126,000000,28.3,28.8,28.2,28.8,0,0
WPL_PE,D,20191127,000000,28.5,29.1,28.5,29.1,0,0
WPL_PE,D,20191128,000000,29.1,29.1,28.6,29,0,0
WPL_PE,D,20191129,000000,28.7,28.9,28.6,28.8,0,0
WPL_PE,D,20191202,000000,29,29,28.6,28.9,0,0
WPL_PE,D,20191203,000000,29,29,28.1,28.5,0,0
WPL_PE,D,20191204,000000,28.5,28.8,28.5,28.7,0,0
WPL_PE,D,20191205,000000,28.5,29,28.3,28.8,0,0
WPL_PE,D,20191206,000000,28.7,28.7,28.4,28.7,0,0
WPL_PE,D,20191209,000000,28.4,28.7,28.4,28.6,0,0
WPL_PE,D,20191210,000000,28.7,29,27.9,28.3,0,0
WPL_PE,D,20191211,000000,28.9,28.9,28,28.2,0,0
WPL_PE,D,20191212,000000,28.2,29,27.9,27.9,0,0
WPL_PE,D,20191213,000000,27.9,28.2,27.7,28.2,0,0
WPL_PE,D,20191216,000000,28.2,29.5,28.2,28.9,0,0
WPL_PE,D,20191217,000000,29,29,28.6,28.7,0,0
WPL_PE,D,20191218,000000,29,29.5,28.7,29.1,0,0
WPL_PE,D,20191219,000000,29.1,29.2,28.2,28.2,0,0
WPL_PE,D,20191220,000000,28.6,29.7,28.4,29.3,0,0
WPL_PE,D,20191223,000000,29.2,29.2,29,29,0,0
WPL_PE,D,20191227,000000,29.4,29.4,29,29.3,0,0
WPL_PE,D,20191230,000000,29,29.4,29,29.3,0,0
WPL_PE,D,20200102,000000,29.4,30,29,29.6,0,0
WPL_PE,D,20200103,000000,29.9,30,29.2,29.8,0,0
WPL_PE,D,20200107,000000,29.8,32.7,29.8,32.4,0,0
WPL_PE,D,20200108,000000,34.1,34.1,32.6,32.6,0,0
WPL_PE,D,20200109,000000,34,34,31.2,31.2,0,0
WPL_PE,D,20200110,000000,31.1,31.5,30.2,31.1,0,0
WPL_PE,D,20200113,000000,31.1,32.1,31.1,31.5,0,0
WPL_PE,D,20200114,000000,31.5,32.9,31.5,32.6,0,0
WPL_PE,D,20200115,000000,32.7,33.6,32.5,32.9,0,0
WPL_PE,D,20200116,000000,32.7,33.2,32.2,32.8,0,0
WPL_PE,D,20200117,000000,32.8,33.1,32.4,32.5,0,0
WPL_PE,D,20200120,000000,32.9,32.9,31.9,32.5,0,0
WPL_PE,D,20200121,000000,32.2,32.8,32.2,32.4,0,0
WPL_PE,D,20200122,000000,32.6,33,32.5,32.8,0,0
WPL_PE,D,20200123,000000,33.6,33.7,33.2,33.6,0,0
WPL_PE,D,20200124,000000,33.8,34.6,33.3,34.6,0,0
WPL_PE,D,20200127,000000,34.9,34.9,33.8,34.1,0,0
WPL_PE,D,20200128,000000,34.1,34.4,33.3,33.8,0,0
WPL_PE,D,20200129,000000,34.1,34.1,33.2,33.4,0,0
WPL_PE,D,20200130,000000,33.4,34.5,33.2,33.5,0,0
WPL_PE,D,20200131,000000,33.3,34.3,33.3,34.1,0,0
WPL_PE,D,20200203,000000,33.9,34.4,33.6,34.3,0,0
WPL_PE,D,20200204,000000,34.6,34.6,34.4,34.6,0,0
WPL_PE,D,20200205,000000,34.6,37,34.5,36.3,0,0
WPL_PE,D,20200206,000000,37.4,37.4,35.7,35.8,0,0
WPL_PE,D,20200207,000000,35.8,36,34.8,35.7,0,0
WPL_PE,D,20200210,000000,36.4,36.5,34.6,35.4,0,0
WPL_PE,D,20200211,000000,35.1,36.3,35,35.3,0,0
WPL_PE,D,20200212,000000,35.4,35.4,35,35.3,0,0
WPL_PE,D,20200213,000000,35.2,35.3,35.1,35.3,0,0
WPL_PE,D,20200214,000000,35.3,35.7,35,35.7,0,0
WPL_PE,D,20200217,000000,35.5,37,35.5,35.6,0,0
WPL_PE,D,20200218,000000,35.8,36,35.4,35.7,0,0
WPL_PE,D,20200219,000000,35.7,36.2,35.7,36.2,0,0
WPL_PE,D,20200220,000000,36.2,37,36.2,36.8,0,0
WPL_PE,D,20200221,000000,36.6,36.8,36,36.5,0,0
WPL_PE,D,20200224,000000,35.8,36.1,34.6,35.2,0,0
WPL_PE,D,20200225,000000,33.7,33.7,31.5,33.1,0,0
WPL_PE,D,20200226,000000,32.8,33.7,32.8,33.4,0,0
WPL_PE,D,20200227,000000,32.1,33.6,32,32,0,0
WPL_PE,D,20200228,000000,31.6,32.8,30.4,31.6,0,0
WPL_PE,D,20200302,000000,31.5,32.7,29.8,29.9,0,0
WPL_PE,D,20200303,000000,31.2,32.4,31.2,31.6,0,0
WPL_PE,D,20200304,000000,33,33.4,32.2,32.8,0,0
WPL_PE,D,20200305,000000,33.6,34.1,32.7,33.2,0,0
WPL_PE,D,20200306,000000,31.9,33.2,30.3,30.9,0,0
WPL_PE,D,20200309,000000,28.2,30.7,28.2,28.7,0,0
WPL_PE,D,20200310,000000,28.6,30.2,28.6,29.2,0,0
WPL_PE,D,20200311,000000,30.7,30.7,26.7,28,0,0
WPL_PE,D,20200312,000000,25.6,26.3,24.8,25.2,0,0
WPL_PE,D,20200313,000000,26.2,26.2,21.3,21.3,0,0
WPL_PE,D,20200316,000000,21.6,21.6,19.5,19.9,0,0
WPL_PE,D,20200317,000000,21.4,22.4,20.6,21.9,0,0
WPL_PE,D,20200318,000000,21.7,23.2,21.7,22.4,0,0
WPL_PE,D,20200319,000000,21.6,22.7,21.6,22.6,0,0
WPL_PE,D,20200320,000000,23.3,24.1,22.6,24,0,0
WPL_PE,D,20200323,000000,24.6,24.6,22.4,22.7,0,0
WPL_PE,D,20200324,000000,23.5,25,23,23.6,0,0
WPL_PE,D,20200325,000000,24.4,24.5,22.6,23.2,0,0
WPL_PE,D,20200326,000000,23.1,23.1,22.7,22.7,0,0
WPL_PE,D,20200327,000000,22.9,23,22.3,22.4,0,0
WPL_PE,D,20200330,000000,22.6,22.6,21.9,22.3,0,0
WPL_PE,D,20200331,000000,22.7,22.7,22.3,22.7,0,0
WPL_PE,D,20200401,000000,22.4,23.1,22.3,23.1,0,0
WPL_PE,D,20200402,000000,23.1,23.5,22.8,23.2,0,0
WPL_PE,D,20200403,000000,23.2,23.2,22.5,23.1,0,0
WPL_PE,D,20200406,000000,23.2,23.5,23.2,23.5,0,0
WPL_PE,D,20200407,000000,23.6,24.4,23.6,24.3,0,0
WPL_PE,D,20200408,000000,24.6,25.1,24.5,24.7,0,0
WPL_PE,D,20200409,000000,24.4,27,24.4,27,0,0
WPL_PE,D,20200414,000000,27.8,28.7,27.8,28.2,0,0
WPL_PE,D,20200415,000000,28.2,28.2,26.5,27.5,0,0
WPL_PE,D,20200416,000000,27.3,28.2,27.2,27.3,0,0
WPL_PE,D,20200417,000000,27.3,28.6,27.3,28.6,0,0
WPL_PE,D,20200420,000000,28.8,30.3,28.3,29.6,0,0
WPL_PE,D,20200421,000000,29.3,30.4,28.7,29.9,0,0
WPL_PE,D,20200422,000000,30.3,30.3,28.2,30,0,0
WPL_PE,D,20200423,000000,29.7,29.7,28.1,28.5,0,0
WPL_PE,D,20200424,000000,28.5,29.3,28.1,28.5,0,0
WPL_PE,D,20200427,000000,28.7,29.1,26.5,26.5,0,0
WPL_PE,D,20200428,000000,26.5,27.8,26.5,27.7,0,0
WPL_PE,D,20200429,000000,28.1,28.4,27.3,28.4,0,0
WPL_PE,D,20200430,000000,28.6,29.1,28.1,28.2,0,0
WPL_PE,D,20200504,000000,28.6,28.7,28.2,28.6,0,0
WPL_PE,D,20200505,000000,28.9,29.2,27.8,27.8,0,0
WPL_PE,D,20200506,000000,27.9,27.9,27.2,27.8,0,0
WPL_PE,D,20200507,000000,28.5,28.5,27.5,28.1,0,0
WPL_PE,D,20200508,000000,28.2,28.2,27.8,28,0,0
WPL_PE,D,20200511,000000,27.8,28.6,27.8,28.2,0,0
WPL_PE,D,20200512,000000,27.8,28.8,27.8,28.8,0,0
WPL_PE,D,20200513,000000,28.8,29,28.3,28.6,0,0
WPL_PE,D,20200514,000000,28.6,28.6,27.1,27.2,0,0
WPL_PE,D,20200515,000000,27.4,28.2,27.4,28,0,0
WPL_PE,D,20200518,000000,27.5,28.7,27.2,27.6,0,0
WPL_PE,D,20200519,000000,28,28.1,27.3,28,0,0
WPL_PE,D,20200520,000000,27.5,28.6,27.5,28.2,0,0
WPL_PE,D,20200521,000000,28.2,28.4,28,28.4,0,0
WPL_PE,D,20200522,000000,28.3,28.5,27.6,28.3,0,0
WPL_PE,D,20200525,000000,28.6,28.6,28.4,28.5,0,0
WPL_PE,D,20200526,000000,28.6,32.5,28.4,32.5,0,0
WPL_PE,D,20200527,000000,32.4,34.7,32.2,34.4,0,0
WPL_PE,D,20200528,000000,34.4,35.2,34.4,35.2,0,0
WPL_PE,D,20200529,000000,35.3,35.3,33.4,34.6,0,0
WPL_PE,D,20200601,000000,35.4,36.8,33.5,35.6,0,0
WPL_PE,D,20200602,000000,35.6,35.7,34.9,35.1,0,0
WPL_PE,D,20200603,000000,35.1,35.2,34.8,34.8,0,0
WPL_PE,D,20200604,000000,34.9,35.7,34.6,35.2,0,0
WPL_PE,D,20200605,000000,35.1,35.1,34.5,34.8,0,0
WPL_PE,D,20200608,000000,34.9,35.6,34.6,34.8,0,0
WPL_PE,D,20200609,000000,34.9,34.9,33.6,34.5,0,0
WPL_PE,D,20200610,000000,34.7,34.7,33.6,34.3,0,0
WPL_PE,D,20200612,000000,33,34.2,33,33,0,0
WPL_PE,D,20200615,000000,33.3,33.5,32.7,33.4,0,0
WPL_PE,D,20200616,000000,33.7,33.7,32.5,32.5,0,0
WPL_PE,D,20200617,000000,32.7,33,31.8,31.9,0,0
WPL_PE,D,20200618,000000,32.1,32.9,32.1,32.8,0,0
WPL_PE,D,20200619,000000,33,33,31.6,32.5,0,0
WPL_PE,D,20200622,000000,32.1,33.4,32.1,32.7,0,0
WPL_PE,D,20200623,000000,32.8,33.6,32.8,33.3,0,0
WPL_PE,D,20200624,000000,33.4,33.5,33,33,0,0
WPL_PE,D,20200625,000000,33.5,33.5,33,33.4,0,0
WPL_PE,D,20200626,000000,33.1,33.1,32.3,32.5,0,0
WPL_PE,D,20200629,000000,32.9,33.2,31.6,32.5,0,0
WPL_PE,D,20200630,000000,32.8,33.3,31.9,32.1,0,0
WPL_PE,D,20200701,000000,32.3,32.3,31.2,32.2,0,0
WPL_PE,D,20200702,000000,32.2,33,32.2,33,0,0
WPL_PE,D,20200703,000000,33,33,32.7,33,0,0
WPL_PE,D,20200706,000000,33,33,32.6,33,0,0
WPL_PE,D,20200707,000000,32.9,33,32.5,32.7,0,0
WPL_PE,D,20200708,000000,33.1,34.2,32.7,33,0,0
WPL_PE,D,20200709,000000,33.3,34.2,33,34,0,0
WPL_PE,D,20200710,000000,33.8,34.3,33.4,33.4,0,0
WPL_PE,D,20200713,000000,33.8,34.2,32.9,33,0,0
WPL_PE,D,20200714,000000,33.1,33.8,33.1,33.1,0,0
WPL_PE,D,20200715,000000,33.2,33.6,33.2,33.6,0,0
WPL_PE,D,20200716,000000,33.5,33.6,33.3,33.5,0,0
WPL_PE,D,20200717,000000,33.5,33.5,33.1,33.5,0,0
WPL_PE,D,20200720,000000,33.5,34.2,33.5,33.5,0,0
WPL_PE,D,20200721,000000,33.9,35.2,33.8,35.2,0,0
WPL_PE,D,20200722,000000,35.6,35.6,33.7,33.7,0,0
WPL_PE,D,20200723,000000,34,34.5,33.3,33.9,0,0
WPL_PE,D,20200724,000000,33.9,33.9,32.8,33.3,0,0
WPL_PE,D,20200727,000000,32.9,33,32.6,32.8,0,0
WPL_PE,D,20200728,000000,32.7,33,32,32.2,0,0
WPL_PE,D,20200729,000000,32.2,33,32.1,32.5,0,0
WPL_PE,D,20200730,000000,32.5,33.6,32.5,33,0,0
WPL_PE,D,20200731,000000,32.6,33.8,32.2,33.5,0,0
WPL_PE,D,20200803,000000,33.6,36,32.6,36,0,0
WPL_PE,D,20200804,000000,36,36,35,35.3,0,0
WPL_PE,D,20200805,000000,35.3,35.8,35.3,35.8,0,0
WPL_PE,D,20200806,000000,35.4,35.7,35.3,35.3,0,0
WPL_PE,D,20200807,000000,35.3,35.8,35.3,35.3,0,0
WPL_PE,D,20200810,000000,34.9,35,34.5,34.8,0,0
WPL_PE,D,20200811,000000,35.1,35.1,33.5,34.4,0,0
WPL_PE,D,20200812,000000,33.6,34.5,33.6,34,0,0
WPL_PE,D,20200813,000000,33.7,35.2,33.7,34.1,0,0
WPL_PE,D,20200814,000000,33.4,34.4,33.1,33.1,0,0
WPL_PE,D,20200817,000000,33.9,34.2,33,33.8,0,0
WPL_PE,D,20200818,000000,33.2,34.3,33,34,0,0
WPL_PE,D,20200819,000000,33.2,34.7,33.2,34,0,0
WPL_PE,D,20200820,000000,33.2,34.4,33.2,34.3,0,0
WPL_PE,D,20200821,000000,34.4,34.9,32.6,33,0,0
