<TICKER>,<PER>,<DATE>,<TIME>,<OPEN>,<HIGH>,<LOW>,<CLOSE>,<VOL>,<OPENINT>
WTN_PE,D,20151109,000000,8.9476,8.9476,8.9476,8.9476,0,0
WTN_PE,D,20151110,000000,8.7007,9.029,8.3726,8.7007,0,0
WTN_PE,D,20151112,000000,9.1113,9.1113,8.7007,8.783,0,0
WTN_PE,D,20151113,000000,8.8643,8.8643,8.783,8.8643,0,0
WTN_PE,D,20151116,000000,8.8643,8.8643,8.7007,8.7007,0,0
WTN_PE,D,20151117,000000,8.783,8.783,8.7007,8.7007,0,0
WTN_PE,D,20151118,000000,8.783,8.783,8.6184,8.7007,0,0
WTN_PE,D,20151119,000000,8.7007,8.783,8.7007,8.7007,0,0
WTN_PE,D,20151120,000000,8.783,8.783,8.7007,8.7007,0,0
WTN_PE,D,20151123,000000,8.7007,8.7007,8.3726,8.3726,0,0
WTN_PE,D,20151124,000000,8.6184,8.6184,8.6184,8.6184,0,0
WTN_PE,D,20151125,000000,8.5361,8.5361,8.5361,8.5361,0,0
WTN_PE,D,20151126,000000,8.6184,8.6184,8.6184,8.6184,0,0
WTN_PE,D,20151127,000000,8.6184,8.6184,8.6184,8.6184,0,0
WTN_PE,D,20151130,000000,8.5361,8.783,8.5361,8.783,0,0
WTN_PE,D,20151201,000000,8.3726,9.3572,7.9619,9.3572,0,0
WTN_PE,D,20151202,000000,9.3572,9.3572,9.1926,9.1926,0,0
WTN_PE,D,20151203,000000,8.7007,8.783,8.7007,8.783,0,0
WTN_PE,D,20151204,000000,8.7007,9.1926,8.1262,9.1926,0,0
WTN_PE,D,20151207,000000,9.1926,9.1926,8.7007,8.7007,0,0
WTN_PE,D,20151208,000000,8.783,9.2758,8.783,9.1926,0,0
WTN_PE,D,20151209,000000,8.7007,9.1926,8.7007,9.1926,0,0
WTN_PE,D,20151210,000000,9.1926,9.1926,9.1926,9.1926,0,0
WTN_PE,D,20151211,000000,9.1926,9.1926,9.1926,9.1926,0,0
WTN_PE,D,20151214,000000,9.1926,9.1926,8.6184,8.7007,0,0
WTN_PE,D,20151215,000000,8.3726,8.8643,8.3726,8.6184,0,0
WTN_PE,D,20151216,000000,8.6184,8.8643,8.3726,8.6184,0,0
WTN_PE,D,20151217,000000,8.3726,8.6184,8.3726,8.3726,0,0
WTN_PE,D,20151218,000000,8.1262,8.3726,8.1262,8.2898,0,0
WTN_PE,D,20151221,000000,8.1262,8.1262,8.1262,8.1262,0,0
WTN_PE,D,20151222,000000,8.208,8.208,8.1262,8.1262,0,0
WTN_PE,D,20151223,000000,7.8798,8.208,7.8798,8.1262,0,0
WTN_PE,D,20151228,000000,8.1262,8.6184,8.1262,8.6184,0,0
WTN_PE,D,20151229,000000,8.3726,8.3726,8.1262,8.3726,0,0
WTN_PE,D,20151230,000000,8.3726,9.1926,8.3726,9.1926,0,0
WTN_PE,D,20160104,000000,9.1926,9.1926,8.9476,8.9476,0,0
WTN_PE,D,20160105,000000,8.3726,9.1926,8.3726,8.7007,0,0
WTN_PE,D,20160107,000000,8.7007,8.783,8.7007,8.7007,0,0
WTN_PE,D,20160108,000000,8.7007,8.7007,8.1262,8.3726,0,0
WTN_PE,D,20160111,000000,8.1262,8.6184,8.1262,8.6184,0,0
WTN_PE,D,20160113,000000,8.1262,8.1262,8.1262,8.1262,0,0
WTN_PE,D,20160114,000000,8.1262,8.208,8.1262,8.1262,0,0
WTN_PE,D,20160115,000000,8.044,8.4544,7.8798,7.8798,0,0
WTN_PE,D,20160118,000000,7.8798,7.8798,7.8798,7.8798,0,0
WTN_PE,D,20160119,000000,8.1262,8.2898,7.8798,7.8798,0,0
WTN_PE,D,20160120,000000,7.7156,7.7977,7.5514,7.7977,0,0
WTN_PE,D,20160121,000000,7.5514,7.8798,7.5514,7.8798,0,0
WTN_PE,D,20160122,000000,7.8798,7.8798,7.7977,7.7977,0,0
WTN_PE,D,20160125,000000,7.7977,7.7977,7.7977,7.7977,0,0
WTN_PE,D,20160126,000000,7.7156,7.7156,7.7156,7.7156,0,0
WTN_PE,D,20160127,000000,7.7156,7.7977,7.6335,7.6335,0,0
WTN_PE,D,20160128,000000,7.7977,7.7977,7.7156,7.7977,0,0
WTN_PE,D,20160129,000000,7.7977,7.7977,7.6335,7.6335,0,0
WTN_PE,D,20160201,000000,7.9619,8.1262,7.9619,8.1262,0,0
WTN_PE,D,20160202,000000,8.2898,8.2898,8.1262,8.1262,0,0
WTN_PE,D,20160203,000000,8.3726,8.3726,8.3726,8.3726,0,0
WTN_PE,D,20160204,000000,8.3726,8.3726,8.3726,8.3726,0,0
WTN_PE,D,20160208,000000,8.3726,8.3726,7.7977,7.8798,0,0
WTN_PE,D,20160209,000000,7.8798,7.8798,7.8798,7.8798,0,0
WTN_PE,D,20160210,000000,7.8798,7.9619,7.8798,7.9619,0,0
WTN_PE,D,20160215,000000,7.7156,8.1262,7.7156,7.9619,0,0
WTN_PE,D,20160218,000000,7.6335,7.7977,7.3052,7.3052,0,0
WTN_PE,D,20160219,000000,7.3873,7.5514,7.3052,7.5514,0,0
WTN_PE,D,20160222,000000,7.5514,7.5514,7.3052,7.3052,0,0
WTN_PE,D,20160223,000000,7.4694,7.4694,7.3052,7.3873,0,0
WTN_PE,D,20160224,000000,7.5514,7.6335,7.4694,7.5514,0,0
WTN_PE,D,20160225,000000,7.7977,8.044,7.7977,8.044,0,0
WTN_PE,D,20160226,000000,8.044,8.044,7.7977,7.8798,0,0
WTN_PE,D,20160229,000000,7.8798,7.8798,7.6335,7.8798,0,0
WTN_PE,D,20160301,000000,7.8798,7.8798,7.8798,7.8798,0,0
WTN_PE,D,20160302,000000,7.8798,7.8798,7.7156,7.8798,0,0
WTN_PE,D,20160303,000000,7.8798,8.1262,7.8798,8.1262,0,0
WTN_PE,D,20160304,000000,8.208,8.6184,8.208,8.2898,0,0
WTN_PE,D,20160307,000000,8.5361,8.6184,8.2898,8.5361,0,0
WTN_PE,D,20160308,000000,8.8643,8.8643,8.7007,8.783,0,0
WTN_PE,D,20160309,000000,8.783,8.783,8.783,8.783,0,0
WTN_PE,D,20160310,000000,8.8643,9.1113,8.8643,9.1113,0,0
WTN_PE,D,20160311,000000,9.1113,9.2758,9.1113,9.2758,0,0
WTN_PE,D,20160314,000000,9.2758,9.2758,9.1926,9.2758,0,0
WTN_PE,D,20160315,000000,9.029,9.3572,9.029,9.2758,0,0
WTN_PE,D,20160316,000000,9.2758,9.4395,9.2758,9.4395,0,0
WTN_PE,D,20160317,000000,9.4395,9.4395,9.2758,9.2758,0,0
WTN_PE,D,20160318,000000,9.1926,9.3572,8.8643,9.3572,0,0
WTN_PE,D,20160321,000000,9.3572,9.685,9.1926,9.685,0,0
WTN_PE,D,20160322,000000,9.685,9.685,9.2758,9.2758,0,0
WTN_PE,D,20160323,000000,9.2758,9.521,9.2758,9.521,0,0
WTN_PE,D,20160324,000000,9.521,9.521,9.3572,9.3572,0,0
WTN_PE,D,20160329,000000,9.4395,9.4395,8.8643,9.1113,0,0
WTN_PE,D,20160330,000000,9.1113,9.1113,9.1113,9.1113,0,0
WTN_PE,D,20160331,000000,9.1113,9.2758,9.1113,9.2758,0,0
WTN_PE,D,20160401,000000,9.3572,9.3572,9.2758,9.2758,0,0
WTN_PE,D,20160404,000000,9.2758,9.2758,9.2758,9.2758,0,0
WTN_PE,D,20160405,000000,9.2758,9.2758,9.029,9.2758,0,0
WTN_PE,D,20160406,000000,9.2758,9.2758,9.2758,9.2758,0,0
WTN_PE,D,20160407,000000,9.2758,9.2758,8.9476,9.2758,0,0
WTN_PE,D,20160408,000000,9.2758,9.604,9.2758,9.604,0,0
WTN_PE,D,20160411,000000,9.604,9.685,9.3572,9.604,0,0
WTN_PE,D,20160412,000000,9.604,9.604,9.4395,9.604,0,0
WTN_PE,D,20160413,000000,9.604,9.685,9.521,9.685,0,0
WTN_PE,D,20160414,000000,9.604,9.685,9.3572,9.604,0,0
WTN_PE,D,20160415,000000,9.604,9.685,9.604,9.685,0,0
WTN_PE,D,20160418,000000,9.685,9.685,9.2758,9.2758,0,0
WTN_PE,D,20160419,000000,9.604,9.685,9.2758,9.685,0,0
WTN_PE,D,20160420,000000,9.685,9.685,9.685,9.685,0,0
WTN_PE,D,20160421,000000,9.685,9.685,9.3572,9.685,0,0
WTN_PE,D,20160422,000000,9.685,9.685,9.4395,9.685,0,0
WTN_PE,D,20160425,000000,9.685,9.768,9.685,9.685,0,0
WTN_PE,D,20160426,000000,9.604,9.685,9.521,9.685,0,0
WTN_PE,D,20160427,000000,9.685,9.685,9.604,9.604,0,0
WTN_PE,D,20160428,000000,9.604,9.604,9.604,9.604,0,0
WTN_PE,D,20160429,000000,9.521,9.768,9.2758,9.768,0,0
WTN_PE,D,20160502,000000,9.768,9.768,9.604,9.685,0,0
WTN_PE,D,20160504,000000,9.719,10.061,9.719,10.061,0,0
WTN_PE,D,20160505,000000,10.061,10.061,9.89,10.061,0,0
WTN_PE,D,20160506,000000,10.061,10.061,9.805,9.975,0,0
WTN_PE,D,20160509,000000,10.061,10.061,9.1225,9.89,0,0
WTN_PE,D,20160510,000000,9.975,9.975,9.719,9.89,0,0
WTN_PE,D,20160511,000000,9.89,9.89,9.4638,9.805,0,0
WTN_PE,D,20160512,000000,9.89,9.89,9.634,9.634,0,0
WTN_PE,D,20160513,000000,9.634,9.805,9.634,9.634,0,0
WTN_PE,D,20160516,000000,9.634,9.634,9.634,9.634,0,0
WTN_PE,D,20160517,000000,9.634,9.719,9.4638,9.634,0,0
WTN_PE,D,20160518,000000,9.4638,9.719,9.3787,9.3787,0,0
WTN_PE,D,20160519,000000,9.3787,9.4638,9.3787,9.3787,0,0
WTN_PE,D,20160520,000000,9.3787,9.634,9.2936,9.634,0,0
WTN_PE,D,20160523,000000,9.3787,9.805,9.3787,9.719,0,0
WTN_PE,D,20160524,000000,9.634,9.805,9.634,9.719,0,0
WTN_PE,D,20160525,000000,9.719,9.805,9.719,9.805,0,0
WTN_PE,D,20160527,000000,9.805,9.975,9.805,9.975,0,0
WTN_PE,D,20160530,000000,9.975,9.975,9.2936,9.719,0,0
WTN_PE,D,20160531,000000,9.805,9.805,8.9523,9.1225,0,0
WTN_PE,D,20160601,000000,9.2076,9.2076,9.2076,9.2076,0,0
WTN_PE,D,20160602,000000,9.4638,9.4638,9.1225,9.1225,0,0
WTN_PE,D,20160603,000000,9.2936,9.2936,9.2076,9.2076,0,0
WTN_PE,D,20160606,000000,9.2076,9.2936,8.6113,8.867,0,0
WTN_PE,D,20160607,000000,8.9523,9.0374,8.867,9.0374,0,0
WTN_PE,D,20160608,000000,9.0374,9.0374,9.0374,9.0374,0,0
WTN_PE,D,20160609,000000,9.0374,9.0374,8.9523,9.0374,0,0
WTN_PE,D,20160610,000000,9.0374,9.0374,9.0374,9.0374,0,0
WTN_PE,D,20160613,000000,9.0374,9.0374,9.0374,9.0374,0,0
WTN_PE,D,20160614,000000,9.0374,9.0374,8.2703,8.867,0,0
WTN_PE,D,20160615,000000,8.867,8.867,8.6113,8.867,0,0
WTN_PE,D,20160616,000000,8.867,8.867,8.5263,8.867,0,0
WTN_PE,D,20160617,000000,9.0374,9.0374,8.867,9.0374,0,0
WTN_PE,D,20160620,000000,9.0374,9.2076,9.0374,9.2076,0,0
WTN_PE,D,20160621,000000,9.4638,9.4638,9.4638,9.4638,0,0
WTN_PE,D,20160622,000000,9.4638,9.719,9.4638,9.719,0,0
WTN_PE,D,20160623,000000,9.719,9.719,9.719,9.719,0,0
WTN_PE,D,20160624,000000,9.0374,9.634,9.0374,9.634,0,0
WTN_PE,D,20160627,000000,9.719,9.719,9.0374,9.1225,0,0
WTN_PE,D,20160628,000000,9.1225,9.1225,9.1225,9.1225,0,0
WTN_PE,D,20160629,000000,9.634,9.634,9.1225,9.2936,0,0
WTN_PE,D,20160630,000000,9.634,9.634,9.2936,9.2936,0,0
WTN_PE,D,20160701,000000,9.2936,9.2936,9.2936,9.2936,0,0
WTN_PE,D,20160704,000000,9.2936,9.2936,9.2076,9.2076,0,0
WTN_PE,D,20160705,000000,9.2936,9.2936,9.2936,9.2936,0,0
WTN_PE,D,20160706,000000,9.55,9.55,9.2936,9.55,0,0
WTN_PE,D,20160707,000000,9.55,9.634,9.3787,9.634,0,0
WTN_PE,D,20160708,000000,9.634,9.634,9.634,9.634,0,0
WTN_PE,D,20160711,000000,9.634,9.719,9.55,9.719,0,0
WTN_PE,D,20160712,000000,9.719,9.719,9.719,9.719,0,0
WTN_PE,D,20160713,000000,9.719,9.805,9.719,9.805,0,0
WTN_PE,D,20160714,000000,9.805,9.805,9.805,9.805,0,0
WTN_PE,D,20160715,000000,9.805,9.805,9.805,9.805,0,0
WTN_PE,D,20160718,000000,9.805,9.805,9.719,9.719,0,0
WTN_PE,D,20160719,000000,9.805,9.805,9.805,9.805,0,0
WTN_PE,D,20160720,000000,9.805,9.805,9.55,9.805,0,0
WTN_PE,D,20160721,000000,9.805,9.805,9.634,9.805,0,0
WTN_PE,D,20160722,000000,9.805,9.805,9.805,9.805,0,0
WTN_PE,D,20160725,000000,9.805,9.805,9.805,9.805,0,0
WTN_PE,D,20160726,000000,9.805,9.805,9.805,9.805,0,0
WTN_PE,D,20160727,000000,9.805,9.805,9.805,9.805,0,0
WTN_PE,D,20160728,000000,9.805,9.805,9.4638,9.805,0,0
WTN_PE,D,20160729,000000,9.805,9.805,9.805,9.805,0,0
WTN_PE,D,20160801,000000,9.805,9.805,9.719,9.719,0,0
WTN_PE,D,20160802,000000,9.719,9.719,9.3787,9.719,0,0
WTN_PE,D,20160803,000000,9.719,9.719,9.719,9.719,0,0
WTN_PE,D,20160804,000000,9.719,9.719,9.719,9.719,0,0
WTN_PE,D,20160805,000000,9.719,9.719,9.719,9.719,0,0
WTN_PE,D,20160808,000000,9.719,9.719,9.2076,9.634,0,0
WTN_PE,D,20160809,000000,9.634,9.634,9.1225,9.1225,0,0
WTN_PE,D,20160810,000000,9.2076,9.4638,9.1225,9.4638,0,0
WTN_PE,D,20160811,000000,9.719,9.719,9.55,9.55,0,0
WTN_PE,D,20160812,000000,9.719,9.719,9.1225,9.634,0,0
WTN_PE,D,20160816,000000,9.719,9.719,9.719,9.719,0,0
WTN_PE,D,20160817,000000,9.719,9.805,9.719,9.805,0,0
WTN_PE,D,20160818,000000,9.719,9.89,9.719,9.89,0,0
WTN_PE,D,20160819,000000,9.89,9.975,9.89,9.89,0,0
WTN_PE,D,20160822,000000,9.89,10.145,9.89,10.145,0,0
WTN_PE,D,20160823,000000,10.231,10.317,10.145,10.317,0,0
WTN_PE,D,20160824,000000,10.317,10.487,10.317,10.317,0,0
WTN_PE,D,20160825,000000,10.317,10.573,10.317,10.487,0,0
WTN_PE,D,20160826,000000,10.061,10.487,9.975,10.487,0,0
WTN_PE,D,20160829,000000,10.487,10.487,10.317,10.402,0,0
WTN_PE,D,20160830,000000,10.402,10.402,10.317,10.317,0,0
WTN_PE,D,20160831,000000,10.402,10.402,9.89,10.317,0,0
WTN_PE,D,20160901,000000,10.317,10.317,9.89,10.231,0,0
WTN_PE,D,20160902,000000,10.145,10.145,10.145,10.145,0,0
WTN_PE,D,20160905,000000,9.975,10.487,9.634,10.487,0,0
WTN_PE,D,20160906,000000,10.487,10.487,10.231,10.231,0,0
WTN_PE,D,20160907,000000,10.231,10.231,10.061,10.145,0,0
WTN_PE,D,20160908,000000,10.145,10.145,10.061,10.061,0,0
WTN_PE,D,20160909,000000,9.975,9.975,9.805,9.975,0,0
WTN_PE,D,20160912,000000,9.975,9.975,9.805,9.805,0,0
WTN_PE,D,20160913,000000,9.805,9.805,9.719,9.805,0,0
WTN_PE,D,20160914,000000,9.805,9.975,9.805,9.975,0,0
WTN_PE,D,20160915,000000,9.975,9.975,9.89,9.975,0,0
WTN_PE,D,20160916,000000,9.975,10.317,9.89,10.317,0,0
WTN_PE,D,20160919,000000,10.317,10.317,9.975,10.231,0,0
WTN_PE,D,20160920,000000,10.145,10.145,10.145,10.145,0,0
WTN_PE,D,20160921,000000,10.145,10.145,10.061,10.061,0,0
WTN_PE,D,20160922,000000,10.145,10.145,9.805,9.975,0,0
WTN_PE,D,20160923,000000,10.231,10.231,10.145,10.145,0,0
WTN_PE,D,20160926,000000,10.145,10.145,9.89,9.89,0,0
WTN_PE,D,20160927,000000,9.89,9.89,9.805,9.89,0,0
WTN_PE,D,20160928,000000,9.89,10.061,9.89,9.975,0,0
WTN_PE,D,20160929,000000,9.975,9.975,9.89,9.89,0,0
WTN_PE,D,20160930,000000,9.89,10.317,9.805,10.317,0,0
WTN_PE,D,20161003,000000,10.573,10.828,10.061,10.828,0,0
WTN_PE,D,20161004,000000,10.742,10.742,10.742,10.742,0,0
WTN_PE,D,20161005,000000,10.742,10.742,10.742,10.742,0,0
WTN_PE,D,20161006,000000,10.742,10.828,10.317,10.317,0,0
WTN_PE,D,20161007,000000,10.317,10.658,10.317,10.658,0,0
WTN_PE,D,20161010,000000,11.084,11.084,10.658,10.742,0,0
WTN_PE,D,20161011,000000,10.742,10.742,10.487,10.658,0,0
WTN_PE,D,20161012,000000,10.742,10.742,10.573,10.658,0,0
WTN_PE,D,20161013,000000,10.658,10.658,10.573,10.658,0,0
WTN_PE,D,20161014,000000,10.658,10.742,10.658,10.742,0,0
WTN_PE,D,20161017,000000,10.742,10.913,10.658,10.828,0,0
WTN_PE,D,20161018,000000,10.828,10.913,10.742,10.913,0,0
WTN_PE,D,20161019,000000,10.913,10.913,10.913,10.913,0,0
WTN_PE,D,20161020,000000,10.913,10.998,10.742,10.998,0,0
WTN_PE,D,20161021,000000,10.998,11.681,10.998,11.681,0,0
WTN_PE,D,20161024,000000,11.681,11.851,11.511,11.851,0,0
WTN_PE,D,20161025,000000,11.936,11.936,11.766,11.851,0,0
WTN_PE,D,20161026,000000,11.766,11.766,11.511,11.766,0,0
WTN_PE,D,20161027,000000,11.766,12.107,11.766,12.107,0,0
WTN_PE,D,20161028,000000,12.192,12.192,12.107,12.107,0,0
WTN_PE,D,20161031,000000,12.192,12.192,12.107,12.107,0,0
WTN_PE,D,20161102,000000,11.766,12.107,11.766,12.107,0,0
WTN_PE,D,20161103,000000,11.766,12.022,11.766,12.022,0,0
WTN_PE,D,20161104,000000,12.107,12.107,12.107,12.107,0,0
WTN_PE,D,20161107,000000,11.254,11.766,11.254,11.766,0,0
WTN_PE,D,20161108,000000,11.681,11.851,11.511,11.681,0,0
WTN_PE,D,20161109,000000,11.511,11.511,11.511,11.511,0,0
WTN_PE,D,20161110,000000,11.511,11.511,11.511,11.511,0,0
WTN_PE,D,20161114,000000,11.511,11.511,10.913,11.425,0,0
WTN_PE,D,20161115,000000,11.169,11.169,10.913,10.913,0,0
WTN_PE,D,20161116,000000,11.084,12.534,10.658,12.534,0,0
WTN_PE,D,20161117,000000,13.215,13.215,12.79,12.79,0,0
WTN_PE,D,20161118,000000,13.13,13.13,12.192,12.448,0,0
WTN_PE,D,20161121,000000,12.278,12.362,12.107,12.362,0,0
WTN_PE,D,20161122,000000,12.362,12.362,12.362,12.362,0,0
WTN_PE,D,20161123,000000,12.362,12.448,11.851,12.448,0,0
WTN_PE,D,20161124,000000,12.448,12.448,11.851,12.192,0,0
WTN_PE,D,20161125,000000,12.362,12.362,11.936,11.936,0,0
WTN_PE,D,20161128,000000,11.851,12.79,11.851,12.79,0,0
WTN_PE,D,20161129,000000,12.448,12.448,12.192,12.192,0,0
WTN_PE,D,20161130,000000,12.79,12.79,12.022,12.448,0,0
WTN_PE,D,20161201,000000,12.79,12.79,12.192,12.192,0,0
WTN_PE,D,20161202,000000,12.192,12.192,11.936,12.192,0,0
WTN_PE,D,20161205,000000,12.362,12.362,11.681,12.362,0,0
WTN_PE,D,20161206,000000,12.362,12.362,12.022,12.107,0,0
WTN_PE,D,20161207,000000,12.192,12.192,12.107,12.107,0,0
WTN_PE,D,20161208,000000,12.362,12.362,11.851,12.107,0,0
WTN_PE,D,20161209,000000,12.192,12.192,12.192,12.192,0,0
WTN_PE,D,20161212,000000,12.278,12.278,12.192,12.192,0,0
WTN_PE,D,20161213,000000,12.192,12.192,12.192,12.192,0,0
WTN_PE,D,20161214,000000,12.192,12.192,12.192,12.192,0,0
WTN_PE,D,20161215,000000,12.192,12.192,12.022,12.107,0,0
WTN_PE,D,20161216,000000,12.278,12.278,12.107,12.107,0,0
WTN_PE,D,20161219,000000,12.278,12.278,11.851,11.851,0,0
WTN_PE,D,20161220,000000,11.851,11.851,11.511,11.766,0,0
WTN_PE,D,20161221,000000,11.766,11.851,11.766,11.851,0,0
WTN_PE,D,20161222,000000,11.851,11.851,11.851,11.851,0,0
WTN_PE,D,20161223,000000,11.851,11.851,11.851,11.851,0,0
WTN_PE,D,20161227,000000,11.851,11.851,11.34,11.34,0,0
WTN_PE,D,20161228,000000,11.851,11.851,11.766,11.851,0,0
WTN_PE,D,20161229,000000,11.851,11.851,11.851,11.851,0,0
WTN_PE,D,20161230,000000,11.851,12.448,11.851,12.022,0,0
WTN_PE,D,20170102,000000,11.851,12.619,11.681,12.619,0,0
WTN_PE,D,20170103,000000,12.448,12.448,12.362,12.362,0,0
WTN_PE,D,20170104,000000,12.362,12.448,12.107,12.362,0,0
WTN_PE,D,20170105,000000,12.278,12.362,12.278,12.362,0,0
WTN_PE,D,20170109,000000,12.362,12.362,12.192,12.362,0,0
WTN_PE,D,20170110,000000,12.448,12.448,11.851,12.022,0,0
WTN_PE,D,20170111,000000,12.448,12.448,11.766,12.107,0,0
WTN_PE,D,20170112,000000,12.107,12.107,11.766,12.107,0,0
WTN_PE,D,20170113,000000,12.107,12.107,11.766,11.936,0,0
WTN_PE,D,20170116,000000,11.851,12.107,11.851,12.107,0,0
WTN_PE,D,20170117,000000,12.107,12.107,11.936,11.936,0,0
WTN_PE,D,20170118,000000,11.936,11.936,11.851,11.851,0,0
WTN_PE,D,20170119,000000,12.107,12.107,12.107,12.107,0,0
WTN_PE,D,20170120,000000,12.107,12.107,11.936,12.107,0,0
WTN_PE,D,20170123,000000,12.022,12.022,11.766,12.022,0,0
WTN_PE,D,20170124,000000,12.107,12.107,11.936,12.107,0,0
WTN_PE,D,20170125,000000,12.107,12.107,12.107,12.107,0,0
WTN_PE,D,20170126,000000,11.936,13.215,11.936,13.13,0,0
WTN_PE,D,20170127,000000,12.874,12.874,12.79,12.79,0,0
WTN_PE,D,20170130,000000,12.79,12.79,12.448,12.534,0,0
WTN_PE,D,20170131,000000,12.534,13.13,12.107,12.874,0,0
WTN_PE,D,20170201,000000,13.045,13.045,12.79,12.79,0,0
WTN_PE,D,20170202,000000,12.959,12.959,12.874,12.874,0,0
WTN_PE,D,20170203,000000,12.874,12.874,12.704,12.874,0,0
WTN_PE,D,20170206,000000,13.045,13.045,12.619,12.619,0,0
WTN_PE,D,20170207,000000,12.874,12.874,12.79,12.79,0,0
WTN_PE,D,20170208,000000,12.79,12.79,12.619,12.619,0,0
WTN_PE,D,20170209,000000,12.704,12.704,12.362,12.704,0,0
WTN_PE,D,20170210,000000,12.704,12.704,12.448,12.448,0,0
WTN_PE,D,20170213,000000,12.79,12.79,12.107,12.278,0,0
WTN_PE,D,20170214,000000,12.619,12.619,12.619,12.619,0,0
WTN_PE,D,20170215,000000,12.619,12.704,12.619,12.704,0,0
WTN_PE,D,20170216,000000,12.704,12.704,12.619,12.619,0,0
WTN_PE,D,20170217,000000,12.619,12.619,12.107,12.619,0,0
WTN_PE,D,20170220,000000,12.619,12.619,12.534,12.534,0,0
WTN_PE,D,20170221,000000,12.534,12.534,12.107,12.192,0,0
WTN_PE,D,20170222,000000,12.192,12.619,12.192,12.619,0,0
WTN_PE,D,20170223,000000,12.619,12.619,12.619,12.619,0,0
WTN_PE,D,20170224,000000,12.619,12.619,12.448,12.619,0,0
WTN_PE,D,20170227,000000,12.192,12.192,12.192,12.192,0,0
WTN_PE,D,20170228,000000,12.534,12.534,11.936,12.107,0,0
WTN_PE,D,20170301,000000,12.448,12.448,12.107,12.107,0,0
WTN_PE,D,20170302,000000,12.448,12.448,11.766,11.936,0,0
WTN_PE,D,20170303,000000,12.107,12.107,11.766,12.107,0,0
WTN_PE,D,20170306,000000,12.107,12.278,12.107,12.107,0,0
WTN_PE,D,20170307,000000,12.192,12.362,12.107,12.278,0,0
WTN_PE,D,20170308,000000,12.362,12.362,11.681,11.681,0,0
WTN_PE,D,20170309,000000,11.681,12.022,11.681,12.022,0,0
WTN_PE,D,20170310,000000,12.022,12.022,11.936,11.936,0,0
WTN_PE,D,20170313,000000,12.022,12.107,12.022,12.107,0,0
WTN_PE,D,20170314,000000,12.107,12.362,11.766,12.278,0,0
WTN_PE,D,20170315,000000,12.362,12.362,12.192,12.192,0,0
WTN_PE,D,20170316,000000,12.278,12.278,12.192,12.278,0,0
WTN_PE,D,20170317,000000,12.362,12.362,12.278,12.278,0,0
WTN_PE,D,20170320,000000,12.278,12.278,12.192,12.192,0,0
WTN_PE,D,20170321,000000,12.278,12.278,12.278,12.278,0,0
WTN_PE,D,20170322,000000,12.278,12.278,11.936,12.107,0,0
WTN_PE,D,20170323,000000,12.107,12.107,11.936,11.936,0,0
WTN_PE,D,20170324,000000,12.107,12.107,11.766,12.107,0,0
WTN_PE,D,20170327,000000,12.278,12.278,11.851,12.278,0,0
WTN_PE,D,20170328,000000,12.278,12.278,12.107,12.107,0,0
WTN_PE,D,20170329,000000,12.278,12.278,12.107,12.107,0,0
WTN_PE,D,20170330,000000,12.278,12.278,12.022,12.192,0,0
WTN_PE,D,20170331,000000,12.278,13.301,12.107,13.301,0,0
WTN_PE,D,20170403,000000,13.471,13.471,13.386,13.386,0,0
WTN_PE,D,20170404,000000,13.386,13.386,13.386,13.386,0,0
WTN_PE,D,20170405,000000,13.471,13.642,13.13,13.13,0,0
WTN_PE,D,20170406,000000,13.642,13.642,13.386,13.386,0,0
WTN_PE,D,20170407,000000,13.301,13.301,12.959,12.959,0,0
WTN_PE,D,20170410,000000,13.386,13.386,13.13,13.386,0,0
WTN_PE,D,20170411,000000,13.386,13.386,13.215,13.301,0,0
WTN_PE,D,20170412,000000,13.301,13.642,13.301,13.642,0,0
WTN_PE,D,20170413,000000,13.642,13.642,13.471,13.471,0,0
WTN_PE,D,20170418,000000,13.471,13.471,13.13,13.471,0,0
WTN_PE,D,20170419,000000,13.471,13.471,13.13,13.386,0,0
WTN_PE,D,20170420,000000,12.959,13.471,12.874,13.471,0,0
WTN_PE,D,20170421,000000,13.215,13.215,13.215,13.215,0,0
WTN_PE,D,20170424,000000,13.557,13.557,13.13,13.13,0,0
WTN_PE,D,20170425,000000,13.471,13.471,13.301,13.301,0,0
WTN_PE,D,20170426,000000,13.471,13.471,13.13,13.471,0,0
WTN_PE,D,20170427,000000,13.471,13.982,13.471,13.982,0,0
WTN_PE,D,20170428,000000,13.982,13.982,13.727,13.813,0,0
WTN_PE,D,20170502,000000,13.982,13.982,13.982,13.982,0,0
WTN_PE,D,20170504,000000,13.982,13.982,13.898,13.898,0,0
WTN_PE,D,20170505,000000,13.898,13.898,13.898,13.898,0,0
WTN_PE,D,20170508,000000,13.898,14.409,13.898,14.324,0,0
WTN_PE,D,20170509,000000,14.324,14.921,14.324,14.921,0,0
WTN_PE,D,20170510,000000,15.006,15.006,14.409,14.836,0,0
WTN_PE,D,20170511,000000,14.836,14.836,14.324,14.75,0,0
WTN_PE,D,20170512,000000,14.75,14.75,14.409,14.409,0,0
WTN_PE,D,20170515,000000,14.665,14.75,14.665,14.75,0,0
WTN_PE,D,20170516,000000,14.665,14.665,13.386,14.068,0,0
WTN_PE,D,20170517,000000,14.068,14.068,14.068,14.068,0,0
WTN_PE,D,20170518,000000,14.068,14.068,13.727,13.898,0,0
WTN_PE,D,20170519,000000,13.813,16.455,13.813,16.455,0,0
WTN_PE,D,20170522,000000,16.455,17.138,16.115,16.115,0,0
WTN_PE,D,20170523,000000,16.992,17.081,16.277,17.081,0,0
WTN_PE,D,20170524,000000,17.081,17.081,17.081,17.081,0,0
WTN_PE,D,20170525,000000,16.992,16.992,16.902,16.902,0,0
WTN_PE,D,20170526,000000,16.902,16.902,16.277,16.724,0,0
WTN_PE,D,20170529,000000,16.724,16.724,16.724,16.724,0,0
WTN_PE,D,20170530,000000,16.724,16.724,16.724,16.724,0,0
WTN_PE,D,20170531,000000,16.724,16.724,16.724,16.724,0,0
WTN_PE,D,20170601,000000,16.724,16.724,16.008,16.008,0,0
WTN_PE,D,20170602,000000,16.187,16.187,16.187,16.187,0,0
WTN_PE,D,20170605,000000,16.187,16.366,15.829,15.829,0,0
WTN_PE,D,20170606,000000,15.829,16.545,15.829,16.545,0,0
WTN_PE,D,20170607,000000,16.545,16.634,16.277,16.634,0,0
WTN_PE,D,20170608,000000,16.813,16.902,16.545,16.634,0,0
WTN_PE,D,20170609,000000,16.455,16.992,16.455,16.992,0,0
WTN_PE,D,20170612,000000,16.992,16.992,15.829,15.829,0,0
WTN_PE,D,20170613,000000,16.992,16.992,15.829,16.455,0,0
WTN_PE,D,20170614,000000,16.455,16.455,16.455,16.455,0,0
WTN_PE,D,20170616,000000,16.455,16.455,16.187,16.187,0,0
WTN_PE,D,20170619,000000,16.187,16.545,16.187,16.545,0,0
WTN_PE,D,20170620,000000,16.545,16.545,15.65,16.366,0,0
WTN_PE,D,20170621,000000,16.366,16.366,16.277,16.277,0,0
WTN_PE,D,20170622,000000,16.277,16.277,16.187,16.187,0,0
WTN_PE,D,20170623,000000,16.187,16.187,16.187,16.187,0,0
WTN_PE,D,20170626,000000,16.455,16.455,16.455,16.455,0,0
WTN_PE,D,20170627,000000,16.366,16.366,16.187,16.187,0,0
WTN_PE,D,20170628,000000,16.455,16.455,16.455,16.455,0,0
WTN_PE,D,20170629,000000,16.455,16.455,16.187,16.187,0,0
WTN_PE,D,20170630,000000,16.187,16.187,15.74,15.74,0,0
WTN_PE,D,20170703,000000,16.187,16.187,16.187,16.187,0,0
WTN_PE,D,20170704,000000,16.187,16.187,16.187,16.187,0,0
WTN_PE,D,20170705,000000,16.187,16.187,16.187,16.187,0,0
WTN_PE,D,20170706,000000,16.187,16.187,16.097,16.187,0,0
WTN_PE,D,20170707,000000,16.187,16.187,16.187,16.187,0,0
WTN_PE,D,20170710,000000,16.187,16.187,15.74,15.74,0,0
WTN_PE,D,20170711,000000,16.187,16.187,15.74,15.74,0,0
WTN_PE,D,20170712,000000,15.74,16.187,15.74,16.187,0,0
WTN_PE,D,20170713,000000,16.187,16.455,15.74,15.829,0,0
WTN_PE,D,20170714,000000,15.829,15.829,15.829,15.829,0,0
WTN_PE,D,20170717,000000,15.74,15.74,15.65,15.65,0,0
WTN_PE,D,20170718,000000,15.65,15.65,15.561,15.561,0,0
WTN_PE,D,20170719,000000,15.65,15.65,15.561,15.561,0,0
WTN_PE,D,20170720,000000,15.293,15.293,14.845,14.845,0,0
WTN_PE,D,20170721,000000,14.845,15.829,14.845,15.74,0,0
WTN_PE,D,20170724,000000,16.097,16.097,16.097,16.097,0,0
WTN_PE,D,20170725,000000,16.097,16.097,15.74,16.097,0,0
WTN_PE,D,20170726,000000,16.097,16.097,16.097,16.097,0,0
WTN_PE,D,20170727,000000,16.097,16.097,15.829,15.919,0,0
WTN_PE,D,20170728,000000,15.919,15.919,15.025,15.74,0,0
WTN_PE,D,20170731,000000,15.74,15.74,15.65,15.65,0,0
WTN_PE,D,20170801,000000,15.65,15.65,15.561,15.561,0,0
WTN_PE,D,20170802,000000,15.472,15.561,15.472,15.561,0,0
WTN_PE,D,20170803,000000,15.472,15.65,15.472,15.65,0,0
WTN_PE,D,20170804,000000,15.74,16.277,15.74,16.277,0,0
WTN_PE,D,20170807,000000,16.545,16.545,16.187,16.545,0,0
WTN_PE,D,20170808,000000,16.545,16.634,16.545,16.545,0,0
WTN_PE,D,20170809,000000,16.724,16.724,16.455,16.545,0,0
WTN_PE,D,20170810,000000,16.366,16.366,16.366,16.366,0,0
WTN_PE,D,20170811,000000,16.366,16.366,16.366,16.366,0,0
WTN_PE,D,20170814,000000,16.366,16.366,16.366,16.366,0,0
WTN_PE,D,20170816,000000,16.366,16.366,16.366,16.366,0,0
WTN_PE,D,20170817,000000,16.366,16.366,16.366,16.366,0,0
WTN_PE,D,20170818,000000,16.366,16.366,16.366,16.366,0,0
WTN_PE,D,20170821,000000,16.366,16.366,16.366,16.366,0,0
WTN_PE,D,20170822,000000,16.366,16.366,16.366,16.366,0,0
WTN_PE,D,20170823,000000,16.366,16.366,16.366,16.366,0,0
WTN_PE,D,20170824,000000,16.634,16.634,16.455,16.545,0,0
WTN_PE,D,20170825,000000,15.919,19.496,15.919,19.496,0,0
WTN_PE,D,20170828,000000,18.87,18.959,18.691,18.691,0,0
WTN_PE,D,20170829,000000,18.691,18.691,18.691,18.691,0,0
WTN_PE,D,20170830,000000,18.601,18.601,18.333,18.333,0,0
WTN_PE,D,20170831,000000,18.333,18.333,18.333,18.333,0,0
WTN_PE,D,20170901,000000,18.244,18.244,18.244,18.244,0,0
WTN_PE,D,20170904,000000,18.87,18.87,18.691,18.781,0,0
WTN_PE,D,20170905,000000,18.781,18.781,18.781,18.781,0,0
WTN_PE,D,20170906,000000,19.675,19.675,19.675,19.675,0,0
WTN_PE,D,20170907,000000,19.675,19.675,19.496,19.675,0,0
WTN_PE,D,20170908,000000,19.228,20.301,19.228,20.301,0,0
WTN_PE,D,20170911,000000,20.033,20.033,19.406,19.406,0,0
WTN_PE,D,20170912,000000,20.033,20.211,19.853,19.943,0,0
WTN_PE,D,20170913,000000,20.211,20.211,20.211,20.211,0,0
WTN_PE,D,20170914,000000,20.211,20.211,19.406,19.406,0,0
WTN_PE,D,20170915,000000,19.406,19.406,19.317,19.317,0,0
WTN_PE,D,20170918,000000,19.317,19.317,19.317,19.317,0,0
WTN_PE,D,20170919,000000,20.033,20.033,18.959,20.033,0,0
WTN_PE,D,20170920,000000,20.033,20.033,19.853,19.853,0,0
WTN_PE,D,20170921,000000,20.211,20.211,19.853,19.853,0,0
WTN_PE,D,20170922,000000,19.853,19.853,19.406,19.853,0,0
WTN_PE,D,20170925,000000,19.764,19.764,19.496,19.496,0,0
WTN_PE,D,20170926,000000,19.496,19.496,19.496,19.496,0,0
WTN_PE,D,20170927,000000,19.496,19.496,19.496,19.496,0,0
WTN_PE,D,20170928,000000,19.496,19.496,19.496,19.496,0,0
WTN_PE,D,20170929,000000,19.585,19.585,19.585,19.585,0,0
WTN_PE,D,20171002,000000,19.853,19.853,19.853,19.853,0,0
WTN_PE,D,20171003,000000,19.853,19.853,18.781,19.496,0,0
WTN_PE,D,20171004,000000,19.585,20.211,19.228,20.211,0,0
WTN_PE,D,20171005,000000,20.122,20.122,19.317,19.853,0,0
WTN_PE,D,20171006,000000,19.853,19.853,19.853,19.853,0,0
WTN_PE,D,20171009,000000,19.853,19.853,19.228,19.406,0,0
WTN_PE,D,20171010,000000,19.496,19.496,19.406,19.406,0,0
WTN_PE,D,20171011,000000,19.764,20.122,19.406,20.122,0,0
WTN_PE,D,20171012,000000,20.122,20.211,20.122,20.211,0,0
WTN_PE,D,20171013,000000,20.211,20.301,20.211,20.301,0,0
WTN_PE,D,20171016,000000,20.301,20.301,19.853,19.943,0,0
WTN_PE,D,20171017,000000,19.853,19.853,19.853,19.853,0,0
WTN_PE,D,20171018,000000,19.764,19.764,19.764,19.764,0,0
WTN_PE,D,20171019,000000,20.211,20.211,19.853,19.853,0,0
WTN_PE,D,20171020,000000,20.122,20.122,18.959,18.959,0,0
WTN_PE,D,20171023,000000,18.959,19.764,18.959,19.764,0,0
WTN_PE,D,20171024,000000,19.585,19.585,18.87,19.496,0,0
WTN_PE,D,20171025,000000,19.496,19.496,19.406,19.406,0,0
WTN_PE,D,20171026,000000,19.406,19.406,19.406,19.406,0,0
WTN_PE,D,20171027,000000,19.406,19.406,18.691,19.406,0,0
WTN_PE,D,20171030,000000,19.406,19.406,19.406,19.406,0,0
WTN_PE,D,20171031,000000,19.406,19.406,19.406,19.406,0,0
WTN_PE,D,20171102,000000,19.406,19.406,19.406,19.406,0,0
WTN_PE,D,20171103,000000,19.406,19.406,19.317,19.406,0,0
WTN_PE,D,20171106,000000,19.406,19.764,19.406,19.585,0,0
WTN_PE,D,20171107,000000,19.585,19.585,18.781,19.585,0,0
WTN_PE,D,20171108,000000,19.585,20.122,18.87,20.122,0,0
WTN_PE,D,20171109,000000,20.033,21.642,20.033,21.552,0,0
WTN_PE,D,20171110,000000,21.552,21.552,20.748,21.105,0,0
WTN_PE,D,20171113,000000,20.748,20.837,20.748,20.837,0,0
WTN_PE,D,20171114,000000,20.658,20.837,20.658,20.837,0,0
WTN_PE,D,20171115,000000,20.837,21.463,20.837,20.837,0,0
WTN_PE,D,20171116,000000,20.658,21.642,20.658,21.642,0,0
WTN_PE,D,20171117,000000,21.642,22.269,18.154,18.154,0,0
WTN_PE,D,20171120,000000,18.154,18.154,17.797,17.797,0,0
WTN_PE,D,20171121,000000,17.707,17.707,17.707,17.707,0,0
WTN_PE,D,20171122,000000,17.707,17.707,17.707,17.707,0,0
WTN_PE,D,20171123,000000,17.707,17.707,17.349,17.707,0,0
WTN_PE,D,20171124,000000,17.707,17.707,17.707,17.707,0,0
WTN_PE,D,20171127,000000,18.065,18.423,17.439,17.976,0,0
WTN_PE,D,20171128,000000,18.423,18.423,17.171,17.26,0,0
WTN_PE,D,20171129,000000,18.244,18.244,17.797,17.797,0,0
WTN_PE,D,20171130,000000,18.154,18.87,18.154,18.87,0,0
WTN_PE,D,20171201,000000,18.781,19.138,18.601,19.138,0,0
WTN_PE,D,20171204,000000,18.959,20.122,18.781,19.138,0,0
WTN_PE,D,20171205,000000,19.138,19.138,18.244,18.423,0,0
WTN_PE,D,20171206,000000,18.959,18.959,18.512,18.959,0,0
WTN_PE,D,20171207,000000,19.138,19.138,18.423,18.959,0,0
WTN_PE,D,20171208,000000,19.138,19.138,18.512,19.138,0,0
WTN_PE,D,20171211,000000,19.138,19.138,18.691,18.691,0,0
WTN_PE,D,20171212,000000,18.423,18.423,18.244,18.423,0,0
WTN_PE,D,20171213,000000,18.423,18.423,18.423,18.423,0,0
WTN_PE,D,20171214,000000,18.691,18.691,18.691,18.691,0,0
WTN_PE,D,20171215,000000,18.691,18.691,18.691,18.691,0,0
WTN_PE,D,20171218,000000,19.138,19.138,18.691,19.138,0,0
WTN_PE,D,20171219,000000,18.601,19.138,18.601,18.601,0,0
WTN_PE,D,20171220,000000,17.707,18.691,17.707,18.691,0,0
WTN_PE,D,20171221,000000,18.691,18.691,18.691,18.691,0,0
WTN_PE,D,20171222,000000,18.691,18.691,18.512,18.512,0,0
WTN_PE,D,20171227,000000,18.423,18.512,18.154,18.512,0,0
WTN_PE,D,20171228,000000,19.138,19.138,18.154,18.154,0,0
WTN_PE,D,20171229,000000,17.707,17.797,17.707,17.797,0,0
WTN_PE,D,20180103,000000,17.976,17.976,17.976,17.976,0,0
WTN_PE,D,20180104,000000,18.065,18.065,17.976,17.976,0,0
WTN_PE,D,20180105,000000,17.886,18.154,17.886,18.065,0,0
WTN_PE,D,20180108,000000,18.154,18.154,18.154,18.154,0,0
WTN_PE,D,20180109,000000,18.87,18.87,18.244,18.781,0,0
WTN_PE,D,20180110,000000,18.781,18.781,18.781,18.781,0,0
WTN_PE,D,20180111,000000,18.781,20.658,18.781,20.48,0,0
WTN_PE,D,20180112,000000,20.748,21.017,20.569,20.837,0,0
WTN_PE,D,20180115,000000,20.927,20.927,20.569,20.569,0,0
WTN_PE,D,20180116,000000,20.748,20.748,20.569,20.569,0,0
WTN_PE,D,20180117,000000,20.748,20.748,19.764,20.569,0,0
WTN_PE,D,20180118,000000,20.748,20.748,20.748,20.748,0,0
WTN_PE,D,20180119,000000,20.748,22.269,20.748,21.552,0,0
WTN_PE,D,20180122,000000,22,22,21.552,21.552,0,0
WTN_PE,D,20180123,000000,22,22,20.569,20.927,0,0
WTN_PE,D,20180124,000000,21.91,21.91,20.927,21.105,0,0
WTN_PE,D,20180125,000000,22,22,21.105,21.732,0,0
WTN_PE,D,20180126,000000,21.017,21.642,21.017,21.285,0,0
WTN_PE,D,20180129,000000,21.105,21.105,21.105,21.105,0,0
WTN_PE,D,20180130,000000,21.105,21.105,20.569,20.569,0,0
WTN_PE,D,20180131,000000,21.017,21.017,20.39,20.39,0,0
WTN_PE,D,20180201,000000,20.569,20.569,20.122,20.122,0,0
WTN_PE,D,20180202,000000,19.496,20.39,19.496,20.39,0,0
WTN_PE,D,20180205,000000,20.122,20.39,19.943,20.39,0,0
WTN_PE,D,20180206,000000,20.927,20.927,19.228,20.927,0,0
WTN_PE,D,20180207,000000,20.927,20.927,20.927,20.927,0,0
WTN_PE,D,20180208,000000,20.927,20.927,20.927,20.927,0,0
WTN_PE,D,20180209,000000,20.927,20.927,20.122,20.927,0,0
WTN_PE,D,20180212,000000,20.748,20.748,20.748,20.748,0,0
WTN_PE,D,20180213,000000,20.748,20.927,20.48,20.927,0,0
WTN_PE,D,20180214,000000,20.927,21.105,20.927,21.105,0,0
WTN_PE,D,20180215,000000,21.105,21.105,20.837,20.837,0,0
WTN_PE,D,20180216,000000,21.017,21.105,21.017,21.105,0,0
WTN_PE,D,20180219,000000,22,22,21.105,21.105,0,0
WTN_PE,D,20180220,000000,22,22,20.569,20.927,0,0
WTN_PE,D,20180221,000000,21.821,21.821,20.927,21.105,0,0
WTN_PE,D,20180222,000000,21.552,21.552,21.105,21.105,0,0
WTN_PE,D,20180223,000000,21.552,21.552,21.105,21.105,0,0
WTN_PE,D,20180226,000000,21.552,21.552,20.122,21.105,0,0
WTN_PE,D,20180227,000000,21.552,21.552,21.105,21.105,0,0
WTN_PE,D,20180228,000000,21.017,21.105,20.748,20.748,0,0
WTN_PE,D,20180301,000000,21.552,21.552,20.569,21.105,0,0
WTN_PE,D,20180302,000000,21.552,21.552,19.496,19.943,0,0
WTN_PE,D,20180305,000000,19.853,20.122,18.333,19.317,0,0
WTN_PE,D,20180306,000000,19.317,19.317,19.317,19.317,0,0
WTN_PE,D,20180307,000000,20.122,20.122,19.317,19.764,0,0
WTN_PE,D,20180308,000000,20.122,20.122,19.764,19.764,0,0
WTN_PE,D,20180309,000000,20.122,20.122,20.122,20.122,0,0
WTN_PE,D,20180312,000000,20.122,20.122,19.138,19.585,0,0
WTN_PE,D,20180313,000000,19.585,19.585,19.585,19.585,0,0
WTN_PE,D,20180314,000000,19.585,19.585,19.496,19.585,0,0
WTN_PE,D,20180315,000000,19.585,19.585,19.585,19.585,0,0
WTN_PE,D,20180316,000000,19.496,19.585,19.496,19.585,0,0
WTN_PE,D,20180319,000000,19.585,19.585,18.601,19.585,0,0
WTN_PE,D,20180320,000000,19.585,19.585,18.601,18.691,0,0
WTN_PE,D,20180321,000000,19.585,19.585,19.496,19.496,0,0
WTN_PE,D,20180322,000000,19.496,19.496,19.496,19.496,0,0
WTN_PE,D,20180323,000000,19.496,19.496,19.496,19.496,0,0
WTN_PE,D,20180326,000000,19.496,19.496,19.496,19.496,0,0
WTN_PE,D,20180327,000000,19.138,19.138,19.138,19.138,0,0
WTN_PE,D,20180328,000000,19.138,19.138,19.138,19.138,0,0
WTN_PE,D,20180329,000000,19.496,19.496,19.496,19.496,0,0
WTN_PE,D,20180403,000000,19.138,19.138,14.845,14.845,0,0
WTN_PE,D,20180404,000000,15.113,15.113,14.309,14.309,0,0
WTN_PE,D,20180405,000000,14.309,14.935,14.13,14.935,0,0
WTN_PE,D,20180406,000000,14.935,14.935,14.845,14.845,0,0
WTN_PE,D,20180409,000000,14.845,15.561,14.845,15.561,0,0
WTN_PE,D,20180410,000000,15.561,15.561,15.113,15.472,0,0
WTN_PE,D,20180411,000000,15.561,15.561,14.845,15.293,0,0
WTN_PE,D,20180412,000000,15.382,15.561,15.382,15.561,0,0
WTN_PE,D,20180413,000000,15.829,15.829,15.561,15.561,0,0
WTN_PE,D,20180416,000000,15.829,15.829,15.561,15.561,0,0
WTN_PE,D,20180417,000000,15.829,15.829,15.203,15.203,0,0
WTN_PE,D,20180418,000000,15.113,15.203,15.113,15.203,0,0
WTN_PE,D,20180419,000000,15.561,15.561,15.203,15.293,0,0
WTN_PE,D,20180420,000000,15.203,15.293,15.203,15.293,0,0
WTN_PE,D,20180423,000000,15.561,15.561,15.203,15.561,0,0
WTN_PE,D,20180424,000000,15.203,15.203,15.203,15.203,0,0
WTN_PE,D,20180425,000000,15.472,15.472,14.488,14.845,0,0
WTN_PE,D,20180426,000000,14.845,14.845,14.666,14.845,0,0
WTN_PE,D,20180427,000000,14.845,14.845,14.845,14.845,0,0
WTN_PE,D,20180430,000000,14.845,14.845,14.845,14.845,0,0
WTN_PE,D,20180502,000000,14.845,14.845,14.845,14.845,0,0
WTN_PE,D,20180504,000000,14.845,14.845,14.13,14.666,0,0
WTN_PE,D,20180507,000000,14.666,15.382,14.666,14.845,0,0
WTN_PE,D,20180508,000000,15.472,15.472,14.041,14.041,0,0
WTN_PE,D,20180509,000000,14.22,14.756,14.22,14.756,0,0
WTN_PE,D,20180510,000000,15.113,15.113,15.113,15.113,0,0
WTN_PE,D,20180511,000000,15.382,15.382,15.382,15.382,0,0
WTN_PE,D,20180514,000000,15.561,15.561,15.203,15.561,0,0
WTN_PE,D,20180515,000000,15.74,15.74,14.756,15.113,0,0
WTN_PE,D,20180516,000000,15.203,15.203,14.845,15.203,0,0
WTN_PE,D,20180517,000000,15.203,15.203,14.13,14.309,0,0
WTN_PE,D,20180518,000000,14.398,14.845,12.074,12.074,0,0
WTN_PE,D,20180521,000000,12.431,12.431,12.162,12.162,0,0
WTN_PE,D,20180522,000000,12.156,12.249,12.156,12.249,0,0
WTN_PE,D,20180523,000000,12.436,12.436,12.436,12.436,0,0
WTN_PE,D,20180524,000000,12.717,12.717,12.436,12.717,0,0
WTN_PE,D,20180525,000000,12.717,12.717,12.717,12.717,0,0
WTN_PE,D,20180528,000000,12.717,12.717,12.717,12.717,0,0
WTN_PE,D,20180529,000000,12.717,12.717,11.969,12.717,0,0
WTN_PE,D,20180530,000000,12.717,12.717,12.717,12.717,0,0
WTN_PE,D,20180601,000000,12.53,12.623,12.53,12.623,0,0
WTN_PE,D,20180604,000000,12.717,12.717,11.875,12.623,0,0
WTN_PE,D,20180605,000000,12.623,12.717,12.623,12.717,0,0
WTN_PE,D,20180606,000000,12.904,12.904,11.969,12.717,0,0
WTN_PE,D,20180607,000000,12.249,12.53,12.249,12.53,0,0
WTN_PE,D,20180608,000000,12.53,12.53,12.062,12.53,0,0
WTN_PE,D,20180611,000000,12.53,12.53,12.53,12.53,0,0
WTN_PE,D,20180612,000000,12.436,12.53,12.436,12.53,0,0
WTN_PE,D,20180613,000000,12.436,12.436,12.436,12.436,0,0
WTN_PE,D,20180614,000000,12.436,12.436,11.875,12.436,0,0
WTN_PE,D,20180615,000000,12.436,12.436,12.343,12.343,0,0
WTN_PE,D,20180618,000000,12.343,12.53,11.782,12.53,0,0
WTN_PE,D,20180619,000000,12.53,12.53,11.595,12.53,0,0
WTN_PE,D,20180620,000000,12.53,12.53,12.53,12.53,0,0
WTN_PE,D,20180621,000000,12.062,12.062,11.595,12.062,0,0
WTN_PE,D,20180622,000000,12.062,12.062,12.062,12.062,0,0
WTN_PE,D,20180625,000000,12.53,12.53,12.53,12.53,0,0
WTN_PE,D,20180626,000000,12.53,12.53,12.53,12.53,0,0
WTN_PE,D,20180627,000000,12.062,12.062,11.595,11.595,0,0
WTN_PE,D,20180628,000000,12.062,12.062,11.501,11.501,0,0
WTN_PE,D,20180629,000000,12.53,12.53,11.501,12.062,0,0
WTN_PE,D,20180702,000000,12.53,12.53,12.53,12.53,0,0
WTN_PE,D,20180703,000000,12.062,12.062,12.062,12.062,0,0
WTN_PE,D,20180704,000000,12.249,12.249,12.249,12.249,0,0
WTN_PE,D,20180705,000000,11.875,11.875,11.408,11.501,0,0
WTN_PE,D,20180706,000000,11.501,11.782,11.501,11.782,0,0
WTN_PE,D,20180709,000000,11.875,11.875,11.875,11.875,0,0
WTN_PE,D,20180710,000000,11.969,11.969,11.875,11.875,0,0
WTN_PE,D,20180711,000000,11.875,11.875,11.501,11.875,0,0
WTN_PE,D,20180712,000000,11.875,11.875,11.782,11.782,0,0
WTN_PE,D,20180713,000000,11.875,11.875,11.875,11.875,0,0
WTN_PE,D,20180716,000000,11.875,11.875,11.875,11.875,0,0
WTN_PE,D,20180717,000000,11.875,11.875,11.875,11.875,0,0
WTN_PE,D,20180718,000000,11.782,11.782,11.782,11.782,0,0
WTN_PE,D,20180719,000000,11.782,11.782,11.314,11.408,0,0
WTN_PE,D,20180720,000000,11.595,11.688,11.595,11.688,0,0
WTN_PE,D,20180723,000000,11.688,11.782,11.408,11.688,0,0
WTN_PE,D,20180724,000000,11.688,11.782,11.688,11.782,0,0
WTN_PE,D,20180725,000000,11.782,11.782,11.408,11.595,0,0
WTN_PE,D,20180726,000000,11.782,11.782,11.127,11.408,0,0
WTN_PE,D,20180727,000000,11.782,11.782,11.127,11.127,0,0
WTN_PE,D,20180730,000000,11.127,11.501,11.127,11.127,0,0
WTN_PE,D,20180731,000000,11.127,11.127,11.034,11.127,0,0
WTN_PE,D,20180801,000000,11.034,11.501,11.034,11.501,0,0
WTN_PE,D,20180802,000000,11.408,11.408,11.408,11.408,0,0
WTN_PE,D,20180803,000000,11.408,11.408,11.127,11.408,0,0
WTN_PE,D,20180806,000000,11.875,11.875,11.221,11.595,0,0
WTN_PE,D,20180807,000000,11.875,11.875,11.688,11.688,0,0
WTN_PE,D,20180808,000000,11.782,11.782,11.688,11.688,0,0
WTN_PE,D,20180809,000000,11.688,11.688,11.688,11.688,0,0
WTN_PE,D,20180810,000000,11.688,11.875,11.501,11.875,0,0
WTN_PE,D,20180813,000000,11.875,11.875,11.782,11.782,0,0
WTN_PE,D,20180814,000000,11.782,11.782,11.408,11.408,0,0
WTN_PE,D,20180816,000000,11.688,11.782,11.688,11.782,0,0
WTN_PE,D,20180817,000000,11.782,11.782,11.782,11.782,0,0
WTN_PE,D,20180820,000000,11.782,11.782,11.782,11.782,0,0
WTN_PE,D,20180821,000000,11.782,11.782,11.782,11.782,0,0
WTN_PE,D,20180822,000000,11.782,11.782,11.782,11.782,0,0
WTN_PE,D,20180823,000000,11.688,11.688,11.408,11.688,0,0
WTN_PE,D,20180824,000000,11.688,11.688,11.314,11.688,0,0
WTN_PE,D,20180827,000000,11.782,11.782,11.782,11.782,0,0
WTN_PE,D,20180828,000000,11.782,11.782,11.127,11.595,0,0
WTN_PE,D,20180829,000000,11.782,11.782,11.688,11.688,0,0
WTN_PE,D,20180830,000000,11.782,11.782,11.034,11.501,0,0
WTN_PE,D,20180831,000000,11.688,11.688,11.034,11.688,0,0
WTN_PE,D,20180903,000000,11.688,11.688,11.688,11.688,0,0
WTN_PE,D,20180904,000000,11.688,11.688,11.595,11.595,0,0
WTN_PE,D,20180905,000000,11.501,11.501,10.192,10.192,0,0
WTN_PE,D,20180906,000000,10.192,10.379,10.099,10.379,0,0
WTN_PE,D,20180907,000000,10.286,10.286,10.286,10.286,0,0
WTN_PE,D,20180910,000000,10.286,10.286,9.725,10.005,0,0
WTN_PE,D,20180911,000000,10.286,10.286,9.725,9.725,0,0
WTN_PE,D,20180912,000000,9.912,9.912,9.725,9.725,0,0
WTN_PE,D,20180913,000000,9.725,9.725,9.3506,9.3506,0,0
WTN_PE,D,20180914,000000,9.3506,9.631,9.3506,9.631,0,0
WTN_PE,D,20180917,000000,9.631,9.631,9.4442,9.631,0,0
WTN_PE,D,20180918,000000,9.631,9.631,9.1636,9.1636,0,0
WTN_PE,D,20180919,000000,9.1636,9.4442,9.1636,9.1636,0,0
WTN_PE,D,20180920,000000,9.1636,9.818,9.1636,9.818,0,0
WTN_PE,D,20180921,000000,10.099,10.099,8.4156,8.4156,0,0
WTN_PE,D,20180924,000000,8.4156,8.6026,8.4156,8.6026,0,0
WTN_PE,D,20180925,000000,8.6026,8.6026,8.6026,8.6026,0,0
WTN_PE,D,20180926,000000,8.9766,8.9766,8.6026,8.6026,0,0
WTN_PE,D,20180927,000000,8.6961,8.6961,8.6961,8.6961,0,0
WTN_PE,D,20180928,000000,9.1636,9.1636,8.6961,8.7896,0,0
WTN_PE,D,20181001,000000,8.7896,8.7896,8.7896,8.7896,0,0
WTN_PE,D,20181002,000000,8.6961,8.6961,8.6961,8.6961,0,0
WTN_PE,D,20181003,000000,8.8831,8.8831,8.7896,8.8831,0,0
WTN_PE,D,20181004,000000,8.9766,9.0701,8.8831,9.0701,0,0
WTN_PE,D,20181005,000000,9.3506,9.3506,9.1636,9.3506,0,0
WTN_PE,D,20181008,000000,9.3506,9.3506,9.3506,9.3506,0,0
WTN_PE,D,20181009,000000,9.3506,9.3506,8.8831,9.2571,0,0
WTN_PE,D,20181010,000000,9.3506,9.3506,8.9766,9.0701,0,0
WTN_PE,D,20181011,000000,9.3506,9.3506,8.8831,8.9766,0,0
WTN_PE,D,20181012,000000,9.3506,9.3506,8.9766,9.0701,0,0
WTN_PE,D,20181015,000000,9.0701,9.0701,9.0701,9.0701,0,0
WTN_PE,D,20181016,000000,9.0701,9.0701,8.9766,8.9766,0,0
WTN_PE,D,20181017,000000,8.9766,8.9766,8.9766,8.9766,0,0
WTN_PE,D,20181018,000000,9.0701,9.0701,8.9766,8.9766,0,0
WTN_PE,D,20181019,000000,8.9766,8.9766,8.6961,8.7896,0,0
WTN_PE,D,20181022,000000,8.9766,8.9766,8.6026,8.7896,0,0
WTN_PE,D,20181023,000000,8.9766,8.9766,8.7896,8.7896,0,0
WTN_PE,D,20181024,000000,8.7896,8.7896,8.6026,8.6026,0,0
WTN_PE,D,20181025,000000,8.8831,8.8831,8.5091,8.6026,0,0
WTN_PE,D,20181026,000000,8.7896,8.7896,8.6026,8.7896,0,0
WTN_PE,D,20181029,000000,9.3506,9.3506,8.6961,8.6961,0,0
WTN_PE,D,20181030,000000,8.7896,8.7896,8.6961,8.6961,0,0
WTN_PE,D,20181031,000000,8.6961,8.6961,7.9481,8.4156,0,0
WTN_PE,D,20181102,000000,8.3221,8.6026,8.3221,8.4156,0,0
WTN_PE,D,20181105,000000,8.3221,8.4156,8.3221,8.4156,0,0
WTN_PE,D,20181106,000000,8.6026,8.6026,8.1351,8.1351,0,0
WTN_PE,D,20181107,000000,8.1351,8.1351,7.8545,8.0416,0,0
WTN_PE,D,20181108,000000,7.9481,7.9481,7.6675,7.761,0,0
WTN_PE,D,20181109,000000,7.761,7.761,7.1065,7.2935,0,0
WTN_PE,D,20181113,000000,7.2935,7.2935,6.9195,6.9195,0,0
WTN_PE,D,20181114,000000,6.9195,6.9195,6.5455,6.639,0,0
WTN_PE,D,20181115,000000,6.639,6.639,6.2649,6.2649,0,0
WTN_PE,D,20181116,000000,6.1714,6.9195,6.1714,6.826,0,0
WTN_PE,D,20181119,000000,7.013,7.013,5.7039,5.7039,0,0
WTN_PE,D,20181120,000000,5.7039,5.7974,5.6104,5.7974,0,0
WTN_PE,D,20181121,000000,5.8909,5.9844,5.8909,5.9844,0,0
WTN_PE,D,20181122,000000,6.0779,6.0779,5.5169,5.7974,0,0
WTN_PE,D,20181123,000000,5.8909,5.9844,5.8909,5.9844,0,0
WTN_PE,D,20181126,000000,6.0779,6.0779,5.9844,5.9844,0,0
WTN_PE,D,20181127,000000,5.9844,6.1714,5.8909,6.0779,0,0
WTN_PE,D,20181128,000000,6.1714,6.7325,6.1714,6.7325,0,0
WTN_PE,D,20181129,000000,7.1065,7.1065,6.7325,6.7325,0,0
WTN_PE,D,20181130,000000,6.7325,7.1065,6.7325,6.9195,0,0
WTN_PE,D,20181203,000000,7.1065,7.387,6.9195,7.387,0,0
WTN_PE,D,20181204,000000,7.574,7.574,7.4805,7.4805,0,0
WTN_PE,D,20181205,000000,7.4805,7.4805,7.2,7.387,0,0
WTN_PE,D,20181206,000000,7.387,7.387,7.387,7.387,0,0
WTN_PE,D,20181207,000000,7.574,7.574,7.2,7.4805,0,0
WTN_PE,D,20181210,000000,7.9481,7.9481,7.574,7.574,0,0
WTN_PE,D,20181211,000000,8.0416,8.0416,7.574,8.0416,0,0
WTN_PE,D,20181212,000000,8.2286,8.2286,8.1351,8.1351,0,0
WTN_PE,D,20181213,000000,8.2286,8.2286,7.761,7.761,0,0
WTN_PE,D,20181214,000000,8.1351,8.1351,7.761,7.9481,0,0
WTN_PE,D,20181217,000000,7.9481,7.9481,7.4805,7.8545,0,0
WTN_PE,D,20181218,000000,7.8545,7.8545,7.387,7.4805,0,0
WTN_PE,D,20181219,000000,7.8545,7.8545,7.2935,7.2935,0,0
WTN_PE,D,20181220,000000,7.2935,7.4805,7.2935,7.4805,0,0
WTN_PE,D,20181221,000000,7.6675,7.6675,7.4805,7.4805,0,0
WTN_PE,D,20181227,000000,7.9481,7.9481,7.4805,7.6675,0,0
WTN_PE,D,20181228,000000,7.8545,7.8545,7.6675,7.8545,0,0
WTN_PE,D,20190102,000000,7.8545,7.8545,7.4805,7.574,0,0
WTN_PE,D,20190103,000000,7.8545,7.8545,7.4805,7.6675,0,0
WTN_PE,D,20190104,000000,7.8545,7.8545,7.387,7.6675,0,0
WTN_PE,D,20190107,000000,7.6675,7.6675,7.2935,7.6675,0,0
WTN_PE,D,20190108,000000,7.6675,7.6675,7.387,7.574,0,0
WTN_PE,D,20190109,000000,7.6675,7.6675,7.387,7.4805,0,0
WTN_PE,D,20190110,000000,7.761,7.761,7.6675,7.6675,0,0
WTN_PE,D,20190111,000000,7.6675,7.6675,7.6675,7.6675,0,0
WTN_PE,D,20190114,000000,7.6675,7.9481,7.4805,7.9481,0,0
WTN_PE,D,20190115,000000,7.9481,8.0416,7.761,7.9481,0,0
WTN_PE,D,20190116,000000,8.3221,8.3221,8.1351,8.2286,0,0
WTN_PE,D,20190117,000000,8.4156,8.4156,8.3221,8.3221,0,0
WTN_PE,D,20190118,000000,8.3221,8.3221,8.3221,8.3221,0,0
WTN_PE,D,20190121,000000,8.3221,8.3221,7.9481,8.1351,0,0
WTN_PE,D,20190122,000000,8.2286,8.2286,7.9481,7.9481,0,0
WTN_PE,D,20190123,000000,7.9481,7.9481,7.9481,7.9481,0,0
WTN_PE,D,20190124,000000,7.9481,7.9481,7.8545,7.9481,0,0
WTN_PE,D,20190125,000000,7.8545,7.9481,7.8545,7.9481,0,0
WTN_PE,D,20190128,000000,8.0416,8.0416,7.9481,7.9481,0,0
WTN_PE,D,20190129,000000,8.2286,8.2286,7.9481,8.1351,0,0
WTN_PE,D,20190130,000000,8.2286,8.2286,7.9481,7.9481,0,0
WTN_PE,D,20190131,000000,7.9481,7.9481,7.9481,7.9481,0,0
WTN_PE,D,20190201,000000,7.8545,7.8545,7.8545,7.8545,0,0
WTN_PE,D,20190204,000000,7.9481,7.9481,7.9481,7.9481,0,0
WTN_PE,D,20190205,000000,7.761,7.8545,7.761,7.8545,0,0
WTN_PE,D,20190206,000000,8.2286,8.2286,7.761,7.9481,0,0
WTN_PE,D,20190207,000000,8.2286,8.2286,8.2286,8.2286,0,0
WTN_PE,D,20190208,000000,8.2286,8.2286,7.9481,7.9481,0,0
WTN_PE,D,20190211,000000,8.2286,8.2286,7.761,7.9481,0,0
WTN_PE,D,20190212,000000,7.761,7.761,7.761,7.761,0,0
WTN_PE,D,20190213,000000,8.0416,8.0416,7.761,7.9481,0,0
WTN_PE,D,20190214,000000,7.9481,7.9481,7.761,7.9481,0,0
WTN_PE,D,20190215,000000,7.9481,7.9481,7.9481,7.9481,0,0
WTN_PE,D,20190218,000000,7.9481,7.9481,7.8545,7.8545,0,0
WTN_PE,D,20190219,000000,8.0416,8.0416,7.8545,7.8545,0,0
WTN_PE,D,20190220,000000,8.0416,8.0416,7.761,7.761,0,0
WTN_PE,D,20190221,000000,7.761,7.761,7.6675,7.6675,0,0
WTN_PE,D,20190222,000000,7.9481,7.9481,7.574,7.6675,0,0
WTN_PE,D,20190225,000000,7.9481,7.9481,7.8545,7.8545,0,0
WTN_PE,D,20190226,000000,8.0416,8.0416,7.574,7.574,0,0
WTN_PE,D,20190227,000000,7.6675,7.8545,7.6675,7.6675,0,0
WTN_PE,D,20190228,000000,7.9481,7.9481,7.8545,7.8545,0,0
WTN_PE,D,20190301,000000,7.9481,7.9481,7.8545,7.8545,0,0
WTN_PE,D,20190304,000000,7.9481,7.9481,7.8545,7.8545,0,0
WTN_PE,D,20190305,000000,7.9481,8.1351,7.9481,8.0416,0,0
WTN_PE,D,20190306,000000,8.3221,8.3221,8.1351,8.1351,0,0
WTN_PE,D,20190307,000000,8.2286,8.2286,8.1351,8.1351,0,0
WTN_PE,D,20190308,000000,8.2286,8.2286,8.0416,8.0416,0,0
WTN_PE,D,20190311,000000,8.2286,8.2286,8.0416,8.0416,0,0
WTN_PE,D,20190312,000000,8.1351,8.1351,7.9481,8.0416,0,0
WTN_PE,D,20190313,000000,8.0416,8.0416,8.0416,8.0416,0,0
WTN_PE,D,20190314,000000,8.2286,8.2286,8.0416,8.1351,0,0
WTN_PE,D,20190315,000000,8.2286,8.2286,7.9481,8.1351,0,0
WTN_PE,D,20190318,000000,8.1351,8.2286,8.1351,8.2286,0,0
WTN_PE,D,20190319,000000,8.2286,8.2286,8.0416,8.0416,0,0
WTN_PE,D,20190320,000000,8.2286,8.2286,7.9481,7.9481,0,0
WTN_PE,D,20190321,000000,8.1351,8.1351,8.0416,8.0416,0,0
WTN_PE,D,20190322,000000,8.2286,8.2286,8.1351,8.1351,0,0
WTN_PE,D,20190325,000000,8.0416,8.1351,7.8545,8.1351,0,0
WTN_PE,D,20190326,000000,8.1351,8.1351,8.1351,8.1351,0,0
WTN_PE,D,20190327,000000,8.2286,8.2286,7.9481,7.9481,0,0
WTN_PE,D,20190328,000000,8.0416,8.0416,7.9481,8.0416,0,0
WTN_PE,D,20190329,000000,8.3221,9.1636,8.3221,9.1636,0,0
WTN_PE,D,20190401,000000,9.0701,9.0701,8.7896,8.7896,0,0
WTN_PE,D,20190402,000000,8.9766,8.9766,8.7896,8.7896,0,0
WTN_PE,D,20190403,000000,8.9766,8.9766,8.7896,8.7896,0,0
WTN_PE,D,20190404,000000,8.7896,9.0701,8.7896,8.9766,0,0
WTN_PE,D,20190405,000000,8.9766,9.0701,8.9766,9.0701,0,0
WTN_PE,D,20190408,000000,9.0701,9.538,9.0701,9.3506,0,0
WTN_PE,D,20190409,000000,9.538,9.538,9.2571,9.2571,0,0
WTN_PE,D,20190410,000000,9.538,9.538,9.4442,9.538,0,0
WTN_PE,D,20190411,000000,9.538,9.912,9.4442,9.912,0,0
WTN_PE,D,20190412,000000,9.912,9.912,9.538,9.725,0,0
WTN_PE,D,20190415,000000,10.192,10.192,9.818,9.818,0,0
WTN_PE,D,20190416,000000,9.818,9.818,9.538,9.538,0,0
WTN_PE,D,20190417,000000,9.538,9.538,9.2571,9.2571,0,0
WTN_PE,D,20190418,000000,9.3506,9.3506,9.1636,9.1636,0,0
WTN_PE,D,20190423,000000,9.1636,9.4442,9.1636,9.2571,0,0
WTN_PE,D,20190424,000000,9.4442,9.4442,9.2571,9.2571,0,0
WTN_PE,D,20190425,000000,9.3506,9.3506,9.1636,9.1636,0,0
WTN_PE,D,20190426,000000,9.2571,9.3506,9.2571,9.3506,0,0
WTN_PE,D,20190429,000000,9.3506,9.3506,9.2571,9.3506,0,0
WTN_PE,D,20190430,000000,9.3506,9.3506,9.1636,9.1636,0,0
WTN_PE,D,20190502,000000,9.1636,9.1636,9.1636,9.1636,0,0
WTN_PE,D,20190506,000000,9.2571,9.2571,9.2571,9.2571,0,0
WTN_PE,D,20190507,000000,9.2571,9.2571,9.0701,9.0701,0,0
WTN_PE,D,20190508,000000,9.1636,9.1636,9.0701,9.1636,0,0
WTN_PE,D,20190509,000000,9.2571,9.2571,9.1636,9.1636,0,0
WTN_PE,D,20190510,000000,9.1636,9.1636,9.1636,9.1636,0,0
WTN_PE,D,20190513,000000,9.1636,9.1636,9.0701,9.0701,0,0
WTN_PE,D,20190514,000000,9.0701,9.1636,9.0701,9.1636,0,0
WTN_PE,D,20190515,000000,9.2571,9.2571,9.1636,9.1636,0,0
WTN_PE,D,20190516,000000,9.2571,9.2571,9.0701,9.0701,0,0
WTN_PE,D,20190517,000000,8.9766,8.9766,8.5091,8.6961,0,0
WTN_PE,D,20190520,000000,8.6961,8.8831,8.6961,8.7896,0,0
WTN_PE,D,20190521,000000,8.9766,8.9766,8.9766,8.9766,0,0
WTN_PE,D,20190522,000000,8.6961,8.8831,8.6961,8.6961,0,0
WTN_PE,D,20190523,000000,8.7896,8.7896,8.4156,8.6026,0,0
WTN_PE,D,20190524,000000,8.7896,8.7896,8.6026,8.6026,0,0
WTN_PE,D,20190527,000000,8.7896,8.7896,8.2286,8.3221,0,0
WTN_PE,D,20190528,000000,8.6026,8.6026,8.5091,8.6026,0,0
WTN_PE,D,20190529,000000,8.6026,8.6026,8.4156,8.6026,0,0
WTN_PE,D,20190530,000000,8.6026,8.6026,8.4156,8.5091,0,0
WTN_PE,D,20190531,000000,8.5091,8.5091,8.4156,8.4156,0,0
WTN_PE,D,20190603,000000,8.5091,8.5091,8.5091,8.5091,0,0
WTN_PE,D,20190604,000000,8.5091,8.6961,8.5091,8.6961,0,0
WTN_PE,D,20190605,000000,8.7896,8.7896,8.4156,8.7896,0,0
WTN_PE,D,20190606,000000,8.7896,9.0701,8.5091,9.0701,0,0
WTN_PE,D,20190607,000000,9.0701,9.0701,8.6026,8.6961,0,0
WTN_PE,D,20190610,000000,8.7896,8.7896,8.5091,8.7896,0,0
WTN_PE,D,20190611,000000,8.7896,9.1636,8.7896,8.8831,0,0
WTN_PE,D,20190612,000000,8.8831,8.8831,8.5091,8.6026,0,0
WTN_PE,D,20190613,000000,8.8,8.8,8.5,8.5,0,0
WTN_PE,D,20190614,000000,8.7,8.8,8.7,8.8,0,0
WTN_PE,D,20190617,000000,8.8,8.8,8.7,8.7,0,0
WTN_PE,D,20190618,000000,8.8,9,8.8,9,0,0
WTN_PE,D,20190619,000000,9,9,8.9,9,0,0
WTN_PE,D,20190621,000000,9,9,8.9,8.9,0,0
WTN_PE,D,20190624,000000,8.8,8.9,8.8,8.9,0,0
WTN_PE,D,20190625,000000,8.8,8.8,8.8,8.8,0,0
WTN_PE,D,20190626,000000,8.8,8.8,8.8,8.8,0,0
WTN_PE,D,20190627,000000,8.8,9,8.8,9,0,0
WTN_PE,D,20190628,000000,9,9,9,9,0,0
WTN_PE,D,20190701,000000,8.9,8.9,8.9,8.9,0,0
WTN_PE,D,20190702,000000,9,9,9,9,0,0
WTN_PE,D,20190703,000000,9,9,9,9,0,0
WTN_PE,D,20190704,000000,9,9,9,9,0,0
WTN_PE,D,20190705,000000,9.1,9.4,8.9,9.4,0,0
WTN_PE,D,20190708,000000,9.4,9.4,9.4,9.4,0,0
WTN_PE,D,20190709,000000,9.4,9.4,8.8,8.8,0,0
WTN_PE,D,20190710,000000,9.2,9.2,8.9,8.9,0,0
WTN_PE,D,20190711,000000,9,9.2,9,9.2,0,0
WTN_PE,D,20190712,000000,9.2,9.2,9.2,9.2,0,0
WTN_PE,D,20190715,000000,9.2,9.2,9.1,9.1,0,0
WTN_PE,D,20190716,000000,9.2,9.2,9,9,0,0
WTN_PE,D,20190717,000000,9.1,9.1,9.1,9.1,0,0
WTN_PE,D,20190718,000000,9.2,9.2,9.2,9.2,0,0
WTN_PE,D,20190719,000000,9.2,9.2,9.1,9.1,0,0
WTN_PE,D,20190722,000000,9.2,9.2,9.1,9.2,0,0
WTN_PE,D,20190723,000000,9.1,9.1,9.1,9.1,0,0
WTN_PE,D,20190724,000000,9.2,9.2,9.1,9.1,0,0
WTN_PE,D,20190725,000000,9.2,9.2,9.2,9.2,0,0
WTN_PE,D,20190726,000000,9.2,9.2,9.1,9.1,0,0
WTN_PE,D,20190729,000000,9.2,9.2,9.2,9.2,0,0
WTN_PE,D,20190730,000000,9.2,9.2,9.1,9.1,0,0
WTN_PE,D,20190731,000000,9.2,9.2,9.1,9.1,0,0
WTN_PE,D,20190801,000000,9.1,9.1,9.1,9.1,0,0
WTN_PE,D,20190802,000000,9.1,9.1,9.1,9.1,0,0
WTN_PE,D,20190805,000000,9.1,9.1,9.1,9.1,0,0
WTN_PE,D,20190806,000000,9.1,9.1,9.1,9.1,0,0
WTN_PE,D,20190807,000000,9.2,9.2,9.1,9.1,0,0
WTN_PE,D,20190808,000000,9.2,9.2,9.1,9.1,0,0
WTN_PE,D,20190809,000000,9.2,9.2,9,9.1,0,0
WTN_PE,D,20190812,000000,9.2,9.2,9.1,9.2,0,0
WTN_PE,D,20190813,000000,9.1,9.2,9.1,9.1,0,0
WTN_PE,D,20190814,000000,9.2,9.2,9.1,9.1,0,0
WTN_PE,D,20190816,000000,9.1,9.1,9.1,9.1,0,0
WTN_PE,D,20190819,000000,9.2,9.2,9.1,9.1,0,0
WTN_PE,D,20190820,000000,9.2,9.2,9.2,9.2,0,0
WTN_PE,D,20190821,000000,9.2,9.2,9.2,9.2,0,0
WTN_PE,D,20190822,000000,9.2,9.2,9,9,0,0
WTN_PE,D,20190823,000000,9,9.2,9,9.2,0,0
WTN_PE,D,20190826,000000,9.2,9.2,9.2,9.2,0,0
WTN_PE,D,20190827,000000,9.2,9.2,9,9,0,0
WTN_PE,D,20190828,000000,9.2,9.2,9,9,0,0
WTN_PE,D,20190829,000000,9.2,9.2,8.9,8.9,0,0
WTN_PE,D,20190830,000000,9.2,9.2,8.9,8.9,0,0
WTN_PE,D,20190902,000000,8.9,9.2,8.8,9.2,0,0
WTN_PE,D,20190903,000000,9.2,9.2,9.2,9.2,0,0
WTN_PE,D,20190904,000000,9.3,9.3,8.9,9.2,0,0
WTN_PE,D,20190905,000000,9.2,9.2,9.2,9.2,0,0
WTN_PE,D,20190906,000000,9.2,9.2,9.2,9.2,0,0
WTN_PE,D,20190909,000000,9.3,9.3,9.2,9.2,0,0
WTN_PE,D,20190910,000000,9.4,9.4,9.4,9.4,0,0
WTN_PE,D,20190911,000000,9.4,9.4,9.4,9.4,0,0
WTN_PE,D,20190912,000000,9.5,9.5,9.5,9.5,0,0
WTN_PE,D,20190913,000000,9.5,9.5,9.2,9.2,0,0
WTN_PE,D,20190916,000000,9.5,9.5,8.9,8.9,0,0
WTN_PE,D,20190917,000000,8.9,9,8.9,9,0,0
WTN_PE,D,20190918,000000,9,9.4,9,9.3,0,0
WTN_PE,D,20190919,000000,9.5,9.5,8.9,9,0,0
WTN_PE,D,20190920,000000,8.8,9.1,8.5,9.1,0,0
WTN_PE,D,20190923,000000,9.4,9.4,8.8,8.8,0,0
WTN_PE,D,20190924,000000,8.9,8.9,8.8,8.8,0,0
WTN_PE,D,20190925,000000,8.9,9,8.9,9,0,0
WTN_PE,D,20190926,000000,9,9,9,9,0,0
WTN_PE,D,20190927,000000,9,9.3,9,9.1,0,0
WTN_PE,D,20190930,000000,9.2,9.2,9,9.1,0,0
WTN_PE,D,20191001,000000,9.4,9.4,9.3,9.3,0,0
WTN_PE,D,20191002,000000,9.3,9.3,8.9,9,0,0
WTN_PE,D,20191003,000000,9,9,9,9,0,0
WTN_PE,D,20191004,000000,9.1,9.1,9,9,0,0
WTN_PE,D,20191007,000000,9.2,9.2,8.8,8.8,0,0
WTN_PE,D,20191008,000000,8.8,8.8,8.8,8.8,0,0
WTN_PE,D,20191009,000000,8.8,8.8,8.1,8.4,0,0
WTN_PE,D,20191010,000000,8.4,8.4,8.4,8.4,0,0
WTN_PE,D,20191011,000000,8.5,8.5,8.5,8.5,0,0
WTN_PE,D,20191015,000000,8.5,8.5,8.5,8.5,0,0
WTN_PE,D,20191016,000000,8.8,8.8,8.6,8.7,0,0
WTN_PE,D,20191017,000000,8.7,8.8,8.7,8.8,0,0
WTN_PE,D,20191018,000000,8.9,8.9,8.8,8.8,0,0
WTN_PE,D,20191021,000000,8.8,8.8,8.4,8.7,0,0
WTN_PE,D,20191022,000000,8.8,8.8,8.7,8.7,0,0
WTN_PE,D,20191023,000000,8.7,8.7,8.4,8.4,0,0
WTN_PE,D,20191024,000000,8.7,8.7,8.5,8.5,0,0
WTN_PE,D,20191025,000000,8.5,8.8,8.5,8.8,0,0
WTN_PE,D,20191028,000000,8.9,8.9,8.8,8.8,0,0
WTN_PE,D,20191029,000000,8.9,8.9,8.9,8.9,0,0
WTN_PE,D,20191030,000000,8.9,8.9,8.9,8.9,0,0
WTN_PE,D,20191031,000000,8.9,8.9,8.7,8.9,0,0
WTN_PE,D,20191104,000000,8.9,8.9,8.8,8.8,0,0
WTN_PE,D,20191105,000000,8.5,8.8,8.5,8.8,0,0
WTN_PE,D,20191106,000000,8.7,8.8,8.7,8.7,0,0
WTN_PE,D,20191107,000000,8.9,8.9,8.8,8.8,0,0
WTN_PE,D,20191108,000000,8.8,8.8,8.5,8.5,0,0
WTN_PE,D,20191112,000000,8.7,8.7,8.4,8.7,0,0
WTN_PE,D,20191113,000000,8.7,8.7,8.7,8.7,0,0
WTN_PE,D,20191114,000000,8.7,8.7,8.4,8.4,0,0
WTN_PE,D,20191115,000000,8.2,10.7,8.1,10.7,0,0
WTN_PE,D,20191118,000000,10.7,10.9,10.7,10.8,0,0
WTN_PE,D,20191119,000000,11,11,10.6,10.6,0,0
WTN_PE,D,20191120,000000,10.6,10.6,10.4,10.6,0,0
WTN_PE,D,20191121,000000,10.6,10.6,10.4,10.4,0,0
WTN_PE,D,20191122,000000,10.6,10.6,10.2,10.3,0,0
WTN_PE,D,20191125,000000,10.3,10.7,10.3,10.6,0,0
WTN_PE,D,20191126,000000,10.8,10.8,10.6,10.8,0,0
WTN_PE,D,20191127,000000,10.8,10.8,10.8,10.8,0,0
WTN_PE,D,20191128,000000,10.7,10.8,10.6,10.7,0,0
WTN_PE,D,20191129,000000,10.7,10.7,10.5,10.5,0,0
WTN_PE,D,20191202,000000,10.5,10.5,10.3,10.3,0,0
WTN_PE,D,20191203,000000,10.3,10.7,10,10,0,0
WTN_PE,D,20191204,000000,10.2,10.2,9.9,10,0,0
WTN_PE,D,20191205,000000,10.1,10.1,9.8,10.1,0,0
WTN_PE,D,20191206,000000,10.2,10.2,9.8,9.9,0,0
WTN_PE,D,20191209,000000,9.8,9.9,9.5,9.5,0,0
WTN_PE,D,20191210,000000,9.5,9.6,9.5,9.5,0,0
WTN_PE,D,20191211,000000,9.5,9.8,9.4,9.6,0,0
WTN_PE,D,20191212,000000,9.6,9.9,9.6,9.9,0,0
WTN_PE,D,20191213,000000,10,10,9.9,9.9,0,0
WTN_PE,D,20191216,000000,10.5,10.5,9.8,9.9,0,0
WTN_PE,D,20191217,000000,9.9,10.2,9.9,9.9,0,0
WTN_PE,D,20191218,000000,9.9,9.9,9.9,9.9,0,0
WTN_PE,D,20191219,000000,9.9,10,9.9,9.9,0,0
WTN_PE,D,20191220,000000,10,10,9.7,9.8,0,0
WTN_PE,D,20191223,000000,10.2,10.2,9.9,9.9,0,0
WTN_PE,D,20191227,000000,10.2,10.2,10,10,0,0
WTN_PE,D,20191230,000000,10.1,10.1,9.9,10.1,0,0
WTN_PE,D,20200102,000000,10.1,10.5,10,10.2,0,0
WTN_PE,D,20200103,000000,10.2,10.7,10.1,10.5,0,0
WTN_PE,D,20200107,000000,10.5,11,10.5,10.8,0,0
WTN_PE,D,20200108,000000,10.9,11.1,10.7,10.9,0,0
WTN_PE,D,20200109,000000,11,11,10.8,10.8,0,0
WTN_PE,D,20200110,000000,10.9,10.9,10.7,10.8,0,0
WTN_PE,D,20200113,000000,11.1,11.1,10.7,10.7,0,0
WTN_PE,D,20200114,000000,10.9,10.9,10.5,10.6,0,0
WTN_PE,D,20200115,000000,10.5,10.6,10.5,10.6,0,0
WTN_PE,D,20200116,000000,10.5,10.8,10.5,10.5,0,0
WTN_PE,D,20200117,000000,10.7,10.7,10.4,10.4,0,0
WTN_PE,D,20200120,000000,10.4,10.7,10.4,10.7,0,0
WTN_PE,D,20200121,000000,10.7,10.7,10.6,10.6,0,0
WTN_PE,D,20200122,000000,10.6,10.7,10.6,10.7,0,0
WTN_PE,D,20200123,000000,10.7,10.7,10.3,10.4,0,0
WTN_PE,D,20200124,000000,10.5,10.6,10.4,10.6,0,0
WTN_PE,D,20200127,000000,10.6,10.6,10.4,10.4,0,0
WTN_PE,D,20200128,000000,10.6,10.6,10.4,10.4,0,0
WTN_PE,D,20200129,000000,10.4,10.4,10.3,10.4,0,0
WTN_PE,D,20200130,000000,10.4,10.6,10.2,10.3,0,0
WTN_PE,D,20200131,000000,10.3,10.3,10.1,10.1,0,0
WTN_PE,D,20200203,000000,10.1,10.7,10.1,10.7,0,0
WTN_PE,D,20200204,000000,10.7,10.7,10.2,10.2,0,0
WTN_PE,D,20200205,000000,10.2,10.4,10.2,10.3,0,0
WTN_PE,D,20200206,000000,10.5,10.6,10.5,10.5,0,0
WTN_PE,D,20200207,000000,10.6,10.6,10.3,10.4,0,0
WTN_PE,D,20200210,000000,10.6,10.6,10.4,10.4,0,0
WTN_PE,D,20200211,000000,10.6,10.7,10.4,10.4,0,0
WTN_PE,D,20200212,000000,10.4,10.5,10.4,10.4,0,0
WTN_PE,D,20200213,000000,10.5,10.5,10.4,10.4,0,0
WTN_PE,D,20200214,000000,10.5,10.5,10.3,10.4,0,0
WTN_PE,D,20200217,000000,10.4,10.4,10.1,10.1,0,0
WTN_PE,D,20200218,000000,10.4,10.4,10.2,10.4,0,0
WTN_PE,D,20200219,000000,10.4,10.4,10.3,10.4,0,0
WTN_PE,D,20200220,000000,10.4,10.4,10.2,10.2,0,0
WTN_PE,D,20200221,000000,10.2,10.2,10,10,0,0
WTN_PE,D,20200224,000000,10.2,10.2,9.5,9.5,0,0
WTN_PE,D,20200225,000000,9.4,9.5,8.6,9,0,0
WTN_PE,D,20200226,000000,8.7,9.1,8.4,9,0,0
WTN_PE,D,20200227,000000,8.7,9.1,8.7,8.9,0,0
WTN_PE,D,20200228,000000,8.7,8.9,8.2,8.5,0,0
WTN_PE,D,20200302,000000,8.5,8.5,8.1,8.2,0,0
WTN_PE,D,20200303,000000,8.5,8.6,8.4,8.6,0,0
WTN_PE,D,20200304,000000,8.8,9.2,8.8,8.9,0,0
WTN_PE,D,20200305,000000,8.9,9,8.9,9,0,0
WTN_PE,D,20200306,000000,9,9,8.2,8.3,0,0
WTN_PE,D,20200309,000000,8.1,8.1,7.3,7.4,0,0
WTN_PE,D,20200310,000000,7.7,7.7,7.3,7.3,0,0
WTN_PE,D,20200311,000000,7.5,7.5,6.7,6.8,0,0
WTN_PE,D,20200312,000000,6,6.5,5.4,5.4,0,0
WTN_PE,D,20200313,000000,5.6,5.6,5.4,5.4,0,0
WTN_PE,D,20200316,000000,5.5,5.5,4.8,4.8,0,0
WTN_PE,D,20200317,000000,5.2,5.2,4.7,4.7,0,0
WTN_PE,D,20200318,000000,4.8,4.8,4.6,4.7,0,0
WTN_PE,D,20200319,000000,4.9,4.9,4.6,4.6,0,0
WTN_PE,D,20200320,000000,4.8,5.3,4.5,4.9,0,0
WTN_PE,D,20200323,000000,5,5.1,4.8,5,0,0
WTN_PE,D,20200324,000000,5.1,5.9,5,5.7,0,0
WTN_PE,D,20200325,000000,6,6,5.6,5.7,0,0
WTN_PE,D,20200326,000000,5.7,6.2,5.7,6.2,0,0
WTN_PE,D,20200327,000000,6.4,6.9,4.3,4.3,0,0
WTN_PE,D,20200330,000000,4.4,4.4,4.1,4.1,0,0
WTN_PE,D,20200331,000000,4.1,4.1,4,4,0,0
WTN_PE,D,20200401,000000,3.9,3.9,3.7,3.7,0,0
WTN_PE,D,20200402,000000,3.7,3.7,3.5,3.6,0,0
WTN_PE,D,20200403,000000,3.6,3.6,3.4,3.5,0,0
WTN_PE,D,20200406,000000,3.6,3.6,3.5,3.5,0,0
WTN_PE,D,20200407,000000,3.6,4,3.5,3.7,0,0
WTN_PE,D,20200408,000000,3.8,3.8,3.5,3.6,0,0
WTN_PE,D,20200409,000000,3.5,3.7,3.5,3.6,0,0
WTN_PE,D,20200414,000000,3.8,4.2,3.8,4.2,0,0
WTN_PE,D,20200415,000000,4.3,4.5,4.2,4.2,0,0
WTN_PE,D,20200416,000000,4.3,4.3,4,4,0,0
WTN_PE,D,20200417,000000,4.1,4.3,4.1,4.3,0,0
WTN_PE,D,20200420,000000,4.4,4.4,4.3,4.3,0,0
WTN_PE,D,20200421,000000,4.3,4.3,3.9,4.1,0,0
WTN_PE,D,20200422,000000,4.2,4.3,4.1,4.3,0,0
WTN_PE,D,20200423,000000,4.3,4.4,4.2,4.4,0,0
WTN_PE,D,20200424,000000,4.4,4.4,4.2,4.3,0,0
WTN_PE,D,20200427,000000,4.3,4.4,4.1,4.2,0,0
WTN_PE,D,20200428,000000,4.2,4.2,4.1,4.2,0,0
WTN_PE,D,20200429,000000,4.2,5,4.2,4.5,0,0
WTN_PE,D,20200430,000000,4.8,5.1,4.6,4.7,0,0
WTN_PE,D,20200504,000000,4.9,4.9,4.5,4.6,0,0
WTN_PE,D,20200505,000000,4.6,4.6,4.4,4.5,0,0
WTN_PE,D,20200506,000000,4.4,4.5,4,4.1,0,0
WTN_PE,D,20200507,000000,4.1,4.3,4.1,4.3,0,0
WTN_PE,D,20200508,000000,4.4,4.4,4.2,4.3,0,0
WTN_PE,D,20200511,000000,4.3,4.3,4.2,4.2,0,0
WTN_PE,D,20200512,000000,4.3,4.3,4.2,4.3,0,0
WTN_PE,D,20200513,000000,4.4,4.4,4.2,4.3,0,0
WTN_PE,D,20200514,000000,4.3,4.3,4.2,4.2,0,0
WTN_PE,D,20200515,000000,4.2,4.4,4.2,4.2,0,0
WTN_PE,D,20200518,000000,4.3,4.4,4.2,4.2,0,0
WTN_PE,D,20200519,000000,4.3,4.3,4.3,4.3,0,0
WTN_PE,D,20200520,000000,4.3,4.4,4.3,4.4,0,0
WTN_PE,D,20200521,000000,4.4,4.4,4.3,4.4,0,0
WTN_PE,D,20200522,000000,4.5,5.3,4.3,5.3,0,0
WTN_PE,D,20200525,000000,5.3,5.4,5.3,5.4,0,0
WTN_PE,D,20200526,000000,5.4,5.4,5.4,5.4,0,0
WTN_PE,D,20200527,000000,5.4,5.5,5.4,5.4,0,0
WTN_PE,D,20200528,000000,5.5,5.6,5.4,5.5,0,0
WTN_PE,D,20200529,000000,5.6,5.6,5.5,5.6,0,0
WTN_PE,D,20200601,000000,5.7,5.8,5.7,5.7,0,0
WTN_PE,D,20200602,000000,5.7,5.8,5.5,5.8,0,0
WTN_PE,D,20200603,000000,5.8,6.3,5.8,6.3,0,0
WTN_PE,D,20200604,000000,6.3,6.3,6.1,6.2,0,0
WTN_PE,D,20200605,000000,6.1,6.2,5.8,6.1,0,0
WTN_PE,D,20200608,000000,6.1,6.1,6,6.1,0,0
WTN_PE,D,20200609,000000,6.1,6.2,5.8,6.1,0,0
WTN_PE,D,20200610,000000,6.2,6.3,6.2,6.2,0,0
WTN_PE,D,20200612,000000,5.8,6,5.8,5.9,0,0
WTN_PE,D,20200615,000000,5.9,6.1,5.7,6,0,0
WTN_PE,D,20200616,000000,5.9,6,5.9,6,0,0
WTN_PE,D,20200617,000000,5.9,5.9,5.9,5.9,0,0
WTN_PE,D,20200618,000000,5.9,5.9,5.8,5.9,0,0
WTN_PE,D,20200619,000000,6,6,5.8,5.9,0,0
WTN_PE,D,20200622,000000,6,6,5.9,5.9,0,0
WTN_PE,D,20200623,000000,5.9,5.9,5.8,5.9,0,0
WTN_PE,D,20200624,000000,5.9,6,5.8,5.8,0,0
WTN_PE,D,20200625,000000,5.8,5.9,5.6,5.9,0,0
WTN_PE,D,20200626,000000,5.9,5.9,5.6,5.6,0,0
WTN_PE,D,20200629,000000,5.6,5.6,5.3,5.4,0,0
WTN_PE,D,20200630,000000,5.5,5.7,5.5,5.6,0,0
WTN_PE,D,20200701,000000,5.5,5.7,5.4,5.5,0,0
WTN_PE,D,20200702,000000,5.5,5.7,5.5,5.7,0,0
WTN_PE,D,20200703,000000,5.7,5.7,5.6,5.6,0,0
WTN_PE,D,20200706,000000,5.6,5.7,5.6,5.7,0,0
WTN_PE,D,20200707,000000,5.7,5.7,5.2,5.7,0,0
WTN_PE,D,20200708,000000,5.7,5.7,5.5,5.6,0,0
WTN_PE,D,20200709,000000,5.6,5.6,5.4,5.5,0,0
WTN_PE,D,20200710,000000,5.5,5.5,5.4,5.4,0,0
WTN_PE,D,20200713,000000,5.5,5.5,5.4,5.5,0,0
WTN_PE,D,20200714,000000,5.5,5.6,5.4,5.4,0,0
WTN_PE,D,20200715,000000,5.5,5.5,5.4,5.4,0,0
WTN_PE,D,20200716,000000,5.5,5.5,5.3,5.5,0,0
WTN_PE,D,20200717,000000,5.5,5.5,5.3,5.4,0,0
WTN_PE,D,20200720,000000,5.4,5.4,5.2,5.4,0,0
WTN_PE,D,20200721,000000,5.4,5.5,5.3,5.4,0,0
WTN_PE,D,20200722,000000,5.4,5.4,5.3,5.3,0,0
WTN_PE,D,20200723,000000,5.4,5.4,5.2,5.2,0,0
WTN_PE,D,20200724,000000,5.1,5.4,5.1,5.3,0,0
WTN_PE,D,20200727,000000,5.3,5.3,5.1,5.2,0,0
WTN_PE,D,20200728,000000,5.2,5.3,5.1,5.2,0,0
WTN_PE,D,20200729,000000,5.2,5.2,5,5,0,0
WTN_PE,D,20200730,000000,5.1,5.2,4.7,5,0,0
WTN_PE,D,20200731,000000,4.8,5,4.8,5,0,0
WTN_PE,D,20200803,000000,4.8,5,4.8,5,0,0
WTN_PE,D,20200804,000000,5.1,5.2,5,5,0,0
WTN_PE,D,20200805,000000,5.1,5.1,5,5.1,0,0
WTN_PE,D,20200806,000000,5.1,5.2,5,5,0,0
WTN_PE,D,20200807,000000,5.1,5.2,5,5.2,0,0
WTN_PE,D,20200810,000000,5.3,5.3,5.2,5.2,0,0
WTN_PE,D,20200811,000000,5.2,5.2,5.1,5.2,0,0
WTN_PE,D,20200812,000000,5.3,5.3,5.1,5.2,0,0
WTN_PE,D,20200813,000000,5.3,5.3,5.1,5.3,0,0
WTN_PE,D,20200814,000000,5.2,5.2,5.1,5.1,0,0
WTN_PE,D,20200817,000000,5.1,5.2,5.1,5.2,0,0
WTN_PE,D,20200818,000000,5.2,5.2,5.1,5.2,0,0
WTN_PE,D,20200819,000000,5.3,5.3,5.1,5.1,0,0
WTN_PE,D,20200820,000000,5.2,5.2,5.1,5.2,0,0
WTN_PE,D,20200821,000000,5.1,5.2,5.1,5.1,0,0
