<TICKER>,<PER>,<DATE>,<TIME>,<OPEN>,<HIGH>,<LOW>,<CLOSE>,<VOL>,<OPENINT>
XTB_PE,D,20160506,000000,9.909,9.909,9.909,9.909,0,0
XTB_PE,D,20160509,000000,10.324,10.324,9.825,9.825,0,0
XTB_PE,D,20160510,000000,9.825,9.825,9.657,9.825,0,0
XTB_PE,D,20160511,000000,9.741,9.909,9.657,9.909,0,0
XTB_PE,D,20160512,000000,9.909,10.074,9.909,9.991,0,0
XTB_PE,D,20160513,000000,10.074,10.157,9.991,10.157,0,0
XTB_PE,D,20160516,000000,10.157,10.823,10.074,10.656,0,0
XTB_PE,D,20160517,000000,10.656,10.656,10.656,10.656,0,0
XTB_PE,D,20160518,000000,10.656,11.156,10.656,11.156,0,0
XTB_PE,D,20160519,000000,10.907,11.406,10.823,11.406,0,0
XTB_PE,D,20160520,000000,11.406,11.739,11.323,11.739,0,0
XTB_PE,D,20160523,000000,11.739,11.739,11.239,11.489,0,0
XTB_PE,D,20160524,000000,11.406,13.738,11.239,13.738,0,0
XTB_PE,D,20160525,000000,13.738,14.487,13.405,14.487,0,0
XTB_PE,D,20160527,000000,14.487,14.487,13.987,14.403,0,0
XTB_PE,D,20160530,000000,14.238,14.487,13.987,14.403,0,0
XTB_PE,D,20160531,000000,14.487,14.487,13.987,14.238,0,0
XTB_PE,D,20160601,000000,14.238,14.238,13.487,13.904,0,0
XTB_PE,D,20160602,000000,13.82,13.82,13.405,13.487,0,0
XTB_PE,D,20160603,000000,13.405,13.57,12.904,13.57,0,0
XTB_PE,D,20160606,000000,13.904,13.904,13.238,13.57,0,0
XTB_PE,D,20160607,000000,13.405,13.57,13.238,13.57,0,0
XTB_PE,D,20160608,000000,13.57,13.57,13.238,13.238,0,0
XTB_PE,D,20160609,000000,13.072,13.321,13.072,13.238,0,0
XTB_PE,D,20160610,000000,13.155,13.321,12.987,13.321,0,0
XTB_PE,D,20160613,000000,13.321,13.321,13.072,13.238,0,0
XTB_PE,D,20160614,000000,13.072,13.238,12.904,13.238,0,0
XTB_PE,D,20160615,000000,12.987,13.155,12.987,13.155,0,0
XTB_PE,D,20160616,000000,12.987,13.072,12.904,13.072,0,0
XTB_PE,D,20160617,000000,12.904,13.238,12.904,13.238,0,0
XTB_PE,D,20160620,000000,13.072,13.321,13.072,13.321,0,0
XTB_PE,D,20160621,000000,13.405,13.487,13.072,13.405,0,0
XTB_PE,D,20160622,000000,13.405,13.57,13.405,13.57,0,0
XTB_PE,D,20160623,000000,13.57,13.738,13.405,13.738,0,0
XTB_PE,D,20160624,000000,13.072,13.987,13.072,13.904,0,0
XTB_PE,D,20160627,000000,13.904,14.487,13.904,14.487,0,0
XTB_PE,D,20160628,000000,14.07,14.903,14.07,14.403,0,0
XTB_PE,D,20160629,000000,14.403,14.403,14.238,14.321,0,0
XTB_PE,D,20160630,000000,14.487,14.57,13.987,14.57,0,0
XTB_PE,D,20160701,000000,14.403,14.487,14.321,14.487,0,0
XTB_PE,D,20160704,000000,14.403,14.57,14.07,14.487,0,0
XTB_PE,D,20160705,000000,14.238,14.321,14.153,14.238,0,0
XTB_PE,D,20160706,000000,14.153,14.153,13.82,13.987,0,0
XTB_PE,D,20160707,000000,13.82,14.07,13.82,14.07,0,0
XTB_PE,D,20160708,000000,13.904,14.238,13.904,14.238,0,0
XTB_PE,D,20160711,000000,14.487,14.487,14.07,14.321,0,0
XTB_PE,D,20160712,000000,14.153,14.321,13.987,14.321,0,0
XTB_PE,D,20160713,000000,14.153,14.487,13.987,14.238,0,0
XTB_PE,D,20160714,000000,14.321,14.321,14.07,14.238,0,0
XTB_PE,D,20160715,000000,14.321,14.321,13.82,14.238,0,0
XTB_PE,D,20160718,000000,14.238,14.238,13.987,14.238,0,0
XTB_PE,D,20160719,000000,14.238,14.238,13.655,13.738,0,0
XTB_PE,D,20160720,000000,13.82,13.82,13.655,13.655,0,0
XTB_PE,D,20160721,000000,13.655,13.987,13.57,13.987,0,0
XTB_PE,D,20160722,000000,13.987,13.987,13.655,13.904,0,0
XTB_PE,D,20160725,000000,13.904,13.904,13.655,13.82,0,0
XTB_PE,D,20160726,000000,13.82,14.07,13.57,14.07,0,0
XTB_PE,D,20160727,000000,14.07,14.07,13.405,13.57,0,0
XTB_PE,D,20160728,000000,13.57,13.738,13.238,13.738,0,0
XTB_PE,D,20160729,000000,13.655,13.655,13.487,13.57,0,0
XTB_PE,D,20160801,000000,13.987,13.987,13.238,13.487,0,0
XTB_PE,D,20160802,000000,13.487,13.487,13.155,13.405,0,0
XTB_PE,D,20160803,000000,13.405,13.405,13.072,13.321,0,0
XTB_PE,D,20160804,000000,13.487,13.487,13.238,13.321,0,0
XTB_PE,D,20160805,000000,13.321,13.321,12.987,13.072,0,0
XTB_PE,D,20160808,000000,13.57,13.57,12.738,12.904,0,0
XTB_PE,D,20160809,000000,12.738,13.155,12.738,13.072,0,0
XTB_PE,D,20160810,000000,13.155,13.155,12.904,13.072,0,0
XTB_PE,D,20160811,000000,13.072,13.238,12.904,12.987,0,0
XTB_PE,D,20160812,000000,13.238,13.238,12.822,12.987,0,0
XTB_PE,D,20160816,000000,12.904,13.072,12.822,12.904,0,0
XTB_PE,D,20160817,000000,11.657,11.657,10.573,10.907,0,0
XTB_PE,D,20160818,000000,11.074,11.074,10.573,10.74,0,0
XTB_PE,D,20160819,000000,10.74,10.907,10.573,10.823,0,0
XTB_PE,D,20160822,000000,10.99,11.074,10.656,11.074,0,0
XTB_PE,D,20160823,000000,11.074,11.074,10.656,10.823,0,0
XTB_PE,D,20160824,000000,10.656,10.99,10.656,10.99,0,0
XTB_PE,D,20160825,000000,11.074,11.323,10.823,11.239,0,0
XTB_PE,D,20160826,000000,11.074,12.489,10.99,12.489,0,0
XTB_PE,D,20160829,000000,12.489,12.489,12.072,12.239,0,0
XTB_PE,D,20160830,000000,12.239,12.321,12.072,12.321,0,0
XTB_PE,D,20160831,000000,12.239,12.239,11.99,12.072,0,0
XTB_PE,D,20160901,000000,11.906,12.072,11.906,12.072,0,0
XTB_PE,D,20160902,000000,11.99,12.072,11.573,11.657,0,0
XTB_PE,D,20160905,000000,11.657,11.657,10.24,10.24,0,0
XTB_PE,D,20160906,000000,10.157,10.157,9.741,9.909,0,0
XTB_PE,D,20160907,000000,9.825,10.573,9.657,10.573,0,0
XTB_PE,D,20160908,000000,10.573,10.573,10.24,10.407,0,0
XTB_PE,D,20160909,000000,10.24,10.823,10.24,10.823,0,0
XTB_PE,D,20160912,000000,10.823,10.907,10.74,10.907,0,0
XTB_PE,D,20160913,000000,10.907,10.907,10.573,10.907,0,0
XTB_PE,D,20160914,000000,10.99,11.239,10.823,11.239,0,0
XTB_PE,D,20160915,000000,11.156,11.239,11.074,11.074,0,0
XTB_PE,D,20160916,000000,10.74,10.99,10.74,10.99,0,0
XTB_PE,D,20160919,000000,11.239,11.239,10.573,10.99,0,0
XTB_PE,D,20160920,000000,10.99,10.99,10.573,10.823,0,0
XTB_PE,D,20160921,000000,11.156,11.156,10.573,10.823,0,0
XTB_PE,D,20160922,000000,10.823,11.239,10.823,10.823,0,0
XTB_PE,D,20160923,000000,10.573,11.239,10.573,10.823,0,0
XTB_PE,D,20160926,000000,10.656,11.239,10.656,10.99,0,0
XTB_PE,D,20160927,000000,10.656,11.074,10.656,11.074,0,0
XTB_PE,D,20160928,000000,11.156,11.239,10.907,11.239,0,0
XTB_PE,D,20160929,000000,10.907,11.156,10.907,11.156,0,0
XTB_PE,D,20160930,000000,11.156,11.239,10.907,11.156,0,0
XTB_PE,D,20161003,000000,11.239,11.239,10.907,10.907,0,0
XTB_PE,D,20161004,000000,10.907,10.907,9.991,10.407,0,0
XTB_PE,D,20161005,000000,10.24,10.656,10.24,10.573,0,0
XTB_PE,D,20161006,000000,10.573,10.573,10.407,10.407,0,0
XTB_PE,D,20161007,000000,10.324,10.656,10.074,10.074,0,0
XTB_PE,D,20161010,000000,9.574,10.24,9.574,10.24,0,0
XTB_PE,D,20161011,000000,9.909,10.157,9.657,9.657,0,0
XTB_PE,D,20161012,000000,9.657,10.074,9.491,9.657,0,0
XTB_PE,D,20161013,000000,9.574,9.909,9.574,9.909,0,0
XTB_PE,D,20161014,000000,9.574,10.24,9.574,9.825,0,0
XTB_PE,D,20161017,000000,9.741,9.741,9.574,9.741,0,0
XTB_PE,D,20161018,000000,9.741,10.157,7.4099,7.5763,0,0
XTB_PE,D,20161019,000000,7.4931,7.8262,7.1601,7.4099,0,0
XTB_PE,D,20161020,000000,7.3267,7.9094,7.3267,7.7429,0,0
XTB_PE,D,20161021,000000,7.8262,7.8262,7.5763,7.8262,0,0
XTB_PE,D,20161024,000000,7.6596,8.6586,7.6596,8.0759,0,0
XTB_PE,D,20161025,000000,8.5754,8.5754,8.0759,8.4922,0,0
XTB_PE,D,20161026,000000,8.5754,8.908,8.4922,8.6586,0,0
XTB_PE,D,20161027,000000,8.908,8.908,8.4922,8.6586,0,0
XTB_PE,D,20161028,000000,8.7418,8.7418,8.4922,8.6586,0,0
XTB_PE,D,20161031,000000,8.6586,8.7418,8.4922,8.5754,0,0
XTB_PE,D,20161102,000000,8.908,8.908,8.4922,8.6586,0,0
XTB_PE,D,20161103,000000,8.4922,8.6586,8.2427,8.6586,0,0
XTB_PE,D,20161104,000000,8.7418,9.1581,8.5754,9.1581,0,0
XTB_PE,D,20161107,000000,9.1581,9.1581,8.7418,8.992,0,0
XTB_PE,D,20161108,000000,8.6586,9.0751,8.6586,9.0751,0,0
XTB_PE,D,20161109,000000,8.6586,9.0751,8.6586,9.0751,0,0
XTB_PE,D,20161110,000000,9.0751,9.0751,8.6586,8.6586,0,0
XTB_PE,D,20161114,000000,8.5754,8.5754,8.409,8.4922,0,0
XTB_PE,D,20161115,000000,8.409,8.992,8.409,8.908,0,0
XTB_PE,D,20161116,000000,8.992,17.651,8.3259,17.651,0,0
XTB_PE,D,20161117,000000,17.484,17.734,16.735,16.735,0,0
XTB_PE,D,20161118,000000,16.735,18.15,16.735,17.734,0,0
XTB_PE,D,20161121,000000,17.983,17.983,17.983,17.983,0,0
XTB_PE,D,20161122,000000,17.817,17.983,17.068,17.817,0,0
XTB_PE,D,20161123,000000,17.817,17.817,17.151,17.817,0,0
XTB_PE,D,20161124,000000,17.817,18.067,17.317,18.067,0,0
XTB_PE,D,20161125,000000,17.734,18.316,17.734,18.316,0,0
XTB_PE,D,20161128,000000,18.316,18.316,17.983,18.316,0,0
XTB_PE,D,20161129,000000,18.316,19.149,17.9,19.149,0,0
XTB_PE,D,20161130,000000,19.149,19.149,18.4,18.899,0,0
XTB_PE,D,20161201,000000,18.65,20.065,17.9,17.983,0,0
XTB_PE,D,20161202,000000,18.4,18.982,18.4,18.733,0,0
XTB_PE,D,20161205,000000,18.233,18.566,18.15,18.566,0,0
XTB_PE,D,20161206,000000,18.15,18.483,17.4,17.484,0,0
XTB_PE,D,20161207,000000,17.484,17.484,16.402,16.568,0,0
XTB_PE,D,20161208,000000,16.735,16.735,16.485,16.652,0,0
XTB_PE,D,20161209,000000,16.568,16.568,15.819,16.069,0,0
XTB_PE,D,20161212,000000,15.902,16.151,15.568,15.568,0,0
XTB_PE,D,20161213,000000,15.735,16.318,15.652,16.151,0,0
XTB_PE,D,20161214,000000,15.652,16.318,15.568,15.568,0,0
XTB_PE,D,20161215,000000,15.652,15.902,15.652,15.652,0,0
XTB_PE,D,20161216,000000,15.652,15.652,15.652,15.652,0,0
XTB_PE,D,20161219,000000,15.652,15.652,15.07,15.153,0,0
XTB_PE,D,20161220,000000,15.403,15.986,15.236,15.986,0,0
XTB_PE,D,20161221,000000,15.819,16.235,15.819,16.235,0,0
XTB_PE,D,20161222,000000,16.069,16.069,15.819,15.819,0,0
XTB_PE,D,20161223,000000,15.819,15.819,15.568,15.652,0,0
XTB_PE,D,20161227,000000,15.652,15.652,15.403,15.486,0,0
XTB_PE,D,20161228,000000,15.486,15.486,15.07,15.07,0,0
XTB_PE,D,20161229,000000,15.07,15.486,15.07,15.403,0,0
XTB_PE,D,20161230,000000,15.568,15.568,15.236,15.568,0,0
XTB_PE,D,20170102,000000,15.236,16.069,15.236,16.069,0,0
XTB_PE,D,20170103,000000,16.069,16.069,15.652,15.986,0,0
XTB_PE,D,20170104,000000,15.652,15.986,15.568,15.819,0,0
XTB_PE,D,20170105,000000,15.819,16.069,15.819,16.069,0,0
XTB_PE,D,20170109,000000,16.069,16.652,16.069,16.485,0,0
XTB_PE,D,20170110,000000,16.485,16.485,15.902,16.151,0,0
XTB_PE,D,20170111,000000,16.318,16.735,16.318,16.652,0,0
XTB_PE,D,20170112,000000,16.568,18.316,16.568,18.316,0,0
XTB_PE,D,20170113,000000,18.316,18.316,17.234,17.568,0,0
XTB_PE,D,20170116,000000,17.651,17.651,16.318,17.234,0,0
XTB_PE,D,20170117,000000,17.234,17.817,16.568,17.817,0,0
XTB_PE,D,20170118,000000,17.817,17.9,17.068,17.817,0,0
XTB_PE,D,20170119,000000,17.9,17.9,17.4,17.4,0,0
XTB_PE,D,20170120,000000,17.4,17.4,16.985,16.985,0,0
XTB_PE,D,20170123,000000,17.651,17.651,16.818,16.818,0,0
XTB_PE,D,20170124,000000,16.818,19.149,16.818,18.733,0,0
XTB_PE,D,20170125,000000,19.149,19.482,18.4,19.4,0,0
XTB_PE,D,20170126,000000,21.148,22.23,20.73,20.814,0,0
XTB_PE,D,20170127,000000,20.814,20.814,20.148,20.481,0,0
XTB_PE,D,20170130,000000,20.647,21.48,20.398,21.313,0,0
XTB_PE,D,20170131,000000,21.398,21.48,20.981,21.48,0,0
XTB_PE,D,20170201,000000,20.814,21.313,20.647,21.313,0,0
XTB_PE,D,20170202,000000,21.148,21.896,21.148,21.48,0,0
XTB_PE,D,20170203,000000,21.563,21.813,21.23,21.23,0,0
XTB_PE,D,20170206,000000,21.23,21.73,20.814,20.814,0,0
XTB_PE,D,20170207,000000,20.981,20.981,20.481,20.481,0,0
XTB_PE,D,20170208,000000,20.232,20.647,20.232,20.647,0,0
XTB_PE,D,20170209,000000,20.481,20.73,20.398,20.481,0,0
XTB_PE,D,20170210,000000,20.481,20.565,20.481,20.481,0,0
XTB_PE,D,20170213,000000,20.481,21.563,20.481,21.563,0,0
XTB_PE,D,20170214,000000,20.814,21.23,19.649,20.065,0,0
XTB_PE,D,20170215,000000,20.398,20.398,18.982,19.649,0,0
XTB_PE,D,20170216,000000,19.649,20.065,19.649,20.065,0,0
XTB_PE,D,20170217,000000,19.982,19.982,19.898,19.982,0,0
XTB_PE,D,20170220,000000,19.982,19.982,19.982,19.982,0,0
XTB_PE,D,20170222,000000,19.149,20.065,19.066,20.065,0,0
XTB_PE,D,20170223,000000,19.4,21.23,19.066,21.23,0,0
XTB_PE,D,20170224,000000,21.064,21.064,20.897,20.897,0,0
XTB_PE,D,20170227,000000,19.482,21.23,19.482,21.23,0,0
XTB_PE,D,20170228,000000,20.981,21.563,20.981,21.48,0,0
XTB_PE,D,20170301,000000,21.398,21.563,20.232,21.398,0,0
XTB_PE,D,20170302,000000,21.23,21.23,20.73,20.73,0,0
XTB_PE,D,20170303,000000,20.398,20.481,20.315,20.315,0,0
XTB_PE,D,20170306,000000,20.148,20.315,19.898,20.232,0,0
XTB_PE,D,20170307,000000,20.897,20.897,19.815,19.898,0,0
XTB_PE,D,20170309,000000,19.898,20.065,19.898,20.065,0,0
XTB_PE,D,20170310,000000,19.732,19.732,19.732,19.732,0,0
XTB_PE,D,20170313,000000,20.73,20.73,19.732,19.732,0,0
XTB_PE,D,20170314,000000,19.815,20.065,19.649,19.898,0,0
XTB_PE,D,20170315,000000,20.148,20.148,20.065,20.065,0,0
XTB_PE,D,20170316,000000,19.815,19.898,19.815,19.898,0,0
XTB_PE,D,20170317,000000,20.065,20.315,19.898,20.315,0,0
XTB_PE,D,20170320,000000,20.647,21.23,11.657,11.657,0,0
XTB_PE,D,20170321,000000,11.406,11.657,11.406,11.406,0,0
XTB_PE,D,20170322,000000,11.739,11.739,11.657,11.657,0,0
XTB_PE,D,20170323,000000,11.657,11.822,11.239,11.573,0,0
XTB_PE,D,20170324,000000,11.573,11.573,11.323,11.573,0,0
XTB_PE,D,20170327,000000,11.323,11.573,11.323,11.573,0,0
XTB_PE,D,20170328,000000,11.573,11.573,11.573,11.573,0,0
XTB_PE,D,20170329,000000,11.573,11.573,11.573,11.573,0,0
XTB_PE,D,20170330,000000,11.573,11.573,11.573,11.573,0,0
XTB_PE,D,20170331,000000,11.573,11.822,11.406,11.573,0,0
XTB_PE,D,20170403,000000,11.573,11.573,11.573,11.573,0,0
XTB_PE,D,20170404,000000,11.489,11.489,11.323,11.323,0,0
XTB_PE,D,20170405,000000,11.156,11.323,10.74,11.323,0,0
XTB_PE,D,20170406,000000,11.074,11.074,10.99,10.99,0,0
XTB_PE,D,20170407,000000,10.99,10.99,10.99,10.99,0,0
XTB_PE,D,20170410,000000,10.74,10.823,10.74,10.74,0,0
XTB_PE,D,20170411,000000,11.323,11.323,10.823,10.823,0,0
XTB_PE,D,20170412,000000,10.907,10.907,10.656,10.74,0,0
XTB_PE,D,20170413,000000,10.74,10.74,10.573,10.573,0,0
XTB_PE,D,20170418,000000,10.74,10.74,10.573,10.573,0,0
XTB_PE,D,20170419,000000,10.573,10.573,10.407,10.407,0,0
XTB_PE,D,20170420,000000,10.324,10.324,10.157,10.157,0,0
XTB_PE,D,20170421,000000,10.157,10.407,9.991,9.991,0,0
XTB_PE,D,20170424,000000,10.157,10.573,10.157,10.573,0,0
XTB_PE,D,20170425,000000,10.573,10.573,10.407,10.407,0,0
XTB_PE,D,20170426,000000,10.407,10.407,10.324,10.324,0,0
XTB_PE,D,20170427,000000,10.324,10.324,9.825,9.909,0,0
XTB_PE,D,20170428,000000,9.825,9.991,9.741,9.741,0,0
XTB_PE,D,20170502,000000,10.157,10.324,10.074,10.324,0,0
XTB_PE,D,20170504,000000,10.223,10.223,9.1832,9.963,0,0
XTB_PE,D,20170505,000000,9.963,9.963,9.791,9.791,0,0
XTB_PE,D,20170508,000000,9.704,9.704,9.53,9.704,0,0
XTB_PE,D,20170509,000000,9.704,9.704,9.4433,9.53,0,0
XTB_PE,D,20170511,000000,9.53,9.53,9.27,9.3567,0,0
XTB_PE,D,20170512,000000,9.27,9.704,9.27,9.704,0,0
XTB_PE,D,20170515,000000,9.3567,12.823,9.1832,12.823,0,0
XTB_PE,D,20170516,000000,12.648,12.736,12.562,12.562,0,0
XTB_PE,D,20170517,000000,12.562,12.562,11.869,12.216,0,0
XTB_PE,D,20170518,000000,12.042,12.216,11.955,12.216,0,0
XTB_PE,D,20170519,000000,12.042,12.216,11.869,12.042,0,0
XTB_PE,D,20170522,000000,11.955,12.562,11.955,12.042,0,0
XTB_PE,D,20170523,000000,11.955,12.39,11.955,12.216,0,0
XTB_PE,D,20170524,000000,12.648,12.648,11.955,12.303,0,0
XTB_PE,D,20170525,000000,12.303,12.303,11.955,12.216,0,0
XTB_PE,D,20170526,000000,12.303,12.303,12.303,12.303,0,0
XTB_PE,D,20170529,000000,12.562,12.909,12.476,12.476,0,0
XTB_PE,D,20170530,000000,12.39,12.562,12.216,12.562,0,0
XTB_PE,D,20170531,000000,11.955,12.562,11.955,12.562,0,0
XTB_PE,D,20170601,000000,12.042,12.042,12.042,12.042,0,0
XTB_PE,D,20170602,000000,12.042,12.13,11.955,12.042,0,0
XTB_PE,D,20170605,000000,12.042,12.042,12.042,12.042,0,0
XTB_PE,D,20170606,000000,12.39,12.39,12.39,12.39,0,0
XTB_PE,D,20170607,000000,12.39,12.39,12.042,12.042,0,0
XTB_PE,D,20170608,000000,12.042,12.216,12.042,12.216,0,0
XTB_PE,D,20170609,000000,11.955,12.39,11.955,12.39,0,0
XTB_PE,D,20170612,000000,12.042,12.216,12.042,12.042,0,0
XTB_PE,D,20170613,000000,11.955,12.216,11.869,11.869,0,0
XTB_PE,D,20170614,000000,12.303,12.303,11.783,12.13,0,0
XTB_PE,D,20170616,000000,12.303,12.303,12.216,12.303,0,0
XTB_PE,D,20170619,000000,11.869,11.869,11.783,11.783,0,0
XTB_PE,D,20170620,000000,11.783,12.303,11.783,12.216,0,0
XTB_PE,D,20170621,000000,12.216,12.216,11.783,11.783,0,0
XTB_PE,D,20170622,000000,12.216,12.216,11.783,11.783,0,0
XTB_PE,D,20170626,000000,11.783,11.783,11.697,11.697,0,0
XTB_PE,D,20170627,000000,11.61,12.303,11.61,12.303,0,0
XTB_PE,D,20170628,000000,12.303,12.562,11.783,11.869,0,0
XTB_PE,D,20170629,000000,12.216,12.216,11.783,11.869,0,0
XTB_PE,D,20170630,000000,11.697,12.562,11.697,12.562,0,0
XTB_PE,D,20170703,000000,12.562,12.562,12.39,12.39,0,0
XTB_PE,D,20170704,000000,12.39,12.562,12.39,12.562,0,0
XTB_PE,D,20170705,000000,12.648,12.648,12.476,12.562,0,0
XTB_PE,D,20170706,000000,12.39,13.255,12.39,12.996,0,0
XTB_PE,D,20170707,000000,13.168,13.168,12.823,13.083,0,0
XTB_PE,D,20170710,000000,13.255,13.255,12.303,12.736,0,0
XTB_PE,D,20170711,000000,13.083,13.083,12.303,12.736,0,0
XTB_PE,D,20170712,000000,12.996,12.996,12.216,12.823,0,0
XTB_PE,D,20170713,000000,12.39,12.39,11.176,11.436,0,0
XTB_PE,D,20170714,000000,11.349,11.349,11.09,11.176,0,0
XTB_PE,D,20170717,000000,10.917,10.917,10.656,10.829,0,0
XTB_PE,D,20170718,000000,10.829,11.004,10.829,11.004,0,0
XTB_PE,D,20170719,000000,11.176,11.176,10.656,10.656,0,0
XTB_PE,D,20170720,000000,11.004,11.004,10.656,10.656,0,0
XTB_PE,D,20170721,000000,10.656,10.656,9.618,10.397,0,0
XTB_PE,D,20170724,000000,10.397,10.397,9.0106,9.791,0,0
XTB_PE,D,20170725,000000,9.791,9.876,9.27,9.3567,0,0
XTB_PE,D,20170726,000000,9.704,9.963,9.27,9.791,0,0
XTB_PE,D,20170727,000000,10.656,10.656,9.704,9.876,0,0
XTB_PE,D,20170728,000000,9.876,9.963,9.53,9.876,0,0
XTB_PE,D,20170731,000000,10.223,10.743,9.704,9.704,0,0
XTB_PE,D,20170801,000000,10.05,10.05,9.704,9.791,0,0
XTB_PE,D,20170802,000000,9.791,9.876,9.704,9.704,0,0
XTB_PE,D,20170803,000000,9.704,9.704,9.704,9.704,0,0
XTB_PE,D,20170804,000000,9.704,9.704,9.53,9.618,0,0
XTB_PE,D,20170807,000000,9.4433,9.876,9.4433,9.704,0,0
XTB_PE,D,20170808,000000,9.704,9.876,9.704,9.876,0,0
XTB_PE,D,20170809,000000,9.876,9.876,9.618,9.876,0,0
XTB_PE,D,20170810,000000,9.618,9.876,9.53,9.791,0,0
XTB_PE,D,20170811,000000,9.791,10.05,9.53,9.704,0,0
XTB_PE,D,20170814,000000,9.704,10.05,9.4433,9.791,0,0
XTB_PE,D,20170816,000000,9.876,9.876,9.53,9.876,0,0
XTB_PE,D,20170817,000000,9.876,10.223,9.791,10.136,0,0
XTB_PE,D,20170818,000000,10.136,10.136,10.136,10.136,0,0
XTB_PE,D,20170821,000000,9.791,10.136,9.791,10.05,0,0
XTB_PE,D,20170822,000000,9.876,10.136,9.791,9.963,0,0
XTB_PE,D,20170823,000000,9.876,9.963,9.791,9.963,0,0
XTB_PE,D,20170824,000000,10.05,10.397,6.7578,6.7578,0,0
XTB_PE,D,20170825,000000,7.0176,7.0176,6.7578,7.0176,0,0
XTB_PE,D,20170828,000000,7.0176,7.0176,6.8444,6.931,0,0
XTB_PE,D,20170829,000000,6.931,6.931,6.6711,6.8444,0,0
XTB_PE,D,20170830,000000,6.931,7.0176,6.7578,6.8444,0,0
XTB_PE,D,20170831,000000,6.7578,6.8444,6.6711,6.8444,0,0
XTB_PE,D,20170901,000000,7.0176,7.0176,6.7578,6.8444,0,0
XTB_PE,D,20170904,000000,6.8444,6.8444,6.7578,6.7578,0,0
XTB_PE,D,20170905,000000,6.8444,6.8444,6.6711,6.7578,0,0
XTB_PE,D,20170906,000000,6.6711,6.8444,6.6711,6.8444,0,0
XTB_PE,D,20170907,000000,6.6711,6.8444,6.6711,6.8444,0,0
XTB_PE,D,20170908,000000,6.7578,6.7578,6.5844,6.6711,0,0
XTB_PE,D,20170911,000000,6.6711,6.7578,6.6711,6.6711,0,0
XTB_PE,D,20170912,000000,6.4112,6.6711,6.4112,6.6711,0,0
XTB_PE,D,20170913,000000,6.6711,6.6711,6.6711,6.6711,0,0
XTB_PE,D,20170914,000000,6.6711,6.6711,6.5844,6.5844,0,0
XTB_PE,D,20170915,000000,6.5844,6.6711,6.4979,6.4979,0,0
XTB_PE,D,20170918,000000,6.4979,6.6711,6.4979,6.5844,0,0
XTB_PE,D,20170919,000000,6.4979,6.5844,6.4112,6.5844,0,0
XTB_PE,D,20170920,000000,6.5844,6.6711,6.5844,6.6711,0,0
XTB_PE,D,20170921,000000,6.5844,6.5844,6.5844,6.5844,0,0
XTB_PE,D,20170922,000000,6.5844,6.5844,6.5844,6.5844,0,0
XTB_PE,D,20170925,000000,6.7578,6.7578,6.4979,6.4979,0,0
XTB_PE,D,20170926,000000,6.4979,6.6711,6.4979,6.6711,0,0
XTB_PE,D,20170927,000000,6.4979,6.4979,6.4979,6.4979,0,0
XTB_PE,D,20170928,000000,6.4979,6.4979,6.4979,6.4979,0,0
XTB_PE,D,20170929,000000,6.4979,6.4979,6.4979,6.4979,0,0
XTB_PE,D,20171002,000000,6.4979,6.4979,6.4979,6.4979,0,0
XTB_PE,D,20171003,000000,6.5844,6.5844,6.4979,6.4979,0,0
XTB_PE,D,20171004,000000,6.4112,6.4979,6.4112,6.4979,0,0
XTB_PE,D,20171005,000000,6.4979,6.4979,6.238,6.4979,0,0
XTB_PE,D,20171006,000000,6.4979,6.4979,6.4979,6.4979,0,0
XTB_PE,D,20171009,000000,6.4112,6.4112,6.4112,6.4112,0,0
XTB_PE,D,20171010,000000,6.4112,6.4112,6.3245,6.3245,0,0
XTB_PE,D,20171011,000000,6.3245,6.3245,6.3245,6.3245,0,0
XTB_PE,D,20171012,000000,6.3245,6.4979,6.3245,6.4979,0,0
XTB_PE,D,20171013,000000,6.4979,6.4979,6.1513,6.1513,0,0
XTB_PE,D,20171016,000000,6.1513,6.4979,5.8048,6.3245,0,0
XTB_PE,D,20171017,000000,6.6711,6.8444,6.238,6.238,0,0
XTB_PE,D,20171018,000000,6.238,6.4112,6.0646,6.0646,0,0
XTB_PE,D,20171019,000000,6.0646,6.1513,5.8048,5.8048,0,0
XTB_PE,D,20171020,000000,5.8914,5.8914,5.5448,5.6315,0,0
XTB_PE,D,20171023,000000,5.8048,5.8048,5.718,5.8048,0,0
XTB_PE,D,20171024,000000,5.8048,5.9779,5.718,5.8048,0,0
XTB_PE,D,20171025,000000,6.4112,6.4979,6.238,6.3245,0,0
XTB_PE,D,20171026,000000,6.3245,6.4112,6.238,6.3245,0,0
XTB_PE,D,20171027,000000,6.4112,6.4112,6.3245,6.3245,0,0
XTB_PE,D,20171030,000000,6.3245,6.4112,6.238,6.238,0,0
XTB_PE,D,20171031,000000,6.3245,6.3245,6.0646,6.1513,0,0
XTB_PE,D,20171102,000000,6.1513,6.3245,6.1513,6.238,0,0
XTB_PE,D,20171103,000000,6.3245,6.4979,6.3245,6.4979,0,0
XTB_PE,D,20171106,000000,6.4979,6.8444,6.4979,6.5844,0,0
XTB_PE,D,20171107,000000,6.6711,6.7578,6.4979,6.4979,0,0
XTB_PE,D,20171108,000000,6.4979,6.5844,6.3245,6.3245,0,0
XTB_PE,D,20171109,000000,6.3245,6.4979,6.238,6.4979,0,0
XTB_PE,D,20171110,000000,6.3245,6.7578,6.238,6.4112,0,0
XTB_PE,D,20171113,000000,5.8048,5.8048,3.8121,3.8121,0,0
XTB_PE,D,20171114,000000,4.072,4.1586,3.0323,3.0323,0,0
XTB_PE,D,20171115,000000,3.0323,3.3789,3.0323,3.1189,0,0
XTB_PE,D,20171116,000000,3.2057,3.3789,3.2057,3.2057,0,0
XTB_PE,D,20171117,000000,3.2057,3.2922,3.0323,3.1189,0,0
XTB_PE,D,20171120,000000,3.0323,3.2922,3.0323,3.2057,0,0
XTB_PE,D,20171121,000000,3.2057,3.2057,3.1189,3.2057,0,0
XTB_PE,D,20171122,000000,3.2922,3.5521,3.2057,3.5521,0,0
XTB_PE,D,20171123,000000,3.6388,3.6388,3.4656,3.6388,0,0
XTB_PE,D,20171124,000000,3.5521,3.7254,3.5521,3.6388,0,0
XTB_PE,D,20171127,000000,3.5521,3.8121,3.5521,3.8121,0,0
XTB_PE,D,20171128,000000,3.8121,4.1586,3.8121,4.072,0,0
XTB_PE,D,20171129,000000,4.1586,4.1586,4.072,4.072,0,0
XTB_PE,D,20171130,000000,4.072,4.1586,4.072,4.1586,0,0
XTB_PE,D,20171201,000000,4.072,4.2453,3.8121,3.8987,0,0
XTB_PE,D,20171204,000000,3.8121,4.1586,3.7254,3.7254,0,0
XTB_PE,D,20171205,000000,3.7254,3.8121,3.7254,3.8121,0,0
XTB_PE,D,20171206,000000,3.8121,3.8987,3.7254,3.8987,0,0
XTB_PE,D,20171207,000000,3.9853,4.1586,3.8987,3.9853,0,0
XTB_PE,D,20171208,000000,3.9853,4.1586,3.9853,4.072,0,0
XTB_PE,D,20171211,000000,4.072,4.1586,4.072,4.072,0,0
XTB_PE,D,20171212,000000,3.9853,3.9853,3.8987,3.9853,0,0
XTB_PE,D,20171213,000000,3.9853,4.2453,3.9853,4.1586,0,0
XTB_PE,D,20171214,000000,4.1586,4.2453,4.072,4.1586,0,0
XTB_PE,D,20171215,000000,4.072,4.3319,4.072,4.2453,0,0
XTB_PE,D,20171218,000000,4.1586,4.2453,3.9853,4.072,0,0
XTB_PE,D,20171219,000000,4.1586,4.1586,3.9853,3.9853,0,0
XTB_PE,D,20171220,000000,3.9853,4.072,3.8987,3.8987,0,0
XTB_PE,D,20171221,000000,3.9853,3.9853,3.8121,3.9853,0,0
XTB_PE,D,20171222,000000,3.9853,3.9853,3.8987,3.8987,0,0
XTB_PE,D,20171227,000000,3.9853,3.9853,3.8987,3.8987,0,0
XTB_PE,D,20171228,000000,3.8987,4.072,3.8987,4.072,0,0
XTB_PE,D,20171229,000000,3.9853,4.072,3.9853,4.072,0,0
XTB_PE,D,20180103,000000,4.072,4.072,3.9853,4.072,0,0
XTB_PE,D,20180104,000000,4.072,4.2453,4.072,4.1586,0,0
XTB_PE,D,20180105,000000,4.072,4.1586,3.9853,4.072,0,0
XTB_PE,D,20180108,000000,4.072,4.072,3.9853,3.9853,0,0
XTB_PE,D,20180109,000000,4.072,4.1586,4.072,4.1586,0,0
XTB_PE,D,20180110,000000,4.1586,4.1586,4.072,4.1586,0,0
XTB_PE,D,20180111,000000,4.1586,4.2453,4.1586,4.2453,0,0
XTB_PE,D,20180112,000000,4.2453,4.2453,4.2453,4.2453,0,0
XTB_PE,D,20180115,000000,4.2453,4.2453,4.1586,4.1586,0,0
XTB_PE,D,20180116,000000,4.1586,4.2453,4.072,4.2453,0,0
XTB_PE,D,20180117,000000,4.2453,4.2453,4.2453,4.2453,0,0
XTB_PE,D,20180118,000000,4.2453,4.4185,4.1586,4.4185,0,0
XTB_PE,D,20180119,000000,4.4185,4.5052,4.3319,4.5052,0,0
XTB_PE,D,20180122,000000,4.5918,4.6784,4.5052,4.5918,0,0
XTB_PE,D,20180123,000000,4.5918,4.5918,4.5052,4.5052,0,0
XTB_PE,D,20180124,000000,4.5052,4.5052,4.4185,4.5052,0,0
XTB_PE,D,20180125,000000,4.5052,4.5918,4.5052,4.5918,0,0
XTB_PE,D,20180126,000000,4.5918,4.5918,4.5918,4.5918,0,0
XTB_PE,D,20180129,000000,4.5918,4.5918,4.5918,4.5918,0,0
XTB_PE,D,20180130,000000,4.5918,4.5918,4.5052,4.5918,0,0
XTB_PE,D,20180131,000000,4.5052,4.5052,4.5052,4.5052,0,0
XTB_PE,D,20180201,000000,4.5052,4.5052,4.4185,4.5052,0,0
XTB_PE,D,20180202,000000,4.5052,4.5052,4.4185,4.5052,0,0
XTB_PE,D,20180205,000000,4.5052,4.8517,4.4185,4.7651,0,0
XTB_PE,D,20180206,000000,4.4185,4.6784,4.4185,4.5918,0,0
XTB_PE,D,20180207,000000,4.6784,4.7651,4.5052,4.7651,0,0
XTB_PE,D,20180208,000000,4.7651,5.1116,4.7651,4.9384,0,0
XTB_PE,D,20180209,000000,5.025,5.025,4.8517,4.9384,0,0
XTB_PE,D,20180212,000000,4.8517,5.025,4.8517,4.8517,0,0
XTB_PE,D,20180213,000000,4.8517,5.025,4.7651,5.025,0,0
XTB_PE,D,20180214,000000,5.025,5.3715,5.025,5.3715,0,0
XTB_PE,D,20180215,000000,5.4582,5.5448,5.2849,5.2849,0,0
XTB_PE,D,20180216,000000,5.3715,5.3715,5.1983,5.3715,0,0
XTB_PE,D,20180219,000000,5.3715,5.3715,5.1116,5.3715,0,0
XTB_PE,D,20180220,000000,5.2849,5.3715,5.2849,5.3715,0,0
XTB_PE,D,20180221,000000,5.2849,5.3715,5.1983,5.2849,0,0
XTB_PE,D,20180222,000000,5.3715,5.3715,5.1983,5.2849,0,0
XTB_PE,D,20180223,000000,5.2849,5.2849,5.1983,5.1983,0,0
XTB_PE,D,20180226,000000,5.1983,5.2849,5.1983,5.2849,0,0
XTB_PE,D,20180227,000000,5.2849,5.4582,5.2849,5.4582,0,0
XTB_PE,D,20180228,000000,5.4582,5.4582,5.1983,5.4582,0,0
XTB_PE,D,20180301,000000,5.3715,5.4582,5.2849,5.4582,0,0
XTB_PE,D,20180302,000000,5.4582,5.6315,5.4582,5.4582,0,0
XTB_PE,D,20180305,000000,5.4582,5.4582,5.2849,5.3715,0,0
XTB_PE,D,20180306,000000,5.3715,5.5448,5.3715,5.5448,0,0
XTB_PE,D,20180307,000000,5.5448,6.931,5.5448,6.931,0,0
XTB_PE,D,20180308,000000,7.0176,7.1044,6.8444,6.8444,0,0
XTB_PE,D,20180309,000000,7.0176,7.0176,6.931,7.0176,0,0
XTB_PE,D,20180312,000000,6.931,7.0176,6.8444,6.8444,0,0
XTB_PE,D,20180313,000000,6.931,7.0176,6.931,7.0176,0,0
XTB_PE,D,20180314,000000,7.0176,7.0176,6.6711,6.8444,0,0
XTB_PE,D,20180315,000000,6.7578,7.0176,6.7578,6.7578,0,0
XTB_PE,D,20180316,000000,6.6711,6.7578,6.1513,6.3245,0,0
XTB_PE,D,20180319,000000,6.238,6.3245,6.0646,6.1513,0,0
XTB_PE,D,20180320,000000,6.0646,6.4979,6.0646,6.4979,0,0
XTB_PE,D,20180321,000000,6.6711,6.7578,6.5844,6.5844,0,0
XTB_PE,D,20180322,000000,6.5844,6.5844,6.4112,6.4112,0,0
XTB_PE,D,20180323,000000,6.4112,6.4112,6.238,6.238,0,0
XTB_PE,D,20180326,000000,6.3245,6.5844,6.238,6.5844,0,0
XTB_PE,D,20180327,000000,6.5844,6.7578,5.8914,5.8914,0,0
XTB_PE,D,20180328,000000,5.6315,5.9779,5.5448,5.9779,0,0
XTB_PE,D,20180329,000000,5.8914,5.9779,5.8048,5.9779,0,0
XTB_PE,D,20180403,000000,5.9779,5.9779,5.9779,5.9779,0,0
XTB_PE,D,20180404,000000,5.9779,5.9779,5.9779,5.9779,0,0
XTB_PE,D,20180405,000000,6.1513,6.1513,6.1513,6.1513,0,0
XTB_PE,D,20180406,000000,5.8914,6.238,5.8914,6.238,0,0
XTB_PE,D,20180409,000000,6.5844,6.5844,6.3245,6.3245,0,0
XTB_PE,D,20180410,000000,6.238,6.4112,6.0646,6.3245,0,0
XTB_PE,D,20180411,000000,6.1513,6.3245,6.1513,6.3245,0,0
XTB_PE,D,20180412,000000,6.3245,6.3245,6.3245,6.3245,0,0
XTB_PE,D,20180416,000000,6.3245,6.3245,6.3245,6.3245,0,0
XTB_PE,D,20180417,000000,6.1513,6.4112,6.1513,6.3245,0,0
XTB_PE,D,20180418,000000,6.1513,6.1513,6.0646,6.1513,0,0
XTB_PE,D,20180419,000000,6.1513,6.1513,6.1513,6.1513,0,0
XTB_PE,D,20180420,000000,6.3245,6.3245,6.1513,6.238,0,0
XTB_PE,D,20180423,000000,6.1513,6.3245,6.1513,6.238,0,0
XTB_PE,D,20180424,000000,6.238,6.4112,6.238,6.4112,0,0
XTB_PE,D,20180425,000000,7.0176,7.2775,7.0176,7.191,0,0
XTB_PE,D,20180426,000000,7.1044,7.3642,7.1044,7.2775,0,0
XTB_PE,D,20180427,000000,7.191,7.2775,7.0176,7.2775,0,0
XTB_PE,D,20180430,000000,7.2775,7.2775,6.931,7.1044,0,0
XTB_PE,D,20180502,000000,7.1044,7.2775,7.0176,7.191,0,0
XTB_PE,D,20180504,000000,7.3642,7.3642,7.0176,7.1044,0,0
XTB_PE,D,20180507,000000,7.3642,7.3642,7.191,7.191,0,0
XTB_PE,D,20180508,000000,7.2775,7.2775,7.1044,7.191,0,0
XTB_PE,D,20180509,000000,7.191,7.191,6.8444,7.191,0,0
XTB_PE,D,20180510,000000,7.1044,7.2775,4.6784,4.6784,0,0
XTB_PE,D,20180511,000000,4.6784,4.6784,4.6784,4.6784,0,0
XTB_PE,D,20180514,000000,4.6784,4.6784,3.8987,4.2453,0,0
XTB_PE,D,20180515,000000,4.2453,4.2453,3.9853,4.072,0,0
XTB_PE,D,20180516,000000,4.072,4.072,3.9853,3.9853,0,0
XTB_PE,D,20180517,000000,3.9853,4.1586,3.9853,4.1586,0,0
XTB_PE,D,20180518,000000,4.1586,4.2453,3.9853,3.9853,0,0
XTB_PE,D,20180521,000000,3.8121,4.1586,3.8121,4.072,0,0
XTB_PE,D,20180522,000000,4.072,4.1586,3.9853,4.1586,0,0
XTB_PE,D,20180523,000000,4.2453,4.2453,3.9853,4.1586,0,0
XTB_PE,D,20180528,000000,4.072,4.2453,3.9853,4.2453,0,0
XTB_PE,D,20180529,000000,3.9853,4.1586,3.9853,4.1586,0,0
XTB_PE,D,20180530,000000,4.072,4.2453,3.9853,4.2453,0,0
XTB_PE,D,20180601,000000,4.2453,4.2453,4.072,4.1586,0,0
XTB_PE,D,20180604,000000,4.1586,4.1586,3.9853,3.9853,0,0
XTB_PE,D,20180605,000000,3.9853,4.1586,3.9853,4.1586,0,0
XTB_PE,D,20180606,000000,4.1586,4.1586,3.9853,4.072,0,0
XTB_PE,D,20180607,000000,4.072,4.1586,4.072,4.1586,0,0
XTB_PE,D,20180608,000000,4.1586,4.1586,4.1586,4.1586,0,0
XTB_PE,D,20180611,000000,4.072,4.1586,4.072,4.1586,0,0
XTB_PE,D,20180612,000000,4.072,4.1586,3.9853,4.072,0,0
XTB_PE,D,20180613,000000,4.072,4.072,4.072,4.072,0,0
XTB_PE,D,20180614,000000,3.9853,3.9853,3.8121,3.9853,0,0
XTB_PE,D,20180615,000000,3.8121,3.9853,3.8121,3.9853,0,0
XTB_PE,D,20180618,000000,3.9853,3.9853,3.8987,3.9853,0,0
XTB_PE,D,20180619,000000,3.8121,3.9853,3.8121,3.8987,0,0
XTB_PE,D,20180620,000000,3.8121,3.8987,3.8121,3.8987,0,0
XTB_PE,D,20180621,000000,3.8121,3.8987,3.8121,3.8987,0,0
XTB_PE,D,20180622,000000,3.8121,3.8987,3.8121,3.8121,0,0
XTB_PE,D,20180625,000000,3.7254,3.8987,3.7254,3.8987,0,0
XTB_PE,D,20180626,000000,3.8987,3.8987,3.7254,3.8121,0,0
XTB_PE,D,20180627,000000,3.7254,3.8987,3.7254,3.8987,0,0
XTB_PE,D,20180628,000000,3.8987,3.8987,3.7254,3.8121,0,0
XTB_PE,D,20180629,000000,3.8121,4.1586,3.8121,3.8987,0,0
XTB_PE,D,20180702,000000,3.8121,3.8121,3.7254,3.8121,0,0
XTB_PE,D,20180703,000000,3.7254,3.8121,3.7254,3.7254,0,0
XTB_PE,D,20180704,000000,3.7254,3.7254,3.7254,3.7254,0,0
XTB_PE,D,20180705,000000,3.8987,3.8987,3.8987,3.8987,0,0
XTB_PE,D,20180706,000000,3.8987,3.9853,3.8987,3.8987,0,0
XTB_PE,D,20180709,000000,3.8987,3.8987,3.8987,3.8987,0,0
XTB_PE,D,20180710,000000,3.8121,3.8987,3.8121,3.8987,0,0
XTB_PE,D,20180711,000000,3.8121,3.8987,3.7254,3.8121,0,0
XTB_PE,D,20180712,000000,3.8121,3.8121,3.8121,3.8121,0,0
XTB_PE,D,20180716,000000,3.8987,4.1586,3.8987,3.9853,0,0
XTB_PE,D,20180717,000000,4.072,4.072,3.9853,4.072,0,0
XTB_PE,D,20180718,000000,4.072,4.072,4.072,4.072,0,0
XTB_PE,D,20180719,000000,3.9853,4.072,3.9853,3.9853,0,0
XTB_PE,D,20180720,000000,3.8121,3.9853,3.8121,3.9853,0,0
XTB_PE,D,20180723,000000,3.9853,3.9853,3.8987,3.9853,0,0
XTB_PE,D,20180724,000000,3.9853,4.072,3.8121,3.9853,0,0
XTB_PE,D,20180725,000000,3.9853,4.072,3.9853,4.072,0,0
XTB_PE,D,20180726,000000,4.072,4.4185,4.072,4.3319,0,0
XTB_PE,D,20180727,000000,4.5918,4.5918,4.2453,4.3319,0,0
XTB_PE,D,20180730,000000,4.2453,4.4185,4.2453,4.4185,0,0
XTB_PE,D,20180731,000000,4.4185,4.4185,4.2453,4.3319,0,0
XTB_PE,D,20180801,000000,4.3319,4.3319,4.3319,4.3319,0,0
XTB_PE,D,20180802,000000,4.3319,4.3319,4.1586,4.2453,0,0
XTB_PE,D,20180803,000000,4.2453,4.2453,4.2453,4.2453,0,0
XTB_PE,D,20180806,000000,4.5918,4.5918,4.4185,4.5052,0,0
XTB_PE,D,20180807,000000,4.5052,4.5052,4.4185,4.5052,0,0
XTB_PE,D,20180808,000000,4.5052,4.5052,4.4185,4.4185,0,0
XTB_PE,D,20180809,000000,4.4185,4.5052,4.4185,4.5052,0,0
XTB_PE,D,20180810,000000,4.5052,4.5052,4.4185,4.4185,0,0
XTB_PE,D,20180813,000000,4.4185,4.4185,4.3319,4.4185,0,0
XTB_PE,D,20180814,000000,4.5052,4.5052,4.3319,4.5052,0,0
XTB_PE,D,20180816,000000,4.5052,4.5052,4.3319,4.4185,0,0
XTB_PE,D,20180817,000000,4.4185,4.5052,4.4185,4.5052,0,0
XTB_PE,D,20180820,000000,4.5052,4.5052,4.3319,4.4185,0,0
XTB_PE,D,20180821,000000,4.3319,4.5052,4.3319,4.5052,0,0
XTB_PE,D,20180822,000000,4.5052,4.5052,4.4185,4.4185,0,0
XTB_PE,D,20180823,000000,4.5052,4.5918,3.8987,3.8987,0,0
XTB_PE,D,20180824,000000,3.9853,3.9853,3.8987,3.9853,0,0
XTB_PE,D,20180827,000000,3.9853,3.9853,3.8987,3.8987,0,0
XTB_PE,D,20180828,000000,3.8987,3.9853,3.8121,3.8987,0,0
XTB_PE,D,20180829,000000,3.8987,3.8987,3.8121,3.8987,0,0
XTB_PE,D,20180830,000000,3.8121,3.8987,3.8121,3.8987,0,0
XTB_PE,D,20180831,000000,3.8121,3.8987,3.7254,3.7254,0,0
XTB_PE,D,20180903,000000,3.7254,3.7254,3.4656,3.6388,0,0
XTB_PE,D,20180904,000000,3.6388,3.6388,3.4656,3.4656,0,0
XTB_PE,D,20180905,000000,3.4656,3.4656,3.3789,3.4656,0,0
XTB_PE,D,20180906,000000,3.4656,3.4656,3.3789,3.4656,0,0
XTB_PE,D,20180907,000000,3.2922,3.3789,3.2057,3.2922,0,0
XTB_PE,D,20180910,000000,3.2922,3.5521,3.2922,3.5521,0,0
XTB_PE,D,20180911,000000,3.5521,3.5521,3.4656,3.5521,0,0
XTB_PE,D,20180912,000000,3.4656,3.5521,3.3789,3.4656,0,0
XTB_PE,D,20180913,000000,3.4656,3.4656,3.3789,3.4656,0,0
XTB_PE,D,20180914,000000,3.4656,3.4656,3.3789,3.4656,0,0
XTB_PE,D,20180917,000000,3.4656,3.4656,3.3789,3.3789,0,0
XTB_PE,D,20180918,000000,3.3789,3.3789,3.1189,3.2057,0,0
XTB_PE,D,20180919,000000,3.2057,3.4656,2.8591,3.1189,0,0
XTB_PE,D,20180920,000000,3.1189,3.1189,3.0323,3.1189,0,0
XTB_PE,D,20180921,000000,3.1189,3.1189,3.0323,3.0323,0,0
XTB_PE,D,20180924,000000,3.0323,3.0323,2.8591,2.9457,0,0
XTB_PE,D,20180925,000000,2.7724,2.9457,2.7724,2.7724,0,0
XTB_PE,D,20180926,000000,2.7724,2.9457,2.7724,2.7724,0,0
XTB_PE,D,20180927,000000,2.7724,2.7724,2.7724,2.7724,0,0
XTB_PE,D,20180928,000000,2.7724,2.9457,2.5992,2.5992,0,0
XTB_PE,D,20181001,000000,2.5992,2.6857,2.5992,2.5992,0,0
XTB_PE,D,20181002,000000,2.5992,2.6857,2.5992,2.5992,0,0
XTB_PE,D,20181003,000000,2.5992,2.5992,2.5992,2.5992,0,0
XTB_PE,D,20181004,000000,2.5992,2.6857,2.5992,2.5992,0,0
XTB_PE,D,20181005,000000,2.5992,2.6857,2.5126,2.5126,0,0
XTB_PE,D,20181008,000000,2.5992,2.5992,2.5126,2.5992,0,0
XTB_PE,D,20181009,000000,2.5992,2.8591,2.5992,2.8591,0,0
XTB_PE,D,20181010,000000,2.9457,3.1189,2.8591,2.9457,0,0
XTB_PE,D,20181011,000000,2.8591,2.9457,2.7724,2.8591,0,0
XTB_PE,D,20181012,000000,3.0323,3.0323,2.8591,2.9457,0,0
XTB_PE,D,20181015,000000,2.9457,3.0323,2.8591,2.9457,0,0
XTB_PE,D,20181016,000000,3.0323,3.0323,2.9457,3.0323,0,0
XTB_PE,D,20181017,000000,3.0323,3.1189,3.0323,3.1189,0,0
XTB_PE,D,20181018,000000,3.1189,3.2057,3.1189,3.1189,0,0
XTB_PE,D,20181019,000000,3.2057,3.2057,3.0323,3.1189,0,0
XTB_PE,D,20181022,000000,3.1189,3.1189,3.0323,3.0323,0,0
XTB_PE,D,20181023,000000,3.0323,3.0323,2.9457,2.9457,0,0
XTB_PE,D,20181024,000000,2.8591,2.9457,2.8591,2.9457,0,0
XTB_PE,D,20181025,000000,2.8591,2.9457,2.8591,2.9457,0,0
XTB_PE,D,20181026,000000,2.9457,2.9457,2.8591,2.9457,0,0
XTB_PE,D,20181029,000000,2.9457,3.1189,2.9457,3.1189,0,0
XTB_PE,D,20181030,000000,3.1189,3.1189,3.0323,3.0323,0,0
XTB_PE,D,20181031,000000,3.0323,3.1189,2.8591,2.8591,0,0
XTB_PE,D,20181102,000000,3.0323,3.0323,2.8591,2.9457,0,0
XTB_PE,D,20181105,000000,2.9457,2.9457,2.9457,2.9457,0,0
XTB_PE,D,20181106,000000,2.9457,2.9457,2.8591,2.9457,0,0
XTB_PE,D,20181107,000000,2.9457,2.9457,2.8591,2.8591,0,0
XTB_PE,D,20181108,000000,2.8591,2.8591,2.6857,2.6857,0,0
XTB_PE,D,20181109,000000,2.6857,3.5521,2.6857,3.5521,0,0
XTB_PE,D,20181113,000000,3.6388,3.7254,3.4656,3.7254,0,0
XTB_PE,D,20181114,000000,3.7254,3.8987,3.7254,3.8121,0,0
XTB_PE,D,20181115,000000,3.8121,3.8121,3.6388,3.8121,0,0
XTB_PE,D,20181116,000000,3.8121,3.8121,3.7254,3.8121,0,0
XTB_PE,D,20181119,000000,3.8121,3.8121,3.7254,3.8121,0,0
XTB_PE,D,20181120,000000,3.7254,3.8987,3.7254,3.8121,0,0
XTB_PE,D,20181121,000000,3.6388,3.8121,3.6388,3.8121,0,0
XTB_PE,D,20181122,000000,3.8121,3.8121,3.8121,3.8121,0,0
XTB_PE,D,20181123,000000,3.8121,3.8121,3.8121,3.8121,0,0
XTB_PE,D,20181126,000000,3.8121,3.8121,3.7254,3.8121,0,0
XTB_PE,D,20181127,000000,3.7254,3.8121,3.7254,3.8121,0,0
XTB_PE,D,20181128,000000,3.8121,3.8121,3.8121,3.8121,0,0
XTB_PE,D,20181129,000000,3.8121,3.8987,3.7254,3.8121,0,0
XTB_PE,D,20181130,000000,3.8121,3.8121,3.6388,3.7254,0,0
XTB_PE,D,20181203,000000,3.7254,3.8987,3.7254,3.8121,0,0
XTB_PE,D,20181204,000000,3.7254,3.8121,3.7254,3.8121,0,0
XTB_PE,D,20181205,000000,3.8121,3.8987,3.8121,3.8121,0,0
XTB_PE,D,20181206,000000,3.8121,3.9853,3.7254,3.8987,0,0
XTB_PE,D,20181207,000000,3.8987,3.8987,3.8121,3.8121,0,0
XTB_PE,D,20181210,000000,3.8248,3.8248,3.7315,3.8248,0,0
XTB_PE,D,20181211,000000,3.8248,3.8248,3.8248,3.8248,0,0
XTB_PE,D,20181212,000000,3.9181,3.9181,3.9181,3.9181,0,0
XTB_PE,D,20181213,000000,4.0114,4.0114,3.8248,4.0114,0,0
XTB_PE,D,20181214,000000,4.0114,4.0114,4.0114,4.0114,0,0
XTB_PE,D,20181217,000000,3.9181,4.0114,3.9181,3.9181,0,0
XTB_PE,D,20181218,000000,3.8248,3.9181,3.8248,3.9181,0,0
XTB_PE,D,20181219,000000,3.9181,3.9181,3.8248,3.8248,0,0
XTB_PE,D,20181220,000000,3.8248,3.8248,3.7315,3.7315,0,0
XTB_PE,D,20181221,000000,3.7315,3.7315,3.7315,3.7315,0,0
XTB_PE,D,20181227,000000,3.6382,3.7315,3.6382,3.6382,0,0
XTB_PE,D,20181228,000000,3.7315,3.7315,3.6382,3.7315,0,0
XTB_PE,D,20190102,000000,3.7315,3.7315,3.7315,3.7315,0,0
XTB_PE,D,20190103,000000,3.7315,3.8248,3.7315,3.8248,0,0
XTB_PE,D,20190104,000000,3.7315,3.7315,3.7315,3.7315,0,0
XTB_PE,D,20190107,000000,3.7315,3.8248,3.7315,3.7315,0,0
XTB_PE,D,20190108,000000,3.7315,3.9181,3.7315,3.9181,0,0
XTB_PE,D,20190109,000000,3.8248,3.9181,3.8248,3.9181,0,0
XTB_PE,D,20190110,000000,3.8248,3.9181,3.8248,3.9181,0,0
XTB_PE,D,20190111,000000,3.9181,3.9181,3.9181,3.9181,0,0
XTB_PE,D,20190114,000000,3.9181,3.9181,3.8248,3.8248,0,0
XTB_PE,D,20190115,000000,3.7315,3.8248,3.7315,3.8248,0,0
XTB_PE,D,20190116,000000,3.8248,3.8248,3.8248,3.8248,0,0
XTB_PE,D,20190117,000000,3.9181,4.0114,3.9181,3.9181,0,0
XTB_PE,D,20190118,000000,3.9181,3.9181,3.8248,3.8248,0,0
XTB_PE,D,20190121,000000,3.8248,3.9181,3.8248,3.9181,0,0
XTB_PE,D,20190122,000000,3.9181,3.9181,3.8248,3.8248,0,0
XTB_PE,D,20190123,000000,3.8248,3.8248,3.7315,3.8248,0,0
XTB_PE,D,20190124,000000,3.7315,3.8248,3.7315,3.8248,0,0
XTB_PE,D,20190125,000000,3.8248,3.8248,3.8248,3.8248,0,0
XTB_PE,D,20190128,000000,3.8248,3.8248,3.7315,3.7315,0,0
XTB_PE,D,20190129,000000,3.7315,3.8248,3.7315,3.8248,0,0
XTB_PE,D,20190130,000000,3.8248,3.8248,3.545,3.545,0,0
XTB_PE,D,20190131,000000,3.6382,3.7315,3.4516,3.7315,0,0
XTB_PE,D,20190201,000000,3.7315,3.7315,3.7315,3.7315,0,0
XTB_PE,D,20190204,000000,3.7315,3.9181,3.7315,3.8248,0,0
XTB_PE,D,20190205,000000,3.7315,3.7315,3.545,3.6382,0,0
XTB_PE,D,20190206,000000,3.6382,3.7315,3.6382,3.7315,0,0
XTB_PE,D,20190207,000000,3.7315,3.7315,3.6382,3.7315,0,0
XTB_PE,D,20190208,000000,3.7315,3.7315,3.7315,3.7315,0,0
XTB_PE,D,20190211,000000,3.6382,3.7315,3.6382,3.6382,0,0
XTB_PE,D,20190212,000000,3.6382,3.6382,3.545,3.6382,0,0
XTB_PE,D,20190213,000000,3.545,3.7315,3.545,3.7315,0,0
XTB_PE,D,20190214,000000,3.7315,3.7315,3.7315,3.7315,0,0
XTB_PE,D,20190215,000000,3.7315,3.7315,3.7315,3.7315,0,0
XTB_PE,D,20190218,000000,3.7315,3.9181,3.7315,3.8248,0,0
XTB_PE,D,20190219,000000,3.7315,3.7315,3.6382,3.7315,0,0
XTB_PE,D,20190220,000000,3.8248,3.8248,3.6382,3.6382,0,0
XTB_PE,D,20190221,000000,3.6382,3.6382,3.545,3.6382,0,0
XTB_PE,D,20190222,000000,3.7315,3.7315,3.6382,3.7315,0,0
XTB_PE,D,20190225,000000,3.6382,3.6382,3.545,3.6382,0,0
XTB_PE,D,20190226,000000,3.6382,3.7315,3.545,3.545,0,0
XTB_PE,D,20190227,000000,3.545,3.7315,3.545,3.6382,0,0
XTB_PE,D,20190228,000000,3.545,3.6382,3.545,3.6382,0,0
XTB_PE,D,20190301,000000,3.6382,3.6382,3.6382,3.6382,0,0
XTB_PE,D,20190304,000000,3.6382,3.7315,3.6382,3.6382,0,0
XTB_PE,D,20190305,000000,3.545,3.6382,3.545,3.6382,0,0
XTB_PE,D,20190306,000000,3.6382,3.6382,3.545,3.6382,0,0
XTB_PE,D,20190307,000000,3.545,3.6382,3.545,3.545,0,0
XTB_PE,D,20190308,000000,3.545,4.5711,3.545,4.5711,0,0
XTB_PE,D,20190311,000000,4.6644,4.6644,4.5711,4.5711,0,0
XTB_PE,D,20190312,000000,4.5711,4.5711,4.5711,4.5711,0,0
XTB_PE,D,20190313,000000,4.5711,4.5711,4.5711,4.5711,0,0
XTB_PE,D,20190314,000000,4.5711,4.5711,4.5711,4.5711,0,0
XTB_PE,D,20190315,000000,4.5711,4.7577,4.5711,4.6644,0,0
XTB_PE,D,20190318,000000,4.6644,4.6644,4.2912,4.3845,0,0
XTB_PE,D,20190319,000000,4.4778,4.4778,4.3845,4.3845,0,0
XTB_PE,D,20190320,000000,4.3845,4.3845,4.198,4.3845,0,0
XTB_PE,D,20190321,000000,4.4778,4.4778,4.3845,4.3845,0,0
XTB_PE,D,20190322,000000,4.198,4.3845,4.198,4.2912,0,0
XTB_PE,D,20190325,000000,4.3845,4.3845,4.3845,4.3845,0,0
XTB_PE,D,20190326,000000,4.3845,4.3845,4.2912,4.3845,0,0
XTB_PE,D,20190327,000000,4.2912,4.3845,4.198,4.3845,0,0
XTB_PE,D,20190328,000000,4.4778,4.4778,4.2912,4.2912,0,0
XTB_PE,D,20190329,000000,4.3845,4.3845,4.2912,4.3845,0,0
XTB_PE,D,20190401,000000,4.3845,4.3845,4.2912,4.2912,0,0
XTB_PE,D,20190402,000000,4.2912,4.3845,4.2912,4.2912,0,0
XTB_PE,D,20190403,000000,4.2912,4.3845,4.2912,4.3845,0,0
XTB_PE,D,20190404,000000,4.3845,4.3845,4.3845,4.3845,0,0
XTB_PE,D,20190405,000000,4.3845,4.3845,4.3845,4.3845,0,0
XTB_PE,D,20190408,000000,4.3845,4.3845,4.2912,4.2912,0,0
XTB_PE,D,20190409,000000,4.2912,4.2912,4.198,4.198,0,0
XTB_PE,D,20190410,000000,4.198,4.198,4.198,4.198,0,0
XTB_PE,D,20190411,000000,4.198,4.198,4.198,4.198,0,0
XTB_PE,D,20190412,000000,4.198,4.198,4.198,4.198,0,0
XTB_PE,D,20190415,000000,4.1046,4.2912,4.1046,4.2912,0,0
XTB_PE,D,20190416,000000,4.198,4.3845,4.198,4.2912,0,0
XTB_PE,D,20190417,000000,4.2912,4.3845,4.2912,4.3845,0,0
XTB_PE,D,20190418,000000,4.3845,4.3845,4.3845,4.3845,0,0
XTB_PE,D,20190423,000000,4.3845,4.4778,4.3845,4.3845,0,0
XTB_PE,D,20190424,000000,4.4773,4.4773,4.38,4.4773,0,0
XTB_PE,D,20190425,000000,4.4773,4.4773,4.4773,4.4773,0,0
XTB_PE,D,20190426,000000,4.38,4.38,4.2827,4.38,0,0
XTB_PE,D,20190429,000000,4.38,4.38,4.38,4.38,0,0
XTB_PE,D,20190430,000000,4.38,4.38,4.38,4.38,0,0
XTB_PE,D,20190506,000000,4.2827,4.4773,4.2827,4.38,0,0
XTB_PE,D,20190507,000000,4.1853,4.2827,4.1853,4.2827,0,0
XTB_PE,D,20190508,000000,4.2827,4.2827,4.2827,4.2827,0,0
XTB_PE,D,20190509,000000,4.2827,4.2827,4.2827,4.2827,0,0
XTB_PE,D,20190510,000000,4.1853,4.38,4.1853,4.2827,0,0
XTB_PE,D,20190513,000000,4.38,10.123,4.2827,10.123,0,0
XTB_PE,D,20190515,000000,10.123,10.123,10.123,10.123,0,0
XTB_PE,D,20190516,000000,10.025,10.415,9.928,10.123,0,0
XTB_PE,D,20190517,000000,10.123,10.317,10.025,10.317,0,0
XTB_PE,D,20190520,000000,10.025,10.123,10.025,10.123,0,0
XTB_PE,D,20190521,000000,10.123,10.123,10.123,10.123,0,0
XTB_PE,D,20190522,000000,9.928,10.123,9.636,9.831,0,0
XTB_PE,D,20190523,000000,10.415,10.415,9.831,9.928,0,0
XTB_PE,D,20190524,000000,9.928,9.928,9.928,9.928,0,0
XTB_PE,D,20190527,000000,9.928,10.22,9.928,10.22,0,0
XTB_PE,D,20190528,000000,9.928,10.123,9.733,10.123,0,0
XTB_PE,D,20190529,000000,9.928,10.025,9.733,9.928,0,0
XTB_PE,D,20190530,000000,10.025,10.317,9.928,10.317,0,0
XTB_PE,D,20190531,000000,10.22,10.707,10.025,10.707,0,0
XTB_PE,D,20190603,000000,10.609,10.609,10.512,10.512,0,0
XTB_PE,D,20190604,000000,10.609,10.609,10.609,10.609,0,0
XTB_PE,D,20190606,000000,10.512,10.512,10.123,10.22,0,0
XTB_PE,D,20190607,000000,10.512,10.512,10.123,10.317,0,0
XTB_PE,D,20190610,000000,10.317,10.512,10.317,10.512,0,0
XTB_PE,D,20190611,000000,10.512,10.512,10.512,10.512,0,0
XTB_PE,D,20190613,000000,10.415,10.415,10.415,10.415,0,0
XTB_PE,D,20190614,000000,10.317,10.317,9.928,10.22,0,0
XTB_PE,D,20190617,000000,10.22,10.317,10.123,10.123,0,0
XTB_PE,D,20190618,000000,10.025,10.025,9.1493,9.1493,0,0
XTB_PE,D,20190619,000000,9.831,9.831,9.344,9.733,0,0
XTB_PE,D,20190621,000000,9.344,9.928,9.344,9.831,0,0
XTB_PE,D,20190624,000000,9.2467,9.733,9.2467,9.636,0,0
XTB_PE,D,20190625,000000,9.344,9.636,9.344,9.636,0,0
XTB_PE,D,20190626,000000,9.636,9.636,9.052,9.344,0,0
XTB_PE,D,20190627,000000,9.539,9.636,9.539,9.636,0,0
XTB_PE,D,20190628,000000,9.636,9.928,9.539,9.928,0,0
XTB_PE,D,20190701,000000,9.636,10.123,9.636,10.123,0,0
XTB_PE,D,20190702,000000,10.123,10.123,10.123,10.123,0,0
XTB_PE,D,20190703,000000,9.831,9.928,9.831,9.928,0,0
XTB_PE,D,20190704,000000,9.928,10.123,9.344,10.025,0,0
XTB_PE,D,20190705,000000,9.539,9.539,9.539,9.539,0,0
XTB_PE,D,20190708,000000,9.4413,9.636,9.4413,9.636,0,0
XTB_PE,D,20190709,000000,9.636,9.636,9.636,9.636,0,0
XTB_PE,D,20190710,000000,9.636,9.928,9.636,9.928,0,0
XTB_PE,D,20190711,000000,9.4413,9.636,9.4413,9.539,0,0
XTB_PE,D,20190712,000000,10.025,10.025,10.025,10.025,0,0
XTB_PE,D,20190715,000000,9.539,10.025,9.344,10.025,0,0
XTB_PE,D,20190716,000000,10.025,10.025,10.025,10.025,0,0
XTB_PE,D,20190718,000000,9.733,9.928,9.733,9.928,0,0
XTB_PE,D,20190719,000000,9.733,9.831,9.733,9.733,0,0
XTB_PE,D,20190722,000000,9.636,9.733,9.4413,9.539,0,0
XTB_PE,D,20190723,000000,9.539,9.539,9.539,9.539,0,0
XTB_PE,D,20190724,000000,9.4413,9.539,9.1493,9.1493,0,0
XTB_PE,D,20190725,000000,9.344,9.733,9.344,9.733,0,0
XTB_PE,D,20190726,000000,9.4413,9.733,9.4413,9.4413,0,0
XTB_PE,D,20190729,000000,9.733,9.733,9.2467,9.2467,0,0
XTB_PE,D,20190730,000000,9.733,9.733,9.636,9.636,0,0
XTB_PE,D,20190731,000000,9.636,9.831,9.636,9.831,0,0
XTB_PE,D,20190801,000000,10.123,10.123,9.636,9.636,0,0
XTB_PE,D,20190802,000000,9.636,9.928,9.636,9.928,0,0
XTB_PE,D,20190805,000000,10.025,10.025,9.636,9.636,0,0
XTB_PE,D,20190806,000000,9.636,9.636,9.636,9.636,0,0
XTB_PE,D,20190807,000000,9.636,9.636,9.539,9.636,0,0
XTB_PE,D,20190808,000000,9.344,9.636,9.344,9.4413,0,0
XTB_PE,D,20190809,000000,9.4413,9.4413,9.4413,9.4413,0,0
XTB_PE,D,20190812,000000,9.733,9.831,9.4413,9.831,0,0
XTB_PE,D,20190813,000000,9.831,9.831,9.636,9.636,0,0
XTB_PE,D,20190816,000000,9.733,9.733,9.733,9.733,0,0
XTB_PE,D,20190820,000000,9.344,9.831,9.344,9.831,0,0
XTB_PE,D,20190821,000000,9.344,9.831,9.052,9.831,0,0
XTB_PE,D,20190822,000000,9.733,67.16,9.733,67.16,0,0
XTB_PE,D,20190823,000000,63.559,67.063,63.364,64.045,0,0
XTB_PE,D,20190826,000000,65.213,65.213,61.125,62.391,0,0
XTB_PE,D,20190827,000000,62.488,63.559,62.488,63.461,0,0
XTB_PE,D,20190828,000000,62.293,63.753,62.293,62.391,0,0
XTB_PE,D,20190829,000000,61.515,63.559,61.515,63.461,0,0
XTB_PE,D,20190830,000000,63.072,63.169,63.072,63.169,0,0
XTB_PE,D,20190902,000000,63.559,63.559,63.461,63.461,0,0
XTB_PE,D,20190903,000000,60.639,60.639,60.444,60.541,0,0
XTB_PE,D,20190904,000000,60.152,62.196,57.719,62.196,0,0
XTB_PE,D,20190905,000000,62.293,62.293,58.692,61.807,0,0
XTB_PE,D,20190906,000000,61.807,61.807,61.807,61.807,0,0
XTB_PE,D,20190909,000000,62.099,62.391,61.807,62.391,0,0
XTB_PE,D,20190910,000000,56.94,58.789,56.94,58.595,0,0
XTB_PE,D,20190911,000000,58.789,58.789,58.595,58.692,0,0
XTB_PE,D,20190912,000000,56.843,58.692,56.843,58.692,0,0
XTB_PE,D,20190913,000000,58.692,58.692,56.648,58.011,0,0
XTB_PE,D,20190916,000000,56.745,58.4,56.551,58.4,0,0
XTB_PE,D,20190917,000000,58.595,58.595,58.595,58.595,0,0
XTB_PE,D,20190918,000000,58.4,58.595,55.091,55.091,0,0
XTB_PE,D,20190919,000000,55.285,57.621,53.436,57.621,0,0
XTB_PE,D,20190920,000000,55.48,58.4,55.48,58.4,0,0
XTB_PE,D,20190923,000000,58.4,58.4,55.48,58.205,0,0
XTB_PE,D,20190924,000000,55.675,58.011,55.675,58.011,0,0
XTB_PE,D,20190925,000000,57.621,57.621,57.621,57.621,0,0
XTB_PE,D,20190927,000000,55.869,57.329,55.869,57.232,0,0
XTB_PE,D,20190930,000000,57.232,57.621,57.232,57.621,0,0
XTB_PE,D,20191001,000000,56.94,56.94,55.869,56.745,0,0
XTB_PE,D,20191002,000000,57.621,58.205,55.869,58.205,0,0
XTB_PE,D,20191003,000000,56.94,57.621,55.967,57.621,0,0
XTB_PE,D,20191004,000000,60.055,60.055,57.037,57.037,0,0
XTB_PE,D,20191007,000000,57.037,57.913,55.869,57.816,0,0
XTB_PE,D,20191008,000000,57.816,57.816,55.675,56.551,0,0
XTB_PE,D,20191009,000000,59.471,59.471,56.551,58.692,0,0
XTB_PE,D,20191010,000000,58.984,58.984,56.843,56.94,0,0
XTB_PE,D,20191011,000000,59.179,59.179,56.161,58.595,0,0
XTB_PE,D,20191015,000000,56.356,56.94,54.993,56.94,0,0
XTB_PE,D,20191016,000000,57.135,58.4,57.135,57.816,0,0
XTB_PE,D,20191017,000000,58.4,58.4,57.816,57.816,0,0
XTB_PE,D,20191018,000000,58.4,58.4,57.816,57.816,0,0
XTB_PE,D,20191021,000000,57.816,60.055,55.967,58.692,0,0
XTB_PE,D,20191022,000000,59.568,59.568,58.108,59.276,0,0
XTB_PE,D,20191023,000000,58.4,59.665,58.205,58.887,0,0
XTB_PE,D,20191024,000000,59.179,59.373,57.913,58.4,0,0
XTB_PE,D,20191025,000000,58.4,59.86,57.816,59.471,0,0
XTB_PE,D,20191028,000000,64.629,66.479,59.471,63.656,0,0
XTB_PE,D,20191029,000000,65.408,69.301,63.948,64.24,0,0
XTB_PE,D,20191030,000000,64.24,64.24,63.461,63.461,0,0
XTB_PE,D,20191031,000000,64.143,64.24,64.143,64.24,0,0
XTB_PE,D,20191104,000000,64.24,64.24,64.045,64.045,0,0
XTB_PE,D,20191105,000000,65.895,65.895,62.78,63.851,0,0
XTB_PE,D,20191106,000000,65.895,65.895,63.851,64.824,0,0
XTB_PE,D,20191107,000000,64.24,64.24,63.169,64.24,0,0
XTB_PE,D,20191108,000000,64.24,64.24,16.255,16.255,0,0
XTB_PE,D,20191112,000000,16.255,16.255,16.157,16.255,0,0
XTB_PE,D,20191113,000000,16.255,16.255,16.255,16.255,0,0
XTB_PE,D,20191114,000000,16.255,16.255,16.255,16.255,0,0
XTB_PE,D,20191115,000000,16.06,16.255,15.865,16.255,0,0
XTB_PE,D,20191118,000000,16.255,16.255,16.255,16.255,0,0
XTB_PE,D,20191119,000000,16.255,16.255,16.157,16.157,0,0
XTB_PE,D,20191120,000000,16.449,16.449,16.157,16.255,0,0
XTB_PE,D,20191121,000000,16.255,16.255,16.157,16.157,0,0
XTB_PE,D,20191122,000000,16.157,16.157,15.768,15.963,0,0
XTB_PE,D,20191125,000000,15.768,15.963,15.768,15.963,0,0
XTB_PE,D,20191126,000000,16.06,16.06,15.768,15.768,0,0
XTB_PE,D,20191127,000000,16.157,16.157,16.157,16.157,0,0
XTB_PE,D,20191128,000000,16.157,16.157,15.963,15.963,0,0
XTB_PE,D,20191129,000000,16.06,17.131,15.476,16.449,0,0
XTB_PE,D,20191202,000000,16.449,17.131,16.449,16.741,0,0
XTB_PE,D,20191203,000000,18.007,18.007,16.644,17.423,0,0
XTB_PE,D,20191204,000000,17.617,17.617,16.644,16.644,0,0
XTB_PE,D,20191205,000000,16.255,16.644,16.255,16.644,0,0
XTB_PE,D,20191206,000000,17.131,17.131,16.255,16.255,0,0
XTB_PE,D,20191209,000000,16.352,17.812,16.255,17.812,0,0
XTB_PE,D,20191210,000000,16.449,16.839,16.449,16.839,0,0
XTB_PE,D,20191211,000000,17.617,17.617,16.741,16.936,0,0
XTB_PE,D,20191212,000000,17.617,17.617,16.547,17.131,0,0
XTB_PE,D,20191213,000000,17.617,17.617,16.352,17.423,0,0
XTB_PE,D,20191216,000000,17.423,17.617,17.423,17.617,0,0
XTB_PE,D,20191217,000000,17.617,17.617,16.741,17.617,0,0
XTB_PE,D,20191218,000000,17.617,17.617,17.617,17.617,0,0
XTB_PE,D,20191219,000000,17.617,17.617,16.839,17.423,0,0
XTB_PE,D,20191220,000000,17.131,17.131,16.741,17.131,0,0
XTB_PE,D,20191223,000000,16.839,17.131,16.741,17.033,0,0
XTB_PE,D,20191227,000000,17.033,17.909,17.033,17.909,0,0
XTB_PE,D,20191230,000000,17.909,19.077,17.617,18.299,0,0
XTB_PE,D,20200102,000000,18.299,18.98,18.299,18.299,0,0
XTB_PE,D,20200103,000000,18.493,18.493,17.715,17.715,0,0
XTB_PE,D,20200107,000000,17.715,18.785,17.715,18.785,0,0
XTB_PE,D,20200108,000000,18.883,18.883,17.617,17.715,0,0
XTB_PE,D,20200109,000000,18.201,18.591,18.201,18.299,0,0
XTB_PE,D,20200110,000000,18.299,18.299,17.617,17.715,0,0
XTB_PE,D,20200113,000000,17.715,18.201,17.617,17.617,0,0
XTB_PE,D,20200114,000000,18.299,18.299,17.52,17.617,0,0
XTB_PE,D,20200115,000000,18.299,18.299,17.131,17.52,0,0
XTB_PE,D,20200116,000000,18.201,18.201,17.228,17.228,0,0
XTB_PE,D,20200117,000000,17.131,17.617,17.131,17.131,0,0
XTB_PE,D,20200120,000000,17.909,17.909,16.839,16.839,0,0
XTB_PE,D,20200121,000000,16.839,17.033,16.644,16.839,0,0
XTB_PE,D,20200122,000000,17.909,18.104,17.131,17.131,0,0
XTB_PE,D,20200123,000000,17.423,17.617,16.839,17.617,0,0
XTB_PE,D,20200124,000000,17.617,18.104,17.228,18.007,0,0
XTB_PE,D,20200127,000000,18.007,18.007,16.936,18.007,0,0
XTB_PE,D,20200128,000000,18.007,18.007,17.131,18.007,0,0
XTB_PE,D,20200129,000000,18.007,18.007,17.033,17.715,0,0
XTB_PE,D,20200130,000000,17.715,17.715,17.131,17.131,0,0
XTB_PE,D,20200131,000000,17.131,17.423,16.936,16.936,0,0
XTB_PE,D,20200203,000000,17.325,17.325,16.936,17.228,0,0
XTB_PE,D,20200204,000000,19.661,19.856,19.467,19.661,0,0
XTB_PE,D,20200205,000000,19.661,19.661,18.98,19.467,0,0
XTB_PE,D,20200206,000000,19.467,19.661,19.175,19.467,0,0
XTB_PE,D,20200207,000000,19.661,19.661,18.688,18.785,0,0
XTB_PE,D,20200210,000000,18.883,19.272,18.785,18.785,0,0
XTB_PE,D,20200211,000000,18.98,19.077,18.688,18.785,0,0
XTB_PE,D,20200212,000000,18.883,18.883,18.396,18.396,0,0
XTB_PE,D,20200213,000000,18.396,18.785,18.299,18.396,0,0
XTB_PE,D,20200214,000000,18.396,18.493,17.909,18.104,0,0
XTB_PE,D,20200217,000000,18.493,18.493,17.909,18.104,0,0
XTB_PE,D,20200218,000000,18.104,18.591,17.909,18.201,0,0
XTB_PE,D,20200219,000000,18.201,18.299,18.007,18.007,0,0
XTB_PE,D,20200220,000000,18.396,19.272,18.396,18.98,0,0
XTB_PE,D,20200221,000000,19.175,19.175,18.785,18.98,0,0
XTB_PE,D,20200224,000000,19.077,19.077,18.299,18.591,0,0
XTB_PE,D,20200225,000000,18.591,18.591,17.617,18.104,0,0
XTB_PE,D,20200226,000000,18.299,18.883,17.812,18.883,0,0
XTB_PE,D,20200227,000000,19.077,19.077,18.299,18.591,0,0
XTB_PE,D,20200228,000000,18.104,19.175,17.715,18.785,0,0
XTB_PE,D,20200302,000000,19.077,19.564,19.077,19.272,0,0
XTB_PE,D,20200303,000000,19.467,19.467,18.785,18.785,0,0
XTB_PE,D,20200304,000000,18.785,18.785,18.299,18.493,0,0
XTB_PE,D,20200305,000000,18.493,18.98,18.493,18.688,0,0
XTB_PE,D,20200306,000000,18.883,18.883,18.299,18.591,0,0
XTB_PE,D,20200309,000000,18.104,18.299,17.131,17.812,0,0
XTB_PE,D,20200310,000000,18.007,18.201,7.6893,7.6893,0,0
XTB_PE,D,20200311,000000,7.6893,7.7867,7.1053,7.4947,0,0
XTB_PE,D,20200312,000000,7.4947,7.4947,6.716,6.9107,0,0
XTB_PE,D,20200313,000000,7.008,7.4947,7.008,7.3,0,0
XTB_PE,D,20200316,000000,7.3973,7.3973,7.008,7.3,0,0
XTB_PE,D,20200317,000000,7.3973,7.7867,7.2027,7.2027,0,0
XTB_PE,D,20200318,000000,7.3,7.6893,7.3,7.3973,0,0
XTB_PE,D,20200319,000000,7.592,7.884,7.3973,7.884,0,0
XTB_PE,D,20200320,000000,8.0787,8.0787,7.592,7.884,0,0
XTB_PE,D,20200323,000000,7.884,7.884,7.6893,7.7867,0,0
XTB_PE,D,20200324,000000,7.884,8.5653,7.884,8.2733,0,0
XTB_PE,D,20200325,000000,8.5653,8.76,8.2733,8.5653,0,0
XTB_PE,D,20200326,000000,8.76,9.539,8.5653,9.4413,0,0
XTB_PE,D,20200327,000000,9.4413,9.4413,8.8573,8.9547,0,0
XTB_PE,D,20200330,000000,9.4413,9.4413,8.9547,9.1493,0,0
XTB_PE,D,20200331,000000,9.4413,9.4413,8.9547,9.1493,0,0
XTB_PE,D,20200401,000000,9.2467,9.2467,9.052,9.1493,0,0
XTB_PE,D,20200402,000000,9.1493,9.1493,8.9547,9.052,0,0
XTB_PE,D,20200403,000000,9.052,9.1493,8.8573,9.052,0,0
XTB_PE,D,20200406,000000,9.052,9.1493,8.9547,9.052,0,0
XTB_PE,D,20200407,000000,9.052,9.539,8.8573,8.8573,0,0
XTB_PE,D,20200408,000000,8.8573,8.8573,8.5653,8.8573,0,0
XTB_PE,D,20200409,000000,8.9547,8.9547,8.8573,8.8573,0,0
XTB_PE,D,20200414,000000,8.8573,8.9547,8.76,8.8573,0,0
XTB_PE,D,20200415,000000,8.8573,9.928,8.76,9.928,0,0
XTB_PE,D,20200416,000000,10.317,11.388,10.22,10.901,0,0
XTB_PE,D,20200417,000000,11.096,11.291,10.804,11.193,0,0
XTB_PE,D,20200420,000000,11.68,11.972,11.388,11.875,0,0
XTB_PE,D,20200421,000000,12.264,12.264,10.609,11.972,0,0
XTB_PE,D,20200422,000000,11.777,12.556,11.777,12.361,0,0
XTB_PE,D,20200423,000000,12.459,12.653,12.361,12.459,0,0
XTB_PE,D,20200424,000000,12.459,12.556,12.264,12.361,0,0
XTB_PE,D,20200427,000000,17.228,18.688,16.644,16.839,0,0
XTB_PE,D,20200428,000000,18.104,21.316,17.228,17.812,0,0
XTB_PE,D,20200429,000000,18.7,18.7,17,17.3,0,0
XTB_PE,D,20200430,000000,17.3,17.3,15.6,15.7,0,0
XTB_PE,D,20200504,000000,16.4,18.5,16.4,17.1,0,0
XTB_PE,D,20200505,000000,16.2,17.3,15.1,15.2,0,0
XTB_PE,D,20200506,000000,14.6,15.9,14.1,14.6,0,0
XTB_PE,D,20200507,000000,15.4,16.9,4.2,4.2,0,0
XTB_PE,D,20200508,000000,4.4,4.5,4.3,4.4,0,0
XTB_PE,D,20200511,000000,4.5,4.5,4.3,4.4,0,0
XTB_PE,D,20200512,000000,4.4,4.6,4.4,4.6,0,0
XTB_PE,D,20200513,000000,4.6,4.7,4.5,4.6,0,0
XTB_PE,D,20200514,000000,4.5,4.5,4.1,4.3,0,0
XTB_PE,D,20200515,000000,4.4,4.4,4.2,4.3,0,0
XTB_PE,D,20200518,000000,4.3,4.6,4.3,4.6,0,0
XTB_PE,D,20200519,000000,4.6,4.7,4.5,4.5,0,0
XTB_PE,D,20200520,000000,4.4,4.6,4.4,4.5,0,0
XTB_PE,D,20200521,000000,4.5,4.6,4.4,4.4,0,0
XTB_PE,D,20200522,000000,4.4,4.4,4.2,4.3,0,0
XTB_PE,D,20200525,000000,4.4,4.4,4.3,4.3,0,0
XTB_PE,D,20200526,000000,4.3,4.4,4.3,4.4,0,0
XTB_PE,D,20200527,000000,4.4,4.4,4.2,4.2,0,0
XTB_PE,D,20200528,000000,4.3,4.3,4.1,4.1,0,0
XTB_PE,D,20200529,000000,4.1,4.4,4.1,4.4,0,0
XTB_PE,D,20200601,000000,4.5,5.3,4.5,5.2,0,0
XTB_PE,D,20200602,000000,5.1,5.5,5.1,5.2,0,0
XTB_PE,D,20200603,000000,5.3,5.4,5.2,5.3,0,0
XTB_PE,D,20200604,000000,5.3,5.3,5,5.3,0,0
XTB_PE,D,20200605,000000,5.9,5.9,5.5,5.5,0,0
XTB_PE,D,20200608,000000,5.5,5.6,5.3,5.4,0,0
XTB_PE,D,20200609,000000,5.3,5.6,5.1,5.6,0,0
XTB_PE,D,20200610,000000,5.7,6,5.5,5.9,0,0
XTB_PE,D,20200612,000000,5.6,6.3,5.6,6.1,0,0
XTB_PE,D,20200615,000000,6.2,6.5,6,6.1,0,0
XTB_PE,D,20200616,000000,6.3,6.3,6.1,6.2,0,0
XTB_PE,D,20200617,000000,6.2,6.2,6,6,0,0
XTB_PE,D,20200618,000000,6,6.3,5.9,6.2,0,0
XTB_PE,D,20200619,000000,6.3,6.3,6.2,6.3,0,0
XTB_PE,D,20200622,000000,6.3,6.3,6.1,6.2,0,0
XTB_PE,D,20200623,000000,6.2,6.7,6.2,6.4,0,0
XTB_PE,D,20200624,000000,6.5,6.6,6.3,6.4,0,0
XTB_PE,D,20200625,000000,6.4,6.6,6.4,6.4,0,0
XTB_PE,D,20200626,000000,6.4,6.5,6.3,6.4,0,0
XTB_PE,D,20200629,000000,6.4,6.7,6.4,6.6,0,0
XTB_PE,D,20200630,000000,6.6,6.8,6.5,6.6,0,0
XTB_PE,D,20200701,000000,6.5,6.6,6.3,6.5,0,0
XTB_PE,D,20200702,000000,6.5,6.5,6.4,6.5,0,0
XTB_PE,D,20200703,000000,6.4,6.9,6.4,6.8,0,0
XTB_PE,D,20200706,000000,6.7,7,6.7,7,0,0
XTB_PE,D,20200707,000000,7,7.5,6.9,7.3,0,0
XTB_PE,D,20200708,000000,7.4,7.7,7.4,7.4,0,0
XTB_PE,D,20200709,000000,7.5,7.6,7.2,7.4,0,0
XTB_PE,D,20200710,000000,7.5,7.7,7.3,7.5,0,0
XTB_PE,D,20200713,000000,7.6,8.2,7.6,8.1,0,0
XTB_PE,D,20200714,000000,8.3,9,8.3,8.6,0,0
XTB_PE,D,20200715,000000,9,9.1,8.2,8.3,0,0
XTB_PE,D,20200716,000000,8.5,8.6,8,8.2,0,0
XTB_PE,D,20200717,000000,8.4,9,8.4,9,0,0
XTB_PE,D,20200720,000000,9.7,10.7,9.7,10.7,0,0
XTB_PE,D,20200721,000000,11.1,12.5,11.1,12.1,0,0
XTB_PE,D,20200722,000000,12.4,13.4,12.2,13.4,0,0
XTB_PE,D,20200723,000000,13.6,14.5,13,13.3,0,0
XTB_PE,D,20200724,000000,13.3,13.4,12.6,12.9,0,0
XTB_PE,D,20200727,000000,12.9,14.2,12.8,14.1,0,0
XTB_PE,D,20200728,000000,14.2,14.7,14,14.3,0,0
XTB_PE,D,20200729,000000,12.1,12.2,9.8,9.8,0,0
XTB_PE,D,20200730,000000,9.6,10.1,7.9,8.3,0,0
XTB_PE,D,20200731,000000,8.8,9.7,8.8,9.7,0,0
XTB_PE,D,20200803,000000,10.1,10.4,9.8,10.3,0,0
XTB_PE,D,20200804,000000,10.5,11.1,9.2,9.8,0,0
XTB_PE,D,20200805,000000,10,10.4,9.4,10.3,0,0
XTB_PE,D,20200806,000000,10.5,10.5,9.5,9.6,0,0
XTB_PE,D,20200807,000000,9.4,9.6,8.8,9.6,0,0
XTB_PE,D,20200810,000000,9.6,9.6,9,9,0,0
XTB_PE,D,20200811,000000,8.8,8.8,8.4,8.6,0,0
XTB_PE,D,20200812,000000,8.7,8.9,8.2,8.9,0,0
XTB_PE,D,20200813,000000,9,9.5,9,9.2,0,0
XTB_PE,D,20200814,000000,9.3,9.4,9,9.2,0,0
XTB_PE,D,20200817,000000,9.2,9.4,9,9,0,0
XTB_PE,D,20200818,000000,9.1,9.3,8.7,9,0,0
XTB_PE,D,20200819,000000,9,9,8.7,8.7,0,0
XTB_PE,D,20200820,000000,8.7,9.3,8.4,9.3,0,0
XTB_PE,D,20200821,000000,9.3,9.7,6.2,6.2,0,0
