<TICKER>,<PER>,<DATE>,<TIME>,<OPEN>,<HIGH>,<LOW>,<CLOSE>,<VOL>,<OPENINT>
ZUE_PE,D,20101103,000000,37.126,37.126,37.126,37.126,0,0
ZUE_PE,D,20101104,000000,36.741,37.03,36.741,36.741,0,0
ZUE_PE,D,20101105,000000,36.933,36.933,36.741,36.933,0,0
ZUE_PE,D,20101108,000000,36.741,36.933,36.645,36.741,0,0
ZUE_PE,D,20101109,000000,36.741,36.741,36.645,36.741,0,0
ZUE_PE,D,20101110,000000,36.741,36.741,36.741,36.741,0,0
ZUE_PE,D,20101112,000000,36.741,36.741,36.741,36.741,0,0
ZUE_PE,D,20101115,000000,36.741,36.741,36.741,36.741,0,0
ZUE_PE,D,20101116,000000,36.741,36.741,35.972,35.972,0,0
ZUE_PE,D,20101117,000000,36.356,36.356,35.202,35.779,0,0
ZUE_PE,D,20101118,000000,35.587,36.741,35.587,36.549,0,0
ZUE_PE,D,20101119,000000,36.741,36.741,35.875,35.875,0,0
ZUE_PE,D,20110324,000000,17.313,17.313,17.313,17.313,0,0
ZUE_PE,D,20110325,000000,17.216,17.313,17.12,17.12,0,0
ZUE_PE,D,20110328,000000,17.024,17.12,16.928,17.024,0,0
ZUE_PE,D,20110329,000000,17.12,17.12,17.024,17.12,0,0
ZUE_PE,D,20110330,000000,17.12,17.12,17.12,17.12,0,0
ZUE_PE,D,20110331,000000,17.024,17.024,16.639,16.639,0,0
ZUE_PE,D,20110401,000000,17.12,17.12,16.543,16.639,0,0
ZUE_PE,D,20110404,000000,16.735,16.735,16.639,16.735,0,0
ZUE_PE,D,20110405,000000,16.735,16.735,16.447,16.447,0,0
ZUE_PE,D,20110406,000000,16.351,16.351,16.255,16.351,0,0
ZUE_PE,D,20110407,000000,16.158,16.351,16.062,16.062,0,0
ZUE_PE,D,20110408,000000,16.062,16.062,15.87,16.062,0,0
ZUE_PE,D,20110411,000000,15.87,15.87,15.774,15.774,0,0
ZUE_PE,D,20110412,000000,16.735,16.735,15.774,16.255,0,0
ZUE_PE,D,20110413,000000,16.351,16.351,15.87,15.87,0,0
ZUE_PE,D,20110414,000000,15.87,16.255,15.87,16.158,0,0
ZUE_PE,D,20110415,000000,16.062,16.158,15.774,15.774,0,0
ZUE_PE,D,20110418,000000,15.774,15.774,15.774,15.774,0,0
ZUE_PE,D,20110419,000000,15.677,15.774,15.389,15.389,0,0
ZUE_PE,D,20110420,000000,15.677,15.677,15.293,15.293,0,0
ZUE_PE,D,20110421,000000,15.197,15.293,15.004,15.293,0,0
ZUE_PE,D,20110426,000000,15.293,16.158,15.197,16.158,0,0
ZUE_PE,D,20110427,000000,15.87,16.158,15.485,16.158,0,0
ZUE_PE,D,20110428,000000,15.774,15.774,15.389,15.774,0,0
ZUE_PE,D,20110429,000000,15.87,15.87,15.774,15.774,0,0
ZUE_PE,D,20110502,000000,16.158,16.158,15.774,16.158,0,0
ZUE_PE,D,20110504,000000,16.158,16.158,15.677,15.966,0,0
ZUE_PE,D,20110505,000000,15.677,16.062,15.581,16.062,0,0
ZUE_PE,D,20110506,000000,15.966,16.062,15.966,15.966,0,0
ZUE_PE,D,20110510,000000,15.774,15.774,15.677,15.774,0,0
ZUE_PE,D,20110511,000000,15.389,15.774,15.293,15.677,0,0
ZUE_PE,D,20110512,000000,15.677,15.774,15.677,15.774,0,0
ZUE_PE,D,20110513,000000,15.774,15.774,15.389,15.774,0,0
ZUE_PE,D,20110516,000000,15.389,15.774,15.1,15.1,0,0
ZUE_PE,D,20110517,000000,15.1,15.1,14.427,14.716,0,0
ZUE_PE,D,20110518,000000,14.331,14.716,13.946,14.427,0,0
ZUE_PE,D,20110519,000000,14.619,14.619,13.465,13.465,0,0
ZUE_PE,D,20110520,000000,12.984,13.465,12.984,13.369,0,0
ZUE_PE,D,20110523,000000,13.177,13.177,12.888,12.984,0,0
ZUE_PE,D,20110524,000000,12.023,12.984,12.023,12.503,0,0
ZUE_PE,D,20110525,000000,12.503,12.696,12.503,12.696,0,0
ZUE_PE,D,20110526,000000,12.984,12.984,12.696,12.984,0,0
ZUE_PE,D,20110527,000000,12.792,13.561,12.503,13.177,0,0
ZUE_PE,D,20110530,000000,13.177,13.369,13.177,13.369,0,0
ZUE_PE,D,20110531,000000,13.369,13.369,13.081,13.273,0,0
ZUE_PE,D,20110601,000000,13.273,13.273,13.177,13.177,0,0
ZUE_PE,D,20110602,000000,13.081,13.081,12.888,13.081,0,0
ZUE_PE,D,20110603,000000,12.792,13.081,12.696,13.081,0,0
ZUE_PE,D,20110606,000000,12.792,12.792,12.503,12.503,0,0
ZUE_PE,D,20110607,000000,12.503,12.792,12.503,12.6,0,0
ZUE_PE,D,20110608,000000,12.888,12.888,12.696,12.696,0,0
ZUE_PE,D,20110609,000000,12.792,12.792,12.407,12.792,0,0
ZUE_PE,D,20110613,000000,12.792,13.177,12.792,12.792,0,0
ZUE_PE,D,20110615,000000,12.792,13.081,12.792,12.792,0,0
ZUE_PE,D,20110616,000000,12.792,12.792,12.792,12.792,0,0
ZUE_PE,D,20110620,000000,12.503,12.792,12.503,12.503,0,0
ZUE_PE,D,20110621,000000,12.503,12.696,12.503,12.696,0,0
ZUE_PE,D,20110622,000000,11.83,12.696,11.638,11.926,0,0
ZUE_PE,D,20110624,000000,12.119,12.215,11.926,12.215,0,0
ZUE_PE,D,20110627,000000,12.215,12.215,11.638,11.83,0,0
ZUE_PE,D,20110629,000000,12.119,12.119,11.445,11.926,0,0
ZUE_PE,D,20110630,000000,11.926,11.926,11.926,11.926,0,0
ZUE_PE,D,20110701,000000,11.734,11.734,11.734,11.734,0,0
ZUE_PE,D,20110704,000000,11.734,11.83,11.542,11.542,0,0
ZUE_PE,D,20110705,000000,11.638,11.83,11.542,11.542,0,0
ZUE_PE,D,20110706,000000,11.253,11.83,11.253,11.734,0,0
ZUE_PE,D,20110707,000000,12.023,12.023,11.734,11.926,0,0
ZUE_PE,D,20110708,000000,12.119,12.119,12.023,12.023,0,0
ZUE_PE,D,20110711,000000,12.023,12.023,11.734,11.926,0,0
ZUE_PE,D,20110712,000000,11.638,12.119,11.638,12.119,0,0
ZUE_PE,D,20110713,000000,12.215,12.311,12.215,12.311,0,0
ZUE_PE,D,20110714,000000,12.6,13.273,12.6,12.792,0,0
ZUE_PE,D,20110715,000000,13.081,13.273,12.888,12.888,0,0
ZUE_PE,D,20110718,000000,12.6,13.081,12.6,13.081,0,0
ZUE_PE,D,20110719,000000,12.792,13.273,12.792,13.081,0,0
ZUE_PE,D,20110720,000000,13.081,13.081,12.696,12.792,0,0
ZUE_PE,D,20110721,000000,12.503,12.792,12.119,12.792,0,0
ZUE_PE,D,20110722,000000,12.792,12.792,12.792,12.792,0,0
ZUE_PE,D,20110725,000000,12.503,12.503,11.83,12.407,0,0
ZUE_PE,D,20110726,000000,11.83,12.792,11.734,12.792,0,0
ZUE_PE,D,20110727,000000,12.407,12.792,12.407,12.407,0,0
ZUE_PE,D,20110728,000000,12.119,12.503,12.119,12.503,0,0
ZUE_PE,D,20110729,000000,12.215,12.215,11.83,12.215,0,0
ZUE_PE,D,20110801,000000,12.215,12.215,12.215,12.215,0,0
ZUE_PE,D,20110802,000000,11.926,11.926,11.926,11.926,0,0
ZUE_PE,D,20110803,000000,11.926,11.926,11.157,11.83,0,0
ZUE_PE,D,20110804,000000,11.542,11.542,11.061,11.542,0,0
ZUE_PE,D,20110805,000000,11.253,11.542,11.061,11.253,0,0
ZUE_PE,D,20110808,000000,10.965,11.157,10.484,11.157,0,0
ZUE_PE,D,20110809,000000,10.868,10.868,10.195,10.58,0,0
ZUE_PE,D,20110810,000000,10.58,10.676,9.522,9.522,0,0
ZUE_PE,D,20110811,000000,9.522,9.618,9.4257,9.618,0,0
ZUE_PE,D,20110812,000000,9.618,9.618,9.618,9.618,0,0
ZUE_PE,D,20110816,000000,9.618,9.714,9.522,9.714,0,0
ZUE_PE,D,20110819,000000,9.2333,9.714,8.8486,9.1372,0,0
ZUE_PE,D,20110822,000000,9.2333,9.907,9.2333,9.907,0,0
ZUE_PE,D,20110823,000000,10.676,10.676,10.676,10.676,0,0
ZUE_PE,D,20110824,000000,10.388,10.676,10.388,10.388,0,0
ZUE_PE,D,20110825,000000,10.099,10.484,10.099,10.484,0,0
ZUE_PE,D,20110826,000000,10.195,10.484,10.195,10.195,0,0
ZUE_PE,D,20110829,000000,10.388,10.388,10.195,10.195,0,0
ZUE_PE,D,20110830,000000,9.907,9.907,9.81,9.907,0,0
ZUE_PE,D,20110831,000000,9.907,10.484,9.618,10.484,0,0
ZUE_PE,D,20110901,000000,10.195,10.484,9.714,10.099,0,0
ZUE_PE,D,20110902,000000,9.81,9.907,9.618,9.907,0,0
ZUE_PE,D,20110905,000000,9.907,9.907,8.6563,8.6563,0,0
ZUE_PE,D,20110906,000000,8.6563,9.4257,8.3677,9.4257,0,0
ZUE_PE,D,20110907,000000,9.4257,10.484,9.4257,10.484,0,0
ZUE_PE,D,20110908,000000,10.195,10.195,10.195,10.195,0,0
ZUE_PE,D,20110909,000000,9.907,9.907,9.907,9.907,0,0
ZUE_PE,D,20110912,000000,9.4257,9.4257,9.4257,9.4257,0,0
ZUE_PE,D,20110913,000000,9.2333,9.618,8.8486,9.618,0,0
ZUE_PE,D,20110914,000000,9.4257,9.618,9.4257,9.618,0,0
ZUE_PE,D,20110915,000000,9.4257,9.618,8.9448,9.618,0,0
ZUE_PE,D,20110916,000000,9.4257,9.81,9.4257,9.81,0,0
ZUE_PE,D,20110919,000000,9.522,9.618,9.522,9.618,0,0
ZUE_PE,D,20110920,000000,9.3295,9.618,9.3295,9.618,0,0
ZUE_PE,D,20110921,000000,9.4257,9.618,9.4257,9.618,0,0
ZUE_PE,D,20110922,000000,9.4257,9.618,9.1372,9.522,0,0
ZUE_PE,D,20110923,000000,9.3295,9.522,9.3295,9.4257,0,0
ZUE_PE,D,20110926,000000,9.1372,9.618,9.1372,9.4257,0,0
ZUE_PE,D,20110927,000000,9.2333,9.618,8.9448,9.522,0,0
ZUE_PE,D,20110928,000000,9.3295,9.522,9.3295,9.522,0,0
ZUE_PE,D,20110929,000000,9.2333,9.522,9.2333,9.522,0,0
ZUE_PE,D,20110930,000000,9.3295,9.522,9.3295,9.3295,0,0
ZUE_PE,D,20111003,000000,9.1372,9.522,8.9448,9.4257,0,0
ZUE_PE,D,20111004,000000,9.1372,9.4257,9.1372,9.4257,0,0
ZUE_PE,D,20111005,000000,9.2333,9.4257,9.2333,9.4257,0,0
ZUE_PE,D,20111006,000000,9.4257,9.4257,9.041,9.2333,0,0
ZUE_PE,D,20111007,000000,9.2333,9.3295,9.1372,9.1372,0,0
ZUE_PE,D,20111010,000000,9.3295,9.4257,9.2333,9.4257,0,0
ZUE_PE,D,20111011,000000,9.2333,9.2333,8.8486,9.1372,0,0
ZUE_PE,D,20111012,000000,9.041,9.041,8.7524,9.041,0,0
ZUE_PE,D,20111013,000000,8.8486,8.8486,8.5601,8.5601,0,0
ZUE_PE,D,20111014,000000,8.5601,8.5601,8.0792,8.1753,0,0
ZUE_PE,D,20111017,000000,8.3677,8.3677,7.983,7.983,0,0
ZUE_PE,D,20111018,000000,8.2715,8.2715,7.8868,8.1753,0,0
ZUE_PE,D,20111019,000000,7.983,8.1753,7.983,7.983,0,0
ZUE_PE,D,20111020,000000,7.983,7.983,7.5983,7.7906,0,0
ZUE_PE,D,20111021,000000,7.8868,7.8868,7.5021,7.7906,0,0
ZUE_PE,D,20111024,000000,7.7906,7.983,7.5021,7.983,0,0
ZUE_PE,D,20111025,000000,7.983,7.983,7.983,7.983,0,0
ZUE_PE,D,20111026,000000,7.8868,7.983,7.7906,7.7906,0,0
ZUE_PE,D,20111027,000000,7.983,8.0792,7.983,7.983,0,0
ZUE_PE,D,20111028,000000,8.1753,8.1753,8.0792,8.0792,0,0
ZUE_PE,D,20111031,000000,8.3677,8.3677,8.0792,8.2715,0,0
ZUE_PE,D,20111102,000000,7.983,7.983,7.6944,7.983,0,0
ZUE_PE,D,20111103,000000,7.7906,8.2715,7.7906,8.2715,0,0
ZUE_PE,D,20111104,000000,8.2715,8.3677,8.1753,8.1753,0,0
ZUE_PE,D,20111107,000000,8.3677,8.4639,8.3677,8.4639,0,0
ZUE_PE,D,20111108,000000,8.4639,8.4639,8.4639,8.4639,0,0
ZUE_PE,D,20111109,000000,8.3677,8.3677,7.5983,8.2715,0,0
ZUE_PE,D,20111110,000000,8.0792,8.2715,8.0792,8.2715,0,0
ZUE_PE,D,20111114,000000,8.3677,8.3677,8.1753,8.3677,0,0
ZUE_PE,D,20111115,000000,8.3677,8.3677,8.1753,8.1753,0,0
ZUE_PE,D,20111116,000000,7.983,8.1753,7.983,8.1753,0,0
ZUE_PE,D,20111117,000000,7.983,8.1753,7.8868,7.8868,0,0
ZUE_PE,D,20111118,000000,7.6944,7.8868,7.6944,7.8868,0,0
ZUE_PE,D,20111121,000000,7.6944,7.8868,7.2135,7.5983,0,0
ZUE_PE,D,20111122,000000,7.6944,7.6944,7.1174,7.5983,0,0
ZUE_PE,D,20111123,000000,7.6944,7.6944,7.5021,7.5983,0,0
ZUE_PE,D,20111124,000000,7.8868,7.8868,7.6944,7.8868,0,0
ZUE_PE,D,20111125,000000,7.6944,7.8868,7.6944,7.8868,0,0
ZUE_PE,D,20111128,000000,7.6944,7.8868,7.4059,7.8868,0,0
ZUE_PE,D,20111129,000000,7.6944,7.8868,7.5983,7.5983,0,0
ZUE_PE,D,20111130,000000,7.4059,7.5021,7.4059,7.5021,0,0
ZUE_PE,D,20111201,000000,7.5021,7.5021,6.925,7.5021,0,0
ZUE_PE,D,20111202,000000,7.3097,7.5021,7.3097,7.4059,0,0
ZUE_PE,D,20111205,000000,7.4059,7.5021,7.4059,7.5021,0,0
ZUE_PE,D,20111206,000000,7.5021,7.5021,7.3097,7.5021,0,0
ZUE_PE,D,20111207,000000,7.5983,7.5983,7.4059,7.4059,0,0
ZUE_PE,D,20111208,000000,7.5021,7.5021,7.3097,7.5021,0,0
ZUE_PE,D,20111209,000000,7.5983,7.5983,7.4059,7.4059,0,0
ZUE_PE,D,20111212,000000,7.3097,7.3097,7.1174,7.2135,0,0
ZUE_PE,D,20111213,000000,7.0212,7.3097,6.925,7.3097,0,0
ZUE_PE,D,20111214,000000,7.1174,7.4059,7.0212,7.2135,0,0
ZUE_PE,D,20111215,000000,7.0212,7.2135,6.8288,6.8288,0,0
ZUE_PE,D,20111216,000000,6.8288,6.8288,6.6365,6.8288,0,0
ZUE_PE,D,20111219,000000,6.6365,6.8288,6.6365,6.8288,0,0
ZUE_PE,D,20111220,000000,6.6365,6.8288,6.1556,6.7326,0,0
ZUE_PE,D,20111221,000000,6.7326,6.7326,6.1556,6.2517,0,0
ZUE_PE,D,20111222,000000,6.1556,6.3479,6.1556,6.1556,0,0
ZUE_PE,D,20111223,000000,6.1556,6.3479,6.0594,6.0594,0,0
ZUE_PE,D,20111227,000000,5.867,6.0594,5.867,5.867,0,0
ZUE_PE,D,20111228,000000,5.6747,5.867,5.3861,5.6747,0,0
ZUE_PE,D,20111229,000000,5.4823,5.4823,5.0976,5.0976,0,0
ZUE_PE,D,20111230,000000,5.0976,5.5785,5.0976,5.5785,0,0
ZUE_PE,D,20120102,000000,5.6747,5.867,5.6747,5.867,0,0
ZUE_PE,D,20120103,000000,5.7708,5.7708,5.4823,5.5785,0,0
ZUE_PE,D,20120104,000000,5.5785,5.5785,5.2899,5.4823,0,0
ZUE_PE,D,20120105,000000,5.5785,5.5785,5.0976,5.4823,0,0
ZUE_PE,D,20120109,000000,5.5785,5.5785,5.3861,5.3861,0,0
ZUE_PE,D,20120110,000000,5.4823,5.5785,5.4823,5.5785,0,0
ZUE_PE,D,20120111,000000,5.6747,6.2517,5.6747,5.7708,0,0
ZUE_PE,D,20120112,000000,5.867,6.3479,5.867,6.1556,0,0
ZUE_PE,D,20120113,000000,6.1556,6.6365,6.1556,6.5403,0,0
ZUE_PE,D,20120116,000000,6.6365,6.6365,6.6365,6.6365,0,0
ZUE_PE,D,20120117,000000,6.7326,6.925,6.5403,6.7326,0,0
ZUE_PE,D,20120118,000000,6.8288,7.0212,6.8288,7.0212,0,0
ZUE_PE,D,20120119,000000,7.1174,7.2135,7.0212,7.2135,0,0
ZUE_PE,D,20120120,000000,7.3097,7.4059,7.2135,7.3097,0,0
ZUE_PE,D,20120123,000000,7.2135,7.4059,7.2135,7.4059,0,0
ZUE_PE,D,20120124,000000,7.4059,7.4059,7.0212,7.2135,0,0
ZUE_PE,D,20120125,000000,7.2135,7.4059,7.1174,7.4059,0,0
ZUE_PE,D,20120126,000000,7.4059,7.4059,7.3097,7.4059,0,0
ZUE_PE,D,20120127,000000,7.2135,7.4059,7.1174,7.4059,0,0
ZUE_PE,D,20120130,000000,7.5021,7.5021,7.3097,7.3097,0,0
ZUE_PE,D,20120131,000000,7.3097,7.5021,7.3097,7.3097,0,0
ZUE_PE,D,20120201,000000,7.5021,7.5983,7.2135,7.5983,0,0
ZUE_PE,D,20120202,000000,7.5983,8.0792,7.5983,7.983,0,0
ZUE_PE,D,20120203,000000,7.983,8.0792,7.8868,8.0792,0,0
ZUE_PE,D,20120206,000000,8.0792,8.3677,7.983,8.1753,0,0
ZUE_PE,D,20120207,000000,8.1753,8.1753,7.8868,8.0792,0,0
ZUE_PE,D,20120208,000000,8.1753,8.3677,8.1753,8.2715,0,0
ZUE_PE,D,20120209,000000,8.2715,8.7524,8.0792,8.5601,0,0
ZUE_PE,D,20120210,000000,8.3677,8.3677,8.0792,8.2715,0,0
ZUE_PE,D,20120213,000000,8.3677,8.4639,8.0792,8.2715,0,0
ZUE_PE,D,20120214,000000,8.0792,8.0792,7.5983,7.983,0,0
ZUE_PE,D,20120215,000000,7.8868,8.2715,7.8868,8.2715,0,0
ZUE_PE,D,20120216,000000,8.4639,8.4639,8.0792,8.2715,0,0
ZUE_PE,D,20120217,000000,8.4639,8.4639,8.2715,8.3677,0,0
ZUE_PE,D,20120220,000000,8.3677,8.3677,8.1753,8.1753,0,0
ZUE_PE,D,20120221,000000,8.1753,8.2715,8.1753,8.2715,0,0
ZUE_PE,D,20120222,000000,8.3677,8.3677,8.1753,8.2715,0,0
ZUE_PE,D,20120224,000000,8.0792,8.1753,7.983,8.1753,0,0
ZUE_PE,D,20120227,000000,7.983,7.983,7.983,7.983,0,0
ZUE_PE,D,20120228,000000,8.0792,8.2715,8.0792,8.1753,0,0
ZUE_PE,D,20120229,000000,8.0792,8.0792,8.0792,8.0792,0,0
ZUE_PE,D,20120301,000000,7.983,8.0792,7.5983,7.5983,0,0
ZUE_PE,D,20120302,000000,7.5021,7.7906,7.5021,7.6944,0,0
ZUE_PE,D,20120305,000000,7.6944,7.6944,7.5021,7.5021,0,0
ZUE_PE,D,20120306,000000,7.5021,7.5021,7.4059,7.5021,0,0
ZUE_PE,D,20120307,000000,7.5021,8.0792,7.5021,8.0792,0,0
ZUE_PE,D,20120308,000000,8.2715,8.2715,8.0792,8.0792,0,0
ZUE_PE,D,20120309,000000,8.0792,8.0792,8.0792,8.0792,0,0
ZUE_PE,D,20120312,000000,8.0792,8.0792,8.0792,8.0792,0,0
ZUE_PE,D,20120313,000000,8.0792,8.0792,8.0792,8.0792,0,0
ZUE_PE,D,20120314,000000,8.0792,8.0792,7.8868,7.8868,0,0
ZUE_PE,D,20120315,000000,7.6944,7.7906,7.5983,7.6944,0,0
ZUE_PE,D,20120316,000000,7.7906,7.8868,7.7906,7.8868,0,0
ZUE_PE,D,20120319,000000,7.6944,7.8868,7.6944,7.8868,0,0
ZUE_PE,D,20120320,000000,7.983,7.983,7.7906,7.7906,0,0
ZUE_PE,D,20120321,000000,7.983,7.983,7.8868,7.8868,0,0
ZUE_PE,D,20120322,000000,7.983,7.983,7.4059,7.7906,0,0
ZUE_PE,D,20120323,000000,7.6944,7.7906,7.6944,7.7906,0,0
ZUE_PE,D,20120326,000000,7.983,7.983,7.6944,7.7906,0,0
ZUE_PE,D,20120327,000000,7.983,7.983,7.7906,7.8868,0,0
ZUE_PE,D,20120328,000000,7.6944,7.8868,7.6944,7.8868,0,0
ZUE_PE,D,20120329,000000,7.6944,7.8868,7.6944,7.8868,0,0
ZUE_PE,D,20120330,000000,7.7906,7.983,7.7906,7.8868,0,0
ZUE_PE,D,20120402,000000,7.7906,7.7906,7.6944,7.6944,0,0
ZUE_PE,D,20120404,000000,7.5983,7.5983,7.5983,7.5983,0,0
ZUE_PE,D,20120405,000000,7.4059,7.8868,7.4059,7.8868,0,0
ZUE_PE,D,20120410,000000,7.8868,7.8868,7.6944,7.6944,0,0
ZUE_PE,D,20120411,000000,7.5021,7.5021,7.3097,7.5021,0,0
ZUE_PE,D,20120417,000000,7.3097,7.5983,7.3097,7.5983,0,0
ZUE_PE,D,20120418,000000,7.5021,7.5983,7.5021,7.5983,0,0
ZUE_PE,D,20120419,000000,7.5983,7.5983,7.4059,7.4059,0,0
ZUE_PE,D,20120420,000000,7.5983,7.5983,7.1174,7.1174,0,0
ZUE_PE,D,20120423,000000,7.1174,7.1174,6.6365,6.6365,0,0
ZUE_PE,D,20120424,000000,6.7326,6.8288,6.7326,6.8288,0,0
ZUE_PE,D,20120425,000000,6.8288,6.8288,6.6365,6.8288,0,0
ZUE_PE,D,20120426,000000,6.925,6.925,6.925,6.925,0,0
ZUE_PE,D,20120430,000000,7.1174,7.3097,6.925,7.3097,0,0
ZUE_PE,D,20120504,000000,7.1174,7.3097,7.1174,7.3097,0,0
ZUE_PE,D,20120507,000000,7.1174,7.3097,7.1174,7.2135,0,0
ZUE_PE,D,20120508,000000,7.2135,7.2135,7.2135,7.2135,0,0
ZUE_PE,D,20120509,000000,7.0212,7.1174,6.8288,7.1174,0,0
ZUE_PE,D,20120511,000000,7.1174,7.1174,7.1174,7.1174,0,0
ZUE_PE,D,20120514,000000,6.925,7.3097,6.925,7.1174,0,0
ZUE_PE,D,20120516,000000,5.7708,6.6365,5.7708,6.3479,0,0
ZUE_PE,D,20120517,000000,6.1556,6.3479,6.1556,6.3479,0,0
ZUE_PE,D,20120518,000000,6.1556,6.3479,6.1556,6.3479,0,0
ZUE_PE,D,20120521,000000,6.5403,6.5403,6.4441,6.4441,0,0
ZUE_PE,D,20120522,000000,6.3479,6.3479,6.1556,6.1556,0,0
ZUE_PE,D,20120523,000000,6.2517,6.3479,6.2517,6.3479,0,0
ZUE_PE,D,20120524,000000,6.4441,6.4441,6.4441,6.4441,0,0
ZUE_PE,D,20120525,000000,6.3479,6.3479,6.3479,6.3479,0,0
ZUE_PE,D,20120528,000000,6.4441,6.4441,6.3479,6.4441,0,0
ZUE_PE,D,20120529,000000,6.4441,6.4441,6.4441,6.4441,0,0
ZUE_PE,D,20120530,000000,6.4441,6.4441,6.4441,6.4441,0,0
ZUE_PE,D,20120531,000000,6.4441,6.4441,6.2517,6.3479,0,0
ZUE_PE,D,20120601,000000,6.1556,6.4441,6.1556,6.4441,0,0
ZUE_PE,D,20120604,000000,5.7708,6.2517,5.7708,6.2517,0,0
ZUE_PE,D,20120605,000000,6.0594,6.2517,6.0594,6.0594,0,0
ZUE_PE,D,20120608,000000,5.867,5.9632,5.867,5.9632,0,0
ZUE_PE,D,20120611,000000,5.9632,6.0594,5.9632,6.0594,0,0
ZUE_PE,D,20120612,000000,6.1556,6.1556,6.1556,6.1556,0,0
ZUE_PE,D,20120614,000000,6.1556,6.2517,6.1556,6.2517,0,0
ZUE_PE,D,20120618,000000,6.1556,6.1556,5.9632,5.9632,0,0
ZUE_PE,D,20120619,000000,6.0594,6.1556,6.0594,6.1556,0,0
ZUE_PE,D,20120620,000000,6.1556,6.1556,6.1556,6.1556,0,0
ZUE_PE,D,20120621,000000,6.0594,6.0594,6.0594,6.0594,0,0
ZUE_PE,D,20120625,000000,6.0594,6.0594,6.0594,6.0594,0,0
ZUE_PE,D,20120626,000000,6.0594,6.0594,5.867,5.867,0,0
ZUE_PE,D,20120627,000000,5.867,5.867,5.7708,5.7708,0,0
ZUE_PE,D,20120628,000000,5.5785,5.7708,5.5785,5.6747,0,0
ZUE_PE,D,20120629,000000,5.7708,5.867,5.6747,5.867,0,0
ZUE_PE,D,20120702,000000,5.9632,5.9632,5.867,5.867,0,0
ZUE_PE,D,20120703,000000,5.867,5.9632,5.7708,5.9632,0,0
ZUE_PE,D,20120704,000000,5.7708,5.7708,5.7708,5.7708,0,0
ZUE_PE,D,20120705,000000,5.7708,5.9632,5.6747,5.6747,0,0
ZUE_PE,D,20120706,000000,5.7708,6.1556,5.7708,6.1556,0,0
ZUE_PE,D,20120709,000000,6.1556,6.1556,6.1556,6.1556,0,0
ZUE_PE,D,20120710,000000,5.9632,6.1556,5.9632,6.0594,0,0
ZUE_PE,D,20120712,000000,5.867,5.867,5.867,5.867,0,0
ZUE_PE,D,20120713,000000,5.867,5.867,5.6747,5.7708,0,0
ZUE_PE,D,20120716,000000,5.867,5.867,5.5785,5.7708,0,0
ZUE_PE,D,20120717,000000,5.5785,5.7708,5.3861,5.7708,0,0
ZUE_PE,D,20120718,000000,5.867,5.867,5.6747,5.6747,0,0
ZUE_PE,D,20120720,000000,5.5785,5.5785,5.5785,5.5785,0,0
ZUE_PE,D,20120723,000000,5.2899,5.2899,5.1938,5.1938,0,0
ZUE_PE,D,20120724,000000,5.0976,5.1938,5.0976,5.1938,0,0
ZUE_PE,D,20120725,000000,5.0976,5.1938,5.0976,5.1938,0,0
ZUE_PE,D,20120726,000000,5.2899,5.2899,5.2899,5.2899,0,0
ZUE_PE,D,20120727,000000,5.2899,5.3861,5.2899,5.2899,0,0
ZUE_PE,D,20120730,000000,5.3861,5.3861,5.3861,5.3861,0,0
ZUE_PE,D,20120731,000000,5.2899,5.2899,5.2899,5.2899,0,0
ZUE_PE,D,20120803,000000,5.2899,5.5785,5.2899,5.5785,0,0
ZUE_PE,D,20120807,000000,5.5785,5.5785,5.5785,5.5785,0,0
ZUE_PE,D,20120808,000000,5.5785,5.5785,5.2899,5.2899,0,0
ZUE_PE,D,20120809,000000,5.3861,5.3861,5.2899,5.3861,0,0
ZUE_PE,D,20120810,000000,5.2899,5.3861,5.2899,5.3861,0,0
ZUE_PE,D,20120813,000000,5.3861,5.4823,5.2899,5.4823,0,0
ZUE_PE,D,20120814,000000,5.5785,5.5785,5.4823,5.5785,0,0
ZUE_PE,D,20120816,000000,5.5785,5.5785,5.5785,5.5785,0,0
ZUE_PE,D,20120817,000000,5.4823,5.5785,5.4823,5.5785,0,0
ZUE_PE,D,20120820,000000,5.4823,5.4823,5.3861,5.4823,0,0
ZUE_PE,D,20120821,000000,5.4823,5.4823,5.4823,5.4823,0,0
ZUE_PE,D,20120822,000000,5.3861,5.3861,5.1938,5.3861,0,0
ZUE_PE,D,20120828,000000,5.2899,5.2899,5.2899,5.2899,0,0
ZUE_PE,D,20120829,000000,5.2899,5.2899,5.1938,5.1938,0,0
ZUE_PE,D,20120830,000000,5.1938,5.1938,5.1938,5.1938,0,0
ZUE_PE,D,20120831,000000,5.0976,5.0976,5.0976,5.0976,0,0
ZUE_PE,D,20120903,000000,5.1938,5.1938,5.1938,5.1938,0,0
ZUE_PE,D,20120904,000000,5.0976,5.3861,5.0976,5.3861,0,0
ZUE_PE,D,20120905,000000,5.7708,6.3479,5.3861,6.3479,0,0
ZUE_PE,D,20120906,000000,6.2517,6.4441,6.2517,6.4441,0,0
ZUE_PE,D,20120907,000000,6.5403,6.5403,6.3479,6.4441,0,0
ZUE_PE,D,20120910,000000,6.5403,6.5403,6.4441,6.5403,0,0
ZUE_PE,D,20120912,000000,6.3479,6.5403,6.3479,6.4441,0,0
ZUE_PE,D,20120913,000000,6.5403,6.5403,6.4441,6.5403,0,0
ZUE_PE,D,20120914,000000,6.3479,6.3479,6.3479,6.3479,0,0
ZUE_PE,D,20120917,000000,6.3479,6.4441,6.3479,6.4441,0,0
ZUE_PE,D,20120918,000000,6.5403,7.0212,6.4441,7.0212,0,0
ZUE_PE,D,20120919,000000,6.8288,6.925,6.7326,6.925,0,0
ZUE_PE,D,20120920,000000,7.0212,7.0212,6.8288,7.0212,0,0
ZUE_PE,D,20120921,000000,7.0212,7.3097,6.925,7.3097,0,0
ZUE_PE,D,20120924,000000,7.5021,7.5021,7.4059,7.4059,0,0
ZUE_PE,D,20120925,000000,7.2135,7.2135,7.0212,7.2135,0,0
ZUE_PE,D,20120926,000000,7.0212,7.2135,7.0212,7.0212,0,0
ZUE_PE,D,20121001,000000,7.2135,7.2135,7.2135,7.2135,0,0
ZUE_PE,D,20121002,000000,7.2135,7.4059,7.2135,7.4059,0,0
ZUE_PE,D,20121003,000000,7.5021,7.5983,7.3097,7.4059,0,0
ZUE_PE,D,20121004,000000,7.2135,7.4059,7.2135,7.3097,0,0
ZUE_PE,D,20121005,000000,7.5021,7.5983,7.3097,7.4059,0,0
ZUE_PE,D,20121008,000000,7.5983,7.5983,7.5021,7.5021,0,0
ZUE_PE,D,20121009,000000,7.3097,7.5021,7.3097,7.5021,0,0
ZUE_PE,D,20121010,000000,7.5021,7.5021,7.2135,7.3097,0,0
ZUE_PE,D,20121011,000000,7.5021,7.5021,7.3097,7.5021,0,0
ZUE_PE,D,20121012,000000,7.3097,7.5021,7.1174,7.3097,0,0
ZUE_PE,D,20121015,000000,7.1174,7.3097,7.1174,7.2135,0,0
ZUE_PE,D,20121016,000000,7.0212,7.2135,7.0212,7.2135,0,0
ZUE_PE,D,20121018,000000,7.0212,7.2135,7.0212,7.2135,0,0
ZUE_PE,D,20121019,000000,7.2135,7.2135,7.2135,7.2135,0,0
ZUE_PE,D,20121023,000000,7.0212,7.2135,7.0212,7.2135,0,0
ZUE_PE,D,20121024,000000,7.3097,7.3097,7.1174,7.1174,0,0
ZUE_PE,D,20121025,000000,7.2135,7.2135,7.2135,7.2135,0,0
ZUE_PE,D,20121026,000000,7.0212,7.2135,7.0212,7.2135,0,0
ZUE_PE,D,20121105,000000,7.2135,7.3097,7.1174,7.1174,0,0
ZUE_PE,D,20121106,000000,7.2135,7.2135,7.1174,7.2135,0,0
ZUE_PE,D,20121107,000000,7.0212,7.0212,6.8288,7.0212,0,0
ZUE_PE,D,20121108,000000,7.2135,7.2135,6.925,7.2135,0,0
ZUE_PE,D,20121109,000000,7.0212,7.1174,7.0212,7.1174,0,0
ZUE_PE,D,20121112,000000,7.2135,7.2135,7.1174,7.2135,0,0
ZUE_PE,D,20121113,000000,7.0212,7.1174,6.925,7.1174,0,0
ZUE_PE,D,20121114,000000,6.925,7.1174,6.8288,7.0212,0,0
ZUE_PE,D,20121115,000000,6.8288,10.003,6.8288,10.003,0,0
ZUE_PE,D,20121116,000000,9.714,10.003,9.2333,9.2333,0,0
ZUE_PE,D,20121119,000000,9.041,9.041,8.6563,8.6563,0,0
ZUE_PE,D,20121120,000000,8.6563,8.6563,8.6563,8.6563,0,0
ZUE_PE,D,20121121,000000,8.4639,8.4639,7.8868,7.8868,0,0
ZUE_PE,D,20121122,000000,7.8868,7.8868,7.6944,7.6944,0,0
ZUE_PE,D,20121123,000000,7.5983,7.6944,7.3097,7.6944,0,0
ZUE_PE,D,20121126,000000,8.0792,8.2715,7.6944,8.2715,0,0
ZUE_PE,D,20121127,000000,8.1753,8.2715,8.1753,8.2715,0,0
ZUE_PE,D,20121128,000000,8.1753,8.2715,8.1753,8.2715,0,0
ZUE_PE,D,20121130,000000,8.4639,8.4639,7.8868,8.2715,0,0
ZUE_PE,D,20121203,000000,8.2715,8.2715,8.0792,8.1753,0,0
ZUE_PE,D,20121205,000000,8.2715,8.2715,8.2715,8.2715,0,0
ZUE_PE,D,20121206,000000,8.3677,8.3677,7.983,8.1753,0,0
ZUE_PE,D,20121211,000000,7.983,8.2715,7.6944,8.2715,0,0
ZUE_PE,D,20121212,000000,8.4639,8.6563,8.4639,8.6563,0,0
ZUE_PE,D,20121213,000000,8.7524,8.9448,8.1753,8.9448,0,0
ZUE_PE,D,20121214,000000,8.3677,8.6563,8.3677,8.6563,0,0
ZUE_PE,D,20121217,000000,8.5601,8.7524,8.3677,8.5601,0,0
ZUE_PE,D,20121219,000000,8.5601,8.5601,8.3677,8.5601,0,0
ZUE_PE,D,20121220,000000,8.3677,8.5601,8.3677,8.5601,0,0
ZUE_PE,D,20121227,000000,8.5601,9.041,8.5601,9.041,0,0
ZUE_PE,D,20121228,000000,9.1372,9.3295,9.1372,9.3295,0,0
ZUE_PE,D,20130102,000000,10.58,10.58,9.522,9.618,0,0
ZUE_PE,D,20130103,000000,9.714,9.714,9.3295,9.522,0,0
ZUE_PE,D,20130104,000000,9.714,9.714,9.041,9.2333,0,0
ZUE_PE,D,20130107,000000,9.041,9.2333,9.041,9.041,0,0
ZUE_PE,D,20130108,000000,8.8486,8.8486,8.6563,8.8486,0,0
ZUE_PE,D,20130109,000000,9.041,9.041,9.041,9.041,0,0
ZUE_PE,D,20130110,000000,9.2333,9.2333,8.5601,8.5601,0,0
ZUE_PE,D,20130111,000000,8.6563,8.6563,8.1753,8.5601,0,0
ZUE_PE,D,20130114,000000,8.7524,8.7524,8.4639,8.5601,0,0
ZUE_PE,D,20130115,000000,8.4639,8.6563,8.4639,8.6563,0,0
ZUE_PE,D,20130116,000000,8.7524,8.7524,8.5601,8.5601,0,0
ZUE_PE,D,20130117,000000,8.5601,8.9448,8.5601,8.8486,0,0
ZUE_PE,D,20130121,000000,8.7524,8.8486,8.6563,8.6563,0,0
ZUE_PE,D,20130122,000000,8.5601,8.6563,8.4639,8.4639,0,0
ZUE_PE,D,20130123,000000,8.2715,8.3677,8.1753,8.2715,0,0
ZUE_PE,D,20130124,000000,8.2715,8.7524,8.1753,8.7524,0,0
ZUE_PE,D,20130125,000000,8.7524,8.9448,8.5601,8.8486,0,0
ZUE_PE,D,20130128,000000,8.6563,8.6563,8.1753,8.4639,0,0
ZUE_PE,D,20130129,000000,8.4639,8.6563,8.4639,8.4639,0,0
ZUE_PE,D,20130130,000000,8.4639,8.4639,8.3677,8.4639,0,0
ZUE_PE,D,20130131,000000,8.6563,9.1372,8.6563,9.041,0,0
ZUE_PE,D,20130201,000000,9.041,9.041,8.6563,8.9448,0,0
ZUE_PE,D,20130204,000000,9.041,9.041,8.7524,8.7524,0,0
ZUE_PE,D,20130205,000000,8.9448,8.9448,8.9448,8.9448,0,0
ZUE_PE,D,20130206,000000,8.6563,8.7524,8.6563,8.7524,0,0
ZUE_PE,D,20130207,000000,9.041,9.041,8.5601,8.5601,0,0
ZUE_PE,D,20130208,000000,8.5601,8.5601,8.5601,8.5601,0,0
ZUE_PE,D,20130211,000000,8.5601,8.5601,8.5601,8.5601,0,0
ZUE_PE,D,20130212,000000,8.5601,8.5601,8.5601,8.5601,0,0
ZUE_PE,D,20130213,000000,8.4639,8.5601,8.4639,8.4639,0,0
ZUE_PE,D,20130214,000000,8.2715,8.4639,8.2715,8.4639,0,0
ZUE_PE,D,20130215,000000,8.2715,8.6563,8.2715,8.4639,0,0
ZUE_PE,D,20130218,000000,8.4639,8.8486,8.2715,8.8486,0,0
ZUE_PE,D,20130219,000000,8.6563,8.6563,8.5601,8.5601,0,0
ZUE_PE,D,20130220,000000,8.9448,8.9448,8.4639,8.5601,0,0
ZUE_PE,D,20130221,000000,8.3677,8.5601,8.1753,8.2715,0,0
ZUE_PE,D,20130222,000000,8.4639,8.5601,8.4639,8.5601,0,0
ZUE_PE,D,20130225,000000,8.6563,8.6563,8.5601,8.5601,0,0
ZUE_PE,D,20130226,000000,8.6563,8.7524,8.6563,8.7524,0,0
ZUE_PE,D,20130227,000000,8.9448,9.041,8.9448,9.041,0,0
ZUE_PE,D,20130228,000000,9.041,9.3295,9.041,9.1372,0,0
ZUE_PE,D,20130301,000000,9.1372,9.1372,9.1372,9.1372,0,0
ZUE_PE,D,20130305,000000,9.041,9.041,8.9448,8.9448,0,0
ZUE_PE,D,20130306,000000,8.9448,9.041,8.9448,9.041,0,0
ZUE_PE,D,20130307,000000,9.041,9.041,9.041,9.041,0,0
ZUE_PE,D,20130308,000000,9.041,9.041,9.041,9.041,0,0
ZUE_PE,D,20130311,000000,9.041,9.041,8.9448,8.9448,0,0
ZUE_PE,D,20130312,000000,8.9448,9.041,8.9448,9.041,0,0
ZUE_PE,D,20130313,000000,9.041,9.041,9.041,9.041,0,0
ZUE_PE,D,20130314,000000,9.041,9.041,9.041,9.041,0,0
ZUE_PE,D,20130315,000000,9.041,9.041,9.041,9.041,0,0
ZUE_PE,D,20130318,000000,8.9448,8.9448,8.9448,8.9448,0,0
ZUE_PE,D,20130319,000000,8.9448,8.9448,8.9448,8.9448,0,0
ZUE_PE,D,20130320,000000,8.9448,8.9448,8.9448,8.9448,0,0
ZUE_PE,D,20130321,000000,8.9448,8.9448,8.9448,8.9448,0,0
ZUE_PE,D,20130322,000000,8.9448,9.041,8.7524,8.7524,0,0
ZUE_PE,D,20130325,000000,8.9448,8.9448,8.7524,8.9448,0,0
ZUE_PE,D,20130326,000000,8.8486,8.9448,8.8486,8.9448,0,0
ZUE_PE,D,20130327,000000,8.9448,8.9448,8.9448,8.9448,0,0
ZUE_PE,D,20130328,000000,8.9448,51.168,8.9448,51.168,0,0
ZUE_PE,D,20130402,000000,50.88,51.168,50.495,50.495,0,0
ZUE_PE,D,20130403,000000,50.88,50.88,50.11,50.88,0,0
ZUE_PE,D,20130409,000000,51.649,51.649,50.399,51.457,0,0
ZUE_PE,D,20130412,000000,50.302,51.745,50.302,51.745,0,0
ZUE_PE,D,20130415,000000,52.418,52.418,52.418,52.418,0,0
ZUE_PE,D,20130418,000000,52.418,52.418,52.418,52.418,0,0
ZUE_PE,D,20130422,000000,52.226,52.322,52.226,52.322,0,0
ZUE_PE,D,20130423,000000,51.072,51.072,50.976,50.976,0,0
ZUE_PE,D,20130424,000000,51.938,51.938,50.591,50.687,0,0
ZUE_PE,D,20130426,000000,49.437,50.591,49.437,50.591,0,0
ZUE_PE,D,20130430,000000,50.591,50.591,50.591,50.591,0,0
ZUE_PE,D,20130506,000000,50.495,50.495,50.495,50.495,0,0
ZUE_PE,D,20130508,000000,50.495,50.495,50.495,50.495,0,0
ZUE_PE,D,20130510,000000,50.687,50.687,49.437,49.437,0,0
ZUE_PE,D,20130513,000000,49.822,49.822,48.475,48.475,0,0
ZUE_PE,D,20130514,000000,49.341,49.341,49.341,49.341,0,0
ZUE_PE,D,20130515,000000,48.956,48.956,48.09,48.186,0,0
ZUE_PE,D,20130516,000000,49.341,49.341,49.341,49.341,0,0
ZUE_PE,D,20130517,000000,49.629,49.629,49.629,49.629,0,0
ZUE_PE,D,20130520,000000,48.475,49.629,48.283,48.283,0,0
ZUE_PE,D,20130521,000000,48.186,49.629,48.186,48.379,0,0
ZUE_PE,D,20130522,000000,49.437,49.629,48.475,48.475,0,0
ZUE_PE,D,20130523,000000,48.186,50.014,48.186,50.014,0,0
ZUE_PE,D,20130910,000000,32.317,32.317,32.317,32.317,0,0
ZUE_PE,D,20130911,000000,31.163,32.317,31.163,32.22,0,0
ZUE_PE,D,20130912,000000,32.22,32.22,31.451,31.932,0,0
ZUE_PE,D,20130913,000000,31.451,31.932,31.355,31.932,0,0
ZUE_PE,D,20130916,000000,31.74,31.932,31.74,31.932,0,0
ZUE_PE,D,20130917,000000,31.547,31.932,31.547,31.932,0,0
ZUE_PE,D,20130918,000000,31.547,32.124,31.547,32.124,0,0
ZUE_PE,D,20130919,000000,32.317,32.317,32.124,32.124,0,0
ZUE_PE,D,20130920,000000,31.547,31.932,31.547,31.932,0,0
ZUE_PE,D,20130924,000000,31.547,31.932,31.547,31.932,0,0
ZUE_PE,D,20130925,000000,31.547,31.643,31.547,31.643,0,0
ZUE_PE,D,20130926,000000,31.643,32.22,31.643,32.124,0,0
ZUE_PE,D,20130927,000000,32.124,32.124,31.643,32.028,0,0
ZUE_PE,D,20130930,000000,31.643,32.22,31.643,31.643,0,0
ZUE_PE,D,20131001,000000,31.643,32.124,31.643,32.124,0,0
ZUE_PE,D,20131002,000000,31.643,32.124,31.643,31.932,0,0
ZUE_PE,D,20131003,000000,31.932,31.932,31.836,31.932,0,0
ZUE_PE,D,20131004,000000,32.22,33.086,32.22,33.086,0,0
ZUE_PE,D,20131007,000000,33.278,35.972,33.086,35.779,0,0
ZUE_PE,D,20131008,000000,35.779,36.549,35.779,36.356,0,0
ZUE_PE,D,20131009,000000,36.164,36.164,34.721,34.721,0,0
ZUE_PE,D,20131010,000000,36.164,36.933,35.683,36.164,0,0
ZUE_PE,D,20131011,000000,35.972,38.376,35.779,38.376,0,0
ZUE_PE,D,20131014,000000,37.414,37.414,36.549,36.933,0,0
ZUE_PE,D,20131015,000000,38.088,38.088,37.703,37.703,0,0
ZUE_PE,D,20131016,000000,37.703,37.703,36.741,37.703,0,0
ZUE_PE,D,20131017,000000,36.741,37.703,36.741,37.703,0,0
ZUE_PE,D,20131018,000000,37.607,37.607,36.549,37.51,0,0
ZUE_PE,D,20131021,000000,36.549,37.414,36.549,37.414,0,0
ZUE_PE,D,20131022,000000,37.126,37.126,36.645,36.645,0,0
ZUE_PE,D,20131023,000000,37.51,37.51,35.972,35.972,0,0
ZUE_PE,D,20131024,000000,35.972,37.414,35.683,37.318,0,0
ZUE_PE,D,20131025,000000,36.933,36.933,36.356,36.933,0,0
ZUE_PE,D,20131028,000000,37.607,37.607,35.875,35.972,0,0
ZUE_PE,D,20131029,000000,35.972,37.895,35.972,37.799,0,0
ZUE_PE,D,20131030,000000,38.088,38.088,36.164,36.164,0,0
ZUE_PE,D,20131031,000000,35.875,36.068,35.394,36.068,0,0
ZUE_PE,D,20131104,000000,35.491,35.875,34.721,35.587,0,0
ZUE_PE,D,20131105,000000,35.587,35.587,35.394,35.394,0,0
ZUE_PE,D,20131106,000000,35.394,37.51,35.394,37.318,0,0
ZUE_PE,D,20131107,000000,36.933,39.434,36.933,38.857,0,0
ZUE_PE,D,20131108,000000,38.472,40.396,38.472,39.626,0,0
ZUE_PE,D,20131112,000000,38.472,40.396,38.376,39.049,0,0
ZUE_PE,D,20131113,000000,38.857,42.319,38.472,42.319,0,0
ZUE_PE,D,20131114,000000,42.608,45.301,42.608,43.858,0,0
ZUE_PE,D,20131115,000000,43.858,43.858,43.185,43.281,0,0
ZUE_PE,D,20131118,000000,43.281,43.281,35.683,35.683,0,0
ZUE_PE,D,20131119,000000,35.683,36.837,33.375,36.741,0,0
ZUE_PE,D,20131120,000000,36.645,36.645,35.106,35.106,0,0
ZUE_PE,D,20131121,000000,35.875,35.875,34.144,34.144,0,0
ZUE_PE,D,20131122,000000,34.144,35.491,33.471,35.01,0,0
ZUE_PE,D,20131125,000000,37.414,37.414,34.529,34.529,0,0
ZUE_PE,D,20131126,000000,35.779,35.779,32.894,32.894,0,0
ZUE_PE,D,20131127,000000,32.798,33.567,32.22,32.509,0,0
ZUE_PE,D,20131128,000000,32.509,33.278,32.509,32.894,0,0
ZUE_PE,D,20131129,000000,32.894,34.529,32.894,34.144,0,0
ZUE_PE,D,20131202,000000,34.144,35.394,34.048,34.24,0,0
ZUE_PE,D,20131203,000000,34.529,34.529,32.317,33.182,0,0
ZUE_PE,D,20131204,000000,33.952,34.144,32.22,33.375,0,0
ZUE_PE,D,20131205,000000,33.375,33.952,33.375,33.952,0,0
ZUE_PE,D,20131206,000000,33.952,34.529,33.952,34.433,0,0
ZUE_PE,D,20131209,000000,34.433,34.625,34.433,34.625,0,0
ZUE_PE,D,20131210,000000,34.817,35.106,34.144,34.817,0,0
ZUE_PE,D,20131211,000000,33.952,33.952,32.798,33.278,0,0
ZUE_PE,D,20131212,000000,34.048,34.048,30.97,32.509,0,0
ZUE_PE,D,20131213,000000,31.74,32.509,30.874,31.74,0,0
ZUE_PE,D,20131216,000000,30.97,31.259,30.008,30.874,0,0
ZUE_PE,D,20131217,000000,30.585,30.874,30.585,30.585,0,0
ZUE_PE,D,20131218,000000,29.912,30.874,29.912,30.874,0,0
ZUE_PE,D,20131219,000000,30.874,30.874,30.874,30.874,0,0
ZUE_PE,D,20131220,000000,32.317,32.317,30.874,31.74,0,0
ZUE_PE,D,20131223,000000,32.028,33.567,31.74,33.567,0,0
ZUE_PE,D,20131227,000000,32.798,33.182,32.701,33.182,0,0
ZUE_PE,D,20131230,000000,32.99,33.567,32.99,33.567,0,0
ZUE_PE,D,20140102,000000,32.798,35.683,32.798,34.721,0,0
ZUE_PE,D,20140103,000000,33.567,35.01,33.567,35.01,0,0
ZUE_PE,D,20140107,000000,34.144,34.625,31.547,34.048,0,0
ZUE_PE,D,20140108,000000,34.24,34.24,33.086,33.375,0,0
ZUE_PE,D,20140109,000000,32.894,34.24,32.798,32.99,0,0
ZUE_PE,D,20140110,000000,33.856,33.856,32.22,32.413,0,0
ZUE_PE,D,20140113,000000,33.086,33.086,33.086,33.086,0,0
ZUE_PE,D,20140114,000000,32.701,32.701,32.413,32.413,0,0
ZUE_PE,D,20140115,000000,33.663,33.663,32.413,32.509,0,0
ZUE_PE,D,20140116,000000,32.894,32.894,32.701,32.701,0,0
ZUE_PE,D,20140117,000000,33.471,33.471,33.086,33.086,0,0
ZUE_PE,D,20140120,000000,32.894,32.99,32.894,32.99,0,0
ZUE_PE,D,20140121,000000,33.086,33.278,32.99,32.99,0,0
ZUE_PE,D,20140122,000000,32.99,32.99,32.99,32.99,0,0
ZUE_PE,D,20140123,000000,32.99,33.086,32.99,32.99,0,0
ZUE_PE,D,20140124,000000,32.798,33.375,32.798,32.894,0,0
ZUE_PE,D,20140127,000000,32.413,32.894,32.413,32.894,0,0
ZUE_PE,D,20140128,000000,32.22,32.894,32.22,32.317,0,0
ZUE_PE,D,20140129,000000,32.701,32.701,32.701,32.701,0,0
ZUE_PE,D,20140130,000000,32.701,32.701,32.701,32.701,0,0
ZUE_PE,D,20140131,000000,33.471,33.759,33.471,33.759,0,0
ZUE_PE,D,20140203,000000,34.048,34.529,34.048,34.048,0,0
ZUE_PE,D,20140204,000000,33.663,33.759,33.663,33.759,0,0
ZUE_PE,D,20140205,000000,33.663,33.759,33.663,33.663,0,0
ZUE_PE,D,20140206,000000,33.278,33.278,32.413,33.182,0,0
ZUE_PE,D,20140207,000000,32.413,33.086,31.643,33.086,0,0
ZUE_PE,D,20140210,000000,32.701,32.701,31.643,32.317,0,0
ZUE_PE,D,20140211,000000,32.317,32.605,32.317,32.317,0,0
ZUE_PE,D,20140212,000000,31.547,32.317,30.97,32.317,0,0
ZUE_PE,D,20140213,000000,31.066,32.317,31.066,31.066,0,0
ZUE_PE,D,20140214,000000,30.97,32.028,30.97,32.028,0,0
ZUE_PE,D,20140217,000000,32.124,32.124,31.259,31.74,0,0
ZUE_PE,D,20140218,000000,31.74,31.74,30.682,31.355,0,0
ZUE_PE,D,20140219,000000,31.74,31.74,30.682,30.778,0,0
ZUE_PE,D,20140220,000000,30.874,30.97,30.489,30.489,0,0
ZUE_PE,D,20140221,000000,31.163,31.643,28.95,31.643,0,0
ZUE_PE,D,20140224,000000,31.643,31.643,30.489,30.97,0,0
ZUE_PE,D,20140225,000000,31.066,31.451,30.874,30.874,0,0
ZUE_PE,D,20140226,000000,30.97,31.643,30.97,31.259,0,0
ZUE_PE,D,20140227,000000,31.066,31.259,30.97,30.97,0,0
ZUE_PE,D,20140228,000000,30.97,31.451,30.874,31.259,0,0
ZUE_PE,D,20140303,000000,30.297,31.259,28.277,29.816,0,0
ZUE_PE,D,20140304,000000,28.662,31.163,28.566,30.682,0,0
ZUE_PE,D,20140305,000000,31.163,31.163,30.393,30.393,0,0
ZUE_PE,D,20140306,000000,30.682,30.682,30.008,30.008,0,0
ZUE_PE,D,20140307,000000,30.201,30.393,30.201,30.297,0,0
ZUE_PE,D,20140310,000000,29.816,30.297,29.624,30.008,0,0
ZUE_PE,D,20140311,000000,30.008,30.008,30.008,30.008,0,0
ZUE_PE,D,20140312,000000,30.201,30.201,28.277,29.431,0,0
ZUE_PE,D,20140313,000000,28.95,29.431,27.7,28.854,0,0
ZUE_PE,D,20140314,000000,28.181,28.181,26.546,27.219,0,0
ZUE_PE,D,20140317,000000,27.219,28.566,27.219,28.566,0,0
ZUE_PE,D,20140318,000000,27.892,29.239,27.315,28.95,0,0
ZUE_PE,D,20140319,000000,28.662,29.143,28.662,29.143,0,0
ZUE_PE,D,20140320,000000,27.796,30.489,27.796,30.489,0,0
ZUE_PE,D,20140321,000000,30.682,30.682,30.585,30.585,0,0
ZUE_PE,D,20140324,000000,30.585,30.585,29.624,30.297,0,0
ZUE_PE,D,20140325,000000,30.585,32.317,30.297,32.028,0,0
ZUE_PE,D,20140326,000000,32.413,33.759,32.413,33.567,0,0
ZUE_PE,D,20140327,000000,33.663,33.663,31.355,32.317,0,0
ZUE_PE,D,20140328,000000,32.22,32.99,32.124,32.99,0,0
ZUE_PE,D,20140331,000000,32.99,33.567,32.22,32.22,0,0
ZUE_PE,D,20140401,000000,32.124,32.413,31.643,32.413,0,0
ZUE_PE,D,20140402,000000,32.028,32.028,28.373,28.373,0,0
ZUE_PE,D,20140403,000000,28.085,28.085,27.508,27.7,0,0
ZUE_PE,D,20140404,000000,27.7,27.989,27.7,27.989,0,0
ZUE_PE,D,20140407,000000,28.277,28.95,28.277,28.95,0,0
ZUE_PE,D,20140408,000000,28.373,28.373,27.508,27.989,0,0
ZUE_PE,D,20140409,000000,27.796,28.566,27.7,28.566,0,0
ZUE_PE,D,20140410,000000,28.566,28.566,28.277,28.566,0,0
ZUE_PE,D,20140411,000000,27.892,28.566,27.411,28.566,0,0
ZUE_PE,D,20140414,000000,27.989,28.373,27.989,28.373,0,0
ZUE_PE,D,20140415,000000,28.373,28.854,28.373,28.854,0,0
ZUE_PE,D,20140416,000000,28.854,28.854,28.662,28.758,0,0
ZUE_PE,D,20140417,000000,28.566,29.527,28.181,29.527,0,0
ZUE_PE,D,20140422,000000,29.143,29.143,28.373,28.373,0,0
ZUE_PE,D,20140423,000000,28.469,28.662,28.469,28.662,0,0
ZUE_PE,D,20140424,000000,28.95,28.95,28.181,28.181,0,0
ZUE_PE,D,20140425,000000,27.411,28.181,27.411,28.181,0,0
ZUE_PE,D,20140428,000000,28.181,28.758,27.796,27.989,0,0
ZUE_PE,D,20140430,000000,28.373,28.469,27.989,28.469,0,0
ZUE_PE,D,20140502,000000,27.796,28.469,27.796,27.796,0,0
ZUE_PE,D,20140505,000000,27.411,27.892,27.411,27.892,0,0
ZUE_PE,D,20140506,000000,27.7,27.892,27.123,27.123,0,0
ZUE_PE,D,20140507,000000,27.123,27.123,24.43,25.584,0,0
ZUE_PE,D,20140508,000000,25.873,26.45,25.584,25.584,0,0
ZUE_PE,D,20140509,000000,26.834,26.834,26.834,26.834,0,0
ZUE_PE,D,20140512,000000,25.103,26.738,25.103,26.738,0,0
ZUE_PE,D,20140513,000000,26.257,26.257,26.257,26.257,0,0
ZUE_PE,D,20140514,000000,26.257,26.257,26.257,26.257,0,0
ZUE_PE,D,20140515,000000,26.738,26.738,26.738,26.738,0,0
ZUE_PE,D,20140516,000000,26.546,26.738,26.546,26.738,0,0
ZUE_PE,D,20140519,000000,26.546,27.027,26.546,27.027,0,0
ZUE_PE,D,20140520,000000,27.027,28.181,27.027,28.181,0,0
ZUE_PE,D,20140521,000000,27.796,28.373,27.796,28.373,0,0
ZUE_PE,D,20140522,000000,28.373,28.373,27.411,27.411,0,0
ZUE_PE,D,20140523,000000,27.7,27.7,27.123,27.123,0,0
ZUE_PE,D,20140526,000000,27.7,27.7,27.123,27.7,0,0
ZUE_PE,D,20140528,000000,27.7,27.7,27.411,27.411,0,0
ZUE_PE,D,20140529,000000,27.411,27.411,27.123,27.411,0,0
ZUE_PE,D,20140530,000000,27.411,27.411,21.256,21.256,0,0
ZUE_PE,D,20140604,000000,21.256,21.256,21.256,21.256,0,0
ZUE_PE,D,20140605,000000,20.967,21.064,20.967,21.064,0,0
ZUE_PE,D,20140606,000000,21.064,21.544,21.064,21.448,0,0
ZUE_PE,D,20140609,000000,21.448,21.544,21.448,21.544,0,0
ZUE_PE,D,20140610,000000,21.352,21.352,21.352,21.352,0,0
ZUE_PE,D,20140611,000000,21.352,21.352,20.871,21.352,0,0
ZUE_PE,D,20140612,000000,20.583,21.352,20.583,21.352,0,0
ZUE_PE,D,20140613,000000,20.871,21.352,19.621,21.352,0,0
ZUE_PE,D,20140616,000000,20.871,21.256,19.813,21.256,0,0
ZUE_PE,D,20140617,000000,21.352,21.352,20.583,20.775,0,0
ZUE_PE,D,20140618,000000,20.967,21.064,20.775,21.064,0,0
ZUE_PE,D,20140620,000000,21.16,21.16,19.621,19.621,0,0
ZUE_PE,D,20140623,000000,21.064,21.064,19.621,19.621,0,0
ZUE_PE,D,20140624,000000,20.102,20.967,20.102,20.967,0,0
ZUE_PE,D,20140625,000000,20.486,20.486,19.621,20.006,0,0
ZUE_PE,D,20140626,000000,20.102,20.102,18.755,19.717,0,0
ZUE_PE,D,20140627,000000,20.967,20.967,19.332,19.813,0,0
ZUE_PE,D,20140630,000000,20.294,20.775,20.198,20.198,0,0
ZUE_PE,D,20140701,000000,21.064,21.064,19.428,19.428,0,0
ZUE_PE,D,20140702,000000,19.909,19.909,19.621,19.621,0,0
ZUE_PE,D,20140703,000000,20.006,20.006,18.755,19.428,0,0
ZUE_PE,D,20140704,000000,21.064,21.064,18.948,19.428,0,0
ZUE_PE,D,20140707,000000,19.909,20.39,19.14,20.39,0,0
ZUE_PE,D,20140708,000000,20.198,20.198,18.467,18.948,0,0
ZUE_PE,D,20140709,000000,18.082,19.428,18.082,18.851,0,0
ZUE_PE,D,20140710,000000,18.851,18.851,18.659,18.659,0,0
ZUE_PE,D,20140711,000000,19.332,19.332,18.178,18.948,0,0
ZUE_PE,D,20140714,000000,19.332,19.332,18.563,18.659,0,0
ZUE_PE,D,20140715,000000,19.14,19.14,17.89,18.659,0,0
ZUE_PE,D,20140716,000000,17.89,19.14,17.89,18.274,0,0
ZUE_PE,D,20140717,000000,18.082,18.755,18.082,18.178,0,0
ZUE_PE,D,20140718,000000,18.659,18.659,17.601,18.467,0,0
ZUE_PE,D,20140721,000000,18.082,18.082,17.505,17.697,0,0
ZUE_PE,D,20140722,000000,17.505,17.505,16.735,17.505,0,0
ZUE_PE,D,20140723,000000,18.659,18.659,18.659,18.659,0,0
ZUE_PE,D,20140724,000000,17.601,17.601,17.313,17.409,0,0
ZUE_PE,D,20140725,000000,17.793,17.793,16.832,16.832,0,0
ZUE_PE,D,20140728,000000,17.601,17.601,16.832,17.12,0,0
ZUE_PE,D,20140729,000000,16.832,17.505,15.485,17.505,0,0
ZUE_PE,D,20140730,000000,18.178,18.178,16.351,16.351,0,0
ZUE_PE,D,20140731,000000,16.351,17.505,16.351,17.313,0,0
ZUE_PE,D,20140801,000000,16.543,17.505,16.158,17.505,0,0
ZUE_PE,D,20140804,000000,15.87,17.313,15.87,16.639,0,0
ZUE_PE,D,20140805,000000,16.735,17.024,15.774,17.024,0,0
ZUE_PE,D,20140806,000000,15.87,16.158,15.581,16.158,0,0
ZUE_PE,D,20140807,000000,15.677,16.351,15.485,16.351,0,0
ZUE_PE,D,20140808,000000,15.389,15.389,14.812,15.197,0,0
ZUE_PE,D,20140811,000000,15.677,15.677,14.523,15.1,0,0
ZUE_PE,D,20140812,000000,15.1,15.197,15.1,15.197,0,0
ZUE_PE,D,20140813,000000,15.677,15.677,15.004,15.1,0,0
ZUE_PE,D,20140814,000000,14.716,14.716,14.619,14.716,0,0
ZUE_PE,D,20140818,000000,14.716,14.716,14.619,14.619,0,0
ZUE_PE,D,20140819,000000,14.716,14.716,14.139,14.523,0,0
ZUE_PE,D,20140820,000000,14.619,14.716,14.619,14.619,0,0
ZUE_PE,D,20140821,000000,14.716,15.966,14.716,15.87,0,0
ZUE_PE,D,20140822,000000,15.87,15.87,15.581,15.87,0,0
ZUE_PE,D,20140825,000000,15.87,16.062,15.87,15.87,0,0
ZUE_PE,D,20140826,000000,15.87,15.87,15.87,15.87,0,0
ZUE_PE,D,20140827,000000,15.87,15.87,15.293,15.774,0,0
ZUE_PE,D,20140828,000000,15.774,15.774,15.197,15.677,0,0
ZUE_PE,D,20140829,000000,15.581,15.581,14.908,15.197,0,0
ZUE_PE,D,20140901,000000,15.485,15.485,15.389,15.389,0,0
ZUE_PE,D,20140902,000000,15.004,15.004,13.754,14.427,0,0
ZUE_PE,D,20140903,000000,14.042,14.523,14.042,14.523,0,0
ZUE_PE,D,20140904,000000,14.619,310.28,14.619,310.28,0,0
ZUE_PE,D,20140905,000000,310.86,310.86,310.28,310.28,0,0
ZUE_PE,D,20140908,000000,310.86,315.76,310.86,315.09,0,0
ZUE_PE,D,20140909,000000,318.17,318.17,307.49,307.87,0,0
ZUE_PE,D,20140910,000000,308.93,308.93,306.53,308.35,0,0
ZUE_PE,D,20140911,000000,308.93,308.93,305.37,305.37,0,0
ZUE_PE,D,20140912,000000,308.45,308.45,307.39,307.39,0,0
ZUE_PE,D,20140915,000000,303.16,303.16,301.14,302.49,0,0
ZUE_PE,D,20140916,000000,303.16,303.16,302.49,302.49,0,0
ZUE_PE,D,20140917,000000,303.16,303.16,297.29,300.56,0,0
ZUE_PE,D,20140918,000000,302.58,308.45,302.58,307.87,0,0
ZUE_PE,D,20140919,000000,308.93,324.51,306.05,323.84,0,0
ZUE_PE,D,20140922,000000,324.51,324.51,316.05,316.05,0,0
ZUE_PE,D,20140923,000000,316.72,342.98,316.72,342.31,0,0
ZUE_PE,D,20140924,000000,345.87,352.21,342.02,345.19,0,0
ZUE_PE,D,20140925,000000,346.35,346.35,334.52,334.52,0,0
ZUE_PE,D,20140926,000000,330.76,340,322.4,322.4,0,0
ZUE_PE,D,20140929,000000,325.96,336.15,325.96,335.48,0,0
ZUE_PE,D,20140930,000000,338.56,338.56,337.88,337.88,0,0
ZUE_PE,D,20141001,000000,338.56,345.38,329.8,334.52,0,0
ZUE_PE,D,20141002,000000,334.23,334.23,333.55,333.55,0,0
ZUE_PE,D,20141003,000000,333.75,333.75,319.13,324.8,0,0
ZUE_PE,D,20141006,000000,325.96,336.15,325.96,335.48,0,0
ZUE_PE,D,20141007,000000,336.15,336.15,335.48,335.48,0,0
ZUE_PE,D,20141008,000000,335.19,335.67,335,335,0,0
ZUE_PE,D,20141009,000000,339.04,339.04,338.36,338.36,0,0
ZUE_PE,D,20141010,000000,340,340,324.03,338.84,0,0
ZUE_PE,D,20141013,000000,339.04,339.04,337.88,337.88,0,0
ZUE_PE,D,20141014,000000,330.28,330.28,329.61,329.61,0,0
ZUE_PE,D,20141015,000000,330.28,337.59,329.61,329.61,0,0
ZUE_PE,D,20141016,000000,322.59,337.59,322.59,336.92,0,0
ZUE_PE,D,20141017,000000,330.76,330.76,329.61,329.61,0,0
ZUE_PE,D,20141020,000000,337.11,337.11,329.61,329.61,0,0
ZUE_PE,D,20141021,000000,323.55,337.59,323.55,336.92,0,0
ZUE_PE,D,20141022,000000,337.59,337.59,335.96,335.96,0,0
ZUE_PE,D,20141023,000000,335.19,341.54,333.27,341.54,0,0
ZUE_PE,D,20141024,000000,342.02,342.02,335.19,342.02,0,0
ZUE_PE,D,20141027,000000,342.5,342.5,341.73,341.73,0,0
ZUE_PE,D,20141028,000000,342.5,342.5,341.73,341.73,0,0
ZUE_PE,D,20141029,000000,342.5,342.5,340,340,0,0
ZUE_PE,D,20141030,000000,344.9,344.9,340,343.75,0,0
ZUE_PE,D,20141031,000000,344.9,344.9,340,344.23,0,0
ZUE_PE,D,20141103,000000,340.48,346.35,340,342.79,0,0
ZUE_PE,D,20141104,000000,346.83,346.83,345.67,345.67,0,0
ZUE_PE,D,20141105,000000,346.35,346.35,340.29,340.29,0,0
ZUE_PE,D,20141106,000000,341.54,341.54,340.29,340.29,0,0
ZUE_PE,D,20141107,000000,340.96,340.96,340.29,340.29,0,0
ZUE_PE,D,20141110,000000,341.54,346.83,341.54,346.15,0,0
ZUE_PE,D,20141112,000000,340.96,340.96,337.88,337.88,0,0
ZUE_PE,D,20141117,000000,339.04,344.9,339.04,344.23,0,0
ZUE_PE,D,20141118,000000,343.46,343.46,334.71,342.31,0,0
ZUE_PE,D,20141119,000000,343.94,343.94,338.84,338.84,0,0
ZUE_PE,D,20141120,000000,336.15,337.59,66.076,66.076,0,0
ZUE_PE,D,20141121,000000,66.076,66.076,60.882,61.363,0,0
ZUE_PE,D,20141124,000000,64.056,64.056,64.056,64.056,0,0
ZUE_PE,D,20141125,000000,65.21,65.21,65.114,65.114,0,0
ZUE_PE,D,20141126,000000,64.537,64.537,61.363,63.287,0,0
ZUE_PE,D,20141127,000000,63.287,63.287,62.036,62.036,0,0
ZUE_PE,D,20141128,000000,63.287,63.383,63.287,63.383,0,0
ZUE_PE,D,20141201,000000,65.018,65.018,63.383,63.383,0,0
ZUE_PE,D,20141202,000000,63.383,65.018,63.383,64.922,0,0
ZUE_PE,D,20141203,000000,64.633,64.633,61.748,61.844,0,0
ZUE_PE,D,20141204,000000,61.94,63.96,61.844,63.96,0,0
ZUE_PE,D,20141205,000000,64.73,64.73,64.633,64.633,0,0
ZUE_PE,D,20141208,000000,64.152,64.152,62.614,62.71,0,0
ZUE_PE,D,20141209,000000,62.902,63.672,61.363,61.363,0,0
ZUE_PE,D,20141210,000000,63.672,63.672,60.882,63.094,0,0
ZUE_PE,D,20141211,000000,63.191,63.191,58.478,62.902,0,0
ZUE_PE,D,20141212,000000,62.902,62.902,61.844,61.844,0,0
ZUE_PE,D,20141215,000000,61.844,61.844,60.113,61.748,0,0
ZUE_PE,D,20141216,000000,61.748,61.748,61.748,61.748,0,0
ZUE_PE,D,20141217,000000,60.401,61.748,59.44,61.075,0,0
ZUE_PE,D,20141218,000000,59.632,60.786,59.632,60.786,0,0
ZUE_PE,D,20141219,000000,60.401,60.401,58.959,60.401,0,0
ZUE_PE,D,20141222,000000,60.401,60.69,60.401,60.69,0,0
ZUE_PE,D,20141223,000000,60.882,62.71,60.498,60.882,0,0
ZUE_PE,D,20141229,000000,60.882,61.844,59.92,60.401,0,0
ZUE_PE,D,20141230,000000,59.824,62.71,59.824,62.71,0,0
ZUE_PE,D,20150102,000000,64.441,68.577,64.249,68.577,0,0
ZUE_PE,D,20150105,000000,65.691,66.076,64.249,66.076,0,0
ZUE_PE,D,20150107,000000,63.672,63.672,61.363,63.287,0,0
ZUE_PE,D,20150108,000000,60.498,63.191,60.498,62.806,0,0
ZUE_PE,D,20150109,000000,63.287,63.287,60.401,60.401,0,0
ZUE_PE,D,20150112,000000,61.748,61.748,59.92,59.92,0,0
ZUE_PE,D,20150113,000000,60.017,61.363,60.017,61.171,0,0
ZUE_PE,D,20150114,000000,61.171,61.171,59.92,59.92,0,0
ZUE_PE,D,20150115,000000,60.017,60.786,60.017,60.786,0,0
ZUE_PE,D,20150116,000000,61.075,61.075,60.882,60.882,0,0
ZUE_PE,D,20150119,000000,60.882,61.844,60.882,61.844,0,0
ZUE_PE,D,20150120,000000,61.844,62.806,59.92,62.325,0,0
ZUE_PE,D,20150121,000000,62.806,62.806,59.632,59.632,0,0
ZUE_PE,D,20150122,000000,60.017,61.94,60.017,61.363,0,0
ZUE_PE,D,20150123,000000,61.363,61.363,60.401,60.498,0,0
ZUE_PE,D,20150126,000000,60.498,60.882,59.44,60.882,0,0
ZUE_PE,D,20150127,000000,60.882,60.882,59.151,59.151,0,0
ZUE_PE,D,20150128,000000,60.401,61.171,59.055,60.69,0,0
ZUE_PE,D,20150129,000000,61.748,61.748,59.824,61.748,0,0
ZUE_PE,D,20150130,000000,61.844,61.844,61.844,61.844,0,0
ZUE_PE,D,20150202,000000,61.844,61.844,61.844,61.844,0,0
ZUE_PE,D,20150203,000000,62.614,62.614,60.498,60.498,0,0
ZUE_PE,D,20150204,000000,60.401,61.94,60.401,61.94,0,0
ZUE_PE,D,20150205,000000,61.844,61.844,61.844,61.844,0,0
ZUE_PE,D,20150206,000000,61.844,61.844,60.498,60.594,0,0
ZUE_PE,D,20150209,000000,61.363,62.229,61.363,62.229,0,0
ZUE_PE,D,20150210,000000,62.229,62.229,60.882,60.882,0,0
ZUE_PE,D,20150211,000000,61.075,64.249,61.075,63.768,0,0
ZUE_PE,D,20150212,000000,63.479,65.595,63.383,64.633,0,0
ZUE_PE,D,20150213,000000,65.595,65.595,63.287,63.383,0,0
ZUE_PE,D,20150216,000000,65.595,65.595,62.325,63.287,0,0
ZUE_PE,D,20150217,000000,63.287,65.788,63.287,65.595,0,0
ZUE_PE,D,20150218,000000,65.788,66.461,65.595,66.461,0,0
ZUE_PE,D,20150219,000000,64.826,66.461,62.902,64.826,0,0
ZUE_PE,D,20150220,000000,65.499,65.499,65.499,65.499,0,0
ZUE_PE,D,20150223,000000,66.268,66.268,63.287,63.383,0,0
ZUE_PE,D,20150224,000000,63.768,64.73,63.383,64.633,0,0
ZUE_PE,D,20150225,000000,65.21,65.21,63.287,63.383,0,0
ZUE_PE,D,20150226,000000,64.73,64.73,64.633,64.633,0,0
ZUE_PE,D,20150227,000000,63.672,64.441,63.094,63.864,0,0
ZUE_PE,D,20150302,000000,64.633,65.21,64.633,64.633,0,0
ZUE_PE,D,20150304,000000,65.595,65.595,64.152,65.595,0,0
ZUE_PE,D,20150305,000000,65.595,66.461,64.73,66.365,0,0
ZUE_PE,D,20150306,000000,66.461,70.5,66.461,69.635,0,0
ZUE_PE,D,20150309,000000,69.923,73.77,69.923,70.981,0,0
ZUE_PE,D,20150310,000000,71.847,72.809,67.807,67.807,0,0
ZUE_PE,D,20150311,000000,67.807,70.5,67.807,70.5,0,0
ZUE_PE,D,20150312,000000,70.5,70.5,68.288,70.116,0,0
ZUE_PE,D,20150313,000000,70.116,70.308,69.25,69.25,0,0
ZUE_PE,D,20150316,000000,69.25,71.366,69.25,70.885,0,0
ZUE_PE,D,20150317,000000,75.598,79.445,17.313,17.313,0,0
ZUE_PE,D,20150318,000000,17.313,17.313,16.447,16.832,0,0
ZUE_PE,D,20150319,000000,16.543,17.024,16.351,16.928,0,0
ZUE_PE,D,20150320,000000,16.543,16.639,15.966,16.255,0,0
ZUE_PE,D,20150323,000000,16.447,16.543,15.966,16.351,0,0
ZUE_PE,D,20150324,000000,16.062,16.062,15.677,15.87,0,0
ZUE_PE,D,20150325,000000,16.543,16.543,16.062,16.447,0,0
ZUE_PE,D,20150326,000000,16.062,16.447,16.062,16.255,0,0
ZUE_PE,D,20150327,000000,16.158,16.351,16.158,16.351,0,0
ZUE_PE,D,20150330,000000,16.351,16.351,15.677,15.677,0,0
ZUE_PE,D,20150331,000000,16.255,16.255,15.966,16.062,0,0
ZUE_PE,D,20150401,000000,16.062,16.447,16.062,16.447,0,0
ZUE_PE,D,20150402,000000,16.158,16.447,16.158,16.351,0,0
ZUE_PE,D,20150407,000000,16.062,16.351,16.062,16.062,0,0
ZUE_PE,D,20150408,000000,15.581,15.774,15.581,15.774,0,0
ZUE_PE,D,20150409,000000,15.677,15.966,15.485,15.774,0,0
ZUE_PE,D,20150410,000000,15.966,15.966,15.87,15.966,0,0
ZUE_PE,D,20150413,000000,15.966,16.062,15.87,15.87,0,0
ZUE_PE,D,20150414,000000,15.87,15.87,15.581,15.87,0,0
ZUE_PE,D,20150415,000000,15.87,15.966,15.87,15.87,0,0
ZUE_PE,D,20150416,000000,16.062,16.062,15.966,15.966,0,0
ZUE_PE,D,20150417,000000,15.966,16.062,15.966,16.062,0,0
ZUE_PE,D,20150421,000000,15.87,16.062,15.581,15.581,0,0
ZUE_PE,D,20150422,000000,15.581,15.581,15.389,15.581,0,0
ZUE_PE,D,20150423,000000,15.966,15.966,15.293,15.581,0,0
ZUE_PE,D,20150424,000000,15.87,15.87,15.581,15.581,0,0
ZUE_PE,D,20150427,000000,15.581,15.581,15.581,15.581,0,0
ZUE_PE,D,20150428,000000,15.87,15.87,15.485,15.774,0,0
ZUE_PE,D,20150429,000000,15.774,15.774,15.485,15.485,0,0
ZUE_PE,D,20150430,000000,15.485,15.581,15.293,15.293,0,0
ZUE_PE,D,20150504,000000,15.677,16.351,15.677,16.351,0,0
ZUE_PE,D,20150505,000000,16.351,16.351,16.255,16.255,0,0
ZUE_PE,D,20150506,000000,16.255,16.255,16.158,16.255,0,0
ZUE_PE,D,20150507,000000,15.581,16.062,15.581,15.581,0,0
ZUE_PE,D,20150508,000000,15.485,15.966,15.389,15.966,0,0
ZUE_PE,D,20150511,000000,15.966,15.966,15.677,15.677,0,0
ZUE_PE,D,20150512,000000,15.677,15.677,15.197,15.293,0,0
ZUE_PE,D,20150513,000000,15.293,15.293,15.197,15.293,0,0
ZUE_PE,D,20150515,000000,15.197,15.581,15.1,15.581,0,0
ZUE_PE,D,20150518,000000,15.293,15.293,15.293,15.293,0,0
ZUE_PE,D,20150519,000000,15.293,15.293,15.293,15.293,0,0
ZUE_PE,D,20150520,000000,15.197,15.485,15.197,15.389,0,0
ZUE_PE,D,20150521,000000,15.197,15.677,14.619,15.677,0,0
ZUE_PE,D,20150522,000000,15.677,15.677,15.293,15.389,0,0
ZUE_PE,D,20150525,000000,15.485,15.485,13.177,13.177,0,0
ZUE_PE,D,20150526,000000,13.177,13.177,12.984,12.984,0,0
ZUE_PE,D,20150527,000000,13.273,13.273,13.273,13.273,0,0
ZUE_PE,D,20150528,000000,13.081,13.85,13.081,13.465,0,0
ZUE_PE,D,20150529,000000,13.081,13.369,12.984,13.273,0,0
ZUE_PE,D,20150601,000000,13.081,13.273,12.888,13.273,0,0
ZUE_PE,D,20150602,000000,12.984,13.369,12.984,13.369,0,0
ZUE_PE,D,20150603,000000,13.369,13.369,13.081,13.081,0,0
ZUE_PE,D,20150605,000000,13.081,13.081,12.984,12.984,0,0
ZUE_PE,D,20150608,000000,13.081,13.081,12.984,13.081,0,0
ZUE_PE,D,20150609,000000,12.792,12.792,12.696,12.696,0,0
ZUE_PE,D,20150610,000000,12.696,12.696,12.6,12.696,0,0
ZUE_PE,D,20150611,000000,12.984,13.369,12.984,13.369,0,0
ZUE_PE,D,20150612,000000,13.081,13.369,13.081,13.369,0,0
ZUE_PE,D,20150615,000000,13.369,13.465,13.369,13.369,0,0
ZUE_PE,D,20150616,000000,13.177,13.561,13.177,13.561,0,0
ZUE_PE,D,20150617,000000,13.369,13.754,13.369,13.561,0,0
ZUE_PE,D,20150618,000000,13.369,13.85,13.273,13.754,0,0
ZUE_PE,D,20150619,000000,13.85,13.85,13.85,13.85,0,0
ZUE_PE,D,20150622,000000,13.754,13.754,13.081,13.754,0,0
ZUE_PE,D,20150623,000000,13.561,13.754,12.888,13.754,0,0
ZUE_PE,D,20150624,000000,12.696,13.369,12.696,13.081,0,0
ZUE_PE,D,20150625,000000,13.658,13.658,13.658,13.658,0,0
ZUE_PE,D,20150626,000000,13.658,13.658,13.658,13.658,0,0
ZUE_PE,D,20150629,000000,12.792,13.273,12.792,13.273,0,0
ZUE_PE,D,20150630,000000,13.273,13.754,13.273,13.754,0,0
ZUE_PE,D,20150703,000000,13.273,13.273,13.273,13.273,0,0
ZUE_PE,D,20150706,000000,13.081,13.081,13.081,13.081,0,0
ZUE_PE,D,20150707,000000,13.465,13.465,12.984,13.273,0,0
ZUE_PE,D,20150708,000000,12.984,13.369,12.792,13.369,0,0
ZUE_PE,D,20150709,000000,12.984,13.369,12.984,13.369,0,0
ZUE_PE,D,20150710,000000,12.984,13.273,12.696,13.273,0,0
ZUE_PE,D,20150714,000000,13.273,13.273,13.273,13.273,0,0
ZUE_PE,D,20150715,000000,13.177,13.177,12.792,12.792,0,0
ZUE_PE,D,20150716,000000,13.273,13.273,12.696,12.984,0,0
ZUE_PE,D,20150717,000000,13.177,13.273,13.177,13.177,0,0
ZUE_PE,D,20150721,000000,12.888,12.984,12.888,12.984,0,0
ZUE_PE,D,20150722,000000,13.273,13.273,13.177,13.177,0,0
ZUE_PE,D,20150723,000000,13.177,13.177,12.696,12.792,0,0
ZUE_PE,D,20150724,000000,13.081,13.081,12.984,12.984,0,0
ZUE_PE,D,20150727,000000,12.792,12.984,12.792,12.984,0,0
ZUE_PE,D,20150728,000000,12.984,12.984,12.984,12.984,0,0
ZUE_PE,D,20150729,000000,12.984,12.984,12.984,12.984,0,0
ZUE_PE,D,20150730,000000,12.792,13.177,12.792,13.177,0,0
ZUE_PE,D,20150731,000000,13.177,13.177,13.177,13.177,0,0
ZUE_PE,D,20150803,000000,12.984,13.177,12.984,13.177,0,0
ZUE_PE,D,20150804,000000,12.984,12.984,12.984,12.984,0,0
ZUE_PE,D,20150805,000000,13.081,13.081,13.081,13.081,0,0
ZUE_PE,D,20150806,000000,13.177,13.177,12.792,12.792,0,0
ZUE_PE,D,20150807,000000,12.792,13.177,12.792,13.177,0,0
ZUE_PE,D,20150810,000000,13.177,13.177,13.177,13.177,0,0
ZUE_PE,D,20150811,000000,13.177,13.177,12.792,12.792,0,0
ZUE_PE,D,20150812,000000,12.888,13.465,12.888,13.465,0,0
ZUE_PE,D,20150813,000000,13.465,13.754,13.465,13.754,0,0
ZUE_PE,D,20150814,000000,13.754,13.754,13.754,13.754,0,0
ZUE_PE,D,20150817,000000,13.177,13.754,12.888,13.754,0,0
ZUE_PE,D,20150818,000000,13.177,13.465,12.888,13.369,0,0
ZUE_PE,D,20150821,000000,13.369,13.369,13.369,13.369,0,0
ZUE_PE,D,20150824,000000,12.984,12.984,12.503,12.888,0,0
ZUE_PE,D,20150825,000000,12.696,14.235,12.6,12.984,0,0
ZUE_PE,D,20150826,000000,12.984,12.984,12.311,12.696,0,0
ZUE_PE,D,20150827,000000,12.6,12.6,12.407,12.407,0,0
ZUE_PE,D,20150831,000000,12.407,12.407,11.83,12.023,0,0
ZUE_PE,D,20150901,000000,12.023,12.696,12.023,12.696,0,0
ZUE_PE,D,20150902,000000,12.407,12.696,12.407,12.503,0,0
ZUE_PE,D,20150903,000000,12.696,12.696,12.696,12.696,0,0
ZUE_PE,D,20150904,000000,12.407,12.984,12.407,12.984,0,0
ZUE_PE,D,20150907,000000,12.503,12.888,12.215,12.6,0,0
ZUE_PE,D,20150908,000000,12.6,12.6,12.407,12.407,0,0
ZUE_PE,D,20150909,000000,11.83,13.081,11.83,12.984,0,0
ZUE_PE,D,20150910,000000,12.503,12.6,11.83,12.215,0,0
ZUE_PE,D,20150911,000000,11.926,12.215,11.926,12.215,0,0
ZUE_PE,D,20150914,000000,11.926,11.926,11.926,11.926,0,0
ZUE_PE,D,20150915,000000,12.215,12.215,11.926,11.926,0,0
ZUE_PE,D,20150916,000000,11.926,12.023,11.926,12.023,0,0
ZUE_PE,D,20150917,000000,12.311,12.311,12.311,12.311,0,0
ZUE_PE,D,20150918,000000,12.023,12.311,12.023,12.215,0,0
ZUE_PE,D,20150921,000000,11.926,12.696,11.926,12.696,0,0
ZUE_PE,D,20150922,000000,12.119,12.503,11.926,12.503,0,0
ZUE_PE,D,20150923,000000,12.696,12.696,12.696,12.696,0,0
ZUE_PE,D,20150924,000000,12.6,12.6,12.119,12.503,0,0
ZUE_PE,D,20150925,000000,12.311,12.503,12.311,12.407,0,0
ZUE_PE,D,20150928,000000,11.926,12.888,11.926,12.888,0,0
ZUE_PE,D,20150929,000000,12.215,12.215,12.215,12.215,0,0
ZUE_PE,D,20150930,000000,12.696,12.696,12.119,12.6,0,0
ZUE_PE,D,20151001,000000,12.311,12.407,12.311,12.311,0,0
ZUE_PE,D,20151002,000000,12.407,12.407,12.119,12.215,0,0
ZUE_PE,D,20151005,000000,11.734,12.215,11.734,12.215,0,0
ZUE_PE,D,20151006,000000,11.926,12.407,11.926,12.407,0,0
ZUE_PE,D,20151007,000000,12.407,12.407,12.407,12.407,0,0
ZUE_PE,D,20151008,000000,12.407,12.407,12.407,12.407,0,0
ZUE_PE,D,20151009,000000,12.407,12.407,12.311,12.311,0,0
ZUE_PE,D,20151012,000000,12.407,12.407,12.311,12.407,0,0
ZUE_PE,D,20151013,000000,12.023,12.023,12.023,12.023,0,0
ZUE_PE,D,20151014,000000,12.023,12.215,12.023,12.215,0,0
ZUE_PE,D,20151015,000000,12.311,13.561,12.311,13.465,0,0
ZUE_PE,D,20151016,000000,13.369,13.369,13.369,13.369,0,0
ZUE_PE,D,20151019,000000,13.081,13.561,13.081,13.561,0,0
ZUE_PE,D,20151020,000000,13.465,13.465,13.273,13.273,0,0
ZUE_PE,D,20151021,000000,13.273,14.331,13.273,14.331,0,0
ZUE_PE,D,20151022,000000,14.331,14.331,13.273,13.85,0,0
ZUE_PE,D,20151023,000000,13.85,13.946,13.561,13.946,0,0
ZUE_PE,D,20151026,000000,13.85,13.85,13.85,13.85,0,0
ZUE_PE,D,20151027,000000,13.85,14.042,13.658,14.042,0,0
ZUE_PE,D,20151028,000000,14.331,14.331,13.658,14.139,0,0
ZUE_PE,D,20151029,000000,13.658,14.139,13.465,13.85,0,0
ZUE_PE,D,20151030,000000,13.465,13.85,13.465,13.85,0,0
ZUE_PE,D,20151102,000000,13.465,13.946,13.465,13.658,0,0
ZUE_PE,D,20151103,000000,13.946,13.946,13.754,13.754,0,0
ZUE_PE,D,20151104,000000,13.754,13.754,13.561,13.561,0,0
ZUE_PE,D,20151105,000000,13.561,13.561,13.081,13.273,0,0
ZUE_PE,D,20151106,000000,13.273,13.273,13.081,13.081,0,0
ZUE_PE,D,20151109,000000,13.081,13.754,13.081,13.754,0,0
ZUE_PE,D,20151110,000000,13.754,13.754,13.273,13.273,0,0
ZUE_PE,D,20151112,000000,13.754,13.754,13.658,13.658,0,0
ZUE_PE,D,20151113,000000,13.177,13.658,12.888,13.658,0,0
ZUE_PE,D,20151116,000000,13.658,14.042,13.081,14.042,0,0
ZUE_PE,D,20151117,000000,13.369,14.042,13.369,14.042,0,0
ZUE_PE,D,20151118,000000,14.042,15.197,14.042,15.197,0,0
ZUE_PE,D,20151119,000000,15.1,16.351,14.139,14.139,0,0
ZUE_PE,D,20151120,000000,14.139,14.139,13.754,13.85,0,0
ZUE_PE,D,20151123,000000,13.369,13.85,13.273,13.658,0,0
ZUE_PE,D,20151124,000000,13.081,13.465,12.984,13.369,0,0
ZUE_PE,D,20151125,000000,12.984,13.465,12.984,13.369,0,0
ZUE_PE,D,20151126,000000,13.369,13.369,13.177,13.177,0,0
ZUE_PE,D,20151127,000000,13.177,13.658,13.177,13.658,0,0
ZUE_PE,D,20151130,000000,13.658,13.658,13.081,13.177,0,0
ZUE_PE,D,20151201,000000,13.177,13.273,12.984,13.273,0,0
ZUE_PE,D,20151202,000000,12.984,13.177,12.792,12.984,0,0
ZUE_PE,D,20151203,000000,12.888,12.984,12.888,12.984,0,0
ZUE_PE,D,20151204,000000,12.888,13.658,11.926,13.658,0,0
ZUE_PE,D,20151207,000000,13.658,13.658,12.792,12.888,0,0
ZUE_PE,D,20151208,000000,12.311,12.888,12.311,12.888,0,0
ZUE_PE,D,20151209,000000,12.311,12.6,12.311,12.6,0,0
ZUE_PE,D,20151210,000000,12.311,12.792,12.311,12.792,0,0
ZUE_PE,D,20151211,000000,12.696,12.696,12.119,12.119,0,0
ZUE_PE,D,20151214,000000,11.445,12.407,11.445,12.407,0,0
ZUE_PE,D,20151215,000000,12.023,12.503,12.023,12.503,0,0
ZUE_PE,D,20151216,000000,11.926,12.792,11.83,12.792,0,0
ZUE_PE,D,20151217,000000,12.119,12.696,12.119,12.503,0,0
ZUE_PE,D,20151218,000000,12.503,12.503,12.311,12.311,0,0
ZUE_PE,D,20151221,000000,12.696,12.696,12.407,12.6,0,0
ZUE_PE,D,20151222,000000,12.503,12.503,12.503,12.503,0,0
ZUE_PE,D,20151223,000000,12.311,12.311,12.311,12.311,0,0
ZUE_PE,D,20151228,000000,12.503,12.503,12.311,12.407,0,0
ZUE_PE,D,20151229,000000,12.6,12.792,12.119,12.792,0,0
ZUE_PE,D,20151230,000000,12.696,12.792,12.6,12.792,0,0
ZUE_PE,D,20160104,000000,12.696,12.696,11.734,12.215,0,0
ZUE_PE,D,20160105,000000,12.215,12.503,12.215,12.503,0,0
ZUE_PE,D,20160107,000000,12.311,12.792,11.83,12.792,0,0
ZUE_PE,D,20160108,000000,12.792,12.792,12.215,12.215,0,0
ZUE_PE,D,20160111,000000,12.6,12.6,11.734,12.215,0,0
ZUE_PE,D,20160112,000000,11.83,12.215,11.349,12.215,0,0
ZUE_PE,D,20160113,000000,11.734,12.215,11.734,12.215,0,0
ZUE_PE,D,20160114,000000,12.119,12.119,11.83,12.119,0,0
ZUE_PE,D,20160115,000000,12.215,12.215,11.926,12.215,0,0
ZUE_PE,D,20160118,000000,12.119,12.119,11.734,12.119,0,0
ZUE_PE,D,20160119,000000,12.119,12.503,12.023,12.023,0,0
ZUE_PE,D,20160120,000000,12.023,12.984,11.638,12.888,0,0
ZUE_PE,D,20160121,000000,12.215,12.888,12.215,12.407,0,0
ZUE_PE,D,20160122,000000,12.215,12.503,12.215,12.503,0,0
ZUE_PE,D,20160125,000000,12.119,12.792,12.119,12.792,0,0
ZUE_PE,D,20160126,000000,12.696,12.984,12.696,12.888,0,0
ZUE_PE,D,20160127,000000,12.888,13.754,12.888,13.561,0,0
ZUE_PE,D,20160128,000000,13.561,14.523,13.369,14.331,0,0
ZUE_PE,D,20160129,000000,14.523,14.908,14.427,14.427,0,0
ZUE_PE,D,20160201,000000,14.427,14.427,13.946,14.427,0,0
ZUE_PE,D,20160202,000000,14.427,14.716,14.042,14.139,0,0
ZUE_PE,D,20160203,000000,13.754,14.139,13.754,14.139,0,0
ZUE_PE,D,20160204,000000,14.139,14.139,14.139,14.139,0,0
ZUE_PE,D,20160205,000000,14.427,14.427,14.427,14.427,0,0
ZUE_PE,D,20160208,000000,14.427,14.427,14.427,14.427,0,0
ZUE_PE,D,20160209,000000,14.427,14.427,13.85,14.139,0,0
ZUE_PE,D,20160210,000000,14.427,14.427,14.235,14.235,0,0
ZUE_PE,D,20160211,000000,14.331,14.331,14.235,14.235,0,0
ZUE_PE,D,20160212,000000,14.331,14.331,13.946,13.946,0,0
ZUE_PE,D,20160215,000000,14.139,14.139,13.465,13.658,0,0
ZUE_PE,D,20160216,000000,13.85,13.85,13.85,13.85,0,0
ZUE_PE,D,20160217,000000,13.85,13.85,13.273,13.658,0,0
ZUE_PE,D,20160218,000000,13.658,13.658,13.273,13.273,0,0
ZUE_PE,D,20160219,000000,13.273,13.273,12.984,13.081,0,0
ZUE_PE,D,20160222,000000,13.177,13.177,12.792,13.177,0,0
ZUE_PE,D,20160223,000000,13.177,13.177,13.081,13.081,0,0
ZUE_PE,D,20160224,000000,13.081,13.081,12.696,13.081,0,0
ZUE_PE,D,20160225,000000,12.6,12.888,12.6,12.888,0,0
ZUE_PE,D,20160226,000000,12.888,12.888,12.503,12.792,0,0
ZUE_PE,D,20160229,000000,12.792,12.792,12.503,12.6,0,0
ZUE_PE,D,20160301,000000,12.792,12.792,12.503,12.503,0,0
ZUE_PE,D,20160302,000000,12.503,12.503,11.734,12.119,0,0
ZUE_PE,D,20160303,000000,12.119,12.696,12.119,12.696,0,0
ZUE_PE,D,20160304,000000,12.696,12.696,12.215,12.696,0,0
ZUE_PE,D,20160307,000000,12.023,12.407,12.023,12.407,0,0
ZUE_PE,D,20160308,000000,12.6,12.6,12.6,12.6,0,0
ZUE_PE,D,20160309,000000,12.696,12.696,12.696,12.696,0,0
ZUE_PE,D,20160310,000000,12.696,12.696,12.696,12.696,0,0
ZUE_PE,D,20160311,000000,12.696,12.696,12.696,12.696,0,0
ZUE_PE,D,20160314,000000,12.215,12.696,12.119,12.215,0,0
ZUE_PE,D,20160315,000000,12.888,13.369,11.638,11.638,0,0
ZUE_PE,D,20160316,000000,11.926,12.119,11.638,11.734,0,0
ZUE_PE,D,20160317,000000,11.926,11.926,11.638,11.734,0,0
ZUE_PE,D,20160318,000000,11.926,11.926,11.445,11.638,0,0
ZUE_PE,D,20160321,000000,11.83,11.83,11.349,11.349,0,0
ZUE_PE,D,20160322,000000,11.445,11.445,11.253,11.445,0,0
ZUE_PE,D,20160323,000000,11.445,11.542,11.445,11.542,0,0
ZUE_PE,D,20160324,000000,11.83,11.83,11.83,11.83,0,0
ZUE_PE,D,20160329,000000,11.83,11.83,11.638,11.638,0,0
ZUE_PE,D,20160330,000000,11.926,11.926,11.638,11.83,0,0
ZUE_PE,D,20160331,000000,11.734,11.734,11.542,11.542,0,0
ZUE_PE,D,20160401,000000,11.542,11.542,11.445,11.445,0,0
ZUE_PE,D,20160404,000000,11.83,11.83,11.542,11.638,0,0
ZUE_PE,D,20160405,000000,11.83,11.83,11.638,11.734,0,0
ZUE_PE,D,20160406,000000,11.734,11.734,11.734,11.734,0,0
ZUE_PE,D,20160407,000000,11.734,11.734,11.734,11.734,0,0
ZUE_PE,D,20160408,000000,11.734,11.734,11.734,11.734,0,0
ZUE_PE,D,20160411,000000,11.734,11.734,11.734,11.734,0,0
ZUE_PE,D,20160412,000000,11.638,11.638,11.445,11.445,0,0
ZUE_PE,D,20160413,000000,11.734,11.734,11.734,11.734,0,0
ZUE_PE,D,20160414,000000,11.445,11.734,11.445,11.734,0,0
ZUE_PE,D,20160415,000000,11.542,11.734,11.542,11.734,0,0
ZUE_PE,D,20160418,000000,11.734,11.734,11.542,11.542,0,0
ZUE_PE,D,20160419,000000,11.734,11.926,11.734,11.926,0,0
ZUE_PE,D,20160420,000000,11.926,11.926,11.734,11.83,0,0
ZUE_PE,D,20160421,000000,11.734,11.83,11.734,11.734,0,0
ZUE_PE,D,20160422,000000,11.83,11.83,11.83,11.83,0,0
ZUE_PE,D,20160425,000000,11.83,11.83,11.83,11.83,0,0
ZUE_PE,D,20160426,000000,11.734,11.83,11.734,11.83,0,0
ZUE_PE,D,20160427,000000,11.83,11.83,11.253,11.445,0,0
ZUE_PE,D,20160428,000000,11.253,11.734,11.253,11.638,0,0
ZUE_PE,D,20160429,000000,11.638,11.638,11.349,11.638,0,0
ZUE_PE,D,20160502,000000,11.638,11.638,11.349,11.349,0,0
ZUE_PE,D,20160504,000000,11.061,12.503,10.099,12.503,0,0
ZUE_PE,D,20160505,000000,12.6,13.273,12.6,13.273,0,0
ZUE_PE,D,20160506,000000,13.273,13.946,13.177,13.177,0,0
ZUE_PE,D,20160509,000000,12.888,12.984,12.888,12.888,0,0
ZUE_PE,D,20160510,000000,13.369,13.369,12.888,12.888,0,0
ZUE_PE,D,20160511,000000,13.273,13.273,12.696,13.081,0,0
ZUE_PE,D,20160512,000000,12.792,13.273,12.696,13.177,0,0
ZUE_PE,D,20160513,000000,13.081,13.081,13.081,13.081,0,0
ZUE_PE,D,20160516,000000,12.696,13.081,12.696,13.081,0,0
ZUE_PE,D,20160517,000000,12.792,12.984,12.696,12.696,0,0
ZUE_PE,D,20160518,000000,12.696,12.696,12.6,12.6,0,0
ZUE_PE,D,20160519,000000,12.696,12.792,12.215,12.696,0,0
ZUE_PE,D,20160520,000000,12.6,12.696,12.215,12.696,0,0
ZUE_PE,D,20160523,000000,12.6,12.696,12.6,12.6,0,0
ZUE_PE,D,20160524,000000,12.311,12.6,12.311,12.6,0,0
ZUE_PE,D,20160525,000000,12.6,13.465,12.6,13.369,0,0
ZUE_PE,D,20160527,000000,13.369,13.754,13.369,13.754,0,0
ZUE_PE,D,20160530,000000,13.754,13.754,13.561,13.754,0,0
ZUE_PE,D,20160531,000000,13.754,13.754,13.465,13.561,0,0
ZUE_PE,D,20160601,000000,13.754,14.042,13.177,14.042,0,0
ZUE_PE,D,20160602,000000,14.042,14.042,13.946,13.946,0,0
ZUE_PE,D,20160603,000000,13.177,13.561,12.888,13.561,0,0
ZUE_PE,D,20160606,000000,13.561,13.561,13.081,13.465,0,0
ZUE_PE,D,20160607,000000,13.465,13.754,13.465,13.754,0,0
ZUE_PE,D,20160608,000000,13.946,13.946,13.561,13.561,0,0
ZUE_PE,D,20160609,000000,13.754,13.754,13.561,13.754,0,0
ZUE_PE,D,20160610,000000,14.3,14.3,12.9,13.7,0,0
ZUE_PE,D,20160613,000000,13.3,13.6,12.7,13.6,0,0
ZUE_PE,D,20160614,000000,13.7,13.7,13.3,13.3,0,0
ZUE_PE,D,20160615,000000,13.4,13.4,12.9,13.2,0,0
ZUE_PE,D,20160616,000000,13,13,12.9,13,0,0
ZUE_PE,D,20160617,000000,13,13.2,13,13.2,0,0
ZUE_PE,D,20160620,000000,13.5,13.5,12.8,13.3,0,0
ZUE_PE,D,20160621,000000,13.3,13.3,13.3,13.3,0,0
ZUE_PE,D,20160622,000000,13.3,13.3,12.9,13,0,0
ZUE_PE,D,20160623,000000,12.6,13,12.6,12.9,0,0
ZUE_PE,D,20160624,000000,12.3,12.8,12.3,12.8,0,0
ZUE_PE,D,20160627,000000,12.4,12.6,12.4,12.6,0,0
ZUE_PE,D,20160628,000000,12.4,12.9,12.3,12.9,0,0
ZUE_PE,D,20160629,000000,11.9,12.7,11.9,12.7,0,0
ZUE_PE,D,20160630,000000,12.6,12.6,12.5,12.5,0,0
ZUE_PE,D,20160701,000000,12.4,12.4,12.4,12.4,0,0
ZUE_PE,D,20160704,000000,12.3,12.3,12.3,12.3,0,0
ZUE_PE,D,20160705,000000,12.3,12.3,11.9,11.9,0,0
ZUE_PE,D,20160706,000000,12.2,12.2,11.6,11.8,0,0
ZUE_PE,D,20160707,000000,11.8,12.1,11.6,12.1,0,0
ZUE_PE,D,20160708,000000,11.6,12.5,11.6,12.5,0,0
ZUE_PE,D,20160711,000000,12.5,12.9,12.4,12.9,0,0
ZUE_PE,D,20160712,000000,12.5,12.5,12.5,12.5,0,0
ZUE_PE,D,20160713,000000,12.5,12.5,12,12.5,0,0
ZUE_PE,D,20160714,000000,12.5,12.5,12.5,12.5,0,0
ZUE_PE,D,20160715,000000,12.7,12.7,12.7,12.7,0,0
ZUE_PE,D,20160718,000000,12.9,12.9,12.9,12.9,0,0
ZUE_PE,D,20160719,000000,13.1,13.1,12.7,12.7,0,0
ZUE_PE,D,20160720,000000,12.9,12.9,12.7,12.7,0,0
ZUE_PE,D,20160721,000000,12.8,12.8,12.6,12.6,0,0
ZUE_PE,D,20160722,000000,12.6,12.6,12.6,12.6,0,0
ZUE_PE,D,20160725,000000,12.9,12.9,12.2,12.6,0,0
ZUE_PE,D,20160726,000000,12.9,12.9,12.6,12.6,0,0
ZUE_PE,D,20160727,000000,12.7,12.7,12.6,12.6,0,0
ZUE_PE,D,20160728,000000,12.7,12.7,12.5,12.6,0,0
ZUE_PE,D,20160729,000000,12.7,12.7,12.4,12.7,0,0
ZUE_PE,D,20160801,000000,12.7,12.7,12.6,12.6,0,0
ZUE_PE,D,20160802,000000,12.6,12.9,12.6,12.9,0,0
ZUE_PE,D,20160803,000000,12.9,12.9,12.4,12.9,0,0
ZUE_PE,D,20160804,000000,13.1,13.1,13,13,0,0
ZUE_PE,D,20160805,000000,13,13,13,13,0,0
ZUE_PE,D,20160808,000000,13,13,13,13,0,0
ZUE_PE,D,20160809,000000,13,13,13,13,0,0
ZUE_PE,D,20160810,000000,13.1,13.3,13.1,13.2,0,0
ZUE_PE,D,20160811,000000,13.2,13.5,13.2,13.5,0,0
ZUE_PE,D,20160812,000000,13.5,13.8,13.5,13.7,0,0
ZUE_PE,D,20160816,000000,13.8,14,13.8,14,0,0
ZUE_PE,D,20160817,000000,14,14,13.8,14,0,0
ZUE_PE,D,20160818,000000,14,14,13.6,13.6,0,0
ZUE_PE,D,20160819,000000,13.4,13.4,13,13,0,0
ZUE_PE,D,20160822,000000,13.3,13.3,13.2,13.2,0,0
ZUE_PE,D,20160823,000000,13.3,13.3,12.9,13.3,0,0
ZUE_PE,D,20160824,000000,13.1,14,13,14,0,0
ZUE_PE,D,20160825,000000,14.4,14.6,14.4,14.6,0,0
ZUE_PE,D,20160826,000000,14.6,14.9,14.6,14.9,0,0
ZUE_PE,D,20160829,000000,14.9,14.9,14.9,14.9,0,0
ZUE_PE,D,20160830,000000,14.9,14.9,14.9,14.9,0,0
ZUE_PE,D,20160831,000000,14.9,14.9,14.9,14.9,0,0
ZUE_PE,D,20160901,000000,14.9,14.9,14.4,14.4,0,0
ZUE_PE,D,20160902,000000,14.8,14.8,14.8,14.8,0,0
ZUE_PE,D,20160905,000000,13.9,14.6,13.9,14.6,0,0
ZUE_PE,D,20160906,000000,14.8,14.8,14.8,14.8,0,0
ZUE_PE,D,20160907,000000,14.8,14.8,13.9,14.8,0,0
ZUE_PE,D,20160908,000000,14.8,14.8,14.7,14.7,0,0
ZUE_PE,D,20160909,000000,14,14.7,14,14.6,0,0
ZUE_PE,D,20160912,000000,14.1,14.7,14.1,14.7,0,0
ZUE_PE,D,20160913,000000,14.7,14.7,14.3,14.6,0,0
ZUE_PE,D,20160914,000000,14.6,14.6,14.2,14.6,0,0
ZUE_PE,D,20160915,000000,14.5,14.5,14.3,14.3,0,0
ZUE_PE,D,20160916,000000,14.5,14.5,14.5,14.5,0,0
ZUE_PE,D,20160919,000000,14.5,14.5,14.5,14.5,0,0
ZUE_PE,D,20160920,000000,14.5,14.5,14.3,14.5,0,0
ZUE_PE,D,20160921,000000,14.5,14.5,13.9,14.2,0,0
ZUE_PE,D,20160922,000000,14.4,14.5,13.8,14.5,0,0
ZUE_PE,D,20160923,000000,14.5,14.5,13.9,14.4,0,0
ZUE_PE,D,20160926,000000,14.4,14.4,14.4,14.4,0,0
ZUE_PE,D,20160927,000000,14.4,14.5,13.6,14.5,0,0
ZUE_PE,D,20160928,000000,14.4,14.4,14.4,14.4,0,0
ZUE_PE,D,20160929,000000,14.2,14.4,14.2,14.4,0,0
ZUE_PE,D,20160930,000000,14.4,14.5,14,14.5,0,0
ZUE_PE,D,20161003,000000,14.5,14.5,14.5,14.5,0,0
ZUE_PE,D,20161004,000000,14.5,14.5,14,14.1,0,0
ZUE_PE,D,20161005,000000,14.1,14.4,14.1,14.4,0,0
ZUE_PE,D,20161006,000000,14.4,14.4,14.4,14.4,0,0
ZUE_PE,D,20161007,000000,14.3,15.1,14.3,14.6,0,0
ZUE_PE,D,20161010,000000,15.2,16,15,15,0,0
ZUE_PE,D,20161011,000000,15.5,15.5,15,15,0,0
ZUE_PE,D,20161012,000000,15.3,15.5,15.3,15.5,0,0
ZUE_PE,D,20161013,000000,15.5,15.5,15.5,15.5,0,0
ZUE_PE,D,20161014,000000,15.5,16.2,15.5,16.2,0,0
ZUE_PE,D,20161017,000000,16.2,16.2,15.7,16,0,0
ZUE_PE,D,20161018,000000,15.9,16.2,15.9,16.2,0,0
ZUE_PE,D,20161019,000000,16.2,16.2,16.2,16.2,0,0
ZUE_PE,D,20161020,000000,16.2,16.2,16.2,16.2,0,0
ZUE_PE,D,20161021,000000,16.2,16.2,15.8,16.2,0,0
ZUE_PE,D,20161024,000000,16.2,16.2,16,16,0,0
ZUE_PE,D,20161025,000000,15.5,16,15.5,16,0,0
ZUE_PE,D,20161026,000000,16,16,16,16,0,0
ZUE_PE,D,20161027,000000,16,16,15.6,16,0,0
ZUE_PE,D,20161028,000000,16,16.2,15.6,16.2,0,0
ZUE_PE,D,20161031,000000,16.3,16.3,15.3,15.9,0,0
ZUE_PE,D,20161102,000000,15.8,15.9,15.8,15.9,0,0
ZUE_PE,D,20161103,000000,16.1,16.1,15.4,15.8,0,0
ZUE_PE,D,20161104,000000,15.1,15.2,14.6,15.2,0,0
ZUE_PE,D,20161107,000000,14.6,41.3,14.6,41.3,0,0
ZUE_PE,D,20161108,000000,40.6,42.8,40.6,42.3,0,0
ZUE_PE,D,20161109,000000,41.3,41.8,41.3,41.8,0,0
ZUE_PE,D,20161110,000000,41.8,41.8,40.5,41.8,0,0
ZUE_PE,D,20161114,000000,41.8,41.8,41.8,41.8,0,0
ZUE_PE,D,20161115,000000,42.2,42.2,41.1,41.8,0,0
ZUE_PE,D,20161116,000000,42.2,42.3,42.2,42.3,0,0
ZUE_PE,D,20161117,000000,41.9,42.3,41.9,42.3,0,0
ZUE_PE,D,20161118,000000,42.3,42.3,40.7,42.3,0,0
ZUE_PE,D,20161121,000000,42.3,42.3,42.1,42.1,0,0
ZUE_PE,D,20161122,000000,42.3,42.3,42.3,42.3,0,0
ZUE_PE,D,20161123,000000,42.3,42.3,42.3,42.3,0,0
ZUE_PE,D,20161124,000000,42.3,42.3,40.5,42.1,0,0
ZUE_PE,D,20161125,000000,42.1,42.1,42.1,42.1,0,0
ZUE_PE,D,20161128,000000,42.1,42.1,41.7,41.7,0,0
ZUE_PE,D,20161129,000000,41.7,41.7,41.7,41.7,0,0
ZUE_PE,D,20161130,000000,41.7,41.7,41.7,41.7,0,0
ZUE_PE,D,20161201,000000,41.7,41.7,41.7,41.7,0,0
ZUE_PE,D,20161202,000000,41.7,41.7,41.7,41.7,0,0
ZUE_PE,D,20161205,000000,40.5,41.7,40.5,41.7,0,0
ZUE_PE,D,20161206,000000,41.7,41.7,41.7,41.7,0,0
ZUE_PE,D,20161207,000000,41.7,41.7,41.7,41.7,0,0
ZUE_PE,D,20161208,000000,41.7,43.7,41.7,42.4,0,0
ZUE_PE,D,20161209,000000,43.8,43.8,43.8,43.8,0,0
ZUE_PE,D,20161212,000000,43.6,43.6,43.6,43.6,0,0
ZUE_PE,D,20161213,000000,43.6,43.6,43.6,43.6,0,0
ZUE_PE,D,20161214,000000,43.5,43.5,43.5,43.5,0,0
ZUE_PE,D,20161215,000000,41.5,43.5,41.5,42.8,0,0
ZUE_PE,D,20161216,000000,43.3,43.3,43.3,43.3,0,0
ZUE_PE,D,20161219,000000,43.1,45.8,43.1,45.8,0,0
ZUE_PE,D,20161220,000000,45.6,45.6,43.4,45.4,0,0
ZUE_PE,D,20161221,000000,42.9,45.3,42.9,43.8,0,0
ZUE_PE,D,20161222,000000,42.8,43.1,42.2,43.1,0,0
ZUE_PE,D,20161223,000000,42.2,43.1,42.2,43.1,0,0
ZUE_PE,D,20161227,000000,43.1,43.1,41.5,43.1,0,0
ZUE_PE,D,20161228,000000,43.1,43.1,41.3,41.5,0,0
ZUE_PE,D,20161229,000000,42.1,45.2,40.8,45.2,0,0
ZUE_PE,D,20161230,000000,45.1,45.2,42.8,44.8,0,0
ZUE_PE,D,20170102,000000,44.8,44.8,43.6,43.6,0,0
ZUE_PE,D,20170103,000000,45.1,45.1,43.5,43.6,0,0
ZUE_PE,D,20170104,000000,43.6,43.6,43.2,43.2,0,0
ZUE_PE,D,20170105,000000,43.3,43.8,43.3,43.4,0,0
ZUE_PE,D,20170109,000000,43.3,44.8,43.3,44.8,0,0
ZUE_PE,D,20170110,000000,44.8,44.8,44.8,44.8,0,0
ZUE_PE,D,20170111,000000,44.9,45.4,44.4,45.3,0,0
ZUE_PE,D,20170112,000000,45.3,46.9,45.3,46.6,0,0
ZUE_PE,D,20170113,000000,47.1,47.1,46.7,46.7,0,0
ZUE_PE,D,20170116,000000,47.1,47.6,47.1,47.4,0,0
ZUE_PE,D,20170117,000000,47.3,47.4,47.3,47.4,0,0
ZUE_PE,D,20170118,000000,46.9,47.4,46.9,47.4,0,0
ZUE_PE,D,20170119,000000,47.4,47.4,47.4,47.4,0,0
ZUE_PE,D,20170120,000000,47.7,47.7,45.5,47.6,0,0
ZUE_PE,D,20170123,000000,47.6,48.2,45.9,48.1,0,0
ZUE_PE,D,20170124,000000,48.3,48.3,47.7,48.3,0,0
ZUE_PE,D,20170125,000000,48.3,49.1,48,48.3,0,0
ZUE_PE,D,20170126,000000,48.2,48.2,47.6,47.6,0,0
ZUE_PE,D,20170127,000000,47.9,47.9,46.1,47.4,0,0
ZUE_PE,D,20170130,000000,47.5,47.5,47.4,47.4,0,0
ZUE_PE,D,20170131,000000,47.4,47.4,47.4,47.4,0,0
ZUE_PE,D,20170201,000000,47.4,47.7,46.1,47.3,0,0
ZUE_PE,D,20170202,000000,47.8,47.8,46.1,47.3,0,0
ZUE_PE,D,20170203,000000,46,46.4,46,46,0,0
ZUE_PE,D,20170206,000000,46.9,46.9,46.3,46.6,0,0
ZUE_PE,D,20170207,000000,46.8,46.9,46.8,46.9,0,0
ZUE_PE,D,20170208,000000,47.5,47.5,46.9,46.9,0,0
ZUE_PE,D,20170209,000000,48.1,48.1,46.6,46.7,0,0
ZUE_PE,D,20170210,000000,47.4,47.4,46.6,46.6,0,0
ZUE_PE,D,20170213,000000,47.4,47.4,46.6,46.7,0,0
ZUE_PE,D,20170214,000000,47.6,48.4,47.2,47.6,0,0
ZUE_PE,D,20170215,000000,48.3,50.3,45.9,50.3,0,0
ZUE_PE,D,20170216,000000,50.9,50.9,49.1,49.6,0,0
ZUE_PE,D,20170217,000000,50.1,52.3,47.8,52.3,0,0
ZUE_PE,D,20170220,000000,52.4,57.4,52.4,54.7,0,0
ZUE_PE,D,20170221,000000,53,54.4,53,53.6,0,0
ZUE_PE,D,20170222,000000,55.1,58,55.1,56.1,0,0
ZUE_PE,D,20170223,000000,56.8,56.8,51.4,55.4,0,0
ZUE_PE,D,20170224,000000,56,56,53.9,54.4,0,0
ZUE_PE,D,20170227,000000,54.4,54.9,52,52.7,0,0
ZUE_PE,D,20170228,000000,54.8,54.8,54.5,54.5,0,0
ZUE_PE,D,20170301,000000,52.5,54.2,52.5,53.8,0,0
ZUE_PE,D,20170302,000000,53.4,53.4,52.6,52.9,0,0
ZUE_PE,D,20170303,000000,52.5,53.4,51.5,53.4,0,0
ZUE_PE,D,20170306,000000,53.4,54.3,52.4,54.3,0,0
ZUE_PE,D,20170307,000000,54.4,55.2,53.1,53.4,0,0
ZUE_PE,D,20170308,000000,54.9,54.9,52.9,52.9,0,0
ZUE_PE,D,20170309,000000,52.6,52.9,51.5,52.9,0,0
ZUE_PE,D,20170310,000000,51.7,54.6,51.7,54.5,0,0
ZUE_PE,D,20170313,000000,54.9,59.2,54.9,58,0,0
ZUE_PE,D,20170314,000000,59.3,59.3,58,58.5,0,0
ZUE_PE,D,20170315,000000,57.1,58.7,57.1,58.6,0,0
ZUE_PE,D,20170316,000000,57.9,355.6,57.4,355.6,0,0
ZUE_PE,D,20170317,000000,356.1,361,344.7,352.4,0,0
ZUE_PE,D,20170320,000000,352.7,355.3,341.9,347.3,0,0
ZUE_PE,D,20170321,000000,344.7,350.4,335.9,335.9,0,0
ZUE_PE,D,20170322,000000,341,341,320.2,333.1,0,0
ZUE_PE,D,20170323,000000,333.3,349,328.5,341.3,0,0
ZUE_PE,D,20170324,000000,348.7,348.7,330.8,338.5,0,0
ZUE_PE,D,20170327,000000,338.7,338.7,333.3,336.5,0,0
ZUE_PE,D,20170328,000000,336.2,336.2,329.1,332.8,0,0
ZUE_PE,D,20170329,000000,333,333,330.2,330.2,0,0
ZUE_PE,D,20170330,000000,336.2,336.2,326.5,334.5,0,0
ZUE_PE,D,20170331,000000,334.8,334.8,334.5,334.5,0,0
ZUE_PE,D,20170403,000000,334.8,350.4,334.8,341.6,0,0
ZUE_PE,D,20170404,000000,348.1,350.4,347.3,347.3,0,0
ZUE_PE,D,20170405,000000,347.6,356.1,347.3,347.3,0,0
ZUE_PE,D,20170406,000000,347.6,349.9,343.3,348.2,0,0
ZUE_PE,D,20170407,000000,348.4,352.4,348.4,352.1,0,0
ZUE_PE,D,20170410,000000,353.6,353.6,352.4,353,0,0
ZUE_PE,D,20170411,000000,353.3,353.3,327.9,351.6,0,0
ZUE_PE,D,20170412,000000,327.9,349,327.9,347,0,0
ZUE_PE,D,20170413,000000,351,351,341.6,347.3,0,0
ZUE_PE,D,20170418,000000,350.4,350.4,334.8,338.5,0,0
ZUE_PE,D,20170419,000000,341.3,341.3,330.5,335.6,0,0
ZUE_PE,D,20170420,000000,341.3,341.3,327.6,332.2,0,0
ZUE_PE,D,20170421,000000,332.5,332.5,324.5,324.5,0,0
ZUE_PE,D,20170424,000000,327.4,341,319.4,334.8,0,0
ZUE_PE,D,20170425,000000,326.2,333.3,321.9,332.8,0,0
ZUE_PE,D,20170426,000000,331.9,333.3,319.1,331.4,0,0
ZUE_PE,D,20170427,000000,330.5,336.2,327.4,336.2,0,0
ZUE_PE,D,20180321,000000,463.6,463.6,463.6,463.6,0,0
ZUE_PE,D,20180322,000000,466.7,477,465.2,468,0,0
ZUE_PE,D,20180323,000000,462.2,478.5,462.2,478.4,0,0
ZUE_PE,D,20180326,000000,475.6,475.6,469.6,472.5,0,0
ZUE_PE,D,20180327,000000,469.6,471.1,460.7,462.1,0,0
ZUE_PE,D,20180328,000000,456.3,469.6,444.4,454.7,0,0
ZUE_PE,D,20180329,000000,453.3,454.7,444.4,454.7,0,0
ZUE_PE,D,20180403,000000,453.3,453.3,441.5,445.7,0,0
ZUE_PE,D,20180404,000000,448.9,448.9,437,444.3,0,0
ZUE_PE,D,20180405,000000,444.4,445.7,444.4,445.7,0,0
ZUE_PE,D,20180406,000000,444.4,444.4,429.6,444.3,0,0
ZUE_PE,D,20180409,000000,444.4,447.2,437,447.2,0,0
ZUE_PE,D,20180410,000000,445.9,447.2,445.9,447.2,0,0
ZUE_PE,D,20180411,000000,451.9,453.2,451.9,453.2,0,0
ZUE_PE,D,20180412,000000,445.9,447.2,445.9,447.2,0,0
ZUE_PE,D,20180413,000000,445.9,447.2,445.9,447.2,0,0
ZUE_PE,D,20180416,000000,445.9,447.2,429.6,447.2,0,0
ZUE_PE,D,20180417,000000,437,445.7,437,445.7,0,0
ZUE_PE,D,20180419,000000,444.4,445.9,437,445.7,0,0
ZUE_PE,D,20180423,000000,440,441.3,440,441.3,0,0
ZUE_PE,D,20180424,000000,445.9,450.4,440,441.3,0,0
ZUE_PE,D,20180425,000000,444.4,450.2,440,450.2,0,0
ZUE_PE,D,20180426,000000,440,450.2,440,450.2,0,0
ZUE_PE,D,20180430,000000,447.4,447.4,437,445.7,0,0
ZUE_PE,D,20180502,000000,444.4,445.7,444.4,445.7,0,0
ZUE_PE,D,20180504,000000,450.4,451.7,450.4,451.7,0,0
ZUE_PE,D,20180507,000000,429.6,444.3,429.6,444.3,0,0
ZUE_PE,D,20180508,000000,426.7,441.3,426.7,441.3,0,0
ZUE_PE,D,20180509,000000,438.5,439.8,434.1,439.8,0,0
ZUE_PE,D,20180510,000000,440,453.2,429.6,453.2,0,0
ZUE_PE,D,20180511,000000,450.4,459.1,450.4,459.1,0,0
ZUE_PE,D,20180514,000000,457.8,457.8,438.5,439.8,0,0
ZUE_PE,D,20180515,000000,448.9,448.9,425.2,438.3,0,0
ZUE_PE,D,20180516,000000,448.9,448.9,444.4,445.7,0,0
ZUE_PE,D,20180517,000000,437,444.4,437,438.3,0,0
ZUE_PE,D,20180518,000000,437,445.7,426.7,445.7,0,0
ZUE_PE,D,20180521,000000,429.6,445.7,428.1,445.7,0,0
ZUE_PE,D,20180522,000000,444.4,444.4,443,444.3,0,0
ZUE_PE,D,20180523,000000,443,443,21.8,21.8,0,0
ZUE_PE,D,20180524,000000,21.8,21.8,21.5,21.5,0,0
ZUE_PE,D,20180525,000000,21.4,21.4,20.9,21.4,0,0
ZUE_PE,D,20180528,000000,21.4,21.4,21.4,21.4,0,0
ZUE_PE,D,20180529,000000,21.4,21.4,21.4,21.4,0,0
ZUE_PE,D,20180530,000000,21.4,21.4,21.4,21.4,0,0
ZUE_PE,D,20180601,000000,21.4,21.4,21.4,21.4,0,0
ZUE_PE,D,20180604,000000,21.4,21.4,19.7,20.3,0,0
ZUE_PE,D,20180605,000000,19.9,19.9,19,19.1,0,0
ZUE_PE,D,20180606,000000,19.1,19.1,19,19.1,0,0
ZUE_PE,D,20180607,000000,19.1,19.2,19.1,19.1,0,0
ZUE_PE,D,20180608,000000,19,19.1,18.4,19.1,0,0
ZUE_PE,D,20180611,000000,19.1,19.5,19.1,19.5,0,0
ZUE_PE,D,20180612,000000,19.7,19.9,19.5,19.9,0,0
ZUE_PE,D,20180613,000000,19.8,20,19.6,20,0,0
ZUE_PE,D,20180614,000000,21,21,19.9,20.4,0,0
ZUE_PE,D,20180615,000000,20.3,20.3,19.5,20.3,0,0
ZUE_PE,D,20180618,000000,20.3,20.3,20.3,20.3,0,0
ZUE_PE,D,20180619,000000,19.5,19.5,19,19,0,0
ZUE_PE,D,20180620,000000,17.6,18.9,16.8,18.8,0,0
ZUE_PE,D,20180621,000000,18.8,19.3,18.7,19.3,0,0
ZUE_PE,D,20180622,000000,19.4,21.1,19.1,19.1,0,0
ZUE_PE,D,20180625,000000,19.7,21,19.7,21,0,0
ZUE_PE,D,20180626,000000,21.4,22,21.2,21.9,0,0
ZUE_PE,D,20180627,000000,23.3,23.3,20.8,21.2,0,0
ZUE_PE,D,20180628,000000,22.2,22.2,21.2,21.8,0,0
ZUE_PE,D,20180629,000000,21.8,21.8,20.8,21.5,0,0
ZUE_PE,D,20180702,000000,20.8,21.5,19.7,20.1,0,0
ZUE_PE,D,20180703,000000,20,20,19.9,19.9,0,0
ZUE_PE,D,20180704,000000,19.8,19.8,19.8,19.8,0,0
ZUE_PE,D,20180705,000000,19.7,20.5,19.7,20.1,0,0
ZUE_PE,D,20180706,000000,20.1,21.4,20.1,21.1,0,0
ZUE_PE,D,20180709,000000,21.4,21.4,20.8,20.8,0,0
ZUE_PE,D,20180710,000000,22.3,22.3,20.8,20.8,0,0
ZUE_PE,D,20180711,000000,21.8,22.2,20.8,20.8,0,0
ZUE_PE,D,20180712,000000,22.1,22.1,20.8,20.8,0,0
ZUE_PE,D,20180713,000000,21.8,21.9,20.8,20.8,0,0
ZUE_PE,D,20180716,000000,21.8,21.8,21.8,21.8,0,0
ZUE_PE,D,20180717,000000,21.4,21.4,20.3,21.2,0,0
ZUE_PE,D,20180718,000000,22.2,22.2,21.6,21.9,0,0
ZUE_PE,D,20180719,000000,20.8,20.9,20.8,20.8,0,0
ZUE_PE,D,20180720,000000,21.9,21.9,19.7,20.8,0,0
ZUE_PE,D,20180723,000000,21.4,21.4,21.1,21.1,0,0
ZUE_PE,D,20180724,000000,21.1,21.1,21,21,0,0
ZUE_PE,D,20180725,000000,21.7,22.2,21.1,21.9,0,0
ZUE_PE,D,20180726,000000,22.2,22.6,20.8,22.1,0,0
ZUE_PE,D,20180727,000000,21.9,22.2,21.9,22.1,0,0
ZUE_PE,D,20180730,000000,22,22.8,21.9,22.8,0,0
ZUE_PE,D,20180731,000000,22.9,22.9,22.3,22.3,0,0
ZUE_PE,D,20180801,000000,22.9,22.9,21.9,21.9,0,0
ZUE_PE,D,20180802,000000,22.1,22.6,21.9,22.3,0,0
ZUE_PE,D,20180803,000000,21.4,22.3,21.4,22.3,0,0
ZUE_PE,D,20180806,000000,21.7,22.3,21.7,21.9,0,0
ZUE_PE,D,20180807,000000,22.1,22.5,21.8,22.3,0,0
ZUE_PE,D,20180808,000000,22.3,22.9,22.3,22.6,0,0
ZUE_PE,D,20180809,000000,21.8,22.2,21.7,21.9,0,0
ZUE_PE,D,20180810,000000,21.8,21.9,21.8,21.9,0,0
ZUE_PE,D,20180813,000000,21.8,22.3,21.8,22.3,0,0
ZUE_PE,D,20180814,000000,21.9,21.9,21.9,21.9,0,0
ZUE_PE,D,20180816,000000,21.7,21.7,21.2,21.7,0,0
ZUE_PE,D,20180820,000000,21.2,22.3,21.2,22.3,0,0
ZUE_PE,D,20180821,000000,21.7,22.4,21.7,22.3,0,0
ZUE_PE,D,20180822,000000,22.3,22.5,22.3,22.5,0,0
ZUE_PE,D,20180823,000000,22.5,22.5,21.9,21.9,0,0
ZUE_PE,D,20180824,000000,22.1,22.1,21.8,21.8,0,0
ZUE_PE,D,20180827,000000,21.8,21.8,21.8,21.8,0,0
ZUE_PE,D,20180828,000000,22.4,22.4,21.9,21.9,0,0
ZUE_PE,D,20180829,000000,21.1,21.8,21.1,21.8,0,0
ZUE_PE,D,20180830,000000,21.1,21.9,21.1,21.9,0,0
ZUE_PE,D,20180831,000000,21.2,21.8,21.1,21.4,0,0
ZUE_PE,D,20180903,000000,21.8,21.8,21.8,21.8,0,0
ZUE_PE,D,20180904,000000,21.1,21.7,21.1,21.5,0,0
ZUE_PE,D,20180905,000000,20.4,21.4,8.5,8.5,0,0
ZUE_PE,D,20180906,000000,7.8,8.4,7.8,8.3,0,0
ZUE_PE,D,20180907,000000,7.7,7.7,7.5,7.5,0,0
ZUE_PE,D,20180910,000000,7.2,7.5,7.2,7.4,0,0
ZUE_PE,D,20180911,000000,7.4,7.4,7.2,7.4,0,0
ZUE_PE,D,20180913,000000,7.5,7.5,6.7,7.5,0,0
ZUE_PE,D,20180917,000000,7.4,7.9,7.4,7.9,0,0
ZUE_PE,D,20180918,000000,8.3,8.3,8.3,8.3,0,0
ZUE_PE,D,20180921,000000,7.4,8.1,7.4,8,0,0
ZUE_PE,D,20180925,000000,7.4,8,7.4,8,0,0
ZUE_PE,D,20180926,000000,7.6,8,7.5,8,0,0
ZUE_PE,D,20180927,000000,8,8,7.6,8,0,0
ZUE_PE,D,20180928,000000,7.5,8,7.5,7.9,0,0
ZUE_PE,D,20181001,000000,7.9,7.9,7.9,7.9,0,0
ZUE_PE,D,20181002,000000,7.8,7.9,7.8,7.9,0,0
ZUE_PE,D,20181003,000000,7.5,7.7,7.2,7.7,0,0
ZUE_PE,D,20181004,000000,7.7,7.7,7.7,7.7,0,0
ZUE_PE,D,20181005,000000,7.7,7.7,7.2,7.7,0,0
ZUE_PE,D,20181008,000000,7.8,7.8,7.8,7.8,0,0
ZUE_PE,D,20181012,000000,7.8,7.8,7.7,7.7,0,0
ZUE_PE,D,20181016,000000,7.7,7.7,7.7,7.7,0,0
ZUE_PE,D,20181018,000000,7,7.7,7,7.7,0,0
ZUE_PE,D,20181019,000000,7.1,7.7,7.1,7.4,0,0
ZUE_PE,D,20181022,000000,7.4,7.6,7.4,7.6,0,0
ZUE_PE,D,20181024,000000,7.1,7.5,7.1,7.5,0,0
ZUE_PE,D,20181025,000000,7.1,7.2,6.6,7.2,0,0
ZUE_PE,D,20181026,000000,6.8,6.8,6.4,6.5,0,0
ZUE_PE,D,20181029,000000,6.8,7,6.5,7,0,0
ZUE_PE,D,20181030,000000,7.2,7.2,7.2,7.2,0,0
ZUE_PE,D,20181031,000000,7,7.2,7,7,0,0
ZUE_PE,D,20181102,000000,7.1,7.2,7.1,7.2,0,0
ZUE_PE,D,20181106,000000,6.9,7.2,6.9,6.9,0,0
ZUE_PE,D,20181107,000000,6.6,6.9,6.6,6.9,0,0
ZUE_PE,D,20181108,000000,6.9,7.2,6.6,7.2,0,0
ZUE_PE,D,20181109,000000,7.2,7.2,7.1,7.1,0,0
ZUE_PE,D,20181113,000000,7,7.2,7,7.2,0,0
ZUE_PE,D,20181115,000000,7.1,7.1,7,7,0,0
ZUE_PE,D,20181116,000000,7.1,7.2,7.1,7.2,0,0
ZUE_PE,D,20181119,000000,7.3,7.3,7.2,7.2,0,0
ZUE_PE,D,20181120,000000,6.9,7.2,6.9,7.2,0,0
ZUE_PE,D,20181121,000000,7.3,7.3,6.6,6.9,0,0
ZUE_PE,D,20181122,000000,6.6,7.2,6.6,7.2,0,0
ZUE_PE,D,20181123,000000,7.1,7.2,7.1,7.1,0,0
ZUE_PE,D,20181127,000000,7.1,7.1,6.5,7,0,0
ZUE_PE,D,20181128,000000,7,7.8,6.5,7.8,0,0
ZUE_PE,D,20181129,000000,7.6,7.8,7.5,7.6,0,0
ZUE_PE,D,20181130,000000,7.4,7.5,7.3,7.3,0,0
ZUE_PE,D,20181203,000000,7.8,7.8,7.6,7.7,0,0
ZUE_PE,D,20181204,000000,7.8,7.8,7.5,7.7,0,0
ZUE_PE,D,20181205,000000,7.7,7.8,7.2,7.5,0,0
ZUE_PE,D,20181206,000000,7.5,8,7.2,7.8,0,0
ZUE_PE,D,20181207,000000,8,8,7.5,7.5,0,0
ZUE_PE,D,20181210,000000,7.5,7.5,7.5,7.5,0,0
ZUE_PE,D,20181211,000000,7.9,7.9,7.3,7.5,0,0
ZUE_PE,D,20181212,000000,7.5,7.5,7.3,7.4,0,0
ZUE_PE,D,20181213,000000,7.3,7.3,7.2,7.3,0,0
ZUE_PE,D,20181214,000000,7.3,7.4,7.3,7.3,0,0
ZUE_PE,D,20181217,000000,7.3,7.3,7.2,7.2,0,0
ZUE_PE,D,20181218,000000,7.3,7.3,7.2,7.3,0,0
ZUE_PE,D,20181219,000000,7.5,7.5,7.3,7.3,0,0
ZUE_PE,D,20181220,000000,7.5,7.5,7.2,7.4,0,0
ZUE_PE,D,20181221,000000,7.2,7.5,7,7.3,0,0
ZUE_PE,D,20181227,000000,7,7.2,6.8,7.2,0,0
ZUE_PE,D,20181228,000000,7.3,7.4,7.1,7.4,0,0
ZUE_PE,D,20190102,000000,8,8,8,8,0,0
ZUE_PE,D,20190103,000000,8,8,7.8,7.8,0,0
ZUE_PE,D,20190104,000000,7.8,7.8,7.4,7.5,0,0
ZUE_PE,D,20190107,000000,7.8,8,7.5,7.5,0,0
ZUE_PE,D,20190108,000000,8,8,7.2,7.4,0,0
ZUE_PE,D,20190109,000000,7.9,7.9,7.3,7.4,0,0
ZUE_PE,D,20190110,000000,7.9,7.9,7.4,7.5,0,0
ZUE_PE,D,20190111,000000,8,8,7.4,7.4,0,0
ZUE_PE,D,20190114,000000,7.4,7.4,7.3,7.3,0,0
ZUE_PE,D,20190115,000000,7.4,7.9,7.4,7.9,0,0
ZUE_PE,D,20190116,000000,7.9,7.9,7.3,7.3,0,0
ZUE_PE,D,20190117,000000,7.8,7.8,7.2,7.3,0,0
ZUE_PE,D,20190118,000000,7.7,7.7,7.3,7.3,0,0
ZUE_PE,D,20190121,000000,7.3,7.3,7.2,7.3,0,0
ZUE_PE,D,20190122,000000,7.5,7.5,7.1,7.1,0,0
ZUE_PE,D,20190123,000000,7.4,7.4,7.1,7.4,0,0
ZUE_PE,D,20190124,000000,7.4,7.4,7.4,7.4,0,0
ZUE_PE,D,20190125,000000,7.4,7.4,7.4,7.4,0,0
ZUE_PE,D,20190128,000000,7.4,7.4,7.2,7.3,0,0
ZUE_PE,D,20190129,000000,7.3,7.3,7.3,7.3,0,0
ZUE_PE,D,20190130,000000,7.3,7.3,7.1,7.3,0,0
ZUE_PE,D,20190131,000000,7.3,7.3,6.9,7,0,0
ZUE_PE,D,20190201,000000,7.2,7.2,7.1,7.1,0,0
ZUE_PE,D,20190204,000000,7.2,7.2,7,7.2,0,0
ZUE_PE,D,20190205,000000,7.2,7.2,7.2,7.2,0,0
ZUE_PE,D,20190206,000000,7.4,7.4,7,7.3,0,0
ZUE_PE,D,20190207,000000,7.3,7.3,7.2,7.2,0,0
ZUE_PE,D,20190208,000000,7,7.3,7,7.3,0,0
ZUE_PE,D,20190211,000000,7.3,7.3,7.1,7.3,0,0
ZUE_PE,D,20190212,000000,7.3,7.4,7.3,7.4,0,0
ZUE_PE,D,20190213,000000,7.5,7.5,7.3,7.4,0,0
ZUE_PE,D,20190214,000000,7.6,7.6,7.2,7.4,0,0
ZUE_PE,D,20190215,000000,7.1,7.6,7.1,7.4,0,0
ZUE_PE,D,20190218,000000,7.1,7.4,7.1,7.3,0,0
ZUE_PE,D,20190219,000000,7.3,7.3,6.8,7.2,0,0
ZUE_PE,D,20190220,000000,7.1,7.1,6.7,6.7,0,0
ZUE_PE,D,20190221,000000,7.2,7.2,6.9,6.9,0,0
ZUE_PE,D,20190222,000000,7.1,7.3,6.9,7.1,0,0
ZUE_PE,D,20190225,000000,7.3,7.3,7.1,7.1,0,0
ZUE_PE,D,20190226,000000,7.2,7.2,7,7.1,0,0
ZUE_PE,D,20190227,000000,7.2,7.2,7,7,0,0
ZUE_PE,D,20190228,000000,7.3,7.3,7.1,7.1,0,0
ZUE_PE,D,20190301,000000,7.3,7.3,6.9,7.1,0,0
ZUE_PE,D,20190304,000000,7.2,7.2,7,7,0,0
ZUE_PE,D,20190305,000000,7,7.1,6.9,7.1,0,0
ZUE_PE,D,20190306,000000,7.4,7.4,7.3,7.3,0,0
ZUE_PE,D,20190307,000000,7.1,7.2,7.1,7.2,0,0
ZUE_PE,D,20190308,000000,7,7,6.7,6.7,0,0
ZUE_PE,D,20190311,000000,6.6,6.8,6.6,6.8,0,0
ZUE_PE,D,20190312,000000,6.9,7,6.8,7,0,0
ZUE_PE,D,20190313,000000,7.2,7.2,6.9,7,0,0
ZUE_PE,D,20190314,000000,7.3,7.3,6.9,6.9,0,0
ZUE_PE,D,20190315,000000,7.1,7.1,6.7,6.7,0,0
ZUE_PE,D,20190318,000000,6.9,6.9,6.4,6.6,0,0
ZUE_PE,D,20190319,000000,6.6,6.6,6.6,6.6,0,0
ZUE_PE,D,20190320,000000,6.6,6.6,6.4,6.4,0,0
ZUE_PE,D,20190321,000000,6.4,6.4,6.3,6.3,0,0
ZUE_PE,D,20190322,000000,6.3,6.3,6.2,6.3,0,0
ZUE_PE,D,20190325,000000,6.2,6.3,6.2,6.3,0,0
ZUE_PE,D,20190326,000000,6.3,6.5,6.2,6.5,0,0
ZUE_PE,D,20190327,000000,6.5,6.6,6.5,6.5,0,0
ZUE_PE,D,20190328,000000,6.4,6.5,6.1,6.5,0,0
ZUE_PE,D,20190329,000000,6,6.5,6,6.5,0,0
ZUE_PE,D,20200317,000000,23.3,23.3,23.3,23.3,0,0
ZUE_PE,D,20200318,000000,25.3,25.3,22.6,22.7,0,0
ZUE_PE,D,20200319,000000,23.9,23.9,22.3,22.7,0,0
ZUE_PE,D,20200320,000000,22.3,22.7,22.3,22.7,0,0
ZUE_PE,D,20200323,000000,22.7,22.7,22.6,22.7,0,0
ZUE_PE,D,20200324,000000,22.7,22.7,20.9,20.9,0,0
ZUE_PE,D,20200325,000000,22.7,22.7,20.6,20.6,0,0
ZUE_PE,D,20200326,000000,21.7,21.7,19.6,19.6,0,0
ZUE_PE,D,20200327,000000,21.6,21.6,19.6,20.3,0,0
ZUE_PE,D,20200330,000000,21.5,21.5,19.4,19.6,0,0
ZUE_PE,D,20200331,000000,21.4,21.4,19.6,20,0,0
ZUE_PE,D,20200401,000000,20.2,20.2,19,19.6,0,0
ZUE_PE,D,20200402,000000,19.5,19.5,18.9,19,0,0
ZUE_PE,D,20200403,000000,19.6,19.6,19,19.6,0,0
ZUE_PE,D,20200406,000000,19.6,19.6,18.6,19.3,0,0
ZUE_PE,D,20200407,000000,18.8,18.8,18.2,18.8,0,0
ZUE_PE,D,20200408,000000,19.8,19.8,18.8,19.1,0,0
ZUE_PE,D,20200409,000000,20.2,20.2,18.6,18.9,0,0
ZUE_PE,D,20200414,000000,18.9,18.9,18.3,18.8,0,0
ZUE_PE,D,20200415,000000,19.4,19.4,18.4,18.9,0,0
ZUE_PE,D,20200416,000000,18.7,18.8,18.5,18.8,0,0
ZUE_PE,D,20200417,000000,18.7,18.7,18.4,18.4,0,0
ZUE_PE,D,20200420,000000,18.5,18.5,18.2,18.4,0,0
ZUE_PE,D,20200421,000000,18.4,18.4,17.9,18.2,0,0
ZUE_PE,D,20200422,000000,18.3,18.3,18.1,18.2,0,0
ZUE_PE,D,20200423,000000,18.2,18.2,17,17.8,0,0
ZUE_PE,D,20200424,000000,18,18,16.7,17.1,0,0
ZUE_PE,D,20200427,000000,18.2,18.2,17.6,18.2,0,0
ZUE_PE,D,20200428,000000,18,18,17.7,17.9,0,0
ZUE_PE,D,20200429,000000,17.9,18.2,17.9,18.2,0,0
ZUE_PE,D,20200430,000000,18.2,18.2,17,17.6,0,0
ZUE_PE,D,20200504,000000,17.5,18,17,17.9,0,0
ZUE_PE,D,20200505,000000,17.9,18.3,17.8,18.2,0,0
ZUE_PE,D,20200506,000000,18.2,18.2,18.1,18.2,0,0
ZUE_PE,D,20200507,000000,18.1,18.5,18.1,18.3,0,0
ZUE_PE,D,20200508,000000,18.4,18.4,18.1,18.4,0,0
ZUE_PE,D,20200511,000000,18.4,18.4,17.8,18.2,0,0
ZUE_PE,D,20200512,000000,18.3,18.3,18.2,18.2,0,0
ZUE_PE,D,20200513,000000,18.2,18.2,18.1,18.2,0,0
ZUE_PE,D,20200514,000000,18.3,18.5,18,18,0,0
ZUE_PE,D,20200515,000000,18.2,18.4,18,18.4,0,0
ZUE_PE,D,20200518,000000,18.4,22,18.4,20.3,0,0
ZUE_PE,D,20200519,000000,21.4,23.5,19.6,23.4,0,0
ZUE_PE,D,20200520,000000,23.3,24.4,22.9,24.4,0,0
ZUE_PE,D,20200521,000000,22.6,23.7,21.6,21.6,0,0
ZUE_PE,D,20200522,000000,21.5,21.8,20.1,20.7,0,0
ZUE_PE,D,20200525,000000,20.7,21.9,20.7,21.7,0,0
ZUE_PE,D,20200526,000000,21.6,23.3,21.6,22.8,0,0
ZUE_PE,D,20200527,000000,22.8,25,22.8,23,0,0
ZUE_PE,D,20200528,000000,23.6,24.4,22.4,23.6,0,0
ZUE_PE,D,20200529,000000,23.8,23.9,23.5,23.9,0,0
ZUE_PE,D,20200601,000000,23.9,24.5,23.9,24.3,0,0
ZUE_PE,D,20200602,000000,24.3,24.6,23.8,24.6,0,0
ZUE_PE,D,20200603,000000,24.6,26.5,24.5,25.4,0,0
ZUE_PE,D,20200604,000000,24.8,25.6,23.7,24.2,0,0
ZUE_PE,D,20200605,000000,25.3,25.4,25,25.2,0,0
ZUE_PE,D,20200608,000000,25.1,25.3,24.9,25.3,0,0
ZUE_PE,D,20200609,000000,25.3,25.3,23,24.1,0,0
ZUE_PE,D,20200610,000000,24.1,25.6,24.1,25,0,0
ZUE_PE,D,20200612,000000,23.6,24.7,23.2,24.7,0,0
ZUE_PE,D,20200615,000000,24.9,24.9,23.5,24.8,0,0
ZUE_PE,D,20200616,000000,24.8,24.9,24.2,24.9,0,0
ZUE_PE,D,20200617,000000,24.9,25.2,24.4,25.2,0,0
ZUE_PE,D,20200618,000000,25.3,25.3,24.6,24.9,0,0
ZUE_PE,D,20200619,000000,25.2,25.3,25.1,25.3,0,0
ZUE_PE,D,20200622,000000,25.4,26,24.6,26,0,0
ZUE_PE,D,20200623,000000,26,26,24.8,25.9,0,0
ZUE_PE,D,20200624,000000,26,27.5,26,27.5,0,0
ZUE_PE,D,20200625,000000,27.5,27.5,26.1,26.8,0,0
ZUE_PE,D,20200626,000000,26.9,27.2,25.7,26,0,0
ZUE_PE,D,20200629,000000,25.8,25.8,24.6,25.5,0,0
ZUE_PE,D,20200630,000000,24.8,25.4,24.4,25.4,0,0
ZUE_PE,D,20200701,000000,25.4,25.4,24.7,25.4,0,0
ZUE_PE,D,20200702,000000,25.2,26,24.9,26,0,0
ZUE_PE,D,20200703,000000,25.9,27.2,25.9,27.2,0,0
ZUE_PE,D,20200706,000000,26.4,26.5,25.4,26.2,0,0
ZUE_PE,D,20200707,000000,25.8,26.5,25.8,26.5,0,0
ZUE_PE,D,20200708,000000,26.5,27.1,25.5,26.3,0,0
ZUE_PE,D,20200709,000000,26.2,26.3,26,26,0,0
ZUE_PE,D,20200710,000000,26,26,26,26,0,0
ZUE_PE,D,20200713,000000,26,26,25.4,25.9,0,0
ZUE_PE,D,20200714,000000,24.8,25.9,24.8,25.9,0,0
ZUE_PE,D,20200715,000000,25.9,25.9,25.3,25.8,0,0
ZUE_PE,D,20200716,000000,25.8,25.8,25.1,25.4,0,0
ZUE_PE,D,20200717,000000,25.8,27.5,25.4,27.3,0,0
ZUE_PE,D,20200720,000000,27.8,28.3,26.1,28.1,0,0
ZUE_PE,D,20200721,000000,28.2,28.3,27.2,27.6,0,0
ZUE_PE,D,20200722,000000,27.8,27.8,26.9,27.6,0,0
ZUE_PE,D,20200723,000000,26.5,27.8,26.1,27.2,0,0
ZUE_PE,D,20200724,000000,27.2,27.2,26.4,26.6,0,0
ZUE_PE,D,20200727,000000,26.7,27,26.6,26.7,0,0
ZUE_PE,D,20200728,000000,26.1,26.6,25.6,26,0,0
ZUE_PE,D,20200729,000000,26.6,26.8,26,26,0,0
ZUE_PE,D,20200730,000000,25.9,25.9,23.8,25.4,0,0
ZUE_PE,D,20200731,000000,25,25.8,24.8,25.8,0,0
ZUE_PE,D,20200803,000000,26.7,26.7,24.7,26,0,0
ZUE_PE,D,20200804,000000,26,26.7,25.4,26,0,0
ZUE_PE,D,20200805,000000,26.4,26.4,25.4,26,0,0
ZUE_PE,D,20200806,000000,26.6,26.6,25.4,25.8,0,0
ZUE_PE,D,20200807,000000,26.4,26.4,25.1,25.2,0,0
ZUE_PE,D,20200810,000000,25.8,25.8,25,25.8,0,0
ZUE_PE,D,20200811,000000,25.8,25.8,25.2,25.8,0,0
ZUE_PE,D,20200812,000000,25.8,25.8,24.6,25.4,0,0
ZUE_PE,D,20200813,000000,25.8,25.9,24.8,25.5,0,0
ZUE_PE,D,20200814,000000,25.9,25.9,24.3,24.3,0,0
ZUE_PE,D,20200817,000000,25.6,25.6,25.6,25.6,0,0
ZUE_PE,D,20200818,000000,25.3,26.6,24.4,26.6,0,0
ZUE_PE,D,20200819,000000,26,27.5,24.7,27.5,0,0
ZUE_PE,D,20200820,000000,27.1,27.1,25.7,26.4,0,0
ZUE_PE,D,20200821,000000,27.3,27.3,25.7,26.5,0,0
