<TICKER>,<PER>,<DATE>,<TIME>,<OPEN>,<HIGH>,<LOW>,<CLOSE>,<VOL>,<OPENINT>
LAB,D,20140304,000000,2.4179,2.9015,2.4179,2.9015,1218,0
LAB,D,20140305,000000,3.4819,4.1588,3.4819,3.6946,20190,0
LAB,D,20140306,000000,3.83,4.536,3.83,4.1588,6568,0
LAB,D,20140307,000000,4.1975,4.1975,3.385,3.9558,3654,0
LAB,D,20140310,000000,3.6849,3.8687,3.5786,3.8687,2470,0
LAB,D,20140311,000000,3.6753,3.6753,3.6753,3.6753,226,0
LAB,D,20140312,000000,3.6076,3.6462,3.4045,3.6462,2892,0
LAB,D,20140313,000000,3.5786,3.8396,3.5786,3.8396,388,0
LAB,D,20140314,000000,3.7429,3.9654,3.7429,3.772,915,0
LAB,D,20140317,000000,3.8203,3.8203,3.772,3.772,1273,0
LAB,D,20140318,000000,3.772,3.7817,3.772,3.7817,38,0
LAB,D,20140319,000000,3.7429,3.7429,3.7429,3.7429,3,0
LAB,D,20140320,000000,3.8687,4.2459,3.8687,4.2459,1169,0
LAB,D,20140321,000000,4.2556,4.2556,3.8203,4.0621,734,0
LAB,D,20140324,000000,3.8106,3.859,3.8106,3.859,124,0
LAB,D,20140325,000000,3.9074,4.0911,3.8687,3.9654,2165,0
LAB,D,20140326,000000,3.9654,3.9654,3.9654,3.9654,25,0
LAB,D,20140327,000000,3.9654,3.9654,3.9654,3.9654,15,0
LAB,D,20140328,000000,3.9654,4.0621,3.9654,4.0621,20,0
LAB,D,20140331,000000,3.9751,3.9751,3.9751,3.9751,16,0
LAB,D,20140401,000000,3.9847,4.3039,3.7429,4.3039,5013,0
LAB,D,20140402,000000,4.1878,4.3039,4.1878,4.3039,3804,0
LAB,D,20140403,000000,4.536,5.4355,4.4586,5.3388,2249,0
LAB,D,20140404,000000,5.213,6.393,5.213,6.393,2303,0
LAB,D,20140407,000000,6.7605,6.7605,5.4161,6.0932,1774,0
LAB,D,20140408,000000,6.1899,6.2866,5.629,5.629,385,0
LAB,D,20140410,000000,5.8707,6.5574,5.8031,5.8031,1501,0
LAB,D,20140411,000000,5.6579,5.6579,5.6193,5.6193,52,0
LAB,D,20140414,000000,5.6095,5.8224,5.0293,5.8224,1545,0
LAB,D,20140415,000000,6.277,6.277,5.7547,5.7547,31,0
LAB,D,20140416,000000,5.8998,5.9965,5.8998,5.9965,302,0
LAB,D,20140417,000000,6.1125,6.7605,6.1125,6.7605,490,0
LAB,D,20140422,000000,6.7412,6.7412,6.0351,6.0351,1434,0
LAB,D,20140423,000000,5.9965,6.0738,5.5612,6.0738,1620,0
LAB,D,20140424,000000,5.8031,6.3737,5.5612,6.3737,1887,0
LAB,D,20140425,000000,6.364,6.364,6.364,6.364,10,0
LAB,D,20140428,000000,6.2286,6.2286,6.2286,6.2286,10,0
LAB,D,20140429,000000,5.8127,5.8127,5.8127,5.8127,15,0
LAB,D,20140430,000000,6.0641,6.0641,6.0641,6.0641,10,0
LAB,D,20140502,000000,6.0641,6.0641,6.0641,6.0641,10,0
LAB,D,20140505,000000,6.0641,6.0641,6.0641,6.0641,10,0
LAB,D,20140506,000000,6.0641,6.0641,6.0641,6.0641,10,0
LAB,D,20140507,000000,6.0641,6.0641,5.4161,6.0255,1561,0
LAB,D,20140509,000000,5.4161,6.0255,4.9036,6.0255,1273,0
LAB,D,20140512,000000,5.6579,5.7933,5.0873,5.0873,2085,0
LAB,D,20140513,000000,5.6966,5.6966,5.6966,5.6966,10,0
LAB,D,20140519,000000,5.0777,5.0777,4.981,4.981,338,0
LAB,D,20140520,000000,4.8358,5.2227,4.5457,5.2227,1805,0
LAB,D,20140521,000000,5.2227,5.8031,4.4006,5.8031,1567,0
LAB,D,20140522,000000,5.8031,5.8031,5.8031,5.8031,10,0
LAB,D,20140523,000000,5.8031,5.8031,4.8358,5.7063,329,0
LAB,D,20140526,000000,5.4161,5.4161,5.0389,5.4161,391,0
LAB,D,20140527,000000,4.9325,5.3678,4.6908,5.3678,50,0
LAB,D,20140530,000000,4.7875,5.3388,4.4683,5.3388,393,0
LAB,D,20140603,000000,4.8746,5.3388,4.8746,5.3388,314,0
LAB,D,20140605,000000,5.3678,5.3678,5.3678,5.3678,10,0
LAB,D,20140606,000000,5.2904,5.7063,5.2904,5.7063,982,0
LAB,D,20140609,000000,5.6095,5.6095,5.5612,5.5612,15,0
LAB,D,20140610,000000,5.5612,5.5612,5.3194,5.3194,20,0
LAB,D,20140612,000000,5.1744,5.3581,4.9229,5.3581,384,0
LAB,D,20140613,000000,4.9229,5.7063,4.8358,5.7063,3511,0
LAB,D,20140616,000000,5.126,5.7063,5.126,5.7063,1314,0
LAB,D,20140618,000000,5.7063,5.7063,5.7063,5.7063,10,0
LAB,D,20140620,000000,5.7063,5.7063,5.7063,5.7063,10,0
LAB,D,20140623,000000,5.4549,5.7063,5.1744,5.7063,3166,0
LAB,D,20140624,000000,5.7063,6.6348,5.3097,5.6095,3216,0
LAB,D,20140625,000000,6.2866,6.6638,6.0932,6.6638,352,0
LAB,D,20140626,000000,6.2866,6.2866,6.1802,6.2866,1087,0
LAB,D,20140627,000000,6.3253,6.3253,6.3253,6.3253,5,0
LAB,D,20140630,000000,6.3253,6.5478,5.7063,6.5478,3654,0
LAB,D,20140701,000000,6.1415,7.3698,6.1415,7.3698,690,0
LAB,D,20140702,000000,7.3698,7.3698,6.9636,6.9636,85,0
LAB,D,20140703,000000,6.8669,8.221,6.8669,7.9307,523,0
LAB,D,20140704,000000,8.4144,9.671,8.4144,9.671,42,0
LAB,D,20140707,000000,11.607,11.607,10.155,10.155,245,0
LAB,D,20140708,000000,9.874,10.63,9.014,9.662,671,0
LAB,D,20140709,000000,9.671,10.155,9.671,10.155,78,0
LAB,D,20140714,000000,9.526,10.252,9.1495,10.252,399,0
LAB,D,20140715,000000,9.671,9.671,9.671,9.671,5,0
LAB,D,20140716,000000,9.671,10.349,9.3814,10.349,354,0
LAB,D,20140721,000000,10.349,10.349,9.1881,10.349,124,0
LAB,D,20140722,000000,10.349,10.349,10.349,10.349,1,0
LAB,D,20140724,000000,9.3332,10.184,8.9947,10.184,175,0
LAB,D,20140728,000000,9.3041,10.349,9.3041,10.349,382,0
LAB,D,20140729,000000,10.349,10.349,10.349,10.349,5,0
LAB,D,20140801,000000,10.349,10.349,9.671,9.671,269,0
LAB,D,20140804,000000,9.981,9.981,9.981,9.981,8,0
LAB,D,20140808,000000,9.575,9.981,9.2848,9.981,165,0
LAB,D,20140814,000000,9.478,11.509,9.478,11.509,1098,0
LAB,D,20140818,000000,11.412,13.541,11.412,13.541,763,0
LAB,D,20140819,000000,13.347,13.347,12.254,12.254,135,0
LAB,D,20140821,000000,11.509,11.607,11.509,11.607,119,0
LAB,D,20140822,000000,11.607,11.607,10.638,11.607,892,0
LAB,D,20140825,000000,10.996,11.326,10.996,11.326,6,0
LAB,D,20140826,000000,10.833,11.326,10.638,11.326,14,0
LAB,D,20140828,000000,10.542,11.326,10.542,11.326,144,0
LAB,D,20140902,000000,10.755,12.041,10.755,12.041,170,0
LAB,D,20140903,000000,11.229,13.347,11.229,13.347,433,0
LAB,D,20140904,000000,13.202,13.202,12.96,12.96,57,0
LAB,D,20140905,000000,12.815,12.815,12.815,12.815,3,0
LAB,D,20140908,000000,12.815,13.541,11.607,13.541,595,0
LAB,D,20140909,000000,13.541,16.055,11.607,16.055,928,0
LAB,D,20140910,000000,14.991,14.991,14.991,14.991,2,0
LAB,D,20140911,000000,13.782,13.782,13.782,13.782,110,0
LAB,D,20140912,000000,13.831,15.765,13.831,15.765,114,0
LAB,D,20140915,000000,13.734,14.653,13.734,14.653,165,0
LAB,D,20140916,000000,12.574,15.465,12.574,15.465,785,0
LAB,D,20140917,000000,15.465,15.465,15.465,15.465,135,0
LAB,D,20140918,000000,15.281,15.281,15.281,15.281,10,0
LAB,D,20140919,000000,15.281,15.281,15.281,15.281,5,0
LAB,D,20140922,000000,15.281,15.281,15.281,15.281,5,0
LAB,D,20140923,000000,15.281,15.281,15.281,15.281,5,0
LAB,D,20140924,000000,15.281,15.281,15.281,15.281,2,0
LAB,D,20140925,000000,15.281,15.281,15.281,15.281,2,0
LAB,D,20140926,000000,15.281,15.281,15.281,15.281,1,0
LAB,D,20140929,000000,15.281,15.281,14.894,15.281,37,0
LAB,D,20140930,000000,15.281,15.281,15.281,15.281,1,0
LAB,D,20141001,000000,15.281,15.281,15.281,15.281,1,0
LAB,D,20141002,000000,15.281,15.281,14.894,14.894,2,0
LAB,D,20141003,000000,14.884,14.884,14.884,14.884,1,0
LAB,D,20141006,000000,14.884,14.884,14.701,14.701,11,0
LAB,D,20141007,000000,14.701,14.701,14.508,14.508,11,0
LAB,D,20141008,000000,14.701,14.701,14.701,14.701,1,0
LAB,D,20141013,000000,14.265,14.265,14.217,14.217,2,0
LAB,D,20141014,000000,14.265,14.265,14.265,14.265,1,0
LAB,D,20141015,000000,14.265,14.265,12.574,12.574,268,0
LAB,D,20141016,000000,12.476,13.395,12.476,13.395,135,0
LAB,D,20141017,000000,12.767,14.12,12.767,14.12,124,0
LAB,D,20141020,000000,13.443,14.884,13.443,14.884,165,0
LAB,D,20141022,000000,14.314,14.314,13.443,14.314,140,0
LAB,D,20141030,000000,13.637,14.884,13.541,14.884,546,0
LAB,D,20141031,000000,14.701,14.701,13.637,14.701,393,0
LAB,D,20141106,000000,14.305,14.314,14.305,14.314,129,0
LAB,D,20141107,000000,13.686,14.46,13.686,14.46,414,0
LAB,D,20141110,000000,14.46,14.46,14.46,14.46,1,0
LAB,D,20141112,000000,14.46,14.46,14.46,14.46,30,0
LAB,D,20141113,000000,14.46,14.46,14.46,14.46,105,0
LAB,D,20141114,000000,14.46,14.46,14.46,14.46,2,0
LAB,D,20141117,000000,13.541,14.701,13.541,14.653,501,0
LAB,D,20141128,000000,13.831,14.343,13.453,14.343,252,0
LAB,D,20141203,000000,14.343,14.343,13.443,14.343,127,0
LAB,D,20141205,000000,14.343,14.343,14.343,14.343,2,0
LAB,D,20141209,000000,14.024,14.024,14.024,14.024,2,0
LAB,D,20141210,000000,14.024,14.024,14.024,14.024,2,0
LAB,D,20141211,000000,14.024,14.024,14.024,14.024,2,0
LAB,D,20141212,000000,14.024,14.024,14.024,14.024,2,0
LAB,D,20141215,000000,14.024,14.024,14.024,14.024,2,0
LAB,D,20141216,000000,14.024,14.691,13.531,14.691,358,0
LAB,D,20141217,000000,14.508,14.508,14.508,14.508,2,0
LAB,D,20141218,000000,14.508,14.508,14.508,14.508,2,0
LAB,D,20141219,000000,14.508,14.508,13.686,14.508,126,0
LAB,D,20141222,000000,14.508,14.508,14.508,14.508,2,0
LAB,D,20141223,000000,14.508,14.508,14.508,14.508,2,0
LAB,D,20141229,000000,14.508,14.508,14.508,14.508,2,0
LAB,D,20141230,000000,14.508,14.508,14.024,14.024,111,0
LAB,D,20150102,000000,14.024,14.024,14.024,14.024,5,0
LAB,D,20150105,000000,14.024,14.024,14.024,14.024,2,0
LAB,D,20150107,000000,14.024,14.024,14.024,14.024,2,0
LAB,D,20150108,000000,14.024,14.024,14.024,14.024,2,0
LAB,D,20150109,000000,14.024,14.024,14.024,14.024,2,0
LAB,D,20150112,000000,14.024,14.024,14.024,14.024,2,0
LAB,D,20150113,000000,14.024,14.024,14.024,14.024,2,0
LAB,D,20150114,000000,14.024,14.024,14.024,14.024,2,0
LAB,D,20150115,000000,13.831,13.831,13.637,13.637,10,0
LAB,D,20150116,000000,13.637,13.637,13.637,13.637,2,0
LAB,D,20150119,000000,13.637,13.637,13.637,13.637,1,0
LAB,D,20150120,000000,13.637,13.637,13.637,13.637,2,0
LAB,D,20150121,000000,13.637,13.637,13.637,13.637,2,0
LAB,D,20150122,000000,13.637,13.637,13.637,13.637,1,0
LAB,D,20150123,000000,13.637,13.637,13.637,13.637,1,0
LAB,D,20150126,000000,13.589,13.589,13.589,13.589,114,0
LAB,D,20150127,000000,13.589,13.589,13.589,13.589,2,0
LAB,D,20150128,000000,13.589,13.589,13.589,13.589,2,0
LAB,D,20150129,000000,13.589,13.589,13.589,13.589,3,0
LAB,D,20150130,000000,13.589,13.589,13.589,13.589,2,0
LAB,D,20150202,000000,13.589,13.589,13.589,13.589,2,0
LAB,D,20150203,000000,13.589,13.589,13.589,13.589,2,0
LAB,D,20150204,000000,13.589,13.589,13.589,13.589,1,0
LAB,D,20150205,000000,13.589,13.589,13.589,13.589,2,0
LAB,D,20150206,000000,13.589,14.691,13.589,14.691,388,0
LAB,D,20150209,000000,14.508,14.508,14.508,14.508,54,0
LAB,D,20150210,000000,14.546,14.691,14.546,14.691,129,0
LAB,D,20150211,000000,14.508,14.701,14.508,14.701,84,0
LAB,D,20150212,000000,14.701,14.701,14.701,14.701,1,0
LAB,D,20150213,000000,14.701,14.701,14.701,14.701,1,0
LAB,D,20150216,000000,14.701,14.701,14.411,14.701,104,0
LAB,D,20150217,000000,14.701,14.701,14.701,14.701,1,0
LAB,D,20150218,000000,14.701,14.701,14.701,14.701,63,0
LAB,D,20150219,000000,14.701,14.701,14.701,14.701,1,0
LAB,D,20150220,000000,14.701,14.701,14.701,14.701,1,0
LAB,D,20150223,000000,14.701,14.701,14.701,14.701,1,0
LAB,D,20150224,000000,14.701,14.701,14.701,14.701,1,0
LAB,D,20150225,000000,14.701,14.701,14.701,14.701,1,0
LAB,D,20150226,000000,14.701,14.701,14.701,14.701,2,0
LAB,D,20150227,000000,14.701,14.701,14.701,14.701,1,0
LAB,D,20150302,000000,14.701,14.701,14.701,14.701,1,0
LAB,D,20150303,000000,14.701,14.701,13.541,14.701,153,0
LAB,D,20150304,000000,14.701,14.701,14.701,14.701,1,0
LAB,D,20150305,000000,14.701,14.701,14.701,14.701,1,0
LAB,D,20150306,000000,14.701,14.701,14.701,14.701,1,0
LAB,D,20150309,000000,14.701,14.701,14.701,14.701,1,0
LAB,D,20150310,000000,14.701,14.701,13.057,13.927,219,0
LAB,D,20150313,000000,13.927,13.927,13.927,13.927,52,0
LAB,D,20150316,000000,13.927,13.927,13.927,13.927,52,0
LAB,D,20150317,000000,13.927,13.927,13.927,13.927,1,0
LAB,D,20150318,000000,13.927,13.927,13.927,13.927,1,0
LAB,D,20150319,000000,13.927,13.927,13.927,13.927,1,0
LAB,D,20150320,000000,13.927,13.927,13.927,13.927,1,0
LAB,D,20150323,000000,13.927,13.927,13.927,13.927,1,0
LAB,D,20150324,000000,13.927,13.927,13.927,13.927,1,0
LAB,D,20150325,000000,13.927,13.927,13.927,13.927,2,0
LAB,D,20150326,000000,13.927,13.927,13.927,13.927,1,0
LAB,D,20150327,000000,13.927,13.927,13.927,13.927,1,0
LAB,D,20150330,000000,13.927,13.927,13.927,13.927,1,0
LAB,D,20150331,000000,13.927,13.927,13.927,13.927,1,0
LAB,D,20150401,000000,13.927,13.927,13.927,13.927,1,0
LAB,D,20150402,000000,13.927,13.927,13.927,13.927,1,0
LAB,D,20150407,000000,13.927,13.927,13.541,13.541,16,0
LAB,D,20150408,000000,13.927,13.927,13.153,13.153,11,0
LAB,D,20150409,000000,13.927,13.927,13.927,13.927,1,0
LAB,D,20150410,000000,13.927,13.927,13.927,13.927,1,0
LAB,D,20150413,000000,13.927,13.927,13.927,13.927,1,0
LAB,D,20150414,000000,13.927,13.927,13.927,13.927,1,0
LAB,D,20150415,000000,13.927,13.927,13.927,13.927,1,0
LAB,D,20150416,000000,13.927,13.927,13.927,13.927,1,0
LAB,D,20150417,000000,13.927,13.927,13.927,13.927,1,0
LAB,D,20150420,000000,13.927,13.927,13.927,13.927,1,0
LAB,D,20150421,000000,13.927,13.927,13.927,13.927,1,0
LAB,D,20150422,000000,13.927,13.927,13.927,13.927,1,0
LAB,D,20150423,000000,13.927,13.927,13.927,13.927,1,0
LAB,D,20150424,000000,13.927,13.927,13.927,13.927,1,0
LAB,D,20150427,000000,14.12,14.633,14.12,14.633,124,0
LAB,D,20150504,000000,14.701,14.701,14.701,14.701,1,0
LAB,D,20150506,000000,14.701,14.701,14.701,14.701,1,0
LAB,D,20150508,000000,14.701,14.701,14.701,14.701,1,0
LAB,D,20150518,000000,14.701,14.701,14.701,14.701,2,0
LAB,D,20150521,000000,14.701,14.701,14.701,14.701,2,0
LAB,D,20150525,000000,14.556,14.556,14.556,14.556,5,0
LAB,D,20150526,000000,14.556,14.556,14.556,14.556,1,0
LAB,D,20150527,000000,13.637,14.701,13.637,14.701,108,0
LAB,D,20150528,000000,14.701,15.281,14.691,15.281,420,0
LAB,D,20150529,000000,15.281,15.281,15.281,15.281,1,0
LAB,D,20150601,000000,15.281,15.281,15.281,15.281,1,0
LAB,D,20150602,000000,15.281,15.281,15.281,15.281,17,0
LAB,D,20150603,000000,15.281,15.281,15.281,15.281,1,0
LAB,D,20150605,000000,15.281,15.281,15.281,15.281,5,0
LAB,D,20150608,000000,15.281,15.281,15.281,15.281,1,0
LAB,D,20150609,000000,15.281,15.281,15.281,15.281,1,0
LAB,D,20150610,000000,15.281,15.281,15.281,15.281,2,0
LAB,D,20150611,000000,15.281,15.281,15.281,15.281,1,0
LAB,D,20150612,000000,15.281,15.281,15.281,15.281,1,0
LAB,D,20150615,000000,15.281,15.281,15.281,15.281,1,0
LAB,D,20150616,000000,15.281,15.281,15.281,15.281,1,0
LAB,D,20150617,000000,15.281,15.281,15.281,15.281,78,0
LAB,D,20150618,000000,15.281,15.281,15.281,15.281,1,0
LAB,D,20150619,000000,15.281,15.281,15.281,15.281,1,0
LAB,D,20150622,000000,15.281,15.281,15.281,15.281,1,0
LAB,D,20150623,000000,15.281,15.281,15.281,15.281,1,0
LAB,D,20150624,000000,15.281,15.281,15.281,15.281,1,0
LAB,D,20150625,000000,15.281,15.281,15.281,15.281,2,0
LAB,D,20150626,000000,15.281,15.281,15.281,15.281,2,0
LAB,D,20150629,000000,15.281,15.281,15.281,15.281,1,0
LAB,D,20150630,000000,15.281,15.281,15.281,15.281,1,0
LAB,D,20150701,000000,15.281,15.281,15.281,15.281,1,0
LAB,D,20150702,000000,15.281,15.281,15.281,15.281,1,0
LAB,D,20150703,000000,15.281,15.281,15.281,15.281,5,0
LAB,D,20150706,000000,15.281,15.281,15.281,15.281,3,0
LAB,D,20150707,000000,15.281,15.281,15.281,15.281,5,0
LAB,D,20150708,000000,15.281,15.281,15.281,15.281,3,0
LAB,D,20150709,000000,15.281,15.281,15.281,15.281,5,0
LAB,D,20150710,000000,15.281,15.281,15.281,15.281,2,0
LAB,D,20150713,000000,15.281,15.281,15.281,15.281,1,0
LAB,D,20150714,000000,15.281,15.281,15.281,15.281,1,0
LAB,D,20150715,000000,15.281,15.281,15.281,15.281,1,0
LAB,D,20150716,000000,15.281,15.281,15.281,15.281,1,0
LAB,D,20150717,000000,15.281,15.281,15.281,15.281,1,0
LAB,D,20150720,000000,15.281,15.281,15.281,15.281,5,0
LAB,D,20150721,000000,15.281,15.281,15.281,15.281,5,0
LAB,D,20150722,000000,15.281,15.281,15.281,15.281,5,0
LAB,D,20150723,000000,15.281,15.281,15.281,15.281,1,0
LAB,D,20150724,000000,15.281,15.281,15.281,15.281,1,0
LAB,D,20150727,000000,15.281,15.281,15.281,15.281,1,0
LAB,D,20150728,000000,15.281,15.281,15.281,15.281,1,0
LAB,D,20150729,000000,15.281,15.281,15.281,15.281,1,0
LAB,D,20150730,000000,15.281,15.281,15.281,15.281,1,0
LAB,D,20150731,000000,15.281,15.281,15.281,15.281,1,0
LAB,D,20150803,000000,15.281,15.281,15.281,15.281,1,0
LAB,D,20150804,000000,15.281,15.281,15.281,15.281,1,0
LAB,D,20150805,000000,15.281,15.281,15.281,15.281,1,0
LAB,D,20150806,000000,15.281,15.281,15.281,15.281,1,0
LAB,D,20150807,000000,15.281,15.281,15.281,15.281,1,0
LAB,D,20150810,000000,15.281,15.281,15.281,15.281,1,0
LAB,D,20150811,000000,15.281,15.281,15.281,15.281,1,0
LAB,D,20150812,000000,15.281,15.281,15.281,15.281,1,0
LAB,D,20150813,000000,15.281,15.281,15.281,15.281,1,0
LAB,D,20150814,000000,15.281,15.281,15.272,15.281,53,0
LAB,D,20150817,000000,15.281,15.281,15.281,15.281,3,0
LAB,D,20150818,000000,15.281,15.281,14.808,15.272,58,0
LAB,D,20150819,000000,15.281,15.281,15.281,15.281,2,0
LAB,D,20150820,000000,15.281,15.281,15.281,15.281,1,0
LAB,D,20150821,000000,15.281,15.281,15.281,15.281,1,0
LAB,D,20150824,000000,15.281,15.281,15.281,15.281,1,0
LAB,D,20150825,000000,15.281,15.281,15.281,15.281,2,0
LAB,D,20150826,000000,15.281,15.281,15.281,15.281,1,0
LAB,D,20150827,000000,15.281,15.281,14.508,15.281,99,0
LAB,D,20150910,000000,15.088,15.088,15.088,15.088,130,0
LAB,D,20150911,000000,15.088,15.088,15.088,15.088,1,0
LAB,D,20150914,000000,15.088,15.088,15.088,15.088,1,0
LAB,D,20150915,000000,15.088,15.088,15.088,15.088,1,0
LAB,D,20150916,000000,15.088,15.088,15.088,15.088,1,0
LAB,D,20150917,000000,15.088,15.088,15.088,15.088,1,0
LAB,D,20150918,000000,15.088,15.088,15.088,15.088,1,0
LAB,D,20150921,000000,15.088,15.088,15.088,15.088,1,0
LAB,D,20150922,000000,15.088,15.088,15.088,15.088,1,0
LAB,D,20150923,000000,15.088,15.088,15.088,15.088,2,0
LAB,D,20150924,000000,15.088,15.088,15.088,15.088,2,0
LAB,D,20150925,000000,15.088,15.088,15.088,15.088,2,0
LAB,D,20150928,000000,15.088,15.088,15.088,15.088,1,0
LAB,D,20150929,000000,15.088,15.088,15.088,15.088,1,0
LAB,D,20150930,000000,15.088,15.088,15.088,15.088,1,0
LAB,D,20151001,000000,15.088,15.088,15.088,15.088,1,0
LAB,D,20151002,000000,15.088,15.088,15.088,15.088,1,0
LAB,D,20151005,000000,15.088,15.088,15.088,15.088,1,0
LAB,D,20151006,000000,15.088,15.088,15.088,15.088,4,0
LAB,D,20151007,000000,15.088,15.088,15.088,15.088,2,0
LAB,D,20151008,000000,15.088,15.088,15.088,15.088,1,0
LAB,D,20151009,000000,15.088,15.088,15.088,15.088,1,0
LAB,D,20151012,000000,15.088,15.088,15.088,15.088,1,0
LAB,D,20151013,000000,15.088,15.088,15.088,15.088,2,0
LAB,D,20151014,000000,15.088,15.088,15.088,15.088,24,0
LAB,D,20151015,000000,15.088,15.088,15.088,15.088,17,0
LAB,D,20151016,000000,15.088,15.088,15.088,15.088,22,0
LAB,D,20151019,000000,15.281,15.475,15.088,15.088,1068,0
LAB,D,20151020,000000,15.088,15.088,15.088,15.088,31,0
LAB,D,20151021,000000,14.894,14.894,14.508,14.508,72,0
LAB,D,20151022,000000,14.508,14.508,14.508,14.508,36,0
LAB,D,20151023,000000,14.605,14.605,14.556,14.556,457,0
LAB,D,20151026,000000,14.585,14.991,14.585,14.846,486,0
LAB,D,20151027,000000,14.846,14.846,14.217,14.508,656,0
LAB,D,20151028,000000,14.488,14.701,13.608,14.701,734,0
LAB,D,20151029,000000,14.314,14.691,13.618,14.691,797,0
LAB,D,20151030,000000,14.46,14.585,14.024,14.556,729,0
LAB,D,20151102,000000,14.314,14.508,14.188,14.508,900,0
LAB,D,20151103,000000,14.092,14.488,14.092,14.488,828,0
LAB,D,20151104,000000,14.478,14.478,14.14,14.411,751,0
LAB,D,20151105,000000,14.169,14.362,14.159,14.362,832,0
LAB,D,20151106,000000,14.353,14.353,14.169,14.169,684,0
LAB,D,20151109,000000,14.257,14.257,14.15,14.15,715,0
LAB,D,20151110,000000,14.198,14.198,14.053,14.15,692,0
LAB,D,20151112,000000,14.044,14.179,13.696,14.14,481,0
LAB,D,20151113,000000,13.927,14.072,13.628,14.072,579,0
LAB,D,20151116,000000,14.072,14.072,13.831,14.014,367,0
LAB,D,20151117,000000,14.024,14.024,14.004,14.004,434,0
LAB,D,20151118,000000,14.004,14.004,13.985,13.985,547,0
LAB,D,20151119,000000,13.976,13.976,13.744,13.976,691,0
LAB,D,20151120,000000,13.966,13.966,13.966,13.966,612,0
LAB,D,20151123,000000,13.956,13.956,13.55,13.879,1190,0
LAB,D,20151124,000000,13.917,13.917,13.821,13.821,595,0
LAB,D,20151125,000000,13.55,13.782,13.541,13.782,478,0
LAB,D,20151126,000000,13.782,13.908,13.541,13.908,2228,0
LAB,D,20151127,000000,13.927,13.927,13.541,13.917,1198,0
LAB,D,20151130,000000,13.917,13.917,13.541,13.879,351,0
LAB,D,20151201,000000,13.492,13.869,13.27,13.859,661,0
LAB,D,20151202,000000,13.869,13.869,13.541,13.859,527,0
LAB,D,20151203,000000,13.541,13.879,13.163,13.879,467,0
LAB,D,20151204,000000,13.879,13.879,13.115,13.869,421,0
LAB,D,20151207,000000,13.869,13.869,13.057,13.859,418,0
LAB,D,20151208,000000,13.057,13.734,12.932,13.734,419,0
LAB,D,20151209,000000,13.734,13.869,12.486,13.85,804,0
LAB,D,20151210,000000,13.057,13.831,12.574,13.831,740,0
LAB,D,20151211,000000,13.347,13.84,12.95,13.801,333,0
LAB,D,20151214,000000,12.912,13.55,12.574,13.55,1152,0
LAB,D,20151215,000000,12.719,13.473,12.622,13.463,274,0
LAB,D,20151216,000000,12.476,14.014,12.283,14.014,957,0
LAB,D,20151217,000000,14.014,14.478,14.004,14.478,1314,0
LAB,D,20151218,000000,13.831,14.478,13.734,14.411,1519,0
LAB,D,20151221,000000,14.45,14.45,14.43,14.43,116,0
LAB,D,20151222,000000,14.749,14.749,12.96,13.057,4289,0
LAB,D,20151223,000000,12.428,12.428,11.838,11.838,1088,0
LAB,D,20151228,000000,12.96,12.96,11.335,11.335,664,0
LAB,D,20151229,000000,11.335,11.335,11.054,11.054,1370,0
LAB,D,20151230,000000,10.638,10.638,9.729,10.194,4502,0
LAB,D,20160104,000000,9.681,10.581,9.662,10.581,21500,0
LAB,D,20160105,000000,10.01,10.01,9.952,9.952,604,0
LAB,D,20160107,000000,10.136,10.349,10.059,10.349,2047,0
LAB,D,20160108,000000,10.349,10.349,10.087,10.204,2903,0
LAB,D,20160111,000000,10.204,10.204,10.204,10.204,2,0
LAB,D,20160112,000000,10.204,10.33,10.204,10.33,14,0
LAB,D,20160113,000000,10.204,10.33,10.204,10.33,10,0
LAB,D,20160114,000000,10.204,10.33,10.204,10.33,3,0
LAB,D,20160115,000000,10.33,10.33,10.33,10.33,7,0
LAB,D,20160118,000000,10.32,10.32,10.3,10.3,4,0
LAB,D,20160119,000000,10.3,10.3,10.213,10.3,85,0
LAB,D,20160120,000000,10.3,10.3,9.826,9.826,1551,0
LAB,D,20160121,000000,9.769,10.155,9.671,10.039,872,0
LAB,D,20160122,000000,10.049,10.049,10.029,10.029,2,0
LAB,D,20160125,000000,10.049,10.049,9.865,10.039,54,0
LAB,D,20160126,000000,10.029,10.029,9.865,9.865,3,0
LAB,D,20160127,000000,10.049,10.049,9.865,9.865,8,0
LAB,D,20160128,000000,10.049,10.049,10.049,10.049,1,0
LAB,D,20160129,000000,10.049,10.049,10.039,10.039,57,0
LAB,D,20160201,000000,10.049,10.049,10.029,10.029,3,0
LAB,D,20160202,000000,10.029,10.029,10.029,10.029,2,0
LAB,D,20160203,000000,10.029,10.029,9.4682,9.769,3770,0
LAB,D,20160204,000000,9.807,9.807,9.769,9.769,9,0
LAB,D,20160205,000000,9.807,9.807,9.671,9.671,9,0
LAB,D,20160208,000000,9.759,9.769,9.759,9.759,33,0
LAB,D,20160209,000000,9.769,9.769,9.769,9.769,334,0
LAB,D,20160210,000000,9.807,9.807,9.759,9.759,5,0
LAB,D,20160211,000000,9.759,9.759,9.759,9.759,2,0
LAB,D,20160212,000000,9.759,9.769,9.759,9.759,24,0
LAB,D,20160215,000000,9.759,9.759,9.759,9.759,2,0
LAB,D,20160216,000000,9.759,9.952,9.3814,9.952,8158,0
LAB,D,20160217,000000,9.807,9.807,9.807,9.807,53,0
LAB,D,20160218,000000,9.807,9.807,9.807,9.807,3,0
LAB,D,20160219,000000,9.807,9.807,9.807,9.807,1,0
LAB,D,20160222,000000,9.807,9.807,9.807,9.807,1,0
LAB,D,20160223,000000,9.807,9.807,9.807,9.807,3,0
LAB,D,20160224,000000,9.807,9.807,9.671,9.671,23,0
LAB,D,20160225,000000,9.807,9.807,9.671,9.797,51,0
LAB,D,20160226,000000,9.807,9.807,9.788,9.788,18,0
LAB,D,20160229,000000,9.788,9.797,9.788,9.788,20,0
LAB,D,20160301,000000,9.788,9.797,9.788,9.788,18,0
LAB,D,20160302,000000,9.788,9.797,9.788,9.788,16,0
LAB,D,20160303,000000,9.788,9.788,9.788,9.788,4,0
LAB,D,20160304,000000,9.788,9.788,9.788,9.788,3,0
LAB,D,20160307,000000,9.788,10.3,9.788,10.3,137,0
LAB,D,20160308,000000,9.807,9.807,9.788,9.797,73,0
LAB,D,20160309,000000,9.807,9.807,9.788,9.797,47,0
LAB,D,20160310,000000,9.807,9.807,9.788,9.797,47,0
LAB,D,20160311,000000,9.807,10.358,9.788,10.358,4647,0
LAB,D,20160314,000000,10.358,10.533,10.349,10.533,1342,0
LAB,D,20160315,000000,10.475,10.765,10.445,10.765,1627,0
LAB,D,20160316,000000,10.765,10.891,10.765,10.891,11,0
LAB,D,20160317,000000,10.765,10.765,10.765,10.765,1,0
LAB,D,20160318,000000,10.765,11.199,10.765,11.199,1940,0
LAB,D,20160321,000000,11.113,11.19,11.113,11.19,68,0
LAB,D,20160322,000000,11.19,11.19,10.9,11.19,1510,0
LAB,D,20160323,000000,11.016,11.026,10.445,11.026,1703,0
LAB,D,20160324,000000,10.638,11.113,10.542,11.113,1432,0
LAB,D,20160329,000000,11.016,11.016,10.194,10.493,1625,0
LAB,D,20160330,000000,10.61,10.61,10.61,10.61,5,0
LAB,D,20160331,000000,10.61,10.61,10.61,10.61,1,0
LAB,D,20160401,000000,10.61,10.968,10.6,10.968,2282,0
LAB,D,20160404,000000,10.958,10.958,10.919,10.958,18,0
LAB,D,20160405,000000,10.958,10.958,10.833,10.919,1040,0
LAB,D,20160406,000000,10.919,10.919,10.919,10.919,18,0
LAB,D,20160407,000000,10.919,10.919,10.91,10.91,14,0
LAB,D,20160408,000000,10.91,10.91,10.91,10.91,2,0
LAB,D,20160411,000000,10.91,10.919,10.91,10.91,10,0
LAB,D,20160412,000000,10.91,10.91,10.726,10.726,8,0
LAB,D,20160413,000000,10.726,10.91,10.638,10.91,149,0
LAB,D,20160414,000000,10.91,10.91,10.736,10.881,54,0
LAB,D,20160415,000000,10.91,10.91,10.871,10.871,12,0
LAB,D,20160418,000000,10.871,10.91,10.871,10.91,44,0
LAB,D,20160419,000000,10.91,10.91,10.91,10.91,2,0
LAB,D,20160420,000000,10.881,10.91,10.881,10.91,4,0
LAB,D,20160421,000000,10.91,10.91,10.871,10.91,18,0
LAB,D,20160422,000000,10.91,10.91,10.881,10.91,16,0
LAB,D,20160425,000000,10.91,10.91,10.881,10.91,8,0
LAB,D,20160426,000000,10.91,10.91,10.881,10.91,14,0
LAB,D,20160427,000000,10.91,10.91,10.91,10.91,2,0
LAB,D,20160428,000000,10.91,10.91,10.871,10.871,24,0
LAB,D,20160429,000000,10.871,10.871,10.871,10.871,13,0
LAB,D,20160502,000000,10.871,10.871,10.871,10.871,13,0
LAB,D,20160504,000000,10.871,10.871,10.784,10.784,7,0
LAB,D,20160505,000000,10.871,10.871,10.784,10.784,6,0
LAB,D,20160506,000000,10.871,10.91,10.736,10.91,179,0
LAB,D,20160509,000000,10.91,10.91,10.881,10.91,13,0
LAB,D,20160510,000000,10.91,11.199,10.91,11.199,921,0
LAB,D,20160511,000000,10.968,10.968,9.962,10.059,3654,0
LAB,D,20160512,000000,10.155,10.155,10.059,10.059,9,0
LAB,D,20160513,000000,10.049,10.833,10.049,10.688,1822,0
LAB,D,20160516,000000,10.542,10.542,10.542,10.542,1,0
LAB,D,20160517,000000,10.542,10.562,10.523,10.523,317,0
LAB,D,20160518,000000,10.542,10.542,10.533,10.533,6,0
LAB,D,20160519,000000,10.542,10.688,10.533,10.688,11,0
LAB,D,20160520,000000,10.542,10.542,10.523,10.523,7,0
LAB,D,20160523,000000,10.523,10.533,10.523,10.523,107,0
LAB,D,20160524,000000,10.523,10.523,10.523,10.523,2,0
LAB,D,20160525,000000,10.523,10.523,10.523,10.523,2,0
LAB,D,20160527,000000,10.523,10.523,10.523,10.523,2,0
LAB,D,20160530,000000,10.523,10.533,10.523,10.523,24,0
LAB,D,20160531,000000,10.523,10.523,10.523,10.523,2,0
LAB,D,20160601,000000,10.523,10.523,9.478,9.478,2340,0
LAB,D,20160602,000000,9.575,9.614,9.1881,9.614,1103,0
LAB,D,20160603,000000,9.614,9.623,9.614,9.614,13,0
LAB,D,20160606,000000,9.614,9.623,9.614,9.614,27,0
LAB,D,20160607,000000,9.614,9.623,9.614,9.614,37,0
LAB,D,20160608,000000,9.614,9.623,9.614,9.614,7,0
LAB,D,20160609,000000,9.614,9.623,9.614,9.614,42,0
LAB,D,20160610,000000,9.4495,9.614,9.4495,9.614,10,0
LAB,D,20160613,000000,9.614,9.614,9.614,9.614,2,0
LAB,D,20160614,000000,9.614,9.623,9.614,9.614,10,0
LAB,D,20160615,000000,9.614,9.623,9.614,9.623,41,0
LAB,D,20160616,000000,9.691,9.691,9.623,9.623,27,0
LAB,D,20160617,000000,9.614,9.623,9.594,9.594,33,0
LAB,D,20160620,000000,9.594,9.623,9.594,9.614,21,0
LAB,D,20160621,000000,9.614,9.614,9.614,9.614,2,0
LAB,D,20160622,000000,9.614,10.523,9.614,10.039,1660,0
LAB,D,20160623,000000,10.039,10.049,10.039,10.039,68,0
LAB,D,20160624,000000,10.039,10.039,10.039,10.039,2,0
LAB,D,20160627,000000,9.671,9.671,9.662,9.671,54,0
LAB,D,20160628,000000,9.671,9.671,9.662,9.662,12,0
LAB,D,20160629,000000,9.623,9.623,8.7045,8.7045,2847,0
LAB,D,20160630,000000,8.8786,9.1204,8.7045,8.956,1036,0
LAB,D,20160701,000000,8.956,8.956,8.956,8.956,2,0
LAB,D,20160704,000000,8.956,8.956,8.9463,8.9463,2,0
LAB,D,20160705,000000,8.9463,8.9463,8.9463,8.9463,421,0
LAB,D,20160706,000000,8.9463,8.9463,8.9366,8.9366,2,0
LAB,D,20160707,000000,8.9366,8.9463,8.9366,8.9366,7,0
LAB,D,20160708,000000,8.9366,8.9463,8.9366,8.9366,16,0
LAB,D,20160711,000000,8.9366,8.9463,8.9366,8.9463,7,0
LAB,D,20160712,000000,8.9463,8.9463,8.9366,8.9366,10,0
LAB,D,20160713,000000,8.9366,8.9463,8.9366,8.9366,10,0
LAB,D,20160714,000000,8.9366,8.9366,8.9366,8.9366,2,0
LAB,D,20160715,000000,8.9366,8.9463,8.9366,8.9366,4,0
LAB,D,20160718,000000,8.9366,8.9463,8.9366,8.9366,14,0
LAB,D,20160719,000000,8.9366,8.9463,8.8496,8.8496,28,0
LAB,D,20160720,000000,8.8496,8.9463,8.7528,8.9463,82,0
LAB,D,20160721,000000,8.9463,8.9463,8.0565,8.0565,4327,0
LAB,D,20160722,000000,8.5691,8.5691,7.7857,8.308,1038,0
LAB,D,20160725,000000,8.308,8.308,7.9307,8.0081,1227,0
LAB,D,20160726,000000,8.0565,8.221,8.0565,8.221,52,0
LAB,D,20160727,000000,8.1243,8.1243,8.1243,8.1243,2,0
LAB,D,20160728,000000,8.1243,8.1243,7.805,8.1243,22,0
LAB,D,20160729,000000,8.1243,8.221,8.1243,8.221,2,0
LAB,D,20160801,000000,8.1243,8.221,8.1243,8.221,2,0
LAB,D,20160802,000000,8.221,8.221,8.0276,8.0276,8,0
LAB,D,20160803,000000,8.0276,8.0276,8.0276,8.0276,2,0
LAB,D,20160804,000000,8.0276,8.1145,8.0276,8.1048,74,0
LAB,D,20160805,000000,8.1048,8.1145,8.1048,8.1048,13,0
LAB,D,20160808,000000,8.1048,8.1048,8.1048,8.1048,2,0
LAB,D,20160809,000000,8.1048,8.1145,8.1048,8.1048,14,0
LAB,D,20160810,000000,8.1048,8.1048,8.1048,8.1048,2,0
LAB,D,20160811,000000,8.1048,8.1145,7.7373,8.1048,1206,0
LAB,D,20160812,000000,7.9985,8.1048,7.9985,8.1048,2,0
LAB,D,20160816,000000,7.9985,8.1048,7.9985,8.1048,1036,0
LAB,D,20160817,000000,8.1048,8.1048,8.1048,8.1048,2,0
LAB,D,20160818,000000,8.1048,8.1436,8.1048,8.1436,135,0
LAB,D,20160819,000000,8.1436,8.2693,8.1436,8.2693,2272,0
LAB,D,20160822,000000,8.2693,8.4144,8.2306,8.4144,1095,0
LAB,D,20160823,000000,8.4144,8.4144,8.4144,8.4144,2,0
LAB,D,20160824,000000,8.4144,8.5691,8.2306,8.5691,553,0
LAB,D,20160825,000000,8.5304,8.5691,8.5304,8.5691,2,0
LAB,D,20160826,000000,8.5304,8.5304,8.5208,8.5208,2,0
LAB,D,20160829,000000,8.5208,8.5208,8.5208,8.5208,2,0
LAB,D,20160830,000000,8.5208,8.5208,8.5208,8.5208,2,0
LAB,D,20160831,000000,8.5208,8.5691,8.5208,8.5691,22,0
LAB,D,20160901,000000,8.5304,8.7045,8.5304,8.7045,2,0
LAB,D,20160902,000000,8.5304,8.5304,8.5111,8.5111,7,0
LAB,D,20160905,000000,8.5111,8.5111,8.1243,8.4144,420,0
LAB,D,20160906,000000,8.5111,8.5111,8.366,8.366,16,0
LAB,D,20160907,000000,8.5111,8.5111,8.1243,8.3177,397,0
LAB,D,20160908,000000,8.3177,8.3177,8.2693,8.3177,30,0
LAB,D,20160909,000000,8.3177,8.3177,8.1243,8.1243,181,0
LAB,D,20160912,000000,8.2596,8.3563,8.1243,8.3563,100,0
LAB,D,20160913,000000,8.3563,8.366,8.3563,8.3563,167,0
LAB,D,20160914,000000,8.3563,8.3563,8.1243,8.1243,33,0
LAB,D,20160915,000000,8.3563,8.366,8.1243,8.1243,141,0
LAB,D,20160916,000000,7.9888,8.3177,7.9888,8.3177,16,0
LAB,D,20160919,000000,8.3177,8.366,8.1243,8.366,73,0
LAB,D,20160920,000000,8.366,8.366,8.366,8.366,6,0
LAB,D,20160921,000000,8.3757,8.3757,8.366,8.3757,17,0
LAB,D,20160922,000000,8.3757,8.3757,8.366,8.366,37,0
LAB,D,20160923,000000,8.3757,8.3757,8.3563,8.3563,6,0
LAB,D,20160926,000000,8.3563,8.3563,8.3563,8.3563,2,0
LAB,D,20160927,000000,8.3563,8.3563,8.3563,8.3563,7,0
LAB,D,20160928,000000,8.3563,8.3563,8.3563,8.3563,2,0
LAB,D,20160929,000000,8.3563,8.3563,7.5923,7.689,2845,0
LAB,D,20160930,000000,7.689,8.0565,7.689,8.0469,365,0
LAB,D,20161003,000000,8.0469,8.0565,7.6793,8.0469,1969,0
LAB,D,20161004,000000,7.7664,7.7664,7.6793,7.6793,12,0
LAB,D,20161005,000000,7.6793,8.0469,7.6793,7.7373,5727,0
LAB,D,20161006,000000,7.9211,7.9211,7.4956,7.6406,1012,0
LAB,D,20161007,000000,7.5633,7.6406,7.5633,7.6406,2,0
LAB,D,20161010,000000,7.5633,7.7857,6.8766,7.2538,4954,0
LAB,D,20161011,000000,7.3505,7.3505,6.7702,6.7702,7386,0
LAB,D,20161012,000000,6.6831,7.0507,6.6348,6.9153,4990,0
LAB,D,20161013,000000,6.9153,7.012,6.48,7.012,3669,0
LAB,D,20161014,000000,7.0023,7.0023,6.6735,6.9153,1242,0
LAB,D,20161017,000000,6.9153,6.9153,6.9153,6.9153,2,0
LAB,D,20161018,000000,6.9153,6.9153,6.8959,6.8959,120,0
LAB,D,20161019,000000,6.8959,6.8959,6.8959,6.8959,2,0
LAB,D,20161020,000000,6.8959,6.8959,6.8959,6.8959,2,0
LAB,D,20161021,000000,6.8959,6.8959,6.8959,6.8959,2,0
LAB,D,20161024,000000,6.8959,7.3505,6.8959,7.3505,2358,0
LAB,D,20161025,000000,7.1281,7.2054,7.1087,7.1087,2848,0
LAB,D,20161026,000000,7.4375,7.5439,7.4375,7.5439,2,0
LAB,D,20161027,000000,7.4375,7.4375,7.3408,7.3408,12,0
LAB,D,20161028,000000,7.2538,7.2538,7.2538,7.2538,4,0
LAB,D,20161031,000000,7.2538,7.2538,7.2441,7.2441,2,0
LAB,D,20161102,000000,7.2441,7.2441,7.2344,7.2344,22,0
LAB,D,20161103,000000,7.2441,7.6987,6.9153,7.6987,2680,0
LAB,D,20161104,000000,7.66,7.6987,7.66,7.6987,2,0
LAB,D,20161107,000000,7.66,7.6987,7.66,7.6987,2,0
LAB,D,20161108,000000,7.66,7.66,7.3022,7.3022,2128,0
LAB,D,20161109,000000,7.4085,7.4085,7.4085,7.4085,1,0
LAB,D,20161110,000000,6.9153,7.2054,6.7702,6.8669,2911,0
LAB,D,20161114,000000,7.0023,7.0023,7.0023,7.0023,1,0
LAB,D,20161115,000000,7.0023,7.1087,7.0023,7.1087,1500,0
LAB,D,20161116,000000,7.3118,7.6987,6.9636,7.2538,5739,0
LAB,D,20161117,000000,7.2054,7.3022,7.2054,7.3022,3,0
LAB,D,20161118,000000,7.3022,7.3022,7.2054,7.3022,1036,0
LAB,D,20161121,000000,7.3022,7.3022,7.3022,7.3022,10,0
LAB,D,20161122,000000,7.3022,7.3022,7.3022,7.3022,2,0
LAB,D,20161123,000000,7.3022,7.3022,7.3022,7.3022,2,0
LAB,D,20161124,000000,7.3022,7.3118,6.9636,6.9636,2246,0
LAB,D,20161125,000000,6.9829,6.9829,6.6251,6.6251,2380,0
LAB,D,20161128,000000,6.6735,6.9153,6.6735,6.8766,2555,0
LAB,D,20161129,000000,6.8766,6.8766,6.4316,6.4316,3103,0
LAB,D,20161130,000000,6.6445,6.6445,6.6057,6.6057,3,0
LAB,D,20161201,000000,6.6057,6.6251,6.48,6.6251,1209,0
LAB,D,20161202,000000,6.6251,6.6251,6.6251,6.6251,2,0
LAB,D,20161205,000000,6.6251,6.6348,6.2866,6.6251,3302,0
LAB,D,20161206,000000,6.4413,6.7702,6.4413,6.7702,3760,0
LAB,D,20161207,000000,6.7895,7.041,6.7895,7.041,1499,0
LAB,D,20161208,000000,7.0507,7.0507,6.5478,6.5478,3252,0
LAB,D,20161209,000000,6.6735,6.6735,6.6735,6.6735,1153,0
LAB,D,20161212,000000,6.7992,6.7992,6.6735,6.6735,32,0
LAB,D,20161213,000000,6.7992,6.7992,6.6638,6.6638,20,0
LAB,D,20161214,000000,6.6638,6.6638,6.6638,6.6638,55,0
LAB,D,20161215,000000,6.6638,6.6735,6.6638,6.6638,17,0
LAB,D,20161216,000000,6.6638,7.157,6.6638,7.157,4658,0
LAB,D,20161219,000000,7.0023,7.157,6.9926,7.157,1488,0
LAB,D,20161220,000000,7.0023,7.0023,6.5187,6.8572,3981,0
LAB,D,20161221,000000,6.7509,6.8572,6.7509,6.8572,2,0
LAB,D,20161222,000000,6.7509,6.7509,6.48,6.48,5,0
LAB,D,20161223,000000,6.48,6.6735,6.48,6.6735,3,0
LAB,D,20161227,000000,6.7509,6.7509,6.6542,6.6638,3107,0
LAB,D,20161228,000000,6.6638,6.8572,6.48,6.8572,48,0
LAB,D,20161229,000000,6.7509,6.7509,6.6542,6.6542,11,0
LAB,D,20161230,000000,6.6542,6.6542,6.364,6.364,2322,0
LAB,D,20170102,000000,6.48,6.5284,6.48,6.5284,2,0
LAB,D,20170103,000000,6.5284,6.5284,6.5284,6.5284,2,0
LAB,D,20170104,000000,6.48,6.5768,6.48,6.5768,2174,0
LAB,D,20170105,000000,6.5768,6.5768,6.5768,6.5768,2,0
LAB,D,20170109,000000,6.5768,6.6542,6.5768,6.6542,6047,0
LAB,D,20170110,000000,6.6542,6.6542,6.6445,6.6445,20,0
LAB,D,20170111,000000,6.6445,6.6542,6.6445,6.6445,13,0
LAB,D,20170112,000000,6.6445,6.8572,6.6445,6.8572,6,0
LAB,D,20170113,000000,6.8572,6.8572,6.6348,6.6348,2,0
LAB,D,20170116,000000,6.6348,6.6348,6.6348,6.6348,2,0
LAB,D,20170117,000000,6.6348,6.6542,6.6348,6.6348,14,0
LAB,D,20170118,000000,6.6348,6.8572,6.4316,6.8572,3476,0
LAB,D,20170119,000000,6.7025,6.7025,6.2866,6.2963,6205,0
LAB,D,20170120,000000,6.3059,6.5961,6.3059,6.5961,1570,0
LAB,D,20170123,000000,6.7605,6.7605,6.6928,6.6928,2,0
LAB,D,20170124,000000,6.6928,6.6928,6.0932,6.1125,5290,0
LAB,D,20170125,000000,6.2866,6.8476,6.2866,6.8476,2192,0
LAB,D,20170126,000000,6.7992,7.4472,6.7992,7.3505,1984,0
LAB,D,20170127,000000,7.1087,7.6987,7.1087,7.4472,2943,0
LAB,D,20170130,000000,7.4085,7.6406,7.4085,7.6406,27,0
LAB,D,20170131,000000,7.6987,7.9695,7.4472,7.9598,2956,0
LAB,D,20170201,000000,7.9695,7.9695,7.3989,7.3989,3800,0
LAB,D,20170202,000000,7.3989,7.66,6.8669,6.9153,6231,0
LAB,D,20170203,000000,6.9153,6.925,6.6735,6.7315,2141,0
LAB,D,20170206,000000,6.6348,6.8476,6.6348,6.8476,3,0
LAB,D,20170207,000000,6.8476,7.041,6.8476,7.041,2217,0
LAB,D,20170208,000000,7.041,7.041,7.041,7.041,2,0
LAB,D,20170209,000000,7.041,7.6406,7.041,7.6406,2933,0
LAB,D,20170210,000000,7.9307,8.221,7.6406,8.221,270,0
LAB,D,20170213,000000,8.221,8.6078,8.1243,8.5594,343,0
LAB,D,20170214,000000,8.5594,9.1881,8.5401,9.1881,1933,0
LAB,D,20170215,000000,9.566,9.566,8.3951,8.3951,2382,0
LAB,D,20170216,000000,8.5304,8.5304,8.4047,8.4047,15,0
LAB,D,20170217,000000,8.5304,8.898,8.4047,8.898,1800,0
LAB,D,20170220,000000,8.8302,8.8302,8.8302,8.8302,2,0
LAB,D,20170221,000000,8.8302,9.711,8.7142,9.711,3319,0
LAB,D,20170222,000000,9.2848,9.894,9.2848,9.894,2166,0
LAB,D,20170223,000000,10.097,10.097,9.623,9.972,456,0
LAB,D,20170224,000000,10.059,10.059,9.4978,9.4978,1601,0
LAB,D,20170227,000000,9.1881,9.478,9.1881,9.478,17,0
LAB,D,20170228,000000,9.4978,9.526,9.4978,9.526,238,0
LAB,D,20170301,000000,9.526,9.72,9.1107,9.72,141,0
LAB,D,20170302,000000,9.72,9.72,9.536,9.72,18,0
LAB,D,20170303,000000,9.4593,9.4593,9.4593,9.4593,73,0
LAB,D,20170306,000000,9.4593,9.4593,9.4593,9.4593,1,0
LAB,D,20170307,000000,9.4593,9.4593,9.0914,9.3332,225,0
LAB,D,20170308,000000,9.3332,9.3332,9.3332,9.3332,15,0
LAB,D,20170309,000000,9.3332,9.3814,9.3332,9.3814,1046,0
LAB,D,20170310,000000,9.3814,9.3814,9.3814,9.3814,13,0
LAB,D,20170313,000000,9.3814,9.3814,9.3814,9.3814,19,0
LAB,D,20170314,000000,9.3814,9.3814,9.3814,9.3814,17,0
LAB,D,20170315,000000,9.3814,9.3814,9.3716,9.3814,15,0
LAB,D,20170316,000000,9.3814,9.3814,9.3716,9.3814,20,0
LAB,D,20170317,000000,9.3913,9.3913,9.3716,9.3716,20,0
LAB,D,20170320,000000,9.3814,9.3814,9.1881,9.3716,2762,0
LAB,D,20170321,000000,9.3814,9.3814,9.1881,9.1881,8,0
LAB,D,20170322,000000,9.3814,9.3814,9.1881,9.1881,13,0
LAB,D,20170323,000000,9.3814,9.3814,9.1881,9.1881,29,0
LAB,D,20170324,000000,9.3814,9.3814,8.7045,8.9463,1867,0
LAB,D,20170327,000000,8.6561,8.9463,8.6561,8.9463,885,0
LAB,D,20170328,000000,8.9463,8.9463,8.7045,8.7045,12,0
LAB,D,20170329,000000,8.7819,8.7819,8.6949,8.6949,20,0
LAB,D,20170330,000000,8.6949,8.7045,8.6949,8.6949,8,0
LAB,D,20170331,000000,8.6949,8.6949,8.366,8.4144,906,0
LAB,D,20170403,000000,8.5304,8.5304,8.1243,8.1243,933,0
LAB,D,20170404,000000,8.221,8.221,8.221,8.221,4,0
LAB,D,20170405,000000,8.1339,8.1339,7.7471,8.1339,245,0
LAB,D,20170406,000000,8.1339,8.1339,7.6406,7.6406,1999,0
LAB,D,20170407,000000,7.8631,7.8631,7.4956,7.6406,1063,0
LAB,D,20170410,000000,7.6309,7.6309,7.6309,7.6309,415,0
LAB,D,20170411,000000,7.6309,8.0759,7.6309,8.0759,1956,0
LAB,D,20170412,000000,7.7857,8.0759,7.7857,8.0759,1746,0
LAB,D,20170413,000000,8.0469,8.4144,8.0469,8.4144,1879,0
LAB,D,20170418,000000,8.2693,8.6949,8.2693,8.6949,973,0
LAB,D,20170419,000000,8.5304,8.6949,8.5304,8.6949,2,0
LAB,D,20170420,000000,8.6949,8.8013,8.5594,8.8013,410,0
LAB,D,20170421,000000,8.8013,8.8013,8.8013,8.8013,2,0
LAB,D,20170424,000000,8.8013,8.898,8.7528,8.898,16,0
LAB,D,20170425,000000,8.8013,8.898,8.8013,8.898,2,0
LAB,D,20170426,000000,8.8013,8.898,8.8013,8.898,549,0
LAB,D,20170427,000000,8.898,8.898,8.898,8.898,2,0
LAB,D,20170428,000000,8.898,8.898,8.898,8.898,2,0
LAB,D,20170502,000000,8.898,8.898,8.898,8.898,2,0
LAB,D,20170504,000000,8.898,8.9366,8.898,8.898,15,0
LAB,D,20170505,000000,8.898,9.1011,8.898,9.1011,1873,0
LAB,D,20170508,000000,9.1881,9.3332,9.1881,9.3332,104,0
LAB,D,20170509,000000,9.1881,9.1881,8.898,9.043,717,0
LAB,D,20170510,000000,9.043,9.1881,9.043,9.1881,4,0
LAB,D,20170511,000000,9.1881,9.1881,9.043,9.1881,15,0
LAB,D,20170512,000000,9.1881,9.1881,9.1398,9.1881,81,0
LAB,D,20170515,000000,9.1881,9.1881,8.5111,8.6561,2857,0
LAB,D,20170516,000000,8.6078,8.6561,8.4144,8.6561,2419,0
LAB,D,20170517,000000,8.6561,8.6561,8.6078,8.6078,2,0
LAB,D,20170518,000000,8.6078,8.6078,8.6078,8.6078,17,0
LAB,D,20170519,000000,8.6078,8.6078,8.6078,8.6078,1,0
LAB,D,20170522,000000,8.6078,8.6078,8.5594,8.5594,41,0
LAB,D,20170523,000000,8.5594,8.5594,8.5498,8.5594,31,0
LAB,D,20170524,000000,8.5594,8.5594,8.5401,8.5401,24,0
LAB,D,20170525,000000,8.5401,8.5498,8.5401,8.5401,23,0
LAB,D,20170526,000000,8.5401,8.5498,8.5401,8.5401,25,0
LAB,D,20170529,000000,8.5401,8.5401,8.5401,8.5401,21,0
LAB,D,20170530,000000,8.5401,8.5401,7.834,8.5015,2089,0
LAB,D,20170531,000000,8.3274,8.5015,8.1145,8.5015,19,0
LAB,D,20170601,000000,8.1243,8.1243,8.1145,8.1145,19,0
LAB,D,20170602,000000,8.1243,8.1243,8.1243,8.1243,1,0
LAB,D,20170605,000000,8.1048,8.1048,8.0952,8.1048,204,0
LAB,D,20170606,000000,8.1048,8.1048,8.0952,8.1048,27,0
LAB,D,20170607,000000,8.1048,8.1048,8.0952,8.1048,16,0
LAB,D,20170608,000000,8.1048,8.1048,8.0855,8.0855,28,0
LAB,D,20170609,000000,8.0855,8.0952,8.0855,8.0855,25,0
LAB,D,20170612,000000,8.0855,8.0855,8.0662,8.0662,108,0
LAB,D,20170613,000000,8.0662,8.2596,8.0372,8.2596,2601,0
LAB,D,20170614,000000,8.25,8.2596,8.25,8.2596,917,0
LAB,D,20170616,000000,8.2596,8.5015,8.25,8.5015,317,0
LAB,D,20170619,000000,8.4241,8.5015,8.2693,8.5015,4,0
LAB,D,20170620,000000,8.5015,8.5015,8.2693,8.5015,5,0
LAB,D,20170621,000000,8.5015,8.5015,8.2596,8.2596,16,0
LAB,D,20170622,000000,8.2596,8.2596,8.2596,8.2596,2,0
LAB,D,20170623,000000,8.2596,8.2596,8.2596,8.2596,2,0
LAB,D,20170626,000000,8.2596,8.2693,8.2596,8.2596,12,0
LAB,D,20170627,000000,8.2596,8.2693,8.2596,8.2596,22,0
LAB,D,20170628,000000,8.2596,8.2596,8.2596,8.2596,2,0
LAB,D,20170629,000000,8.2596,8.2596,8.2596,8.2596,2,0
LAB,D,20170630,000000,8.2596,8.2596,8.2596,8.2596,2,0
LAB,D,20170703,000000,8.2596,8.2693,8.2596,8.2596,6,0
LAB,D,20170704,000000,8.2596,8.5015,8.2596,8.5015,49,0
LAB,D,20170705,000000,8.4241,8.4724,8.4241,8.4627,4,0
LAB,D,20170706,000000,8.4627,8.4627,8.4627,8.4627,2,0
LAB,D,20170707,000000,8.4627,8.4627,8.4627,8.4627,2,0
LAB,D,20170710,000000,8.4627,8.5015,8.4627,8.5015,12,0
LAB,D,20170711,000000,8.4724,8.5015,8.4724,8.5015,2,0
LAB,D,20170712,000000,8.4724,8.8013,8.4724,8.8013,10513,0
LAB,D,20170713,000000,8.8013,8.898,8.7045,8.898,4352,0
LAB,D,20170714,000000,8.9173,8.9173,8.9173,8.9173,2,0
LAB,D,20170717,000000,8.9173,8.9173,8.9173,8.9173,2,0
LAB,D,20170718,000000,8.9173,8.9173,8.6078,8.6078,11,0
LAB,D,20170719,000000,8.9173,10.688,8.9173,10.688,1769,0
LAB,D,20170720,000000,11.006,11.006,10.638,10.638,312,0
LAB,D,20170721,000000,11.006,11.006,10.978,10.978,9,0
LAB,D,20170724,000000,10.978,10.978,10.978,10.978,2,0
LAB,D,20170725,000000,10.978,10.978,10.736,10.736,272,0
LAB,D,20170726,000000,10.978,10.978,10.978,10.978,1,0
LAB,D,20170727,000000,10.978,10.978,10.968,10.968,17,0
LAB,D,20170728,000000,10.968,10.978,10.485,10.485,66,0
LAB,D,20170731,000000,10.485,10.485,10.155,10.155,1046,0
LAB,D,20170801,000000,10.252,10.252,9.981,9.981,34,0
LAB,D,20170802,000000,10.358,10.59,9.856,10.059,10396,0
LAB,D,20170803,000000,10.358,11.006,10.358,11.006,2000,0
LAB,D,20170804,000000,10.736,11.006,10.736,11.006,709,0
LAB,D,20170807,000000,10.638,10.736,10.638,10.736,104,0
LAB,D,20170808,000000,10.736,10.736,10.638,10.638,53,0
LAB,D,20170809,000000,10.6,10.6,10.455,10.6,2175,0
LAB,D,20170810,000000,10.6,10.6,10.6,10.6,15,0
LAB,D,20170811,000000,10.6,11.412,10.59,10.978,8706,0
LAB,D,20170814,000000,11.267,11.277,11.199,11.199,3,0
LAB,D,20170816,000000,11.267,11.267,10.493,10.493,1481,0
LAB,D,20170817,000000,10.465,10.968,10.465,10.929,1701,0
LAB,D,20170818,000000,10.755,10.929,10.755,10.929,520,0
LAB,D,20170821,000000,10.929,10.929,10.648,10.91,892,0
LAB,D,20170822,000000,10.929,10.929,10.929,10.929,1,0
LAB,D,20170823,000000,10.929,10.939,10.833,10.929,2473,0
LAB,D,20170824,000000,10.968,10.968,10.948,10.948,8,0
LAB,D,20170825,000000,10.939,11.219,10.736,11.219,4921,0
LAB,D,20170828,000000,11.267,11.267,10.929,11.219,941,0
LAB,D,20170829,000000,11.267,11.267,10.948,11.209,82,0
LAB,D,20170830,000000,11.209,11.209,10.929,10.929,2120,0
LAB,D,20170831,000000,10.891,11.219,10.891,11.219,1316,0
LAB,D,20170901,000000,11.267,11.267,11.026,11.122,4138,0
LAB,D,20170904,000000,11.122,11.122,11.074,11.074,83,0
LAB,D,20170905,000000,11.267,11.384,10.638,10.638,3635,0
LAB,D,20170906,000000,11.074,11.074,11.026,11.026,18,0
LAB,D,20170907,000000,11.006,11.006,10.493,10.736,529,0
LAB,D,20170908,000000,10.349,10.349,9.671,10.155,1759,0
LAB,D,20170911,000000,9.914,10.107,9.914,10.059,79,0
LAB,D,20170912,000000,10.059,10.059,9.914,10.059,105,0
LAB,D,20170913,000000,10.059,10.059,9.914,10.059,354,0
LAB,D,20170914,000000,10.059,10.059,10.059,10.059,1,0
LAB,D,20170915,000000,10.059,10.059,10.059,10.059,11,0
LAB,D,20170918,000000,10.059,10.059,10.059,10.059,1,0
LAB,D,20170919,000000,10.059,10.059,9.769,10.059,182,0
LAB,D,20170920,000000,10.059,10.059,9.778,9.778,517,0
LAB,D,20170921,000000,10.059,10.059,9.778,10.059,783,0
LAB,D,20170922,000000,10.059,10.059,10.059,10.059,1,0
LAB,D,20170925,000000,10.059,10.059,10.059,10.059,1,0
LAB,D,20170926,000000,10.059,10.232,10.039,10.232,2239,0
LAB,D,20170927,000000,10.533,10.533,10.155,10.155,104,0
LAB,D,20170928,000000,10.155,10.165,10.155,10.165,54,0
LAB,D,20170929,000000,10.165,10.426,10.165,10.426,4,0
LAB,D,20171002,000000,10.426,10.435,9.769,10.059,2247,0
LAB,D,20171003,000000,10.059,10.059,10.059,10.059,1,0
LAB,D,20171004,000000,10.059,10.097,10.01,10.097,3823,0
LAB,D,20171005,000000,10.117,10.117,9.923,9.923,14,0
LAB,D,20171006,000000,9.923,9.923,9.914,9.923,105,0
LAB,D,20171009,000000,9.923,9.923,9.914,9.923,267,0
LAB,D,20171010,000000,9.856,9.856,9.856,9.856,51,0
LAB,D,20171011,000000,9.856,10.001,9.826,10.001,782,0
LAB,D,20171012,000000,10.01,10.117,10.01,10.117,1730,0
LAB,D,20171013,000000,10.117,10.117,10.117,10.117,1,0
LAB,D,20171016,000000,10.117,10.117,10.117,10.117,1,0
LAB,D,20171017,000000,10.117,10.117,10.117,10.117,1,0
LAB,D,20171018,000000,10.117,10.117,9.769,9.769,304,0
LAB,D,20171019,000000,9.769,9.769,9.769,9.769,342,0
LAB,D,20171020,000000,9.769,9.769,9.769,9.769,15,0
LAB,D,20171023,000000,9.769,9.769,9.769,9.769,233,0
LAB,D,20171024,000000,9.769,9.769,9.769,9.769,114,0
LAB,D,20171025,000000,9.769,9.894,9.769,9.894,581,0
LAB,D,20171026,000000,9.769,10.059,9.769,10.059,53,0
LAB,D,20171027,000000,10.059,10.059,10.059,10.059,1,0
LAB,D,20171030,000000,10.059,10.059,10.059,10.059,2,0
LAB,D,20171031,000000,10.059,10.059,10.059,10.059,2,0
LAB,D,20171102,000000,10.059,10.059,10.059,10.059,1,0
LAB,D,20171103,000000,10.059,10.059,10.059,10.059,1,0
LAB,D,20171106,000000,10.059,10.059,10.059,10.059,1,0
LAB,D,20171107,000000,10.059,10.059,10.059,10.059,1,0
LAB,D,20171108,000000,10.059,10.059,10.059,10.059,1,0
LAB,D,20171109,000000,10.059,10.059,10.059,10.059,34,0
LAB,D,20171110,000000,9.962,10.059,9.807,10.059,309,0
LAB,D,20171113,000000,10.039,10.039,10.039,10.039,5,0
LAB,D,20171114,000000,10.039,10.039,10.039,10.039,10,0
LAB,D,20171115,000000,10.039,10.039,10.039,10.039,12,0
LAB,D,20171116,000000,10.039,10.039,10.039,10.039,13,0
LAB,D,20171117,000000,10.039,10.107,9.788,10.107,654,0
LAB,D,20171120,000000,10.107,10.107,10.107,10.107,207,0
LAB,D,20171121,000000,10.01,10.01,10.01,10.01,100,0
LAB,D,20171122,000000,10.01,10.01,10.01,10.01,13,0
LAB,D,20171123,000000,10.117,10.117,10.117,10.117,1,0
LAB,D,20171124,000000,10.155,12.283,10.155,12.283,7065,0
LAB,D,20171127,000000,11.122,11.567,10.01,11.064,18098,0
LAB,D,20171128,000000,11.064,11.412,10.562,11.412,8717,0
LAB,D,20171129,000000,10.861,12.854,10.861,12.719,3408,0
LAB,D,20171130,000000,12.854,13.628,12.09,13.628,1281,0
LAB,D,20171201,000000,13.628,13.628,12.863,12.863,712,0
LAB,D,20171204,000000,12.863,13.589,12.863,13.589,30,0
LAB,D,20171205,000000,13.628,13.628,13.618,13.628,613,0
LAB,D,20171206,000000,13.618,13.618,13.057,13.057,280,0
LAB,D,20171207,000000,13.618,13.618,12.989,13.541,1524,0
LAB,D,20171208,000000,13.541,13.541,13.057,13.463,19,0
LAB,D,20171211,000000,13.463,13.463,12.67,13.057,1872,0
LAB,D,20171212,000000,13.298,13.298,13.298,13.298,1,0
LAB,D,20171213,000000,13.202,13.628,13.202,13.628,1433,0
LAB,D,20171214,000000,13.298,13.298,13.298,13.298,1271,0
LAB,D,20171215,000000,13.289,13.289,13.289,13.289,22,0
LAB,D,20171218,000000,13.202,13.25,13.057,13.057,1476,0
LAB,D,20171219,000000,13.405,13.541,13.298,13.541,1252,0
LAB,D,20171220,000000,13.811,14.062,13.801,14.062,1269,0
LAB,D,20171221,000000,13.686,14.314,13.686,14.314,1138,0
LAB,D,20171222,000000,14.314,14.314,14.314,14.314,2,0
LAB,D,20171227,000000,14.314,14.488,14.314,14.488,739,0
LAB,D,20171228,000000,14.468,14.488,14.468,14.488,145,0
LAB,D,20171229,000000,14.468,14.605,14.362,14.605,1501,0
LAB,D,20180103,000000,14.314,14.314,14.314,14.314,1,0
LAB,D,20180104,000000,14.508,14.508,13.541,14.072,862,0
LAB,D,20180105,000000,14.411,14.46,14.265,14.46,275,0
LAB,D,20180108,000000,14.508,14.605,14.508,14.605,415,0
LAB,D,20180109,000000,14.605,15.136,14.605,14.894,937,0
LAB,D,20180110,000000,15.233,15.233,15.233,15.233,1,0
LAB,D,20180111,000000,15.233,15.233,14.508,14.508,1174,0
LAB,D,20180112,000000,14.701,14.701,14.605,14.605,7,0
LAB,D,20180115,000000,14.653,14.653,14.508,14.508,100,0
LAB,D,20180116,000000,14.701,14.701,14.265,14.265,68,0
LAB,D,20180117,000000,14.701,14.701,14.024,14.024,48,0
LAB,D,20180118,000000,14.701,14.701,14.46,14.46,13,0
LAB,D,20180119,000000,14.46,14.46,14.411,14.411,5,0
LAB,D,20180122,000000,14.024,14.362,14.024,14.362,104,0
LAB,D,20180123,000000,14.362,14.362,14.362,14.362,1,0
LAB,D,20180124,000000,14.362,14.362,14.362,14.362,1,0
LAB,D,20180125,000000,13.927,13.927,13.443,13.443,1856,0
LAB,D,20180126,000000,13.686,13.686,13.686,13.686,1,0
LAB,D,20180129,000000,13.686,13.686,13.057,13.153,303,0
LAB,D,20180130,000000,13.153,13.153,12.912,12.912,127,0
LAB,D,20180131,000000,12.912,12.912,12.767,12.863,23,0
LAB,D,20180201,000000,12.912,12.912,12.815,12.815,27,0
LAB,D,20180202,000000,12.912,12.912,12.719,12.719,99,0
LAB,D,20180205,000000,12.67,12.912,12.67,12.912,212,0
LAB,D,20180206,000000,12.912,12.912,12.67,12.67,323,0
LAB,D,20180207,000000,12.912,12.912,12.912,12.912,1,0
LAB,D,20180208,000000,12.912,12.912,12.912,12.912,1,0
LAB,D,20180209,000000,12.912,12.912,12.912,12.912,1,0
LAB,D,20180212,000000,12.912,12.912,12.912,12.912,1,0
LAB,D,20180213,000000,12.912,12.912,12.912,12.912,3,0
LAB,D,20180214,000000,12.912,12.912,12.912,12.912,6,0
LAB,D,20180215,000000,12.912,12.912,12.912,12.912,9,0
LAB,D,20180216,000000,12.863,12.863,12.476,12.476,1660,0
LAB,D,20180219,000000,12.863,12.863,12.863,12.863,2,0
LAB,D,20180220,000000,12.67,12.863,12.67,12.863,5,0
LAB,D,20180221,000000,12.67,12.67,12.67,12.67,1,0
LAB,D,20180222,000000,12.574,12.574,12.428,12.574,623,0
LAB,D,20180223,000000,12.574,12.574,12.428,12.574,685,0
LAB,D,20180226,000000,12.574,12.622,12.574,12.574,164,0
LAB,D,20180227,000000,12.574,12.622,12.574,12.622,22,0
LAB,D,20180228,000000,12.574,12.622,12.379,12.574,687,0
LAB,D,20180301,000000,12.574,12.67,12.574,12.67,17,0
LAB,D,20180302,000000,12.767,12.815,12.767,12.815,53,0
LAB,D,20180305,000000,12.767,12.815,12.767,12.815,17,0
LAB,D,20180306,000000,12.767,12.863,12.767,12.863,15,0
LAB,D,20180307,000000,12.767,12.863,12.767,12.863,16,0
LAB,D,20180308,000000,12.767,12.863,12.767,12.863,16,0
LAB,D,20180309,000000,12.767,13.105,12.767,13.105,1399,0
LAB,D,20180312,000000,13.831,13.831,13.153,13.831,1709,0
LAB,D,20180313,000000,13.589,13.589,13.589,13.589,1,0
LAB,D,20180314,000000,13.589,13.589,13.589,13.589,1,0
LAB,D,20180315,000000,13.589,13.589,13.589,13.589,1,0
LAB,D,20180316,000000,13.589,13.589,13.589,13.589,1,0
LAB,D,20180319,000000,13.492,13.492,13.492,13.492,5,0
LAB,D,20180320,000000,13.492,13.492,13.492,13.492,1,0
LAB,D,20180321,000000,13.492,13.541,13.298,13.541,695,0
LAB,D,20180322,000000,13.589,13.589,12.815,12.815,2353,0
LAB,D,20180323,000000,12.719,12.719,12.719,12.719,11,0
LAB,D,20180326,000000,12.719,12.719,12.719,12.719,15,0
LAB,D,20180327,000000,12.719,12.719,12.719,12.719,7,0
LAB,D,20180328,000000,12.719,12.719,12.719,12.719,5,0
LAB,D,20180329,000000,12.719,12.719,12.719,12.719,12,0
LAB,D,20180403,000000,12.476,12.815,12.476,12.815,2,0
LAB,D,20180404,000000,12.719,12.719,12.719,12.719,3,0
LAB,D,20180405,000000,12.719,12.719,12.719,12.719,204,0
LAB,D,20180406,000000,12.815,12.815,12.815,12.815,1,0
LAB,D,20180409,000000,12.815,12.815,12.815,12.815,1,0
LAB,D,20180410,000000,12.815,12.815,12.379,12.574,1801,0
LAB,D,20180411,000000,12.574,12.574,12.525,12.525,2,0
LAB,D,20180412,000000,12.574,12.574,12.525,12.525,2,0
LAB,D,20180413,000000,12.574,12.574,12.525,12.525,7,0
LAB,D,20180416,000000,12.574,12.574,12.09,12.09,158,0
LAB,D,20180417,000000,12.574,12.574,12.525,12.525,2,0
LAB,D,20180418,000000,12.574,12.574,12.525,12.525,2,0
LAB,D,20180419,000000,12.574,12.574,12.574,12.574,1,0
LAB,D,20180420,000000,12.574,12.574,12.525,12.525,3,0
LAB,D,20180423,000000,12.574,12.574,12.525,12.574,3,0
LAB,D,20180424,000000,12.574,12.574,11.993,11.993,1542,0
LAB,D,20180425,000000,12.09,12.09,11.993,11.993,2,0
LAB,D,20180426,000000,12.09,12.09,12.09,12.09,1,0
LAB,D,20180427,000000,11.993,11.993,11.993,11.993,1,0
LAB,D,20180430,000000,12.09,12.09,11.993,11.993,2,0
LAB,D,20180502,000000,12.09,12.09,11.993,11.993,2,0
LAB,D,20180504,000000,12.574,12.574,11.557,11.607,714,0
LAB,D,20180507,000000,12.574,12.574,12.574,12.574,1,0
LAB,D,20180508,000000,11.607,11.607,11.026,11.026,317,0
LAB,D,20180509,000000,11.607,11.607,10.736,10.736,807,0
LAB,D,20180510,000000,10.638,10.638,10.638,10.638,103,0
LAB,D,20180511,000000,10.881,10.881,10.445,10.445,6,0
LAB,D,20180514,000000,10.445,10.445,9.817,9.817,2021,0
LAB,D,20180515,000000,10.107,10.107,10.107,10.107,1,0
LAB,D,20180516,000000,9.962,9.962,9.2848,9.2848,211,0
LAB,D,20180517,000000,9.2848,9.2848,9.2848,9.2848,25,0
LAB,D,20180518,000000,9.2848,9.2848,9.2848,9.2848,11,0
LAB,D,20180521,000000,9.2848,9.2848,9.2848,9.2848,1,0
LAB,D,20180522,000000,9.72,9.72,9.72,9.72,1,0
LAB,D,20180523,000000,9.72,9.962,9.72,9.962,2,0
LAB,D,20180524,000000,9.72,9.72,9.72,9.72,1,0
LAB,D,20180525,000000,9.72,9.72,9.4199,9.4199,6,0
LAB,D,20180528,000000,9.72,9.72,9.72,9.72,2,0
LAB,D,20180529,000000,9.72,9.72,9.72,9.72,1,0
LAB,D,20180530,000000,9.72,9.72,9.72,9.72,1,0
LAB,D,20180601,000000,9.72,9.72,9.72,9.72,1,0
LAB,D,20180604,000000,9.962,9.962,9.4199,9.4199,2,0
LAB,D,20180605,000000,9.594,9.594,9.594,9.594,1,0
LAB,D,20180606,000000,9.594,9.594,9.4199,9.4199,71,0
LAB,D,20180607,000000,9.962,9.962,9.4199,9.516,88,0
LAB,D,20180608,000000,9.962,9.962,9.556,9.633,53,0
LAB,D,20180611,000000,9.72,9.962,9.671,9.962,3593,0
LAB,D,20180612,000000,9.962,9.962,9.962,9.962,2,0
LAB,D,20180613,000000,9.962,10.107,9.671,9.865,1054,0
LAB,D,20180614,000000,9.865,9.865,9.865,9.865,2,0
LAB,D,20180615,000000,9.865,9.865,9.865,9.865,1,0
LAB,D,20180618,000000,9.865,9.865,9.671,9.817,728,0
LAB,D,20180619,000000,9.865,9.865,9.817,9.817,28,0
LAB,D,20180620,000000,9.865,10.638,9.865,10.638,1651,0
LAB,D,20180621,000000,10.252,10.445,10.252,10.445,49,0
LAB,D,20180622,000000,10.59,10.59,10.445,10.445,41,0
LAB,D,20180625,000000,10.59,10.59,9.962,10.59,126,0
LAB,D,20180626,000000,10.3,10.59,10.3,10.59,2,0
LAB,D,20180627,000000,10.3,10.3,10.3,10.3,1,0
LAB,D,20180628,000000,10.3,10.3,10.3,10.3,1,0
LAB,D,20180629,000000,10.3,10.3,10.3,10.3,1,0
LAB,D,20180702,000000,10.59,10.833,10.252,10.784,2840,0
LAB,D,20180703,000000,10.784,11.316,10.784,11.316,2346,0
LAB,D,20180704,000000,11.316,11.316,10.833,11.316,517,0
LAB,D,20180705,000000,11.316,11.316,11.316,11.316,2,0
LAB,D,20180706,000000,11.364,11.412,11.267,11.412,714,0
LAB,D,20180709,000000,11.557,11.557,11.557,11.557,1,0
LAB,D,20180710,000000,11.8,11.8,11.316,11.8,4,0
LAB,D,20180711,000000,11.8,11.8,11.655,11.655,6,0
LAB,D,20180712,000000,11.607,11.607,11.607,11.607,1,0
LAB,D,20180713,000000,11.607,11.607,11.607,11.607,1,0
LAB,D,20180716,000000,11.607,11.607,11.607,11.607,2,0
LAB,D,20180717,000000,11.607,11.607,11.607,11.607,2,0
LAB,D,20180718,000000,11.607,12.863,11.607,12.863,3063,0
LAB,D,20180719,000000,14.072,14.072,14.024,14.024,135,0
LAB,D,20180720,000000,14.024,14.024,12.67,13.492,977,0
LAB,D,20180723,000000,13.541,13.541,13.347,13.347,2,0
LAB,D,20180724,000000,13.25,13.25,12.574,12.574,292,0
LAB,D,20180725,000000,12.428,12.428,12.428,12.428,1,0
LAB,D,20180726,000000,12.428,12.67,12.428,12.67,12,0
LAB,D,20180727,000000,12.67,12.67,12.67,12.67,1,0
LAB,D,20180730,000000,12.67,12.67,12.67,12.67,1,0
LAB,D,20180731,000000,12.67,12.67,12.428,12.574,872,0
LAB,D,20180801,000000,12.67,12.67,12.67,12.67,2,0
LAB,D,20180802,000000,12.67,12.67,12.67,12.67,2,0
LAB,D,20180803,000000,12.67,12.67,12.67,12.67,2,0
LAB,D,20180806,000000,12.67,12.67,12.379,12.67,209,0
LAB,D,20180807,000000,12.67,12.67,12.67,12.67,1,0
LAB,D,20180808,000000,12.67,12.67,12.67,12.67,2,0
LAB,D,20180809,000000,12.67,12.67,12.67,12.67,2,0
LAB,D,20180810,000000,12.67,12.67,12.67,12.67,1,0
LAB,D,20180813,000000,12.67,12.67,12.67,12.67,2,0
LAB,D,20180814,000000,12.67,13.686,12.67,13.686,708,0
LAB,D,20180816,000000,13.105,13.105,13.105,13.105,5,0
LAB,D,20180817,000000,12.96,12.96,12.96,12.96,1,0
LAB,D,20180820,000000,13.492,13.492,13.492,13.492,463,0
LAB,D,20180821,000000,13.492,13.492,13.202,13.492,50,0
LAB,D,20180822,000000,13.492,13.492,13.492,13.492,2,0
LAB,D,20180823,000000,13.492,13.492,13.105,13.105,931,0
LAB,D,20180824,000000,13.153,13.153,13.153,13.153,1,0
LAB,D,20180827,000000,13.153,13.153,13.153,13.153,1,0
LAB,D,20180828,000000,13.153,13.153,13.057,13.057,33,0
LAB,D,20180829,000000,13.057,13.057,13.057,13.057,6,0
LAB,D,20180830,000000,13.057,13.057,12.767,13.057,183,0
LAB,D,20180831,000000,13.057,13.057,12.767,12.767,87,0
LAB,D,20180903,000000,13.153,13.153,12.96,12.96,4,0
LAB,D,20180904,000000,13.153,13.153,12.719,13.057,959,0
LAB,D,20180905,000000,13.057,13.057,12.767,13.057,28,0
LAB,D,20180906,000000,13.057,13.057,12.767,13.057,182,0
LAB,D,20180907,000000,13.057,13.057,12.574,12.67,1412,0
LAB,D,20180910,000000,12.96,12.96,12.767,12.767,38,0
LAB,D,20180911,000000,12.767,12.767,12.719,12.719,31,0
LAB,D,20180912,000000,12.767,12.767,12.719,12.719,29,0
LAB,D,20180913,000000,12.767,12.767,12.719,12.719,11,0
LAB,D,20180914,000000,12.767,12.767,12.331,12.331,181,0
LAB,D,20180917,000000,12.331,12.331,11.945,11.945,786,0
LAB,D,20180918,000000,12.331,12.331,11.122,11.122,43,0
LAB,D,20180919,000000,11.026,11.316,10.784,10.784,332,0
LAB,D,20180920,000000,10.929,10.929,10.929,10.929,16,0
LAB,D,20180921,000000,10.929,10.929,10.929,10.929,14,0
LAB,D,20180924,000000,10.929,10.929,10.929,10.929,12,0
LAB,D,20180925,000000,10.929,10.929,10.445,10.445,743,0
LAB,D,20180926,000000,10.397,10.397,10.349,10.349,3,0
LAB,D,20180927,000000,10.3,10.3,10.155,10.155,2,0
LAB,D,20180928,000000,10.155,10.155,10.155,10.155,2,0
LAB,D,20181001,000000,9.865,9.865,9.671,9.671,54,0
LAB,D,20181002,000000,9.769,9.769,9.653,9.769,163,0
LAB,D,20181003,000000,9.769,9.769,9.769,9.769,6,0
LAB,D,20181004,000000,9.769,9.769,9.653,9.769,131,0
LAB,D,20181005,000000,9.769,9.769,9.769,9.769,13,0
LAB,D,20181008,000000,9.769,9.769,9.769,9.769,424,0
LAB,D,20181009,000000,9.769,9.769,9.769,9.769,8,0
LAB,D,20181010,000000,9.653,9.653,9.653,9.653,12,0
LAB,D,20181011,000000,9.653,9.653,9.653,9.653,138,0
LAB,D,20181012,000000,9.653,9.72,9.653,9.72,14,0
LAB,D,20181015,000000,9.653,10.107,9.653,10.107,1858,0
LAB,D,20181016,000000,10.107,10.204,10.107,10.204,2,0
LAB,D,20181017,000000,10.204,10.204,9.817,10.204,105,0
LAB,D,20181018,000000,9.671,9.72,9.671,9.72,604,0
LAB,D,20181019,000000,9.72,10.107,9.72,10.107,7,0
LAB,D,20181022,000000,10.107,10.107,9.633,9.633,937,0
LAB,D,20181023,000000,9.575,9.817,9.575,9.817,1675,0
LAB,D,20181024,000000,10.107,10.107,10.107,10.107,1,0
LAB,D,20181025,000000,10.107,10.107,9.72,9.72,104,0
LAB,D,20181026,000000,9.72,9.769,9.671,9.769,732,0
LAB,D,20181029,000000,9.769,9.769,9.575,9.575,193,0
LAB,D,20181030,000000,10.107,10.107,9.914,9.914,4,0
LAB,D,20181031,000000,10.107,10.107,10.107,10.107,1,0
LAB,D,20181102,000000,10.107,10.107,9.914,9.914,5,0
LAB,D,20181105,000000,10.107,10.107,9.575,10.107,129,0
LAB,D,20181106,000000,10.107,10.107,9.914,9.914,6,0
LAB,D,20181107,000000,10.107,10.736,9.962,10.736,1197,0
LAB,D,20181108,000000,10.736,11.703,10.638,11.703,2073,0
LAB,D,20181109,000000,12.283,13.25,12.283,13.25,94,0
LAB,D,20181113,000000,13.25,13.25,13.057,13.202,301,0
LAB,D,20181114,000000,13.153,13.153,12.96,12.96,157,0
LAB,D,20181115,000000,12.574,13.057,12.574,13.057,8,0
LAB,D,20181116,000000,13.443,13.443,13.443,13.443,1,0
LAB,D,20181119,000000,13.443,14.411,13.105,14.411,1325,0
LAB,D,20181120,000000,14.411,14.411,13.541,13.541,312,0
LAB,D,20181121,000000,13.541,13.879,13.541,13.734,535,0
LAB,D,20181122,000000,13.734,13.734,13.395,13.395,19,0
LAB,D,20181123,000000,12.912,13.298,12.912,13.298,6,0
LAB,D,20181126,000000,12.815,13.25,12.815,12.863,232,0
LAB,D,20181127,000000,13.298,13.298,13.202,13.202,11,0
LAB,D,20181128,000000,13.298,13.298,13.298,13.298,2,0
LAB,D,20181129,000000,12.863,12.863,12.863,12.863,5,0
LAB,D,20181130,000000,13.347,13.347,12.67,13.202,230,0
LAB,D,20181203,000000,13.202,13.202,12.719,13.202,140,0
LAB,D,20181204,000000,13.202,13.25,13.057,13.057,1041,0
LAB,D,20181205,000000,13.347,13.347,12.912,12.912,48,0
LAB,D,20181206,000000,13.347,13.347,13.347,13.347,6,0
LAB,D,20181207,000000,13.347,13.347,13.347,13.347,4,0
LAB,D,20181210,000000,13.347,13.347,12.912,12.912,57,0
LAB,D,20181211,000000,13.347,13.347,13.298,13.298,6,0
LAB,D,20181212,000000,13.347,13.347,13.298,13.347,5,0
LAB,D,20181213,000000,13.347,13.347,13.298,13.347,60,0
LAB,D,20181214,000000,13.347,13.347,13.298,13.347,154,0
LAB,D,20181217,000000,13.492,13.492,12.574,12.574,1971,0
LAB,D,20181218,000000,12.574,12.67,12.574,12.67,64,0
LAB,D,20181219,000000,12.574,12.574,12.379,12.379,1251,0
LAB,D,20181220,000000,12.379,12.379,12.379,12.379,1,0
LAB,D,20181221,000000,12.379,12.379,12.379,12.379,1,0
LAB,D,20181227,000000,12.379,12.379,12.379,12.379,2,0
LAB,D,20181228,000000,12.379,12.622,12.379,12.574,1697,0
LAB,D,20190102,000000,12.574,12.574,12.574,12.574,3,0
LAB,D,20190103,000000,12.574,12.574,12.574,12.574,5,0
LAB,D,20190104,000000,12.525,12.525,12.525,12.525,5,0
LAB,D,20190107,000000,12.525,12.525,12.525,12.525,3,0
LAB,D,20190108,000000,12.476,12.476,12.476,12.476,1,0
LAB,D,20190109,000000,12.476,12.476,12.476,12.476,2,0
LAB,D,20190110,000000,12.476,12.525,12.186,12.331,1051,0
LAB,D,20190111,000000,12.331,12.331,12.331,12.331,4,0
LAB,D,20190114,000000,12.331,12.331,12.331,12.331,4,0
LAB,D,20190115,000000,12.331,12.331,12.331,12.331,6,0
LAB,D,20190116,000000,12.331,12.331,12.331,12.331,5,0
LAB,D,20190117,000000,12.331,12.331,12.331,12.331,5,0
LAB,D,20190118,000000,12.331,12.331,12.331,12.331,3,0
LAB,D,20190121,000000,12.331,12.331,12.331,12.331,6,0
LAB,D,20190122,000000,12.331,12.331,12.331,12.331,4,0
LAB,D,20190123,000000,12.331,12.331,12.331,12.331,1,0
LAB,D,20190124,000000,12.331,12.331,11.896,11.896,209,0
LAB,D,20190125,000000,12.331,12.331,12.331,12.331,3,0
LAB,D,20190128,000000,12.331,12.331,12.331,12.331,2,0
LAB,D,20190129,000000,12.09,12.09,12.09,12.09,3,0
LAB,D,20190130,000000,12.09,12.09,12.09,12.09,6,0
LAB,D,20190131,000000,12.09,12.09,12.09,12.09,7,0
LAB,D,20190201,000000,12.379,12.379,11.8,11.8,313,0
LAB,D,20190204,000000,12.67,12.67,11.607,11.993,316,0
LAB,D,20190205,000000,11.993,11.993,11.945,11.993,4,0
LAB,D,20190206,000000,11.993,11.993,11.945,11.993,6,0
LAB,D,20190207,000000,11.993,11.993,11.945,11.993,21,0
LAB,D,20190208,000000,11.993,11.993,11.993,11.993,5,0
LAB,D,20190211,000000,12.138,12.138,12.138,12.138,1,0
LAB,D,20190212,000000,11.993,11.993,11.607,11.945,42,0
LAB,D,20190213,000000,11.945,11.945,11.896,11.896,2,0
LAB,D,20190214,000000,11.945,11.945,11.896,11.896,2,0
LAB,D,20190215,000000,11.945,11.945,11.607,11.607,298,0
LAB,D,20190218,000000,11.848,11.848,11.848,11.848,1,0
LAB,D,20190219,000000,11.848,11.848,11.848,11.848,8,0
LAB,D,20190220,000000,11.945,11.945,11.8,11.8,11,0
LAB,D,20190221,000000,11.848,11.848,11.8,11.8,12,0
LAB,D,20190222,000000,11.848,11.848,11.848,11.848,5,0
LAB,D,20190225,000000,11.655,11.655,11.655,11.655,1,0
LAB,D,20190226,000000,11.655,11.655,11.655,11.655,1,0
LAB,D,20190227,000000,11.655,11.655,11.655,11.655,2,0
LAB,D,20190228,000000,11.655,11.655,11.655,11.655,2,0
LAB,D,20190301,000000,11.655,11.655,11.316,11.316,1392,0
LAB,D,20190304,000000,11.461,11.461,11.171,11.171,212,0
LAB,D,20190305,000000,11.171,11.267,11.171,11.267,68,0
LAB,D,20190306,000000,11.412,11.461,11.412,11.461,309,0
LAB,D,20190307,000000,11.461,11.461,11.461,11.461,120,0
LAB,D,20190308,000000,11.412,11.461,11.412,11.461,88,0
LAB,D,20190311,000000,11.509,11.509,11.219,11.412,238,0
LAB,D,20190312,000000,11.412,11.412,11.412,11.412,113,0
LAB,D,20190313,000000,11.461,11.461,11.461,11.461,149,0
LAB,D,20190314,000000,11.461,11.461,11.461,11.461,53,0
LAB,D,20190315,000000,11.461,11.461,11.461,11.461,5,0
LAB,D,20190318,000000,11.461,11.509,11.461,11.509,64,0
LAB,D,20190319,000000,11.607,11.607,11.219,11.219,27,0
LAB,D,20190320,000000,11.607,11.607,11.461,11.461,23,0
LAB,D,20190321,000000,11.607,11.607,11.509,11.509,16,0
LAB,D,20190322,000000,11.509,11.509,11.509,11.509,4,0
LAB,D,20190325,000000,11.607,11.607,11.607,11.607,3,0
LAB,D,20190326,000000,11.607,11.607,11.607,11.607,3,0
LAB,D,20190327,000000,11.607,11.607,11.607,11.607,5,0
LAB,D,20190328,000000,11.607,11.607,11.607,11.607,626,0
LAB,D,20190329,000000,11.848,11.848,11.316,11.316,87,0
LAB,D,20190401,000000,11.848,11.848,11.848,11.848,5,0
LAB,D,20190402,000000,11.896,11.896,11.607,11.607,15,0
LAB,D,20190403,000000,11.848,11.848,11.848,11.848,5,0
LAB,D,20190404,000000,11.848,11.848,11.655,11.655,20,0
LAB,D,20190405,000000,11.848,11.848,11.655,11.655,15,0
LAB,D,20190408,000000,11.896,11.896,11.655,11.655,17,0
LAB,D,20190409,000000,11.848,11.848,11.848,11.848,3,0
LAB,D,20190410,000000,11.848,11.848,11.848,11.848,5,0
LAB,D,20190411,000000,11.703,11.703,11.703,11.703,2,0
LAB,D,20190412,000000,11.703,11.703,11.703,11.703,5,0
LAB,D,20190415,000000,11.607,11.607,11.316,11.316,528,0
LAB,D,20190416,000000,11.219,11.509,11.219,11.509,23,0
LAB,D,20190417,000000,11.557,11.557,11.509,11.509,5,0
LAB,D,20190418,000000,11.557,11.557,11.026,11.026,271,0
LAB,D,20190423,000000,11.557,11.557,11.557,11.557,3,0
LAB,D,20190424,000000,11.122,11.122,11.026,11.026,688,0
LAB,D,20190425,000000,10.833,10.833,10.833,10.833,9,0
LAB,D,20190426,000000,11.122,11.122,10.638,10.638,50,0
LAB,D,20190429,000000,11.074,11.074,11.074,11.074,2,0
LAB,D,20190430,000000,10.978,10.978,10.978,10.978,16,0
LAB,D,20190502,000000,10.978,10.978,10.978,10.978,13,0
LAB,D,20190506,000000,10.978,10.978,10.978,10.978,7,0
LAB,D,20190507,000000,10.978,10.978,10.978,10.978,13,0
LAB,D,20190508,000000,10.784,10.784,10.784,10.784,9,0
LAB,D,20190509,000000,10.784,10.784,10.784,10.784,10,0
LAB,D,20190510,000000,10.784,10.784,10.784,10.784,5,0
LAB,D,20190513,000000,10.784,10.784,10.784,10.784,12,0
LAB,D,20190514,000000,10.881,10.881,10.833,10.833,5,0
LAB,D,20190515,000000,10.881,10.881,10.833,10.833,13,0
LAB,D,20190516,000000,10.881,10.881,10.833,10.833,11,0
LAB,D,20190517,000000,10.881,10.881,10.833,10.833,5,0
LAB,D,20190520,000000,11.026,11.026,10.638,10.638,118,0
LAB,D,20190521,000000,11.026,11.026,10.833,10.833,12,0
LAB,D,20190522,000000,10.736,10.736,10.736,10.736,15,0
LAB,D,20190523,000000,10.736,10.736,10.736,10.736,8,0
LAB,D,20190524,000000,10.736,10.736,10.736,10.736,15,0
LAB,D,20190527,000000,10.736,10.736,10.736,10.736,15,0
LAB,D,20190528,000000,10.736,10.736,10.349,10.349,139,0
LAB,D,20190529,000000,10.445,10.445,10.445,10.445,9,0
LAB,D,20190530,000000,10.688,10.688,10.542,10.542,14,0
LAB,D,20190531,000000,10.445,10.445,10.107,10.107,1555,0
LAB,D,20190603,000000,10.349,10.349,9.865,10.107,286,0
LAB,D,20190604,000000,10.107,10.107,9.865,10.107,126,0
LAB,D,20190605,000000,10.107,10.107,10.107,10.107,19,0
LAB,D,20190606,000000,9.865,10.107,9.865,10.107,16,0
LAB,D,20190607,000000,10.3,10.3,10.107,10.107,14,0
LAB,D,20190610,000000,10.155,10.155,10.155,10.155,14,0
LAB,D,20190611,000000,10.3,10.3,10.252,10.252,18,0
LAB,D,20190612,000000,10.155,10.155,10.155,10.155,17,0
LAB,D,20190613,000000,10.155,10.155,10.155,10.155,3,0
LAB,D,20190614,000000,10.155,10.155,10.155,10.155,20,0
LAB,D,20190617,000000,10.059,10.252,10.059,10.252,969,0
LAB,D,20190618,000000,10.3,10.3,10.252,10.252,94,0
LAB,D,20190619,000000,10.3,10.3,10.252,10.252,76,0
LAB,D,20190621,000000,10.3,10.3,10.3,10.3,1,0
LAB,D,20190624,000000,10.204,10.252,10.204,10.252,38,0
LAB,D,20190625,000000,10.204,10.204,10.204,10.204,21,0
LAB,D,20190626,000000,10.499,10.499,10.253,10.253,8,0
LAB,D,20190627,000000,10.352,10.352,10.352,10.352,1,0
LAB,D,20190628,000000,10.302,10.302,10.302,10.302,1,0
LAB,D,20190701,000000,10.302,10.302,10.302,10.302,1,0
LAB,D,20190702,000000,10.302,10.302,10.302,10.302,1,0
LAB,D,20190703,000000,10.302,10.302,10.302,10.302,1,0
LAB,D,20190704,000000,10.302,10.302,10.302,10.302,11,0
LAB,D,20190705,000000,10.302,10.302,10.302,10.302,1,0
LAB,D,20190708,000000,10.302,10.302,10.302,10.302,1,0
LAB,D,20190709,000000,10.302,10.302,10.302,10.302,2,0
LAB,D,20190710,000000,10.302,10.302,10.302,10.302,11,0
LAB,D,20190711,000000,10.302,10.302,10.302,10.302,7,0
LAB,D,20190712,000000,10.302,10.302,10.302,10.302,1,0
LAB,D,20190715,000000,10.302,10.302,10.302,10.302,13,0
LAB,D,20190716,000000,10.302,10.302,10.302,10.302,1,0
LAB,D,20190717,000000,10.302,10.302,10.302,10.302,11,0
LAB,D,20190718,000000,10.302,10.302,10.302,10.302,7,0
LAB,D,20190719,000000,10.302,10.302,10.302,10.302,2,0
LAB,D,20190722,000000,10.302,10.302,10.302,10.302,10,0
LAB,D,20190723,000000,10.302,10.302,10.302,10.302,6,0
LAB,D,20190724,000000,10.302,10.302,10.302,10.302,14,0
LAB,D,20190725,000000,10.302,10.302,10.302,10.302,3,0
LAB,D,20190726,000000,10.352,10.352,10.352,10.352,5,0
LAB,D,20190729,000000,10.401,10.401,10.401,10.401,2,0
LAB,D,20190730,000000,10.352,10.352,10.352,10.352,2,0
LAB,D,20190731,000000,10.401,10.401,10.401,10.401,3,0
LAB,D,20190801,000000,10.352,10.352,10.352,10.352,2,0
LAB,D,20190802,000000,10.352,10.352,10.352,10.352,3,0
LAB,D,20190805,000000,10.352,10.352,10.352,10.352,1,0
LAB,D,20190806,000000,10.352,10.352,10.352,10.352,1,0
LAB,D,20190807,000000,10.056,10.056,10.056,10.056,5,0
LAB,D,20190808,000000,10.302,10.302,10.302,10.302,5,0
LAB,D,20190809,000000,10.302,10.302,10.302,10.302,7,0
LAB,D,20190812,000000,10.302,10.302,10.056,10.056,79,0
LAB,D,20190813,000000,10.302,10.302,10.154,10.154,10,0
LAB,D,20190814,000000,10.302,10.302,10.204,10.204,12,0
LAB,D,20190816,000000,10.056,10.056,9.859,9.859,844,0
LAB,D,20190819,000000,9.908,9.908,9.908,9.908,3,0
LAB,D,20190820,000000,9.908,9.908,9.4642,9.4642,238,0
LAB,D,20190821,000000,9.4642,9.4642,9.4642,9.4642,15,0
LAB,D,20190822,000000,9.484,9.484,9.4248,9.4248,641,0
LAB,D,20190823,000000,9.819,9.819,9.74,9.74,17,0
LAB,D,20190826,000000,9.74,9.74,9.74,9.74,50,0
LAB,D,20190827,000000,9.74,9.74,9.74,9.74,43,0
LAB,D,20190828,000000,9.74,9.74,9.74,9.74,50,0
LAB,D,20190829,000000,9.74,9.74,9.74,9.74,33,0
LAB,D,20190830,000000,9.74,9.74,9.74,9.74,37,0
LAB,D,20190902,000000,9.74,9.74,9.74,9.74,2,0
LAB,D,20190903,000000,9.74,9.74,9.74,9.74,33,0
LAB,D,20190904,000000,9.74,9.74,9.74,9.74,34,0
LAB,D,20190905,000000,9.74,9.74,9.74,9.74,33,0
LAB,D,20190906,000000,9.74,9.74,9.74,9.74,25,0
LAB,D,20190909,000000,9.819,9.819,9.74,9.74,48,0
LAB,D,20190910,000000,9.74,9.74,9.74,9.74,2,0
LAB,D,20190911,000000,9.721,9.721,9.721,9.721,1,0
LAB,D,20190912,000000,9.74,9.76,9.74,9.76,20,0
LAB,D,20190913,000000,9.78,9.78,9.78,9.78,22,0
LAB,D,20190916,000000,9.78,9.78,9.78,9.78,21,0
LAB,D,20190917,000000,9.78,9.799,9.78,9.799,222,0
LAB,D,20190918,000000,9.819,9.819,9.819,9.819,15,0
LAB,D,20190919,000000,9.819,9.819,9.819,9.819,7,0
LAB,D,20190920,000000,9.819,9.819,9.819,9.819,16,0
LAB,D,20190923,000000,9.819,9.819,9.819,9.819,2,0
LAB,D,20190924,000000,9.819,9.819,9.819,9.819,6,0
LAB,D,20190925,000000,9.859,9.859,9.859,9.859,2,0
LAB,D,20190926,000000,9.859,9.859,9.859,9.859,2,0
LAB,D,20190927,000000,9.859,9.859,9.859,9.859,2,0
LAB,D,20190930,000000,9.859,9.859,9.859,9.859,2,0
LAB,D,20191001,000000,9.859,9.859,9.839,9.839,4,0
LAB,D,20191002,000000,9.859,9.859,9.859,9.859,1,0
LAB,D,20191003,000000,9.859,9.859,9.859,9.859,2,0
LAB,D,20191004,000000,9.859,9.859,9.839,9.839,4,0
LAB,D,20191007,000000,9.859,9.859,9.859,9.859,12,0
LAB,D,20191008,000000,9.859,9.859,9.839,9.839,13,0
LAB,D,20191009,000000,9.859,9.859,9.839,9.839,15,0
LAB,D,20191010,000000,9.859,9.859,9.839,9.859,387,0
LAB,D,20191011,000000,9.859,9.859,9.839,9.839,11,0
LAB,D,20191014,000000,10.154,10.154,9.839,9.839,11,0
LAB,D,20191015,000000,9.859,9.859,9.839,9.839,15,0
LAB,D,20191016,000000,9.839,9.839,9.4248,9.4248,223,0
LAB,D,20191017,000000,9.4248,9.721,9.4248,9.721,39,0
LAB,D,20191018,000000,9.4642,9.4642,9.4051,9.4051,203,0
LAB,D,20191021,000000,9.4642,9.4642,9.4642,9.4642,21,0
LAB,D,20191022,000000,9.4642,9.4642,9.4642,9.4642,92,0
LAB,D,20191023,000000,9.543,9.543,9.543,9.543,16,0
LAB,D,20191024,000000,9.543,9.543,9.543,9.543,15,0
LAB,D,20191025,000000,9.543,9.583,9.543,9.583,18,0
LAB,D,20191028,000000,9.543,9.543,9.543,9.543,15,0
LAB,D,20191029,000000,9.484,9.484,9.484,9.484,13,0
LAB,D,20191030,000000,9.583,9.583,9.583,9.583,21,0
LAB,D,20191031,000000,9.4445,9.4445,9.3854,9.4248,101,0
LAB,D,20191104,000000,9.3854,9.3854,9.3854,9.3854,37,0
LAB,D,20191105,000000,9.3657,9.523,9.3657,9.523,240,0
LAB,D,20191106,000000,9.543,9.543,9.543,9.543,51,0
LAB,D,20191107,000000,9.4051,9.583,9.4051,9.583,152,0
LAB,D,20191108,000000,9.661,9.661,9.602,9.602,17,0
LAB,D,20191112,000000,9.661,9.661,9.602,9.602,16,0
LAB,D,20191113,000000,9.661,9.661,9.602,9.602,20,0
LAB,D,20191114,000000,9.661,9.661,9.602,9.602,16,0
LAB,D,20191115,000000,9.661,9.661,9.602,9.602,13,0
LAB,D,20191118,000000,9.661,9.661,9.602,9.602,18,0
LAB,D,20191119,000000,9.661,9.661,9.661,9.661,14,0
LAB,D,20191120,000000,9.799,9.799,9.661,9.661,17,0
LAB,D,20191121,000000,9.799,9.799,9.661,9.661,122,0
LAB,D,20191122,000000,9.799,9.799,9.78,9.78,122,0
LAB,D,20191125,000000,9.859,9.908,9.859,9.908,22,0
LAB,D,20191126,000000,9.957,9.957,9.908,9.908,17,0
LAB,D,20191127,000000,10.154,10.154,9.908,9.908,61,0
LAB,D,20191128,000000,9.957,9.957,9.908,9.908,81,0
LAB,D,20191129,000000,10.154,10.154,9.908,9.908,72,0
LAB,D,20191202,000000,9.957,9.957,9.957,9.957,10,0
LAB,D,20191203,000000,9.957,9.957,9.957,9.957,10,0
LAB,D,20191204,000000,9.957,9.957,9.908,9.908,56,0
LAB,D,20191205,000000,9.957,9.957,9.908,9.908,71,0
LAB,D,20191206,000000,10.204,10.204,9.908,9.908,65,0
LAB,D,20191209,000000,9.957,9.957,9.957,9.957,5,0
LAB,D,20191210,000000,10.006,10.844,9.957,10.844,2391,0
LAB,D,20191211,000000,10.844,10.844,10.844,10.844,42,0
LAB,D,20191212,000000,10.844,10.844,10.746,10.746,69,0
LAB,D,20191213,000000,10.992,10.992,10.992,10.992,51,0
LAB,D,20191216,000000,10.992,10.992,10.992,10.992,120,0
LAB,D,20191217,000000,10.992,10.992,10.992,10.992,58,0
LAB,D,20191218,000000,10.992,10.992,10.992,10.992,48,0
LAB,D,20191219,000000,10.992,10.992,10.992,10.992,6,0
LAB,D,20191220,000000,10.992,10.992,10.992,10.992,2,0
LAB,D,20191223,000000,10.992,10.992,10.992,10.992,2,0
LAB,D,20191227,000000,11.042,11.042,11.042,11.042,2,0
LAB,D,20191230,000000,10.992,10.992,10.992,10.992,2,0
LAB,D,20200102,000000,10.992,10.992,10.992,10.992,6,0
LAB,D,20200103,000000,10.992,10.992,10.992,10.992,9,0
LAB,D,20200107,000000,10.992,10.992,10.992,10.992,6,0
LAB,D,20200108,000000,10.992,10.992,10.992,10.992,7,0
LAB,D,20200109,000000,10.992,10.992,10.992,10.992,10,0
LAB,D,20200110,000000,10.992,10.992,10.992,10.992,7,0
LAB,D,20200113,000000,10.992,10.992,10.992,10.992,6,0
LAB,D,20200114,000000,10.992,10.992,10.992,10.992,56,0
LAB,D,20200115,000000,10.992,10.992,10.992,10.992,11,0
LAB,D,20200116,000000,10.992,10.992,10.992,10.992,11,0
LAB,D,20200117,000000,10.992,10.992,10.499,10.499,455,0
LAB,D,20200120,000000,10.401,10.401,10.352,10.352,991,0
LAB,D,20200121,000000,10.697,10.697,10.697,10.697,21,0
LAB,D,20200122,000000,10.697,10.746,10.697,10.746,9,0
LAB,D,20200123,000000,10.697,10.746,10.697,10.746,6,0
LAB,D,20200124,000000,10.697,10.746,10.697,10.746,7,0
LAB,D,20200127,000000,10.697,10.697,10.697,10.697,10,0
LAB,D,20200128,000000,10.697,10.697,10.253,10.253,312,0
LAB,D,20200129,000000,10.253,10.746,10.253,10.746,31,0
LAB,D,20200130,000000,10.746,10.746,10.647,10.647,7,0
LAB,D,20200131,000000,10.746,10.746,10.647,10.647,8,0
LAB,D,20200203,000000,10.746,10.746,10.647,10.647,7,0
LAB,D,20200204,000000,10.943,10.943,10.647,10.647,7,0
LAB,D,20200205,000000,10.943,10.943,10.647,10.746,13,0
LAB,D,20200206,000000,10.943,10.943,10.746,10.746,10,0
LAB,D,20200207,000000,10.943,10.943,10.647,10.647,9,0
LAB,D,20200210,000000,10.746,10.746,10.746,10.746,17,0
LAB,D,20200211,000000,10.647,10.647,10.647,10.647,5,0
LAB,D,20200212,000000,10.746,10.746,10.647,10.647,9,0
LAB,D,20200213,000000,11.042,11.042,10.647,10.746,12,0
LAB,D,20200214,000000,10.746,10.746,10.647,10.647,9,0
LAB,D,20200217,000000,10.647,10.647,10.647,10.647,6,0
LAB,D,20200218,000000,10.746,10.746,10.647,10.746,9,0
LAB,D,20200219,000000,10.746,10.746,10.647,10.647,9,0
LAB,D,20200220,000000,10.844,10.844,10.647,10.647,9,0
LAB,D,20200221,000000,10.746,10.746,10.647,10.647,7,0
LAB,D,20200224,000000,10.746,10.746,10.647,10.647,8,0
LAB,D,20200225,000000,10.746,10.746,10.647,10.647,7,0
LAB,D,20200226,000000,10.746,10.746,10.647,10.647,7,0
LAB,D,20200227,000000,10.746,10.746,10.746,10.746,2,0
LAB,D,20200228,000000,10.647,10.647,10.647,10.647,20,0
LAB,D,20200302,000000,11.042,11.042,10.647,10.647,6,0
LAB,D,20200303,000000,10.746,10.746,10.598,10.647,112,0
LAB,D,20200304,000000,10.746,10.746,10.647,10.647,7,0
LAB,D,20200305,000000,10.647,10.647,10.647,10.647,5,0
LAB,D,20200306,000000,11.042,11.042,10.647,10.647,7,0
LAB,D,20200309,000000,10.352,10.352,10.253,10.253,30,0
LAB,D,20200310,000000,10.598,10.598,10.598,10.598,4,0
LAB,D,20200311,000000,10.549,10.549,10.549,10.549,2,0
LAB,D,20200312,000000,10.154,10.154,10.154,10.154,51,0
LAB,D,20200313,000000,10.401,10.401,10.401,10.401,5,0
LAB,D,20200316,000000,11.042,11.042,11.042,11.042,4,0
LAB,D,20200317,000000,11.042,11.042,11.042,11.042,3,0
LAB,D,20200319,000000,10.352,10.352,9.859,9.859,1580,0
LAB,D,20200320,000000,9.957,9.957,9.957,9.957,2,0
LAB,D,20200323,000000,9.957,9.957,9.957,9.957,1,0
LAB,D,20200324,000000,9.859,9.859,9.859,9.859,3,0
LAB,D,20200325,000000,9.859,9.859,9.859,9.859,2,0
LAB,D,20200326,000000,9.859,9.859,9.859,9.859,2,0
LAB,D,20200327,000000,9.859,9.859,9.859,9.859,7,0
LAB,D,20200330,000000,9.859,9.859,9.859,9.859,3,0
LAB,D,20200331,000000,9.859,9.859,9.859,9.859,4,0
LAB,D,20200401,000000,9.859,9.859,9.859,9.859,5,0
LAB,D,20200402,000000,9.859,9.859,9.859,9.859,6,0
LAB,D,20200403,000000,9.859,9.859,9.859,9.859,5,0
LAB,D,20200406,000000,9.859,9.859,9.859,9.859,6,0
LAB,D,20200407,000000,9.859,9.859,9.859,9.859,5,0
LAB,D,20200408,000000,9.859,9.859,9.859,9.859,6,0
LAB,D,20200409,000000,9.859,9.859,9.859,9.859,11,0
LAB,D,20200414,000000,9.859,9.859,9.859,9.859,6,0
LAB,D,20200415,000000,9.859,9.859,9.859,9.859,287,0
LAB,D,20200416,000000,9.859,9.859,9.859,9.859,6,0
LAB,D,20200417,000000,9.859,9.859,9.859,9.859,15,0
LAB,D,20200420,000000,9.859,9.859,9.859,9.859,6,0
LAB,D,20200421,000000,9.859,9.859,9.859,9.859,38,0
LAB,D,20200422,000000,9.859,9.859,9.859,9.859,5,0
LAB,D,20200423,000000,9.859,9.859,9.859,9.859,6,0
LAB,D,20200424,000000,9.859,9.859,9.859,9.859,10,0
LAB,D,20200427,000000,9.957,9.957,9.908,9.908,10,0
LAB,D,20200428,000000,9.957,9.957,9.908,9.908,9,0
LAB,D,20200429,000000,9.957,9.957,9.583,9.583,47,0
LAB,D,20200430,000000,9.957,9.957,9.908,9.957,211,0
LAB,D,20200504,000000,9.957,9.957,9.957,9.957,10,0
LAB,D,20200505,000000,9.957,9.957,9.908,9.908,9,0
LAB,D,20200506,000000,9.957,9.957,9.908,9.908,25,0
LAB,D,20200507,000000,9.957,9.957,9.957,9.957,8,0
LAB,D,20200508,000000,9.957,9.957,9.908,9.908,7,0
LAB,D,20200511,000000,9.908,9.957,9.908,9.957,211,0
LAB,D,20200512,000000,9.957,9.957,9.957,9.957,8,0
LAB,D,20200513,000000,9.957,9.957,9.957,9.957,8,0
LAB,D,20200514,000000,9.957,9.957,9.957,9.957,8,0
LAB,D,20200515,000000,9.957,9.957,9.957,9.957,26,0
LAB,D,20200518,000000,9.957,9.957,9.859,9.859,10,0
LAB,D,20200519,000000,9.859,9.859,9.859,9.859,8,0
LAB,D,20200520,000000,9.859,9.859,9.859,9.859,6,0
LAB,D,20200521,000000,9.859,9.859,9.859,9.859,6,0
LAB,D,20200522,000000,9.859,9.957,9.859,9.957,89,0
LAB,D,20200525,000000,9.957,9.957,9.957,9.957,109,0
LAB,D,20200526,000000,9.957,9.957,9.957,9.957,6,0
LAB,D,20200527,000000,9.957,9.957,9.859,9.859,99,0
LAB,D,20200528,000000,9.957,9.957,9.957,9.957,7,0
LAB,D,20200529,000000,9.957,9.957,9.957,9.957,6,0
LAB,D,20200601,000000,9.957,10.006,9.957,10.006,119,0
LAB,D,20200602,000000,10.056,10.056,10.006,10.006,7,0
LAB,D,20200603,000000,10.056,10.056,10.056,10.056,7,0
LAB,D,20200604,000000,10.006,10.056,10.006,10.056,6,0
LAB,D,20200605,000000,10.056,10.056,10.056,10.056,7,0
LAB,D,20200608,000000,10.056,10.056,10.056,10.056,7,0
LAB,D,20200609,000000,10.056,10.056,9.642,9.642,3151,0
LAB,D,20200610,000000,9.799,9.799,9.76,9.76,28,0
LAB,D,20200612,000000,9.76,9.76,9.76,9.76,61,0
LAB,D,20200615,000000,9.76,9.76,9.76,9.76,12,0
LAB,D,20200616,000000,9.721,9.721,9.701,9.701,10,0
LAB,D,20200617,000000,9.721,9.721,9.721,9.721,10,0
LAB,D,20200618,000000,9.721,9.721,9.701,9.701,29,0
LAB,D,20200619,000000,9.721,9.721,9.721,9.721,2,0
LAB,D,20200622,000000,9.721,9.721,9.721,9.721,8,0
LAB,D,20200623,000000,9.543,9.543,9.543,9.543,20,0
LAB,D,20200624,000000,9.721,9.721,9.701,9.701,61,0
LAB,D,20200625,000000,9.721,9.721,9.721,9.721,6,0
LAB,D,20200626,000000,9.721,9.721,9.721,9.721,10,0
LAB,D,20200629,000000,9.721,9.721,9.721,9.721,10,0
LAB,D,20200630,000000,9.681,9.681,9.4642,9.4642,53,0
LAB,D,20200701,000000,9.4642,9.583,9.3657,9.583,363,0
LAB,D,20200702,000000,9.583,9.583,9.583,9.583,15,0
LAB,D,20200703,000000,9.583,9.583,9.583,9.583,33,0
LAB,D,20200706,000000,9.583,9.583,9.583,9.583,101,0
LAB,D,20200707,000000,9.602,9.602,9.602,9.602,113,0
LAB,D,20200708,000000,9.859,9.859,9.721,9.721,9,0
LAB,D,20200709,000000,9.859,9.859,9.721,9.78,1665,0
LAB,D,20200710,000000,9.859,9.859,9.859,9.859,10,0
LAB,D,20200713,000000,9.859,9.859,9.484,9.76,315,0
LAB,D,20200714,000000,9.76,9.76,9.484,9.76,333,0
LAB,D,20200715,000000,9.76,9.76,9.76,9.76,10,0
LAB,D,20200716,000000,9.76,9.76,9.76,9.76,10,0
LAB,D,20200717,000000,10,10,10,10,10,0
LAB,D,20200720,000000,9.96,9.96,9.96,9.96,9,0
LAB,D,20200721,000000,9.96,9.96,9.96,9.96,13,0
LAB,D,20200722,000000,9.96,9.96,9.96,9.96,12,0
LAB,D,20200723,000000,9.96,9.96,9.78,9.78,11,0
LAB,D,20200724,000000,9.96,9.96,9.9,9.9,5,0
LAB,D,20200727,000000,9.92,9.96,9.7,9.7,18,0
LAB,D,20200728,000000,9.72,9.72,9.6,9.6,62,0
LAB,D,20200729,000000,9.86,9.86,9.56,9.7,123,0
LAB,D,20200730,000000,9.74,9.74,9.74,9.74,10,0
LAB,D,20200731,000000,9.74,9.74,9.74,9.74,10,0
LAB,D,20200803,000000,9.74,9.74,9.74,9.74,38,0
LAB,D,20200804,000000,9.82,9.82,9.76,9.76,10,0
LAB,D,20200805,000000,9.82,9.82,9.76,9.76,25,0
LAB,D,20200806,000000,9.76,9.76,9.76,9.76,25,0
LAB,D,20200807,000000,9.76,9.76,9.76,9.76,10,0
LAB,D,20200810,000000,9.76,9.76,9.76,9.76,62,0
LAB,D,20200811,000000,9.74,9.74,9.74,9.74,18,0
LAB,D,20200812,000000,9.74,9.74,9.74,9.74,10,0
LAB,D,20200813,000000,9.74,9.74,9.74,9.74,11,0
LAB,D,20200814,000000,9.74,9.74,9.74,9.74,18,0
LAB,D,20200817,000000,9.74,9.74,9.74,9.74,14,0
LAB,D,20200818,000000,9.74,9.74,9.74,9.74,94,0
LAB,D,20200819,000000,9.76,9.76,9.76,9.76,2,0
LAB,D,20200820,000000,9.94,9.94,9.94,9.94,2,0
LAB,D,20200821,000000,9.76,9.76,9.76,9.76,2,0
