<TICKER>,<PER>,<DATE>,<TIME>,<OPEN>,<HIGH>,<LOW>,<CLOSE>,<VOL>,<OPENINT>
LVC,D,20140411,000000,15.275,15.275,14.372,14.65,172725,0
LVC,D,20140414,000000,14.563,14.563,14.135,14.253,46775,0
LVC,D,20140415,000000,14.253,14.388,14.174,14.245,4181,0
LVC,D,20140416,000000,14.245,14.356,14.174,14.174,4114,0
LVC,D,20140417,000000,14.094,14.411,14.094,14.253,4486,0
LVC,D,20140422,000000,14.482,14.722,14.293,14.688,2729,0
LVC,D,20140423,000000,14.65,14.73,14.571,14.688,8863,0
LVC,D,20140424,000000,14.688,14.688,14.681,14.681,1149,0
LVC,D,20140425,000000,14.554,14.65,14.253,14.65,11154,0
LVC,D,20140428,000000,14.688,14.688,14.261,14.642,1033,0
LVC,D,20140429,000000,14.642,14.642,14.253,14.642,1844,0
LVC,D,20140430,000000,14.688,14.688,14.253,14.563,3951,0
LVC,D,20140502,000000,14.634,14.634,14.253,14.253,4531,0
LVC,D,20140505,000000,14.571,14.617,14.334,14.334,872,0
LVC,D,20140506,000000,14.334,14.492,14.253,14.334,1539,0
LVC,D,20140507,000000,14.253,14.261,14.079,14.207,8464,0
LVC,D,20140508,000000,14.207,14.214,14.18,14.18,1941,0
LVC,D,20140509,000000,14.189,14.189,14.015,14.015,910,0
LVC,D,20140512,000000,14.015,14.088,13.239,13.619,73325,0
LVC,D,20140513,000000,13.771,13.771,13.461,13.605,3193,0
LVC,D,20140514,000000,13.477,13.477,13.382,13.477,17584,0
LVC,D,20140515,000000,13.461,13.856,13.461,13.856,384,0
LVC,D,20140516,000000,13.849,13.856,13.461,13.849,2896,0
LVC,D,20140519,000000,13.817,13.817,13.817,13.817,10,0
LVC,D,20140520,000000,13.548,13.581,13.207,13.555,1911,0
LVC,D,20140521,000000,13.548,13.564,13.185,13.501,982,0
LVC,D,20140522,000000,13.572,14.207,13.461,14.207,4025,0
LVC,D,20140523,000000,14.135,14.245,14.135,14.245,1276,0
LVC,D,20140526,000000,14.245,14.293,14.245,14.293,5,0
LVC,D,20140527,000000,14.253,14.253,14.056,14.236,844,0
LVC,D,20140528,000000,14.245,14.245,14.245,14.245,10,0
LVC,D,20140529,000000,14.094,14.094,13.937,14.015,547,0
LVC,D,20140530,000000,13.937,14.642,13.699,14.642,6374,0
LVC,D,20140602,000000,14.609,14.609,14.094,14.207,1458,0
LVC,D,20140603,000000,14.253,14.253,13.494,14.135,315,0
LVC,D,20140604,000000,13.619,14.135,13.619,14.094,897,0
LVC,D,20140605,000000,13.778,13.974,13.778,13.974,489,0
LVC,D,20140606,000000,14.094,14.451,13.951,13.951,14744,0
LVC,D,20140609,000000,14.207,14.531,13.856,14.531,5100,0
LVC,D,20140610,000000,14.625,14.634,14.492,14.492,3563,0
LVC,D,20140611,000000,14.492,14.492,14.253,14.435,1404,0
LVC,D,20140612,000000,14.435,14.435,14.411,14.428,397,0
LVC,D,20140613,000000,14.253,14.418,14.253,14.418,940,0
LVC,D,20140616,000000,14.411,14.411,13.937,14.363,1218,0
LVC,D,20140617,000000,14.418,14.418,14.109,14.411,2085,0
LVC,D,20140618,000000,14.403,14.451,14.403,14.411,565,0
LVC,D,20140620,000000,14.451,14.451,14.411,14.451,442,0
LVC,D,20140623,000000,14.411,14.411,14.411,14.411,43,0
LVC,D,20140624,000000,14.474,14.474,14.174,14.443,704,0
LVC,D,20140625,000000,14.469,14.469,14.411,14.411,557,0
LVC,D,20140626,000000,13.905,14.403,13.905,14.403,3160,0
LVC,D,20140627,000000,14.411,14.411,14.334,14.334,15,0
LVC,D,20140630,000000,14.396,14.396,14.101,14.253,552,0
LVC,D,20140701,000000,14.253,14.253,13.937,13.937,206,0
LVC,D,20140702,000000,14.135,14.174,13.738,14.174,4596,0
LVC,D,20140703,000000,14.174,14.174,14.174,14.174,10,0
LVC,D,20140704,000000,14.174,14.174,14.174,14.174,10,0
LVC,D,20140707,000000,14.174,14.174,14.168,14.168,1907,0
LVC,D,20140708,000000,14.174,14.174,14.094,14.15,2570,0
LVC,D,20140709,000000,14.15,14.15,13.778,14.141,1303,0
LVC,D,20140710,000000,14.141,14.141,13.738,14.117,3178,0
LVC,D,20140711,000000,14.117,14.117,13.778,14.015,1724,0
LVC,D,20140714,000000,13.706,14.071,13.706,14.071,1680,0
LVC,D,20140715,000000,14.071,14.071,13.756,13.974,813,0
LVC,D,20140716,000000,14.071,14.071,13.588,13.809,1302,0
LVC,D,20140717,000000,13.889,13.889,13.461,13.856,2204,0
LVC,D,20140718,000000,13.849,14.071,13.539,14.071,1401,0
LVC,D,20140721,000000,13.856,13.856,13.461,13.738,2313,0
LVC,D,20140722,000000,13.771,13.874,13.699,13.699,83,0
LVC,D,20140723,000000,13.619,13.699,13.619,13.699,282,0
LVC,D,20140724,000000,13.699,13.699,13.651,13.651,2290,0
LVC,D,20140725,000000,13.841,13.841,13.525,13.596,11636,0
LVC,D,20140728,000000,13.922,13.922,13.817,13.817,3793,0
LVC,D,20140729,000000,13.348,13.713,13.348,13.551,10421,0
LVC,D,20140730,000000,13.584,13.584,13.43,13.511,313,0
LVC,D,20140731,000000,13.495,13.495,13.332,13.495,2955,0
LVC,D,20140801,000000,13.551,13.551,12.945,13.533,5511,0
LVC,D,20140804,000000,13.43,13.671,13.43,13.624,5006,0
LVC,D,20140805,000000,13.754,13.754,13.105,13.105,961,0
LVC,D,20140806,000000,13.146,13.146,12.945,12.945,6371,0
LVC,D,20140807,000000,12.936,12.936,12.135,12.669,20973,0
LVC,D,20140808,000000,12.669,12.669,11.65,12.298,11620,0
LVC,D,20140811,000000,12.451,12.451,12.288,12.298,2485,0
LVC,D,20140812,000000,12.49,12.49,12.135,12.288,104,0
LVC,D,20140813,000000,12.483,12.483,12.298,12.298,132,0
LVC,D,20140814,000000,12.49,12.49,11.934,12.298,428,0
LVC,D,20140818,000000,12.49,12.49,12.014,12.379,606,0
LVC,D,20140819,000000,12.37,12.37,12.135,12.298,895,0
LVC,D,20140820,000000,12.298,12.298,11.973,12.298,1324,0
LVC,D,20140821,000000,12.298,12.298,12.135,12.135,165,0
LVC,D,20140822,000000,12.176,12.298,12.176,12.298,692,0
LVC,D,20140825,000000,12.143,12.945,12.143,12.538,846,0
LVC,D,20140826,000000,12.538,12.538,12.176,12.288,67,0
LVC,D,20140827,000000,12.288,12.288,12.217,12.288,752,0
LVC,D,20140828,000000,12.288,12.288,12.135,12.135,12847,0
LVC,D,20140829,000000,12.135,12.135,11.779,11.973,16545,0
LVC,D,20140901,000000,12.135,12.135,11.488,12.127,14935,0
LVC,D,20140902,000000,12.135,12.135,11.732,12.127,4407,0
LVC,D,20140903,000000,11.812,12.945,11.812,12.945,2660,0
LVC,D,20140904,000000,12.945,13.026,12.63,13.018,3578,0
LVC,D,20140905,000000,13.026,13.026,12.459,12.459,985,0
LVC,D,20140908,000000,12.538,12.538,12.135,12.531,1440,0
LVC,D,20140909,000000,12.531,12.531,12.055,12.135,174884,0
LVC,D,20140910,000000,12.255,12.255,12.135,12.199,175022,0
LVC,D,20140911,000000,12.929,12.929,12.379,12.419,2256,0
LVC,D,20140912,000000,12.499,12.856,12.499,12.856,50774,0
LVC,D,20140915,000000,12.936,13.388,12.864,13.114,25978,0
LVC,D,20140916,000000,13.105,13.439,13.105,13.43,43561,0
LVC,D,20140917,000000,13.446,14.149,13.446,13.77,31957,0
LVC,D,20140918,000000,13.988,14.158,13.77,14.158,33117,0
LVC,D,20140919,000000,14.473,14.473,14.433,14.433,563,0
LVC,D,20140922,000000,14.544,14.544,14.237,14.392,844,0
LVC,D,20140923,000000,14.4,14.674,14.392,14.563,4158,0
LVC,D,20140924,000000,14.563,14.563,14.48,14.563,7239,0
LVC,D,20140925,000000,14.563,14.563,14.02,14.563,4970,0
LVC,D,20140926,000000,14.174,14.563,14.167,14.563,3930,0
LVC,D,20140929,000000,14.563,14.804,14.48,14.796,11310,0
LVC,D,20140930,000000,14.796,14.804,14.32,14.804,20433,0
LVC,D,20141001,000000,14.804,14.804,14.577,14.804,19085,0
LVC,D,20141002,000000,14.804,14.804,14.716,14.789,49634,0
LVC,D,20141003,000000,14.804,14.804,14.499,14.504,61858,0
LVC,D,20141006,000000,14.48,14.918,14.48,14.918,23114,0
LVC,D,20141007,000000,14.926,14.926,14.627,14.886,31073,0
LVC,D,20141008,000000,14.926,14.926,14.594,14.886,39675,0
LVC,D,20141009,000000,14.926,14.926,14.886,14.886,15238,0
LVC,D,20141010,000000,14.926,14.967,14.886,14.886,16323,0
LVC,D,20141013,000000,14.926,15.065,14.926,15.047,14332,0
LVC,D,20141014,000000,15.008,15.047,14.845,14.845,39315,0
LVC,D,20141015,000000,14.926,14.926,14.563,14.732,476,0
LVC,D,20141016,000000,14.876,14.976,14.603,14.976,50107,0
LVC,D,20141017,000000,15.008,15.047,14.967,14.967,5745,0
LVC,D,20141020,000000,14.967,14.967,14.967,14.967,20,0
LVC,D,20141021,000000,14.967,14.967,14.967,14.967,12366,0
LVC,D,20141022,000000,15.04,15.04,14.967,14.967,12491,0
LVC,D,20141023,000000,14.967,14.967,14.967,14.967,12497,0
LVC,D,20141024,000000,14.967,14.967,14.725,14.967,2570,0
LVC,D,20141027,000000,15.04,15.04,14.958,14.958,132,0
LVC,D,20141028,000000,14.958,14.958,14.958,14.958,5,0
LVC,D,20141029,000000,14.958,14.958,14.958,14.958,3,0
LVC,D,20141030,000000,14.958,14.958,14.876,14.876,6,0
LVC,D,20141031,000000,14.948,14.948,14.563,14.563,6,0
LVC,D,20141103,000000,14.61,14.61,13.997,14.513,2247,0
LVC,D,20141104,000000,14.456,14.473,14.237,14.473,730,0
LVC,D,20141105,000000,14.563,15.371,14.513,14.571,5386,0
LVC,D,20141106,000000,14.594,14.683,14.594,14.683,61,0
LVC,D,20141107,000000,15.282,15.282,14.732,14.967,332,0
LVC,D,20141110,000000,15.24,15.248,15.201,15.201,3378,0
LVC,D,20141112,000000,15.226,15.695,15.169,15.525,53423,0
LVC,D,20141113,000000,15.492,16.14,15.492,16.058,2255,0
LVC,D,20141114,000000,16.058,16.058,15.614,16.058,1309,0
LVC,D,20141117,000000,16.017,16.017,15.614,15.961,137,0
LVC,D,20141118,000000,15.961,16.14,15.574,15.574,1657,0
LVC,D,20141119,000000,15.849,15.849,15.412,15.453,265,0
LVC,D,20141120,000000,15.363,15.363,14.82,15.185,218,0
LVC,D,20141121,000000,15.185,15.363,15.185,15.291,359,0
LVC,D,20141124,000000,15.363,15.363,15.275,15.275,1257,0
LVC,D,20141125,000000,15.363,15.777,15.363,15.548,32339,0
LVC,D,20141126,000000,15.614,18.203,15.614,18.203,59314,0
LVC,D,20141127,000000,17.798,18.203,16.803,17.967,8968,0
LVC,D,20141128,000000,17.984,20.55,17.976,20.233,65643,0
LVC,D,20141201,000000,20.233,22.441,20.225,22.441,232976,0
LVC,D,20141202,000000,22.652,22.652,21.034,21.683,7423,0
LVC,D,20141203,000000,20.913,24.188,20.913,24.188,25036,0
LVC,D,20141204,000000,24.27,25.401,22.91,22.91,169533,0
LVC,D,20141205,000000,22.91,24.674,22.652,24.634,7900,0
LVC,D,20141208,000000,24.634,25.079,22.974,23.445,10527,0
LVC,D,20141209,000000,23.055,23.097,21.398,21.398,7019,0
LVC,D,20141210,000000,21.406,22.627,21.406,22.157,613,0
LVC,D,20141211,000000,22.077,22.077,20.33,21.051,4537,0
LVC,D,20141212,000000,21.842,24.107,20.75,24.107,13892,0
LVC,D,20141215,000000,22.815,23.461,22.66,23.137,920,0
LVC,D,20141216,000000,22.328,22.328,21.842,21.842,5906,0
LVC,D,20141217,000000,21.842,23.137,21.842,23.055,1257,0
LVC,D,20141218,000000,23.137,23.461,22.974,23.461,24564,0
LVC,D,20141219,000000,23.864,23.986,22.895,23.461,19439,0
LVC,D,20141222,000000,23.986,23.986,22.927,23.801,213,0
LVC,D,20141223,000000,22.974,23.854,22.974,23.461,1708,0
LVC,D,20141229,000000,23.801,23.801,22.652,22.652,9300,0
LVC,D,20141230,000000,22.652,22.652,21.504,22.643,38758,0
LVC,D,20150102,000000,22.643,23.032,21.924,22.077,739,0
LVC,D,20150105,000000,22.248,22.845,22.248,22.652,1169,0
LVC,D,20150107,000000,22.166,22.66,22.166,22.652,1141,0
LVC,D,20150108,000000,22.643,22.643,21.842,22.248,9080,0
LVC,D,20150109,000000,22.232,22.248,21.721,22.248,4585,0
LVC,D,20150112,000000,22.4,23.372,22.166,22.974,24609,0
LVC,D,20150113,000000,22.539,22.539,22.386,22.418,374,0
LVC,D,20150114,000000,22.013,22.571,22.004,22.248,354,0
LVC,D,20150115,000000,22.095,22.095,22.085,22.085,667,0
LVC,D,20150116,000000,22.095,22.643,22.085,22.643,161,0
LVC,D,20150119,000000,22.643,22.643,21.485,21.842,14008,0
LVC,D,20150120,000000,21.884,22.045,21.884,21.884,3820,0
LVC,D,20150121,000000,21.867,22.166,21.478,22.166,7530,0
LVC,D,20150122,000000,22.272,22.272,21.924,21.932,961,0
LVC,D,20150123,000000,22.239,22.239,22.127,22.127,244,0
LVC,D,20150126,000000,22.199,23.016,22.199,22.878,8559,0
LVC,D,20150127,000000,23.614,26.396,23.193,26.396,57540,0
LVC,D,20150128,000000,26.899,28.232,25.321,26.333,10303,0
LVC,D,20150129,000000,27.507,27.991,25.263,26.092,40963,0
LVC,D,20150130,000000,26.202,26.858,25.485,26.858,8107,0
LVC,D,20150202,000000,27.062,27.062,25.655,26.696,3996,0
LVC,D,20150203,000000,26.842,26.842,25.879,25.879,3242,0
LVC,D,20150204,000000,25.879,25.887,24.834,25.887,35121,0
LVC,D,20150205,000000,25.887,27.345,25.485,27.1,21462,0
LVC,D,20150206,000000,27.092,27.263,27.019,27.263,1821,0
LVC,D,20150209,000000,27.863,27.863,26.534,26.534,15347,0
LVC,D,20150210,000000,26.453,26.696,25.645,25.993,9912,0
LVC,D,20150211,000000,25.986,25.986,25.524,25.677,606,0
LVC,D,20150212,000000,25.887,26.657,25.887,26.657,23267,0
LVC,D,20150213,000000,26.228,26.616,25.937,26.179,7238,0
LVC,D,20150216,000000,26.195,26.696,26.17,26.202,80882,0
LVC,D,20150217,000000,26.202,26.867,25.966,26.688,58964,0
LVC,D,20150218,000000,26.688,26.696,26.396,26.396,1876,0
LVC,D,20150219,000000,26.6,27.263,26.396,27.263,2838,0
LVC,D,20150220,000000,27.263,28.094,27.263,27.911,4146,0
LVC,D,20150223,000000,28.232,29.772,28.232,29.124,7505,0
LVC,D,20150224,000000,29.447,29.447,28.614,29.124,5141,0
LVC,D,20150225,000000,28.761,28.761,27.585,28.315,1579,0
LVC,D,20150226,000000,28.923,28.923,27.585,28.59,830,0
LVC,D,20150227,000000,28.486,29.115,28.486,29.1,4089,0
LVC,D,20150302,000000,29.124,29.124,27.507,28.954,5029,0
LVC,D,20150303,000000,28.72,28.72,27.829,27.829,4196,0
LVC,D,20150304,000000,27.644,28.291,27.507,28.203,3226,0
LVC,D,20150305,000000,28.032,28.275,27.991,28.265,646,0
LVC,D,20150306,000000,27.911,27.943,26.787,26.787,3861,0
LVC,D,20150309,000000,26.971,27.732,25.986,27.732,14033,0
LVC,D,20150310,000000,27.741,28.799,27.652,28.72,13913,0
LVC,D,20150311,000000,28.72,28.72,27.951,27.991,312,0
LVC,D,20150313,000000,27.991,28.315,27.507,27.507,1374,0
LVC,D,20150316,000000,27.895,28.232,27.594,27.709,1836,0
LVC,D,20150317,000000,27.514,27.585,27.385,27.385,733,0
LVC,D,20150318,000000,27.287,27.385,27.224,27.224,351,0
LVC,D,20150319,000000,27.303,28.232,27.263,28.113,2680,0
LVC,D,20150320,000000,28.113,28.232,27.507,28.232,2096,0
LVC,D,20150323,000000,27.829,28.219,27.424,27.934,3108,0
LVC,D,20150324,000000,27.911,28.72,27.911,28.598,29127,0
LVC,D,20150325,000000,28.203,28.203,27.263,27.465,1112,0
LVC,D,20150326,000000,27.829,27.903,27.465,27.748,1644,0
LVC,D,20150327,000000,27.911,28.315,27.263,27.377,14724,0
LVC,D,20150330,000000,27.748,28.623,27.182,27.182,14907,0
LVC,D,20150331,000000,26.777,26.777,26.333,26.396,19887,0
LVC,D,20150401,000000,26.534,28.113,26.534,27.507,55871,0
LVC,D,20150402,000000,28.015,28.232,27.911,28.065,6279,0
LVC,D,20150407,000000,28.094,28.638,27.919,27.919,4046,0
LVC,D,20150408,000000,27.919,27.919,27.109,27.666,3523,0
LVC,D,20150409,000000,27.666,27.666,26.858,26.924,5611,0
LVC,D,20150410,000000,26.942,27.1,26.696,26.942,6779,0
LVC,D,20150413,000000,27.019,27.019,25.887,26.13,5361,0
LVC,D,20150414,000000,26.058,26.058,23.864,24.657,10883,0
LVC,D,20150415,000000,24.634,25.562,24.27,25.562,4387,0
LVC,D,20150416,000000,25.562,26.13,25.562,25.734,1884,0
LVC,D,20150417,000000,26.17,26.17,25.401,25.401,3016,0
LVC,D,20150420,000000,25.394,25.394,24.715,25.079,2004,0
LVC,D,20150421,000000,25.079,25.378,24.715,24.715,2101,0
LVC,D,20150422,000000,24.82,25.038,24.698,24.957,1055,0
LVC,D,20150423,000000,25.079,25.394,24.957,25.241,2548,0
LVC,D,20150424,000000,25.079,25.485,25.079,25.079,2207,0
LVC,D,20150427,000000,25.281,25.281,24.385,25.079,6547,0
LVC,D,20150428,000000,25.208,25.208,24.43,25.071,825,0
LVC,D,20150429,000000,25.071,25.071,24.27,24.652,8042,0
LVC,D,20150430,000000,25.006,25.006,24.278,24.278,2136,0
LVC,D,20150504,000000,24.27,24.674,24.27,24.457,5842,0
LVC,D,20150505,000000,24.674,24.996,24.513,24.723,11835,0
LVC,D,20150506,000000,24.796,24.796,24.319,24.513,4515,0
LVC,D,20150507,000000,24.529,24.634,24.523,24.585,7990,0
LVC,D,20150508,000000,24.796,25.443,24.755,25.241,1095,0
LVC,D,20150511,000000,26.292,26.543,25.887,26.543,12209,0
LVC,D,20150512,000000,26.68,26.696,26.292,26.534,8957,0
LVC,D,20150513,000000,26.13,26.777,25.095,26.763,15067,0
LVC,D,20150514,000000,26.688,26.688,25.645,25.887,1672,0
LVC,D,20150515,000000,26.292,26.292,25.499,26.292,853,0
LVC,D,20150518,000000,26.292,26.292,24.188,24.188,8492,0
LVC,D,20150519,000000,25.485,26.518,24.834,26.518,27325,0
LVC,D,20150520,000000,26.496,26.496,25.079,26.284,23004,0
LVC,D,20150521,000000,26.195,26.195,25.604,26.018,579,0
LVC,D,20150522,000000,25.685,25.966,25.685,25.808,2634,0
LVC,D,20150525,000000,25.798,25.929,25.685,25.887,591,0
LVC,D,20150526,000000,25.887,26.688,25.734,26.446,21649,0
LVC,D,20150527,000000,26.446,26.496,25.485,26.496,1512,0
LVC,D,20150528,000000,26.453,26.496,25.572,26.374,2471,0
LVC,D,20150529,000000,26.453,26.496,26.374,26.496,3382,0
LVC,D,20150601,000000,26.526,26.526,25.887,26.477,1015,0
LVC,D,20150602,000000,26.477,26.534,26.292,26.534,887,0
LVC,D,20150603,000000,26.575,26.575,25.895,26.413,1046,0
LVC,D,20150605,000000,26.374,26.374,25.613,25.613,1791,0
LVC,D,20150608,000000,25.338,26.17,25.321,26.041,1280,0
LVC,D,20150609,000000,26.13,26.155,25.079,25.321,4580,0
LVC,D,20150610,000000,25.321,25.887,25.321,25.443,1212,0
LVC,D,20150611,000000,25.562,25.887,25.321,25.725,2961,0
LVC,D,20150612,000000,25.241,25.241,24.941,25.047,1051,0
LVC,D,20150615,000000,25.241,25.677,24.925,25.677,623,0
LVC,D,20150616,000000,25.669,25.669,24.996,25.321,1146,0
LVC,D,20150617,000000,25.524,25.562,25.517,25.562,713,0
LVC,D,20150618,000000,25.321,25.321,24.674,24.876,1817,0
LVC,D,20150619,000000,25.419,25.419,24.278,24.278,3096,0
LVC,D,20150622,000000,24.755,24.755,22.506,24.229,20841,0
LVC,D,20150623,000000,24.027,24.188,23.244,24.188,4581,0
LVC,D,20150624,000000,23.664,24.132,23.297,24.132,2513,0
LVC,D,20150625,000000,24.124,24.188,23.468,24.14,2051,0
LVC,D,20150626,000000,23.922,23.922,23.849,23.914,1872,0
LVC,D,20150629,000000,23.445,23.445,21.116,22.935,8964,0
LVC,D,20150630,000000,22.895,22.895,22.378,22.878,1519,0
LVC,D,20150701,000000,22.465,22.967,22.265,22.652,8558,0
LVC,D,20150702,000000,22.652,22.853,22.328,22.328,3480,0
LVC,D,20150703,000000,22.652,22.652,22.248,22.532,2698,0
LVC,D,20150706,000000,22.045,23.453,22.045,23.372,2237,0
LVC,D,20150707,000000,24.188,24.261,22.652,23.137,2938,0
LVC,D,20150708,000000,22.853,22.853,22.408,22.408,966,0
LVC,D,20150709,000000,22.248,22.652,22.248,22.49,584,0
LVC,D,20150710,000000,23.703,23.785,23.461,23.785,617,0
LVC,D,20150713,000000,24.27,24.504,23.947,24.188,3210,0
LVC,D,20150714,000000,24.034,24.034,23.864,23.864,201,0
LVC,D,20150715,000000,24.261,24.666,24.076,24.076,9836,0
LVC,D,20150716,000000,24.261,24.918,24.027,24.918,4659,0
LVC,D,20150717,000000,25.071,25.095,24.43,24.43,1239,0
LVC,D,20150720,000000,24.472,24.472,24.027,24.27,1596,0
LVC,D,20150721,000000,24.472,24.472,23.664,24.027,4044,0
LVC,D,20150722,000000,24.732,24.732,23.177,23.81,7919,0
LVC,D,20150723,000000,24.261,24.261,23.468,23.502,607,0
LVC,D,20150724,000000,23.51,23.655,23.51,23.655,186,0
LVC,D,20150727,000000,24.067,24.067,23.502,23.864,1212,0
LVC,D,20150728,000000,23.592,24.371,23.261,24.048,1345,0
LVC,D,20150729,000000,24.123,24.123,24.038,24.038,434,0
LVC,D,20150730,000000,24.038,24.206,24.038,24.206,852,0
LVC,D,20150731,000000,24.038,24.337,24.038,24.337,819,0
LVC,D,20150803,000000,24.337,24.361,24.038,24.361,1517,0
LVC,D,20150804,000000,24.446,24.455,24.038,24.455,10480,0
LVC,D,20150805,000000,22.795,24.455,22.795,24.455,860,0
LVC,D,20150806,000000,24.853,24.867,23.874,23.998,887,0
LVC,D,20150807,000000,24.038,24.038,23.791,24.038,12997,0
LVC,D,20150810,000000,24.123,24.446,24.038,24.446,896,0
LVC,D,20150811,000000,25.117,25.44,24.646,25.44,15478,0
LVC,D,20150812,000000,25.45,25.45,25.224,25.368,533,0
LVC,D,20150813,000000,25.573,25.573,25.283,25.563,1363,0
LVC,D,20150814,000000,25.573,25.573,25.242,25.45,1722,0
LVC,D,20150817,000000,25.582,26.111,25.283,26.003,9438,0
LVC,D,20150818,000000,26.028,26.518,25.781,26.518,19063,0
LVC,D,20150819,000000,26.51,27.357,26.392,27.19,11984,0
LVC,D,20150820,000000,27.357,27.357,27.066,27.272,1729,0
LVC,D,20150821,000000,27.232,27.232,26.028,26.111,1549,0
LVC,D,20150824,000000,24.867,24.867,22.382,23.292,16440,0
LVC,D,20150825,000000,23.292,25.191,23.292,24.867,2546,0
LVC,D,20150826,000000,25.25,25.25,24.038,24.455,2244,0
LVC,D,20150827,000000,24.537,25.658,24.537,25.648,838,0
LVC,D,20150828,000000,25.648,25.658,24.627,25.638,1697,0
LVC,D,20150831,000000,25.697,25.697,24.537,25.323,902,0
LVC,D,20150901,000000,25.45,25.45,24.479,25.242,1923,0
LVC,D,20150902,000000,25.45,26.525,25.117,25.923,11232,0
LVC,D,20150903,000000,26.235,26.51,25.697,26.111,928,0
LVC,D,20150904,000000,26.525,26.525,25.291,26.028,5176,0
LVC,D,20150907,000000,25.034,26.153,25.034,26.153,726,0
LVC,D,20150908,000000,26.153,26.153,25.051,25.242,3282,0
LVC,D,20150909,000000,26.105,26.105,25.242,25.498,731,0
LVC,D,20150910,000000,25.923,26.105,25.73,25.73,55938,0
LVC,D,20150911,000000,26.111,26.111,25.283,26.111,62120,0
LVC,D,20150914,000000,26.111,26.153,25.739,26.111,1195,0
LVC,D,20150915,000000,26.111,26.111,25.323,26.105,2113,0
LVC,D,20150916,000000,26.105,26.105,25.864,26.028,735,0
LVC,D,20150917,000000,26.095,26.095,25.615,25.615,1833,0
LVC,D,20150918,000000,25.615,25.638,25.615,25.615,397,0
LVC,D,20150921,000000,25.947,26.187,25.947,26.187,2699,0
LVC,D,20150922,000000,26.194,26.286,25.473,26.278,2407,0
LVC,D,20150923,000000,26.278,26.278,25.117,25.697,1775,0
LVC,D,20150924,000000,25.697,25.697,25.283,25.697,449,0
LVC,D,20150925,000000,25.697,26.07,25.265,26.07,1127,0
LVC,D,20150928,000000,26.111,26.111,24.959,25.101,3666,0
LVC,D,20150929,000000,24.876,25.689,24.701,25.681,980,0
LVC,D,20150930,000000,26.095,26.105,25.034,26.028,315,0
LVC,D,20151001,000000,26.095,26.111,25.49,25.573,1499,0
LVC,D,20151002,000000,26.028,26.111,25.658,25.658,1215,0
LVC,D,20151005,000000,26.352,28.341,26.352,28.341,235556,0
LVC,D,20151006,000000,28.308,28.972,28.175,28.932,16354,0
LVC,D,20151007,000000,29.013,29.843,28.599,29.436,39145,0
LVC,D,20151008,000000,29.452,30.624,29.429,29.843,5602,0
LVC,D,20151009,000000,30.232,30.504,29.676,30.43,153495,0
LVC,D,20151012,000000,30.422,30.422,29.429,29.843,2891,0
LVC,D,20151013,000000,29.76,29.76,27.81,28.599,127052,0
LVC,D,20151014,000000,28.64,29.429,27.952,28.889,15064,0
LVC,D,20151015,000000,29.429,29.684,29.013,29.684,2276,0
LVC,D,20151016,000000,29.684,30.257,29.676,29.676,3225,0
LVC,D,20151019,000000,30.008,30.09,29.429,29.594,3109,0
LVC,D,20151020,000000,29.676,29.718,29.429,29.676,638,0
LVC,D,20151021,000000,29.361,29.843,29.361,29.509,6221,0
LVC,D,20151022,000000,29.509,29.509,28.532,28.932,4127,0
LVC,D,20151023,000000,28.556,29.013,28.556,29.013,1312,0
LVC,D,20151026,000000,28.997,29.843,28.606,29.799,4114,0
LVC,D,20151027,000000,29.818,29.843,29.509,29.76,5037,0
LVC,D,20151028,000000,29.818,29.818,28.615,29.013,6947,0
LVC,D,20151029,000000,29.013,29.013,28.391,28.391,7719,0
LVC,D,20151030,000000,28.225,28.997,28.225,28.515,8337,0
LVC,D,20151102,000000,28.932,28.932,28.483,28.848,2402,0
LVC,D,20151103,000000,29.047,30.63,29.047,30.498,19041,0
LVC,D,20151104,000000,30.546,30.546,30.257,30.504,6580,0
LVC,D,20151105,000000,30.504,30.538,29.852,30.422,2350,0
LVC,D,20151106,000000,30.422,31.085,29.852,30.845,9738,0
LVC,D,20151109,000000,31.044,31.399,30.853,30.92,24040,0
LVC,D,20151110,000000,31.085,31.45,30.587,31.334,7740,0
LVC,D,20151112,000000,31.408,31.45,31.085,31.45,2443,0
LVC,D,20151113,000000,31.408,31.408,30.341,30.341,2871,0
LVC,D,20151116,000000,30.341,30.581,29.509,30.571,4760,0
LVC,D,20151117,000000,30.571,31.002,30.257,31.002,2167,0
LVC,D,20151118,000000,31.119,31.168,31.044,31.168,2721,0
LVC,D,20151119,000000,31.408,32.106,31.31,32.079,19465,0
LVC,D,20151120,000000,32.245,32.908,31.5,32.661,20815,0
LVC,D,20151123,000000,32.993,32.993,32.079,32.403,6738,0
LVC,D,20151124,000000,32.993,33.141,31.582,31.963,5670,0
LVC,D,20151125,000000,32.33,33.075,32.33,32.974,8178,0
LVC,D,20151126,000000,32.974,33.075,32.353,32.993,3133,0
LVC,D,20151127,000000,32.993,32.993,32.33,32.702,3398,0
LVC,D,20151130,000000,33.067,33.067,32.578,32.578,4797,0
LVC,D,20151201,000000,32.411,32.983,32.411,32.974,1796,0
LVC,D,20151202,000000,33.075,33.973,32.993,33.407,135641,0
LVC,D,20151203,000000,33.821,33.871,32.33,32.494,54963,0
LVC,D,20151204,000000,32.33,32.744,31.508,31.832,6370,0
LVC,D,20151207,000000,32.079,32.96,32.079,32.164,3970,0
LVC,D,20151208,000000,32.245,32.983,32.245,32.494,33121,0
LVC,D,20151209,000000,32.578,33.382,32.164,32.836,39233,0
LVC,D,20151210,000000,33.325,33.34,33.026,33.159,15428,0
LVC,D,20151211,000000,33.167,33.407,31.5,31.5,6464,0
LVC,D,20151214,000000,31.5,31.913,29.635,29.843,17157,0
LVC,D,20151215,000000,29.843,30.581,28.266,29.021,14722,0
LVC,D,20151216,000000,29.22,30.415,29.22,30.09,14438,0
LVC,D,20151217,000000,30.67,31.665,30.67,31.318,6656,0
LVC,D,20151218,000000,31.293,32.015,30.175,30.67,3893,0
LVC,D,20151221,000000,31.085,31.417,31.019,31.094,27450,0
LVC,D,20151222,000000,31.334,31.5,30.09,31.5,37774,0
LVC,D,20151223,000000,31.832,32.33,31.665,32.33,3196,0
LVC,D,20151228,000000,32.735,32.744,31.758,32.744,4930,0
LVC,D,20151229,000000,32.33,33.075,32.33,32.619,29473,0
LVC,D,20151230,000000,32.336,32.744,31.375,32.33,15115,0
LVC,D,20160104,000000,31.5,31.723,30.67,31.5,31616,0
LVC,D,20160105,000000,31.5,32.486,31.484,32.446,4423,0
LVC,D,20160107,000000,31.484,32.245,31.002,32.245,6135,0
LVC,D,20160108,000000,32.321,32.652,31.508,32.569,5956,0
LVC,D,20160111,000000,32.993,33.159,32.561,32.809,2920,0
LVC,D,20160112,000000,32.809,32.993,32.33,32.744,1913,0
LVC,D,20160113,000000,33.117,33.117,31.674,31.674,4413,0
LVC,D,20160114,000000,31.913,32.494,31.707,32.446,26140,0
LVC,D,20160115,000000,32.446,32.446,32.122,32.286,19344,0
LVC,D,20160118,000000,31.7,32.245,31.582,31.707,27168,0
LVC,D,20160119,000000,31.832,32.33,31.75,32.238,50001,0
LVC,D,20160120,000000,32.197,32.197,29.843,30.879,19778,0
LVC,D,20160121,000000,31.252,31.252,29.94,30.53,4554,0
LVC,D,20160122,000000,30.67,31.417,30.504,30.92,20580,0
LVC,D,20160125,000000,31.252,31.674,30.935,31.674,5021,0
LVC,D,20160126,000000,31.101,31.874,30.348,30.67,3378,0
LVC,D,20160127,000000,30.422,31.375,30.422,30.67,3836,0
LVC,D,20160128,000000,30.67,31.293,30.504,30.92,1592,0
LVC,D,20160129,000000,31.168,31.815,31.168,31.625,3898,0
LVC,D,20160201,000000,31.906,32.229,31.524,32.197,1821,0
LVC,D,20160202,000000,31.75,31.75,31.625,31.75,29497,0
LVC,D,20160203,000000,32.245,32.245,31.129,31.5,2670,0
LVC,D,20160204,000000,31.508,31.824,31.129,31.707,5912,0
LVC,D,20160205,000000,31.707,32.211,31.085,31.707,9480,0
LVC,D,20160208,000000,31.7,31.7,30.504,30.504,2503,0
LVC,D,20160209,000000,30.498,30.498,28.474,28.515,26830,0
LVC,D,20160210,000000,29.004,29.17,28.599,28.932,10392,0
LVC,D,20160211,000000,29.676,29.676,28.308,28.881,2298,0
LVC,D,20160212,000000,29.825,29.825,29.178,29.178,5326,0
LVC,D,20160215,000000,29.833,30.341,29.429,29.909,4653,0
LVC,D,20160216,000000,29.909,30.654,29.013,30.654,43638,0
LVC,D,20160217,000000,30.587,30.587,29.843,30.257,15000,0
LVC,D,20160218,000000,30.398,30.398,29.893,29.893,2312,0
LVC,D,20160219,000000,29.843,29.859,29.197,29.833,4699,0
LVC,D,20160222,000000,29.833,30.498,29.013,29.145,10518,0
LVC,D,20160223,000000,30.166,30.166,29.429,29.718,4313,0
LVC,D,20160224,000000,29.799,29.799,28.723,28.972,7744,0
LVC,D,20160225,000000,29.668,29.668,28.64,29.013,5261,0
LVC,D,20160226,000000,28.932,29.594,28.716,29.178,5034,0
LVC,D,20160229,000000,29.188,30.09,29.188,29.394,23598,0
LVC,D,20160301,000000,30.059,30.059,29.111,29.137,3587,0
LVC,D,20160302,000000,29.909,31.168,29.121,29.121,74454,0
LVC,D,20160303,000000,29.28,30.465,29.28,29.76,27307,0
LVC,D,20160304,000000,30.422,30.422,29.361,29.386,54616,0
LVC,D,20160307,000000,29.569,30.05,29.478,29.635,11883,0
LVC,D,20160308,000000,30.158,30.158,29.496,29.594,91350,0
LVC,D,20160309,000000,30.131,30.148,29.501,29.584,27590,0
LVC,D,20160310,000000,29.509,29.676,29.429,29.635,9595,0
LVC,D,20160311,000000,29.843,30.082,29.287,29.626,6513,0
LVC,D,20160314,000000,30.082,30.082,29.626,29.751,7701,0
LVC,D,20160315,000000,29.76,29.76,29.121,29.254,13056,0
LVC,D,20160316,000000,29.626,29.926,29.097,29.926,6284,0
LVC,D,20160317,000000,29.893,31.085,29.893,31.035,33137,0
LVC,D,20160318,000000,31.178,31.997,31.178,31.5,84942,0
LVC,D,20160321,000000,31.832,32.642,29.76,30.587,28696,0
LVC,D,20160322,000000,30.587,30.67,30.341,30.504,7232,0
LVC,D,20160323,000000,30.512,30.67,30.008,30.016,2612,0
LVC,D,20160324,000000,30.008,30.67,29.76,30.587,7341,0
LVC,D,20160329,000000,30.92,31.085,30.008,30.63,3213,0
LVC,D,20160330,000000,30.587,30.587,30.09,30.341,2992,0
LVC,D,20160331,000000,30.796,30.796,30.032,30.341,24407,0
LVC,D,20160401,000000,30.341,30.341,29.76,29.883,6614,0
LVC,D,20160404,000000,30.796,31.683,30.67,31.085,40503,0
LVC,D,20160405,000000,31.094,31.815,30.67,30.753,8498,0
LVC,D,20160406,000000,31.044,31.5,31.035,31.49,5720,0
LVC,D,20160407,000000,31.625,31.78,31.417,31.49,2375,0
LVC,D,20160408,000000,31.5,31.989,31.5,31.832,11773,0
LVC,D,20160411,000000,31.874,34.997,31.874,32.993,51428,0
LVC,D,20160412,000000,33.159,34.725,33.159,34.725,21176,0
LVC,D,20160413,000000,34.816,34.816,33.647,33.895,30327,0
LVC,D,20160414,000000,34.311,34.311,33.159,33.564,5501,0
LVC,D,20160415,000000,33.564,33.564,32.744,33.448,6196,0
LVC,D,20160418,000000,33.479,33.479,32.437,32.85,4787,0
LVC,D,20160419,000000,32.535,33.479,32.535,33.241,5317,0
LVC,D,20160420,000000,33.407,33.407,32.868,33.159,1470,0
LVC,D,20160421,000000,33.325,33.325,32.868,32.993,1406,0
LVC,D,20160422,000000,33.034,33.655,33.034,33.655,4400,0
LVC,D,20160425,000000,33.805,34.642,33.075,34.36,6632,0
LVC,D,20160426,000000,34.401,34.734,34.26,34.642,21828,0
LVC,D,20160427,000000,34.568,34.65,34.394,34.394,811,0
LVC,D,20160428,000000,34.633,34.633,33.241,33.731,2164,0
LVC,D,20160429,000000,33.572,34.559,33.333,34.559,2072,0
LVC,D,20160502,000000,34.401,34.642,33.986,34.401,1020,0
LVC,D,20160504,000000,34.401,34.624,34.004,34.394,3789,0
LVC,D,20160505,000000,34.004,34.394,33.19,33.19,2619,0
LVC,D,20160506,000000,33.407,33.407,32.595,33.407,7549,0
LVC,D,20160509,000000,33.407,33.407,33.159,33.372,1814,0
LVC,D,20160510,000000,33.382,33.407,32.801,32.993,4553,0
LVC,D,20160511,000000,33.182,33.407,33.075,33.4,1606,0
LVC,D,20160512,000000,33.407,33.407,32.908,32.951,2594,0
LVC,D,20160513,000000,32.453,32.453,30.879,31.168,31546,0
LVC,D,20160516,000000,31.334,32.106,31.334,31.997,6259,0
LVC,D,20160517,000000,32.429,33.407,32.33,33.4,36771,0
LVC,D,20160518,000000,33.325,33.407,32.744,33.325,7303,0
LVC,D,20160519,000000,33.316,33.316,32.578,32.578,1362,0
LVC,D,20160520,000000,32.544,33.291,32.544,33.291,507,0
LVC,D,20160523,000000,33.291,33.291,32.039,32.884,2129,0
LVC,D,20160524,000000,32.908,33.215,32.908,33.159,3034,0
LVC,D,20160525,000000,33.215,33.291,32.908,33.291,2814,0
LVC,D,20160527,000000,33.291,33.655,33.159,33.655,2483,0
LVC,D,20160530,000000,33.572,33.696,33.167,33.479,2713,0
LVC,D,20160531,000000,33.273,34.153,33.273,33.904,12357,0
LVC,D,20160601,000000,33.986,34.352,32.362,33.457,10497,0
LVC,D,20160602,000000,32.453,33.977,32.453,33.977,5643,0
LVC,D,20160603,000000,33.977,35.975,33.977,35.272,24067,0
LVC,D,20160606,000000,36.059,36.059,35.562,35.844,118741,0
LVC,D,20160607,000000,36.017,36.017,35.229,35.719,5925,0
LVC,D,20160608,000000,35.71,35.71,35.248,35.248,647,0
LVC,D,20160609,000000,35.239,35.643,34.882,34.89,1111,0
LVC,D,20160610,000000,35.545,35.562,34.401,35.229,4609,0
LVC,D,20160613,000000,35.055,35.975,34.401,34.409,7281,0
LVC,D,20160614,000000,34.409,35.478,34.401,34.401,1736,0
LVC,D,20160615,000000,34.65,34.717,34.568,34.568,1590,0
LVC,D,20160616,000000,34.401,34.401,33.572,33.572,2765,0
LVC,D,20160617,000000,33.572,34.725,33.572,34.725,1982,0
LVC,D,20160620,000000,34.725,36.831,34.401,36.806,43235,0
LVC,D,20160621,000000,36.837,36.837,35.936,36.466,5796,0
LVC,D,20160622,000000,36.466,36.837,36.059,36.059,3832,0
LVC,D,20160623,000000,36.069,36.837,36.069,36.557,2098,0
LVC,D,20160624,000000,34.816,35.643,33.638,34.734,64434,0
LVC,D,20160627,000000,34.782,35.587,33.904,33.986,10877,0
LVC,D,20160628,000000,33.821,36.017,33.821,35.229,22439,0
LVC,D,20160629,000000,36.722,37.717,36.472,37.635,115307,0
LVC,D,20160630,000000,38.133,38.96,38.133,38.928,19070,0
LVC,D,20160701,000000,38.877,39.54,38.803,39.375,7897,0
LVC,D,20160704,000000,38.969,39.747,38.18,38.546,9262,0
LVC,D,20160705,000000,39.293,39.293,35.869,36.259,42550,0
LVC,D,20160706,000000,36.707,37.542,36.384,36.384,14811,0
LVC,D,20160707,000000,36.384,37.128,36.315,36.384,12179,0
LVC,D,20160708,000000,36.391,36.887,36.332,36.332,5849,0
LVC,D,20160711,000000,36.755,37.303,36.059,37.238,11216,0
LVC,D,20160712,000000,36.655,37.634,36.59,37.468,9575,0
LVC,D,20160713,000000,37.37,37.733,36.49,37.261,8966,0
LVC,D,20160714,000000,37.468,37.593,37.178,37.303,3483,0
LVC,D,20160715,000000,37.386,37.451,37.054,37.229,3446,0
LVC,D,20160718,000000,37.261,37.659,37.178,37.468,11428,0
LVC,D,20160719,000000,37.718,37.882,37.443,37.468,10122,0
LVC,D,20160720,000000,37.718,37.718,37.535,37.718,4894,0
LVC,D,20160721,000000,38.124,38.133,37.841,38.133,10104,0
LVC,D,20160722,000000,38.339,39.117,38.312,38.546,73796,0
LVC,D,20160725,000000,38.969,39.79,38.96,39.409,20428,0
LVC,D,20160726,000000,40.443,40.443,39.57,39.773,15678,0
LVC,D,20160727,000000,40.079,40.113,39.773,40.113,2741,0
LVC,D,20160728,000000,40.197,40.197,39.519,39.781,4064,0
LVC,D,20160729,000000,39.824,40.07,39.603,39.95,5422,0
LVC,D,20160801,000000,40.291,41.435,40.206,40.698,14980,0
LVC,D,20160802,000000,40.698,41.358,39.017,39.696,25476,0
LVC,D,20160803,000000,39.865,40.884,39.449,40.715,7155,0
LVC,D,20160804,000000,40.715,40.969,40.163,40.25,7134,0
LVC,D,20160805,000000,40.291,40.8,40.214,40.622,9562,0
LVC,D,20160808,000000,40.715,41.14,40.25,41.087,6951,0
LVC,D,20160809,000000,41.29,42.064,41.29,42.064,22710,0
LVC,D,20160810,000000,42.319,42.319,41.562,42.115,8912,0
LVC,D,20160811,000000,42.156,42.156,41.596,41.596,2540,0
LVC,D,20160812,000000,41.767,41.776,40.824,41.14,13184,0
LVC,D,20160816,000000,41.731,41.987,41.223,41.309,4234,0
LVC,D,20160817,000000,41.648,41.648,41.054,41.351,5737,0
LVC,D,20160818,000000,41.478,41.648,41.14,41.562,2518,0
LVC,D,20160819,000000,41.817,41.987,41.231,41.478,1836,0
LVC,D,20160822,000000,41.946,42.148,41.392,41.902,3904,0
LVC,D,20160823,000000,41.902,43.675,41.884,43.675,6738,0
LVC,D,20160824,000000,43.691,44.107,43.258,43.301,6351,0
LVC,D,20160825,000000,43.258,43.598,41.435,42.41,16270,0
LVC,D,20160826,000000,42.403,43.089,42.394,42.657,2593,0
LVC,D,20160829,000000,42.785,42.836,41.708,41.995,4964,0
LVC,D,20160830,000000,42.326,42.368,41.435,41.562,5272,0
LVC,D,20160831,000000,41.562,42.368,40.079,41.495,11514,0
LVC,D,20160901,000000,41.978,41.978,41.163,41.562,3764,0
LVC,D,20160902,000000,41.85,42.41,41.562,42.384,14033,0
LVC,D,20160905,000000,42.403,42.41,41.995,42.36,173687,0
LVC,D,20160906,000000,42.41,42.793,42.096,42.106,18535,0
LVC,D,20160907,000000,42.793,42.793,41.987,42.224,2678,0
LVC,D,20160908,000000,42.156,42.156,40.715,41.097,6922,0
LVC,D,20160909,000000,41.29,41.648,40.757,40.757,4439,0
LVC,D,20160912,000000,40.715,40.8,40.291,40.383,13037,0
LVC,D,20160913,000000,40.376,41.14,40.376,41.14,12001,0
LVC,D,20160914,000000,41.14,41.859,41.14,41.731,8052,0
LVC,D,20160915,000000,42.115,42.115,41.223,41.723,4773,0
LVC,D,20160916,000000,41.723,43.217,41.223,43.217,14661,0
LVC,D,20160919,000000,43.174,43.174,41.776,42.403,2772,0
LVC,D,20160920,000000,42.319,42.319,41.648,41.776,1297,0
LVC,D,20160921,000000,41.776,42.665,41.351,42.368,4624,0
LVC,D,20160922,000000,42.41,42.41,41.435,42.064,5682,0
LVC,D,20160923,000000,42.072,42.072,41.316,41.392,1621,0
LVC,D,20160926,000000,41.386,41.386,40.715,40.721,6594,0
LVC,D,20160927,000000,41.14,41.14,38.517,39.494,16637,0
LVC,D,20160928,000000,39.104,41.121,39.104,40.528,10607,0
LVC,D,20160929,000000,40.528,40.528,39.95,40.45,3817,0
LVC,D,20160930,000000,40.528,42.41,39.95,42.41,9856,0
LVC,D,20161003,000000,42.326,42.41,41.606,42.41,10309,0
LVC,D,20161004,000000,42.41,42.41,40.545,40.969,20729,0
LVC,D,20161005,000000,41.071,41.14,40.079,40.307,2082,0
LVC,D,20161006,000000,40.121,40.291,39.865,40.053,2462,0
LVC,D,20161007,000000,39.95,40.153,39.366,39.366,8788,0
LVC,D,20161010,000000,39.449,40.035,39.449,39.781,1711,0
LVC,D,20161011,000000,40.214,40.214,39.441,39.441,3905,0
LVC,D,20161012,000000,39.441,39.441,37.329,38.466,23031,0
LVC,D,20161013,000000,38.466,39.231,38.466,39.187,4294,0
LVC,D,20161014,000000,38.552,39.231,38.552,39.017,5784,0
LVC,D,20161017,000000,38.186,39.273,38.186,39.273,4437,0
LVC,D,20161018,000000,39.273,40.113,38.934,39.696,3838,0
LVC,D,20161019,000000,39.696,40.622,39.696,40.613,3633,0
LVC,D,20161020,000000,40.655,40.681,40.206,40.206,333,0
LVC,D,20161021,000000,40.214,40.884,39.865,40.841,9592,0
LVC,D,20161024,000000,40.841,40.876,40.332,40.859,5380,0
LVC,D,20161025,000000,40.876,41.14,40.647,40.715,13939,0
LVC,D,20161026,000000,40.63,40.832,39.935,40.8,3815,0
LVC,D,20161027,000000,40.935,40.935,39.959,40.035,29695,0
LVC,D,20161028,000000,40.586,40.715,39.824,39.969,28004,0
LVC,D,20161031,000000,40.281,40.281,38.603,39.773,9059,0
LVC,D,20161102,000000,40.291,40.504,38.603,38.679,7387,0
LVC,D,20161103,000000,38.637,39.781,38.466,39.511,17544,0
LVC,D,20161104,000000,40.46,40.46,39.017,39.025,27156,0
LVC,D,20161107,000000,39.104,39.824,39.025,39.519,1927,0
LVC,D,20161108,000000,39.773,39.773,38.594,38.848,3272,0
LVC,D,20161109,000000,38.186,39.017,37.407,37.745,13898,0
LVC,D,20161110,000000,38.168,39.781,38.168,38.934,20136,0
LVC,D,20161114,000000,39.104,39.747,38.594,39.104,68733,0
LVC,D,20161115,000000,39.273,39.731,39.145,39.688,7613,0
LVC,D,20161116,000000,39.722,39.722,39.017,39.017,12719,0
LVC,D,20161117,000000,39.57,39.57,38.34,38.585,16696,0
LVC,D,20161118,000000,38.603,39.273,37.839,37.839,30667,0
LVC,D,20161121,000000,37.831,39.001,37.831,38.34,32795,0
LVC,D,20161122,000000,39.231,39.441,38.848,39.441,8538,0
LVC,D,20161123,000000,39.654,40.315,39.145,40.315,13766,0
LVC,D,20161124,000000,40.443,41.614,40.376,41.606,35503,0
LVC,D,20161125,000000,41.776,42.665,41.776,42.496,52866,0
LVC,D,20161128,000000,42.836,42.836,42.003,42.41,7942,0
LVC,D,20161129,000000,42.665,43.258,41.902,42.919,50586,0
LVC,D,20161130,000000,42.919,43.258,42.24,42.24,22876,0
LVC,D,20161201,000000,42.742,42.742,42.156,42.326,9658,0
LVC,D,20161202,000000,41.978,42.41,41.097,41.723,21463,0
LVC,D,20161205,000000,41.868,41.868,40.376,41.723,81704,0
LVC,D,20161206,000000,41.842,41.842,41.309,41.731,7027,0
LVC,D,20161207,000000,42.072,42.581,41.648,41.902,5292,0
LVC,D,20161208,000000,41.91,42.403,41.392,42.326,11252,0
LVC,D,20161209,000000,42.394,44.065,41.987,43.301,527045,0
LVC,D,20161212,000000,43.785,43.785,42.41,43.217,9605,0
LVC,D,20161213,000000,43.598,43.598,42.283,42.919,14141,0
LVC,D,20161214,000000,42.868,43.063,41.648,41.859,21891,0
LVC,D,20161215,000000,42.088,42.996,42.08,42.514,38088,0
LVC,D,20161216,000000,42.707,43.055,42.514,42.826,8778,0
LVC,D,20161219,000000,42.826,42.826,41.648,41.731,12501,0
LVC,D,20161220,000000,41.987,42.403,41.731,41.987,10342,0
LVC,D,20161221,000000,41.817,41.978,41.562,41.859,4801,0
LVC,D,20161222,000000,41.96,41.96,41.14,41.478,2813,0
LVC,D,20161223,000000,41.987,41.987,41.216,41.698,1169,0
LVC,D,20161227,000000,41.223,42.319,41.223,42.029,3837,0
LVC,D,20161228,000000,42.037,42.309,41.267,41.435,7784,0
LVC,D,20161229,000000,41.57,42.277,41.399,41.936,4962,0
LVC,D,20161230,000000,41.936,42.36,41.562,42.156,23515,0
LVC,D,20170102,000000,41.978,43.217,41.978,43.005,13650,0
LVC,D,20170103,000000,43.217,43.258,43.005,43.258,14279,0
LVC,D,20170104,000000,43.258,43.258,43.005,43.166,23961,0
LVC,D,20170105,000000,43.217,43.258,42.836,43.083,32902,0
LVC,D,20170109,000000,42.878,43.217,41.968,41.995,19227,0
LVC,D,20170110,000000,43.047,43.047,41.987,42.021,10421,0
LVC,D,20170111,000000,42.572,42.572,40.138,40.672,36524,0
LVC,D,20170112,000000,40.757,41.3,40.035,40.376,45229,0
LVC,D,20170113,000000,40.376,40.721,39.145,39.672,54337,0
LVC,D,20170116,000000,39.865,41.946,39.865,41.392,28121,0
LVC,D,20170117,000000,41.776,42.665,41.562,41.927,23028,0
LVC,D,20170118,000000,41.987,42.156,40.8,41.562,7019,0
LVC,D,20170119,000000,41.562,41.562,40.63,41.071,9613,0
LVC,D,20170120,000000,41.14,44.618,41.14,44.116,1168194,0
LVC,D,20170123,000000,45.042,45.677,43.895,44.055,49420,0
LVC,D,20170124,000000,44.947,44.947,44.192,44.532,48064,0
LVC,D,20170125,000000,44.956,45.124,44.618,44.785,22483,0
LVC,D,20170126,000000,45.124,45.38,44.793,45.209,26477,0
LVC,D,20170127,000000,45.042,45.38,45.042,45.209,12650,0
LVC,D,20170130,000000,45.209,45.209,44.7,44.956,5422,0
LVC,D,20170131,000000,44.998,44.998,43.225,44.532,36643,0
LVC,D,20170201,000000,44.532,44.532,43.684,44.32,10534,0
LVC,D,20170202,000000,43.895,43.895,41.648,42.623,103376,0
LVC,D,20170203,000000,42.836,43.811,42.751,43.463,8364,0
LVC,D,20170206,000000,43.76,44.022,43.513,44.022,11278,0
LVC,D,20170207,000000,44.107,44.463,43.775,44.192,8791,0
LVC,D,20170208,000000,44.192,44.489,44.107,44.489,10134,0
LVC,D,20170209,000000,44.463,45.287,44.116,44.7,13141,0
LVC,D,20170210,000000,44.7,44.7,43.684,44.447,11079,0
LVC,D,20170213,000000,45.803,46.526,44.752,45.118,51191,0
LVC,D,20170214,000000,41.987,43.258,41.478,42.156,162445,0
LVC,D,20170215,000000,42.818,43.258,42.41,42.836,112155,0
LVC,D,20170216,000000,42.836,43.369,42.836,43.063,10022,0
LVC,D,20170217,000000,43.684,43.853,42.836,42.836,26547,0
LVC,D,20170220,000000,43.174,43.174,42.963,43.089,30781,0
LVC,D,20170221,000000,43.089,43.751,43.005,43.726,19212,0
LVC,D,20170222,000000,43.853,44.532,43.684,44.337,16678,0
LVC,D,20170223,000000,44.532,44.532,43.427,43.853,21862,0
LVC,D,20170224,000000,44.065,44.362,42.836,43.387,16862,0
LVC,D,20170227,000000,43.387,44.107,43.387,43.684,23846,0
LVC,D,20170228,000000,43.684,43.929,43.258,43.301,16097,0
LVC,D,20170301,000000,43.598,43.769,43.258,43.258,17399,0
LVC,D,20170302,000000,43.301,44.438,43.301,43.684,23433,0
LVC,D,20170303,000000,43.769,43.853,43.258,43.684,10791,0
LVC,D,20170306,000000,43.684,43.684,41.606,43.208,34001,0
LVC,D,20170307,000000,42.919,43.005,41.655,42.233,47471,0
LVC,D,20170308,000000,42.291,42.707,40.281,40.969,76855,0
LVC,D,20170309,000000,42.072,43.769,42.072,42.878,216162,0
LVC,D,20170310,000000,44.107,47.924,43.982,45.881,164040,0
LVC,D,20170313,000000,46.228,47.076,45.972,47.041,74743,0
LVC,D,20170314,000000,47.076,47.118,46.228,46.652,30822,0
LVC,D,20170315,000000,46.659,46.823,46.228,46.652,117174,0
LVC,D,20170316,000000,46.652,46.652,45.719,46.228,16492,0
LVC,D,20170317,000000,46.228,46.652,45.736,46.219,7991,0
LVC,D,20170320,000000,46.219,46.219,45.124,45.413,9853,0
LVC,D,20170321,000000,45.38,45.709,45.124,45.209,22972,0
LVC,D,20170322,000000,45.124,45.124,44.107,44.609,20653,0
LVC,D,20170323,000000,44.388,45.617,44.388,45.531,14925,0
LVC,D,20170324,000000,45.803,45.803,44.532,44.956,8169,0
LVC,D,20170327,000000,44.947,44.947,44.107,44.32,5262,0
LVC,D,20170328,000000,44.362,45.38,44.107,45.032,11774,0
LVC,D,20170329,000000,45.042,45.042,44.32,44.872,10891,0
LVC,D,20170330,000000,44.618,44.989,44.107,44.989,8799,0
LVC,D,20170331,000000,44.989,45.38,44.447,45.38,10562,0
LVC,D,20170403,000000,45.591,47.797,45.591,47.5,170971,0
LVC,D,20170404,000000,47.586,48.34,47.118,48.34,38488,0
LVC,D,20170405,000000,48.349,48.349,46.914,48.179,14830,0
LVC,D,20170406,000000,48.179,48.179,47.337,48.051,6710,0
LVC,D,20170407,000000,48.179,48.179,47.517,47.924,29542,0
LVC,D,20170410,000000,47.924,48.127,46.907,46.907,9955,0
LVC,D,20170411,000000,46.914,47.161,46.228,46.313,19201,0
LVC,D,20170412,000000,46.482,46.738,46.313,46.313,4543,0
LVC,D,20170413,000000,46.228,46.27,45.556,45.794,10894,0
LVC,D,20170418,000000,45.794,46.179,45.794,45.822,3666,0
LVC,D,20170419,000000,45.822,46.228,45.803,46.228,9329,0
LVC,D,20170420,000000,46.27,46.567,45.719,46.209,19007,0
LVC,D,20170421,000000,46.228,46.618,45.972,46.507,10392,0
LVC,D,20170424,000000,46.618,48.095,46.44,48.095,23555,0
LVC,D,20170425,000000,48.136,48.349,47.161,47.5,13895,0
LVC,D,20170426,000000,47.831,47.831,45.254,46.634,109905,0
LVC,D,20170427,000000,46.652,47.288,46.236,47.288,31233,0
LVC,D,20170428,000000,47.491,47.5,46.652,47.288,11416,0
LVC,D,20170502,000000,47.517,48.179,47.517,47.797,21620,0
LVC,D,20170504,000000,47.755,47.797,46.61,46.652,38607,0
LVC,D,20170505,000000,46.998,46.998,45.972,46.567,7430,0
LVC,D,20170508,000000,46.804,46.804,46.066,46.397,3078,0
LVC,D,20170509,000000,46.313,46.644,44.947,45.294,87178,0
LVC,D,20170510,000000,45.287,45.702,45.209,45.38,16111,0
LVC,D,20170511,000000,45.38,46.135,45.254,45.803,82788,0
LVC,D,20170512,000000,46.135,46.135,44.963,45.803,17055,0
LVC,D,20170515,000000,45.803,46.814,45.396,46.814,13484,0
LVC,D,20170516,000000,46.814,46.814,45.803,45.837,29980,0
LVC,D,20170517,000000,45.837,45.837,45.124,45.124,22732,0
LVC,D,20170518,000000,44.998,45.209,44.15,44.744,12560,0
LVC,D,20170519,000000,44.93,45.566,44.532,44.872,8828,0
LVC,D,20170522,000000,44.963,46.135,44.963,46.025,60723,0
LVC,D,20170523,000000,46.277,46.652,45.38,46.144,13054,0
LVC,D,20170524,000000,46.05,46.313,45.465,46.313,80771,0
LVC,D,20170525,000000,46.482,46.907,46.209,46.652,18734,0
LVC,D,20170526,000000,46.448,46.474,46.1,46.397,24611,0
LVC,D,20170529,000000,46.159,47.059,46.159,47.059,9821,0
LVC,D,20170530,000000,47.068,47.068,46.277,47.049,51348,0
LVC,D,20170531,000000,46.27,47.049,46.228,47.049,11371,0
LVC,D,20170601,000000,47.008,47.008,46.55,46.992,4643,0
LVC,D,20170602,000000,47.068,48.01,46.823,47.035,11304,0
LVC,D,20170605,000000,47.035,47.035,45.515,46.313,10716,0
LVC,D,20170606,000000,46.881,46.881,45.617,45.677,5648,0
LVC,D,20170607,000000,46.458,46.458,44.574,45.193,20582,0
LVC,D,20170608,000000,45.931,46.482,45.803,46.482,215086,0
LVC,D,20170609,000000,46.482,48.179,46.15,48.179,164385,0
LVC,D,20170612,000000,48.263,48.263,46.931,47.076,15514,0
LVC,D,20170613,000000,47.076,48.051,46.922,48.051,141434,0
LVC,D,20170614,000000,48.171,49.155,48.171,49.155,41508,0
LVC,D,20170616,000000,49.155,49.451,48.772,49.451,25464,0
LVC,D,20170619,000000,49.621,49.621,48.263,48.519,22308,0
LVC,D,20170620,000000,48.645,48.772,47.84,48.29,6059,0
LVC,D,20170621,000000,48.29,48.391,47.288,48.391,32605,0
LVC,D,20170622,000000,48.34,48.763,48.01,48.689,6678,0
LVC,D,20170623,000000,48.732,48.732,47.331,48.434,12720,0
LVC,D,20170626,000000,48.746,49.367,47.924,48.263,16292,0
LVC,D,20170627,000000,48.349,49.96,48.349,49.367,47248,0
LVC,D,20170628,000000,49.34,49.34,48.349,48.349,6832,0
LVC,D,20170629,000000,48.814,48.814,48.01,48.604,43387,0
LVC,D,20170630,000000,48.484,50.045,48.263,50.045,28189,0
LVC,D,20170703,000000,50.045,50.045,48.772,49.621,21183,0
LVC,D,20170704,000000,49.579,50.045,48.772,49.112,51768,0
LVC,D,20170705,000000,49.536,49.877,47.415,48.434,28867,0
LVC,D,20170706,000000,48.434,49.028,48.434,48.942,16549,0
LVC,D,20170707,000000,49.02,49.179,48.772,49.103,3607,0
LVC,D,20170710,000000,49.612,49.621,49.069,49.536,9721,0
LVC,D,20170711,000000,49.621,49.621,49.078,49.602,6865,0
LVC,D,20170712,000000,49.791,49.791,49.028,49.197,4735,0
LVC,D,20170713,000000,49.663,49.807,49.043,49.187,13121,0
LVC,D,20170714,000000,49.357,49.452,49,49.198,5330,0
LVC,D,20170717,000000,49.198,49.366,49.026,49.321,8936,0
LVC,D,20170718,000000,49.348,49.348,47.415,48.643,262848,0
LVC,D,20170719,000000,48.66,48.66,47.668,48.129,78066,0
LVC,D,20170720,000000,48.643,48.643,46.981,47.076,61084,0
LVC,D,20170721,000000,47.869,48.129,47.65,47.694,32169,0
LVC,D,20170724,000000,48.129,48.129,47.737,47.755,10529,0
LVC,D,20170725,000000,47.824,47.842,47.433,47.606,20896,0
LVC,D,20170726,000000,47.782,47.869,47.606,47.782,40640,0
LVC,D,20170727,000000,47.824,47.999,47.345,47.424,17552,0
LVC,D,20170728,000000,47.675,47.675,47.216,47.277,9247,0
LVC,D,20170731,000000,47.694,47.694,46.389,46.997,24603,0
LVC,D,20170801,000000,47.171,47.52,46.657,46.657,8520,0
LVC,D,20170802,000000,46.11,46.11,43.516,44.552,321942,0
LVC,D,20170803,000000,44.387,45.134,43.516,44.821,152892,0
LVC,D,20170804,000000,44.831,45.77,44.821,45.101,25772,0
LVC,D,20170807,000000,45.606,45.606,44.996,45.249,13686,0
LVC,D,20170808,000000,45.258,45.258,44.735,45.205,11311,0
LVC,D,20170809,000000,45.171,45.205,44.735,44.77,8081,0
LVC,D,20170810,000000,44.978,44.978,43.951,44.735,13195,0
LVC,D,20170811,000000,44.483,44.647,44.04,44.214,8525,0
LVC,D,20170814,000000,44.125,45.606,44.04,45.518,15722,0
LVC,D,20170816,000000,45.657,46.563,45.657,46.563,53013,0
LVC,D,20170817,000000,46.779,47.372,45.474,45.623,55400,0
LVC,D,20170818,000000,45.431,47.694,45.431,46.59,26685,0
LVC,D,20170821,000000,47.312,48.65,47.258,47.65,25659,0
LVC,D,20170822,000000,47.869,48.268,47.433,47.433,19128,0
LVC,D,20170823,000000,47.782,47.782,46.213,46.563,17013,0
LVC,D,20170824,000000,46.571,47.869,46.571,47.433,14989,0
LVC,D,20170825,000000,46.118,46.581,44.908,46.127,71969,0
LVC,D,20170828,000000,46.127,46.127,45.013,45.258,15803,0
LVC,D,20170829,000000,45.082,45.082,42.507,43.508,136063,0
LVC,D,20170830,000000,43.428,43.941,42.559,42.602,46267,0
LVC,D,20170831,000000,42.296,44.291,42.21,44.291,54188,0
LVC,D,20170901,000000,44.708,44.969,44.475,44.726,64081,0
LVC,D,20170904,000000,44.786,44.786,43.125,43.761,48924,0
LVC,D,20170905,000000,44.204,44.204,43.516,43.69,20758,0
LVC,D,20170906,000000,43.69,43.69,42.777,43.168,25606,0
LVC,D,20170907,000000,43.256,44.091,42.786,44.091,60771,0
LVC,D,20170908,000000,44.081,44.081,43.428,43.77,5683,0
LVC,D,20170911,000000,44.3,44.3,43.428,43.864,13607,0
LVC,D,20170912,000000,43.734,44.021,43.629,44.021,30297,0
LVC,D,20170913,000000,40.905,42.21,39.818,41.287,249588,0
LVC,D,20170914,000000,41.777,42.994,41.386,41.863,149077,0
LVC,D,20170915,000000,42.254,42.254,41.777,41.994,39113,0
LVC,D,20170918,000000,42.21,42.21,41.777,41.951,80508,0
LVC,D,20170919,000000,42.203,42.21,41.951,42.21,7992,0
LVC,D,20170920,000000,42.21,42.21,41.777,41.906,5159,0
LVC,D,20170921,000000,41.863,42.21,41.017,42.21,69327,0
LVC,D,20170922,000000,41.994,42.203,41.951,42.176,10341,0
LVC,D,20170925,000000,42.611,42.611,41.853,42.21,3966,0
LVC,D,20170926,000000,41.777,41.906,41.386,41.777,4053,0
LVC,D,20170927,000000,41.731,41.777,40.48,41.253,9499,0
LVC,D,20170928,000000,41.386,41.498,40.924,41.157,16192,0
LVC,D,20170929,000000,41.001,41.924,41.001,41.428,44986,0
LVC,D,20171002,000000,42.296,42.455,40.599,40.731,27280,0
LVC,D,20171003,000000,40.688,40.87,39.818,40.035,36122,0
LVC,D,20171004,000000,40.21,40.21,38.66,38.729,53114,0
LVC,D,20171005,000000,38.686,40.462,38.686,40.462,16288,0
LVC,D,20171006,000000,40.714,41.165,39.731,40.905,52269,0
LVC,D,20171009,000000,40.905,40.905,40.026,40.47,11831,0
LVC,D,20171010,000000,40.567,40.619,40.123,40.419,8398,0
LVC,D,20171011,000000,40.47,40.47,40.123,40.444,8943,0
LVC,D,20171012,000000,40.366,40.47,39.818,40.035,24353,0
LVC,D,20171013,000000,40.035,40.053,39.731,39.818,20319,0
LVC,D,20171016,000000,40.375,40.375,39.687,39.756,19007,0
LVC,D,20171017,000000,40.183,40.183,39.687,39.687,10604,0
LVC,D,20171018,000000,39.687,39.687,39.165,39.165,10472,0
LVC,D,20171019,000000,39.182,39.522,39.165,39.165,5073,0
LVC,D,20171020,000000,39.165,40.497,38.686,40.497,65522,0
LVC,D,20171023,000000,40.47,40.47,39.6,39.905,19566,0
LVC,D,20171024,000000,40.035,40.035,38.903,39.114,21837,0
LVC,D,20171025,000000,38.773,39.687,38.651,38.686,14722,0
LVC,D,20171026,000000,39.155,40.47,39.078,40.035,68769,0
LVC,D,20171027,000000,40.557,41.253,40.035,41.165,39694,0
LVC,D,20171030,000000,41.165,41.75,40.931,41.689,14001,0
LVC,D,20171031,000000,41.731,41.994,41.341,41.994,48131,0
LVC,D,20171102,000000,40.035,40.826,38.729,39.261,115544,0
LVC,D,20171103,000000,39.853,39.853,39.078,39.155,12945,0
LVC,D,20171106,000000,39.121,39.155,35.858,36.902,175658,0
LVC,D,20171107,000000,37.303,37.303,35.946,35.961,33792,0
LVC,D,20171108,000000,35.23,35.728,28.546,28.721,965853,0
LVC,D,20171109,000000,29.67,30.766,26.745,30.332,164003,0
LVC,D,20171110,000000,30.818,32.001,30.355,31.759,117518,0
LVC,D,20171113,000000,32.088,32.088,28.903,30.425,57143,0
LVC,D,20171114,000000,29.591,29.601,29.156,29.591,43262,0
LVC,D,20171115,000000,29.983,31.854,29.373,31.767,106879,0
LVC,D,20171116,000000,32.115,33.405,31.836,33.045,147966,0
LVC,D,20171117,000000,33.395,34.377,33.395,34.231,60604,0
LVC,D,20171120,000000,34.806,35.118,33.961,34.899,109234,0
LVC,D,20171121,000000,34.899,35.23,34.604,34.813,76570,0
LVC,D,20171122,000000,35.596,35.596,33.942,35.25,27123,0
LVC,D,20171123,000000,35.502,35.502,34.508,34.813,4589,0
LVC,D,20171124,000000,34.813,34.813,34.116,34.282,39688,0
LVC,D,20171127,000000,34.413,34.727,32.577,34.543,52714,0
LVC,D,20171128,000000,34.465,34.517,33.759,34.317,9098,0
LVC,D,20171129,000000,34.256,36.572,33.942,35.423,39299,0
LVC,D,20171130,000000,36.118,37.015,34.813,34.813,87189,0
LVC,D,20171201,000000,35.021,35.464,34.396,34.988,10749,0
LVC,D,20171204,000000,36.118,36.554,35.683,36.03,99143,0
LVC,D,20171205,000000,36.03,36.118,35.508,35.753,25281,0
LVC,D,20171206,000000,35.831,35.831,34.031,34.369,11035,0
LVC,D,20171207,000000,34.377,34.377,33.942,34.004,8001,0
LVC,D,20171208,000000,33.951,34.806,33.489,34.639,11353,0
LVC,D,20171211,000000,33.971,34.396,33.971,34.325,7318,0
LVC,D,20171212,000000,34.116,34.361,33.831,33.971,17040,0
LVC,D,20171213,000000,33.971,34.813,33.971,34.342,5070,0
LVC,D,20171214,000000,34.387,34.387,33.054,33.673,36726,0
LVC,D,20171215,000000,32.985,33.533,32.733,33.489,10906,0
LVC,D,20171218,000000,33.447,34.377,32.637,34.334,29615,0
LVC,D,20171219,000000,34.292,34.292,33.428,34.274,48229,0
LVC,D,20171220,000000,34.292,34.403,33.924,34.031,18776,0
LVC,D,20171221,000000,34.021,34.334,33.942,34.334,36584,0
LVC,D,20171222,000000,34.369,34.369,33.942,34.317,15716,0
LVC,D,20171227,000000,34.317,34.317,33.942,33.942,22721,0
LVC,D,20171228,000000,34.282,34.727,33.942,34.203,16855,0
LVC,D,20171229,000000,34.718,34.727,34.342,34.727,20234,0
LVC,D,20180103,000000,35.77,37.947,35.293,37.077,24852,0
LVC,D,20180104,000000,37.206,37.206,36.381,36.554,29184,0
LVC,D,20180105,000000,36.641,37.162,36.554,36.728,16457,0
LVC,D,20180108,000000,37.162,37.598,36.381,36.554,19919,0
LVC,D,20180109,000000,36.862,36.862,36.333,36.422,8499,0
LVC,D,20180110,000000,36.245,36.554,35.586,35.675,8346,0
LVC,D,20180111,000000,35.63,35.675,34.794,35.189,10593,0
LVC,D,20180112,000000,35.543,35.586,34.794,34.838,5134,0
LVC,D,20180115,000000,35.189,37.345,35.146,37.302,54206,0
LVC,D,20180116,000000,38.18,38.18,36.862,37.39,71841,0
LVC,D,20180117,000000,37.83,38.709,37.566,37.741,59935,0
LVC,D,20180118,000000,38.27,38.709,38.005,38.533,46952,0
LVC,D,20180119,000000,38.709,39.94,38.62,39.765,49825,0
LVC,D,20180122,000000,40.381,41.833,40.293,41.392,75249,0
LVC,D,20180123,000000,41.744,42.8,39.765,41.349,85998,0
LVC,D,20180124,000000,41.349,41.349,38.666,39.237,71643,0
LVC,D,20180125,000000,38.709,38.709,37.655,38.005,74396,0
LVC,D,20180126,000000,37.655,38.005,37.258,37.478,38337,0
LVC,D,20180129,000000,38.27,38.27,37.874,38.136,7796,0
LVC,D,20180130,000000,38.577,38.577,37.39,37.655,9225,0
LVC,D,20180131,000000,37.83,38.312,37.83,37.83,11778,0
LVC,D,20180201,000000,37.962,38.312,37.214,37.39,19583,0
LVC,D,20180202,000000,37.698,37.83,37.39,37.522,18567,0
LVC,D,20180205,000000,37.168,37.39,36.511,37.036,29529,0
LVC,D,20180206,000000,34.399,35.938,34.178,34.97,72330,0
LVC,D,20180207,000000,35.189,36.73,35.189,35.982,21109,0
LVC,D,20180208,000000,36.511,36.862,35.367,35.586,6618,0
LVC,D,20180209,000000,35.189,35.189,34.486,34.661,27670,0
LVC,D,20180212,000000,35.103,36.333,35.103,35.63,8424,0
LVC,D,20180213,000000,35.982,36.379,35.63,36.157,6434,0
LVC,D,20180214,000000,36.422,37.608,36.422,37.082,12046,0
LVC,D,20180215,000000,37.433,37.83,36.95,37.433,11364,0
LVC,D,20180216,000000,37.082,37.741,37.082,37.168,14581,0
LVC,D,20180219,000000,36.818,37.258,36.114,36.905,8770,0
LVC,D,20180220,000000,37.125,37.125,36.333,36.905,2881,0
LVC,D,20180221,000000,37.302,37.302,36.511,37.302,7121,0
LVC,D,20180222,000000,36.95,37.302,36.554,36.905,25363,0
LVC,D,20180223,000000,36.511,36.511,35.41,35.893,20944,0
LVC,D,20180226,000000,36.379,36.379,35.63,36.026,3527,0
LVC,D,20180227,000000,36.201,36.642,35.103,35.103,17758,0
LVC,D,20180228,000000,35.058,35.058,33.694,34.443,23688,0
LVC,D,20180301,000000,34.443,35.146,34.443,34.75,13135,0
LVC,D,20180302,000000,34.311,35.367,33.43,33.87,24111,0
LVC,D,20180305,000000,33.43,34.091,33.43,33.65,5528,0
LVC,D,20180306,000000,34.046,34.046,33.694,33.87,8868,0
LVC,D,20180307,000000,33.915,33.915,32.552,33.035,16328,0
LVC,D,20180308,000000,33.035,33.782,33.035,33.519,5827,0
LVC,D,20180309,000000,33.606,33.782,33.255,33.739,20611,0
LVC,D,20180312,000000,33.87,33.87,33.255,33.519,3814,0
LVC,D,20180313,000000,33.782,33.782,33.474,33.563,2143,0
LVC,D,20180314,000000,33.563,33.606,33.299,33.474,5102,0
LVC,D,20180315,000000,33.563,33.563,33.255,33.43,5781,0
LVC,D,20180316,000000,33.694,34.706,33.167,34.706,21563,0
LVC,D,20180319,000000,34.75,35.543,33.959,33.959,20751,0
LVC,D,20180320,000000,34.046,34.706,33.87,34.311,11571,0
LVC,D,20180321,000000,34.311,34.574,34.091,34.399,2638,0
LVC,D,20180322,000000,34.311,34.311,33.43,33.827,4633,0
LVC,D,20180323,000000,33.43,34.222,33.43,33.959,38479,0
LVC,D,20180326,000000,33.959,33.959,33.43,33.519,1683,0
LVC,D,20180327,000000,33.43,34.222,33.43,33.606,8024,0
LVC,D,20180328,000000,33.43,33.43,33.035,33.21,12218,0
LVC,D,20180329,000000,32.815,32.991,31.671,32.552,48926,0
LVC,D,20180403,000000,31.583,31.935,31.098,31.494,22705,0
LVC,D,20180404,000000,31.407,32.506,31.319,32.242,13888,0
LVC,D,20180405,000000,32.242,33.342,31.714,32.991,23643,0
LVC,D,20180406,000000,32.991,33.739,32.991,33.519,75331,0
LVC,D,20180409,000000,33.782,33.782,33.519,33.694,12288,0
LVC,D,20180410,000000,33.87,34.882,33.87,34.75,7097,0
LVC,D,20180411,000000,34.75,34.75,33.739,34.661,17257,0
LVC,D,20180412,000000,34.661,34.75,34.311,34.661,17935,0
LVC,D,20180413,000000,34.486,34.574,34.046,34.531,10706,0
LVC,D,20180416,000000,34.486,35.103,33.782,35.103,8234,0
LVC,D,20180417,000000,35.058,35.367,34.399,35.321,41855,0
LVC,D,20180418,000000,35.058,35.321,35.058,35.321,122533,0
LVC,D,20180419,000000,35.279,36.333,35.189,36.333,38713,0
LVC,D,20180420,000000,36.95,37.214,35.367,36.333,123013,0
LVC,D,20180423,000000,36.333,36.466,36.245,36.333,3449,0
LVC,D,20180424,000000,36.291,36.511,36.245,36.511,7900,0
LVC,D,20180425,000000,36.95,37.302,36.511,36.994,35754,0
LVC,D,20180426,000000,36.994,37.214,36.597,36.597,17016,0
LVC,D,20180427,000000,36.95,37.566,36.686,37.39,159426,0
LVC,D,20180430,000000,37.39,39.149,36.95,39.149,28069,0
LVC,D,20180502,000000,39.016,39.016,35.63,36.07,24821,0
LVC,D,20180504,000000,35.982,35.982,34.443,34.443,75554,0
LVC,D,20180507,000000,34.794,35.189,34.046,34.311,24100,0
LVC,D,20180508,000000,34.443,35.058,33.123,33.915,30608,0
LVC,D,20180509,000000,34.091,35.189,33.079,33.43,21097,0
LVC,D,20180510,000000,33.386,34.134,33.079,33.43,25338,0
LVC,D,20180511,000000,34.091,34.091,33.519,33.782,20482,0
LVC,D,20180514,000000,33.87,34.311,33.255,33.43,36617,0
LVC,D,20180515,000000,33.43,33.782,32.991,33.782,33154,0
LVC,D,20180516,000000,34.046,35.499,34.046,35.234,16286,0
LVC,D,20180517,000000,35.234,35.543,34.399,35.015,11764,0
LVC,D,20180518,000000,35.189,35.189,34.222,35.058,10431,0
LVC,D,20180521,000000,34.531,35.103,34.486,34.794,66900,0
LVC,D,20180522,000000,34.794,35.806,34.794,35.279,16362,0
LVC,D,20180523,000000,35.543,35.63,34.75,34.794,11216,0
LVC,D,20180524,000000,35.103,35.103,34.75,34.75,12209,0
LVC,D,20180525,000000,34.838,35.189,34.838,35.103,23935,0
LVC,D,20180528,000000,35.189,35.234,35.103,35.234,4189,0
LVC,D,20180529,000000,35.321,35.76,34.838,35.189,6735,0
LVC,D,20180530,000000,35.189,35.189,34.355,35.103,9701,0
LVC,D,20180601,000000,34.046,34.091,32.639,33.255,18695,0
LVC,D,20180604,000000,33.21,33.21,31.714,31.846,19229,0
LVC,D,20180605,000000,31.846,32.77,31.714,32.067,9468,0
LVC,D,20180606,000000,32.156,32.727,31.935,32.639,22587,0
LVC,D,20180607,000000,32.727,32.727,32.506,32.552,23320,0
LVC,D,20180608,000000,32.375,32.727,32.375,32.639,3318,0
LVC,D,20180611,000000,32.552,32.727,32.285,32.375,16275,0
LVC,D,20180612,000000,32.197,32.418,31.846,32.285,4466,0
LVC,D,20180613,000000,32.375,32.375,31.143,31.319,30523,0
LVC,D,20180614,000000,31.23,31.23,29.56,29.999,41273,0
LVC,D,20180615,000000,29.999,30.791,29.911,30.791,28694,0
LVC,D,20180618,000000,30.791,31.76,29.295,29.295,16276,0
LVC,D,20180619,000000,29.032,30.352,27.448,29.295,99061,0
LVC,D,20180620,000000,29.295,31.407,29.295,30.791,165228,0
LVC,D,20180621,000000,31.407,31.494,29.472,29.911,26674,0
LVC,D,20180622,000000,30.307,30.307,28.942,29.383,56246,0
LVC,D,20180625,000000,29.032,29.56,28.679,29.032,56242,0
LVC,D,20180626,000000,29.032,29.383,28.547,29.34,75536,0
LVC,D,20180627,000000,29.383,29.647,28.371,29.472,103845,0
LVC,D,20180628,000000,29.472,29.472,28.855,29.165,12892,0
LVC,D,20180629,000000,29.032,29.032,28.723,28.769,26137,0
LVC,D,20180702,000000,29.428,30.352,28.942,29.472,21754,0
LVC,D,20180703,000000,29.56,29.866,28.505,28.811,61026,0
LVC,D,20180704,000000,28.723,28.723,27.053,28.416,124166,0
LVC,D,20180705,000000,28.328,29.032,27.535,27.581,18537,0
LVC,D,20180706,000000,27.713,27.976,25.556,27.976,179019,0
LVC,D,20180709,000000,27.36,27.932,27.141,27.448,29193,0
LVC,D,20180710,000000,27.272,28.505,26.657,28.505,88686,0
LVC,D,20180711,000000,27.625,28.505,27.535,28.152,34474,0
LVC,D,20180712,000000,28.152,28.505,27.888,28.505,24899,0
LVC,D,20180713,000000,28.861,29.887,28.505,29.663,42713,0
LVC,D,20180716,000000,29.663,30.334,28.772,29.843,23643,0
LVC,D,20180717,000000,29.843,30.6,29.441,30.6,40924,0
LVC,D,20180718,000000,30.69,30.735,30.2,30.735,17853,0
LVC,D,20180719,000000,30.735,31.671,30.735,31.582,53013,0
LVC,D,20180720,000000,31.671,31.671,30.914,31.491,43487,0
LVC,D,20180723,000000,31.671,31.671,30.914,31.582,37562,0
LVC,D,20180724,000000,30.957,31.448,30.957,31.403,28592,0
LVC,D,20180725,000000,31.448,31.448,31.047,31.047,16367,0
LVC,D,20180726,000000,31.181,31.181,30.914,31.136,16972,0
LVC,D,20180727,000000,31.224,31.224,29.663,30.6,20149,0
LVC,D,20180730,000000,30.51,30.51,29.976,30.422,6450,0
LVC,D,20180731,000000,30.69,30.69,28.058,28.548,124476,0
LVC,D,20180801,000000,28.638,28.815,27.924,28.548,45343,0
LVC,D,20180802,000000,28.548,29.04,28.505,28.548,33224,0
LVC,D,20180803,000000,28.638,28.638,28.37,28.548,3240,0
LVC,D,20180806,000000,28.995,28.995,27.12,27.478,41098,0
LVC,D,20180807,000000,27.478,27.478,25.516,26.407,118587,0
LVC,D,20180808,000000,26.407,26.764,26.23,26.764,28510,0
LVC,D,20180809,000000,26.943,27.031,25.873,26.764,72078,0
LVC,D,20180810,000000,26.764,26.943,26.006,26.72,17320,0
LVC,D,20180813,000000,27.041,27.041,25.8,26.535,15607,0
LVC,D,20180814,000000,26.396,26.673,25.845,26.396,22639,0
LVC,D,20180816,000000,26.121,27.409,26.076,27.409,75833,0
LVC,D,20180817,000000,27.364,28.053,27.364,27.593,52099,0
LVC,D,20180820,000000,27.593,27.593,26.628,27.18,10851,0
LVC,D,20180821,000000,27.502,27.593,26.305,27.502,187431,0
LVC,D,20180822,000000,26.996,27.502,26.95,27.18,91781,0
LVC,D,20180823,000000,27.18,27.502,27.133,27.502,6799,0
LVC,D,20180824,000000,27.547,27.593,27.364,27.593,23917,0
LVC,D,20180827,000000,28.468,29.48,27.961,27.961,131755,0
LVC,D,20180828,000000,28.146,29.249,28.146,28.973,24315,0
LVC,D,20180829,000000,29.48,30.352,28.098,28.192,62854,0
LVC,D,20180830,000000,28.284,29.433,28.284,29.111,8350,0
LVC,D,20180831,000000,29.204,30.352,28.512,30.352,283665,0
LVC,D,20180903,000000,28.929,28.929,27.133,27.823,14101,0
LVC,D,20180904,000000,27.547,27.547,26.396,26.673,35475,0
LVC,D,20180905,000000,26.582,26.582,24.099,24.099,29875,0
LVC,D,20180906,000000,23.822,24.88,22.166,23.178,93295,0
LVC,D,20180907,000000,23.178,24.007,22.811,22.811,153065,0
LVC,D,20180910,000000,22.995,23.73,22.489,23.73,10652,0
LVC,D,20180911,000000,23.086,24.328,22.626,22.626,12501,0
LVC,D,20180912,000000,22.626,22.949,22.442,22.58,47205,0
LVC,D,20180913,000000,22.949,23.317,22.259,22.535,9807,0
LVC,D,20180914,000000,22.995,22.995,21.615,21.891,23350,0
LVC,D,20180917,000000,21.615,22.718,20.834,21.891,269848,0
LVC,D,20180918,000000,22.718,22.995,22.075,22.535,4737,0
LVC,D,20180919,000000,22.535,22.535,21.799,22.12,12585,0
LVC,D,20180920,000000,22.535,23.225,22.535,22.995,10153,0
LVC,D,20180921,000000,23.041,23.178,22.764,22.811,16294,0
LVC,D,20180924,000000,22.811,23.041,22.626,22.718,17393,0
LVC,D,20180925,000000,22.995,22.995,22.535,22.764,3256,0
LVC,D,20180926,000000,22.626,22.811,22.398,22.398,3835,0
LVC,D,20180927,000000,22.442,22.442,22.075,22.305,24084,0
LVC,D,20180928,000000,22.398,22.489,20.971,22.029,32690,0
LVC,D,20181001,000000,22.535,22.535,21.799,21.799,13291,0
LVC,D,20181002,000000,21.845,21.891,21.339,21.799,36976,0
LVC,D,20181003,000000,21.891,23.178,21.707,23.178,19637,0
LVC,D,20181004,000000,23.271,24.419,22.535,23.914,28588,0
LVC,D,20181005,000000,23.914,24.237,22.811,23.914,12321,0
LVC,D,20181008,000000,23.132,24.099,23.132,23.271,31075,0
LVC,D,20181009,000000,22.995,23.776,22.718,22.718,29476,0
LVC,D,20181010,000000,23.363,23.363,21.891,22.305,25193,0
LVC,D,20181011,000000,21.615,22.212,21.154,21.154,18090,0
LVC,D,20181012,000000,21.431,22.075,21.247,22.075,28765,0
LVC,D,20181015,000000,22.212,22.212,21.247,21.386,8346,0
LVC,D,20181016,000000,21.386,21.615,21.11,21.339,24505,0
LVC,D,20181017,000000,21.339,21.754,21.247,21.247,11543,0
LVC,D,20181018,000000,21.247,21.386,21.063,21.11,94545,0
LVC,D,20181019,000000,21.11,21.431,20.924,20.924,77653,0
LVC,D,20181022,000000,21.11,21.11,19.775,20.235,53210,0
LVC,D,20181023,000000,20.235,20.235,19.315,19.867,24231,0
LVC,D,20181024,000000,19.73,20.649,19.73,20.328,46712,0
LVC,D,20181025,000000,19.592,20.419,19.315,20.235,142033,0
LVC,D,20181026,000000,20.373,21.154,20.235,20.328,63653,0
LVC,D,20181029,000000,20.328,20.834,20.235,20.834,23183,0
LVC,D,20181030,000000,20.787,22.075,20.464,22.075,31540,0
LVC,D,20181031,000000,22.075,23.638,22.075,23.638,38666,0
LVC,D,20181102,000000,23.178,24.926,23.178,24.419,34990,0
LVC,D,20181105,000000,24.651,25.432,24.651,24.926,197085,0
LVC,D,20181106,000000,25.11,25.385,24.833,25.019,9622,0
LVC,D,20181107,000000,25.156,25.294,24.833,25.294,21439,0
LVC,D,20181108,000000,25.294,25.663,25.294,25.616,108549,0
LVC,D,20181109,000000,25.57,26.628,25.385,26.49,53021,0
LVC,D,20181113,000000,26.582,26.996,26.582,26.95,6107,0
LVC,D,20181114,000000,27.041,27.318,26.673,27.133,22095,0
LVC,D,20181115,000000,27.133,27.409,27.133,27.318,8737,0
LVC,D,20181116,000000,27.502,27.502,26.215,26.673,86226,0
LVC,D,20181119,000000,26.215,26.215,24.282,24.282,456354,0
LVC,D,20181120,000000,24.466,25.203,24.466,25.203,6520,0
LVC,D,20181121,000000,25.294,25.432,25.019,25.019,5076,0
LVC,D,20181122,000000,25.019,25.203,24.926,24.926,2807,0
LVC,D,20181123,000000,24.558,25.203,23.501,25.203,19912,0
LVC,D,20181126,000000,25.57,25.57,24.833,25.478,6219,0
LVC,D,20181127,000000,24.833,25.708,24.419,25.478,15337,0
LVC,D,20181128,000000,25.203,25.385,24.419,24.419,119760,0
LVC,D,20181129,000000,24.742,24.833,24.419,24.742,9861,0
LVC,D,20181130,000000,24.375,24.651,24.375,24.651,33515,0
LVC,D,20181203,000000,24.651,25.845,24.651,25.294,16578,0
LVC,D,20181204,000000,25.754,25.845,25.203,25.294,120415,0
LVC,D,20181205,000000,25.432,25.845,25.064,25.294,50513,0
LVC,D,20181206,000000,25.294,25.294,24.651,24.742,4034,0
LVC,D,20181207,000000,24.651,24.833,24.466,24.651,21568,0
LVC,D,20181210,000000,24.742,24.788,24.099,24.282,6035,0
LVC,D,20181211,000000,24.282,24.282,23.868,23.868,4777,0
LVC,D,20181212,000000,23.822,24.558,23.73,23.822,9875,0
LVC,D,20181213,000000,24.099,24.099,23.73,24.007,2899,0
LVC,D,20181214,000000,24.007,24.053,23.592,23.914,1969,0
LVC,D,20181217,000000,23.592,23.776,22.626,22.902,11723,0
LVC,D,20181218,000000,22.811,22.902,21.982,22.029,15362,0
LVC,D,20181219,000000,21.982,22.442,21.799,21.982,33550,0
LVC,D,20181220,000000,21.982,22.902,21.982,22.535,25420,0
LVC,D,20181221,000000,23.225,23.225,21.937,22.351,38085,0
LVC,D,20181227,000000,22.811,23.363,22.351,23.317,20135,0
LVC,D,20181228,000000,23.41,24.163,23.41,23.834,26755,0
LVC,D,20190102,000000,23.599,23.599,22.564,23.317,51685,0
LVC,D,20190103,000000,23.41,23.41,21.86,22.046,28641,0
LVC,D,20190104,000000,22.046,22.424,21.86,22,9839,0
LVC,D,20190107,000000,22.095,22.142,21.954,22.095,11666,0
LVC,D,20190108,000000,22.046,22.753,22,22.564,12278,0
LVC,D,20190109,000000,22.611,22.8,22.564,22.564,10635,0
LVC,D,20190110,000000,22.753,22.753,22.564,22.564,3210,0
LVC,D,20190111,000000,22.564,23.223,22.564,22.846,9600,0
LVC,D,20190114,000000,23.175,24.256,23.128,24.21,29086,0
LVC,D,20190115,000000,24.445,24.915,23.457,23.692,24938,0
LVC,D,20190116,000000,24.303,24.915,24.069,24.915,78139,0
LVC,D,20190117,000000,25.102,25.384,24.82,25.009,12756,0
LVC,D,20190118,000000,25.291,25.291,24.445,24.915,8093,0
LVC,D,20190121,000000,25.009,25.009,24.21,24.633,18729,0
LVC,D,20190122,000000,24.633,24.633,24.163,24.538,10236,0
LVC,D,20190123,000000,24.633,25.102,24.256,25.056,25049,0
LVC,D,20190124,000000,25.102,25.102,24.727,24.82,33114,0
LVC,D,20190125,000000,24.774,25.197,24.774,25.197,67756,0
LVC,D,20190128,000000,25.338,25.384,25.102,25.244,8555,0
LVC,D,20190129,000000,25.338,25.338,24.82,24.82,6421,0
LVC,D,20190130,000000,24.445,25.526,24.445,25.479,14827,0
LVC,D,20190131,000000,25.526,26.373,25.197,26.184,20779,0
LVC,D,20190201,000000,26.043,26.043,25.62,26.043,20951,0
LVC,D,20190204,000000,26.184,26.278,25.479,25.855,8247,0
LVC,D,20190205,000000,25.855,25.949,25.102,25.761,33662,0
LVC,D,20190206,000000,25.902,25.902,25.384,25.761,4532,0
LVC,D,20190207,000000,25.855,25.949,25.197,25.666,35827,0
LVC,D,20190208,000000,25.384,25.666,24.915,25.666,11226,0
LVC,D,20190211,000000,25.714,25.761,25.291,25.479,4434,0
LVC,D,20190212,000000,25.197,25.62,25.197,25.526,25003,0
LVC,D,20190213,000000,25.479,26.748,25.479,25.855,74150,0
LVC,D,20190214,000000,26.325,26.325,25.855,25.855,15664,0
LVC,D,20190215,000000,26.137,27.03,25.855,26.842,21995,0
LVC,D,20190218,000000,26.889,27.924,26.889,26.983,74378,0
LVC,D,20190219,000000,26.983,27.642,25.949,27.265,23678,0
LVC,D,20190220,000000,27.594,27.97,27.124,27.265,28055,0
LVC,D,20190221,000000,27.265,27.642,26.842,27.171,11406,0
LVC,D,20190222,000000,26.889,27.265,26.889,26.889,2848,0
LVC,D,20190225,000000,26.889,27.265,26.514,26.607,11670,0
LVC,D,20190226,000000,26.514,26.514,24.727,25.855,15924,0
LVC,D,20190227,000000,25.855,25.855,24.163,24.256,38445,0
LVC,D,20190228,000000,24.445,25.197,24.445,24.774,17247,0
LVC,D,20190301,000000,25.15,25.15,24.538,25.102,2128,0
LVC,D,20190304,000000,24.774,24.962,24.069,24.727,8720,0
LVC,D,20190305,000000,24.915,24.915,24.633,24.727,55722,0
LVC,D,20190306,000000,24.915,25.197,24.82,25.197,2124,0
LVC,D,20190307,000000,25.573,25.666,24.962,25.056,2891,0
LVC,D,20190308,000000,24.915,25.291,24.915,25.291,3100,0
LVC,D,20190311,000000,25.384,25.479,23.928,24.256,25729,0
LVC,D,20190312,000000,24.398,24.445,24.163,24.445,21945,0
LVC,D,20190313,000000,24.633,24.633,24.163,24.445,5626,0
LVC,D,20190314,000000,24.538,24.633,24.351,24.445,15887,0
LVC,D,20190315,000000,24.445,25.526,24.445,25.526,31961,0
LVC,D,20190318,000000,25.197,25.526,25.102,25.197,4341,0
LVC,D,20190319,000000,25.761,25.761,25.197,25.244,6650,0
LVC,D,20190320,000000,25.573,25.573,25.197,25.384,6403,0
LVC,D,20190321,000000,25.479,25.479,25.197,25.384,2609,0
LVC,D,20190322,000000,24.962,25.384,24.633,24.774,4255,0
LVC,D,20190325,000000,24.962,26.278,24.82,26.043,10475,0
LVC,D,20190326,000000,26.043,26.091,25.573,25.949,8988,0
LVC,D,20190327,000000,25.949,25.949,25.291,25.432,1878,0
LVC,D,20190328,000000,25.384,25.666,25.197,25.666,2274,0
LVC,D,20190329,000000,25.62,25.902,25.291,25.902,9879,0
LVC,D,20190401,000000,25.949,25.996,25.573,25.808,3101,0
LVC,D,20190402,000000,27.078,29.617,27.078,28.534,123260,0
LVC,D,20190403,000000,28.957,28.957,27.735,28.207,32102,0
LVC,D,20190404,000000,28.299,28.957,28.017,28.207,22910,0
LVC,D,20190405,000000,28.207,29.617,28.207,28.675,60785,0
LVC,D,20190408,000000,28.957,29.239,28.675,29.145,8961,0
LVC,D,20190409,000000,29.287,29.287,28.771,28.771,3476,0
LVC,D,20190410,000000,28.534,28.816,27.03,28.111,15619,0
LVC,D,20190411,000000,28.017,28.017,27.124,27.547,11227,0
LVC,D,20190412,000000,27.642,28.207,27.594,27.594,4732,0
LVC,D,20190415,000000,27.783,28.207,27.453,27.453,4649,0
LVC,D,20190416,000000,27.547,28.111,27.547,27.924,30680,0
LVC,D,20190417,000000,27.735,27.876,27.312,27.312,2496,0
LVC,D,20190418,000000,27.265,27.735,27.078,27.078,9734,0
LVC,D,20190423,000000,27.078,27.501,27.078,27.36,2410,0
LVC,D,20190424,000000,27.36,27.642,27.265,27.642,3175,0
LVC,D,20190425,000000,27.453,27.97,27.453,27.735,3712,0
LVC,D,20190426,000000,27.829,28.111,27.501,28.017,4468,0
LVC,D,20190429,000000,28.017,28.957,27.783,28.863,9097,0
LVC,D,20190430,000000,28.863,29.145,28.393,29.145,40194,0
LVC,D,20190502,000000,29.145,29.145,28.771,29.053,2964,0
LVC,D,20190506,000000,29.053,29.053,28.111,28.207,11447,0
LVC,D,20190507,000000,28.207,28.722,27.642,27.876,7087,0
LVC,D,20190508,000000,27.97,28.489,27.97,28.44,7934,0
LVC,D,20190509,000000,28.393,28.581,28.111,28.299,22993,0
LVC,D,20190510,000000,28.581,29.098,28.581,28.722,19114,0
LVC,D,20190513,000000,28.863,28.911,28.581,28.675,7379,0
LVC,D,20190514,000000,28.863,29.145,28.534,28.675,17111,0
LVC,D,20190515,000000,28.675,28.675,28.534,28.675,22646,0
LVC,D,20190516,000000,28.675,28.675,28.252,28.581,6585,0
LVC,D,20190517,000000,28.534,28.534,28.017,28.207,15154,0
LVC,D,20190520,000000,27.97,28.207,27.265,27.924,5305,0
LVC,D,20190521,000000,27.829,28.017,27.829,28.017,4739,0
LVC,D,20190522,000000,28.017,28.017,27.312,27.924,8590,0
LVC,D,20190523,000000,27.924,27.924,27.501,27.688,2914,0
LVC,D,20190524,000000,27.735,27.735,27.36,27.642,3340,0
LVC,D,20190527,000000,27.642,28.111,27.312,27.642,2773,0
LVC,D,20190528,000000,27.594,27.924,27.312,27.829,4280,0
LVC,D,20190529,000000,27.501,27.829,25.432,26.419,34729,0
LVC,D,20190530,000000,26.325,27.501,26.325,27.453,6727,0
LVC,D,20190531,000000,27.453,28.771,26.607,28.771,11475,0
LVC,D,20190603,000000,28.771,28.771,27.924,28.393,6181,0
LVC,D,20190604,000000,28.581,28.581,27.547,28.158,1678,0
LVC,D,20190605,000000,28.158,28.158,27.547,27.876,1403,0
LVC,D,20190606,000000,28.017,28.207,27.547,27.924,4221,0
LVC,D,20190607,000000,28.065,28.065,27.594,28.017,2647,0
LVC,D,20190610,000000,28.158,28.158,27.688,28.017,1714,0
LVC,D,20190611,000000,28.065,28.393,27.735,28.111,6762,0
LVC,D,20190612,000000,28.065,28.065,26.701,27.642,11831,0
LVC,D,20190613,000000,27.642,27.735,27.265,27.735,1260,0
LVC,D,20190614,000000,27.735,27.735,27.36,27.642,1637,0
LVC,D,20190617,000000,27.265,27.594,27.03,27.265,56509,0
LVC,D,20190618,000000,27.124,27.265,27.078,27.078,4955,0
LVC,D,20190619,000000,26.937,27.03,26.56,26.56,6529,0
LVC,D,20190621,000000,26.701,26.796,26.514,26.514,2706,0
LVC,D,20190624,000000,26.514,27.171,26.419,27.171,15992,0
LVC,D,20190625,000000,27.171,27.312,26.701,26.889,2817,0
LVC,D,20190626,000000,27.829,28.629,27.829,28.207,61127,0
LVC,D,20190627,000000,28.207,28.44,28.111,28.299,117548,0
LVC,D,20190628,000000,28.252,28.629,28.207,28.581,26564,0
LVC,D,20190701,000000,28.911,30.039,28.911,29.899,23884,0
LVC,D,20190702,000000,30.133,31.12,30.133,30.979,138224,0
LVC,D,20190703,000000,31.354,31.918,30.697,31.12,31417,0
LVC,D,20190704,000000,31.12,32.437,31.027,32.341,33767,0
LVC,D,20190705,000000,32.341,32.53,31.777,32.2,32062,0
LVC,D,20190708,000000,32.248,32.623,32.155,32.39,7835,0
LVC,D,20190709,000000,32.53,33.001,32.437,32.672,236075,0
LVC,D,20190710,000000,32.719,32.719,31.213,32.108,6813,0
LVC,D,20190711,000000,32.39,32.39,31.777,32.155,3181,0
LVC,D,20190712,000000,32.295,32.765,31.966,32.765,14772,0
LVC,D,20190715,000000,32.719,33.376,32.437,32.859,27271,0
LVC,D,20190716,000000,33.141,33.141,32.437,32.437,74792,0
LVC,D,20190717,000000,32.437,32.437,31.354,31.873,221802,0
LVC,D,20190718,000000,31.918,32.248,31.636,31.826,7893,0
LVC,D,20190719,000000,31.873,31.966,31.826,31.873,20417,0
LVC,D,20190722,000000,31.873,31.966,31.826,31.966,4853,0
LVC,D,20190723,000000,31.966,31.966,31.544,31.591,3514,0
LVC,D,20190724,000000,31.495,31.544,30.274,31.12,15156,0
LVC,D,20190725,000000,31.837,31.837,31.264,31.551,5055,0
LVC,D,20190726,000000,31.551,31.645,31.358,31.455,11420,0
LVC,D,20190729,000000,31.551,32.316,31.551,31.932,15404,0
LVC,D,20190730,000000,31.694,31.932,31.407,31.551,10504,0
LVC,D,20190731,000000,31.598,31.837,31.407,31.551,22514,0
LVC,D,20190801,000000,31.885,31.885,31.455,31.598,46335,0
LVC,D,20190802,000000,32.554,35.088,32.554,35.088,340686,0
LVC,D,20190805,000000,35.566,36.043,34.132,34.418,41252,0
LVC,D,20190806,000000,34.036,34.418,33.558,33.558,20802,0
LVC,D,20190807,000000,33.653,34.418,33.51,33.653,28399,0
LVC,D,20190808,000000,34.084,34.323,33.94,33.94,9224,0
LVC,D,20190809,000000,34.275,35.231,33.892,34.036,23966,0
LVC,D,20190812,000000,34.418,34.944,33.988,34.275,9808,0
LVC,D,20190813,000000,34.667,35.695,34.667,35.646,18202,0
LVC,D,20190814,000000,35.744,36.184,35.254,36.184,350971,0
LVC,D,20190816,000000,36.037,37.164,36.037,37.164,25440,0
LVC,D,20190819,000000,37.31,38.29,37.213,37.801,17567,0
LVC,D,20190820,000000,37.164,37.703,36.723,37.164,7216,0
LVC,D,20190821,000000,36.919,37.703,36.919,37.262,7256,0
LVC,D,20190822,000000,37.654,37.654,37.262,37.409,4217,0
LVC,D,20190823,000000,37.604,38.682,37.604,38.192,46511,0
LVC,D,20190826,000000,37.898,38.192,37.409,37.948,8658,0
LVC,D,20190827,000000,37.703,37.85,36.968,37.213,41937,0
LVC,D,20190828,000000,37.703,38.143,37.213,37.996,57352,0
LVC,D,20190829,000000,36.625,36.723,35.254,35.842,34374,0
LVC,D,20190830,000000,36.283,36.674,35.646,35.744,9782,0
LVC,D,20190902,000000,35.744,36.528,35.352,35.45,13618,0
LVC,D,20190903,000000,35.45,35.45,34.422,34.569,14501,0
LVC,D,20190904,000000,34.275,35.646,32.806,35.646,24131,0
LVC,D,20190905,000000,35.744,35.94,35.254,35.793,6829,0
LVC,D,20190906,000000,35.94,36.331,35.352,36.184,13736,0
LVC,D,20190909,000000,36.136,36.528,35.94,36.234,10045,0
LVC,D,20190910,000000,36.674,36.674,36.037,36.234,14350,0
LVC,D,20190911,000000,36.331,36.331,34.52,35.744,5100,0
LVC,D,20190912,000000,35.695,35.744,34.764,35.254,4438,0
LVC,D,20190913,000000,34.814,36.234,34.814,34.863,7256,0
LVC,D,20190916,000000,35.254,35.45,34.764,35.254,16359,0
LVC,D,20190917,000000,35.01,35.254,34.814,35.205,4224,0
LVC,D,20190918,000000,35.205,35.254,34.911,34.961,4642,0
LVC,D,20190919,000000,34.961,35.89,34.764,35.89,8381,0
LVC,D,20190920,000000,35.793,36.184,35.058,35.352,11636,0
LVC,D,20190923,000000,35.597,35.94,35.401,35.548,3236,0
LVC,D,20190924,000000,35.646,36.136,35.646,35.842,3972,0
LVC,D,20190925,000000,36.136,36.184,35.597,35.646,4015,0
LVC,D,20190926,000000,35.94,36.136,35.646,36.136,41962,0
LVC,D,20190927,000000,36.136,37.409,35.989,35.989,31363,0
LVC,D,20190930,000000,34.764,35.793,34.373,35.401,45032,0
LVC,D,20191001,000000,35.352,35.989,35.352,35.94,5150,0
LVC,D,20191002,000000,34.079,34.667,32.806,34.226,29525,0
LVC,D,20191003,000000,33.344,34.079,33.002,33.197,24027,0
LVC,D,20191004,000000,33.197,34.079,33.197,33.688,20631,0
LVC,D,20191007,000000,34.079,34.079,33.296,33.296,21349,0
LVC,D,20191008,000000,33.296,33.491,33.002,33.491,11031,0
LVC,D,20191009,000000,33.443,33.443,32.806,33.149,3590,0
LVC,D,20191010,000000,33.296,33.296,33.1,33.149,2594,0
LVC,D,20191011,000000,33.197,33.884,33.1,33.737,9185,0
LVC,D,20191014,000000,33.344,34.569,33.344,34.226,3225,0
LVC,D,20191015,000000,34.275,34.275,33.688,33.688,3652,0
LVC,D,20191016,000000,33.688,34.275,33.394,34.275,14559,0
LVC,D,20191017,000000,34.373,34.667,33.541,34.667,9290,0
LVC,D,20191018,000000,34.667,34.764,33.884,34.716,7005,0
LVC,D,20191021,000000,34.716,34.961,34.324,34.764,5987,0
LVC,D,20191022,000000,35.058,35.058,33.884,34.863,10707,0
LVC,D,20191023,000000,36.136,36.136,34.961,35.058,12503,0
LVC,D,20191024,000000,35.793,36.968,35.108,36.234,60108,0
LVC,D,20191025,000000,36.234,36.478,35.842,36.478,9849,0
LVC,D,20191028,000000,36.723,36.821,35.01,35.89,15645,0
LVC,D,20191029,000000,35.94,37.409,35.842,37.409,31799,0
LVC,D,20191030,000000,37.213,37.213,36.625,37.213,8784,0
LVC,D,20191031,000000,36.723,37.36,36.723,37.115,8633,0
LVC,D,20191104,000000,37.213,37.213,36.234,36.331,11629,0
LVC,D,20191105,000000,36.234,36.283,35.401,35.548,5443,0
LVC,D,20191106,000000,35.548,35.597,34.961,35.254,14853,0
LVC,D,20191107,000000,35.254,35.793,35.254,35.646,2676,0
LVC,D,20191108,000000,35.744,36.136,35.646,35.94,13959,0
LVC,D,20191112,000000,36.234,36.283,35.695,35.744,5506,0
LVC,D,20191113,000000,36.184,36.184,35.352,35.401,1959,0
LVC,D,20191114,000000,35.646,36.037,35.401,35.744,13810,0
LVC,D,20191115,000000,36.087,36.087,35.646,35.842,46159,0
LVC,D,20191118,000000,35.94,36.723,35.45,36.43,5788,0
LVC,D,20191119,000000,36.234,36.234,35.401,36.234,5084,0
LVC,D,20191120,000000,36.528,36.528,33.785,35.304,15750,0
LVC,D,20191121,000000,35.304,35.744,34.863,35.744,5240,0
LVC,D,20191122,000000,35.744,36.087,35.744,36.087,3000,0
LVC,D,20191125,000000,35.744,36.478,35.401,36.234,7889,0
LVC,D,20191126,000000,36.234,36.625,36.234,36.478,7953,0
LVC,D,20191127,000000,36.625,36.625,36.234,36.234,4182,0
LVC,D,20191128,000000,36.723,38.388,36.528,38.388,98309,0
LVC,D,20191129,000000,38.486,39.368,38.486,39.269,31470,0
LVC,D,20191202,000000,39.171,40.15,38.192,39.563,18457,0
LVC,D,20191203,000000,39.074,39.661,39.074,39.661,21177,0
LVC,D,20191204,000000,39.661,40.249,38.29,39.857,37472,0
LVC,D,20191205,000000,40.004,40.053,39.465,40.004,13715,0
LVC,D,20191206,000000,40.102,40.102,39.563,39.661,11805,0
LVC,D,20191209,000000,39.857,39.906,39.368,39.661,4467,0
LVC,D,20191210,000000,39.661,39.857,39.661,39.661,2442,0
LVC,D,20191211,000000,39.171,39.955,39.171,39.661,33723,0
LVC,D,20191212,000000,39.857,39.906,39.318,39.759,13093,0
LVC,D,20191213,000000,40.053,40.641,39.661,40.15,4790,0
LVC,D,20191216,000000,40.15,41.032,40.15,40.347,7366,0
LVC,D,20191217,000000,40.347,42.109,40.347,42.011,14571,0
LVC,D,20191218,000000,42.109,42.109,41.375,41.375,5082,0
LVC,D,20191219,000000,41.375,41.62,40.297,40.347,4130,0
LVC,D,20191220,000000,40.836,41.13,39.808,39.955,88226,0
LVC,D,20191223,000000,39.955,41.13,39.857,41.081,26926,0
LVC,D,20191227,000000,41.081,43.088,41.081,42.599,16698,0
LVC,D,20191230,000000,43.493,43.493,41.904,42.996,44702,0
LVC,D,20200102,000000,42.301,43.145,42.102,42.698,6517,0
LVC,D,20200103,000000,42.946,43.195,41.209,41.606,11818,0
LVC,D,20200107,000000,42.301,43.095,40.712,42.996,9473,0
LVC,D,20200108,000000,42.599,42.996,42.202,42.847,2548,0
LVC,D,20200109,000000,43.195,43.195,42.202,42.5,4449,0
LVC,D,20200110,000000,42.599,43.195,42.599,42.946,4638,0
LVC,D,20200113,000000,42.996,43.046,42.202,42.897,6412,0
LVC,D,20200114,000000,42.897,42.897,42.599,42.798,4507,0
LVC,D,20200115,000000,42.897,42.897,41.705,41.705,10392,0
LVC,D,20200116,000000,42.698,45.578,42.251,44.982,65742,0
LVC,D,20200117,000000,44.982,45.677,44.684,45.578,72986,0
LVC,D,20200120,000000,45.628,46.372,45.578,46.372,24211,0
LVC,D,20200121,000000,46.372,46.571,46.174,46.372,43176,0
LVC,D,20200122,000000,46.372,46.769,45.876,46.571,24328,0
LVC,D,20200123,000000,46.769,47.614,46.67,47.018,76430,0
LVC,D,20200124,000000,47.018,47.465,46.67,47.167,10451,0
LVC,D,20200127,000000,47.663,47.663,44.883,47.018,45530,0
LVC,D,20200128,000000,46.769,47.018,45.181,47.018,8901,0
LVC,D,20200129,000000,47.018,47.167,46.621,46.67,67902,0
LVC,D,20200130,000000,47.167,47.167,45.727,46.968,6879,0
LVC,D,20200131,000000,46.67,46.67,45.677,46.621,5246,0
LVC,D,20200203,000000,45.776,46.521,45.776,45.826,11326,0
LVC,D,20200204,000000,45.826,46.571,45.826,46.571,7470,0
LVC,D,20200205,000000,46.521,46.621,45.925,46.422,30743,0
LVC,D,20200206,000000,46.621,46.621,45.578,45.727,24638,0
LVC,D,20200207,000000,46.074,46.074,45.081,45.181,13784,0
LVC,D,20200210,000000,45.181,45.677,45.181,45.677,29614,0
LVC,D,20200211,000000,45.727,46.074,45.578,46.074,6389,0
LVC,D,20200212,000000,46.174,46.869,46.025,46.869,9550,0
LVC,D,20200213,000000,47.167,47.167,46.422,46.67,2077,0
LVC,D,20200214,000000,46.67,46.67,46.074,46.67,7597,0
LVC,D,20200217,000000,46.869,47.266,46.769,46.869,4989,0
LVC,D,20200218,000000,46.869,46.869,46.273,46.67,2889,0
LVC,D,20200219,000000,46.869,46.869,46.174,46.67,29098,0
LVC,D,20200220,000000,46.67,47.167,45.876,45.876,23234,0
LVC,D,20200221,000000,46.174,46.174,44.088,45.181,29002,0
LVC,D,20200224,000000,44.833,45.181,41.904,42.996,57956,0
LVC,D,20200225,000000,42.698,44.188,42.698,44.188,37249,0
LVC,D,20200226,000000,44.188,46.67,43.195,45.23,29590,0
LVC,D,20200227,000000,44.684,44.684,40.216,42.996,66870,0
LVC,D,20200228,000000,39.421,42.996,38.428,42.996,157733,0
LVC,D,20200302,000000,42.996,43.89,41.308,42.698,32368,0
LVC,D,20200303,000000,43.195,44.585,41.705,44.585,22837,0
LVC,D,20200304,000000,43.691,44.088,43.244,43.542,69295,0
LVC,D,20200305,000000,44.535,44.684,43.393,43.691,61755,0
LVC,D,20200306,000000,43.592,43.592,41.209,43.592,179657,0
LVC,D,20200309,000000,40.712,41.556,39.62,40.265,72762,0
LVC,D,20200310,000000,40.265,41.159,37.733,37.982,32334,0
LVC,D,20200311,000000,37.982,38.329,33.364,37.733,56318,0
LVC,D,20200312,000000,34.854,36.145,32.768,33.761,163940,0
LVC,D,20200313,000000,35.847,37.684,34.854,36.74,41315,0
LVC,D,20200316,000000,34.556,36.74,33.662,36.74,43355,0
LVC,D,20200317,000000,36.989,39.124,36.343,38.081,72935,0
LVC,D,20200318,000000,38.081,39.769,37.783,38.279,99565,0
LVC,D,20200319,000000,38.677,42.5,38.23,42.5,82092,0
LVC,D,20200320,000000,42.996,44.486,42.5,42.698,159168,0
LVC,D,20200323,000000,41.705,41.705,39.819,39.968,20207,0
LVC,D,20200324,000000,40.613,41.705,40.166,40.712,45972,0
LVC,D,20200325,000000,41.705,42.202,39.421,40.315,196280,0
LVC,D,20200326,000000,39.719,41.06,39.719,40.911,48590,0
LVC,D,20200327,000000,41.407,42.549,40.712,42.202,112036,0
LVC,D,20200330,000000,42.202,42.698,41.109,42.202,69816,0
LVC,D,20200331,000000,42.202,42.996,41.556,41.854,56829,0
LVC,D,20200401,000000,41.854,42.5,41.705,42.152,23737,0
LVC,D,20200402,000000,42.202,42.45,42.053,42.45,104086,0
LVC,D,20200403,000000,43.095,43.89,42.4,43.642,24668,0
LVC,D,20200406,000000,43.642,45.379,43.642,45.379,178939,0
LVC,D,20200407,000000,45.677,47.167,43.244,44.684,35965,0
LVC,D,20200408,000000,44.734,46.571,44.337,46.571,56861,0
LVC,D,20200409,000000,46.571,46.571,45.081,45.479,11276,0
LVC,D,20200414,000000,45.181,45.479,44.635,45.181,44187,0
LVC,D,20200415,000000,45.28,48.11,45.28,46.769,109774,0
LVC,D,20200416,000000,47.614,55.408,47.614,53.919,276471,0
LVC,D,20200417,000000,54.614,56.004,53.919,54.118,107696,0
LVC,D,20200420,000000,54.614,54.614,52.032,53.125,53690,0
LVC,D,20200421,000000,53.82,53.82,51.436,53.422,145465,0
LVC,D,20200422,000000,52.727,53.621,51.536,51.734,77443,0
LVC,D,20200423,000000,52.132,53.621,50.444,53.621,68009,0
LVC,D,20200424,000000,52.33,53.522,51.337,52.032,66139,0
LVC,D,20200427,000000,52.33,55.309,52.132,55.011,105203,0
LVC,D,20200428,000000,55.011,57.096,54.614,56.6,89532,0
LVC,D,20200429,000000,56.997,58.387,55.607,58.189,46603,0
LVC,D,20200430,000000,58.288,59.082,56.997,59.082,49640,0
LVC,D,20200504,000000,58.785,58.785,56.6,57.593,74198,0
LVC,D,20200505,000000,57.494,58.586,56.898,57.593,39480,0
LVC,D,20200506,000000,57.792,58.387,56.799,58.387,61793,0
LVC,D,20200507,000000,58.387,58.785,57.593,58.785,59762,0
LVC,D,20200508,000000,59.38,62.459,59.38,61.466,175424,0
LVC,D,20200511,000000,61.466,63.352,60.671,63.154,39281,0
LVC,D,20200512,000000,63.154,64.445,62.756,64.445,37827,0
LVC,D,20200513,000000,64.246,64.246,63.352,63.551,23460,0
LVC,D,20200514,000000,62.558,63.054,57.891,60.473,64012,0
LVC,D,20200515,000000,61.565,62.756,60.87,62.756,15627,0
LVC,D,20200518,000000,62.955,64.246,62.459,62.657,51528,0
LVC,D,20200519,000000,63.253,63.253,61.664,62.558,41693,0
LVC,D,20200520,000000,62.558,62.558,61.366,61.565,36913,0
LVC,D,20200521,000000,62.061,63.452,61.664,61.863,22170,0
LVC,D,20200522,000000,61.168,62.359,61.068,62.359,5756,0
LVC,D,20200525,000000,62.359,67.721,62.359,67.523,50090,0
LVC,D,20200526,000000,67.424,67.424,65.835,66.53,40186,0
LVC,D,20200527,000000,66.53,66.53,61.168,61.366,91422,0
LVC,D,20200528,000000,62.657,63.352,60.671,61.764,43858,0
LVC,D,20200529,000000,62.26,62.26,60.969,61.068,49496,0
LVC,D,20200601,000000,60.87,61.764,60.373,60.572,14093,0
LVC,D,20200602,000000,60.075,60.572,58.387,59.082,85796,0
LVC,D,20200603,000000,60.274,60.274,56.799,58.089,80342,0
LVC,D,20200604,000000,57.692,57.792,56.401,56.997,43229,0
LVC,D,20200605,000000,59.579,61.466,58.785,59.281,107725,0
LVC,D,20200608,000000,59.579,60.373,58.288,59.082,32707,0
LVC,D,20200609,000000,59.678,62.955,58.586,62.061,36089,0
LVC,D,20200610,000000,62.061,63.352,60.671,62.558,12502,0
LVC,D,20200612,000000,59.877,61.962,57.792,61.366,30298,0
LVC,D,20200615,000000,60.771,62.558,60.274,61.366,14183,0
LVC,D,20200616,000000,61.565,63.054,61.466,62.558,19061,0
LVC,D,20200617,000000,62.459,63.948,62.459,63.253,16018,0
LVC,D,20200618,000000,63.948,63.948,62.26,63.253,7307,0
LVC,D,20200619,000000,62.558,62.558,61.764,62.558,20951,0
LVC,D,20200622,000000,63.253,65.239,62.657,63.551,12609,0
LVC,D,20200623,000000,63.551,64.246,62.657,63.849,35573,0
LVC,D,20200624,000000,63.849,64.445,62.061,62.061,11337,0
LVC,D,20200625,000000,63.054,64.941,61.664,62.657,45966,0
LVC,D,20200626,000000,62.558,64.047,62.359,62.756,8922,0
LVC,D,20200629,000000,63.452,64.445,62.061,64.047,14306,0
LVC,D,20200630,000000,64.147,64.345,61.764,63.154,22694,0
LVC,D,20200701,000000,66.53,69.31,66.53,68.913,106458,0
LVC,D,20200702,000000,69.906,72.488,69.608,71.793,98709,0
LVC,D,20200703,000000,72.388,73.977,70.601,71.892,39366,0
LVC,D,20200706,000000,72.488,78.942,72.488,76.559,117525,0
LVC,D,20200707,000000,76.857,77.85,74.573,75.467,66273,0
LVC,D,20200708,000000,76.658,78.545,75.765,77.453,18853,0
LVC,D,20200709,000000,78.346,78.446,74.474,74.97,48880,0
LVC,D,20200710,000000,73.977,76.36,72.289,75.566,11753,0
LVC,D,20200713,000000,75.665,76.857,75.069,75.467,52175,0
LVC,D,20200714,000000,75.963,76.46,73.58,74.573,15772,0
LVC,D,20200715,000000,74.374,76.956,74.076,75.765,38621,0
LVC,D,20200716,000000,81.623,88.872,80.928,84.404,103812,0
LVC,D,20200717,000000,84.404,86.389,83.907,84.602,17701,0
LVC,D,20200720,000000,85.396,86.191,80.928,84.006,18736,0
LVC,D,20200721,000000,84.404,86.389,83.113,83.113,16847,0
LVC,D,20200722,000000,83.113,84.006,81.722,82.418,28791,0
LVC,D,20200723,000000,82.418,86.092,81.623,84.404,16825,0
LVC,D,20200724,000000,84.404,85.893,84.404,85.893,21720,0
LVC,D,20200727,000000,85.992,86.092,84.602,84.9,27188,0
LVC,D,20200728,000000,84.801,85.099,83.907,84.9,24480,0
LVC,D,20200729,000000,85.2,92.2,85,89.8,32651,0
LVC,D,20200730,000000,89.8,90,85.6,87.5,63204,0
LVC,D,20200731,000000,87.5,89,85,88.4,49744,0
LVC,D,20200803,000000,88.7,89.4,87,88.9,25580,0
LVC,D,20200804,000000,89.8,90,88.5,89.3,10561,0
LVC,D,20200805,000000,90,93.8,89,93.8,36261,0
LVC,D,20200806,000000,94.7,94.7,91.9,92.5,18659,0
LVC,D,20200807,000000,93,99.8,93,99.4,37246,0
LVC,D,20200810,000000,100,102.8,94.1,95.6,59834,0
LVC,D,20200811,000000,96.5,97.9,93.1,94.5,15719,0
LVC,D,20200812,000000,94,95,86.8,92.8,51827,0
LVC,D,20200813,000000,93.5,99.1,93.5,97.9,15810,0
LVC,D,20200814,000000,97,98.2,95.5,95.5,42698,0
LVC,D,20200817,000000,98.8,100,96.3,98,10575,0
LVC,D,20200818,000000,99,99,96.2,98.2,35420,0
LVC,D,20200819,000000,98.8,99.5,98.1,99,34189,0
LVC,D,20200820,000000,98.8,98.8,96.2,96.9,41333,0
LVC,D,20200821,000000,96.9,96.9,93.7,94.6,16353,0
