<TICKER>,<PER>,<DATE>,<TIME>,<OPEN>,<HIGH>,<LOW>,<CLOSE>,<VOL>,<OPENINT>
PBX,D,20150708,000000,9.1434,9.1434,9.1434,9.1434,591,0
PBX,D,20150709,000000,9.1434,9.1434,9.0993,9.0993,14695,0
PBX,D,20150710,000000,9.3643,9.4188,9.2351,9.2351,5561,0
PBX,D,20150713,000000,9.2351,9.4642,9.2351,9.4642,15550,0
PBX,D,20150714,000000,9.601,9.693,9.4642,9.647,11919,0
PBX,D,20150715,000000,9.693,9.693,9.693,9.693,22746,0
PBX,D,20150716,000000,9.757,9.857,9.757,9.857,28732,0
PBX,D,20150717,000000,9.894,9.967,9.875,9.875,7930,0
PBX,D,20150720,000000,9.921,10.06,9.921,10.06,3304,0
PBX,D,20150721,000000,10.06,10.06,9.802,9.958,2557,0
PBX,D,20150722,000000,9.693,9.693,9.693,9.693,3061,0
PBX,D,20150723,000000,9.784,9.794,9.784,9.794,164,0
PBX,D,20150724,000000,9.592,9.592,9.592,9.592,65,0
PBX,D,20150728,000000,9.784,9.784,9.657,9.657,106,0
PBX,D,20150729,000000,9.657,9.875,9.4366,9.784,621,0
PBX,D,20150730,000000,9.784,9.784,9.784,9.784,16430,0
PBX,D,20150731,000000,9.857,9.857,9.4366,9.4366,5495,0
PBX,D,20150803,000000,9.601,9.601,9.601,9.601,23181,0
PBX,D,20150804,000000,9.784,9.784,9.784,9.784,21927,0
PBX,D,20150805,000000,9.555,9.601,9.555,9.601,14914,0
PBX,D,20150806,000000,9.611,9.611,9.611,9.611,10,0
PBX,D,20150807,000000,9.683,9.784,9.683,9.784,2461,0
PBX,D,20150810,000000,9.83,9.83,9.784,9.784,410,0
PBX,D,20150811,000000,9.711,9.711,9.711,9.711,52,0
PBX,D,20150812,000000,9.693,9.693,9.601,9.601,7545,0
PBX,D,20150813,000000,9.711,9.83,9.711,9.83,156,0
PBX,D,20150818,000000,9.774,9.774,9.774,9.774,547,0
PBX,D,20150819,000000,9.692,9.978,9.682,9.682,377,0
PBX,D,20150820,000000,9.682,9.72,9.682,9.71,2032,0
PBX,D,20150824,000000,9.2313,9.674,9.2036,9.582,23737,0
PBX,D,20150825,000000,9.582,9.582,9.534,9.582,20640,0
PBX,D,20150828,000000,9.582,9.674,9.582,9.674,11333,0
PBX,D,20150831,000000,9.72,9.812,9.674,9.812,8457,0
PBX,D,20150901,000000,9.812,9.812,9.674,9.774,4400,0
PBX,D,20150902,000000,9.802,9.802,9.794,9.794,6995,0
PBX,D,20150903,000000,9.766,9.812,9.766,9.812,19571,0
PBX,D,20150904,000000,9.674,9.674,9.674,9.674,8671,0
PBX,D,20150907,000000,9.3971,9.784,9.3049,9.729,1769,0
PBX,D,20150908,000000,9.582,9.656,9.3518,9.656,76793,0
PBX,D,20150910,000000,9.582,9.582,9.582,9.582,315,0
PBX,D,20150911,000000,9.582,9.774,9.582,9.748,12796,0
PBX,D,20150914,000000,9.748,9.748,9.4899,9.674,7068,0
PBX,D,20150915,000000,9.729,9.729,9.674,9.71,2005,0
PBX,D,20150916,000000,9.71,9.71,9.637,9.637,1386,0
PBX,D,20150917,000000,9.665,9.665,9.6,9.6,6637,0
PBX,D,20150918,000000,9.582,9.582,9.582,9.582,752,0
PBX,D,20150921,000000,9.582,9.582,9.534,9.534,607,0
PBX,D,20150922,000000,9.534,9.582,9.534,9.582,3389,0
PBX,D,20150923,000000,9.582,9.582,9.582,9.582,670,0
PBX,D,20150924,000000,9.646,9.766,9.525,9.766,44502,0
PBX,D,20150925,000000,9.534,9.61,9.534,9.61,864,0
PBX,D,20150928,000000,9.674,9.674,9.627,9.627,1762,0
PBX,D,20150929,000000,9.674,9.674,9.674,9.674,10,0
PBX,D,20150930,000000,9.665,9.674,9.665,9.674,21,0
PBX,D,20151001,000000,9.665,9.748,9.591,9.674,32295,0
PBX,D,20151002,000000,9.757,9.757,9.674,9.674,64982,0
PBX,D,20151005,000000,9.674,9.757,9.637,9.674,3391,0
PBX,D,20151006,000000,9.674,9.94,9.554,9.905,42286,0
PBX,D,20151007,000000,9.905,9.905,9.812,9.886,3542,0
PBX,D,20151008,000000,9.886,9.905,9.674,9.857,1313,0
PBX,D,20151009,000000,9.905,9.905,9.774,9.905,2429,0
PBX,D,20151012,000000,9.905,10.088,9.895,10.078,2363,0
PBX,D,20151013,000000,10.042,10.549,10.042,10.549,20618,0
PBX,D,20151015,000000,10.402,10.411,10.226,10.411,781,0
PBX,D,20151016,000000,10.226,10.549,9.949,10.53,7827,0
PBX,D,20151019,000000,10.605,11.01,10.605,10.964,31390,0
PBX,D,20151020,000000,10.964,10.964,10.549,10.549,9122,0
PBX,D,20151021,000000,10.549,10.549,10.281,10.503,8105,0
PBX,D,20151022,000000,10.411,10.595,10.411,10.595,27680,0
PBX,D,20151023,000000,10.595,10.705,10.595,10.705,2105,0
PBX,D,20151026,000000,10.226,10.705,10.226,10.705,93,0
PBX,D,20151027,000000,10.687,10.964,10.503,10.917,4246,0
PBX,D,20151028,000000,10.411,10.871,10.411,10.871,5462,0
PBX,D,20151029,000000,10.854,10.871,10.687,10.854,6321,0
PBX,D,20151030,000000,10.854,10.871,10.631,10.871,1837,0
PBX,D,20151102,000000,10.826,10.926,10.826,10.926,6934,0
PBX,D,20151103,000000,10.871,10.871,10.411,10.871,1055,0
PBX,D,20151104,000000,10.854,10.854,10.42,10.854,245,0
PBX,D,20151105,000000,10.826,10.854,10.438,10.854,1114,0
PBX,D,20151106,000000,10.458,10.826,10.448,10.826,1189,0
PBX,D,20151109,000000,10.816,10.816,10.816,10.816,108,0
PBX,D,20151110,000000,10.448,10.816,10.43,10.816,5154,0
PBX,D,20151113,000000,10.595,10.779,10.411,10.779,8696,0
PBX,D,20151116,000000,10.549,10.724,9.509,10.724,8509,0
PBX,D,20151117,000000,10.549,10.779,10.549,10.779,6461,0
PBX,D,20151118,000000,10.687,10.779,10.687,10.779,4353,0
PBX,D,20151119,000000,10.769,10.863,10.761,10.863,74148,0
PBX,D,20151120,000000,10.854,10.854,10.854,10.854,83,0
PBX,D,20151124,000000,10.42,10.734,10.411,10.734,4072,0
PBX,D,20151125,000000,10.779,10.779,10.779,10.779,1,0
PBX,D,20151126,000000,10.595,10.854,10.411,10.779,3283,0
PBX,D,20151127,000000,10.355,10.503,9.582,10.503,2206,0
PBX,D,20151130,000000,10.734,10.734,10.318,10.734,3706,0
PBX,D,20151201,000000,10.826,10.826,10.411,10.734,968,0
PBX,D,20151203,000000,10.181,10.595,10.181,10.595,131,0
PBX,D,20151204,000000,10.365,10.641,10.318,10.641,7854,0
PBX,D,20151207,000000,10.734,10.734,10.235,10.734,1834,0
PBX,D,20151208,000000,10.779,10.779,10.779,10.779,1,0
PBX,D,20151209,000000,10.595,10.779,9.949,10.779,6955,0
PBX,D,20151210,000000,10.826,10.826,10.328,10.595,4719,0
PBX,D,20151211,000000,10.807,10.807,10.235,10.595,3071,0
PBX,D,20151214,000000,10.622,10.622,10.181,10.458,15608,0
PBX,D,20151215,000000,10.605,10.622,9.867,10.549,50229,0
PBX,D,20151216,000000,10.605,10.687,10.605,10.669,3259,0
PBX,D,20151217,000000,10.669,10.677,10.669,10.677,2,0
PBX,D,20151218,000000,10.235,10.411,9.922,10.411,16369,0
PBX,D,20151221,000000,10.595,10.595,10.134,10.134,6666,0
PBX,D,20151222,000000,10.493,10.493,10.015,10.134,5232,0
PBX,D,20151223,000000,10.43,10.43,10.015,10.355,6150,0
PBX,D,20151228,000000,10.355,10.458,10.134,10.458,14436,0
PBX,D,20151229,000000,10.411,10.411,10.402,10.411,13760,0
PBX,D,20151230,000000,10.503,10.503,9.857,10.318,79941,0
PBX,D,20160104,000000,10.687,10.687,10.181,10.402,1008,0
PBX,D,20160105,000000,9.949,10.355,9.949,10.318,2060,0
PBX,D,20160111,000000,9.978,9.978,9.029,9.674,13402,0
PBX,D,20160112,000000,10.125,10.125,9.48,9.48,1141,0
PBX,D,20160113,000000,9.867,9.867,9.2591,9.4899,13113,0
PBX,D,20160114,000000,9.3049,9.3049,9.3049,9.3049,1087,0
PBX,D,20160115,000000,9.3971,9.812,9.2132,9.784,13607,0
PBX,D,20160118,000000,9.729,9.729,9.3971,9.665,2576,0
PBX,D,20160119,000000,9.627,9.627,9.2132,9.627,482,0
PBX,D,20160120,000000,9.627,9.627,9.627,9.627,224,0
PBX,D,20160121,000000,9.2132,9.4899,9.2132,9.4899,980,0
PBX,D,20160122,000000,9.627,9.627,9.1673,9.1673,2427,0
PBX,D,20160125,000000,9.627,9.627,9.2591,9.6,722,0
PBX,D,20160126,000000,9.582,9.582,8.8449,9.2859,4021,0
PBX,D,20160127,000000,8.8449,9.3518,8.8449,9.3049,4117,0
PBX,D,20160128,000000,9.3049,9.3049,8.7524,9.2036,572,0
PBX,D,20160129,000000,8.7524,9.3049,8.7524,9.195,125,0
PBX,D,20160201,000000,8.7524,9.1127,8.301,8.4761,1212,0
PBX,D,20160202,000000,8.4761,9.029,8.384,9.0196,41917,0
PBX,D,20160203,000000,9.1127,9.1127,8.384,8.9736,88299,0
PBX,D,20160204,000000,8.301,8.9831,8.301,8.9736,268,0
PBX,D,20160205,000000,8.9371,8.9831,8.6142,8.9831,29666,0
PBX,D,20160208,000000,8.9831,8.9831,8.4299,8.9371,25,0
PBX,D,20160209,000000,8.9371,8.9736,8.7524,8.7985,745,0
PBX,D,20160210,000000,8.7985,8.9371,8.7985,8.9371,4918,0
PBX,D,20160211,000000,8.8449,8.9831,8.6602,8.9831,3436,0
PBX,D,20160212,000000,8.6602,9.029,8.6602,9.029,25128,0
PBX,D,20160215,000000,9.029,9.48,9.029,9.3786,1872,0
PBX,D,20160216,000000,9.2132,9.3786,8.5773,9.2036,1262,0
PBX,D,20160217,000000,9.029,9.2036,8.9371,9.029,1266,0
PBX,D,20160218,000000,9.2504,9.3049,9.2036,9.2132,16057,0
PBX,D,20160219,000000,9.2132,9.3049,9.2132,9.3049,33578,0
PBX,D,20160222,000000,9.4711,9.4711,9.2132,9.3049,328,0
PBX,D,20160223,000000,9.3049,9.3049,8.8626,9.3049,23,0
PBX,D,20160224,000000,9.3049,9.3049,8.9915,9.2954,3657,0
PBX,D,20160225,000000,8.9558,9.2036,8.9089,9.2036,717,0
PBX,D,20160226,000000,9.1213,9.2954,9.1213,9.2954,339,0
PBX,D,20160229,000000,9.3049,9.3049,8.9183,9.1213,13346,0
PBX,D,20160301,000000,9.3518,9.3971,9.2132,9.3882,5225,0
PBX,D,20160302,000000,9.3882,9.4899,8.8904,9.48,3206,0
PBX,D,20160303,000000,9.4435,9.4435,9.2132,9.3971,973,0
PBX,D,20160304,000000,9.3971,9.3971,9.0749,9.3049,1992,0
PBX,D,20160307,000000,9.4435,9.4435,9.2132,9.4158,1692,0
PBX,D,20160308,000000,9.4059,9.4158,9.2504,9.4158,455,0
PBX,D,20160309,000000,9.2591,9.4158,9.2504,9.3971,1432,0
PBX,D,20160310,000000,9.4158,9.766,9.3145,9.766,8196,0
PBX,D,20160311,000000,9.784,10.07,9.784,10.062,2626,0
PBX,D,20160314,000000,10.052,10.125,9.949,9.949,2433,0
PBX,D,20160315,000000,9.949,10.235,9.812,10.235,5609,0
PBX,D,20160316,000000,10.226,10.402,10.144,10.19,22514,0
PBX,D,20160317,000000,10.272,10.503,10.272,10.503,30238,0
PBX,D,20160318,000000,10.226,10.503,10.226,10.458,65724,0
PBX,D,20160321,000000,10.458,10.503,10.458,10.503,270,0
PBX,D,20160322,000000,10.503,10.503,9.4988,10.365,19809,0
PBX,D,20160323,000000,10.503,10.503,10.365,10.365,1770,0
PBX,D,20160324,000000,10.318,10.411,10.318,10.411,5971,0
PBX,D,20160329,000000,10.411,10.549,10.144,10.549,4552,0
PBX,D,20160330,000000,10.549,10.769,10.54,10.769,23350,0
PBX,D,20160331,000000,10.779,10.854,10.493,10.769,39387,0
PBX,D,20160401,000000,10.687,11.074,10.687,11.074,17557,0
PBX,D,20160404,000000,11.056,11.074,11.056,11.056,1031,0
PBX,D,20160405,000000,10.871,10.871,10.871,10.871,55,0
PBX,D,20160406,000000,10.318,10.595,10.318,10.595,163,0
PBX,D,20160407,000000,10.595,10.871,10.595,10.705,11681,0
PBX,D,20160408,000000,10.779,10.779,10.715,10.715,1173,0
PBX,D,20160411,000000,10.715,10.715,10.595,10.595,1145,0
PBX,D,20160412,000000,10.595,11.332,10.503,11.056,11503,0
PBX,D,20160414,000000,10.964,11.241,10.964,11.241,1276,0
PBX,D,20160415,000000,11.241,11.241,11.056,11.056,501,0
PBX,D,20160418,000000,11.213,11.609,11.046,11.056,4638,0
PBX,D,20160419,000000,11.056,11.231,10.871,10.871,3067,0
PBX,D,20160420,000000,10.863,10.917,10.863,10.917,1226,0
PBX,D,20160421,000000,11.01,11.056,11.01,11.056,5221,0
PBX,D,20160422,000000,11.231,11.241,11.056,11.241,6106,0
PBX,D,20160425,000000,11.285,11.285,11.277,11.277,32,0
PBX,D,20160426,000000,11.267,11.332,11.267,11.332,4069,0
PBX,D,20160427,000000,11.002,11.691,11.002,11.332,9110,0
PBX,D,20160429,000000,11.332,11.332,11.332,11.332,5273,0
PBX,D,20160502,000000,11.332,11.332,11.332,11.332,1150,0
PBX,D,20160504,000000,11.609,11.609,11.193,11.231,2704,0
PBX,D,20160505,000000,10.226,10.226,10.226,10.226,21,0
PBX,D,20160506,000000,10.245,11.231,10.245,10.687,830,0
PBX,D,20160509,000000,10.936,10.936,10.936,10.936,1218,0
PBX,D,20160511,000000,10.318,10.779,10.318,10.779,450,0
PBX,D,20160512,000000,10.595,10.595,10.181,10.328,2603,0
PBX,D,20160513,000000,9.857,10.595,9.857,10.595,825,0
PBX,D,20160517,000000,10.595,10.826,10.595,10.595,25619,0
PBX,D,20160518,000000,10.826,10.826,10.53,10.826,10815,0
PBX,D,20160519,000000,10.871,10.871,10.687,10.687,7163,0
PBX,D,20160520,000000,10.964,11.277,10.503,10.964,9120,0
PBX,D,20160523,000000,10.964,11.267,10.779,11.221,3552,0
PBX,D,20160524,000000,10.779,11.285,10.779,11.285,6535,0
PBX,D,20160525,000000,11.056,11.148,11.056,11.148,2278,0
PBX,D,20160527,000000,10.779,10.779,10.779,10.779,1,0
PBX,D,20160530,000000,11.241,11.241,11.241,11.241,217,0
PBX,D,20160531,000000,11.193,11.49,11.148,11.49,12246,0
PBX,D,20160601,000000,11.056,11.241,10.871,11.241,10886,0
PBX,D,20160602,000000,10.964,11.148,10.687,11.148,5699,0
PBX,D,20160603,000000,11.241,11.241,11.241,11.241,2845,0
PBX,D,20160607,000000,11.056,11.332,10.88,10.88,10279,0
PBX,D,20160608,000000,10.88,10.88,10.88,10.88,219,0
PBX,D,20160609,000000,10.854,10.854,10.687,10.687,4989,0
PBX,D,20160614,000000,10.595,10.816,10.318,10.816,2278,0
PBX,D,20160615,000000,11.285,11.285,11.285,11.285,16310,0
PBX,D,20160616,000000,11.056,11.093,10.622,11.056,8574,0
PBX,D,20160617,000000,11.056,11.056,11.056,11.056,1790,0
PBX,D,20160621,000000,10.705,11.018,10.512,10.687,15352,0
PBX,D,20160622,000000,10.622,10.871,10.622,10.871,2931,0
PBX,D,20160623,000000,10.622,10.826,10.586,10.826,29607,0
PBX,D,20160624,000000,10.134,11.129,10.134,10.871,16795,0
PBX,D,20160627,000000,10.622,10.65,10.134,10.65,14010,0
PBX,D,20160628,000000,10.337,10.337,10.226,10.318,18463,0
PBX,D,20160629,000000,10.669,11.129,10.171,10.871,14695,0
PBX,D,20160630,000000,10.964,11.056,10.964,11.056,4408,0
PBX,D,20160701,000000,10.779,11.241,10.779,11.241,1088,0
PBX,D,20160704,000000,10.797,11.332,10.797,11.332,1045,0
PBX,D,20160706,000000,10.88,11.285,10.88,11.285,239,0
PBX,D,20160707,000000,10.88,11.378,10.88,11.378,4509,0
PBX,D,20160708,000000,11.423,11.423,11.423,11.423,1,0
PBX,D,20160712,000000,11.423,11.516,11.423,11.516,2376,0
PBX,D,20160713,000000,11.056,11.609,11.056,11.609,11406,0
PBX,D,20160718,000000,11.25,11.701,11.25,11.701,1573,0
PBX,D,20160721,000000,11.258,11.977,11.258,11.977,5978,0
PBX,D,20160722,000000,11.977,11.977,11.977,11.977,269,0
PBX,D,20160725,000000,11.886,12.16,11.886,11.977,5315,0
PBX,D,20160726,000000,12.068,12.18,11.977,12.18,6599,0
PBX,D,20160727,000000,11.682,12.16,11.682,12.16,3697,0
PBX,D,20160729,000000,11.977,11.977,11.977,11.977,885,0
PBX,D,20160801,000000,11.886,11.886,11.886,11.886,14,0
PBX,D,20160808,000000,11.673,11.886,11.609,11.886,20478,0
PBX,D,20160809,000000,11.977,11.977,11.848,11.977,5427,0
PBX,D,20160810,000000,12.16,12.16,12.16,12.16,6947,0
PBX,D,20160812,000000,12.245,12.987,12.199,12.245,5199,0
PBX,D,20160816,000000,12.245,12.245,12.245,12.245,19,0
PBX,D,20160818,000000,12.245,12.245,12.245,12.245,364,0
PBX,D,20160822,000000,11.791,12.059,11.791,12.059,2651,0
PBX,D,20160825,000000,12.059,12.059,12.059,12.059,21,0
PBX,D,20160829,000000,12.068,12.068,12.059,12.059,1616,0
PBX,D,20160830,000000,11.874,11.919,11.874,11.874,42373,0
PBX,D,20160831,000000,11.874,11.874,11.874,11.874,159303,0
PBX,D,20160906,000000,11.874,11.874,11.688,11.734,78881,0
PBX,D,20160907,000000,11.734,12.059,11.734,12.059,46850,0
PBX,D,20160909,000000,12.068,12.068,12.059,12.059,6145,0
PBX,D,20160912,000000,11.595,11.967,11.224,11.967,8413,0
PBX,D,20160915,000000,12.152,12.152,12.152,12.152,755,0
PBX,D,20160919,000000,12.152,12.152,12.152,12.152,162,0
PBX,D,20160921,000000,12.152,12.152,12.152,12.152,1137,0
PBX,D,20160923,000000,11.874,12.059,11.874,12.059,378,0
PBX,D,20160927,000000,12.059,12.059,12.059,12.059,936,0
PBX,D,20160928,000000,12.152,12.245,12.152,12.245,550,0
PBX,D,20161003,000000,12.059,12.059,12.059,12.059,1024,0
PBX,D,20161005,000000,12.059,12.059,11.984,12.059,2696,0
PBX,D,20161006,000000,11.976,11.976,11.643,11.643,906,0
PBX,D,20161012,000000,11.595,11.595,11.595,11.595,17,0
PBX,D,20161013,000000,11.595,11.595,11.595,11.595,1,0
PBX,D,20161017,000000,11.967,11.967,11.967,11.967,2696,0
PBX,D,20161020,000000,11.967,11.967,11.967,11.967,107,0
PBX,D,20161021,000000,11.967,11.967,11.967,11.967,5389,0
PBX,D,20161024,000000,11.967,11.967,11.224,11.781,2268,0
PBX,D,20161025,000000,11.669,11.771,11.224,11.493,2246,0
PBX,D,20161026,000000,11.493,11.493,11.131,11.309,11552,0
PBX,D,20161027,000000,11.595,11.595,11.131,11.595,5389,0
PBX,D,20161028,000000,11.585,11.967,11.585,11.967,21559,0
PBX,D,20161031,000000,11.967,11.967,11.929,11.939,13151,0
PBX,D,20161102,000000,11.669,11.948,11.669,11.948,6524,0
PBX,D,20161103,000000,11.967,11.967,11.967,11.967,1,0
PBX,D,20161107,000000,11.967,11.967,11.967,11.967,107,0
PBX,D,20161108,000000,11.669,11.781,10.918,11.781,1348,0
PBX,D,20161110,000000,11.402,11.402,10.946,11.299,10619,0
PBX,D,20161114,000000,11.299,11.299,11.299,11.299,488,0
PBX,D,20161115,000000,11.224,11.224,10.946,11.131,3565,0
PBX,D,20161116,000000,10.863,11.085,10.676,11.085,731,0
PBX,D,20161117,000000,10.676,10.705,9.647,10.019,165900,0
PBX,D,20161118,000000,10.946,10.946,10.204,10.659,5027,0
PBX,D,20161121,000000,10.668,10.668,10.297,10.659,54791,0
PBX,D,20161122,000000,10.204,10.204,9.842,10.204,3585,0
PBX,D,20161123,000000,10.761,10.761,10.761,10.761,26,0
PBX,D,20161124,000000,10.946,10.946,10.946,10.946,2,0
PBX,D,20161125,000000,10.946,10.946,10.946,10.946,75,0
PBX,D,20161129,000000,10.946,10.946,10.111,10.204,1986,0
PBX,D,20161130,000000,9.991,10.204,9.888,9.888,3094,0
PBX,D,20161201,000000,9.879,9.879,9.879,9.879,3806,0
PBX,D,20161205,000000,10.102,10.102,9.879,9.879,648,0
PBX,D,20161207,000000,10.399,10.399,9.4622,9.74,11468,0
PBX,D,20161209,000000,9.74,10.009,9.74,9.74,663,0
PBX,D,20161212,000000,9.74,9.74,9.693,9.693,644,0
PBX,D,20161213,000000,9.693,9.74,9.693,9.693,2431,0
PBX,D,20161214,000000,9.879,9.879,9.693,9.693,18,0
PBX,D,20161215,000000,10.204,10.204,10.204,10.204,4,0
PBX,D,20161216,000000,9.647,9.647,9.647,9.647,61,0
PBX,D,20161219,000000,9.647,9.647,9.647,9.647,337,0
PBX,D,20161221,000000,10.204,10.204,9.2763,10.066,4346,0
PBX,D,20161222,000000,10.066,10.066,10,10,1616,0
PBX,D,20161227,000000,10.297,10.297,10.297,10.297,3,0
PBX,D,20161228,000000,10.287,10.287,9.74,10.194,32344,0
PBX,D,20161229,000000,10.194,10.194,10.185,10.185,21775,0
PBX,D,20170104,000000,9.74,10.185,9.74,10.185,12340,0
PBX,D,20170105,000000,9.74,10.009,9.74,10.009,1312,0
PBX,D,20170109,000000,9.972,9.972,9.972,9.972,107,0
PBX,D,20170110,000000,9.963,9.963,9.963,9.963,398,0
PBX,D,20170111,000000,9.647,10.046,9.647,9.981,1068,0
PBX,D,20170112,000000,9.554,9.554,9.554,9.554,1454,0
PBX,D,20170113,000000,10.102,10.102,9.74,10.019,10052,0
PBX,D,20170116,000000,9.3318,10.019,9.3318,10.019,9,0
PBX,D,20170118,000000,9.972,10.185,9.786,10.185,2187,0
PBX,D,20170119,000000,10.185,10.185,10.185,10.185,193,0
PBX,D,20170120,000000,10.185,10.204,10.185,10.204,2250,0
PBX,D,20170123,000000,10.297,10.445,10.297,10.343,673,0
PBX,D,20170124,000000,10.343,10.519,10.343,10.482,1208,0
PBX,D,20170125,000000,10.482,10.593,10.389,10.389,51557,0
PBX,D,20170126,000000,10.231,10.752,9.768,10.204,22317,0
PBX,D,20170127,000000,10.204,10.705,10.111,10.593,30802,0
PBX,D,20170130,000000,10.222,10.714,10.222,10.445,362,0
PBX,D,20170131,000000,10.445,10.649,10.389,10.389,12485,0
PBX,D,20170201,000000,10.435,10.435,10.204,10.427,2051,0
PBX,D,20170202,000000,10.427,10.603,10.204,10.603,313,0
PBX,D,20170203,000000,9.852,10.389,9.852,10.389,692,0
PBX,D,20170207,000000,10.194,10.389,10.194,10.389,755,0
PBX,D,20170208,000000,10.204,10.324,10.204,10.324,487,0
PBX,D,20170209,000000,10.251,10.251,10.251,10.251,5,0
PBX,D,20170210,000000,10.204,10.204,10.204,10.204,10806,0
PBX,D,20170213,000000,10.194,10.194,10.185,10.185,216,0
PBX,D,20170214,000000,10.176,10.185,10.111,10.185,347,0
PBX,D,20170216,000000,10.194,10.194,10.176,10.194,334,0
PBX,D,20170217,000000,10.176,10.176,10.111,10.111,131,0
PBX,D,20170220,000000,10.019,10.019,10.019,10.019,106,0
PBX,D,20170221,000000,10.194,10.194,9.759,9.925,5741,0
PBX,D,20170222,000000,9.925,9.925,8.9605,9.74,22124,0
PBX,D,20170223,000000,9.74,9.74,9.4247,9.554,39281,0
PBX,D,20170224,000000,9.554,9.601,9.554,9.554,622,0
PBX,D,20170227,000000,10.102,10.102,10.102,10.102,1,0
PBX,D,20170228,000000,10.204,10.204,10.204,10.204,1167,0
PBX,D,20170301,000000,10.204,10.389,10.204,10.389,1077,0
PBX,D,20170302,000000,10.343,10.343,10.019,10.019,545,0
PBX,D,20170306,000000,9.74,10.204,9.74,10.204,10743,0
PBX,D,20170308,000000,10.204,10.204,10.158,10.158,981,0
PBX,D,20170309,000000,10.111,10.435,9.74,10.435,766,0
PBX,D,20170310,000000,9.833,10.389,9.833,10.389,564,0
PBX,D,20170313,000000,9.74,10.38,9.74,10.38,19,0
PBX,D,20170315,000000,9.759,10.066,9.74,9.815,7100,0
PBX,D,20170316,000000,10.38,10.38,10.38,10.38,1,0
PBX,D,20170320,000000,9.796,10.019,9.796,10.019,74,0
PBX,D,20170321,000000,10.019,10.019,9.509,9.509,6134,0
PBX,D,20170322,000000,9.509,9.509,9.509,9.509,4992,0
PBX,D,20170324,000000,10.102,10.102,10.102,10.102,2,0
PBX,D,20170329,000000,9.925,10.149,9.925,10.149,645,0
PBX,D,20170330,000000,9.2763,9.908,9.2763,9.519,67,0
PBX,D,20170331,000000,9.509,9.509,9.1835,9.4622,3759,0
PBX,D,20170403,000000,9.917,9.917,9.917,9.917,2,0
PBX,D,20170404,000000,10.111,10.111,9.1099,9.2763,1436,0
PBX,D,20170405,000000,9.879,9.925,9.879,9.925,55,0
PBX,D,20170406,000000,10.102,10.102,9.786,9.917,346,0
PBX,D,20170407,000000,9.898,10.093,9.898,10.037,321,0
PBX,D,20170411,000000,10.037,10.037,10.037,10.037,15,0
PBX,D,20170412,000000,10.102,10.102,10.073,10.102,12,0
PBX,D,20170419,000000,10.093,10.093,10.093,10.093,2,0
PBX,D,20170420,000000,9.193,9.925,9.193,9.925,82,0
PBX,D,20170425,000000,9.693,9.879,9.693,9.879,36,0
PBX,D,20170426,000000,10.149,10.149,10.149,10.149,1,0
PBX,D,20170428,000000,10.158,10.158,9.74,9.917,617,0
PBX,D,20170502,000000,10.204,10.334,10.102,10.102,4137,0
PBX,D,20170504,000000,9.833,10.204,9.554,10.204,4503,0
PBX,D,20170505,000000,10.315,10.315,10.158,10.158,271,0
PBX,D,20170508,000000,10.149,10.149,10,10,5824,0
PBX,D,20170509,000000,9.2944,10.009,9.2944,10,576,0
PBX,D,20170510,000000,10.111,10.111,10.073,10.073,2174,0
PBX,D,20170512,000000,10.019,10.019,9.657,10.009,2233,0
PBX,D,20170515,000000,9.684,9.963,9.684,9.963,370,0
PBX,D,20170518,000000,9.601,9.647,9.554,9.554,1125,0
PBX,D,20170519,000000,9.2944,9.2944,9.2763,9.2763,13174,0
PBX,D,20170522,000000,9.972,9.972,9.0355,9.2763,1684,0
PBX,D,20170523,000000,9.667,9.667,9.0722,9.2763,6154,0
PBX,D,20170524,000000,8.8218,9.667,8.8218,9.667,100,0
PBX,D,20170525,000000,9.0907,9.676,9.0907,9.676,3348,0
PBX,D,20170526,000000,9.2763,9.2763,9.1835,9.2763,7972,0
PBX,D,20170530,000000,9.74,9.74,9.74,9.74,2,0
PBX,D,20170531,000000,9.2763,9.2763,9.2763,9.2763,18057,0
PBX,D,20170601,000000,9.2849,9.2849,9.2849,9.2849,129,0
PBX,D,20170602,000000,9.815,9.815,9.2763,9.2763,3671,0
PBX,D,20170606,000000,9.193,9.193,9.1835,9.1835,3706,0
PBX,D,20170608,000000,9.2763,9.2763,9.1835,9.2763,6511,0
PBX,D,20170609,000000,9.2763,9.815,9.2763,9.815,846,0
PBX,D,20170612,000000,9.2763,9.2763,9.2763,9.2763,2156,0
PBX,D,20170613,000000,9.1835,9.1835,9.1835,9.1835,291,0
PBX,D,20170614,000000,9.1835,9.1835,9.1835,9.1835,216,0
PBX,D,20170616,000000,9.1835,9.1835,9.1835,9.1835,107,0
PBX,D,20170619,000000,9.1835,9.1835,9.1835,9.1835,107,0
PBX,D,20170620,000000,9.2763,9.676,9.2763,9.2763,1188,0
PBX,D,20170621,000000,9.2677,9.2677,9.2677,9.2677,143,0
PBX,D,20170623,000000,9.1835,9.1835,9.1835,9.1835,91,0
PBX,D,20170626,000000,9.1003,9.1003,9.1003,9.1003,308,0
PBX,D,20170628,000000,9.1366,9.1366,8.9981,8.9981,4769,0
PBX,D,20170629,000000,9.1462,9.1835,9.0907,9.0907,2167,0
PBX,D,20170630,000000,8.9981,8.9981,8.9981,8.9981,1186,0
PBX,D,20170703,000000,8.9981,8.9981,8.9981,8.9981,102,0
PBX,D,20170704,000000,9.0075,9.0075,9.0075,9.0075,545,0
PBX,D,20170705,000000,8.8854,9.261,8.8854,9.261,399,0
PBX,D,20170706,000000,9.1013,9.1013,9.0917,9.0917,2451,0
PBX,D,20170710,000000,9.2887,9.3822,9.2887,9.3822,1088,0
PBX,D,20170711,000000,9.3738,9.3738,8.9699,9.2322,261,0
PBX,D,20170712,000000,9.0355,9.2706,8.9137,9.2706,4378,0
PBX,D,20170714,000000,9.2322,9.2322,8.9137,9.195,4149,0
PBX,D,20170718,000000,9.195,9.195,9.195,9.195,165,0
PBX,D,20170719,000000,8.8854,8.8854,8.8667,8.8667,11538,0
PBX,D,20170720,000000,8.8667,8.8667,8.8667,8.8667,106,0
PBX,D,20170721,000000,9.0731,9.0731,9.0637,9.0637,1300,0
PBX,D,20170724,000000,8.8104,8.8104,8.8104,8.8104,1065,0
PBX,D,20170725,000000,8.7822,8.7822,8.6228,8.6228,7733,0
PBX,D,20170726,000000,8.7259,8.7259,8.7259,8.7259,959,0
PBX,D,20170728,000000,9.0637,9.0637,9.0637,9.0637,54,0
PBX,D,20170731,000000,9.0917,9.0917,8.6697,8.6697,1258,0
PBX,D,20170801,000000,8.9137,8.9137,8.5852,8.9137,5802,0
PBX,D,20170802,000000,8.923,8.9605,8.679,8.9605,53294,0
PBX,D,20170803,000000,8.9511,8.9511,8.9511,8.9511,214,0
PBX,D,20170804,000000,8.557,8.9511,8.557,8.9417,1251,0
PBX,D,20170807,000000,8.9137,8.9137,8.9137,8.9137,3299,0
PBX,D,20170809,000000,8.9323,8.9323,8.557,8.557,2949,0
PBX,D,20170810,000000,8.9137,8.923,8.9137,8.923,2649,0
PBX,D,20170814,000000,8.679,8.679,8.557,8.557,2271,0
PBX,D,20170816,000000,8.557,8.557,8.3506,8.4445,6812,0
PBX,D,20170817,000000,8.3975,8.3975,8.3975,8.3975,9184,0
PBX,D,20170818,000000,8.8667,8.8667,8.0223,8.4351,3857,0
PBX,D,20170821,000000,8.7729,8.7729,8.1629,8.7729,14,0
PBX,D,20170823,000000,8.7729,8.7729,8.7729,8.7729,171,0
PBX,D,20170828,000000,8.6321,8.8198,8.6321,8.8198,111,0
PBX,D,20170831,000000,8.8198,8.8667,8.8198,8.8667,59,0
PBX,D,20170908,000000,8.801,8.801,8.801,8.801,2,0
PBX,D,20170914,000000,8.7729,8.801,8.7729,8.801,288,0
PBX,D,20170915,000000,8.5476,8.5476,8.5383,8.5383,948,0
PBX,D,20170918,000000,8.801,8.801,8.801,8.801,170,0
PBX,D,20170920,000000,8.7635,8.7729,8.7635,8.7729,363,0
PBX,D,20170922,000000,8.7729,8.7729,8.2662,8.7729,320,0
PBX,D,20170926,000000,8.7729,8.7729,8.7541,8.7541,2,0
PBX,D,20171002,000000,8.2662,8.801,8.2662,8.801,142,0
PBX,D,20171003,000000,8.2662,8.2662,8.2662,8.2662,731,0
PBX,D,20171004,000000,8.4445,8.4445,8.4445,8.4445,2,0
PBX,D,20171009,000000,8.3975,8.5383,8.3975,8.5383,1550,0
PBX,D,20171011,000000,8.5383,8.5383,8.4445,8.4445,243,0
PBX,D,20171016,000000,8.4257,8.4257,8.4257,8.4257,4690,0
PBX,D,20171018,000000,8.2662,8.4445,8.2662,8.4445,1634,0
PBX,D,20171023,000000,8.4913,8.4913,8.4445,8.4445,426,0
PBX,D,20171024,000000,8.4445,8.4445,8.4445,8.4445,1599,0
PBX,D,20171026,000000,8.2662,8.3975,8.2568,8.3506,1889,0
PBX,D,20171027,000000,8.2568,8.4445,8.0691,8.4445,64933,0
PBX,D,20171030,000000,7.9752,8.4445,7.9752,8.4445,1142,0
PBX,D,20171106,000000,8.5383,8.5383,8.5383,8.5383,32,0
PBX,D,20171107,000000,8.5383,8.7166,8.4445,8.7166,865,0
PBX,D,20171108,000000,8.7259,8.7259,8.7259,8.7259,106,0
PBX,D,20171113,000000,8.6978,8.7259,8.6978,8.7259,67,0
PBX,D,20171116,000000,8.7166,8.7166,8.7166,8.7166,106,0
PBX,D,20171120,000000,8.7635,9.2514,8.4445,9.0075,14769,0
PBX,D,20171121,000000,9.2887,9.2887,9.0261,9.2887,21434,0
PBX,D,20171123,000000,9.3547,10.124,9.3547,9.852,10657,0
PBX,D,20171124,000000,9.711,10.096,9.711,10.096,52113,0
PBX,D,20171127,000000,10.086,10.086,9.749,9.758,118786,0
PBX,D,20171128,000000,9.4385,9.842,9.0543,9.1108,131553,0
PBX,D,20171129,000000,9.842,9.842,9.3822,9.3822,32193,0
PBX,D,20171130,000000,9.3822,9.3822,9.2236,9.2236,254,0
PBX,D,20171204,000000,9.2983,9.655,9.2983,9.655,1814,0
PBX,D,20171205,000000,9.3822,9.3822,9.3822,9.3822,106,0
PBX,D,20171207,000000,9.3078,9.758,9.195,9.665,41290,0
PBX,D,20171208,000000,9.3078,9.3078,9.2887,9.2887,2130,0
PBX,D,20171212,000000,8.9605,9.3822,8.9605,9.3822,238,0
PBX,D,20171214,000000,9.3643,9.3822,9.3643,9.3822,535,0
PBX,D,20171218,000000,9.0543,9.0543,9.0543,9.0543,62,0
PBX,D,20171219,000000,9.0543,9.0543,9.0543,9.0543,869,0
PBX,D,20171220,000000,8.9511,9.1013,8.8198,9.1013,1771,0
PBX,D,20171221,000000,8.8198,9.1673,8.8198,9.1673,1022,0
PBX,D,20171222,000000,9.1108,9.1108,9.1108,9.1108,106,0
PBX,D,20171227,000000,8.9605,8.9605,8.9605,8.9605,374,0
PBX,D,20171228,000000,9.1673,9.1673,9.1013,9.1013,394,0
PBX,D,20171229,000000,9.195,9.3822,9.1013,9.3822,1322,0
PBX,D,20180103,000000,9.3822,9.571,9.3822,9.4761,40247,0
PBX,D,20180104,000000,9.571,9.571,9.571,9.571,212193,0
PBX,D,20180105,000000,9.571,9.571,9.571,9.571,160,0
PBX,D,20180108,000000,9.571,9.571,9.571,9.571,15794,0
PBX,D,20180109,000000,9.571,9.665,9.3822,9.665,212578,0
PBX,D,20180110,000000,9.4761,9.665,9.4761,9.665,11140,0
PBX,D,20180112,000000,9.665,9.665,9.665,9.665,22238,0
PBX,D,20180115,000000,9.665,9.665,9.3822,9.3822,22691,0
PBX,D,20180116,000000,9.3822,9.4761,9.3822,9.4761,18281,0
PBX,D,20180117,000000,9.665,9.665,9.665,9.665,8611,0
PBX,D,20180118,000000,9.665,9.665,9.571,9.665,106589,0
PBX,D,20180119,000000,9.571,9.665,9.571,9.665,17155,0
PBX,D,20180122,000000,9.665,9.665,9.571,9.665,1864,0
PBX,D,20180123,000000,9.3822,9.3822,9.3822,9.3822,26224,0
PBX,D,20180125,000000,9.3822,9.3822,9.195,9.195,62101,0
PBX,D,20180129,000000,9.4761,9.665,9.4761,9.4761,66265,0
PBX,D,20180130,000000,9.4761,9.571,9.2418,9.571,949,0
PBX,D,20180131,000000,9.571,9.571,9.571,9.571,43,0
PBX,D,20180201,000000,9.4761,9.4761,9.4761,9.4761,94,0
PBX,D,20180202,000000,9.4761,9.571,9.3822,9.4761,42879,0
PBX,D,20180206,000000,9.2418,9.2887,9.195,9.2887,2551,0
PBX,D,20180207,000000,9.2887,9.2887,9.2887,9.2887,1599,0
PBX,D,20180208,000000,9.2887,9.2887,9.0543,9.2887,41673,0
PBX,D,20180209,000000,9.195,9.195,9.195,9.195,270,0
PBX,D,20180212,000000,9.3822,9.4761,9.3822,9.4761,4,0
PBX,D,20180213,000000,9.4761,9.4761,9.195,9.3822,21547,0
PBX,D,20180214,000000,9.4761,9.4761,9.4761,9.4761,138,0
PBX,D,20180215,000000,9.571,9.571,9.571,9.571,133,0
PBX,D,20180216,000000,9.571,9.571,9.571,9.571,6570,0
PBX,D,20180221,000000,9.571,9.571,9.571,9.571,1897,0
PBX,D,20180222,000000,9.571,9.571,9.571,9.571,1065,0
PBX,D,20180223,000000,9.571,9.571,9.571,9.571,1833,0
PBX,D,20180226,000000,9.571,9.852,9.571,9.852,2867,0
PBX,D,20180302,000000,9.4761,9.571,9.4761,9.571,94,0
PBX,D,20180305,000000,9.758,9.758,9.2887,9.2887,1893,0
PBX,D,20180306,000000,9.1013,9.571,9.1013,9.571,171,0
PBX,D,20180308,000000,9.195,9.852,9.195,9.852,6973,0
PBX,D,20180309,000000,9.852,9.852,9.852,9.852,119,0
PBX,D,20180312,000000,9.571,9.852,9.571,9.852,535,0
PBX,D,20180314,000000,9.852,10.039,9.852,10.039,3819,0
PBX,D,20180315,000000,10.039,10.133,10.039,10.039,3462,0
PBX,D,20180319,000000,10.039,10.039,10.039,10.039,3488,0
PBX,D,20180320,000000,10.039,10.978,10.039,10.978,2771,0
PBX,D,20180321,000000,10.509,10.697,10.32,10.697,246,0
PBX,D,20180322,000000,10.32,10.884,9.758,10.884,4477,0
PBX,D,20180323,000000,9.946,10.133,9.946,10.133,6964,0
PBX,D,20180326,000000,10.79,10.79,9.571,9.571,9263,0
PBX,D,20180327,000000,9.571,9.571,9.571,9.571,1583,0
PBX,D,20180328,000000,9.758,10.133,9.758,10.133,17289,0
PBX,D,20180329,000000,10.133,10.133,10.133,10.133,1220,0
PBX,D,20180403,000000,10.133,10.133,10.039,10.039,11809,0
PBX,D,20180404,000000,10.133,10.133,10.039,10.133,15241,0
PBX,D,20180406,000000,10.133,10.133,9.665,10.133,13110,0
PBX,D,20180409,000000,10.133,10.227,10.133,10.227,363,0
PBX,D,20180416,000000,10.133,10.133,10.133,10.133,9,0
PBX,D,20180417,000000,9.571,9.665,9.571,9.571,30330,0
PBX,D,20180418,000000,9.758,9.758,9.758,9.758,160,0
PBX,D,20180419,000000,9.946,9.946,9.946,9.946,160,0
PBX,D,20180420,000000,9.946,9.946,9.3822,9.852,2000,0
PBX,D,20180423,000000,9.665,9.946,9.665,9.946,13248,0
PBX,D,20180426,000000,9.758,9.946,9.3822,9.852,1918,0
PBX,D,20180427,000000,9.3822,9.758,9.2887,9.758,2723,0
PBX,D,20180430,000000,9.852,10.133,9.852,10.133,13237,0
PBX,D,20180502,000000,9.571,9.758,9.4761,9.758,341,0
PBX,D,20180504,000000,10.133,10.133,10.133,10.133,1,0
PBX,D,20180507,000000,10.039,10.039,10.039,10.039,54,0
PBX,D,20180508,000000,9.571,10.039,9.571,10.039,1301,0
PBX,D,20180510,000000,9.3822,10.227,9.3822,10.133,8207,0
PBX,D,20180511,000000,10.133,10.133,10.133,10.133,7587,0
PBX,D,20180517,000000,10.133,10.415,10.133,10.32,16033,0
PBX,D,20180518,000000,10.697,10.697,10.415,10.415,341,0
PBX,D,20180521,000000,10.509,10.509,10.227,10.509,825,0
PBX,D,20180522,000000,10.039,10.32,10.039,10.32,21902,0
PBX,D,20180524,000000,9.946,10.039,9.571,9.665,5329,0
PBX,D,20180525,000000,9.665,9.665,9.665,9.665,330,0
PBX,D,20180528,000000,10.227,10.509,10.227,10.509,97782,0
PBX,D,20180529,000000,10.509,10.509,10.039,10.039,25465,0
PBX,D,20180530,000000,10.32,10.509,10.32,10.509,36330,0
PBX,D,20180601,000000,10.32,10.32,10.32,10.32,68211,0
PBX,D,20180604,000000,10.32,10.509,10.32,10.32,28290,0
PBX,D,20180606,000000,10.509,10.509,10.509,10.509,1599,0
PBX,D,20180607,000000,10.509,10.509,10.039,10.509,326,0
PBX,D,20180611,000000,10.32,10.509,10.039,10.509,170,0
PBX,D,20180612,000000,10.509,10.509,10.509,10.509,569,0
PBX,D,20180613,000000,10.509,10.509,10.509,10.509,428,0
PBX,D,20180614,000000,10.509,10.509,10.509,10.509,505,0
PBX,D,20180615,000000,10.509,10.509,10.509,10.509,2379,0
PBX,D,20180619,000000,10.32,10.32,10.32,10.32,18118,0
PBX,D,20180620,000000,10.603,10.603,10.603,10.603,1,0
PBX,D,20180621,000000,10.697,10.697,10.603,10.603,1332,0
PBX,D,20180622,000000,10.697,10.697,10.32,10.32,2958,0
PBX,D,20180626,000000,10.133,10.227,10.039,10.039,744,0
PBX,D,20180627,000000,10.133,10.133,9.946,9.946,1578,0
PBX,D,20180628,000000,9.946,9.946,9.665,9.946,143,0
PBX,D,20180629,000000,9.0543,9.946,9.0543,9.946,25290,0
PBX,D,20180706,000000,9.571,9.852,9.571,9.852,1181,0
PBX,D,20180710,000000,9.852,9.852,9.852,9.852,556,0
PBX,D,20180711,000000,9.852,9.852,9.852,9.852,4383,0
PBX,D,20180713,000000,9.758,9.758,9.758,9.758,214,0
PBX,D,20180716,000000,9.665,9.665,9.665,9.665,54,0
PBX,D,20180717,000000,9.665,9.758,9.665,9.758,535041,0
PBX,D,20180718,000000,9.665,9.946,9.571,9.946,22023,0
PBX,D,20180719,000000,10.424,10.424,10.424,10.424,1704,0
PBX,D,20180724,000000,10.137,10.137,10.137,10.137,21,0
PBX,D,20180727,000000,9.946,10.137,9.946,10.137,586,0
PBX,D,20180730,000000,9.85,10.137,9.85,10.137,207,0
PBX,D,20180731,000000,10.137,10.137,10.137,10.137,149,0
PBX,D,20180801,000000,9.85,10.137,9.85,10.137,397,0
PBX,D,20180802,000000,10.137,10.137,10.137,10.137,8,0
PBX,D,20180807,000000,9.946,9.946,9.85,9.85,693,0
PBX,D,20180808,000000,9.85,9.85,9.85,9.85,2308,0
PBX,D,20180809,000000,9.85,9.85,9.85,9.85,1046,0
PBX,D,20180810,000000,9.755,9.755,9.659,9.755,16897,0
PBX,D,20180813,000000,10.137,10.137,10.137,10.137,1,0
PBX,D,20180816,000000,9.755,9.755,9.755,9.755,21,0
PBX,D,20180817,000000,9.755,9.755,9.755,9.755,22482,0
PBX,D,20180820,000000,10.137,10.137,10.137,10.137,5,0
PBX,D,20180821,000000,9.85,9.85,9.85,9.85,210,0
PBX,D,20180822,000000,9.85,9.85,9.4672,9.755,24837,0
PBX,D,20180824,000000,9.85,9.85,9.85,9.85,5,0
PBX,D,20180827,000000,9.85,9.85,9.85,9.85,27,0
PBX,D,20180828,000000,9.659,9.659,9.3719,9.3719,20655,0
PBX,D,20180829,000000,9.659,9.755,9.659,9.755,4,0
PBX,D,20180831,000000,9.659,9.659,9.1806,9.1806,26105,0
PBX,D,20180903,000000,9.1328,9.1328,9.1328,9.1328,241,0
PBX,D,20180904,000000,9.1806,9.1806,9.1806,9.1806,1255,0
PBX,D,20180905,000000,9.1806,9.1806,9.085,9.085,12088,0
PBX,D,20180906,000000,9.085,9.085,9.085,9.085,5228,0
PBX,D,20180907,000000,9.085,9.085,9.085,9.085,20913,0
PBX,D,20180910,000000,9.4198,9.659,9.3719,9.3719,58690,0
PBX,D,20180911,000000,9.3719,9.563,9.3719,9.3719,13313,0
PBX,D,20180912,000000,9.3719,9.3719,9.3241,9.3241,1934,0
PBX,D,20180913,000000,9.3241,9.3241,9.1806,9.1806,32703,0
PBX,D,20180914,000000,9.3719,9.3719,9.3719,9.3719,3137,0
PBX,D,20180917,000000,9.85,9.85,9.2285,9.3719,6275,0
PBX,D,20180918,000000,9.3719,9.563,9.3719,9.563,8,0
PBX,D,20180920,000000,9.3719,9.3719,9.3719,9.3719,67307,0
PBX,D,20180921,000000,9.563,9.563,9.4672,9.4672,10311,0
PBX,D,20180925,000000,9.755,9.755,9.755,9.755,204,0
PBX,D,20180927,000000,9.563,9.563,9.563,9.563,2091,0
PBX,D,20180928,000000,9.516,9.516,9.4672,9.4672,784,0
PBX,D,20181001,000000,9.755,9.755,9.3719,9.563,2384,0
PBX,D,20181002,000000,9.3719,9.3719,9.3719,9.3719,5751,0
PBX,D,20181003,000000,9.3719,9.85,9.3719,9.85,28525,0
PBX,D,20181004,000000,9.85,10.52,9.85,10.328,125495,0
PBX,D,20181005,000000,10.137,10.52,10.137,10.52,2787,0
PBX,D,20181008,000000,10.52,10.52,10.52,10.52,1431,0
PBX,D,20181009,000000,10.52,10.52,10.52,10.52,73,0
PBX,D,20181010,000000,10.615,10.71,10.424,10.71,23740,0
PBX,D,20181011,000000,10.424,10.806,10.424,10.806,33828,0
PBX,D,20181012,000000,10.902,11.094,10.71,10.902,18214,0
PBX,D,20181015,000000,11.094,11.094,10.71,11.094,18240,0
PBX,D,20181016,000000,11.284,11.572,11.284,11.572,2942,0
PBX,D,20181017,000000,11.763,11.763,11.476,11.476,3513,0
PBX,D,20181018,000000,11.476,11.667,11.476,11.667,205,0
PBX,D,20181019,000000,11.38,11.858,11.38,11.476,43913,0
PBX,D,20181022,000000,11.858,11.858,11.38,11.476,14619,0
PBX,D,20181023,000000,11.38,11.476,11.189,11.476,25170,0
PBX,D,20181024,000000,11.476,11.476,11.476,11.476,218,0
PBX,D,20181025,000000,10.998,11.284,10.806,11.284,27124,0
PBX,D,20181026,000000,11.189,11.284,10.615,11.284,1433,0
PBX,D,20181029,000000,11.189,11.284,11.189,11.284,220,0
PBX,D,20181030,000000,10.998,10.998,10.998,10.998,21123,0
PBX,D,20181031,000000,10.71,10.998,10.52,10.998,24401,0
PBX,D,20181102,000000,11.284,11.38,10.998,11.38,8285,0
PBX,D,20181105,000000,11.38,11.38,10.998,10.998,2258,0
PBX,D,20181107,000000,10.998,10.998,10.998,10.998,1673,0
PBX,D,20181108,000000,10.998,10.998,10.998,10.998,5542,0
PBX,D,20181113,000000,10.998,10.998,10.998,10.998,6512,0
PBX,D,20181114,000000,10.71,10.71,10.71,10.71,1172,0
PBX,D,20181116,000000,10.52,10.71,10.52,10.71,5278,0
PBX,D,20181120,000000,10.806,10.806,10.806,10.806,1211,0
PBX,D,20181121,000000,10.71,10.71,10.52,10.52,2195,0
PBX,D,20181122,000000,10.424,10.806,10.424,10.806,2751,0
PBX,D,20181123,000000,10.902,10.902,10.902,10.902,1046,0
PBX,D,20181126,000000,10.998,11.38,10.998,11.094,127694,0
PBX,D,20181127,000000,11.189,12.049,10.998,11.858,77158,0
PBX,D,20181128,000000,12.145,12.432,12.049,12.145,42766,0
PBX,D,20181129,000000,12.337,12.719,12.049,12.049,29097,0
PBX,D,20181130,000000,12.145,12.337,11.954,12.241,6959,0
PBX,D,20181203,000000,12.337,12.815,12.241,12.815,33679,0
PBX,D,20181204,000000,13.006,13.006,12.432,12.815,16639,0
PBX,D,20181205,000000,12.719,12.719,12.432,12.623,1630,0
PBX,D,20181206,000000,12.432,12.527,12.145,12.432,2437,0
PBX,D,20181207,000000,12.337,12.337,11.954,12.337,3189,0
PBX,D,20181210,000000,12.337,12.337,12.241,12.241,317,0
PBX,D,20181211,000000,12.241,12.241,11.954,12.145,3623,0
PBX,D,20181212,000000,11.954,12.527,11.954,12.527,30604,0
PBX,D,20181213,000000,12.719,12.911,12.337,12.337,22196,0
PBX,D,20181214,000000,12.337,12.719,12.337,12.623,1647,0
PBX,D,20181217,000000,12.623,12.623,12.337,12.337,1571,0
PBX,D,20181218,000000,12.337,12.527,12.241,12.527,6122,0
PBX,D,20181220,000000,12.241,12.337,11.858,11.858,9305,0
PBX,D,20181221,000000,12.049,12.049,11.763,11.763,2608,0
PBX,D,20181227,000000,11.858,12.145,11.858,12.145,2185,0
PBX,D,20181228,000000,12.241,12.337,11.954,12.337,9178,0
PBX,D,20190102,000000,12.527,12.719,12.145,12.527,539,0
PBX,D,20190103,000000,12.527,12.527,11.954,12.241,3289,0
PBX,D,20190104,000000,12.241,12.337,12.241,12.241,1618,0
PBX,D,20190107,000000,12.241,12.623,12.241,12.527,2291,0
PBX,D,20190108,000000,12.145,12.145,11.667,11.858,12214,0
PBX,D,20190109,000000,11.763,12.049,11.476,11.667,3432,0
PBX,D,20190110,000000,12.241,12.241,11.667,11.667,1209,0
PBX,D,20190111,000000,11.858,12.049,11.667,11.954,13989,0
PBX,D,20190114,000000,11.954,11.954,11.763,11.763,993,0
PBX,D,20190115,000000,11.954,12.049,11.667,11.954,5951,0
PBX,D,20190116,000000,11.858,11.954,11.858,11.954,1905,0
PBX,D,20190117,000000,11.954,12.049,11.858,12.049,5883,0
PBX,D,20190118,000000,12.049,12.049,11.667,11.667,3419,0
PBX,D,20190121,000000,11.667,11.667,10.998,10.998,12836,0
PBX,D,20190122,000000,11.094,11.189,10.71,10.998,8810,0
PBX,D,20190123,000000,10.998,11.189,10.52,10.71,14004,0
PBX,D,20190124,000000,11.094,11.094,10.902,10.998,285,0
PBX,D,20190125,000000,10.806,11.189,10.71,11.189,2034,0
PBX,D,20190128,000000,11.189,11.284,10.806,11.284,2025,0
PBX,D,20190129,000000,11.189,11.284,10.998,11.284,1370,0
PBX,D,20190130,000000,11.189,11.189,10.902,11.094,2139,0
PBX,D,20190131,000000,11.284,11.284,10.902,11.284,132,0
PBX,D,20190201,000000,11.284,11.476,11.094,11.38,4820,0
PBX,D,20190204,000000,11.284,11.284,10.998,11.284,274,0
PBX,D,20190205,000000,11.284,11.38,10.998,11.38,7256,0
PBX,D,20190206,000000,10.998,11.189,10.998,11.189,1205,0
PBX,D,20190207,000000,11.189,11.189,10.998,10.998,2958,0
PBX,D,20190208,000000,10.902,11.189,10.902,11.189,100,0
PBX,D,20190211,000000,11.189,11.189,10.232,10.902,8130,0
PBX,D,20190212,000000,11.094,11.094,11.094,11.094,2,0
PBX,D,20190213,000000,11.094,11.094,10.806,11.094,1300,0
PBX,D,20190214,000000,11.094,11.094,11.094,11.094,448,0
PBX,D,20190215,000000,11.094,11.189,10.806,10.806,1353,0
PBX,D,20190218,000000,10.998,10.998,10.998,10.998,1338,0
PBX,D,20190219,000000,11.094,11.284,11.094,11.284,1976,0
PBX,D,20190220,000000,11.094,11.284,11.094,11.284,1598,0
PBX,D,20190221,000000,11.189,11.189,11.189,11.189,496,0
PBX,D,20190222,000000,11.189,11.189,10.998,10.998,4201,0
PBX,D,20190225,000000,10.998,10.998,10.902,10.902,1412,0
PBX,D,20190226,000000,11.189,11.284,11.189,11.284,1293,0
PBX,D,20190227,000000,11.284,11.667,11.284,11.667,6614,0
PBX,D,20190228,000000,11.572,11.763,11.38,11.763,31092,0
PBX,D,20190301,000000,11.763,11.954,11.763,11.954,3828,0
PBX,D,20190304,000000,11.954,12.049,11.954,12.049,2478,0
PBX,D,20190305,000000,11.763,12.049,11.763,11.858,31156,0
PBX,D,20190306,000000,11.763,11.763,11.763,11.763,2214,0
PBX,D,20190307,000000,11.763,11.763,11.667,11.667,13040,0
PBX,D,20190308,000000,11.572,11.572,11.284,11.572,23460,0
PBX,D,20190311,000000,11.667,11.667,11.284,11.572,3984,0
PBX,D,20190312,000000,11.476,11.667,11.38,11.476,17039,0
PBX,D,20190313,000000,11.476,11.476,11.476,11.476,131,0
PBX,D,20190315,000000,11.476,11.476,11.476,11.476,104,0
PBX,D,20190318,000000,11.476,11.476,11.476,11.476,47,0
PBX,D,20190319,000000,11.284,11.476,11.189,11.189,56074,0
PBX,D,20190321,000000,11.189,11.189,10.998,11.189,23663,0
PBX,D,20190322,000000,11.189,11.189,10.902,10.902,2227,0
PBX,D,20190325,000000,10.902,10.998,10.806,10.806,54365,0
PBX,D,20190326,000000,10.806,10.902,10.52,10.52,6243,0
PBX,D,20190327,000000,10.806,10.806,10.52,10.52,4005,0
PBX,D,20190328,000000,10.424,10.998,10.424,10.998,2864,0
PBX,D,20190329,000000,10.71,11.284,10.71,11.284,231326,0
PBX,D,20190401,000000,11.284,11.284,11.189,11.189,162,0
PBX,D,20190402,000000,11.189,11.189,10.52,11.094,357313,0
PBX,D,20190403,000000,11.189,11.189,10.52,10.998,2022,0
PBX,D,20190404,000000,10.998,10.998,10.998,10.998,313,0
PBX,D,20190405,000000,10.998,10.998,10.998,10.998,26351,0
PBX,D,20190408,000000,11.094,11.38,10.998,11.094,8052,0
PBX,D,20190409,000000,11.094,11.094,11.094,11.094,471,0
PBX,D,20190410,000000,10.902,10.902,10.902,10.902,3216,0
PBX,D,20190411,000000,11.284,11.284,10.902,10.902,15763,0
PBX,D,20190412,000000,10.902,10.902,10.71,10.806,1716,0
PBX,D,20190415,000000,10.615,10.71,10.615,10.71,634,0
PBX,D,20190416,000000,10.71,10.806,10.424,10.806,3762,0
PBX,D,20190417,000000,10.806,10.806,10.52,10.71,1307,0
PBX,D,20190418,000000,10.71,10.902,9.563,9.563,52983,0
PBX,D,20190423,000000,9.85,9.946,9.659,9.755,3071,0
PBX,D,20190424,000000,9.659,9.755,9.4672,9.516,26435,0
PBX,D,20190425,000000,9.563,9.563,9.4672,9.563,6536,0
PBX,D,20190426,000000,9.563,9.563,9.516,9.563,17030,0
PBX,D,20190429,000000,9.85,9.946,9.563,9.563,15912,0
PBX,D,20190430,000000,9.563,9.563,9.516,9.563,1387,0
PBX,D,20190502,000000,9.563,9.85,9.563,9.563,1152,0
PBX,D,20190506,000000,9.563,9.755,9.516,9.516,3234,0
PBX,D,20190507,000000,9.4672,9.4672,9.4672,9.4672,2352,0
PBX,D,20190508,000000,9.4672,9.4672,9.2763,9.4672,4038,0
PBX,D,20190509,000000,9.4198,9.516,9.4198,9.4672,3544,0
PBX,D,20190510,000000,9.516,9.516,9.2763,9.516,3233,0
PBX,D,20190513,000000,9.2763,9.2763,9.2763,9.2763,10248,0
PBX,D,20190514,000000,9.3241,9.3241,9.2285,9.2285,3164,0
PBX,D,20190515,000000,9.1806,9.1806,8.8937,9.0372,4931,0
PBX,D,20190516,000000,8.9894,8.9894,8.8459,8.8459,3332,0
PBX,D,20190517,000000,8.9415,8.9415,8.8937,8.9415,3650,0
PBX,D,20190520,000000,8.9894,9.1328,8.9894,9.085,5176,0
PBX,D,20190521,000000,8.9894,8.9894,8.8937,8.8937,7255,0
PBX,D,20190522,000000,8.8937,8.8937,8.8459,8.8937,23424,0
PBX,D,20190523,000000,8.8937,8.8937,8.8937,8.8937,4914,0
PBX,D,20190524,000000,8.8937,8.9894,8.8459,8.8937,24019,0
PBX,D,20190527,000000,9.2763,9.2763,8.8937,8.8937,861,0
PBX,D,20190528,000000,8.8459,8.9415,8.8459,8.9415,1094,0
PBX,D,20190529,000000,8.8459,8.9894,8.7981,8.9894,2531,0
PBX,D,20190530,000000,8.9894,8.9894,8.8937,8.8937,7481,0
PBX,D,20190531,000000,8.9894,8.9894,8.8937,8.8937,3827,0
PBX,D,20190603,000000,8.9894,8.9894,8.8937,8.8937,1856,0
PBX,D,20190605,000000,8.9894,9.3719,8.9894,9.3719,4805,0
PBX,D,20190606,000000,9.516,9.755,9.516,9.755,2548,0
PBX,D,20190607,000000,9.659,9.85,9.659,9.85,314,0
PBX,D,20190610,000000,9.659,9.659,9.659,9.659,523,0
PBX,D,20190611,000000,9.563,9.563,9.3719,9.516,848,0
PBX,D,20190612,000000,9.2763,9.4672,9.2285,9.4672,1713,0
PBX,D,20190613,000000,9.516,9.659,9.516,9.659,5638,0
PBX,D,20190614,000000,9.659,9.659,9.659,9.659,1075,0
PBX,D,20190617,000000,9.659,9.659,9.659,9.659,1506,0
PBX,D,20190618,000000,9.563,9.563,9.563,9.563,279,0
PBX,D,20190619,000000,9.563,9.755,9.563,9.755,1043,0
PBX,D,20190621,000000,9.563,9.563,9.563,9.563,261,0
PBX,D,20190624,000000,9.563,9.563,9.563,9.563,418,0
PBX,D,20190625,000000,9.4198,9.516,9.4198,9.516,460,0
PBX,D,20190626,000000,9.3719,9.3719,9.1328,9.1806,1791,0
PBX,D,20190627,000000,9.1806,9.1806,8.9894,9.085,2212,0
PBX,D,20190628,000000,9.2331,9.826,9.2331,9.826,9416,0
PBX,D,20190701,000000,9.579,9.875,9.579,9.727,3548,0
PBX,D,20190702,000000,9.826,10.171,9.826,9.974,2714,0
PBX,D,20190703,000000,9.875,9.974,9.826,9.974,1191,0
PBX,D,20190704,000000,9.974,10.171,9.974,10.171,530,0
PBX,D,20190705,000000,10.073,10.171,9.974,10.171,2354,0
PBX,D,20190708,000000,10.171,10.369,10.171,10.27,1443,0
PBX,D,20190709,000000,10.171,10.171,10.171,10.171,1013,0
PBX,D,20190710,000000,10.27,10.27,10.073,10.073,370,0
PBX,D,20190711,000000,10.073,10.073,10.073,10.073,745,0
PBX,D,20190712,000000,10.073,10.073,9.875,9.875,1026,0
PBX,D,20190715,000000,9.875,9.875,9.2825,9.3319,7391,0
PBX,D,20190716,000000,9.727,9.776,9.727,9.776,739,0
PBX,D,20190717,000000,9.48,9.48,9.085,9.3813,11656,0
PBX,D,20190718,000000,9.3813,9.628,9.3813,9.628,1625,0
PBX,D,20190722,000000,9.579,9.579,9.3319,9.48,1220,0
PBX,D,20190724,000000,9.3813,9.3813,9.2825,9.2825,203,0
PBX,D,20190726,000000,9.48,9.727,9.48,9.727,1164,0
PBX,D,20190729,000000,9.529,9.579,9.529,9.579,1774,0
PBX,D,20190730,000000,9.48,9.579,9.3813,9.579,3657,0
PBX,D,20190731,000000,9.628,9.727,9.579,9.727,1592,0
PBX,D,20190801,000000,9.776,9.776,9.776,9.776,10,0
PBX,D,20190805,000000,9.727,9.875,9.727,9.776,6635,0
PBX,D,20190806,000000,9.529,9.529,9.529,9.529,152,0
PBX,D,20190807,000000,9.4306,9.4306,9.4306,9.4306,31392,0
PBX,D,20190808,000000,9.727,9.727,9.727,9.727,152,0
PBX,D,20190809,000000,9.727,9.727,9.727,9.727,2,0
PBX,D,20190812,000000,9.48,9.48,9.4306,9.4306,213,0
PBX,D,20190814,000000,9.4306,9.529,9.4306,9.48,312,0
PBX,D,20190819,000000,9.628,9.727,9.4306,9.4306,3025,0
PBX,D,20190820,000000,9.579,9.579,9.1838,9.1838,6013,0
PBX,D,20190821,000000,9.2825,9.2825,8.7394,8.7394,55193,0
PBX,D,20190822,000000,8.7394,8.7394,8.295,8.3938,20333,0
PBX,D,20190823,000000,8.3444,8.3938,8.0975,8.3938,9130,0
PBX,D,20190826,000000,8.1469,8.1469,8.1469,8.1469,3612,0
PBX,D,20190827,000000,8.1469,8.1469,7.8013,7.8506,10831,0
PBX,D,20190828,000000,7.6531,8.1469,7.6038,8.1469,6407,0
PBX,D,20190829,000000,8.2456,8.2456,7.9988,7.9988,6036,0
PBX,D,20190830,000000,8.2456,8.295,7.7519,8.0975,2461,0
PBX,D,20190902,000000,8.1963,8.1963,7.9988,7.9988,4155,0
PBX,D,20190903,000000,7.9988,7.9988,7.7025,7.9,9346,0
PBX,D,20190904,000000,7.9,7.9,7.9,7.9,3573,0
PBX,D,20190905,000000,7.9494,7.9988,7.9,7.9,13386,0
PBX,D,20190906,000000,7.6531,8.295,7.6038,8.295,4641,0
PBX,D,20190909,000000,8.295,8.295,7.8506,7.8506,19716,0
PBX,D,20190910,000000,7.9,7.9,7.6038,7.6531,46258,0
PBX,D,20190911,000000,7.6531,7.9988,7.6531,7.8013,24590,0
PBX,D,20190912,000000,7.6531,7.8013,7.5544,7.6038,4436,0
PBX,D,20190913,000000,7.7519,7.7519,7.4556,7.6038,9743,0
PBX,D,20190916,000000,7.5544,7.6038,7.505,7.5544,8023,0
PBX,D,20190917,000000,7.5544,7.5544,7.4063,7.4556,9822,0
PBX,D,20190918,000000,7.4556,7.4556,7.4063,7.4063,3038,0
PBX,D,20190919,000000,7.4556,7.4556,7.2581,7.3075,7061,0
PBX,D,20190920,000000,7.505,7.505,7.2581,7.4556,18328,0
PBX,D,20190923,000000,7.4063,7.505,7.3075,7.4556,18763,0
PBX,D,20190925,000000,7.4556,7.4556,7.3075,7.4556,620,0
PBX,D,20190926,000000,7.505,7.6531,7.505,7.6531,77060,0
PBX,D,20190927,000000,7.7519,7.7519,7.4063,7.4063,4333,0
PBX,D,20190930,000000,7.7519,7.7519,7.3569,7.4063,7995,0
PBX,D,20191001,000000,7.6038,7.7025,7.6038,7.6038,1296,0
PBX,D,20191002,000000,7.7025,7.7519,7.7025,7.7519,522,0
PBX,D,20191003,000000,7.7519,7.7519,7.7519,7.7519,81,0
PBX,D,20191004,000000,7.8506,8.2456,7.7519,8.2456,2071,0
PBX,D,20191007,000000,8.2456,8.2456,7.8013,8.1469,1425,0
PBX,D,20191009,000000,8.0975,8.0975,8.0975,8.0975,359,0
PBX,D,20191010,000000,8.1469,8.1469,7.9,7.9,1947,0
PBX,D,20191011,000000,8.0975,8.1469,7.9988,7.9988,2254,0
PBX,D,20191014,000000,8.0975,8.0975,7.9988,8.0975,1968,0
PBX,D,20191015,000000,8.1963,8.1963,7.9988,7.9988,97,0
PBX,D,20191016,000000,8.0481,8.0481,8.0481,8.0481,112,0
PBX,D,20191017,000000,7.9988,8.1963,7.9988,8.1963,441,0
PBX,D,20191018,000000,8.1469,8.1469,8.1469,8.1469,434,0
PBX,D,20191021,000000,8.0481,8.0481,7.9988,7.9988,319,0
PBX,D,20191024,000000,8.1963,8.1963,8.0481,8.0481,709,0
PBX,D,20191025,000000,8.1469,8.1469,7.9494,8.0975,1407,0
PBX,D,20191028,000000,8.1963,8.1963,8.1963,8.1963,1,0
PBX,D,20191029,000000,7.9494,7.9494,7.9494,7.9494,147,0
PBX,D,20191030,000000,7.9988,8.0975,7.9988,8.0975,101572,0
PBX,D,20191031,000000,8.0975,8.1469,7.9,7.9,1403,0
PBX,D,20191104,000000,7.9988,8.0975,7.8013,8.0481,41055,0
PBX,D,20191105,000000,8.1469,8.1963,8.0975,8.0975,2759,0
PBX,D,20191106,000000,8.0975,8.0975,8.0975,8.0975,169,0
PBX,D,20191107,000000,8.0975,8.0975,7.8013,8.0481,2369,0
PBX,D,20191108,000000,8.0481,8.0481,7.9494,7.9494,7757,0
PBX,D,20191112,000000,7.9,7.9,7.8013,7.8013,5982,0
PBX,D,20191113,000000,7.7519,7.9,7.7025,7.9,42358,0
PBX,D,20191114,000000,7.9988,8.0481,7.9988,8.0481,13790,0
PBX,D,20191115,000000,8.0481,8.0975,7.9494,8.0481,1408,0
PBX,D,20191118,000000,8.0481,8.1469,8.0481,8.1469,11641,0
PBX,D,20191119,000000,8.1469,8.4431,8.1469,8.295,6911,0
PBX,D,20191120,000000,8.3938,8.4431,8.3444,8.3938,11973,0
PBX,D,20191121,000000,8.4431,8.4431,8.0975,8.0975,7894,0
PBX,D,20191122,000000,8.5913,8.7888,8.2456,8.69,67394,0
PBX,D,20191125,000000,8.7888,8.7888,8.4431,8.5913,3614,0
PBX,D,20191126,000000,8.5913,8.69,8.5913,8.69,1803,0
PBX,D,20191127,000000,8.4925,8.5913,8.4925,8.5913,203,0
PBX,D,20191128,000000,8.5913,8.69,8.4925,8.69,912,0
PBX,D,20191129,000000,8.5913,8.7888,8.5913,8.7888,4590,0
PBX,D,20191202,000000,8.8381,8.8381,8.7394,8.7394,5363,0
PBX,D,20191203,000000,8.7888,8.9863,8.7394,8.8875,3423,0
PBX,D,20191204,000000,8.8875,9.085,8.8875,9.085,6131,0
PBX,D,20191205,000000,9.1838,9.1838,9.1838,9.1838,245,0
PBX,D,20191206,000000,8.9863,9.0356,8.8875,8.8875,20733,0
PBX,D,20191209,000000,9.085,9.1344,8.8875,9.1344,2357,0
PBX,D,20191210,000000,8.8875,8.8875,8.8875,8.8875,2634,0
PBX,D,20191211,000000,8.8875,8.8875,8.8875,8.8875,188,0
PBX,D,20191212,000000,8.8381,8.8875,8.8381,8.8875,30380,0
PBX,D,20191213,000000,8.9863,9.1838,8.9369,9.1838,91293,0
PBX,D,20191216,000000,8.9863,9.1344,8.9863,9.1344,281,0
PBX,D,20191217,000000,9.1344,9.2825,8.9863,9.2825,4549,0
PBX,D,20191218,000000,9.2825,9.48,8.9863,9.1344,9665,0
PBX,D,20191219,000000,9.1344,9.3813,9.0356,9.1344,26315,0
PBX,D,20191220,000000,9.085,9.3319,8.9863,9.1344,5817,0
PBX,D,20191223,000000,9.1344,9.1344,8.8875,8.8875,7113,0
PBX,D,20191227,000000,8.9863,8.9863,8.9863,8.9863,2,0
PBX,D,20191230,000000,8.9863,9.2331,8.9863,9.1344,6570,0
PBX,D,20200102,000000,9.3813,9.727,9.3813,9.727,4753,0
PBX,D,20200103,000000,9.628,9.628,9.085,9.3813,5520,0
PBX,D,20200107,000000,9.3813,9.727,9.3319,9.579,5782,0
PBX,D,20200108,000000,9.579,9.579,9.2825,9.3813,4250,0
PBX,D,20200109,000000,9.3813,9.579,9.2825,9.579,8839,0
PBX,D,20200110,000000,9.48,9.529,9.3813,9.3813,9014,0
PBX,D,20200113,000000,9.4306,9.875,9.3813,9.48,11659,0
PBX,D,20200114,000000,9.628,9.875,9.628,9.875,4502,0
PBX,D,20200115,000000,9.875,10.171,9.875,10.171,6080,0
PBX,D,20200116,000000,10.171,10.566,10.073,10.073,14350,0
PBX,D,20200117,000000,10.27,11.06,10.27,11.06,37907,0
PBX,D,20200120,000000,11.159,11.356,11.06,11.159,3679,0
PBX,D,20200121,000000,11.06,11.159,11.06,11.159,749,0
PBX,D,20200122,000000,11.06,11.06,10.665,11.06,1552,0
PBX,D,20200123,000000,11.06,11.06,10.961,10.961,7260,0
PBX,D,20200124,000000,10.961,11.85,10.961,11.554,34197,0
PBX,D,20200127,000000,11.356,11.356,10.863,11.06,7275,0
PBX,D,20200128,000000,11.356,11.653,11.356,11.653,4258,0
PBX,D,20200129,000000,11.653,11.751,11.258,11.653,1154,0
PBX,D,20200130,000000,11.356,11.653,11.356,11.554,234,0
PBX,D,20200131,000000,11.356,11.554,11.258,11.455,629,0
PBX,D,20200203,000000,11.554,11.653,11.455,11.653,2614,0
PBX,D,20200204,000000,11.554,11.653,11.356,11.455,3896,0
PBX,D,20200205,000000,11.554,11.751,11.356,11.653,9367,0
PBX,D,20200206,000000,11.455,11.554,11.159,11.554,1398,0
PBX,D,20200207,000000,11.455,11.85,11.455,11.653,6457,0
PBX,D,20200210,000000,11.554,11.751,11.159,11.258,10591,0
PBX,D,20200211,000000,11.159,11.159,10.665,11.159,17498,0
PBX,D,20200212,000000,10.863,11.258,10.863,11.258,1472,0
PBX,D,20200213,000000,11.06,11.554,11.06,11.554,208,0
PBX,D,20200214,000000,11.258,11.356,11.06,11.356,4019,0
PBX,D,20200217,000000,11.356,11.356,10.961,10.961,1339,0
PBX,D,20200218,000000,11.159,11.159,10.863,11.06,105,0
PBX,D,20200219,000000,11.159,11.356,10.665,10.764,3388,0
PBX,D,20200220,000000,11.159,11.159,10.764,10.961,7227,0
PBX,D,20200221,000000,10.863,10.961,10.863,10.961,1037,0
PBX,D,20200224,000000,10.665,10.665,9.628,10.468,5361,0
PBX,D,20200225,000000,10.468,10.863,10.27,10.468,4645,0
PBX,D,20200226,000000,10.073,10.764,9.628,10.665,9753,0
PBX,D,20200227,000000,9.974,10.468,9.628,9.628,4716,0
PBX,D,20200228,000000,9.579,9.776,9.1344,9.776,15252,0
PBX,D,20200302,000000,9.776,9.875,8.8875,9.678,26990,0
PBX,D,20200303,000000,9.48,9.875,9.48,9.875,3881,0
PBX,D,20200304,000000,9.48,9.875,9.48,9.875,4829,0
PBX,D,20200305,000000,9.678,9.678,9.678,9.678,793,0
PBX,D,20200306,000000,9.2331,9.875,9.2331,9.875,5498,0
PBX,D,20200309,000000,8.9863,9.3813,8.5913,9.1838,9692,0
PBX,D,20200310,000000,9.2825,9.579,9.2825,9.579,1557,0
PBX,D,20200311,000000,9.1838,9.3319,8.8875,8.9863,4296,0
PBX,D,20200312,000000,7.9988,8.3444,7.4063,8.295,2509,0
PBX,D,20200313,000000,7.8013,8.5419,7.8013,8.295,7589,0
PBX,D,20200316,000000,7.3569,8.0481,7.3569,7.9494,19804,0
PBX,D,20200317,000000,7.9,8.295,7.7025,8.2456,12544,0
PBX,D,20200318,000000,8.1963,8.295,7.9,7.9,1305,0
PBX,D,20200319,000000,8.0481,8.2456,7.4063,7.4556,13852,0
PBX,D,20200320,000000,7.8506,7.9,6.9125,6.9125,34667,0
PBX,D,20200323,000000,7.11,7.11,6.4188,6.9125,4727,0
PBX,D,20200324,000000,7.4063,7.4063,6.8631,7.11,4402,0
PBX,D,20200325,000000,7.3569,7.3569,6.715,6.715,1098,0
PBX,D,20200326,000000,7.11,7.4063,6.8631,7.4063,9495,0
PBX,D,20200327,000000,7.3075,7.3075,6.9125,7.0606,12721,0
PBX,D,20200330,000000,7.1594,7.1594,6.715,6.9619,9791,0
PBX,D,20200331,000000,7.11,7.2581,6.9619,7.2581,3943,0
PBX,D,20200401,000000,7.11,7.11,6.9125,6.9125,2121,0
PBX,D,20200402,000000,6.9125,7.0508,6.9125,6.9125,2157,0
PBX,D,20200403,000000,6.9323,7.0508,6.715,6.8928,23830,0
PBX,D,20200406,000000,6.9125,7.11,6.8138,6.8928,11764,0
PBX,D,20200407,000000,6.9125,7.5445,6.9125,7.189,20919,0
PBX,D,20200408,000000,7.3865,7.3865,6.9915,7.1693,6310,0
PBX,D,20200409,000000,7.3865,7.4853,7.2088,7.3865,4282,0
PBX,D,20200414,000000,7.4063,8.0383,7.4063,7.8013,15321,0
PBX,D,20200415,000000,7.9395,7.9395,7.6038,7.7815,10646,0
PBX,D,20200416,000000,7.821,8.2753,7.821,8.2753,4842,0
PBX,D,20200417,000000,7.9593,8.295,7.9593,8.2555,8324,0
PBX,D,20200420,000000,8.295,8.5913,8.295,8.532,3955,0
PBX,D,20200421,000000,8.7295,8.7295,7.8605,8.2555,3807,0
PBX,D,20200422,000000,8.0975,8.3543,7.9,8.3543,1337,0
PBX,D,20200423,000000,8.058,8.3938,7.9,8.295,9677,0
PBX,D,20200424,000000,8.295,9.974,8.295,9.2825,31707,0
PBX,D,20200427,000000,9.4603,9.836,8.927,9.816,38528,0
PBX,D,20200428,000000,9.579,9.678,9.2035,9.3418,3891,0
PBX,D,20200429,000000,9.3418,9.401,8.9863,9.1245,14515,0
PBX,D,20200430,000000,9.1245,9.3813,9.0258,9.3813,6202,0
PBX,D,20200504,000000,9.658,9.658,9.3615,9.3813,8023,0
PBX,D,20200505,000000,9.3813,9.48,9.2825,9.322,331,0
PBX,D,20200506,000000,9.4603,9.48,9.085,9.2825,2498,0
PBX,D,20200507,000000,8.9863,9.875,8.927,9.678,24903,0
PBX,D,20200508,000000,9.678,9.678,9.322,9.322,8537,0
PBX,D,20200511,000000,9.579,9.579,8.927,9.243,13508,0
PBX,D,20200512,000000,9.3023,9.836,9.3023,9.796,9572,0
PBX,D,20200513,000000,9.48,9.757,9.48,9.757,5419,0
PBX,D,20200514,000000,9.4998,9.4998,9.3813,9.3813,1084,0
PBX,D,20200515,000000,9.401,9.737,9.1838,9.618,1098,0
PBX,D,20200518,000000,9.2035,9.638,9.085,9.579,15563,0
PBX,D,20200519,000000,9.737,9.737,9.3615,9.3615,936,0
PBX,D,20200520,000000,9.3615,9.4208,9.322,9.3813,2670,0
PBX,D,20200521,000000,9.678,9.678,9.48,9.678,3965,0
PBX,D,20200522,000000,10.171,10.468,9.796,10.27,31564,0
PBX,D,20200525,000000,10.319,10.468,9.875,10.468,16779,0
PBX,D,20200526,000000,10.418,10.468,10.171,10.468,11028,0
PBX,D,20200527,000000,10.468,10.566,10.221,10.468,1901,0
PBX,D,20200528,000000,10.369,10.764,10.369,10.665,29050,0
PBX,D,20200529,000000,10.665,10.665,10.566,10.566,1246,0
PBX,D,20200601,000000,10.566,10.566,10.27,10.27,3454,0
PBX,D,20200602,000000,10.27,10.566,9.974,10.27,5250,0
PBX,D,20200603,000000,10.221,10.468,10.221,10.27,1362,0
PBX,D,20200604,000000,10.27,10.863,10.27,10.764,17010,0
PBX,D,20200605,000000,10.813,11.356,10.813,11.307,31971,0
PBX,D,20200608,000000,11.307,11.949,10.566,11.899,56013,0
PBX,D,20200609,000000,11.949,12.245,11.85,12.146,56741,0
PBX,D,20200610,000000,11.702,11.998,10.863,11.998,24391,0
PBX,D,20200612,000000,11.159,11.554,10.961,11.258,15214,0
PBX,D,20200615,000000,11.356,11.406,10.961,11.406,9049,0
PBX,D,20200616,000000,11.603,11.801,11.258,11.801,4937,0
PBX,D,20200617,000000,11.504,11.801,11.504,11.653,2415,0
PBX,D,20200618,000000,11.307,11.751,11.307,11.751,2276,0
PBX,D,20200619,000000,11.406,11.751,11.406,11.406,741,0
PBX,D,20200622,000000,11.406,11.554,11.406,11.455,2845,0
PBX,D,20200623,000000,11.356,11.702,11.258,11.702,3261,0
PBX,D,20200624,000000,11.603,11.653,11.406,11.406,3405,0
PBX,D,20200625,000000,11.307,11.653,11.258,11.653,6496,0
PBX,D,20200626,000000,11.455,11.751,11.455,11.603,3105,0
PBX,D,20200629,000000,11.455,11.455,11.208,11.455,6177,0
PBX,D,20200630,000000,11.406,11.406,11.258,11.406,6164,0
PBX,D,20200701,000000,11.406,11.406,11.356,11.356,3435,0
PBX,D,20200702,000000,11.406,11.406,11.258,11.356,6703,0
PBX,D,20200703,000000,11.356,11.356,11.159,11.258,2219,0
PBX,D,20200706,000000,11.307,11.504,11.307,11.504,5532,0
PBX,D,20200707,000000,11.406,11.455,11.208,11.455,3857,0
PBX,D,20200708,000000,11.258,11.751,11.258,11.751,7331,0
PBX,D,20200709,000000,11.751,11.949,11.554,11.85,10695,0
PBX,D,20200710,000000,12.048,12.097,11.949,11.998,40480,0
PBX,D,20200713,000000,12.048,12.048,11.751,11.751,3279,0
PBX,D,20200714,000000,11.653,12.048,11.554,12.048,6544,0
PBX,D,20200715,000000,11.949,12.048,11.949,11.949,3139,0
PBX,D,20200716,000000,11.949,12.146,11.653,12.146,12966,0
PBX,D,20200717,000000,11.85,12.048,11.85,12.048,2069,0
PBX,D,20200720,000000,11.85,12.048,11.85,12.048,10124,0
PBX,D,20200721,000000,12.048,12.146,11.85,11.949,11221,0
PBX,D,20200722,000000,11.998,12.788,11.85,12.097,37174,0
PBX,D,20200723,000000,12.245,12.393,11.998,12.393,3282,0
PBX,D,20200724,000000,12.344,12.344,11.751,11.85,8471,0
PBX,D,20200727,000000,12,12,11.5,11.8,4808,0
PBX,D,20200728,000000,11.85,12.05,11.6,11.8,9492,0
PBX,D,20200729,000000,11.6,11.8,11.5,11.8,5284,0
PBX,D,20200730,000000,11.55,11.9,11,11.3,8971,0
PBX,D,20200731,000000,11.35,11.8,11.35,11.8,1740,0
PBX,D,20200803,000000,11.9,12,11.8,12,22522,0
PBX,D,20200804,000000,11.8,12,11.75,11.75,1610,0
PBX,D,20200805,000000,11.8,12,11.7,11.95,5192,0
PBX,D,20200806,000000,11.75,11.95,11.75,11.75,5273,0
PBX,D,20200807,000000,11.7,11.9,11.65,11.9,1631,0
PBX,D,20200810,000000,11.95,12.3,11.95,12.3,7661,0
PBX,D,20200811,000000,12.4,12.9,12.3,12.5,5505,0
PBX,D,20200812,000000,12.4,12.4,11.7,12,6319,0
PBX,D,20200813,000000,12,12,11.9,12,7564,0
PBX,D,20200814,000000,11.85,12,11.55,12,7067,0
PBX,D,20200817,000000,11.85,11.95,11.85,11.85,607,0
PBX,D,20200818,000000,11.85,11.85,11.7,11.7,3762,0
PBX,D,20200819,000000,11.7,11.95,11.65,11.65,2486,0
PBX,D,20200820,000000,11.8,12.2,11.7,12.2,10568,0
PBX,D,20200821,000000,12.25,12.4,12.15,12.2,4261,0
