<TICKER>,<PER>,<DATE>,<TIME>,<OPEN>,<HIGH>,<LOW>,<CLOSE>,<VOL>,<OPENINT>
TOR,D,20140708,000000,6.692,6.692,6.3397,6.4179,942482,0
TOR,D,20140709,000000,6.4179,6.4179,6.2302,6.3319,35612,0
TOR,D,20140710,000000,6.3319,6.3788,6.2929,6.3711,99748,0
TOR,D,20140711,000000,6.3946,6.3946,6.3085,6.3711,6211,0
TOR,D,20140714,000000,6.3397,6.6372,6.3397,6.6058,65479,0
TOR,D,20140715,000000,6.6528,6.6528,6.5824,6.5824,56440,0
TOR,D,20140716,000000,6.6294,6.6294,6.5745,6.5745,9734,0
TOR,D,20140717,000000,6.5745,6.5902,6.4179,6.4572,90646,0
TOR,D,20140718,000000,6.5589,6.5589,6.4258,6.5118,7070,0
TOR,D,20140721,000000,6.5118,6.6372,6.5118,6.5589,121285,0
TOR,D,20140722,000000,6.5354,6.6372,6.5118,6.6372,149764,0
TOR,D,20140723,000000,6.6294,6.9189,6.5902,6.9189,33763,0
TOR,D,20140724,000000,6.911,6.9189,6.778,6.786,20901,0
TOR,D,20140725,000000,6.778,6.8876,6.731,6.8328,39920,0
TOR,D,20140728,000000,6.8328,6.8328,6.7076,6.731,8370,0
TOR,D,20140729,000000,6.731,6.8876,6.6763,6.7233,5376,0
TOR,D,20140730,000000,6.8485,6.8485,6.6528,6.6528,6970,0
TOR,D,20140731,000000,6.5745,6.8876,6.3867,6.7624,157110,0
TOR,D,20140801,000000,6.6528,6.6528,6.4963,6.6136,21165,0
TOR,D,20140804,000000,6.6136,6.6136,6.5275,6.5275,6424,0
TOR,D,20140806,000000,6.5745,6.5745,6.3163,6.3867,7070,0
TOR,D,20140807,000000,6.3867,6.4179,6.3319,6.3788,14563,0
TOR,D,20140808,000000,6.4024,6.4415,6.4024,6.4415,726,0
TOR,D,20140811,000000,6.4729,6.5354,6.3475,6.5354,3462,0
TOR,D,20140812,000000,6.5511,6.5666,6.4883,6.4883,7377,0
TOR,D,20140813,000000,6.4024,6.4883,6.4024,6.4883,795,0
TOR,D,20140814,000000,6.4807,6.4883,6.3632,6.3632,1903,0
TOR,D,20140818,000000,6.5354,6.5354,6.3554,6.5354,1529,0
TOR,D,20140819,000000,6.5275,6.5589,6.3788,6.4179,9241,0
TOR,D,20140821,000000,6.5354,6.6136,6.5354,6.5745,54323,0
TOR,D,20140822,000000,6.5745,6.5745,6.5041,6.5745,3367,0
TOR,D,20140825,000000,6.5745,6.5745,6.5041,6.5511,6242,0
TOR,D,20140826,000000,6.5511,6.6294,6.5041,6.6294,5362,0
TOR,D,20140827,000000,6.6372,6.778,6.5981,6.7545,29385,0
TOR,D,20140828,000000,6.7076,7.0206,6.6606,6.8485,65506,0
TOR,D,20140829,000000,6.6528,6.8798,6.6528,6.8485,13306,0
TOR,D,20140901,000000,6.8485,6.911,6.7702,6.911,36400,0
TOR,D,20140902,000000,6.8798,6.8798,6.786,6.825,49859,0
TOR,D,20140903,000000,6.692,6.8798,6.692,6.8328,7409,0
TOR,D,20140904,000000,6.8485,6.8485,6.7076,6.8015,3433,0
TOR,D,20140905,000000,6.7545,6.8093,6.6999,6.6999,20340,0
TOR,D,20140908,000000,6.8093,6.8093,6.4337,6.5354,14196,0
TOR,D,20140909,000000,6.5433,6.8328,6.5433,6.8328,27809,0
TOR,D,20140910,000000,6.8093,6.8485,6.739,6.8485,428217,0
TOR,D,20140911,000000,6.8485,6.958,6.8407,6.9268,179526,0
TOR,D,20140912,000000,6.9032,6.9032,6.8485,6.8876,17876,0
TOR,D,20140915,000000,7.0286,7.0286,6.8876,7.0051,155588,0
TOR,D,20140916,000000,7.0286,7.3181,7.0286,7.1616,205006,0
TOR,D,20140917,000000,7.2398,7.2555,7.1537,7.2321,22806,0
TOR,D,20140918,000000,7.2321,7.2321,7.1694,7.2007,41307,0
TOR,D,20140919,000000,7.2712,7.2712,7.1694,7.2007,9513,0
TOR,D,20140922,000000,7.2712,7.2712,7.1537,7.1537,21895,0
TOR,D,20140923,000000,7.1537,7.1772,6.9268,7.0364,17873,0
TOR,D,20140924,000000,6.9268,7.2321,6.5981,7.1929,219177,0
TOR,D,20140925,000000,7.2085,7.2712,7.1694,7.2241,154001,0
TOR,D,20140926,000000,7.2633,7.6468,7.2163,7.4511,125175,0
TOR,D,20140929,000000,7.6311,7.6311,7.4747,7.592,122412,0
TOR,D,20140930,000000,7.6468,7.6468,7.5528,7.5686,36740,0
TOR,D,20141001,000000,7.6311,7.6311,7.3807,7.5137,18443,0
TOR,D,20141002,000000,7.5528,7.5528,7.365,7.4355,716,0
TOR,D,20141003,000000,7.4355,7.5528,7.3963,7.5216,7529,0
TOR,D,20141006,000000,7.5528,7.5842,7.5137,7.5137,3505,0
TOR,D,20141007,000000,7.5137,7.5842,7.5137,7.5842,11866,0
TOR,D,20141008,000000,7.5842,7.5842,7.3963,7.3963,17579,0
TOR,D,20141009,000000,7.4355,7.5216,7.2791,7.3416,18502,0
TOR,D,20141010,000000,7.3572,7.3572,7.2007,7.3338,13987,0
TOR,D,20141013,000000,7.3729,7.3729,7.1851,7.3338,11242,0
TOR,D,20141014,000000,7.3494,7.3494,7.1224,7.2791,73565,0
TOR,D,20141015,000000,7.3416,7.3416,7.0597,7.1616,60910,0
TOR,D,20141016,000000,7.2007,7.2007,7.0442,7.1302,100325,0
TOR,D,20141017,000000,7.2633,7.2633,6.9268,7.1616,8902,0
TOR,D,20141020,000000,7.1616,7.1616,6.9971,7.1146,5099,0
TOR,D,20141021,000000,7.1146,7.3963,7.1068,7.2791,55048,0
TOR,D,20141022,000000,7.2791,7.2791,7.2398,7.2398,11237,0
TOR,D,20141023,000000,7.3103,7.3103,7.1224,7.2867,94,0
TOR,D,20141024,000000,7.2007,7.2867,7.2007,7.2712,820,0
TOR,D,20141027,000000,7.2867,7.2867,7.0833,7.2007,7454,0
TOR,D,20141028,000000,7.1616,7.2007,7.1381,7.2007,18389,0
TOR,D,20141029,000000,7.2007,7.2712,7.0911,7.2007,16506,0
TOR,D,20141030,000000,7.2791,7.5686,7.0989,7.4355,12197,0
TOR,D,20141031,000000,7.4355,8.0225,7.365,7.4355,31600,0
TOR,D,20141103,000000,7.592,7.592,7.3572,7.3807,1747,0
TOR,D,20141104,000000,7.5528,7.5528,7.3572,7.4355,41161,0
TOR,D,20141105,000000,7.5528,7.592,7.4355,7.5137,16534,0
TOR,D,20141106,000000,7.4355,7.592,7.4355,7.5528,2452,0
TOR,D,20141107,000000,7.592,7.592,7.3729,7.5294,973,0
TOR,D,20141110,000000,7.5842,7.5842,7.3885,7.4747,1009,0
TOR,D,20141112,000000,7.5137,7.5842,7.506,7.506,7114,0
TOR,D,20141113,000000,7.506,7.506,7.2007,7.4902,11206,0
TOR,D,20141114,000000,7.5528,7.5528,7.2867,7.4982,8349,0
TOR,D,20141117,000000,7.4982,7.5137,7.2007,7.3572,17325,0
TOR,D,20141118,000000,7.3572,7.8112,7.2475,7.6937,72541,0
TOR,D,20141119,000000,7.6625,7.8268,7.5765,7.6625,15643,0
TOR,D,20141120,000000,7.6547,7.7721,7.459,7.6625,31332,0
TOR,D,20141121,000000,7.2946,7.6625,7.2946,7.5842,3332,0
TOR,D,20141124,000000,7.5842,7.5842,7.4432,7.5137,15105,0
TOR,D,20141125,000000,7.5842,7.5842,7.459,7.5216,65432,0
TOR,D,20141126,000000,7.5216,8.1793,7.4511,7.7486,177768,0
TOR,D,20141127,000000,7.7801,7.7801,7.6781,7.7094,1425,0
TOR,D,20141128,000000,7.7251,7.8193,7.592,7.7329,42596,0
TOR,D,20141201,000000,7.7875,7.7875,7.5294,7.6703,16092,0
TOR,D,20141202,000000,7.7721,7.8112,7.6859,7.7408,16449,0
TOR,D,20141203,000000,7.7801,7.7801,7.5451,7.6625,5617,0
TOR,D,20141204,000000,7.6625,7.9833,7.5137,7.8268,204397,0
TOR,D,20141205,000000,7.8349,8.202,7.7486,8.1793,98220,0
TOR,D,20141208,000000,8.2185,8.5312,8.2185,8.4524,20690,0
TOR,D,20141209,000000,8.4848,8.4848,8.0772,8.2804,16896,0
TOR,D,20141210,000000,8.3358,8.3358,8.1083,8.1637,71395,0
TOR,D,20141211,000000,7.9917,8.0462,7.8349,8.0462,11564,0
TOR,D,20141212,000000,7.9917,8.1319,7.8659,7.9833,4875,0
TOR,D,20141215,000000,7.9833,7.9833,7.6311,7.6468,20722,0
TOR,D,20141216,000000,7.7173,7.7173,7.2007,7.3572,163311,0
TOR,D,20141217,000000,7.5137,7.6547,7.2791,7.3024,471534,0
TOR,D,20141218,000000,7.2791,7.7801,7.2321,7.7801,300566,0
TOR,D,20141219,000000,7.7801,7.8193,7.5686,7.7486,14233,0
TOR,D,20141222,000000,7.8504,7.8504,7.592,7.6311,21408,0
TOR,D,20141223,000000,7.6311,7.7329,7.5528,7.592,20116,0
TOR,D,20141229,000000,7.6311,7.7801,7.6311,7.7801,1523,0
TOR,D,20141230,000000,7.7721,7.8031,7.4747,7.8031,117095,0
TOR,D,20150102,000000,7.8193,7.8193,7.7957,7.7957,248,0
TOR,D,20150105,000000,7.8031,7.8031,7.5528,7.7486,764,0
TOR,D,20150107,000000,7.7875,7.7875,7.4355,7.6625,21393,0
TOR,D,20150108,000000,7.6625,7.6625,7.5528,7.6233,6364,0
TOR,D,20150109,000000,7.6233,7.7801,7.6233,7.7329,37330,0
TOR,D,20150112,000000,7.8969,7.8969,7.5528,7.8268,3802,0
TOR,D,20150113,000000,7.8268,7.8586,7.7565,7.7565,3808,0
TOR,D,20150114,000000,7.8193,7.8193,7.592,7.592,6046,0
TOR,D,20150115,000000,7.6937,7.6937,7.5528,7.6781,6124,0
TOR,D,20150116,000000,7.7094,7.7094,7.4355,7.5137,49530,0
TOR,D,20150119,000000,7.4355,7.5137,7.2867,7.5137,9212,0
TOR,D,20150120,000000,7.592,7.592,7.1224,7.3572,5002,0
TOR,D,20150121,000000,7.3572,7.4902,7.2475,7.4902,368,0
TOR,D,20150122,000000,7.4747,7.4747,7.3338,7.4355,10253,0
TOR,D,20150123,000000,7.3572,7.6311,7.3572,7.6311,10742,0
TOR,D,20150126,000000,7.6311,7.6311,7.3181,7.5137,15325,0
TOR,D,20150127,000000,7.5137,7.592,7.4041,7.592,20975,0
TOR,D,20150128,000000,7.5137,7.592,7.412,7.592,3814,0
TOR,D,20150129,000000,7.592,7.592,7.592,7.592,2696,0
TOR,D,20150130,000000,7.592,7.6311,7.4278,7.6311,13223,0
TOR,D,20150202,000000,7.7094,7.7094,7.6077,7.7094,59926,0
TOR,D,20150203,000000,7.7094,7.7251,7.6703,7.7251,6885,0
TOR,D,20150204,000000,7.7957,7.8268,7.7173,7.7173,24556,0
TOR,D,20150205,000000,7.7486,7.7486,7.7173,7.7173,7115,0
TOR,D,20150206,000000,7.7801,7.7801,7.3572,7.7486,17889,0
TOR,D,20150209,000000,7.7565,7.7565,7.5998,7.5998,24985,0
TOR,D,20150210,000000,7.639,7.6781,7.639,7.6781,6086,0
TOR,D,20150211,000000,7.6781,7.8112,7.6781,7.8112,5049,0
TOR,D,20150212,000000,7.8112,8.4138,7.8112,8.3743,47634,0
TOR,D,20150213,000000,8.3743,8.4997,8.0772,8.3515,41701,0
TOR,D,20150216,000000,8.3515,8.9621,8.0307,8.9536,37627,0
TOR,D,20150217,000000,8.7581,8.7581,8.4216,8.4524,27829,0
TOR,D,20150218,000000,8.4524,8.7263,8.3743,8.3743,2324,0
TOR,D,20150219,000000,8.3822,8.5312,8.0307,8.5312,4117,0
TOR,D,20150220,000000,8.5312,8.6093,8.4524,8.6093,4159,0
TOR,D,20150223,000000,8.7263,8.7428,8.5391,8.6093,6051,0
TOR,D,20150224,000000,8.6727,8.6727,8.5786,8.6093,18329,0
TOR,D,20150225,000000,8.5856,8.6022,8.5856,8.6022,12926,0
TOR,D,20150226,000000,8.7263,8.7263,8.4524,8.6409,2986,0
TOR,D,20150227,000000,8.6791,8.6872,8.2968,8.5699,71762,0
TOR,D,20150302,000000,8.7263,8.7263,8.6093,8.6093,38640,0
TOR,D,20150303,000000,8.6093,8.6093,8.3358,8.6093,8989,0
TOR,D,20150304,000000,8.7263,8.7263,8.3743,8.5856,9659,0
TOR,D,20150305,000000,8.6022,8.6791,8.6022,8.6791,16113,0
TOR,D,20150306,000000,8.4611,8.6872,8.4611,8.6872,52573,0
TOR,D,20150309,000000,8.6963,8.86,8.6171,8.86,7824,0
TOR,D,20150310,000000,8.6409,8.86,8.6409,8.649,17528,0
TOR,D,20150311,000000,8.6636,8.8054,8.6564,8.7664,4402,0
TOR,D,20150312,000000,8.8445,8.9227,8.7664,8.7664,28350,0
TOR,D,20150313,000000,8.9855,8.9855,8.7664,8.8445,24238,0
TOR,D,20150316,000000,8.9073,8.9073,8.8445,8.8682,16955,0
TOR,D,20150317,000000,8.8445,8.8837,8.8054,8.8445,3684,0
TOR,D,20150318,000000,8.8291,8.8364,8.8054,8.8364,2700,0
TOR,D,20150319,000000,8.8364,8.8837,8.7664,8.8445,44223,0
TOR,D,20150320,000000,8.8445,8.8445,8.7664,8.8445,28818,0
TOR,D,20150323,000000,8.8445,9.0006,8.7664,9.0006,23010,0
TOR,D,20150324,000000,9.4002,9.885,9.3139,9.729,1034720,0
TOR,D,20150325,000000,9.894,10.37,9.784,10.167,244470,0
TOR,D,20150326,000000,10.159,10.159,9.549,10.018,27698,0
TOR,D,20150327,000000,9.909,10.018,9.784,9.932,19056,0
TOR,D,20150330,000000,9.978,9.978,9.737,9.964,20280,0
TOR,D,20150331,000000,9.978,10.285,9.978,10.151,11461,0
TOR,D,20150401,000000,10.175,10.175,10.058,10.058,33568,0
TOR,D,20150402,000000,10.105,10.332,9.978,10.09,12636,0
TOR,D,20150407,000000,10.143,10.143,9.862,9.862,11014,0
TOR,D,20150408,000000,9.87,9.909,9.627,9.784,15611,0
TOR,D,20150409,000000,10.151,10.151,9.674,9.862,10525,0
TOR,D,20150410,000000,9.901,9.901,9.549,9.854,20283,0
TOR,D,20150413,000000,10.002,10.018,9.784,9.942,12773,0
TOR,D,20150414,000000,9.799,9.894,9.784,9.791,7556,0
TOR,D,20150415,000000,9.791,9.854,9.729,9.745,6824,0
TOR,D,20150416,000000,9.737,10.018,9.651,9.705,44775,0
TOR,D,20150417,000000,9.705,9.995,9.705,9.894,7684,0
TOR,D,20150420,000000,9.942,9.942,9.823,9.942,1142,0
TOR,D,20150421,000000,9.901,9.901,9.713,9.862,10055,0
TOR,D,20150422,000000,9.862,9.862,9.713,9.862,36865,0
TOR,D,20150423,000000,9.862,9.862,9.737,9.791,2341,0
TOR,D,20150424,000000,9.799,9.799,9.681,9.784,15856,0
TOR,D,20150427,000000,9.87,10.175,9.775,10.09,81881,0
TOR,D,20150428,000000,10.095,10.175,9.862,9.978,55838,0
TOR,D,20150429,000000,10.011,10.09,9.823,9.823,23217,0
TOR,D,20150430,000000,9.823,10.058,9.823,10.042,522740,0
TOR,D,20150504,000000,10.049,10.073,9.942,10.049,149654,0
TOR,D,20150505,000000,10.058,10.12,9.705,9.705,14014,0
TOR,D,20150506,000000,9.885,10.018,9.823,9.87,17741,0
TOR,D,20150507,000000,9.978,10.073,9.713,9.729,18683,0
TOR,D,20150508,000000,9.791,10.002,9.791,9.972,2065,0
TOR,D,20150511,000000,9.87,10.605,9.87,10.41,156315,0
TOR,D,20150512,000000,10.41,10.41,10.09,10.09,80953,0
TOR,D,20150513,000000,10.332,10.41,10.183,10.292,312598,0
TOR,D,20150514,000000,10.292,10.566,10.214,10.292,40982,0
TOR,D,20150515,000000,10.566,10.879,10.417,10.488,101505,0
TOR,D,20150518,000000,10.801,10.801,10.41,10.488,23910,0
TOR,D,20150519,000000,10.691,10.691,10.269,10.417,16709,0
TOR,D,20150520,000000,10.426,10.528,10.136,10.292,222431,0
TOR,D,20150521,000000,10.253,10.394,10.23,10.347,9526,0
TOR,D,20150522,000000,10.347,10.622,10.23,10.566,46470,0
TOR,D,20150525,000000,10.551,10.622,10.332,10.394,17041,0
TOR,D,20150526,000000,10.323,10.323,10.183,10.23,4252,0
TOR,D,20150527,000000,10.464,10.473,10.292,10.332,8568,0
TOR,D,20150528,000000,11.036,11.036,10.332,10.597,73538,0
TOR,D,20150529,000000,10.723,10.723,10.566,10.645,19361,0
TOR,D,20150601,000000,10.66,10.84,10.566,10.645,86730,0
TOR,D,20150602,000000,10.723,10.777,10.645,10.645,10008,0
TOR,D,20150603,000000,10.66,10.66,10.605,10.645,35890,0
TOR,D,20150605,000000,10.691,10.754,10.37,10.66,5428,0
TOR,D,20150608,000000,10.543,10.543,9.909,10.238,29159,0
TOR,D,20150609,000000,10.269,10.417,10.175,10.276,742264,0
TOR,D,20150610,000000,10.143,10.323,10.143,10.323,16687,0
TOR,D,20150611,000000,10.175,10.253,10.065,10.159,12143,0
TOR,D,20150612,000000,10.175,10.175,9.823,10.095,39022,0
TOR,D,20150615,000000,9.847,9.862,9.502,9.784,29492,0
TOR,D,20150616,000000,9.705,9.705,9.494,9.549,22087,0
TOR,D,20150617,000000,9.737,10.09,9.252,9.549,18599,0
TOR,D,20150618,000000,9.72,9.72,9.4828,9.574,10869,0
TOR,D,20150619,000000,9.581,9.704,9.564,9.671,11478,0
TOR,D,20150622,000000,9.574,9.704,9.4678,9.525,28056,0
TOR,D,20150623,000000,9.4265,9.4265,9.1403,9.222,26749,0
TOR,D,20150624,000000,9.1488,9.2557,9.0587,9.1816,36086,0
TOR,D,20150625,000000,9.2876,9.2876,9.0587,9.222,14859,0
TOR,D,20150626,000000,9.3036,9.3608,9.3036,9.3533,2891,0
TOR,D,20150629,000000,8.9771,9.2632,8.5935,9.2632,34403,0
TOR,D,20150630,000000,9.2557,9.564,9.0587,9.564,14788,0
TOR,D,20150701,000000,9.549,9.663,9.4828,9.549,20904,0
TOR,D,20150702,000000,9.507,9.549,9.2379,9.2379,3409,0
TOR,D,20150703,000000,9.532,9.549,9.2135,9.3777,9160,0
TOR,D,20150706,000000,9.2632,9.3364,9.1816,9.2632,1978,0
TOR,D,20150707,000000,9.2632,9.532,9.0662,9.1,189247,0
TOR,D,20150708,000000,9.1488,9.4584,8.9771,9.0184,15684,0
TOR,D,20150709,000000,8.8964,9.3692,8.8145,8.8145,21035,0
TOR,D,20150710,000000,8.8546,9.574,8.8546,8.994,19507,0
TOR,D,20150713,000000,8.994,9.1,8.7163,9.0184,27445,0
TOR,D,20150714,000000,9.2464,9.2464,9.0268,9.222,3172,0
TOR,D,20150715,000000,9.222,9.222,9.0015,9.222,27117,0
TOR,D,20150716,000000,9.1816,9.671,9.1732,9.3036,54002,0
TOR,D,20150717,000000,9.54,9.54,9.3036,9.3843,95418,0
TOR,D,20150720,000000,9.3533,9.4509,9.3449,9.3608,18195,0
TOR,D,20150721,000000,9.3843,9.3843,9.1572,9.1572,6619,0
TOR,D,20150722,000000,9.1647,9.4678,9.0184,9.0268,19476,0
TOR,D,20150723,000000,9.0099,9.222,8.9687,9.0906,46388,0
TOR,D,20150724,000000,9.0756,9.2876,8.9612,8.9612,15104,0
TOR,D,20150727,000000,8.9771,9.2135,8.9771,9.0512,10962,0
TOR,D,20150728,000000,9.1159,9.418,8.9855,9.2951,6888,0
TOR,D,20150729,000000,9.2632,9.3449,9.1403,9.1403,42035,0
TOR,D,20150730,000000,9.0841,9.222,8.9771,9.222,157625,0
TOR,D,20150731,000000,9.206,9.2557,9.1,9.2557,8896,0
TOR,D,20150803,000000,9.2557,9.2557,9.0512,9.0512,18427,0
TOR,D,20150804,000000,9.222,9.507,9.0587,9.4424,145064,0
TOR,D,20150805,000000,9.54,10.193,9.532,10.12,119825,0
TOR,D,20150806,000000,10.169,10.169,9.883,9.942,27216,0
TOR,D,20150807,000000,9.835,10.446,9.835,10.079,52777,0
TOR,D,20150810,000000,10.153,10.201,9.883,9.957,10644,0
TOR,D,20150811,000000,10.031,10.201,9.883,9.883,22801,0
TOR,D,20150812,000000,10.104,10.104,9.883,9.998,34784,0
TOR,D,20150813,000000,9.998,10.185,9.957,10.12,11144,0
TOR,D,20150814,000000,10.201,10.201,9.957,9.957,13971,0
TOR,D,20150817,000000,9.794,9.794,9.2707,9.2707,49934,0
TOR,D,20150818,000000,9.2951,9.3449,8.406,8.6591,59039,0
TOR,D,20150819,000000,8.6918,9.1159,8.6918,9.0906,25694,0
TOR,D,20150820,000000,9.0841,9.0906,8.9036,8.994,20568,0
TOR,D,20150821,000000,9.0184,9.1816,9.0184,9.0343,295464,0
TOR,D,20150824,000000,8.8964,8.8964,8.1205,8.1205,93656,0
TOR,D,20150825,000000,8.0797,8.7327,7.8268,8.5689,51941,0
TOR,D,20150826,000000,8.79,8.79,8.5365,8.5689,7981,0
TOR,D,20150827,000000,8.6918,9.1403,8.6918,9.0587,6657,0
TOR,D,20150828,000000,9.0587,9.1328,8.1776,8.5689,737772,0
TOR,D,20150831,000000,8.5776,8.8964,8.4874,8.6518,149773,0
TOR,D,20150901,000000,8.8882,8.8882,8.4874,8.7327,3850,0
TOR,D,20150902,000000,8.7327,8.9527,8.7327,8.8964,7633,0
TOR,D,20150903,000000,8.7327,8.8882,8.7327,8.8882,425080,0
TOR,D,20150904,000000,8.79,8.8882,8.6268,8.6268,3461,0
TOR,D,20150907,000000,8.8546,8.8546,8.6591,8.8145,5416,0
TOR,D,20150908,000000,8.8145,8.8227,8.6518,8.8145,40803,0
TOR,D,20150909,000000,8.83,9.1488,8.6518,8.8145,14548,0
TOR,D,20150910,000000,8.9527,8.9527,8.5776,8.8145,25329,0
TOR,D,20150911,000000,8.9527,9.1403,8.6672,9.0587,45396,0
TOR,D,20150914,000000,9.0756,9.0756,8.6518,8.8718,2854,0
TOR,D,20150915,000000,8.8718,9.0428,8.6918,8.8637,3200,0
TOR,D,20150916,000000,8.9687,9.1488,8.8637,9.1488,12175,0
TOR,D,20150917,000000,9.1403,9.3692,9.1244,9.3692,8934,0
TOR,D,20150918,000000,9.3843,9.532,9.3449,9.501,29774,0
TOR,D,20150921,000000,9.4921,9.4921,9.0184,9.3843,6247,0
TOR,D,20150922,000000,9.4265,9.4265,9.2632,9.3777,19051,0
TOR,D,20150923,000000,9.3777,9.3777,9.1,9.1,23742,0
TOR,D,20150924,000000,9.3036,9.3036,8.6268,8.8145,10543,0
TOR,D,20150925,000000,8.8145,9.1403,8.8145,9.1403,3406,0
TOR,D,20150928,000000,9.1403,9.1403,8.8227,8.9771,1436,0
TOR,D,20150929,000000,8.6918,9.0587,8.6347,8.83,191817,0
TOR,D,20150930,000000,8.8882,8.8964,8.8145,8.8473,3424,0
TOR,D,20151001,000000,8.9368,8.9368,8.9368,8.9368,1,0
TOR,D,20151002,000000,8.9283,8.9283,8.7,8.83,1593,0
TOR,D,20151005,000000,8.9368,8.9368,8.7163,8.9368,4889,0
TOR,D,20151006,000000,8.9368,9.1,8.9368,8.9527,7830,0
TOR,D,20151007,000000,9.1,9.2557,9.0587,9.2135,15724,0
TOR,D,20151008,000000,9.2135,9.2951,9.0756,9.2951,5264,0
TOR,D,20151009,000000,9.2632,9.2876,9.1403,9.2135,1862,0
TOR,D,20151012,000000,9.2792,9.2792,9.1403,9.2632,43244,0
TOR,D,20151013,000000,9.2792,9.2951,9.0587,9.2951,1236,0
TOR,D,20151014,000000,9.2951,9.2951,9.0184,9.2951,3619,0
TOR,D,20151015,000000,9.2951,9.501,9.2876,9.501,20320,0
TOR,D,20151016,000000,9.501,9.507,9.4265,9.501,5674,0
TOR,D,20151019,000000,9.507,9.507,9.3036,9.4921,1373,0
TOR,D,20151020,000000,9.63,9.794,9.63,9.687,20747,0
TOR,D,20151021,000000,9.745,10.691,9.606,10.609,147408,0
TOR,D,20151022,000000,10.299,10.446,10.284,10.349,141715,0
TOR,D,20151023,000000,10.349,10.349,9.875,10.088,145676,0
TOR,D,20151026,000000,10.079,10.365,9.916,10.275,10148,0
TOR,D,20151027,000000,10.242,10.242,10.201,10.242,101141,0
TOR,D,20151028,000000,10.235,10.446,10.193,10.365,24991,0
TOR,D,20151029,000000,10.242,10.43,9.957,10.137,43447,0
TOR,D,20151030,000000,10.137,10.267,10.137,10.201,9682,0
TOR,D,20151102,000000,10.137,10.357,10.137,10.349,35131,0
TOR,D,20151103,000000,10.349,10.406,9.957,9.957,16761,0
TOR,D,20151104,000000,10.038,10.193,9.883,10.104,4691,0
TOR,D,20151105,000000,10.079,10.144,9.916,10.12,3229,0
TOR,D,20151106,000000,10.153,10.153,9.966,10.12,2613,0
TOR,D,20151109,000000,10.691,10.691,10.414,10.446,48801,0
TOR,D,20151110,000000,10.446,10.585,10.414,10.529,49433,0
TOR,D,20151112,000000,10.529,10.854,10.529,10.83,91971,0
TOR,D,20151113,000000,11.002,11.099,10.936,11.002,48472,0
TOR,D,20151116,000000,11.018,11.304,10.903,11.182,149458,0
TOR,D,20151117,000000,11.263,11.344,10.936,11.278,65690,0
TOR,D,20151118,000000,11.337,11.426,11.215,11.215,64027,0
TOR,D,20151119,000000,11.215,11.589,11.092,11.092,48235,0
TOR,D,20151120,000000,11.099,11.099,10.773,11.099,28066,0
TOR,D,20151123,000000,11.099,11.182,10.994,11.002,5960,0
TOR,D,20151124,000000,10.977,11.172,10.691,11.009,21264,0
TOR,D,20151125,000000,11.099,11.172,10.936,11.018,12119,0
TOR,D,20151126,000000,11.018,11.018,10.691,10.732,43682,0
TOR,D,20151127,000000,10.667,10.847,10.634,10.847,4705,0
TOR,D,20151130,000000,10.847,11.018,10.805,10.936,19002,0
TOR,D,20151201,000000,10.936,11.018,10.928,11.018,5008,0
TOR,D,20151202,000000,10.936,10.936,10.757,10.888,21727,0
TOR,D,20151203,000000,10.936,10.977,10.773,10.805,47148,0
TOR,D,20151204,000000,10.773,10.773,10.178,10.511,58989,0
TOR,D,20151207,000000,10.715,10.732,10.365,10.406,12864,0
TOR,D,20151208,000000,10.397,10.561,9.883,10.365,45934,0
TOR,D,20151209,000000,10.284,10.284,9.924,10.185,26402,0
TOR,D,20151210,000000,9.957,10.161,9.924,10.161,5125,0
TOR,D,20151211,000000,10.153,10.153,9.957,10.031,66181,0
TOR,D,20151214,000000,9.916,9.916,9.4265,9.63,29542,0
TOR,D,20151215,000000,9.63,9.63,9.434,9.434,38216,0
TOR,D,20151216,000000,9.622,9.835,9.3843,9.3843,225148,0
TOR,D,20151217,000000,9.4828,9.957,9.4828,9.932,123775,0
TOR,D,20151218,000000,9.801,9.932,9.647,9.892,72873,0
TOR,D,20151221,000000,9.998,10.022,9.883,9.883,15966,0
TOR,D,20151222,000000,9.916,10.185,9.875,10.104,8765,0
TOR,D,20151223,000000,10.161,10.201,9.973,10.071,15081,0
TOR,D,20151228,000000,10.284,10.284,9.924,10.128,20864,0
TOR,D,20151229,000000,10.242,10.242,9.973,10.12,9086,0
TOR,D,20151230,000000,10.201,10.201,9.819,10.137,8137,0
TOR,D,20160104,000000,10.193,10.193,9.81,9.81,90965,0
TOR,D,20160105,000000,9.966,9.966,9.835,9.835,221638,0
TOR,D,20160107,000000,9.786,10.079,9.622,9.875,42907,0
TOR,D,20160108,000000,9.549,9.957,9.549,9.835,264813,0
TOR,D,20160111,000000,9.875,9.916,9.671,9.794,138533,0
TOR,D,20160112,000000,9.712,10.031,9.712,9.858,29119,0
TOR,D,20160113,000000,9.916,9.989,9.858,9.858,10249,0
TOR,D,20160114,000000,9.835,9.835,9.671,9.794,7749,0
TOR,D,20160115,000000,9.942,9.942,9.63,9.63,45014,0
TOR,D,20160118,000000,9.63,9.752,9.3936,9.3936,40113,0
TOR,D,20160119,000000,9.4021,9.752,9.3843,9.3843,25892,0
TOR,D,20160120,000000,9.1816,9.2876,8.9687,8.9687,90555,0
TOR,D,20160121,000000,8.9687,8.9687,8.749,8.7736,6805,0
TOR,D,20160122,000000,9.2632,9.2632,8.7081,8.8054,75126,0
TOR,D,20160125,000000,8.8391,9.1403,8.7736,8.8718,120479,0
TOR,D,20160126,000000,8.7736,8.9036,8.5776,8.7081,28749,0
TOR,D,20160127,000000,8.8791,8.8791,8.4628,8.5208,363335,0
TOR,D,20160128,000000,8.5689,8.5689,8.2919,8.406,71367,0
TOR,D,20160129,000000,8.6347,8.6347,8.5287,8.561,42002,0
TOR,D,20160201,000000,8.6347,8.8791,8.4304,8.5689,55235,0
TOR,D,20160202,000000,8.5856,8.6427,8.3814,8.455,58569,0
TOR,D,20160203,000000,8.5041,8.8391,8.455,8.8391,95628,0
TOR,D,20160204,000000,8.9199,9.0587,8.6918,8.8718,85128,0
TOR,D,20160205,000000,8.8791,9.0428,8.7081,8.8546,79362,0
TOR,D,20160208,000000,8.8473,8.8473,8.5935,8.5935,30633,0
TOR,D,20160209,000000,8.6101,8.6101,8.3734,8.5532,141215,0
TOR,D,20160210,000000,8.5453,8.8054,8.512,8.7246,30770,0
TOR,D,20160211,000000,8.7081,8.7327,8.512,8.7163,10423,0
TOR,D,20160212,000000,8.7163,8.7163,8.561,8.5856,15275,0
TOR,D,20160215,000000,8.5935,8.8637,8.5935,8.8391,31031,0
TOR,D,20160216,000000,8.6591,8.8391,8.6591,8.7163,8160,0
TOR,D,20160217,000000,8.7327,9.1488,8.6591,9.1488,142175,0
TOR,D,20160218,000000,9.1816,9.3692,9.0184,9.1891,73064,0
TOR,D,20160219,000000,9.222,9.3777,9.1891,9.2632,27102,0
TOR,D,20160222,000000,9.3608,9.598,9.3449,9.54,38684,0
TOR,D,20160223,000000,9.54,9.54,9.3205,9.418,122104,0
TOR,D,20160224,000000,9.418,9.418,9.1976,9.2876,7625,0
TOR,D,20160225,000000,9.2951,9.4678,9.1488,9.4265,14850,0
TOR,D,20160226,000000,9.4265,9.712,9.3843,9.712,19707,0
TOR,D,20160229,000000,9.737,9.737,9.549,9.704,16344,0
TOR,D,20160301,000000,9.54,9.54,8.83,9.0587,148056,0
TOR,D,20160302,000000,9.0587,9.1084,8.5287,8.6427,218029,0
TOR,D,20160303,000000,8.6518,8.6518,8.3655,8.561,353245,0
TOR,D,20160304,000000,8.6518,8.7327,8.202,8.3655,281619,0
TOR,D,20160307,000000,8.406,8.4796,8.3245,8.3655,51005,0
TOR,D,20160308,000000,8.3655,8.398,8.2592,8.3164,270319,0
TOR,D,20160309,000000,8.3489,8.4796,8.1613,8.2674,355916,0
TOR,D,20160310,000000,8.2674,8.3164,8.1613,8.2592,63270,0
TOR,D,20160311,000000,8.2592,8.4226,8.243,8.3568,97517,0
TOR,D,20160314,000000,8.4471,8.8391,8.3655,8.7736,61403,0
TOR,D,20160315,000000,8.8473,8.8546,8.6518,8.8145,55388,0
TOR,D,20160316,000000,8.8964,8.8964,8.8145,8.83,32834,0
TOR,D,20160317,000000,8.8791,8.8964,8.6518,8.6518,37552,0
TOR,D,20160318,000000,8.6101,8.7409,8.5689,8.6763,76577,0
TOR,D,20160321,000000,8.6918,8.6918,8.5689,8.5689,41143,0
TOR,D,20160322,000000,8.9527,9.0428,8.749,8.8964,306235,0
TOR,D,20160323,000000,8.9527,9.0512,8.8546,8.9771,123005,0
TOR,D,20160324,000000,9.0343,9.328,8.9036,9.2792,113447,0
TOR,D,20160329,000000,9.222,9.2951,9.1403,9.1816,110591,0
TOR,D,20160330,000000,9.1816,9.2557,9.0662,9.1488,41759,0
TOR,D,20160331,000000,9.1084,9.1572,9.0184,9.0587,35264,0
TOR,D,20160401,000000,9.0428,9.1647,8.9527,9.1647,124500,0
TOR,D,20160404,000000,9.222,9.696,9.206,9.507,64742,0
TOR,D,20160405,000000,9.4678,9.4678,9.0268,9.1403,35744,0
TOR,D,20160406,000000,9.2632,9.2632,9.1403,9.2313,20590,0
TOR,D,20160407,000000,9.3036,9.3036,9.1328,9.1488,26364,0
TOR,D,20160408,000000,9.2135,9.222,9.1488,9.1976,7326,0
TOR,D,20160411,000000,9.1403,9.3036,9.1403,9.2792,23321,0
TOR,D,20160412,000000,9.2792,9.2951,9.222,9.2632,20053,0
TOR,D,20160413,000000,9.2632,9.3777,9.1488,9.3036,29071,0
TOR,D,20160414,000000,9.3533,9.3533,9.222,9.3036,10519,0
TOR,D,20160415,000000,9.3364,9.3364,9.222,9.2792,18289,0
TOR,D,20160418,000000,9.2951,9.2951,9.1976,9.2379,39734,0
TOR,D,20160419,000000,9.1891,9.2632,9.1891,9.2379,63039,0
TOR,D,20160420,000000,9.206,9.2379,9.1891,9.2313,24975,0
TOR,D,20160421,000000,9.222,9.222,9.0587,9.0587,104605,0
TOR,D,20160422,000000,9.0587,9.1244,8.79,8.8964,44785,0
TOR,D,20160425,000000,8.83,8.9771,8.3814,8.6918,100408,0
TOR,D,20160426,000000,8.7327,8.8882,8.6518,8.7736,116536,0
TOR,D,20160427,000000,8.7818,8.8882,8.455,8.5689,84724,0
TOR,D,20160428,000000,8.5689,8.8227,8.5689,8.7982,20851,0
TOR,D,20160429,000000,8.8391,8.8391,8.7,8.7655,10586,0
TOR,D,20160502,000000,8.7655,8.8473,8.4147,8.7163,27953,0
TOR,D,20160504,000000,8.7081,8.7081,8.4304,8.5365,53150,0
TOR,D,20160505,000000,8.5689,8.5689,8.455,8.5453,35897,0
TOR,D,20160506,000000,8.5935,8.5935,8.2756,8.3409,23778,0
TOR,D,20160509,000000,8.4471,8.5689,8.2837,8.5453,20880,0
TOR,D,20160510,000000,8.5365,8.7163,8.4304,8.6837,29392,0
TOR,D,20160511,000000,8.7327,9.0587,8.5776,8.9687,93636,0
TOR,D,20160512,000000,8.9771,9.0512,8.8637,9.0099,53620,0
TOR,D,20160513,000000,9.0184,9.0184,8.7655,8.8546,13569,0
TOR,D,20160516,000000,8.79,8.79,8.5689,8.7736,35321,0
TOR,D,20160517,000000,8.7736,8.8791,8.7,8.8145,6747,0
TOR,D,20160518,000000,8.8145,8.8473,8.7163,8.8145,21023,0
TOR,D,20160519,000000,8.7982,8.7982,8.5287,8.7081,18750,0
TOR,D,20160520,000000,8.6837,8.6837,8.4962,8.5689,4965,0
TOR,D,20160523,000000,8.5287,8.5287,8.2837,8.4796,49536,0
TOR,D,20160524,000000,8.4874,8.4874,8.398,8.4628,5106,0
TOR,D,20160525,000000,8.4716,8.5935,8.398,8.5776,16645,0
TOR,D,20160527,000000,8.5935,8.5935,8.455,8.5041,5904,0
TOR,D,20160530,000000,8.561,8.561,8.4147,8.4147,11002,0
TOR,D,20160531,000000,8.4147,8.4147,8.3655,8.406,42990,0
TOR,D,20160601,000000,8.4147,8.4147,8.2185,8.2756,14304,0
TOR,D,20160602,000000,8.2756,8.3245,7.8511,8.3164,44273,0
TOR,D,20160603,000000,8.3245,8.4147,8.243,8.3245,22382,0
TOR,D,20160606,000000,8.4392,8.4392,8.3,8.3,7970,0
TOR,D,20160607,000000,8.4304,8.4392,8.0389,8.0389,58301,0
TOR,D,20160608,000000,8.1123,8.2756,8.1042,8.1369,29400,0
TOR,D,20160609,000000,8.243,8.2592,8.0225,8.0716,27099,0
TOR,D,20160610,000000,8.2185,8.2185,8.0307,8.0716,9839,0
TOR,D,20160613,000000,8.1042,8.1042,7.9246,7.9572,49207,0
TOR,D,20160614,000000,7.9409,7.9409,7.6063,7.6717,80028,0
TOR,D,20160615,000000,7.5982,7.8675,7.5901,7.7532,22078,0
TOR,D,20160616,000000,7.7124,7.7451,7.5574,7.5574,30377,0
TOR,D,20160617,000000,7.5901,7.9164,7.5901,7.9084,6140,0
TOR,D,20160620,000000,7.9084,8.1205,7.9002,8.039,19811,0
TOR,D,20160621,000000,8.1205,8.1369,8.039,8.1205,21872,0
TOR,D,20160622,000000,8.1531,8.2674,8.1043,8.2021,21296,0
TOR,D,20160623,000000,8.2021,8.2511,8.039,8.1613,32945,0
TOR,D,20160624,000000,7.5389,8.0561,7.5389,7.6441,177923,0
TOR,D,20160627,000000,7.7843,7.7843,7.5127,7.5302,33244,0
TOR,D,20160628,000000,7.609,7.609,7.4249,7.4513,31677,0
TOR,D,20160629,000000,7.4161,7.5302,7.3986,7.4074,22515,0
TOR,D,20160630,000000,7.4513,7.6792,7.3285,7.4776,79380,0
TOR,D,20160701,000000,7.5652,7.6354,7.5038,7.6003,1927,0
TOR,D,20160704,000000,7.5915,7.6003,7.3373,7.5214,21841,0
TOR,D,20160705,000000,7.4513,7.5389,7.4513,7.4864,3285,0
TOR,D,20160706,000000,7.5389,7.5389,7.346,7.4513,10144,0
TOR,D,20160707,000000,7.4513,7.6616,7.4513,7.6441,11886,0
TOR,D,20160708,000000,7.6178,7.6441,7.6178,7.6441,8346,0
TOR,D,20160711,000000,7.7581,8.0123,7.7581,7.9685,78223,0
TOR,D,20160712,000000,8.0386,8.398,8.0386,8.2928,42437,0
TOR,D,20160713,000000,8.3191,8.7309,8.249,8.5996,98244,0
TOR,D,20160714,000000,8.5909,8.7399,8.5909,8.67,82864,0
TOR,D,20160715,000000,8.6781,8.9415,8.6518,8.8973,21308,0
TOR,D,20160718,000000,8.8891,8.8891,8.6963,8.7227,13156,0
TOR,D,20160719,000000,8.8273,8.8273,8.6171,8.6872,8877,0
TOR,D,20160720,000000,8.7573,8.7573,8.6872,8.7309,2319,0
TOR,D,20160721,000000,8.7045,8.9415,8.5909,8.9236,26046,0
TOR,D,20160722,000000,8.9415,8.9687,8.7399,8.8536,23631,0
TOR,D,20160725,000000,8.8973,8.8973,8.7664,8.8973,6600,0
TOR,D,20160726,000000,8.8973,9.0822,8.8536,8.8536,28606,0
TOR,D,20160727,000000,8.8973,8.8973,8.7573,8.81,19150,0
TOR,D,20160728,000000,8.81,8.81,8.6781,8.7664,7827,0
TOR,D,20160729,000000,8.8455,8.8455,8.7664,8.7664,13139,0
TOR,D,20160801,000000,8.7664,8.8536,8.6518,8.6518,19271,0
TOR,D,20160802,000000,8.7664,8.7664,8.6518,8.7664,5484,0
TOR,D,20160803,000000,8.81,8.81,8.6347,8.6347,9807,0
TOR,D,20160804,000000,8.7573,8.7573,8.6436,8.749,3034,0
TOR,D,20160805,000000,8.7399,8.7399,8.6436,8.6609,5502,0
TOR,D,20160808,000000,8.6518,8.7309,8.6171,8.7309,4534,0
TOR,D,20160809,000000,8.7664,9.599,8.7664,9.53,141867,0
TOR,D,20160810,000000,9.53,9.53,9.2388,9.3711,50463,0
TOR,D,20160811,000000,9.4499,9.4678,9.3711,9.4678,16815,0
TOR,D,20160812,000000,9.511,9.932,9.4678,9.914,77012,0
TOR,D,20160816,000000,9.914,9.942,9.73,9.73,13113,0
TOR,D,20160817,000000,9.757,9.757,9.555,9.66,41643,0
TOR,D,20160818,000000,9.608,9.826,9.608,9.713,12598,0
TOR,D,20160819,000000,9.809,9.845,9.696,9.757,99935,0
TOR,D,20160822,000000,9.8,9.819,9.686,9.819,18345,0
TOR,D,20160823,000000,9.853,10.169,9.739,10.16,83143,0
TOR,D,20160824,000000,10.169,10.493,10.081,10.432,368486,0
TOR,D,20160825,000000,9.819,10.124,9.819,10.081,79304,0
TOR,D,20160826,000000,10.081,10.124,10.002,10.081,17172,0
TOR,D,20160829,000000,10.081,10.081,9.819,9.819,7741,0
TOR,D,20160830,000000,9.608,9.608,9.3355,9.4499,53144,0
TOR,D,20160831,000000,9.511,9.555,9.4068,9.52,22404,0
TOR,D,20160901,000000,9.502,9.809,9.3617,9.3617,29149,0
TOR,D,20160902,000000,9.3617,9.563,9.2126,9.537,30118,0
TOR,D,20160905,000000,9.555,9.555,9.4678,9.537,6644,0
TOR,D,20160906,000000,9.555,9.555,9.4237,9.53,4358,0
TOR,D,20160907,000000,9.4678,9.547,9.3805,9.547,32772,0
TOR,D,20160908,000000,9.4068,9.581,9.3974,9.555,140073,0
TOR,D,20160909,000000,9.617,9.617,9.3617,9.3617,11009,0
TOR,D,20160912,000000,9.1872,9.2051,9.0728,9.1347,29913,0
TOR,D,20160913,000000,9.2923,9.2923,9.0906,9.0906,13660,0
TOR,D,20160914,000000,9.1169,9.2745,9.0906,9.2051,7226,0
TOR,D,20160915,000000,9.2651,9.2651,9.0728,9.0728,18521,0
TOR,D,20160916,000000,9.0644,9.222,9.0644,9.222,6578,0
TOR,D,20160919,000000,9.2839,9.2839,9.1694,9.2051,2743,0
TOR,D,20160920,000000,9.2839,9.2839,9.161,9.2051,15543,0
TOR,D,20160921,000000,9.2839,9.722,9.2126,9.555,366419,0
TOR,D,20160922,000000,9.678,9.686,9.4846,9.4846,15401,0
TOR,D,20160923,000000,9.634,9.634,9.2651,9.2651,1401,0
TOR,D,20160926,000000,9.3008,9.547,9.2651,9.3101,11782,0
TOR,D,20160927,000000,9.3186,9.66,9.3186,9.66,30351,0
TOR,D,20160928,000000,9.669,10.117,9.669,10.081,73186,0
TOR,D,20160929,000000,10.098,10.327,9.783,10.3,48647,0
TOR,D,20160930,000000,10.257,10.3,10.091,10.257,32897,0
TOR,D,20161003,000000,10.169,10.169,9.914,10.081,10060,0
TOR,D,20161004,000000,10.081,10.23,9.994,10.142,19262,0
TOR,D,20161005,000000,10.16,10.213,10.081,10.142,3852,0
TOR,D,20161006,000000,10.213,10.213,10.037,10.124,4380,0
TOR,D,20161007,000000,10.195,10.195,10.046,10.081,2318,0
TOR,D,20161010,000000,10.081,10.124,9.871,10.124,38591,0
TOR,D,20161011,000000,10.124,10.124,10.002,10.081,20236,0
TOR,D,20161012,000000,10.081,10.124,10.002,10.124,20497,0
TOR,D,20161013,000000,10.124,10.124,9.968,10.081,16917,0
TOR,D,20161014,000000,9.914,10.344,9.914,10.3,70501,0
TOR,D,20161017,000000,10.3,10.3,10.046,10.081,6483,0
TOR,D,20161018,000000,10.134,10.134,10.002,10.108,11915,0
TOR,D,20161019,000000,10.108,10.213,10.019,10.213,36476,0
TOR,D,20161020,000000,10.309,10.336,10.081,10.221,11460,0
TOR,D,20161021,000000,10.23,10.23,10.134,10.213,10642,0
TOR,D,20161024,000000,10.213,10.3,10.142,10.3,3542,0
TOR,D,20161025,000000,10.3,10.336,10.134,10.134,23185,0
TOR,D,20161026,000000,10.134,10.3,10.134,10.134,2046,0
TOR,D,20161027,000000,10.169,10.336,10.169,10.3,8725,0
TOR,D,20161028,000000,10.3,10.685,10.274,10.564,122075,0
TOR,D,20161031,000000,10.616,10.652,10.519,10.652,24341,0
TOR,D,20161102,000000,10.607,10.607,9.923,9.923,32892,0
TOR,D,20161103,000000,9.819,10.063,9.809,10.063,15877,0
TOR,D,20161104,000000,9.862,9.906,9.739,9.819,31268,0
TOR,D,20161107,000000,9.836,9.994,9.792,9.994,11259,0
TOR,D,20161108,000000,9.906,9.906,9.511,9.573,5303,0
TOR,D,20161109,000000,9.2126,9.59,9.0906,9.4678,13361,0
TOR,D,20161110,000000,9.625,9.625,9.2923,9.3355,16447,0
TOR,D,20161114,000000,9.2839,9.2839,9.0728,9.1432,27081,0
TOR,D,20161115,000000,9.1516,9.2051,9.0287,9.1169,70928,0
TOR,D,20161116,000000,9.2482,9.853,9.1253,9.511,24842,0
TOR,D,20161117,000000,9.555,10.072,9.511,9.923,118722,0
TOR,D,20161118,000000,9.809,9.809,9.555,9.555,1108,0
TOR,D,20161121,000000,9.555,9.652,9.511,9.53,5840,0
TOR,D,20161122,000000,9.2126,9.4584,9.2126,9.2923,71661,0
TOR,D,20161123,000000,9.3355,9.4846,9.2576,9.2923,24910,0
TOR,D,20161124,000000,9.388,9.388,9.3186,9.3355,82,0
TOR,D,20161125,000000,9.388,9.388,9.3101,9.3355,11691,0
TOR,D,20161128,000000,9.327,9.327,9.2576,9.327,17410,0
TOR,D,20161129,000000,9.4846,9.4846,9.2923,9.327,36438,0
TOR,D,20161130,000000,9.643,9.809,9.4846,9.809,10966,0
TOR,D,20161201,000000,9.819,9.819,9.73,9.775,4027,0
TOR,D,20161202,000000,9.775,9.862,9.73,9.73,4395,0
TOR,D,20161205,000000,9.73,9.73,9.643,9.643,2,0
TOR,D,20161206,000000,9.722,9.722,9.3617,9.555,11031,0
TOR,D,20161207,000000,9.599,9.599,9.4678,9.555,460,0
TOR,D,20161208,000000,9.599,9.73,9.573,9.652,3892,0
TOR,D,20161209,000000,9.722,9.809,9.643,9.66,7018,0
TOR,D,20161212,000000,9.809,10.318,9.775,9.994,126557,0
TOR,D,20161213,000000,10.124,10.124,9.826,9.826,35229,0
TOR,D,20161214,000000,10.029,10.029,9.914,10.019,119381,0
TOR,D,20161215,000000,10.019,10.037,9.906,9.994,7576,0
TOR,D,20161216,000000,9.994,9.994,9.826,9.994,94937,0
TOR,D,20161219,000000,9.985,9.985,9.906,9.975,2589,0
TOR,D,20161220,000000,9.968,9.968,9.826,9.949,4966,0
TOR,D,20161221,000000,9.942,9.942,9.573,9.906,35719,0
TOR,D,20161222,000000,9.906,9.958,9.739,9.958,67519,0
TOR,D,20161223,000000,9.949,9.949,9.775,9.949,24305,0
TOR,D,20161227,000000,9.949,9.958,9.775,9.783,8005,0
TOR,D,20161228,000000,9.819,10.037,9.819,10.037,47282,0
TOR,D,20161229,000000,10.037,10.16,9.896,10.16,34678,0
TOR,D,20161230,000000,10.169,10.291,10.142,10.204,196287,0
TOR,D,20170102,000000,10.484,10.484,10.336,10.344,27661,0
TOR,D,20170103,000000,10.406,10.432,10.274,10.387,27334,0
TOR,D,20170104,000000,10.432,10.432,10.213,10.291,6021,0
TOR,D,20170105,000000,10.423,10.423,10.257,10.344,12929,0
TOR,D,20170109,000000,10.353,10.353,10.16,10.257,13305,0
TOR,D,20170110,000000,10.239,10.344,10.221,10.327,53680,0
TOR,D,20170111,000000,10.353,10.353,10.213,10.344,8215,0
TOR,D,20170112,000000,10.344,10.598,10.221,10.441,106397,0
TOR,D,20170113,000000,10.432,10.432,10.274,10.344,14524,0
TOR,D,20170116,000000,10.353,10.457,10.344,10.432,153374,0
TOR,D,20170117,000000,10.476,10.695,10.476,10.652,147433,0
TOR,D,20170118,000000,10.695,10.695,10.484,10.678,26137,0
TOR,D,20170119,000000,10.678,10.739,10.652,10.685,20885,0
TOR,D,20170120,000000,10.685,10.73,10.59,10.678,34809,0
TOR,D,20170123,000000,10.765,11.651,10.695,11.308,354893,0
TOR,D,20170124,000000,11.396,11.702,11.396,11.554,222380,0
TOR,D,20170125,000000,11.658,11.677,11.396,11.641,32449,0
TOR,D,20170126,000000,11.641,11.658,11.308,11.641,52685,0
TOR,D,20170127,000000,11.615,11.615,11.44,11.536,40812,0
TOR,D,20170130,000000,11.536,11.702,11.51,11.615,54045,0
TOR,D,20170131,000000,11.615,12.027,11.615,12.027,50988,0
TOR,D,20170201,000000,11.94,12.001,11.668,11.835,27788,0
TOR,D,20170202,000000,11.835,11.869,11.571,11.825,31159,0
TOR,D,20170203,000000,11.825,11.825,11.51,11.554,10173,0
TOR,D,20170206,000000,11.554,11.554,11.396,11.466,15428,0
TOR,D,20170207,000000,11.528,11.781,11.396,11.651,551575,0
TOR,D,20170208,000000,11.651,11.764,11.502,11.738,16004,0
TOR,D,20170209,000000,11.791,12.247,11.738,11.878,35015,0
TOR,D,20170210,000000,12.273,12.43,12.132,12.132,164831,0
TOR,D,20170213,000000,12.273,12.43,12.036,12.264,96670,0
TOR,D,20170214,000000,12.422,12.43,12.229,12.264,30324,0
TOR,D,20170215,000000,12.264,12.422,12.264,12.413,14489,0
TOR,D,20170216,000000,12.43,12.448,12.229,12.439,19162,0
TOR,D,20170217,000000,12.361,12.361,12.264,12.352,8979,0
TOR,D,20170220,000000,12.352,12.352,12.071,12.202,11441,0
TOR,D,20170221,000000,12.273,12.273,12.053,12.273,18256,0
TOR,D,20170222,000000,12.273,12.413,12.159,12.273,26375,0
TOR,D,20170223,000000,12.404,12.422,12.186,12.361,7566,0
TOR,D,20170224,000000,12.342,12.342,11.966,12.01,21541,0
TOR,D,20170227,000000,12.01,12.01,11.747,11.878,19813,0
TOR,D,20170228,000000,11.835,12.089,11.702,12.089,32265,0
TOR,D,20170301,000000,12.089,12.115,11.755,12.115,16308,0
TOR,D,20170302,000000,12.159,12.342,12.053,12.264,26404,0
TOR,D,20170303,000000,12.255,12.299,12.097,12.167,28594,0
TOR,D,20170306,000000,12.255,12.255,12.097,12.141,12661,0
TOR,D,20170307,000000,12.141,12.141,11.658,11.825,15067,0
TOR,D,20170308,000000,11.431,11.8,11.413,11.641,31762,0
TOR,D,20170309,000000,11.658,12.01,11.58,12.01,17906,0
TOR,D,20170310,000000,12.01,12.01,11.658,12.001,11173,0
TOR,D,20170313,000000,12.097,12.361,12.053,12.186,22714,0
TOR,D,20170314,000000,12.229,12.247,12.097,12.238,9693,0
TOR,D,20170315,000000,12.159,12.159,11.405,11.957,44094,0
TOR,D,20170316,000000,11.957,12.186,11.957,12.167,19510,0
TOR,D,20170317,000000,12.167,12.167,11.764,11.904,20843,0
TOR,D,20170320,000000,12.08,12.08,11.658,11.835,16416,0
TOR,D,20170321,000000,11.835,11.94,11.702,11.712,22223,0
TOR,D,20170322,000000,11.615,11.632,11.045,11.632,26597,0
TOR,D,20170323,000000,11.413,11.413,11.045,11.213,38057,0
TOR,D,20170324,000000,11.23,11.23,10.958,11.22,18223,0
TOR,D,20170327,000000,11.22,11.291,10.958,11.22,21546,0
TOR,D,20170328,000000,11.239,11.239,11.177,11.239,5733,0
TOR,D,20170329,000000,11.308,11.396,11.264,11.308,8069,0
TOR,D,20170330,000000,11.308,11.738,11.133,11.615,24055,0
TOR,D,20170331,000000,11.702,11.702,11.246,11.396,10903,0
TOR,D,20170403,000000,11.571,11.571,11.317,11.396,4184,0
TOR,D,20170404,000000,11.483,11.589,11.308,11.396,5900,0
TOR,D,20170405,000000,11.396,11.702,11.396,11.686,5272,0
TOR,D,20170406,000000,11.694,11.694,11.536,11.554,1518,0
TOR,D,20170407,000000,11.677,11.686,11.387,11.483,14289,0
TOR,D,20170410,000000,11.475,11.475,11.22,11.22,11481,0
TOR,D,20170411,000000,11.141,11.22,11.045,11.168,16554,0
TOR,D,20170412,000000,11.168,11.22,11.064,11.22,9842,0
TOR,D,20170413,000000,11.22,11.22,10.8,11.116,20120,0
TOR,D,20170418,000000,11.107,11.133,10.958,11.116,5788,0
TOR,D,20170419,000000,11.125,11.308,11.09,11.291,24996,0
TOR,D,20170420,000000,11.326,11.326,11.045,11.203,3174,0
TOR,D,20170421,000000,11.308,11.308,11.177,11.264,25839,0
TOR,D,20170424,000000,11.264,11.308,11.22,11.239,1554,0
TOR,D,20170425,000000,11.264,11.264,10.958,10.958,15494,0
TOR,D,20170426,000000,11.177,11.177,10.975,11.125,4522,0
TOR,D,20170427,000000,10.739,11.177,10.739,11.177,23278,0
TOR,D,20170428,000000,11.23,11.3,10.958,11.3,235276,0
TOR,D,20170502,000000,11.308,11.615,11.308,11.598,7498,0
TOR,D,20170504,000000,11.571,11.571,11.352,11.483,7804,0
TOR,D,20170505,000000,11.563,11.563,11.483,11.528,2925,0
TOR,D,20170508,000000,11.528,11.528,11.422,11.51,1367,0
TOR,D,20170509,000000,11.396,11.396,11.22,11.3,3054,0
TOR,D,20170510,000000,11.308,11.475,11.22,11.22,71493,0
TOR,D,20170511,000000,11.483,11.483,11.037,11.308,4705,0
TOR,D,20170512,000000,11.308,11.396,11.23,11.239,8552,0
TOR,D,20170515,000000,11.352,11.352,11.282,11.343,2881,0
TOR,D,20170516,000000,11.396,11.396,11.282,11.369,2125,0
TOR,D,20170517,000000,11.317,11.317,11.09,11.141,3686,0
TOR,D,20170518,000000,11.159,11.159,10.958,10.967,5150,0
TOR,D,20170519,000000,11.22,11.22,10.958,11.054,6128,0
TOR,D,20170522,000000,11.054,11.054,10.922,10.958,3883,0
TOR,D,20170523,000000,10.958,10.958,10.091,10.695,19160,0
TOR,D,20170524,000000,10.37,10.87,10.37,10.87,17670,0
TOR,D,20170525,000000,10.87,10.87,10.826,10.87,2190,0
TOR,D,20170526,000000,10.87,10.87,10.861,10.87,239,0
TOR,D,20170529,000000,10.87,10.897,10.756,10.897,2053,0
TOR,D,20170530,000000,10.879,10.897,10.616,10.897,6002,0
TOR,D,20170531,000000,10.958,10.958,10.616,10.931,11597,0
TOR,D,20170601,000000,10.931,10.931,10.747,10.844,5187,0
TOR,D,20170602,000000,10.888,10.888,10.739,10.782,4252,0
TOR,D,20170605,000000,10.914,10.914,10.713,10.713,1425,0
TOR,D,20170606,000000,10.852,10.852,10.695,10.713,65919,0
TOR,D,20170607,000000,10.87,10.87,10.669,10.73,4790,0
TOR,D,20170608,000000,10.713,10.765,10.669,10.739,3019,0
TOR,D,20170609,000000,10.87,10.87,10.8,10.852,6155,0
TOR,D,20170612,000000,10.87,10.949,10.678,10.774,53707,0
TOR,D,20170613,000000,10.695,10.739,10.652,10.739,9113,0
TOR,D,20170614,000000,10.966,11.139,10.948,11.102,10623,0
TOR,D,20170616,000000,11.139,11.139,11.084,11.084,1897,0
TOR,D,20170619,000000,11.185,11.185,11.003,11.048,1694,0
TOR,D,20170620,000000,11.038,11.084,10.939,11.003,1885,0
TOR,D,20170621,000000,11.084,11.084,10.83,10.929,13454,0
TOR,D,20170622,000000,10.784,10.875,10.73,10.875,8047,0
TOR,D,20170623,000000,10.747,10.857,10.747,10.857,2568,0
TOR,D,20170626,000000,10.875,11.429,10.875,11.429,20457,0
TOR,D,20170627,000000,11.402,11.648,11.393,11.621,5035,0
TOR,D,20170628,000000,11.53,11.73,11.366,11.73,13453,0
TOR,D,20170629,000000,11.803,11.811,11.639,11.72,65669,0
TOR,D,20170630,000000,11.702,11.702,11.548,11.639,2795,0
TOR,D,20170703,000000,11.639,11.639,11.548,11.639,18123,0
TOR,D,20170704,000000,11.639,11.639,11.539,11.539,3783,0
TOR,D,20170705,000000,11.457,11.539,11.375,11.539,5831,0
TOR,D,20170706,000000,11.548,11.629,11.539,11.611,30440,0
TOR,D,20170707,000000,11.594,11.594,11.22,11.439,7304,0
TOR,D,20170710,000000,11.594,11.594,11.412,11.412,2173,0
TOR,D,20170711,000000,11.685,11.685,11.375,11.412,4548,0
TOR,D,20170712,000000,11.584,11.584,11.384,11.475,4668,0
TOR,D,20170713,000000,11.466,11.466,11.321,11.357,1877,0
TOR,D,20170714,000000,11.366,11.594,11.357,11.429,9642,0
TOR,D,20170717,000000,11.429,11.457,11.293,11.366,6419,0
TOR,D,20170718,000000,11.366,11.402,11.185,11.22,9243,0
TOR,D,20170719,000000,11.156,11.366,11.139,11.266,4609,0
TOR,D,20170720,000000,11.402,11.402,11.202,11.202,59763,0
TOR,D,20170721,000000,11.275,11.275,11.193,11.22,2479,0
TOR,D,20170724,000000,11.22,11.23,11.185,11.23,10155,0
TOR,D,20170725,000000,11.275,11.275,11.139,11.22,7879,0
TOR,D,20170726,000000,11.275,11.776,11.257,11.776,297220,0
TOR,D,20170727,000000,11.811,12.139,11.793,12.003,41205,0
TOR,D,20170728,000000,12.084,12.276,12.003,12.23,29942,0
TOR,D,20170731,000000,12.338,12.338,12.048,12.248,30966,0
TOR,D,20170801,000000,12.185,12.185,11.993,12.139,5047,0
TOR,D,20170802,000000,12.175,12.175,11.984,12.003,39047,0
TOR,D,20170803,000000,12.003,12.003,11.821,11.912,41714,0
TOR,D,20170804,000000,11.966,12.23,11.912,11.993,20840,0
TOR,D,20170807,000000,12.185,12.367,11.993,12.003,120305,0
TOR,D,20170808,000000,12.421,12.421,11.912,12.003,22255,0
TOR,D,20170809,000000,12.311,12.375,12.003,12.157,20242,0
TOR,D,20170810,000000,12.22,12.22,11.793,11.793,11445,0
TOR,D,20170811,000000,11.912,11.912,11.648,11.776,3251,0
TOR,D,20170814,000000,11.811,11.811,11.457,11.457,15983,0
TOR,D,20170816,000000,11.629,11.648,11.275,11.484,13854,0
TOR,D,20170817,000000,11.639,11.639,11.484,11.575,6343,0
TOR,D,20170818,000000,11.639,11.776,11.384,11.639,11817,0
TOR,D,20170821,000000,11.685,11.739,11.457,11.548,8582,0
TOR,D,20170822,000000,11.557,11.557,11.412,11.439,21409,0
TOR,D,20170823,000000,11.429,11.439,11.321,11.366,10336,0
TOR,D,20170824,000000,11.348,11.412,11.321,11.366,44890,0
TOR,D,20170825,000000,11.685,11.685,11.366,11.375,11236,0
TOR,D,20170828,000000,11.375,11.384,11.202,11.239,32777,0
TOR,D,20170829,000000,11.23,11.23,10.912,10.912,16696,0
TOR,D,20170830,000000,10.902,10.912,10.639,10.666,29288,0
TOR,D,20170831,000000,10.639,10.639,10.475,10.565,81221,0
TOR,D,20170901,000000,10.557,10.912,10.484,10.739,87826,0
TOR,D,20170904,000000,10.739,11.03,10.656,10.948,96195,0
TOR,D,20170905,000000,10.912,11.038,10.866,10.866,24847,0
TOR,D,20170906,000000,10.73,10.866,10.693,10.857,13229,0
TOR,D,20170907,000000,10.929,10.929,10.866,10.893,5632,0
TOR,D,20170908,000000,10.929,10.929,10.73,10.766,3076,0
TOR,D,20170911,000000,10.811,10.957,10.793,10.957,25227,0
TOR,D,20170912,000000,10.966,11.003,10.957,10.993,8102,0
TOR,D,20170913,000000,11.075,11.075,10.939,10.957,171129,0
TOR,D,20170914,000000,11.084,11.084,10.866,10.984,394443,0
TOR,D,20170915,000000,11.048,11.084,10.975,11.038,3248,0
TOR,D,20170918,000000,11.075,11.185,11.03,11.066,7347,0
TOR,D,20170919,000000,10.939,11.111,10.939,11.048,9988,0
TOR,D,20170920,000000,11.139,11.139,10.747,10.821,12194,0
TOR,D,20170921,000000,10.893,10.912,10.793,10.821,16781,0
TOR,D,20170922,000000,10.984,10.984,10.72,10.73,5986,0
TOR,D,20170925,000000,10.893,10.893,10.739,10.838,11385,0
TOR,D,20170926,000000,10.893,10.893,10.594,10.73,6646,0
TOR,D,20170927,000000,10.73,10.73,10.548,10.639,29030,0
TOR,D,20170928,000000,10.73,10.73,10.475,10.475,8896,0
TOR,D,20170929,000000,10.73,10.73,10.548,10.684,2120,0
TOR,D,20171002,000000,10.811,10.912,10.639,10.784,5600,0
TOR,D,20171003,000000,10.684,10.83,10.684,10.739,4495,0
TOR,D,20171004,000000,10.893,10.893,10.73,10.757,597,0
TOR,D,20171005,000000,10.557,10.575,10.457,10.565,5901,0
TOR,D,20171006,000000,10.275,10.42,9.838,10.184,5120,0
TOR,D,20171009,000000,10.23,10.348,10.184,10.184,8529,0
TOR,D,20171010,000000,10.247,10.275,10.184,10.266,3692,0
TOR,D,20171011,000000,10.266,10.266,10.184,10.266,4025,0
TOR,D,20171012,000000,10.275,10.275,10.048,10.148,5571,0
TOR,D,20171013,000000,10.266,10.266,10.03,10.247,2479,0
TOR,D,20171016,000000,10.275,10.275,10.184,10.266,2890,0
TOR,D,20171017,000000,10.275,10.366,10.193,10.357,698,0
TOR,D,20171018,000000,10.357,10.357,10.184,10.257,1280,0
TOR,D,20171019,000000,10.275,10.275,10.084,10.084,34058,0
TOR,D,20171020,000000,10.275,10.275,10.048,10.048,6073,0
TOR,D,20171023,000000,10.129,10.129,9.939,9.939,4572,0
TOR,D,20171024,000000,10.002,10.002,9.0925,9.0925,39367,0
TOR,D,20171025,000000,9.2651,9.2651,8.3926,8.6927,31462,0
TOR,D,20171026,000000,8.7291,8.7291,8.2017,8.2653,55040,0
TOR,D,20171027,000000,8.1926,8.2653,8.0926,8.1744,39534,0
TOR,D,20171030,000000,8.1835,8.1926,7.9562,7.9562,30995,0
TOR,D,20171031,000000,8.0471,8.0471,7.6198,7.6379,35170,0
TOR,D,20171102,000000,7.7289,7.7289,7.4561,7.4561,28732,0
TOR,D,20171103,000000,7.6016,7.6016,7.2288,7.2288,270285,0
TOR,D,20171106,000000,7.2652,7.3379,6.756,6.7742,69782,0
TOR,D,20171107,000000,6.8196,6.956,6.6013,6.6195,165030,0
TOR,D,20171108,000000,6.7287,6.7287,6.4286,6.5468,31700,0
TOR,D,20171109,000000,6.6377,6.856,6.5013,6.8105,44789,0
TOR,D,20171110,000000,6.8196,7.0469,6.6377,6.7014,153199,0
TOR,D,20171113,000000,6.9106,7.1288,6.8196,7.0469,40777,0
TOR,D,20171114,000000,7.2197,7.2197,6.8196,6.8196,61300,0
TOR,D,20171115,000000,6.9924,6.9924,6.6468,6.7196,63997,0
TOR,D,20171116,000000,6.7742,6.8378,6.6468,6.8196,33596,0
TOR,D,20171117,000000,6.8196,6.9287,6.7924,6.8287,60009,0
TOR,D,20171120,000000,6.8742,7.0469,6.8651,6.956,53717,0
TOR,D,20171121,000000,6.9651,7.2106,6.9015,7.0197,34437,0
TOR,D,20171122,000000,6.8196,7.5016,6.8196,7.5016,132587,0
TOR,D,20171123,000000,7.7198,8.2744,7.6834,7.9289,119973,0
TOR,D,20171124,000000,7.9562,8.0471,7.7743,7.7743,25795,0
TOR,D,20171127,000000,7.8016,8.0926,7.7289,7.9107,12448,0
TOR,D,20171128,000000,7.9562,8.1926,7.6198,7.6379,46059,0
TOR,D,20171129,000000,7.6652,7.8198,7.3652,7.3743,22081,0
TOR,D,20171130,000000,7.3652,7.5106,7.3652,7.4561,2892,0
TOR,D,20171201,000000,7.4561,7.9925,7.3652,7.4561,19860,0
TOR,D,20171204,000000,7.547,7.5743,7.3743,7.5743,4121,0
TOR,D,20171205,000000,7.547,7.6288,7.4561,7.4561,6262,0
TOR,D,20171206,000000,7.4561,7.4561,7.0924,7.1924,17439,0
TOR,D,20171207,000000,7.1924,7.2742,7.1015,7.1742,28200,0
TOR,D,20171208,000000,7.3197,7.5197,7.2379,7.3015,21321,0
TOR,D,20171211,000000,7.3015,7.3652,7.3015,7.3652,17689,0
TOR,D,20171212,000000,7.3652,7.3743,7.1833,7.2652,21485,0
TOR,D,20171213,000000,7.2288,7.3652,7.1288,7.3561,12335,0
TOR,D,20171214,000000,7.4561,7.4561,7.2288,7.3288,11636,0
TOR,D,20171215,000000,7.3834,7.4561,7.1379,7.2742,15493,0
TOR,D,20171218,000000,7.2742,7.2742,7.0833,7.1833,12129,0
TOR,D,20171219,000000,7.2015,7.2015,6.7924,6.8924,31090,0
TOR,D,20171220,000000,6.9015,7.0288,6.7014,6.8196,32515,0
TOR,D,20171221,000000,6.8196,6.8196,6.665,6.7469,48840,0
TOR,D,20171222,000000,6.7105,6.7287,6.474,6.5922,115937,0
TOR,D,20171227,000000,6.5922,6.6559,6.4558,6.5195,45952,0
TOR,D,20171228,000000,6.5922,6.7742,6.4558,6.7742,61320,0
TOR,D,20171229,000000,6.7924,7.1833,6.7924,7.1833,55186,0
TOR,D,20180103,000000,7.2015,7.4379,7.1288,7.3834,33022,0
TOR,D,20180104,000000,7.5106,7.5106,7.2742,7.4743,38570,0
TOR,D,20180105,000000,7.5106,7.6016,7.3652,7.4197,29919,0
TOR,D,20180108,000000,7.4015,7.5834,7.3834,7.4197,26646,0
TOR,D,20180109,000000,7.5288,7.547,7.4743,7.4925,6440,0
TOR,D,20180110,000000,7.5106,7.5106,7.2924,7.4561,32690,0
TOR,D,20180111,000000,7.4561,7.5106,7.2924,7.5106,4960,0
TOR,D,20180112,000000,7.5106,7.5106,7.4561,7.4743,4347,0
TOR,D,20180115,000000,7.4743,7.5106,7.2742,7.3106,20092,0
TOR,D,20180116,000000,7.4925,7.5288,7.347,7.4197,7229,0
TOR,D,20180117,000000,7.5106,7.5106,7.2924,7.3652,9386,0
TOR,D,20180118,000000,7.3652,7.3652,7.2924,7.3288,14226,0
TOR,D,20180119,000000,7.4925,7.4925,7.3834,7.3834,3123,0
TOR,D,20180122,000000,7.4197,7.8198,7.4197,7.6743,63158,0
TOR,D,20180123,000000,7.6379,7.747,7.4015,7.4561,210065,0
TOR,D,20180124,000000,7.6198,7.6198,7.4197,7.4197,7369,0
TOR,D,20180125,000000,7.4561,7.4561,7.2924,7.3106,15698,0
TOR,D,20180126,000000,7.4561,7.4561,7.2924,7.4197,3165,0
TOR,D,20180129,000000,7.4197,7.4197,7.2742,7.3652,12692,0
TOR,D,20180130,000000,7.4197,7.4197,7.2379,7.2379,14067,0
TOR,D,20180131,000000,7.347,7.347,7.1288,7.2742,41072,0
TOR,D,20180201,000000,7.347,7.347,7.2015,7.2561,14916,0
TOR,D,20180202,000000,7.347,7.347,7.1833,7.2561,4296,0
TOR,D,20180205,000000,7.2561,7.2742,7.147,7.2379,8175,0
TOR,D,20180206,000000,6.9469,7.0015,6.5649,6.8196,103274,0
TOR,D,20180207,000000,7.0742,7.0742,6.7651,6.9651,21512,0
TOR,D,20180208,000000,7.056,7.056,6.6559,6.8196,10453,0
TOR,D,20180209,000000,6.6195,6.7469,6.6195,6.7105,15279,0
TOR,D,20180212,000000,6.8196,7.0015,6.7287,6.9833,134518,0
TOR,D,20180213,000000,7.0015,7.1651,6.9833,7.0742,13746,0
TOR,D,20180214,000000,7.0924,7.4197,7.0924,7.2742,46330,0
TOR,D,20180215,000000,7.4015,7.4197,7.2379,7.3106,18873,0
TOR,D,20180216,000000,7.3652,7.3652,7.1833,7.2742,10578,0
TOR,D,20180219,000000,7.3288,7.3288,7.2197,7.2561,15179,0
TOR,D,20180220,000000,7.347,7.347,7.1833,7.2742,979,0
TOR,D,20180221,000000,7.2561,7.2561,7.0197,7.2379,6735,0
TOR,D,20180222,000000,7.2197,7.4925,7.056,7.4743,44815,0
TOR,D,20180223,000000,7.4379,7.4379,7.2742,7.4379,3203,0
TOR,D,20180226,000000,7.4379,7.4561,7.2197,7.2561,6735,0
TOR,D,20180227,000000,7.2561,7.2742,7.2015,7.2742,1933,0
TOR,D,20180228,000000,7.2742,7.3652,7.0742,7.3652,10758,0
TOR,D,20180301,000000,7.3652,7.3652,7.1106,7.1833,3523,0
TOR,D,20180302,000000,7.1833,7.1833,7.1106,7.1651,1934,0
TOR,D,20180305,000000,7.1651,7.1651,7.0197,7.0197,2898,0
TOR,D,20180306,000000,7.0378,7.1288,7.0378,7.0742,57054,0
TOR,D,20180307,000000,7.1833,7.1833,7.0924,7.1833,1449,0
TOR,D,20180308,000000,7.1833,7.1833,7.147,7.1651,392,0
TOR,D,20180309,000000,7.1833,7.1833,7.0924,7.1651,844,0
TOR,D,20180312,000000,7.1651,7.2742,7.0924,7.2742,10451,0
TOR,D,20180313,000000,7.2561,7.2561,7.1288,7.1833,1473,0
TOR,D,20180314,000000,7.147,7.1651,7.0015,7.1651,8441,0
TOR,D,20180315,000000,7.1651,7.1651,6.6559,7.1106,15648,0
TOR,D,20180316,000000,7.1288,7.1288,7.0015,7.0015,1607,0
TOR,D,20180319,000000,7.0015,7.0924,6.9106,6.9106,5148,0
TOR,D,20180320,000000,6.6741,7.0924,6.5831,6.9833,33649,0
TOR,D,20180321,000000,7.0742,7.0742,6.9106,7.056,7793,0
TOR,D,20180322,000000,7.0742,7.0742,6.9106,7.056,2093,0
TOR,D,20180323,000000,7.056,7.1651,6.8924,7.0378,8284,0
TOR,D,20180326,000000,7.0378,7.0378,6.8196,6.8742,16340,0
TOR,D,20180327,000000,6.8924,6.8924,6.8196,6.856,9684,0
TOR,D,20180328,000000,6.856,6.9469,6.6559,6.8196,20149,0
TOR,D,20180329,000000,6.9106,6.9106,6.7105,6.7287,32571,0
TOR,D,20180403,000000,6.8378,6.8378,6.7651,6.8378,5222,0
TOR,D,20180404,000000,6.8378,6.9469,6.7287,6.7287,15072,0
TOR,D,20180405,000000,6.8378,6.8378,6.6741,6.8378,1955,0
TOR,D,20180406,000000,6.8378,6.8378,6.6741,6.6741,5015,0
TOR,D,20180409,000000,6.6741,6.7287,6.6013,6.6013,3522,0
TOR,D,20180410,000000,6.6013,6.7287,6.6013,6.6377,7657,0
TOR,D,20180411,000000,6.6013,6.7651,6.6013,6.6195,8076,0
TOR,D,20180412,000000,6.7287,6.7651,6.7287,6.7287,2201,0
TOR,D,20180413,000000,6.7105,6.8014,6.6195,6.6195,13236,0
TOR,D,20180416,000000,6.6377,7.1651,6.6377,6.7287,8050,0
TOR,D,20180417,000000,6.6559,6.7287,6.6377,6.6741,6865,0
TOR,D,20180418,000000,6.6377,6.6559,6.6377,6.6559,516,0
TOR,D,20180419,000000,6.7287,6.7287,6.6195,6.6559,4631,0
TOR,D,20180420,000000,6.7287,6.7287,6.6013,6.6741,258345,0
TOR,D,20180423,000000,6.7105,6.7105,6.6377,6.6377,2512,0
TOR,D,20180424,000000,6.6377,6.9833,6.6013,6.7651,20826,0
TOR,D,20180425,000000,6.8924,6.8924,6.7469,6.8742,17485,0
TOR,D,20180426,000000,6.856,6.856,6.6923,6.8196,1065,0
TOR,D,20180427,000000,6.856,6.856,6.5468,6.5468,181499,0
TOR,D,20180430,000000,6.5468,6.5649,5.9467,6.3649,55344,0
TOR,D,20180502,000000,6.5468,6.9469,6.3285,6.8196,56960,0
TOR,D,20180504,000000,6.856,6.8742,6.6923,6.8742,2162,0
TOR,D,20180507,000000,6.7287,6.856,6.5831,6.856,10881,0
TOR,D,20180508,000000,6.8196,6.8196,6.3104,6.3649,17609,0
TOR,D,20180509,000000,6.3649,6.4922,6.2013,6.3649,45626,0
TOR,D,20180510,000000,6.3649,6.3649,6.0012,6.3467,20455,0
TOR,D,20180511,000000,6.3467,6.3649,6.1649,6.2013,64264,0
TOR,D,20180514,000000,6.2013,6.2013,5.583,5.7285,49997,0
TOR,D,20180515,000000,5.6375,5.7648,5.0738,5.6739,86669,0
TOR,D,20180516,000000,5.6375,5.6375,5.292,5.3284,103438,0
TOR,D,20180517,000000,5.292,5.292,5.0011,5.1102,15708,0
TOR,D,20180518,000000,5.1102,5.3284,4.9647,5.0011,86071,0
TOR,D,20180521,000000,4.9647,5.1829,4.9647,5.1829,18780,0
TOR,D,20180522,000000,5.1829,5.983,5.1102,5.783,13733,0
TOR,D,20180523,000000,5.8194,5.8194,5.3648,5.6921,23171,0
TOR,D,20180524,000000,5.7103,5.7103,5.4557,5.6921,14354,0
TOR,D,20180525,000000,5.7285,5.8194,5.6012,5.8194,6932,0
TOR,D,20180528,000000,5.7648,5.9103,5.4375,5.9103,47203,0
TOR,D,20180529,000000,5.983,5.983,5.6375,5.8921,4994,0
TOR,D,20180530,000000,5.983,5.983,5.3648,5.3648,89664,0
TOR,D,20180601,000000,5.4557,5.4739,5.3102,5.4557,95811,0
TOR,D,20180604,000000,5.5466,5.5466,5.3648,5.3648,4230,0
TOR,D,20180605,000000,5.3648,5.3648,5.1829,5.1829,4612,0
TOR,D,20180606,000000,5.1465,5.2557,5.1465,5.1829,2631,0
TOR,D,20180607,000000,5.1647,5.1829,5.1647,5.1829,5321,0
TOR,D,20180608,000000,5.1647,5.3466,5.092,5.092,29843,0
TOR,D,20180611,000000,5.1647,5.1829,5.092,5.1829,14018,0
TOR,D,20180612,000000,5.2011,5.3648,5.0556,5.1647,8243,0
TOR,D,20180613,000000,5.1647,5.1647,5.0374,5.092,8439,0
TOR,D,20180614,000000,5.092,5.092,4.6373,4.8192,17343,0
TOR,D,20180615,000000,4.7282,4.7282,4.6009,4.6555,58255,0
TOR,D,20180618,000000,4.6373,4.6555,4.6191,4.6191,17944,0
TOR,D,20180619,000000,4.6373,4.6373,4.2736,4.6373,24234,0
TOR,D,20180620,000000,4.7282,4.7282,4.4554,4.5464,17498,0
TOR,D,20180621,000000,4.7282,4.7282,4.4009,4.4463,25388,0
TOR,D,20180622,000000,4.4463,4.4463,4.31,4.3645,17261,0
TOR,D,20180625,000000,4.3281,4.3372,4.1827,4.2554,11608,0
TOR,D,20180626,000000,4.2918,4.2918,4.0008,4.0826,45658,0
TOR,D,20180627,000000,4.0463,4.0917,4.0463,4.0917,3008,0
TOR,D,20180628,000000,4.0917,4.5009,4.0917,4.4009,10057,0
TOR,D,20180629,000000,4.4009,4.5464,4.3645,4.4554,5592,0
TOR,D,20180702,000000,4.5373,4.5464,4.4645,4.5464,2243,0
TOR,D,20180703,000000,4.4645,4.5373,4.2827,4.3645,5515,0
TOR,D,20180704,000000,4.5282,4.5282,4.2736,4.2736,8664,0
TOR,D,20180705,000000,4.1827,4.2645,4.1827,4.2645,132,0
TOR,D,20180706,000000,4.2008,4.5282,4.2008,4.5009,128056,0
TOR,D,20180709,000000,4.5282,4.5464,4.3918,4.3918,59779,0
TOR,D,20180710,000000,4.5373,4.5464,4.2554,4.319,221819,0
TOR,D,20180711,000000,4.5191,4.5191,4.3009,4.319,2876,0
TOR,D,20180712,000000,4.5009,4.5827,4.3463,4.4736,17880,0
TOR,D,20180713,000000,4.3918,4.3918,4.319,4.3645,142790,0
TOR,D,20180716,000000,4.5464,4.5464,4.2554,4.2827,1017009,0
TOR,D,20180717,000000,4.2736,4.41,4.219,4.219,19219,0
TOR,D,20180718,000000,4.219,4.2281,4.1827,4.219,5612,0
TOR,D,20180719,000000,4.2736,4.2736,4.0917,4.0917,24310,0
TOR,D,20180720,000000,4.0554,4.3918,4.0463,4.0917,23929,0
TOR,D,20180723,000000,4.0917,4.319,4.0554,4.319,32090,0
TOR,D,20180724,000000,4.31,4.7464,4.2008,4.7464,427244,0
TOR,D,20180725,000000,4.9101,5.0374,4.6555,4.6555,159127,0
TOR,D,20180726,000000,4.7646,4.801,4.6555,4.6555,29677,0
TOR,D,20180727,000000,4.7828,4.801,4.31,4.3645,202693,0
TOR,D,20180730,000000,4.4282,5.1647,4.4282,4.9101,288046,0
TOR,D,20180731,000000,5.0738,5.2375,4.8192,4.9101,300124,0
TOR,D,20180801,000000,5.0374,5.2738,4.8556,5.0556,182637,0
TOR,D,20180802,000000,5.1465,5.1465,4.8738,4.892,96397,0
TOR,D,20180803,000000,4.9647,4.9647,4.8192,4.9101,26006,0
TOR,D,20180806,000000,4.9647,5.4557,4.9101,5.4557,177089,0
TOR,D,20180807,000000,5.583,5.8739,5.5102,5.7285,195166,0
TOR,D,20180808,000000,5.8012,5.983,5.5466,5.5466,107879,0
TOR,D,20180809,000000,5.4557,5.7648,5.4375,5.4739,87187,0
TOR,D,20180810,000000,5.7285,5.7285,5.3648,5.4557,23139,0
TOR,D,20180813,000000,5.4375,5.4375,5.1284,5.4375,67174,0
TOR,D,20180814,000000,5.4375,5.5466,5.2738,5.3466,24755,0
TOR,D,20180816,000000,5.4193,5.4375,5.3102,5.4011,8806,0
TOR,D,20180817,000000,5.4011,5.4193,4.9647,5.4193,59757,0
TOR,D,20180820,000000,5.4557,5.4557,5.3829,5.4011,921,0
TOR,D,20180821,000000,5.4193,5.5466,5.2375,5.5102,33735,0
TOR,D,20180822,000000,5.5648,5.6375,5.3648,5.4921,40929,0
TOR,D,20180823,000000,5.4921,5.5102,5.3466,5.3466,12848,0
TOR,D,20180824,000000,5.3466,5.4557,4.9101,5.0193,92753,0
TOR,D,20180827,000000,5.0011,5.0011,4.6191,4.6918,125507,0
TOR,D,20180828,000000,4.6736,4.8556,4.5464,4.6555,99513,0
TOR,D,20180829,000000,4.6555,4.9647,4.5464,4.9465,75835,0
TOR,D,20180830,000000,4.9465,5.1102,4.9465,5.1102,32964,0
TOR,D,20180831,000000,5.1647,5.1829,4.9465,5.1829,24241,0
TOR,D,20180903,000000,5.1829,5.3102,5.1102,5.3102,22152,0
TOR,D,20180904,000000,5.2557,5.2557,5.0556,5.092,49729,0
TOR,D,20180905,000000,5.1647,5.1647,4.9465,5.0011,23338,0
TOR,D,20180906,000000,5.0738,5.0738,4.5827,4.7282,65008,0
TOR,D,20180907,000000,4.9101,4.9101,4.5464,4.6555,16160,0
TOR,D,20180910,000000,4.6555,4.7828,4.5645,4.7646,10545,0
TOR,D,20180911,000000,4.892,4.892,4.5464,4.5464,40752,0
TOR,D,20180912,000000,4.5464,4.801,4.5191,4.71,13610,0
TOR,D,20180913,000000,4.71,4.71,4.6736,4.71,878,0
TOR,D,20180914,000000,4.6191,4.6191,4.3827,4.5373,57159,0
TOR,D,20180917,000000,4.6736,4.6736,4.5464,4.5464,4886,0
TOR,D,20180918,000000,4.5464,4.5464,4.5464,4.5464,2351,0
TOR,D,20180919,000000,4.5827,4.5827,4.4736,4.5645,2121,0
TOR,D,20180920,000000,4.5827,4.5827,4.4554,4.5645,6337,0
TOR,D,20180921,000000,4.5645,4.892,4.5645,4.7464,3372,0
TOR,D,20180924,000000,4.8556,4.8556,4.5464,4.7464,5453,0
TOR,D,20180925,000000,4.801,5.1465,4.51,5.1465,29346,0
TOR,D,20180926,000000,5.0738,5.092,4.6736,4.71,54249,0
TOR,D,20180927,000000,4.71,4.801,4.4372,4.5282,111365,0
TOR,D,20180928,000000,4.4372,4.5464,4.4191,4.4736,12444,0
TOR,D,20181001,000000,4.5282,4.6009,4.4554,4.6009,6450,0
TOR,D,20181002,000000,4.5645,4.5645,4.4736,4.5282,3570,0
TOR,D,20181003,000000,4.5282,4.5373,4.3463,4.3463,51405,0
TOR,D,20181004,000000,4.4736,4.4736,4.219,4.3554,1476,0
TOR,D,20181005,000000,4.3554,4.3554,4.2827,4.2918,4621,0
TOR,D,20181008,000000,4.3009,4.4191,4.2736,4.4009,7613,0
TOR,D,20181009,000000,4.4009,4.6191,4.3645,4.5464,8144,0
TOR,D,20181010,000000,4.5464,4.5464,4.4282,4.4918,3963,0
TOR,D,20181011,000000,4.4736,4.4736,4.3009,4.4372,6237,0
TOR,D,20181012,000000,4.4372,4.4372,4.31,4.4191,327,0
TOR,D,20181015,000000,4.4463,4.4463,4.2372,4.2463,18882,0
TOR,D,20181016,000000,4.2372,4.3372,4.2281,4.3372,7769,0
TOR,D,20181017,000000,4.2463,4.6373,4.2463,4.319,36454,0
TOR,D,20181018,000000,4.2827,4.4554,4.2827,4.4554,276,0
TOR,D,20181019,000000,4.4554,4.4554,4.2554,4.2827,22424,0
TOR,D,20181022,000000,4.2554,4.2918,4.1645,4.1736,29573,0
TOR,D,20181023,000000,4.1827,4.1827,3.819,4.0008,35717,0
TOR,D,20181024,000000,3.9917,3.9917,3.6553,3.7644,55474,0
TOR,D,20181025,000000,3.728,3.728,3.4735,3.5462,61948,0
TOR,D,20181026,000000,3.6371,3.6371,3.5462,3.6189,9616,0
TOR,D,20181029,000000,3.628,3.628,3.2825,3.3189,50317,0
TOR,D,20181030,000000,3.3644,3.5371,3.2825,3.2825,265731,0
TOR,D,20181031,000000,3.3371,3.3371,3.1007,3.1825,172169,0
TOR,D,20181102,000000,3.2643,3.2643,3.137,3.1461,55794,0
TOR,D,20181105,000000,3.2189,3.2552,3.137,3.1825,57956,0
TOR,D,20181106,000000,3.1825,3.2189,3.0552,3.0916,49835,0
TOR,D,20181107,000000,3.0825,3.1825,2.9825,3.0188,75839,0
TOR,D,20181108,000000,3.0188,3.1007,2.937,2.937,92735,0
TOR,D,20181109,000000,3.0825,3.0825,2.8369,2.9279,77347,0
TOR,D,20181113,000000,2.9825,3.0552,2.8551,2.8642,37799,0
TOR,D,20181114,000000,2.937,2.937,2.746,2.746,62123,0
TOR,D,20181115,000000,2.8551,2.9643,2.746,2.9461,150744,0
TOR,D,20181116,000000,3.0098,3.2462,2.9461,2.9461,258124,0
TOR,D,20181119,000000,2.9734,3.1098,2.9461,3.0007,103411,0
TOR,D,20181120,000000,3.0098,3.1189,3.0007,3.0825,62994,0
TOR,D,20181121,000000,3.1189,3.1643,3.0461,3.1643,14553,0
TOR,D,20181122,000000,3.2916,3.5098,3.2643,3.4644,122596,0
TOR,D,20181123,000000,3.5007,3.6189,3.3916,3.5462,83705,0
TOR,D,20181126,000000,3.5917,3.6917,3.4553,3.5007,119451,0
TOR,D,20181127,000000,3.5371,4.0554,3.4826,3.728,190303,0
TOR,D,20181128,000000,3.8099,3.9554,3.7735,3.9554,56682,0
TOR,D,20181129,000000,4.0008,4.1463,3.8917,4.1008,107855,0
TOR,D,20181130,000000,4.1099,4.1463,4.0008,4.0463,39710,0
TOR,D,20181203,000000,4.1281,4.2554,4.119,4.1918,39647,0
TOR,D,20181204,000000,4.2008,4.2008,4.0826,4.1827,17514,0
TOR,D,20181205,000000,4.0736,4.1827,4.0372,4.1372,29392,0
TOR,D,20181206,000000,4.1645,4.1645,4.0372,4.0463,31706,0
TOR,D,20181207,000000,4.0463,4.1645,4.019,4.0917,45458,0
TOR,D,20181210,000000,4.0463,4.0917,3.9826,4.0554,21422,0
TOR,D,20181211,000000,4.0736,4.1827,4.019,4.1827,23718,0
TOR,D,20181212,000000,4.1827,4.41,4.1645,4.2008,36342,0
TOR,D,20181213,000000,4.2463,4.2463,4.0463,4.1827,23311,0
TOR,D,20181214,000000,4.2008,4.2008,3.8735,3.9826,42951,0
TOR,D,20181217,000000,3.9463,4.1281,3.7826,4.1281,72842,0
TOR,D,20181218,000000,4.0917,4.3009,4.0099,4.2736,58302,0
TOR,D,20181219,000000,4.2736,4.3009,4.0917,4.1372,35805,0
TOR,D,20181220,000000,4.1827,4.1827,4.019,4.0463,17983,0
TOR,D,20181221,000000,4.0826,4.0826,3.8008,3.9099,121151,0
TOR,D,20181227,000000,3.9826,3.9826,3.8008,3.9099,12145,0
TOR,D,20181228,000000,3.9735,3.9735,3.8644,3.9554,22553,0
TOR,D,20190102,000000,4.0463,4.0736,3.9554,4.0736,24725,0
TOR,D,20190103,000000,4.0736,4.0736,3.9099,3.9554,59098,0
TOR,D,20190104,000000,4.0645,4.0736,3.9099,3.9372,26836,0
TOR,D,20190107,000000,3.9554,4.0463,3.9463,4.0372,11047,0
TOR,D,20190108,000000,4.0463,4.3554,4.0463,4.3372,75416,0
TOR,D,20190109,000000,4.3554,4.4372,4.31,4.3554,33787,0
TOR,D,20190110,000000,4.3554,4.3645,4.2736,4.3645,14190,0
TOR,D,20190111,000000,4.3645,4.4191,4.3281,4.3372,22372,0
TOR,D,20190114,000000,4.4009,4.4009,4.1554,4.1554,31758,0
TOR,D,20190115,000000,4.1554,4.3281,4.1372,4.2827,40072,0
TOR,D,20190116,000000,4.2827,4.3645,4.2554,4.3645,14307,0
TOR,D,20190117,000000,4.3645,4.41,4.2736,4.3009,46656,0
TOR,D,20190118,000000,4.3645,4.3645,4.2554,4.2736,69998,0
TOR,D,20190121,000000,4.2281,4.31,4.2281,4.2736,2195,0
TOR,D,20190122,000000,4.2736,4.2736,4.2008,4.219,10590,0
TOR,D,20190123,000000,4.2008,4.2736,4.1827,4.2281,20047,0
TOR,D,20190124,000000,4.31,4.31,4.1827,4.2736,13183,0
TOR,D,20190125,000000,4.2736,4.31,4.1645,4.31,14543,0
TOR,D,20190128,000000,4.2736,4.2918,4.219,4.2281,13406,0
TOR,D,20190129,000000,4.1372,4.1918,4.1099,4.1736,13433,0
TOR,D,20190130,000000,4.2372,4.2372,4.1281,4.1372,4320,0
TOR,D,20190131,000000,4.1372,4.1918,4.0463,4.1918,23149,0
TOR,D,20190201,000000,4.2008,4.219,4.0917,4.219,4414,0
TOR,D,20190204,000000,4.219,4.41,4.1645,4.2736,39585,0
TOR,D,20190205,000000,4.2736,4.5282,4.1827,4.3918,41479,0
TOR,D,20190206,000000,4.4009,4.4645,4.3281,4.4554,37052,0
TOR,D,20190207,000000,4.4372,4.4372,4.3645,4.3645,13198,0
TOR,D,20190208,000000,4.4009,4.4372,4.3554,4.4282,16888,0
TOR,D,20190211,000000,4.4554,4.71,4.3918,4.71,140582,0
TOR,D,20190212,000000,4.8374,5.0193,4.71,4.8556,67000,0
TOR,D,20190213,000000,4.8556,4.8738,4.6373,4.7646,41659,0
TOR,D,20190214,000000,4.7828,4.7828,4.5645,4.6009,21666,0
TOR,D,20190215,000000,4.71,4.8374,4.5009,4.7464,57697,0
TOR,D,20190218,000000,4.7646,4.9647,4.7646,4.8738,33284,0
TOR,D,20190219,000000,4.7828,4.7828,4.4554,4.5464,163509,0
TOR,D,20190220,000000,4.6191,4.6191,4.4645,4.6009,31475,0
TOR,D,20190221,000000,4.6009,4.6009,4.5464,4.5645,8407,0
TOR,D,20190222,000000,4.5827,4.6555,4.5645,4.6555,12189,0
TOR,D,20190225,000000,4.6555,4.7464,4.6373,4.71,12034,0
TOR,D,20190226,000000,4.7464,4.8192,4.7282,4.8192,10857,0
TOR,D,20190227,000000,4.9465,5.0011,4.892,4.9101,30924,0
TOR,D,20190228,000000,5.0011,5.2738,4.9647,5.2375,43269,0
TOR,D,20190301,000000,5.3102,5.4557,5.0011,5.0011,92868,0
TOR,D,20190304,000000,5.0374,5.1102,5.0011,5.1102,42901,0
TOR,D,20190305,000000,5.0556,5.3466,5.0374,5.3284,25072,0
TOR,D,20190306,000000,5.3284,5.3466,5.2011,5.3466,17804,0
TOR,D,20190307,000000,5.3648,5.4557,5.3284,5.4375,108492,0
TOR,D,20190308,000000,5.4375,5.4557,5.2193,5.3648,54386,0
TOR,D,20190311,000000,5.7285,5.9103,5.5466,5.6012,305545,0
TOR,D,20190312,000000,5.6012,5.6375,5.4921,5.5284,141205,0
TOR,D,20190313,000000,5.5648,5.8557,5.4921,5.6375,112936,0
TOR,D,20190314,000000,5.6375,5.8557,5.4739,5.5102,66501,0
TOR,D,20190315,000000,5.5466,5.7103,5.292,5.4739,64212,0
TOR,D,20190318,000000,5.5466,5.8557,5.5284,5.8194,169966,0
TOR,D,20190319,000000,5.9467,6.274,5.8194,5.8194,232209,0
TOR,D,20190320,000000,5.9467,6.2376,5.9467,6.1831,124981,0
TOR,D,20190321,000000,6.2376,6.3104,6.1831,6.274,67530,0
TOR,D,20190322,000000,6.3285,6.3285,6.0194,6.2376,66325,0
TOR,D,20190325,000000,6.1467,6.1831,5.6557,6.1831,51287,0
TOR,D,20190326,000000,6.2558,6.3831,6.1831,6.3467,56415,0
TOR,D,20190327,000000,6.3467,6.3649,6.2558,6.3285,27786,0
TOR,D,20190328,000000,6.3649,6.4558,6.274,6.3649,53946,0
TOR,D,20190329,000000,6.4377,6.4377,6.1467,6.3467,61006,0
TOR,D,20190401,000000,6.4195,6.5104,6.0921,6.5104,59497,0
TOR,D,20190402,000000,6.5468,6.6923,6.5286,6.6741,79499,0
TOR,D,20190403,000000,6.8014,6.8742,6.6377,6.7833,57813,0
TOR,D,20190404,000000,6.8196,6.8196,6.7105,6.8014,33728,0
TOR,D,20190405,000000,6.8196,6.8196,6.6377,6.8014,40724,0
TOR,D,20190408,000000,6.6377,6.8014,6.6377,6.7833,18979,0
TOR,D,20190409,000000,6.7833,6.7833,6.6195,6.7469,26827,0
TOR,D,20190410,000000,6.7469,6.7469,6.4195,6.4377,57808,0
TOR,D,20190411,000000,6.474,6.6195,6.2013,6.5468,57082,0
TOR,D,20190412,000000,6.5468,6.7833,6.4558,6.7651,35083,0
TOR,D,20190415,000000,6.7651,6.8196,6.6923,6.7287,15041,0
TOR,D,20190416,000000,6.6923,6.7833,6.5104,6.6013,19285,0
TOR,D,20190417,000000,6.5104,6.7105,6.5104,6.6377,8127,0
TOR,D,20190418,000000,6.5104,6.6377,6.4195,6.5286,19922,0
TOR,D,20190423,000000,6.4377,6.5831,6.274,6.3649,31710,0
TOR,D,20190424,000000,6.474,6.474,6.2013,6.2013,19324,0
TOR,D,20190425,000000,6.274,6.3467,6.0012,6.1649,32029,0
TOR,D,20190426,000000,6.0012,6.0558,5.8012,5.8012,47324,0
TOR,D,20190429,000000,5.7648,6.2013,5.7648,6.1831,35344,0
TOR,D,20190430,000000,6.2558,6.4558,6.2013,6.3649,118630,0
TOR,D,20190502,000000,6.4195,6.4377,6.2376,6.4013,15931,0
TOR,D,20190506,000000,6.4013,6.5286,6.274,6.4377,19917,0
TOR,D,20190507,000000,6.4377,6.4558,6.0194,6.2558,6005,0
TOR,D,20190508,000000,6.3285,6.3649,6.0921,6.274,12937,0
TOR,D,20190509,000000,6.3285,6.3285,6.0921,6.1831,11133,0
TOR,D,20190510,000000,6.2376,6.4377,6.0376,6.2922,26466,0
TOR,D,20190513,000000,6.2013,6.4558,6.2013,6.2194,12682,0
TOR,D,20190514,000000,6.2194,6.2922,6.2194,6.2922,11782,0
TOR,D,20190515,000000,6.3285,6.5104,6.3285,6.3285,31049,0
TOR,D,20190516,000000,6.4922,6.4922,6.3467,6.4195,37864,0
TOR,D,20190517,000000,6.4195,6.474,6.274,6.3649,9025,0
TOR,D,20190520,000000,6.5649,6.6195,6.3831,6.4558,32596,0
TOR,D,20190521,000000,6.5286,6.5286,6.1831,6.274,28743,0
TOR,D,20190522,000000,6.3649,6.3649,6.1831,6.1831,7950,0
TOR,D,20190523,000000,6.1831,6.274,6.0376,6.0376,14831,0
TOR,D,20190524,000000,6.0194,6.2194,5.9103,6.1285,38682,0
TOR,D,20190527,000000,6.2194,6.2194,6.0921,6.0921,3533,0
TOR,D,20190528,000000,6.1285,6.1831,5.9285,6.1467,23781,0
TOR,D,20190529,000000,6.2013,6.3649,6.1285,6.2558,16098,0
TOR,D,20190530,000000,6.2376,6.2558,6.1103,6.2376,10839,0
TOR,D,20190531,000000,6.2558,6.2558,6.1467,6.2376,2801,0
TOR,D,20190603,000000,6.2376,6.3649,6.2376,6.3285,6007,0
TOR,D,20190604,000000,6.274,6.3649,6.274,6.274,9857,0
TOR,D,20190605,000000,6.274,6.3285,6.1831,6.274,53770,0
TOR,D,20190606,000000,6.3467,6.3831,6.3285,6.3649,18316,0
TOR,D,20190607,000000,6.4013,6.6013,6.3649,6.4195,36637,0
TOR,D,20190610,000000,6.5104,6.7105,6.4922,6.7105,42847,0
TOR,D,20190611,000000,6.7105,7.147,6.7105,6.9651,98938,0
TOR,D,20190612,000000,6.9651,7.0015,6.5831,6.6741,50193,0
TOR,D,20190613,000000,6.8014,6.9287,6.6195,6.7287,21618,0
TOR,D,20190614,000000,6.856,6.856,6.5649,6.6377,7390,0
TOR,D,20190617,000000,6.6923,6.6923,6.5104,6.5468,24421,0
TOR,D,20190618,000000,6.5468,6.6741,6.5468,6.6741,1178,0
TOR,D,20190619,000000,6.6923,6.6923,6.5831,6.5831,3140,0
TOR,D,20190621,000000,6.6741,6.6923,6.5649,6.6195,6838,0
TOR,D,20190624,000000,6.6923,6.9833,6.6923,6.9469,44227,0
TOR,D,20190625,000000,7.0015,7.1651,6.9833,7.1651,45845,0
TOR,D,20190626,000000,7.1651,7.1651,6.9287,7.056,18380,0
TOR,D,20190627,000000,7.0378,7.1833,7.0378,7.1833,21821,0
TOR,D,20190628,000000,7.1651,7.2561,7.147,7.147,11511,0
TOR,D,20190701,000000,7.147,7.2197,6.5104,7.056,105812,0
TOR,D,20190702,000000,6.8196,7.1106,6.8196,7.0197,20761,0
TOR,D,20190703,000000,7.0015,7.056,6.8742,7.0015,8424,0
TOR,D,20190704,000000,7.0015,7.0924,6.9106,7.0924,9932,0
TOR,D,20190705,000000,6.9651,7.1833,6.9651,7.0924,18866,0
TOR,D,20190708,000000,7.0742,7.1833,7.0378,7.1651,15008,0
TOR,D,20190709,000000,7.1651,7.1651,6.9287,6.9651,25968,0
TOR,D,20190710,000000,7.0924,7.0924,6.9106,6.9469,8570,0
TOR,D,20190711,000000,6.9651,7.0378,6.9651,7.0378,8291,0
TOR,D,20190712,000000,7.0378,7.0742,6.8742,7.0742,23702,0
TOR,D,20190715,000000,7.0378,7.0378,6.8742,6.8924,34924,0
TOR,D,20190716,000000,6.8924,6.9469,6.856,6.9106,6079,0
TOR,D,20190717,000000,6.8924,6.9469,6.8196,6.8196,35587,0
TOR,D,20190718,000000,6.8014,6.856,6.6195,6.6741,12147,0
TOR,D,20190719,000000,6.6377,6.7651,6.474,6.7287,34771,0
TOR,D,20190722,000000,6.7287,6.7287,6.5831,6.5831,3978,0
TOR,D,20190723,000000,6.6195,6.6195,6.4013,6.4195,35436,0
TOR,D,20190724,000000,6.3831,6.5831,6.3831,6.4922,10046,0
TOR,D,20190725,000000,6.5649,6.7833,6.4922,6.7833,14954,0
TOR,D,20190726,000000,6.7833,6.856,6.7105,6.8014,8849,0
TOR,D,20190729,000000,6.8014,7.2561,6.7469,7.0924,50941,0
TOR,D,20190730,000000,7.2425,7.3738,7.1487,7.2049,17776,0
TOR,D,20190731,000000,7.0361,7.3175,7.0361,7.2237,19676,0
TOR,D,20190801,000000,7.2049,7.2425,7.0924,7.2237,10282,0
TOR,D,20190802,000000,7.1862,7.1862,7.1111,7.1487,10139,0
TOR,D,20190805,000000,7.1674,7.1674,7.0548,7.0548,11587,0
TOR,D,20190806,000000,6.9235,7.1299,6.9235,7.1299,5546,0
TOR,D,20190807,000000,7.1299,7.28,7.0361,7.0361,27656,0
TOR,D,20190808,000000,7.28,7.28,6.9423,6.9423,20780,0
TOR,D,20190809,000000,7.1862,7.1862,6.961,7.0173,2519,0
TOR,D,20190812,000000,6.961,7.0361,6.961,6.961,7959,0
TOR,D,20190813,000000,6.9798,7.0173,6.9235,7.0173,8563,0
TOR,D,20190814,000000,7.0173,7.0361,6.9798,6.9986,16707,0
TOR,D,20190816,000000,7.1299,7.1299,6.9986,7.0173,5787,0
TOR,D,20190819,000000,7.0924,7.0924,6.9235,6.9423,3843,0
TOR,D,20190820,000000,7.1299,7.1299,6.9423,7.0361,656,0
TOR,D,20190821,000000,7.0361,7.0361,6.9235,6.9986,4848,0
TOR,D,20190822,000000,7.0361,7.0361,6.8109,6.8485,28883,0
TOR,D,20190823,000000,6.8485,6.8485,6.6796,6.7171,64534,0
TOR,D,20190826,000000,6.7171,6.7922,6.6421,6.6796,19708,0
TOR,D,20190827,000000,6.8485,6.8485,6.4169,6.6796,12829,0
TOR,D,20190828,000000,6.6045,6.8297,6.5858,6.7171,11282,0
TOR,D,20190829,000000,6.7922,6.7922,6.6984,6.7922,4327,0
TOR,D,20190830,000000,6.7922,7.1862,6.6608,7.1862,47947,0
TOR,D,20190902,000000,7.2988,7.4676,7.1487,7.3926,46960,0
TOR,D,20190903,000000,7.4301,7.5052,7.2988,7.3551,34060,0
TOR,D,20190904,000000,7.4489,7.4489,7.3551,7.4489,2369,0
TOR,D,20190905,000000,7.4489,7.4489,7.3551,7.3926,2636,0
TOR,D,20190906,000000,7.4489,7.4489,7.3551,7.4113,11464,0
TOR,D,20190909,000000,7.4489,7.4489,6.8109,7.0173,64023,0
TOR,D,20190910,000000,6.9423,7.3175,6.9235,6.9798,30802,0
TOR,D,20190911,000000,7.0924,7.0924,6.9235,6.9235,6370,0
TOR,D,20190912,000000,6.9235,6.9235,6.8485,6.8672,7038,0
TOR,D,20190913,000000,6.9047,6.9798,6.8485,6.9798,14427,0
TOR,D,20190916,000000,6.9986,6.9986,6.8485,6.9986,7578,0
TOR,D,20190917,000000,6.9798,6.9798,6.8672,6.9423,1348,0
TOR,D,20190918,000000,6.9423,6.9423,6.7734,6.9047,6497,0
TOR,D,20190919,000000,6.8485,7.2049,6.7734,6.8109,31737,0
TOR,D,20190920,000000,6.7922,6.8297,6.7359,6.7546,16674,0
TOR,D,20190923,000000,6.7546,6.7546,6.6608,6.6984,25700,0
TOR,D,20190924,000000,6.6984,6.6984,6.6421,6.6984,7704,0
TOR,D,20190925,000000,6.7922,6.7922,6.6045,6.6045,13361,0
TOR,D,20190926,000000,6.7359,6.7359,6.4544,6.567,25104,0
TOR,D,20190927,000000,6.567,6.6421,6.3794,6.5482,23731,0
TOR,D,20190930,000000,6.6608,6.6608,6.4169,6.4732,12669,0
TOR,D,20191001,000000,6.5295,6.567,6.3981,6.4544,6181,0
TOR,D,20191002,000000,6.5482,6.5482,6.1918,6.3231,21083,0
TOR,D,20191003,000000,6.3043,6.5295,6.1542,6.5295,8405,0
TOR,D,20191004,000000,6.5107,6.5107,6.2105,6.3794,16464,0
TOR,D,20191007,000000,6.2856,6.3981,6.2668,6.2856,8111,0
TOR,D,20191008,000000,6.2105,6.4732,6.2105,6.2293,8873,0
TOR,D,20191009,000000,6.1918,6.4169,6.1542,6.2293,20262,0
TOR,D,20191010,000000,6.3231,6.3981,6.2856,6.3043,13428,0
TOR,D,20191011,000000,6.4169,6.4169,6.1918,6.1918,25739,0
TOR,D,20191014,000000,6.2668,6.2668,6.2105,6.2668,1184,0
TOR,D,20191015,000000,6.2668,6.2856,6.1918,6.2668,4475,0
TOR,D,20191016,000000,6.2668,6.2856,6.1918,6.2668,4537,0
TOR,D,20191017,000000,6.2668,6.2668,6.248,6.2668,1439,0
TOR,D,20191018,000000,6.2668,6.2668,6.1918,6.2293,5257,0
TOR,D,20191021,000000,6.2105,6.2668,6.173,6.173,9914,0
TOR,D,20191022,000000,6.1918,6.1918,5.9478,6.0416,19032,0
TOR,D,20191023,000000,6.0979,6.1542,5.6476,5.9103,83386,0
TOR,D,20191024,000000,5.9854,5.9854,5.7227,5.779,16655,0
TOR,D,20191025,000000,5.779,5.8165,5.7227,5.7602,17173,0
TOR,D,20191028,000000,5.779,5.779,5.3662,5.5163,136857,0
TOR,D,20191029,000000,5.5163,5.5163,5.2724,5.3099,26308,0
TOR,D,20191030,000000,5.2911,6.4732,5.2911,6.4544,94148,0
TOR,D,20191031,000000,6.492,6.5107,6.248,6.3606,52367,0
TOR,D,20191104,000000,6.3794,6.5295,6.3043,6.5295,23017,0
TOR,D,20191105,000000,6.5295,6.5858,6.4169,6.4169,9591,0
TOR,D,20191106,000000,6.5107,6.5107,5.8728,5.8728,15066,0
TOR,D,20191107,000000,6.0229,6.2105,6.0229,6.2105,11678,0
TOR,D,20191108,000000,6.2105,6.3043,6.0979,6.3043,16524,0
TOR,D,20191112,000000,6.3419,6.4357,6.173,6.173,13557,0
TOR,D,20191113,000000,6.2293,6.2856,6.1918,6.1918,1427,0
TOR,D,20191114,000000,6.2668,6.2856,6.1918,6.2856,2341,0
TOR,D,20191115,000000,6.2856,6.4544,6.1918,6.4544,5996,0
TOR,D,20191118,000000,6.5482,6.6045,6.5482,6.6045,9187,0
TOR,D,20191119,000000,6.6233,6.7546,6.2856,6.2856,28149,0
TOR,D,20191120,000000,6.4169,6.4169,6.1918,6.2293,7298,0
TOR,D,20191121,000000,6.2105,6.6984,6.2105,6.6796,14473,0
TOR,D,20191122,000000,6.492,6.7359,6.4732,6.6421,12994,0
TOR,D,20191125,000000,6.7546,6.8109,6.3794,6.4732,25943,0
TOR,D,20191126,000000,6.4732,6.6233,6.4732,6.6045,11974,0
TOR,D,20191127,000000,6.6233,6.6233,6.567,6.567,645,0
TOR,D,20191128,000000,6.567,6.5858,6.3794,6.5858,8524,0
TOR,D,20191129,000000,6.5858,6.6045,6.492,6.6045,2943,0
TOR,D,20191202,000000,6.6421,6.6421,6.3794,6.4732,6381,0
TOR,D,20191203,000000,6.567,6.567,6.4544,6.4544,1404,0
TOR,D,20191204,000000,6.4732,6.5858,6.4544,6.567,2605,0
TOR,D,20191205,000000,6.567,6.5858,6.4169,6.5482,17354,0
TOR,D,20191206,000000,6.567,6.567,6.4169,6.5482,2256,0
TOR,D,20191209,000000,6.5482,6.5482,6.4732,6.5295,625,0
TOR,D,20191210,000000,6.567,6.567,6.4732,6.4732,3251,0
TOR,D,20191211,000000,6.4732,6.4732,6.3794,6.4357,14045,0
TOR,D,20191212,000000,6.4357,6.5295,6.3419,6.3794,35670,0
TOR,D,20191213,000000,6.3794,6.4357,6.248,6.2668,73016,0
TOR,D,20191216,000000,6.2856,6.2856,6.1542,6.173,22781,0
TOR,D,20191217,000000,6.1167,6.1167,6.0041,6.0041,14683,0
TOR,D,20191218,000000,6.0041,6.0041,5.8915,5.8915,9946,0
TOR,D,20191219,000000,5.854,6.1542,5.7977,6.0416,37004,0
TOR,D,20191220,000000,5.9478,6.173,5.9478,6.0792,44992,0
TOR,D,20191223,000000,6.0041,6.2668,6.0041,6.2668,6433,0
TOR,D,20191227,000000,6.2856,6.4544,6.2856,6.4169,22188,0
TOR,D,20191230,000000,6.4732,6.4732,6.3606,6.4732,4498,0
TOR,D,20200102,000000,6.4732,6.492,6.3231,6.4169,19524,0
TOR,D,20200103,000000,6.4357,6.4357,6.248,6.2856,15265,0
TOR,D,20200107,000000,6.3231,6.6421,6.3231,6.5295,16174,0
TOR,D,20200108,000000,6.5482,6.5482,6.4169,6.4544,18624,0
TOR,D,20200109,000000,6.4732,6.4732,6.3981,6.4732,12209,0
TOR,D,20200110,000000,6.5295,6.5295,6.4732,6.5295,14256,0
TOR,D,20200113,000000,6.5295,6.5482,6.4357,6.5107,15111,0
TOR,D,20200114,000000,6.567,6.567,6.3794,6.4544,12624,0
TOR,D,20200115,000000,6.4544,6.6045,6.4544,6.5482,108443,0
TOR,D,20200116,000000,6.6045,6.6045,6.567,6.567,11727,0
TOR,D,20200117,000000,6.6045,6.6984,6.4544,6.5482,54478,0
TOR,D,20200120,000000,6.5107,6.567,6.4732,6.567,38977,0
TOR,D,20200121,000000,6.567,6.567,6.4732,6.5482,20824,0
TOR,D,20200122,000000,6.6233,6.6421,6.5107,6.6421,5770,0
TOR,D,20200123,000000,6.6421,7.0361,6.6233,6.8485,167855,0
TOR,D,20200124,000000,6.9798,7.3363,6.9423,7.2612,72770,0
TOR,D,20200127,000000,7.2612,7.3926,7.0548,7.2049,63532,0
TOR,D,20200128,000000,7.2049,7.28,7.0361,7.28,10091,0
TOR,D,20200129,000000,7.2237,7.3363,7.1299,7.3175,9935,0
TOR,D,20200130,000000,7.2237,7.3175,7.0924,7.1299,10667,0
TOR,D,20200131,000000,7.1862,7.2237,6.9423,7.2237,9224,0
TOR,D,20200203,000000,7.1862,7.1862,6.9235,7.0736,21540,0
TOR,D,20200204,000000,7.0736,7.2612,7.0173,7.2612,17354,0
TOR,D,20200205,000000,7.2425,7.7491,7.2425,7.7491,100034,0
TOR,D,20200206,000000,7.7866,7.9367,7.7303,7.8616,45246,0
TOR,D,20200207,000000,7.8804,7.8804,7.6553,7.8054,16808,0
TOR,D,20200210,000000,7.8804,8.2557,7.7303,7.9742,72803,0
TOR,D,20200211,000000,7.993,8.0493,7.9555,7.9555,6664,0
TOR,D,20200212,000000,7.9742,7.9742,7.599,7.7303,24922,0
TOR,D,20200213,000000,7.7866,8.0493,7.7866,7.9742,47806,0
TOR,D,20200214,000000,7.8804,7.9555,7.599,7.8804,49172,0
TOR,D,20200217,000000,7.8804,8.3682,7.8804,8.3495,43846,0
TOR,D,20200218,000000,8.4433,8.4808,8.2369,8.2932,61003,0
TOR,D,20200219,000000,8.2932,8.3682,8.068,8.3307,47138,0
TOR,D,20200220,000000,8.312,8.3682,7.9742,8.068,31409,0
TOR,D,20200221,000000,8.068,8.2744,7.9742,8.2369,5225,0
TOR,D,20200224,000000,7.9742,8.068,7.4489,7.5052,89679,0
TOR,D,20200225,000000,7.3551,7.3738,6.8485,7.28,148175,0
TOR,D,20200226,000000,7.0361,7.6928,6.8672,7.599,86240,0
TOR,D,20200227,000000,7.4864,7.5427,6.8485,6.8485,77411,0
TOR,D,20200228,000000,6.8109,6.9235,6.2105,6.4732,155458,0
TOR,D,20200302,000000,6.8109,7.2049,6.567,7.0361,46427,0
TOR,D,20200303,000000,7.1299,7.2988,7.0548,7.1487,47883,0
TOR,D,20200304,000000,7.1299,7.3363,7.0361,7.3175,63231,0
TOR,D,20200305,000000,7.4113,7.5052,7.0361,7.0361,37237,0
TOR,D,20200306,000000,6.9423,7.1862,6.7546,7.1862,39336,0
TOR,D,20200309,000000,7.0361,7.0361,5.7227,6.0041,149319,0
TOR,D,20200310,000000,6.2105,6.3606,5.854,6.1355,45767,0
TOR,D,20200311,000000,6.1542,6.1542,5.2724,5.5726,94895,0
TOR,D,20200312,000000,4.8971,5.066,4.5219,4.6907,136698,0
TOR,D,20200313,000000,4.8784,5.3287,4.6907,4.9909,158140,0
TOR,D,20200316,000000,4.6907,4.9722,4.4093,4.9159,110220,0
TOR,D,20200317,000000,4.8784,5.1598,4.6532,5.1598,214559,0
TOR,D,20200318,000000,5.066,5.4225,4.9909,5.1035,73747,0
TOR,D,20200319,000000,5.1598,5.3662,5.066,5.3474,28447,0
TOR,D,20200320,000000,5.4412,5.6101,5.0847,5.0847,79901,0
TOR,D,20200323,000000,5.0472,5.0472,4.8596,4.9722,62755,0
TOR,D,20200324,000000,4.9722,5.4225,4.9722,5.2911,41160,0
TOR,D,20200325,000000,5.46,5.5351,5.0847,5.3287,27076,0
TOR,D,20200326,000000,5.4412,5.5351,5.3474,5.5163,16488,0
TOR,D,20200327,000000,5.5163,5.5538,5.3474,5.4975,34868,0
TOR,D,20200330,000000,5.5351,5.6101,5.3287,5.46,14163,0
TOR,D,20200331,000000,5.5913,5.6101,5.5163,5.6101,28522,0
TOR,D,20200401,000000,5.6289,6.2856,5.5351,5.9103,35870,0
TOR,D,20200402,000000,5.9666,6.1355,5.854,6.0979,42681,0
TOR,D,20200403,000000,6.3231,6.4732,6.2668,6.3794,35020,0
TOR,D,20200406,000000,6.3794,6.5295,6.1167,6.4732,19484,0
TOR,D,20200407,000000,6.5858,6.6608,6.2293,6.2293,27319,0
TOR,D,20200408,000000,6.3419,6.3419,5.8165,6.0792,28965,0
TOR,D,20200409,000000,6.0979,6.3794,5.8353,6.2293,45446,0
TOR,D,20200414,000000,6.2668,6.5295,6.2668,6.4732,38696,0
TOR,D,20200415,000000,6.6608,6.6608,6.4357,6.4732,44297,0
TOR,D,20200416,000000,6.492,6.8297,6.492,6.8297,42631,0
TOR,D,20200417,000000,6.9986,7.28,6.8485,7.1674,45181,0
TOR,D,20200420,000000,7.2988,7.4676,7.1487,7.2612,44456,0
TOR,D,20200421,000000,7.1862,7.1862,6.6045,6.886,49719,0
TOR,D,20200422,000000,6.9986,7.0361,6.6796,7.0361,46324,0
TOR,D,20200423,000000,7.0361,7.1299,7.0361,7.1299,31716,0
TOR,D,20200424,000000,7.1299,7.2612,6.9798,7.2237,10217,0
TOR,D,20200427,000000,7.2237,7.2237,7.0548,7.1862,11944,0
TOR,D,20200428,000000,7.2237,7.28,7.1299,7.2425,5653,0
TOR,D,20200429,000000,7.2612,7.2612,7.1299,7.2612,12706,0
TOR,D,20200430,000000,7.28,7.2988,7.0548,7.2425,26532,0
TOR,D,20200504,000000,7.3175,7.3175,6.8485,7.0361,35059,0
TOR,D,20200505,000000,7.0361,7.2237,7.0361,7.1487,5325,0
TOR,D,20200506,000000,7.2049,7.2049,7.0548,7.1111,8110,0
TOR,D,20200507,000000,7.0736,7.5802,7.0736,7.5239,26957,0
TOR,D,20200508,000000,7.5614,7.6928,7.4113,7.4864,25320,0
TOR,D,20200511,000000,7.5052,7.6365,7.4864,7.6177,31020,0
TOR,D,20200512,000000,7.6365,7.9555,7.5052,7.9367,43620,0
TOR,D,20200513,000000,7.9179,8.1243,7.7866,8.1243,41124,0
TOR,D,20200514,000000,7.9555,7.9555,7.8054,7.9555,34933,0
TOR,D,20200515,000000,8.1243,8.312,8.068,8.312,66027,0
TOR,D,20200518,000000,8.312,8.4245,8.1806,8.3495,37705,0
TOR,D,20200519,000000,8.387,9.1,8.2557,9.1,131525,0
TOR,D,20200520,000000,9.1751,9.1938,8.781,9.0249,29838,0
TOR,D,20200521,000000,9.3252,9.3627,9.1,9.2689,141976,0
TOR,D,20200522,000000,9.2689,9.2876,9.1938,9.2501,24473,0
TOR,D,20200525,000000,9.569,10.226,9.569,10.038,139130,0
TOR,D,20200526,000000,10.132,10.601,9.991,10.32,92905,0
TOR,D,20200527,000000,10.32,10.32,9.851,10.038,59495,0
TOR,D,20200528,000000,10.038,10.226,9.663,10.038,47740,0
TOR,D,20200529,000000,10.038,10.226,9.897,9.897,41374,0
TOR,D,20200601,000000,10.132,10.32,9.991,10.085,41858,0
TOR,D,20200602,000000,10.226,10.836,10.226,10.742,112494,0
TOR,D,20200603,000000,11.117,11.727,10.507,10.742,212857,0
TOR,D,20200604,000000,10.836,10.836,10.32,10.46,63431,0
TOR,D,20200605,000000,10.742,10.742,10.038,10.554,79599,0
TOR,D,20200608,000000,10.695,10.789,10.413,10.648,27279,0
TOR,D,20200609,000000,10.695,10.695,10.226,10.46,121698,0
TOR,D,20200610,000000,10.413,10.648,10.32,10.648,12428,0
TOR,D,20200612,000000,9.851,10.507,9.4753,10.46,70713,0
TOR,D,20200615,000000,10.32,10.366,10.038,10.226,37004,0
TOR,D,20200616,000000,10.46,11.023,10.366,10.976,53998,0
TOR,D,20200617,000000,10.929,11.539,10.929,11.445,92331,0
TOR,D,20200618,000000,11.445,11.633,11.305,11.586,52705,0
TOR,D,20200619,000000,11.68,12.337,11.586,12.243,243019,0
TOR,D,20200622,000000,12.29,12.853,11.868,12.853,103538,0
TOR,D,20200623,000000,12.899,12.946,12.712,12.853,42291,0
TOR,D,20200624,000000,12.853,13.04,12.759,12.899,82616,0
TOR,D,20200625,000000,12.806,12.806,12.524,12.712,306453,0
TOR,D,20200626,000000,12.806,13.04,12.524,12.571,63025,0
TOR,D,20200629,000000,12.618,12.993,12.524,12.665,22961,0
TOR,D,20200630,000000,12.759,12.853,12.196,12.337,36073,0
TOR,D,20200701,000000,12.29,12.853,12.196,12.806,19380,0
TOR,D,20200702,000000,12.899,12.993,12.665,12.712,27925,0
TOR,D,20200703,000000,12.899,12.899,12.524,12.759,16855,0
TOR,D,20200706,000000,12.853,12.853,12.524,12.759,35725,0
TOR,D,20200707,000000,12.665,12.759,12.477,12.571,46544,0
TOR,D,20200708,000000,12.571,12.571,12.196,12.384,56653,0
TOR,D,20200709,000000,12.571,12.665,12.384,12.665,28725,0
TOR,D,20200710,000000,12.853,12.899,12.524,12.759,29535,0
TOR,D,20200713,000000,12.899,12.993,12.853,12.993,26948,0
TOR,D,20200714,000000,12.899,13.885,12.899,13.885,127968,0
TOR,D,20200715,000000,13.978,14.916,13.978,14.541,101611,0
TOR,D,20200716,000000,14.588,14.823,13.838,14.494,104326,0
TOR,D,20200717,000000,14.494,14.916,14.447,14.635,36676,0
TOR,D,20200720,000000,14.635,14.635,13.885,14.072,72599,0
TOR,D,20200721,000000,14.119,14.494,14.119,14.26,35849,0
TOR,D,20200722,000000,14.26,14.26,13.885,13.885,70907,0
TOR,D,20200723,000000,14.025,14.025,13.134,13.228,166062,0
TOR,D,20200724,000000,13.228,13.462,12.43,13.322,62170,0
TOR,D,20200727,000000,13.509,14.447,13.415,14.025,101743,0
TOR,D,20200728,000000,14.025,14.354,13.228,13.228,124781,0
TOR,D,20200729,000000,13.134,13.885,13.134,13.65,70418,0
TOR,D,20200730,000000,14,14,11.2,12.5,95283,0
TOR,D,20200731,000000,12.5,13.2,12.5,13.05,43268,0
TOR,D,20200803,000000,13.35,13.35,12.5,12.9,46848,0
TOR,D,20200804,000000,12.9,12.9,12.05,12.2,84714,0
TOR,D,20200805,000000,12.7,12.7,12.25,12.4,40354,0
TOR,D,20200806,000000,12.4,12.65,12.35,12.45,21717,0
TOR,D,20200807,000000,12.45,12.6,11.8,12.2,55653,0
TOR,D,20200810,000000,12.35,12.65,12.35,12.65,15345,0
TOR,D,20200811,000000,12.75,13.6,12.75,13.6,49989,0
TOR,D,20200812,000000,13.8,14.1,13.5,14.1,42802,0
TOR,D,20200813,000000,14.1,14.1,13.3,13.7,25392,0
TOR,D,20200814,000000,13.95,13.95,12.8,13.55,39789,0
TOR,D,20200817,000000,13.65,13.75,13.2,13.55,13818,0
TOR,D,20200818,000000,13.6,13.6,13.15,13.5,13028,0
TOR,D,20200819,000000,13.6,13.6,13.15,13.45,19388,0
TOR,D,20200820,000000,13.05,13.25,12.8,13.1,17370,0
TOR,D,20200821,000000,13.3,13.3,12.7,12.9,16028,0
